1403638130.795097113 -0.00114 0.02079 0.09540 0.80225 0.03843 0.58676 -0.10305
1403638130.895097017 -0.00436 0.02323 0.13931 0.80033 0.03668 0.58825 -0.10997
1403638130.995096922 -0.00920 0.02187 0.16510 0.79061 0.02860 0.60184 -0.10913
1403638131.095097065 -0.01418 0.02034 0.15549 0.78390 0.02388 0.61122 -0.10649
1403638131.195096970 -0.01915 0.02495 0.14194 0.79153 0.03371 0.60249 -0.09673
1403638131.295097113 -0.02196 0.02374 0.10785 0.80191 0.04806 0.58945 -0.08475
1403638131.395097017 -0.02347 0.02254 0.09832 0.80461 0.04927 0.58603 -0.08209
1403638131.495096922 -0.01990 0.02241 0.06950 0.80483 0.05017 0.58653 -0.07563
1403638131.595097065 -0.02509 0.02444 0.03567 0.80873 0.05192 0.58144 -0.07205
1403638131.695096970 -0.02880 0.02536 -0.00463 0.80999 0.05555 0.57983 -0.06805
1403638131.795097113 -0.02664 0.02372 -0.03139 0.81070 0.05972 0.57924 -0.06069
1403638131.895097017 -0.03747 0.02185 -0.07786 0.81185 0.06335 0.57816 -0.05117
1403638131.995096922 -0.04612 0.02979 -0.11680 0.81325 0.06923 0.57612 -0.04376
1403638132.095097065 -0.04001 0.02943 -0.13216 0.81842 0.08550 0.56720 -0.03419
1403638132.195096970 -0.04512 0.03377 -0.12343 0.81859 0.09202 0.56597 -0.03348
1403638132.295097113 -0.04740 0.03343 -0.08885 0.81083 0.08429 0.57728 -0.04690
1403638132.395097017 -0.05641 0.03569 -0.04186 0.80650 0.07878 0.58288 -0.06012
1403638132.495096922 -0.05501 0.03514 0.00640 0.79869 0.06759 0.59247 -0.08065
1403638132.595097065 -0.05641 0.03632 0.05560 0.78543 0.05228 0.60853 -0.10026
1403638132.695096970 -0.05492 0.04099 0.09265 0.78596 0.04804 0.60705 -0.10700
1403638132.795097113 -0.05128 0.05057 0.11733 0.79197 0.04630 0.59902 -0.10867
1403638132.895097017 -0.06106 0.05935 0.12587 0.78494 0.03716 0.60775 -0.11463
1403638132.995096922 -0.05646 0.05722 0.12354 0.77884 0.03591 0.61426 -0.12167
1403638133.095097065 -0.04578 0.04907 0.11095 0.78366 0.05012 0.60901 -0.11166
1403638133.195096970 -0.04774 0.02836 0.08320 0.78803 0.05185 0.60526 -0.09990
1403638133.295097113 -0.03753 -0.00107 0.06258 0.79066 0.04176 0.60498 -0.08427
1403638133.395097017 -0.03116 -0.03940 0.03978 0.79764 0.03480 0.59848 -0.06618
1403638133.495096922 -0.02846 -0.08713 0.01878 0.80205 0.02115 0.59506 -0.04655
1403638133.595097065 -0.03049 -0.13549 0.00194 0.80520 -0.00097 0.59175 -0.03853
1403638133.695096970 -0.03849 -0.18010 -0.01390 0.80986 -0.01823 0.58518 -0.03691
1403638133.795097113 -0.04931 -0.22210 -0.02870 0.81268 -0.03186 0.58138 -0.02302
1403638133.895097017 -0.05382 -0.25221 -0.04371 0.81562 -0.03952 0.57719 -0.00671
1403638133.995096922 -0.04181 -0.26176 -0.04949 0.81548 -0.04614 0.57694 0.00122
1403638134.095097065 -0.02375 -0.24921 -0.05195 0.81842 -0.04146 0.57310 0.00512
1403638134.195096970 0.00133 -0.22406 -0.04943 0.81979 -0.03557 0.57150 0.00860
1403638134.295097113 0.02795 -0.18974 -0.04300 0.81100 -0.04383 0.58339 0.00413
1403638134.395097017 0.06053 -0.14300 -0.03994 0.81297 -0.04925 0.58021 -0.00370
1403638134.495096922 0.08938 -0.09925 -0.03810 0.81466 -0.05308 0.57741 -0.01068
1403638134.595097065 0.10635 -0.05368 -0.03461 0.81335 -0.05853 0.57845 -0.02077
1403638134.695096970 0.11788 -0.00845 -0.02960 0.81705 -0.05735 0.57315 -0.02545
1403638134.795097113 0.12187 0.03951 -0.02352 0.82387 -0.05165 0.56378 -0.02702
1403638134.895097017 0.13551 0.08220 -0.01792 0.82613 -0.04746 0.56095 -0.02432
1403638134.995096922 0.13881 0.11926 -0.01202 0.82239 -0.04828 0.56631 -0.02512
1403638135.145097017 0.13207 0.16276 -0.01280 0.82831 -0.03594 0.55873 -0.02077
1403638135.345097065 0.11474 0.16986 -0.02973 0.83024 -0.03141 0.55628 -0.01611
1403638135.445096970 0.11243 0.15530 -0.04146 0.83022 -0.03252 0.55641 -0.00861
1403638135.795097113 0.06137 0.04287 -0.04655 0.82978 -0.05499 0.55534 0.00633
1403638135.895097017 0.05826 0.01156 -0.05967 0.83506 -0.04966 0.54769 0.01561
1403638135.995096922 0.04350 -0.01962 -0.05440 0.84014 -0.04506 0.53979 0.02745
1403638136.395097017 -0.02832 -0.17881 -0.02839 0.82299 -0.07104 0.56149 0.04856
1403638136.545097113 -0.04256 -0.20289 -0.03856 0.82675 -0.07747 0.55489 0.05076
1403638136.645097017 -0.03939 -0.19398 -0.03326 0.82594 -0.08302 0.55628 0.03843
1403638136.945096970 -0.02653 -0.08694 -0.00374 0.81200 -0.08260 0.57727 -0.02416
1403638137.095097065 -0.01957 -0.02757 -0.03284 0.80795 -0.07700 0.58277 -0.04084
1403638137.195096970 -0.01790 0.00040 -0.06768 0.81530 -0.06303 0.57435 -0.03802
1403638137.295097113 -0.01973 0.02519 -0.10661 0.82334 -0.04843 0.56444 -0.03430
1403638137.695096970 -0.02990 0.07389 -0.24078 0.84427 -0.01956 0.53556 0.00187
1403638137.845097065 -0.03217 0.07356 -0.26833 0.84540 -0.02339 0.53359 0.00596
1403638137.945096970 -0.02818 0.07102 -0.28283 0.85340 -0.01518 0.52086 0.01347
1403638138.195096970 -0.02872 0.07823 -0.29207 0.84951 -0.01600 0.52717 0.01303
1403638138.345097065 -0.02864 0.07835 -0.29635 0.84380 -0.01891 0.53621 0.01070
1403638138.445096970 -0.03199 0.07974 -0.29751 0.84075 -0.01884 0.54100 0.01048
1403638138.745096922 -0.01361 0.07572 -0.29952 0.84048 -0.01877 0.54144 0.00903
1403638138.845097065 -0.01240 0.07244 -0.30085 0.84033 -0.01781 0.54172 0.00861
1403638138.995096922 -0.01176 0.07382 -0.30166 0.84013 -0.01864 0.54202 0.00716
1403638139.095097065 -0.01131 0.07393 -0.30243 0.84006 -0.01822 0.54213 0.00727
1403638139.345097065 -0.01027 0.07533 -0.30463 0.83986 -0.01839 0.54244 0.00685
1403638139.445096970 -0.00778 0.07698 -0.30506 0.83977 -0.01820 0.54260 0.00688
1403638139.545097113 -0.00659 0.07800 -0.30589 0.83971 -0.01812 0.54269 0.00692
1403638139.795097113 -0.00315 0.08078 -0.30715 0.83965 -0.01833 0.54277 0.00672
1403638139.895097017 -0.00165 0.08225 -0.30751 0.83960 -0.01833 0.54285 0.00679
1403638139.995096922 0.00007 0.08341 -0.30788 0.83959 -0.01832 0.54288 0.00675
1403638140.245096922 0.00185 0.08486 -0.30938 0.83953 -0.01845 0.54297 0.00662
1403638140.345097065 0.00244 0.08584 -0.31000 0.83951 -0.01851 0.54298 0.00658
1403638140.445096970 0.00303 0.08615 -0.31036 0.83947 -0.01851 0.54305 0.00660
1403638140.545097113 0.00125 0.08559 -0.31100 0.83944 -0.01854 0.54309 0.00652
1403638140.795097113 0.00336 0.08787 -0.31326 0.83935 -0.01868 0.54323 0.00645
1403638140.895097017 0.00527 0.08922 -0.31326 0.83934 -0.01873 0.54324 0.00643
1403638140.995096922 0.00704 0.08917 -0.31357 0.83933 -0.01872 0.54326 0.00639
1403638141.095097065 0.00846 0.08923 -0.31446 0.83927 -0.01871 0.54335 0.00634
1403638141.345097065 0.00960 0.09308 -0.31700 0.83917 -0.01879 0.54351 0.00622
1403638141.445096970 0.00726 0.09235 -0.31796 0.83916 -0.01882 0.54353 0.00612
1403638141.545097113 0.00599 0.09051 -0.31838 0.83913 -0.01880 0.54357 0.00604
1403638141.745096922 0.00571 0.09070 -0.32051 0.83906 -0.01885 0.54368 0.00593
1403638141.845097065 0.00567 0.09347 -0.32173 0.83905 -0.01883 0.54370 0.00588
1403638141.945096970 0.00908 0.09591 -0.32266 0.83903 -0.01889 0.54373 0.00592
1403638142.145097017 0.00739 0.09487 -0.32373 0.83895 -0.01877 0.54386 0.00563
1403638142.245096922 0.00379 0.09146 -0.32333 0.83895 -0.01913 0.54383 0.00592
1403638142.395097017 0.00290 0.09278 -0.32581 0.83888 -0.01920 0.54394 0.00608
1403638142.495096922 0.00464 0.09399 -0.32589 0.83892 -0.01911 0.54388 0.00568
1403638142.695096970 0.00049 0.09446 -0.32792 0.83886 -0.01857 0.54400 0.00518
1403638142.795097113 0.00599 0.09416 -0.32502 0.83892 -0.01885 0.54390 0.00556
1403638142.895097017 0.00912 0.09526 -0.32496 0.83893 -0.01875 0.54389 0.00550
1403638143.145097017 0.00181 0.09373 -0.32801 0.83882 -0.01856 0.54408 0.00522
1403638143.245096922 0.00199 0.09283 -0.32609 0.83882 -0.01844 0.54407 0.00508
1403638143.345097065 0.00327 0.09450 -0.32805 0.83881 -0.01837 0.54410 0.00513
1403638143.495096922 0.00323 0.09745 -0.33198 0.83876 -0.01859 0.54415 0.00518
1403638143.695096970 0.00384 0.09814 -0.33289 0.83878 -0.01880 0.54412 0.00520
1403638143.795097113 0.00435 0.09763 -0.33164 0.83878 -0.01874 0.54413 0.00505
1403638143.895097017 0.00265 0.09603 -0.33208 0.83876 -0.01880 0.54415 0.00501
1403638144.145097017 0.00142 0.09613 -0.33395 0.83874 -0.01881 0.54418 0.00513
1403638144.245096922 0.00699 0.10018 -0.33259 0.83872 -0.01882 0.54421 0.00502
1403638144.345097065 0.00573 0.09982 -0.33284 0.83869 -0.01878 0.54426 0.00487
1403638144.445096970 0.00236 0.10081 -0.33471 0.83865 -0.01882 0.54432 0.00485
1403638144.645097017 -0.00017 0.10092 -0.33579 0.83859 -0.01886 0.54441 0.00486
1403638144.745096922 0.00357 0.09899 -0.33453 0.83859 -0.01877 0.54441 0.00474
1403638144.845097065 0.00447 0.10064 -0.33772 0.83856 -0.01878 0.54446 0.00466
1403638145.095097065 -0.00261 0.10379 -0.34070 0.83850 -0.01890 0.54456 0.00476
1403638145.195096970 0.00168 0.10728 -0.33942 0.83850 -0.01897 0.54456 0.00469
1403638145.295097113 0.00354 0.10578 -0.33908 0.83853 -0.01899 0.54450 0.00465
1403638145.495096922 -0.00236 0.10368 -0.34129 0.83845 -0.01898 0.54463 0.00476
1403638145.595097065 0.00079 0.10699 -0.34234 0.83844 -0.01899 0.54464 0.00461
1403638145.695096970 0.00218 0.10759 -0.34235 0.83841 -0.01902 0.54468 0.00460
1403638145.795097113 -0.00045 0.10825 -0.34221 0.83843 -0.01894 0.54466 0.00463
1403638145.995096922 -0.00240 0.10814 -0.34340 0.83836 -0.01904 0.54476 0.00462
1403638146.095097065 0.00202 0.10748 -0.34292 0.83838 -0.01892 0.54474 0.00440
1403638146.245096922 0.00306 0.10469 -0.34207 0.83835 -0.01883 0.54479 0.00443
1403638146.345097065 0.00226 0.10890 -0.34638 0.83831 -0.01899 0.54484 0.00439
1403638146.545097113 -0.00620 0.11189 -0.34910 0.83827 -0.01905 0.54491 0.00465
1403638146.645097017 0.00080 0.11382 -0.34682 0.83829 -0.01907 0.54487 0.00460
1403638146.795097113 -0.00146 0.10879 -0.34722 0.83816 -0.01900 0.54507 0.00451
1403638146.895097017 -0.00122 0.10716 -0.34811 0.83818 -0.01884 0.54505 0.00453
1403638147.045097113 -0.00336 0.10896 -0.34698 0.83835 -0.01890 0.54479 0.00477
1403638147.195096970 -0.00563 0.10643 -0.34540 0.83851 -0.01868 0.54455 0.00462
1403638147.345097065 -0.01105 0.10843 -0.34771 0.83829 -0.01878 0.54489 0.00468
1403638147.445096970 -0.00568 0.11007 -0.34837 0.83824 -0.01893 0.54495 0.00456
1403638147.545097113 0.00055 0.10574 -0.34608 0.83784 -0.01905 0.54557 0.00434
1403638147.795097113 -0.00389 0.11245 -0.34451 0.83546 -0.01879 0.54921 0.00444
1403638147.895097017 0.00744 0.12120 -0.34218 0.82846 -0.02244 0.55955 0.00657
1403638147.995096922 -0.00788 0.08485 -0.34433 0.82169 -0.02342 0.56942 0.00614
1403638148.095097065 0.01123 0.10788 -0.30385 0.81695 -0.02312 0.57620 0.00726
1403638148.345097065 0.02284 0.08016 -0.19834 0.81300 -0.01489 0.58206 0.00472
1403638148.445096970 0.03955 0.07977 -0.13807 0.81446 -0.01157 0.58010 0.00416
1403638148.545097113 0.04581 0.07900 -0.11484 0.81919 -0.00836 0.57343 0.00552
1403638148.645097017 0.05345 0.08004 -0.11468 0.82327 -0.00587 0.56759 0.00527
1403638148.945096970 0.08791 0.08993 -0.11588 0.82720 -0.00185 0.56190 0.00095
1403638149.045097113 0.11381 0.09446 -0.08962 0.82410 -0.00039 0.56645 -0.00001
1403638149.145097017 0.13948 0.09568 -0.04945 0.82093 0.00088 0.57103 -0.00016
1403638149.245096922 0.15646 0.10269 -0.01939 0.81920 0.00060 0.57350 -0.00096
1403638149.445096970 0.19557 0.11927 0.03726 0.81718 -0.00068 0.57637 -0.00359
1403638149.545097113 0.21608 0.12616 0.06071 0.81658 0.00042 0.57723 -0.00234
1403638149.695096970 0.25906 0.14304 0.08262 0.81645 0.00608 0.57737 -0.00454
1403638149.795097113 0.27801 0.15540 0.08903 0.81644 0.01146 0.57727 -0.00778
1403638149.945096970 0.31283 0.17323 0.09956 0.81648 0.01698 0.57702 -0.01097
1403638150.245096922 0.38919 0.23106 0.09693 0.81588 0.03469 0.57715 0.00543
1403638150.345097065 0.41114 0.25557 0.07638 0.81882 0.03444 0.57298 0.00603
1403638150.445096970 0.44172 0.28959 0.06509 0.82495 0.03298 0.56424 -0.00165
1403638150.645097017 0.49121 0.36642 0.05657 0.83100 0.04016 0.55452 -0.01837
1403638150.945096970 0.60086 0.49968 0.09449 0.82395 0.06172 0.56247 -0.03046
1403638151.045097113 0.64667 0.54616 0.10517 0.82028 0.07074 0.56646 -0.03547
1403638151.145097017 0.68985 0.59646 0.10717 0.81622 0.08567 0.56978 -0.04234
1403638151.245096922 0.72898 0.64391 0.10220 0.81448 0.10375 0.56819 -0.05504
1403638151.645097017 0.87368 0.88979 0.09314 0.80288 0.17571 0.55878 -0.11081
1403638151.795097113 0.92517 0.98589 0.11870 0.80039 0.18993 0.55591 -0.11944
1403638151.995096922 0.99437 1.11989 0.17331 0.79968 0.19834 0.55340 -0.12219
1403638152.095097065 1.03281 1.18572 0.19867 0.80019 0.19896 0.55248 -0.12197
1403638152.445096970 1.15633 1.44515 0.23779 0.79998 0.20094 0.55404 -0.11272
1403638152.595097065 1.20683 1.57128 0.23117 0.80058 0.20039 0.55394 -0.10985
1403638152.795097113 1.27579 1.75466 0.21918 0.80090 0.20138 0.55053 -0.12220
1403638152.895097017 1.31190 1.85277 0.22787 0.79670 0.20689 0.55206 -0.13299
1403638153.095097065 1.37804 2.04383 0.26146 0.79205 0.22960 0.54504 -0.15123
1403638153.395097017 1.48297 2.33314 0.30679 0.78872 0.25781 0.53310 -0.16510
1403638153.545097113 1.53312 2.47750 0.32484 0.78168 0.28390 0.52935 -0.16781
1403638153.645097017 1.56477 2.57559 0.34189 0.77562 0.30202 0.52630 -0.17379
1403638153.795097113 1.61504 2.73173 0.37067 0.76523 0.32251 0.52269 -0.19287
1403638154.145097017 1.72857 3.13758 0.38862 0.74703 0.33888 0.52770 -0.22055
1403638154.295097113 1.76801 3.31278 0.38522 0.74034 0.34028 0.53548 -0.22217
1403638154.495096922 1.81841 3.55067 0.36281 0.73208 0.33444 0.54809 -0.22763
1403638154.595097065 1.83269 3.66395 0.35311 0.73324 0.33423 0.54588 -0.22946
1403638154.745096922 1.84250 3.82702 0.35361 0.73618 0.34384 0.53484 -0.23186
1403638155.045097113 1.83344 4.15044 0.39397 0.72746 0.37174 0.52683 -0.23463
1403638155.145097017 1.81208 4.25199 0.42294 0.72121 0.38104 0.52537 -0.24220
1403638155.245096922 1.79055 4.35148 0.44495 0.71546 0.38664 0.52504 -0.25092
1403638155.545097113 1.70496 4.66773 0.46793 0.69497 0.40828 0.52600 -0.27138
1403638155.645097017 1.66001 4.76107 0.46561 0.68808 0.41525 0.52071 -0.28805
1403638155.745096922 1.61293 4.85682 0.45688 0.67880 0.42533 0.51503 -0.30509
1403638155.845097065 1.56097 4.94205 0.44503 0.67054 0.43938 0.50537 -0.31924
1403638156.145097017 1.38440 5.17039 0.42232 0.65114 0.50002 0.45302 -0.34751
1403638156.295097113 1.29541 5.26712 0.43575 0.63930 0.52290 0.43288 -0.36121
1403638156.395097017 1.23878 5.33364 0.44402 0.63383 0.53446 0.42169 -0.36713
1403638156.695096970 1.09906 5.56465 0.43337 0.62671 0.54775 0.40894 -0.37413
1403638156.845097065 1.04104 5.69879 0.40769 0.62661 0.54829 0.40922 -0.37320
1403638157.195096970 0.92176 6.03930 0.37490 0.63511 0.54615 0.40765 -0.36355
1403638157.295097113 0.88776 6.14768 0.38099 0.63511 0.54515 0.40799 -0.36468
1403638157.395097017 0.85247 6.26194 0.39264 0.63084 0.54788 0.41149 -0.36407
1403638157.545097113 0.81369 6.43594 0.40270 0.62106 0.55214 0.41674 -0.36846
1403638157.645097017 0.78795 6.55219 0.40422 0.60950 0.55827 0.41909 -0.37578
1403638157.895097017 0.71455 6.84206 0.41572 0.57349 0.58704 0.40843 -0.39958
1403638158.195096970 0.61499 7.18112 0.45741 0.55214 0.60992 0.37569 -0.42661
1403638158.295097113 0.58737 7.29277 0.45912 0.54734 0.61362 0.37266 -0.43013
1403638158.545097113 0.51928 7.56919 0.44831 0.53695 0.62120 0.37961 -0.42625
1403638158.645097017 0.49148 7.67584 0.43752 0.53553 0.62117 0.38248 -0.42551
1403638158.745096922 0.45604 7.78513 0.42880 0.53824 0.61883 0.38041 -0.42736
1403638158.945096970 0.39117 7.99416 0.42252 0.54999 0.61676 0.36818 -0.42609
1403638159.045097113 0.36054 8.09904 0.43210 0.55552 0.61896 0.36227 -0.42077
1403638159.345097065 0.26942 8.44362 0.46405 0.56355 0.61932 0.35672 -0.41425
1403638159.495096922 0.23083 8.63042 0.47482 0.55240 0.60024 0.37473 -0.44062
1403638159.595097065 0.21009 8.75633 0.49361 0.55037 0.58550 0.37681 -0.46076
1403638159.895097017 0.20167 9.08011 0.58149 0.54322 0.57903 0.38443 -0.47101
1403638160.145097017 0.25090 9.27727 0.71022 0.53638 0.59610 0.39254 -0.45042
1403638160.245096922 0.27341 9.34379 0.77481 0.54254 0.60646 0.38257 -0.43761
1403638160.345097065 0.29447 9.40878 0.84641 0.54753 0.61460 0.37399 -0.42733
1403638160.445096970 0.31667 9.46694 0.92137 0.54996 0.61846 0.36952 -0.42251
1403638160.645097017 0.35776 9.62439 1.06220 0.55247 0.61989 0.36631 -0.41992
1403638160.995096922 0.44473 9.86888 1.25857 0.55879 0.58384 0.38676 -0.44419
1403638161.145097017 0.49939 9.96461 1.33165 0.57360 0.56587 0.40227 -0.43470
1403638161.245096922 0.54044 10.01675 1.36670 0.58856 0.55461 0.41174 -0.42009
1403638161.445096970 0.62762 10.12225 1.45002 0.62142 0.53242 0.42391 -0.38816
1403638161.745096922 0.76726 10.28021 1.55081 0.64717 0.51403 0.42627 -0.36775
1403638161.895097017 0.84696 10.36987 1.58880 0.65035 0.50202 0.43567 -0.36771
1403638162.095097065 0.96072 10.48316 1.63087 0.65783 0.48948 0.44419 -0.36107
1403638162.195096970 1.02283 10.53875 1.65750 0.66338 0.48595 0.44128 -0.35925
1403638162.595097065 1.30300 10.74388 1.75740 0.66694 0.48077 0.44249 -0.35813
1403638162.795097113 1.46493 10.83391 1.82060 0.66584 0.48577 0.44339 -0.35226
1403638162.895097017 1.55301 10.88182 1.85908 0.66942 0.47990 0.44340 -0.35350
1403638163.195096970 1.83449 11.00823 1.96863 0.67203 0.45520 0.46175 -0.35771
1403638163.295097113 1.93434 11.04016 1.97846 0.67764 0.44979 0.46800 -0.34565
1403638163.395097017 2.03792 11.06972 1.98209 0.68347 0.44145 0.47652 -0.33305
1403638163.545097113 2.19698 11.11220 1.98684 0.69291 0.42639 0.48565 -0.31972
1403638163.845097065 2.50138 11.17663 2.04779 0.70087 0.41345 0.49206 -0.30939
1403638163.995096922 2.65201 11.20284 2.10225 0.70412 0.40935 0.48834 -0.31333
1403638164.095097065 2.75462 11.21687 2.14627 0.70574 0.40802 0.48471 -0.31702
1403638164.445096970 3.12916 11.23167 2.30226 0.70122 0.40586 0.48467 -0.32963
1403638164.595097065 3.29815 11.21866 2.34987 0.70247 0.40414 0.48126 -0.33405
1403638164.795097113 3.53995 11.18398 2.39683 0.70260 0.40069 0.49189 -0.32224
1403638164.895097017 3.66483 11.16321 2.41349 0.69711 0.40356 0.50551 -0.30924
1403638165.145097017 3.95302 11.07848 2.43629 0.70213 0.38238 0.51264 -0.31306
1403638165.395097017 4.22804 10.96717 2.42461 0.72541 0.37407 0.49324 -0.30094
1403638165.495096922 4.33744 10.91735 2.41309 0.72337 0.37020 0.49975 -0.29989
1403638165.795097113 4.67761 10.73459 2.36163 0.70311 0.36634 0.53309 -0.29538
1403638165.895097017 4.78337 10.66711 2.33364 0.70870 0.37079 0.52577 -0.28952
1403638165.995096922 4.88329 10.59102 2.31237 0.71473 0.37554 0.51722 -0.28394
1403638166.345097065 5.21461 10.31323 2.34848 0.71939 0.39236 0.50532 -0.27052
1403638166.545097113 5.39385 10.16737 2.44678 0.71816 0.39626 0.50391 -0.27076
1403638166.645097017 5.47664 10.10018 2.48997 0.71773 0.39682 0.50326 -0.27227
1403638166.945096970 5.70039 9.92929 2.57003 0.73883 0.38929 0.46956 -0.28652
1403638167.095097065 5.83503 9.84244 2.59177 0.74504 0.39461 0.45978 -0.27892
1403638167.195096970 5.93113 9.80439 2.61544 0.74316 0.39870 0.46264 -0.27335
1403638167.445096970 6.19933 9.72185 2.69717 0.73753 0.40072 0.47194 -0.26971
1403638167.545097113 6.31231 9.70568 2.72366 0.73481 0.39695 0.47683 -0.27407
1403638167.645097017 6.42701 9.69154 2.74294 0.73411 0.38781 0.47997 -0.28341
1403638167.745096922 6.55009 9.67376 2.75641 0.73635 0.37630 0.48281 -0.28823
1403638168.045097113 6.94347 9.61238 2.78064 0.75227 0.33538 0.49414 -0.27828
1403638168.195096970 7.15955 9.56983 2.80225 0.75802 0.31930 0.50155 -0.26816
1403638168.295097113 7.30626 9.53372 2.82270 0.76252 0.31061 0.50723 -0.25458
1403638168.545097113 7.67995 9.43295 2.89752 0.77274 0.29409 0.51921 -0.21633
1403638168.695096970 7.90584 9.37706 2.92658 0.77940 0.29706 0.51705 -0.19224
1403638168.795097113 8.05522 9.34438 2.93907 0.78132 0.29742 0.51635 -0.18563
1403638169.045097113 8.43153 9.29978 2.94783 0.77997 0.30003 0.51780 -0.18307
1403638169.195096970 8.65785 9.29640 2.93689 0.77332 0.29443 0.52488 -0.19945
1403638169.345097065 8.88096 9.29894 2.91349 0.77144 0.27437 0.52926 -0.22246
1403638169.445096970 9.03096 9.30183 2.89218 0.77075 0.25492 0.53551 -0.23277
1403638169.695096970 9.40394 9.25637 2.85791 0.77721 0.21978 0.55183 -0.20767
1403638169.795097113 9.55216 9.22364 2.85676 0.78164 0.20925 0.55813 -0.18369
1403638169.895097017 9.69562 9.18655 2.86578 0.78538 0.19919 0.56519 -0.15513
1403638170.145097017 10.02565 9.08154 2.90820 0.78347 0.15168 0.59196 -0.11290
1403638170.295097113 10.20348 9.02338 2.91525 0.79056 0.11285 0.59338 -0.10086
1403638170.395097017 10.31978 8.98651 2.91078 0.79734 0.08852 0.59009 -0.09063
1403638170.545097113 10.47493 8.91511 2.90054 0.80322 0.05148 0.58809 -0.07966
1403638170.845097065 10.73985 8.72697 2.92791 0.80034 -0.01009 0.59746 -0.04886
1403638170.945096970 10.81869 8.65407 2.93485 0.80092 -0.02644 0.59723 -0.03377
1403638171.045097113 10.87960 8.57044 2.93761 0.79924 -0.04335 0.59911 -0.02026
1403638171.345097065 11.02373 8.29282 2.93511 0.79395 -0.07570 0.60325 -0.00184
1403638171.445096970 11.04962 8.19120 2.92933 0.79185 -0.08248 0.60512 0.00169
1403638171.545097113 11.06775 8.08403 2.92174 0.78907 -0.09003 0.60766 0.00232
1403638171.795097113 11.07631 7.78785 2.89670 0.78254 -0.11429 0.61195 0.00902
1403638171.895097017 11.05150 7.65651 2.88926 0.77805 -0.12459 0.61563 0.01047
1403638172.045097113 10.99554 7.44572 2.89067 0.77361 -0.12956 0.61987 0.02257
1403638172.145097017 10.94830 7.29556 2.89641 0.77358 -0.13036 0.61947 0.02902
1403638172.445096970 10.73811 6.82872 2.86556 0.77415 -0.12986 0.61858 0.03454
1403638172.545097113 10.65393 6.66566 2.83571 0.77186 -0.13009 0.62154 0.03149
1403638172.645097017 10.56177 6.49776 2.79662 0.77024 -0.12975 0.62382 0.02712
1403638172.995096922 10.13066 5.88381 2.61714 0.77366 -0.12729 0.62058 0.01146
1403638173.095097065 9.98202 5.69327 2.55708 0.77868 -0.12725 0.61436 0.00435
1403638173.295097113 9.65745 5.29461 2.41745 0.78717 -0.11849 0.60517 0.00947
1403638173.395097017 9.48299 5.08637 2.34064 0.79043 -0.10957 0.60229 0.02138
1403638173.545097113 9.21356 4.76913 2.20717 0.79495 -0.09687 0.59753 0.04040
1403638173.795097113 8.76429 4.25018 1.96218 0.79648 -0.09525 0.59534 0.04599
1403638173.895097017 8.57357 4.05066 1.86679 0.79779 -0.09536 0.59346 0.04736
1403638174.045097113 8.28447 3.75996 1.73410 0.79828 -0.09639 0.59263 0.04749
1403638174.395097017 7.59581 3.10607 1.43442 0.80994 -0.09614 0.57667 0.04697
1403638174.595097065 7.21733 2.74900 1.25554 0.81652 -0.09305 0.56770 0.04855
1403638174.795097113 6.85828 2.39942 1.10107 0.82495 -0.09029 0.55555 0.05180
1403638174.895097017 6.69122 2.22696 1.03805 0.82686 -0.08848 0.55278 0.05396
1403638175.145097017 6.31658 1.80846 0.90159 0.82649 -0.08872 0.55289 0.05786
1403638175.395097017 5.99876 1.41221 0.81071 0.83400 -0.08878 0.54085 0.06351
1403638175.495096922 5.89378 1.26244 0.78854 0.84009 -0.08685 0.53117 0.06758
1403638175.745096922 5.69051 0.91194 0.76542 0.85673 -0.08709 0.50405 0.06603
1403638175.895097017 5.62650 0.72179 0.75189 0.86078 -0.08386 0.49732 0.06854
1403638175.995096922 5.60391 0.59825 0.73093 0.85924 -0.07689 0.50006 0.07576
1403638176.245096922 5.58961 0.29095 0.67326 0.82796 -0.07009 0.55059 0.08011
1403638176.345097065 5.59423 0.16511 0.65676 0.81901 -0.07012 0.56391 0.07942
1403638176.445096970 5.60086 0.06122 0.64626 0.81668 -0.06978 0.56711 0.08096
1403638176.745096922 5.63115 -0.20631 0.64780 0.81853 -0.06987 0.56410 0.08315
1403638177.045097113 5.68471 -0.42909 0.68357 0.82051 -0.07303 0.56152 0.07821
1403638177.145097017 5.70883 -0.49527 0.68551 0.82097 -0.07102 0.56066 0.08141
1403638177.245096922 5.73261 -0.55265 0.68083 0.82119 -0.06927 0.56020 0.08382
1403638177.345097065 5.76139 -0.59670 0.67059 0.82109 -0.06873 0.56028 0.08469
1403638177.445096970 5.79527 -0.63832 0.65466 0.82176 -0.06981 0.55925 0.08414
1403638177.595097065 5.84445 -0.68194 0.62523 0.82054 -0.08287 0.56151 0.06746
1403638177.895097017 5.95416 -0.76354 0.54304 0.80821 -0.10653 0.57730 0.04663
1403638177.995096922 5.99387 -0.80198 0.51827 0.80266 -0.10913 0.58449 0.04697
1403638178.395097017 6.07767 -0.95140 0.50086 0.78786 -0.15015 0.59111 0.08555
1403638178.495096922 6.08387 -0.99228 0.50428 0.78615 -0.17264 0.58549 0.09676
1403638178.595097065 6.08790 -1.04123 0.50208 0.78651 -0.19699 0.57540 0.10732
1403638178.695096970 6.08284 -1.08669 0.49698 0.78393 -0.22028 0.56837 0.11781
1403638178.995096922 6.03695 -1.23337 0.46128 0.77966 -0.26941 0.54504 0.14994
1403638179.145097017 6.01305 -1.31949 0.43035 0.78352 -0.27890 0.53121 0.16163
1403638179.295097113 5.99137 -1.41390 0.39261 0.78529 -0.28759 0.51920 0.17620
1403638179.395097017 5.98846 -1.48807 0.36768 0.78153 -0.29725 0.51569 0.18686
1403638179.745096922 5.96952 -1.74799 0.26801 0.73947 -0.35568 0.52362 0.22911
1403638179.845097065 5.96302 -1.82744 0.25062 0.72945 -0.37315 0.51921 0.24309
1403638179.945096970 5.95790 -1.90666 0.23784 0.72326 -0.39074 0.51018 0.25285
1403638180.245096922 5.93398 -2.14734 0.21713 0.71504 -0.42109 0.49119 0.26483
1403638180.395097017 5.92025 -2.27831 0.19997 0.71463 -0.42520 0.48735 0.26645
1403638180.495096922 5.91108 -2.37061 0.18236 0.71586 -0.42355 0.48519 0.26971
1403638180.745096922 5.89243 -2.60663 0.13718 0.72418 -0.41818 0.47660 0.27121
1403638180.845097065 5.88781 -2.70501 0.12997 0.72692 -0.41755 0.47510 0.26742
1403638180.995096922 5.88540 -2.86189 0.12900 0.72686 -0.41586 0.47936 0.26259
1403638181.095097065 5.88900 -2.97440 0.11862 0.72610 -0.41438 0.48326 0.25986
1403638181.245096922 5.89766 -3.15077 0.09802 0.72065 -0.41403 0.49327 0.25677
1403638181.445096970 5.90527 -3.39161 0.05265 0.69895 -0.43089 0.50750 0.26124
1403638181.545097113 5.90022 -3.51814 0.02583 0.68063 -0.44514 0.51522 0.27046
1403638181.645097017 5.88493 -3.63836 -0.00055 0.66440 -0.45749 0.51640 0.28741
1403638181.795097113 5.84473 -3.82128 -0.02517 0.65385 -0.47720 0.49694 0.31276
1403638182.045097113 5.75355 -4.11194 -0.02940 0.64431 -0.51090 0.45831 0.33733
1403638182.145097017 5.71678 -4.22853 -0.01728 0.64179 -0.52141 0.44864 0.33907
1403638182.245096922 5.67783 -4.33736 -0.00402 0.63890 -0.53080 0.44333 0.33693
1403638182.395097017 5.61591 -4.49860 0.01091 0.63597 -0.54093 0.44089 0.32947
1403638182.695096970 5.48629 -4.86478 0.06655 0.65093 -0.53018 0.42341 0.34048
1403638182.795097113 5.44727 -4.99708 0.09800 0.65158 -0.52832 0.42558 0.33943
1403638182.895097017 5.41004 -5.12821 0.12607 0.65065 -0.52575 0.42998 0.33964
1403638182.995096922 5.37432 -5.26245 0.14652 0.64757 -0.52194 0.43727 0.34208
1403638183.245096922 5.28856 -5.60681 0.17438 0.64808 -0.51017 0.44205 0.35258
1403638183.345097065 5.25772 -5.73912 0.17593 0.65258 -0.51216 0.43610 0.34878
1403638183.445096970 5.23030 -5.87726 0.17495 0.65772 -0.51490 0.42872 0.34420
1403638183.545097113 5.20502 -6.01627 0.17361 0.66209 -0.51521 0.42238 0.34321
1403638183.695096970 5.17591 -6.23055 0.16648 0.65965 -0.51188 0.42635 0.34793
1403638183.895097017 5.15190 -6.52326 0.17592 0.64944 -0.50200 0.44148 0.36237
1403638184.045097113 5.14161 -6.73710 0.20203 0.64893 -0.50327 0.44158 0.36142
1403638184.145097017 5.14163 -6.86859 0.22645 0.65325 -0.50716 0.43442 0.35683
1403638184.245096922 5.14580 -6.99560 0.24147 0.65614 -0.51207 0.42892 0.35114
1403638184.495096922 5.16762 -7.32952 0.26797 0.65199 -0.50913 0.43358 0.35735
1403638184.595097065 5.18383 -7.45948 0.27395 0.65005 -0.50854 0.43574 0.35909
1403638184.695096970 5.20245 -7.59625 0.28399 0.64939 -0.50829 0.43650 0.35972
1403638184.845097065 5.23339 -7.79092 0.29369 0.64823 -0.50974 0.43743 0.35863
1403638185.095097065 5.30237 -8.11406 0.32009 0.64796 -0.50841 0.43746 0.36096
1403638185.345097065 5.39191 -8.42716 0.34685 0.65196 -0.50335 0.43241 0.36690
1403638185.445096970 5.43135 -8.55264 0.36182 0.65350 -0.49631 0.43541 0.37016
1403638185.545097113 5.48091 -8.68059 0.37831 0.65835 -0.48465 0.44069 0.37079
1403638185.645097017 5.53677 -8.79613 0.39329 0.66433 -0.47277 0.44707 0.36781
1403638185.745096922 5.59851 -8.91147 0.40870 0.66643 -0.46657 0.45701 0.35961
1403638185.945096970 5.72764 -9.12590 0.43304 0.66628 -0.47980 0.47371 0.31853
1403638186.045097113 5.78644 -9.23675 0.44195 0.66898 -0.47982 0.47374 0.31273
1403638186.145097017 5.84561 -9.34951 0.44268 0.67357 -0.47588 0.46912 0.31587
1403638186.245096922 5.89995 -9.45372 0.44069 0.67666 -0.47262 0.46557 0.31937
1403638186.495096922 6.03428 -9.70918 0.46557 0.67833 -0.46909 0.46267 0.32521
1403638186.595097065 6.09022 -9.80600 0.48225 0.67943 -0.46806 0.45997 0.32821
1403638186.745096922 6.17436 -9.96216 0.49335 0.68258 -0.46285 0.45531 0.33547
1403638186.845097065 6.23686 -10.06237 0.49492 0.68754 -0.45404 0.45411 0.33900
1403638187.095097065 6.42178 -10.30753 0.49358 0.70520 -0.42436 0.47275 0.31483
1403638187.195096970 6.50476 -10.40854 0.50578 0.71057 -0.40566 0.49148 0.29829
1403638187.295097113 6.58976 -10.50521 0.52216 0.71591 -0.38348 0.50999 0.28343
1403638187.445096970 6.71376 -10.63302 0.56273 0.72272 -0.35414 0.52965 0.26784
1403638187.545097113 6.78940 -10.70813 0.59580 0.72871 -0.34267 0.53343 0.25886
1403638187.645097017 6.86559 -10.78701 0.62408 0.73683 -0.33809 0.52948 0.24985
1403638187.845097065 7.00780 -10.91804 0.67145 0.74507 -0.33025 0.52309 0.24936
1403638187.945096970 7.07455 -10.97274 0.69009 0.74569 -0.32540 0.52201 0.25607
1403638188.145097017 7.21492 -11.06322 0.71733 0.74136 -0.31652 0.52436 0.27431
1403638188.245096922 7.28788 -11.09284 0.72646 0.73493 -0.31639 0.53161 0.27780
1403638188.345097065 7.35975 -11.11249 0.72732 0.72195 -0.31916 0.54886 0.27510
1403638188.445096970 7.42873 -11.12182 0.72534 0.71024 -0.32084 0.56325 0.27455
1403638188.645097017 7.54395 -11.10461 0.71681 0.70181 -0.32134 0.57548 0.27024
1403638188.745096922 7.58604 -11.07409 0.72096 0.70854 -0.31861 0.57226 0.26266
1403638188.845097065 7.61876 -11.03300 0.73294 0.71811 -0.31553 0.56523 0.25551
1403638188.995096922 7.65755 -10.95991 0.77133 0.72751 -0.31144 0.55921 0.24700
1403638189.095097065 7.67532 -10.90371 0.80628 0.73159 -0.30628 0.56020 0.23903
1403638189.195096970 7.69336 -10.84285 0.83809 0.73640 -0.29741 0.56319 0.22822
1403638189.295097113 7.70931 -10.77668 0.86267 0.74407 -0.28558 0.56460 0.21453
1403638189.445096970 7.71634 -10.66599 0.89053 0.76484 -0.26953 0.55207 0.19387
1403638189.545097113 7.72268 -10.59286 0.90478 0.77633 -0.26239 0.54319 0.18277
1403638189.645097017 7.71867 -10.51784 0.93023 0.78274 -0.25735 0.53902 0.17477
1403638189.745096922 7.72031 -10.44515 0.95305 0.78898 -0.25741 0.53277 0.16557
1403638189.845097065 7.71702 -10.37878 0.97653 0.79417 -0.25766 0.52656 0.16012
1403638189.945096970 7.71954 -10.31444 0.98955 0.79850 -0.25731 0.52053 0.15884
1403638190.045097113 7.73051 -10.25615 0.99776 0.79586 -0.25597 0.52429 0.16188
1403638190.145097017 7.74789 -10.20551 1.00650 0.78884 -0.25351 0.53438 0.16704
1403638190.295097113 7.77708 -10.13257 1.00827 0.77810 -0.24151 0.54998 0.18372
1403638190.395097017 7.79719 -10.07965 0.99540 0.77507 -0.22507 0.55707 0.19564
1403638190.495096922 7.81843 -10.02306 0.97713 0.77642 -0.21215 0.55863 0.20023
1403638190.595097065 7.83937 -9.95821 0.95445 0.77931 -0.20731 0.55847 0.19442
1403638190.695096970 7.86013 -9.88547 0.93610 0.78100 -0.20545 0.55914 0.18760
1403638190.795097113 7.87913 -9.80561 0.91919 0.78117 -0.20598 0.56148 0.17914
1403638190.895097017 7.89635 -9.72018 0.90940 0.78176 -0.21014 0.56260 0.16784
1403638190.995096922 7.91383 -9.63211 0.91020 0.78183 -0.21148 0.56357 0.16254
1403638191.095097065 7.92684 -9.54106 0.91874 0.77880 -0.21103 0.56827 0.16126
1403638191.295097113 7.93817 -9.35559 0.94931 0.78997 -0.21551 0.55270 0.15501
1403638191.395097017 7.94564 -9.26327 0.97622 0.79469 -0.21580 0.54554 0.15585
1403638191.495096922 7.95711 -9.17971 0.99871 0.79616 -0.21761 0.54283 0.15527
1403638191.595097065 7.96619 -9.09154 1.01330 0.79619 -0.21720 0.54229 0.15759
1403638191.795097113 8.00053 -8.92097 1.03083 0.79800 -0.21205 0.53862 0.16768
1403638191.895097017 8.02440 -8.82989 1.02948 0.79839 -0.21111 0.53760 0.17025
1403638191.995096922 8.06035 -8.74374 1.03471 0.79840 -0.21189 0.53743 0.16979
1403638192.095097065 8.08929 -8.65158 1.03802 0.79832 -0.21094 0.53745 0.17128
1403638192.195096970 8.12999 -8.56235 1.05635 0.79672 -0.21250 0.53993 0.16900
1403638192.295097113 8.17027 -8.47078 1.07951 0.79208 -0.21342 0.54699 0.16695
1403638192.395097017 8.21647 -8.37846 1.11587 0.78781 -0.21359 0.55330 0.16610
1403638192.595097065 8.30397 -8.18224 1.20219 0.78198 -0.21297 0.56159 0.16663
1403638192.695096970 8.34580 -8.07456 1.24706 0.77463 -0.21295 0.57144 0.16750
1403638192.795097113 8.38425 -7.96505 1.28456 0.76744 -0.21315 0.58090 0.16780
1403638192.895097017 8.42186 -7.85787 1.31248 0.75911 -0.21543 0.59191 0.16431
1403638193.145097017 8.45603 -7.58494 1.38048 0.74888 -0.21610 0.60978 0.14371
1403638193.245096922 8.44417 -7.47589 1.41150 0.75884 -0.20783 0.60085 0.14125
1403638193.345097065 8.41689 -7.36345 1.45401 0.76657 -0.19914 0.59380 0.14184
1403638193.445096970 8.37779 -7.25162 1.50584 0.76940 -0.19041 0.59218 0.14525
1403638193.645097017 8.28699 -7.02248 1.60230 0.77430 -0.18451 0.58815 0.14316
1403638193.745096922 8.21593 -6.91801 1.63195 0.78267 -0.18649 0.57774 0.13737
1403638193.845097065 8.14673 -6.80930 1.65857 0.78845 -0.18735 0.57004 0.13532
1403638193.945096970 8.07897 -6.69989 1.68209 0.79211 -0.18845 0.56488 0.13404
1403638194.095097065 7.98040 -6.53242 1.70918 0.79055 -0.18885 0.56673 0.13484
1403638194.295097113 7.85024 -6.30863 1.72867 0.78184 -0.18808 0.57807 0.13851
1403638194.395097017 7.77744 -6.19833 1.73034 0.78553 -0.19054 0.57282 0.13608
1403638194.495096922 7.70284 -6.08684 1.73700 0.78942 -0.19352 0.56715 0.13308
1403638194.595097065 7.62726 -5.97863 1.75097 0.79312 -0.19465 0.56165 0.13276
1403638194.795097113 7.47976 -5.76440 1.78500 0.80273 -0.19730 0.54708 0.13194
1403638194.895097017 7.40883 -5.65971 1.79637 0.80578 -0.19800 0.54216 0.13257
1403638194.995096922 7.34554 -5.56064 1.80015 0.80737 -0.19834 0.53963 0.13273
1403638195.245096922 7.20634 -5.32572 1.78638 0.81599 -0.20138 0.52626 0.12903
1403638195.345097065 7.16671 -5.23869 1.77081 0.82253 -0.20421 0.51580 0.12524
1403638195.445096970 7.13643 -5.16066 1.75418 0.81912 -0.20351 0.52116 0.12660
1403638195.545097113 7.11329 -5.09037 1.73418 0.80860 -0.20146 0.53745 0.12933
1403638195.745096922 7.07880 -4.95760 1.69059 0.80182 -0.19906 0.54783 0.13167
1403638195.845097065 7.06882 -4.90182 1.67444 0.80528 -0.19975 0.54288 0.13001
1403638195.945096970 7.06212 -4.84504 1.66624 0.81065 -0.20013 0.53506 0.12847
1403638196.045097113 7.06167 -4.79057 1.66593 0.81330 -0.20060 0.53109 0.12750
1403638196.145097017 7.06655 -4.74090 1.67820 0.81122 -0.19935 0.53429 0.12927
1403638196.445096970 7.10209 -4.60216 1.72669 0.80149 -0.19699 0.54896 0.13214
1403638196.545097113 7.10868 -4.55406 1.73108 0.80277 -0.19901 0.54683 0.13016
1403638196.645097017 7.12181 -4.51296 1.73113 0.80851 -0.20101 0.53804 0.12814
1403638196.745096922 7.14026 -4.47706 1.72374 0.81289 -0.20356 0.53109 0.12538
1403638196.895097017 7.17735 -4.42809 1.70966 0.81105 -0.20313 0.53365 0.12714
1403638197.145097017 7.25908 -4.36369 1.70211 0.80117 -0.20000 0.54843 0.13172
1403638197.245096922 7.29778 -4.34435 1.70844 0.80010 -0.19702 0.55008 0.13577
1403638197.395097017 7.35789 -4.31365 1.73601 0.79588 -0.18716 0.55593 0.14994
1403638197.495096922 7.39825 -4.29209 1.75886 0.79368 -0.18463 0.55897 0.15342
1403638197.595097065 7.43829 -4.26660 1.79219 0.79250 -0.18508 0.56082 0.15225
1403638197.845097065 7.53196 -4.18626 1.87496 0.79093 -0.18595 0.56344 0.14963
1403638197.945096970 7.56695 -4.14979 1.90213 0.78447 -0.18753 0.57278 0.14613
1403638198.045097113 7.59898 -4.11247 1.91319 0.77662 -0.18787 0.58356 0.14501
1403638198.145097017 7.62523 -4.07111 1.90131 0.77825 -0.18974 0.58140 0.14245
1403638198.295097113 7.65853 -4.00493 1.85678 0.78337 -0.19065 0.57449 0.14121
1403638198.495096922 7.69349 -3.90462 1.77912 0.79040 -0.18536 0.56469 0.14845
1403638198.595097065 7.71821 -3.84768 1.73941 0.79250 -0.17575 0.56116 0.16170
1403638198.695096970 7.74402 -3.78833 1.69724 0.79150 -0.16321 0.56112 0.17898
1403638198.845097065 7.76780 -3.67711 1.64338 0.78870 -0.15133 0.56342 0.19393
1403638199.095097065 7.82388 -3.42137 1.59890 0.79074 -0.15556 0.56117 0.18872
1403638199.195096970 7.86592 -3.29940 1.60157 0.78989 -0.15812 0.56245 0.18633
1403638199.345097065 7.91445 -3.08949 1.62058 0.78547 -0.15986 0.56878 0.18433
1403638199.445096970 7.93773 -2.93622 1.64063 0.78599 -0.15718 0.56724 0.18909
1403638199.545097113 7.96305 -2.77054 1.66733 0.78995 -0.15449 0.56110 0.19307
1403638199.795097113 8.03825 -2.30452 1.75645 0.79676 -0.15149 0.56168 0.16351
1403638199.895097017 8.07412 -2.10515 1.79292 0.79937 -0.15392 0.56160 0.14804
1403638199.995096922 8.11183 -1.90518 1.82223 0.80093 -0.15283 0.56208 0.13866
1403638200.245096922 8.19160 -1.39622 1.88589 0.80062 -0.11949 0.57290 0.12853
1403638200.495096922 8.26388 -0.86322 1.98125 0.79957 -0.07682 0.58433 0.11552
1403638200.595097065 8.28367 -0.64287 2.03469 0.80230 -0.06150 0.58294 0.11279
1403638200.695096970 8.29749 -0.41453 2.09361 0.80403 -0.04285 0.58237 0.11201
1403638200.795097113 8.30674 -0.17494 2.15180 0.80772 -0.03115 0.57890 0.10716
1403638200.895097017 8.31420 0.07220 2.20437 0.81106 -0.02675 0.57583 0.09946
1403638201.145097017 8.33901 0.71895 2.30163 0.81178 -0.03916 0.57864 0.06821
1403638201.245096922 8.33567 0.98174 2.32639 0.80984 -0.04372 0.58162 0.06303
1403638201.395097017 8.33595 1.37433 2.34958 0.81060 -0.04439 0.58017 0.06608
1403638201.495096922 8.32264 1.63528 2.35277 0.80916 -0.04645 0.58195 0.06654
1403638201.695096970 8.30707 2.15430 2.33870 0.80599 -0.04856 0.58582 0.06957
1403638201.795097113 8.28400 2.40784 2.31442 0.80572 -0.04911 0.58593 0.07129
1403638201.895097017 8.26095 2.66467 2.28474 0.80567 -0.05064 0.58609 0.06954
1403638202.095097065 8.21125 3.18866 2.23703 0.80799 -0.04380 0.58497 0.05509
1403638202.195096970 8.17932 3.45364 2.21993 0.81176 -0.04372 0.58072 0.04358
1403638202.295097113 8.14247 3.71555 2.20959 0.81665 -0.04256 0.57443 0.03609
1403638202.395097017 8.11305 3.97138 2.20679 0.81824 -0.04096 0.57250 0.03241
1403638202.645097017 8.04366 4.59511 2.17808 0.82084 -0.04169 0.56906 0.02540
1403638202.745096922 8.02785 4.83614 2.15742 0.82097 -0.04200 0.56885 0.02554
1403638202.845097065 8.01462 5.06826 2.13026 0.81994 -0.04154 0.57028 0.02729
1403638202.995096922 7.99198 5.41019 2.08894 0.81854 -0.04266 0.57220 0.02753
1403638203.345097065 7.92129 6.16738 2.04372 0.81188 -0.04140 0.58153 0.03085
1403638203.445096970 7.90488 6.37752 2.02898 0.81035 -0.04249 0.58369 0.02897
1403638203.545097113 7.88488 6.58030 2.00948 0.81115 -0.04371 0.58255 0.02746
1403638203.845097065 7.80660 7.16300 1.97761 0.81225 -0.04397 0.58105 0.02665
1403638203.995096922 7.76534 7.43637 1.98429 0.81266 -0.04294 0.58057 0.02600
1403638204.095097065 7.73940 7.60929 1.99757 0.81507 -0.04271 0.57727 0.02429
1403638204.195096970 7.71500 7.76907 2.02095 0.81789 -0.04532 0.57328 0.01874
1403638204.545097113 7.61708 8.28742 2.12450 0.82734 -0.06519 0.55788 -0.00575
1403638204.645097017 7.60032 8.40793 2.14979 0.82586 -0.06224 0.56038 -0.00746
1403638204.795097113 7.56749 8.58746 2.16958 0.82633 -0.03998 0.56175 -0.00477
1403638204.895097017 7.54261 8.70009 2.17148 0.82432 -0.01302 0.56598 -0.00128
1403638205.045097113 7.51858 8.85714 2.16301 0.82193 0.03364 0.56842 -0.01440
1403638205.345097065 7.47951 9.18166 2.15022 0.80601 0.14776 0.56599 -0.09037
1403638205.495096922 7.46045 9.34312 2.16658 0.78797 0.20631 0.56713 -0.12207
1403638205.645097017 7.43177 9.50750 2.19782 0.76948 0.24979 0.57302 -0.13096
1403638205.745096922 7.40315 9.62307 2.22392 0.75852 0.26881 0.57822 -0.13436
1403638205.945096970 7.31659 9.86639 2.29480 0.74777 0.30101 0.57039 -0.15772
1403638206.245096922 7.11712 10.25606 2.43602 0.72745 0.34970 0.55235 -0.20842
1403638206.395097017 6.99322 10.44568 2.50019 0.71947 0.36194 0.54309 -0.23752
1403638206.495096922 6.90563 10.56456 2.53892 0.71572 0.36459 0.53994 -0.25157
1403638206.845097065 6.55960 10.95674 2.60249 0.70556 0.37917 0.53199 -0.27459
1403638206.945096970 6.44950 11.04741 2.60590 0.70169 0.38204 0.53177 -0.28090
1403638207.045097113 6.33939 11.14078 2.60681 0.69841 0.38299 0.53251 -0.28631
1403638207.145097017 6.22140 11.20949 2.59743 0.69583 0.38402 0.53374 -0.28891
1403638207.495096922 5.80507 11.42186 2.51699 0.67313 0.41037 0.52768 -0.31630
1403638207.595097065 5.66756 11.45615 2.50430 0.66757 0.42606 0.51743 -0.32418
1403638207.695096970 5.53212 11.47959 2.49543 0.66865 0.43853 0.50141 -0.33042
1403638207.995096922 5.15976 11.53897 2.51107 0.67468 0.45654 0.47296 -0.33570
1403638208.095097065 5.04027 11.54679 2.52275 0.67350 0.45665 0.47389 -0.33659
1403638208.195096970 4.91998 11.54789 2.53112 0.67072 0.45253 0.47825 -0.34152
1403638208.295097113 4.80753 11.54981 2.53021 0.66967 0.45090 0.48163 -0.34097
1403638208.595097065 4.48206 11.53842 2.50113 0.67130 0.46260 0.47024 -0.33798
1403638208.745096922 4.32995 11.52594 2.50369 0.66348 0.47297 0.46325 -0.34854
1403638209.045097113 4.02481 11.48689 2.51789 0.65030 0.48679 0.45983 -0.35874
1403638209.145097017 3.91727 11.47613 2.50788 0.64911 0.48862 0.45855 -0.36007
1403638209.245096922 3.81781 11.46045 2.49120 0.64879 0.48931 0.45769 -0.36080
1403638209.345097065 3.71573 11.43763 2.46925 0.64978 0.48905 0.45580 -0.36174
1403638209.495096922 3.58678 11.40280 2.42618 0.64925 0.48720 0.45621 -0.36467
1403638209.595097065 3.49327 11.37555 2.38315 0.64796 0.48536 0.45874 -0.36623
1403638209.695096970 3.40996 11.34882 2.32222 0.64974 0.48447 0.45771 -0.36555
1403638209.945096970 3.21807 11.27255 2.10588 0.64495 0.48539 0.46664 -0.36151
1403638210.195096970 3.02520 11.15267 1.86158 0.63512 0.47844 0.48030 -0.37019
1403638210.295097113 2.94260 11.09303 1.77312 0.63552 0.47764 0.48003 -0.37088
1403638210.395097017 2.86479 11.02518 1.68669 0.63619 0.47788 0.47955 -0.37003
1403638210.495096922 2.79591 10.95364 1.59969 0.63643 0.47702 0.47937 -0.37097
1403638210.745096922 2.61055 10.73900 1.36145 0.63624 0.47400 0.48090 -0.37316
1403638210.895097017 2.50142 10.58793 1.22922 0.63957 0.47426 0.47652 -0.37276
1403638210.995096922 2.43054 10.47303 1.15132 0.64297 0.47635 0.47175 -0.37031
1403638211.195096970 2.30043 10.23464 1.01986 0.64864 0.47888 0.46295 -0.36826
1403638211.495096922 2.13477 9.87556 0.86209 0.65975 0.46747 0.46722 -0.35765
1403638211.845097065 1.98556 9.42005 0.63944 0.70114 0.40459 0.48563 -0.32996
1403638211.945096970 1.95223 9.27908 0.57690 0.71395 0.38252 0.49291 -0.31779
1403638212.045097113 1.92439 9.13741 0.52071 0.72559 0.36163 0.50000 -0.30454
1403638212.145097017 1.90077 8.99521 0.47266 0.73484 0.34334 0.50905 -0.28809
1403638212.245096922 1.87906 8.84700 0.43318 0.74308 0.32466 0.51853 -0.27121
1403638212.345097065 1.85873 8.69655 0.40192 0.75161 0.30589 0.52559 -0.25547
1403638212.445096970 1.84144 8.54357 0.37717 0.75888 0.28729 0.53349 -0.23865
1403638212.645097017 1.81060 8.22314 0.35141 0.77392 0.24425 0.54430 -0.21241
1403638212.745096922 1.79207 8.05605 0.34638 0.78155 0.22485 0.54844 -0.19451
1403638213.045097113 1.75133 7.54434 0.37373 0.80036 0.15239 0.56121 -0.14576
1403638213.145097017 1.73776 7.36641 0.38836 0.80698 0.12495 0.56229 -0.13041
1403638213.295097113 1.72576 7.09889 0.40458 0.82148 0.08065 0.55340 -0.11142
1403638213.395097017 1.72624 6.92598 0.41043 0.83050 0.04928 0.54556 -0.10103
1403638213.695096970 1.76086 6.35674 0.40111 0.82518 -0.00924 0.56246 -0.05141
1403638213.795097113 1.78524 6.16141 0.40647 0.81831 -0.01011 0.57379 -0.03204
1403638214.195096970 1.87197 5.37862 0.46815 0.82869 -0.00536 0.55950 -0.01436
1403638214.295097113 1.90115 5.18839 0.48823 0.83392 -0.00213 0.55165 -0.01607
1403638214.395097017 1.93295 5.00048 0.50183 0.83726 0.00190 0.54652 -0.01737
1403638214.645097017 2.03282 4.53937 0.51359 0.82545 0.01158 0.56396 -0.02107
1403638214.745096922 2.07415 4.36048 0.50890 0.81900 0.01495 0.57315 -0.02251
1403638215.095097065 2.21659 3.76071 0.44963 0.81168 0.02276 0.58311 -0.02536
1403638215.195096970 2.25884 3.59745 0.42019 0.81294 0.02374 0.58132 -0.02508
1403638215.295097113 2.29653 3.43234 0.38906 0.81485 0.02623 0.57867 -0.02157
1403638215.395097017 2.32716 3.26872 0.35891 0.81540 0.02876 0.57793 -0.01737
1403638215.495096922 2.36475 3.10916 0.33353 0.81498 0.03156 0.57847 -0.01365
1403638215.695096970 2.42543 2.80757 0.30710 0.81307 0.03023 0.58118 -0.01560
1403638215.795097113 2.45227 2.66725 0.30034 0.81271 0.02631 0.58178 -0.01838
1403638215.995096922 2.49700 2.39278 0.26856 0.81296 0.01576 0.58189 -0.01591
1403638216.095097065 2.51419 2.26075 0.24749 0.81281 0.01358 0.58225 -0.01238
1403638216.295097113 2.54272 2.02017 0.21701 0.81176 0.01084 0.58384 -0.00735
1403638216.395097017 2.55374 1.89854 0.21385 0.81041 0.01036 0.58575 -0.00554
1403638216.645097017 2.56655 1.61565 0.20877 0.81173 0.01144 0.58392 -0.00079
1403638216.745096922 2.56950 1.50247 0.19477 0.81297 0.01342 0.58215 0.00163
1403638216.995096922 2.56463 1.24780 0.14201 0.80728 -0.00150 0.59006 0.01065
1403638217.095097065 2.55463 1.15844 0.11425 0.80950 -0.01634 0.58670 0.01497
1403638217.345097065 2.51903 0.94791 0.04572 0.81375 -0.04334 0.57874 0.03149
1403638217.445096970 2.50039 0.85345 0.03389 0.81481 -0.04853 0.57662 0.03533
1403638217.645097017 2.46147 0.70748 0.03120 0.81631 -0.04661 0.57359 0.04966
1403638217.745096922 2.43821 0.63940 0.04170 0.81697 -0.04232 0.57228 0.05721
1403638218.145097017 2.36375 0.45480 0.09292 0.81347 -0.03322 0.57736 0.06177
1403638218.245096922 2.35121 0.41561 0.08991 0.81072 -0.03177 0.58148 0.06005
1403638218.345097065 2.33514 0.39018 0.08653 0.80703 -0.03236 0.58705 0.05507
1403638218.545097113 2.29064 0.36790 0.09668 0.80762 -0.03459 0.58689 0.04594
1403638218.645097017 2.26722 0.36028 0.10987 0.80969 -0.03548 0.58421 0.04297
1403638219.045097113 2.14724 0.39206 0.13880 0.81755 -0.07190 0.57026 0.03526
1403638219.145097017 2.12288 0.40296 0.13702 0.81537 -0.07969 0.57249 0.03271
1403638219.245096922 2.10260 0.40979 0.12710 0.81118 -0.07773 0.57816 0.04084
1403638219.395097017 2.05737 0.42357 0.11435 0.80050 -0.07406 0.59256 0.05081
1403638219.495096922 2.02954 0.43382 0.10819 0.79527 -0.07198 0.59948 0.05473
1403638219.745096922 1.92788 0.46383 0.11081 0.80052 -0.07876 0.59247 0.04400
1403638219.845097065 1.87810 0.47404 0.11101 0.80400 -0.08444 0.58755 0.03524
1403638220.145097017 1.71384 0.48324 0.07740 0.81120 -0.09150 0.57704 0.02456
1403638220.245096922 1.65975 0.47540 0.07062 0.81292 -0.08220 0.57526 0.03847
1403638220.445096970 1.54644 0.45292 0.08093 0.81495 -0.07059 0.57254 0.05551
1403638220.545097113 1.48997 0.44796 0.09172 0.81440 -0.07002 0.57322 0.05723
1403638220.845097065 1.32169 0.44246 0.10883 0.81350 -0.07377 0.57392 0.05826
1403638220.945096970 1.26881 0.44377 0.10027 0.81423 -0.07555 0.57268 0.05802
1403638221.245096922 1.11107 0.45965 0.05959 0.81711 -0.07792 0.56819 0.05845
1403638221.345097065 1.05831 0.46625 0.05601 0.81863 -0.07984 0.56593 0.05659
1403638221.595097065 0.92918 0.48925 0.05145 0.81856 -0.08548 0.56570 0.05142
1403638221.695096970 0.88404 0.49309 0.04492 0.81688 -0.08604 0.56811 0.05061
1403638222.145097017 0.69293 0.50549 0.05630 0.81649 -0.07959 0.56894 0.05753
1403638222.245096922 0.65397 0.50974 0.06119 0.82018 -0.08000 0.56355 0.05756
1403638222.345097065 0.61397 0.50874 0.06211 0.82356 -0.08054 0.55862 0.05664
1403638222.645097017 0.52363 0.52263 0.04066 0.82031 -0.08145 0.56338 0.05537
1403638222.745096922 0.51312 0.52440 0.02487 0.81663 -0.08133 0.56867 0.05576
1403638222.995096922 0.45433 0.53745 -0.01261 0.80542 -0.08042 0.58457 0.05581
1403638223.095097065 0.43343 0.54220 -0.02735 0.80819 -0.07998 0.58077 0.05608
1403638223.395097017 0.34926 0.56632 -0.04547 0.82314 -0.08859 0.55902 0.04580
1403638223.495096922 0.33146 0.56442 -0.05075 0.81830 -0.09577 0.56566 0.03521
1403638223.745096922 0.28630 0.55313 -0.07747 0.81567 -0.08529 0.56990 0.05114
1403638223.845097065 0.26607 0.54498 -0.08948 0.81648 -0.08000 0.56879 0.05865
1403638223.945096970 0.25597 0.53774 -0.10408 0.81656 -0.07626 0.56863 0.06375
1403638224.045097113 0.24512 0.53560 -0.12484 0.81872 -0.07522 0.56550 0.06525
1403638224.145097017 0.22932 0.54040 -0.14414 0.82437 -0.07647 0.55729 0.06324
1403638224.245096922 0.21459 0.53520 -0.16338 0.82780 -0.07761 0.55224 0.06139
1403638224.345097065 0.21004 0.53216 -0.18213 0.82352 -0.07763 0.55862 0.06108
1403638224.445096970 0.20802 0.53641 -0.19648 0.81745 -0.08260 0.56742 0.05460
