1403638130.495096922 0.00476 0.01422 0.27338 0.81392 0.04764 0.57221 -0.08849
1403638130.595097065 -0.00481 0.02014 0.31048 0.81485 0.05685 0.57113 -0.08124
1403638130.695096970 -0.00866 0.02076 0.35116 0.80878 0.05119 0.57962 -0.08539
1403638130.795097113 -0.01333 0.01993 0.38703 0.80281 0.03704 0.58601 -0.10351
1403638130.895097017 -0.01960 0.01852 0.41338 0.80118 0.03567 0.58716 -0.10992
1403638130.995096922 -0.02116 0.01220 0.42143 0.79215 0.02805 0.59980 -0.10930
1403638131.095097065 -0.02210 0.00801 0.40874 0.78616 0.02356 0.60820 -0.10717
1403638131.195096970 -0.01403 0.00819 0.37733 0.79459 0.03364 0.59830 -0.09763
1403638131.295097113 -0.00960 0.01217 0.34700 0.80550 0.04759 0.58455 -0.08489
1403638131.395097017 -0.00840 0.01232 0.31955 0.80821 0.04874 0.58116 -0.08170
1403638131.495096922 -0.00774 0.01044 0.29141 0.80819 0.04982 0.58196 -0.07522
1403638131.595097065 -0.01175 0.00976 0.25478 0.81192 0.05155 0.57703 -0.07184
1403638131.695096970 -0.01526 0.00692 0.21495 0.81308 0.05526 0.57550 -0.06813
1403638131.795097113 -0.01259 0.00328 0.17749 0.81350 0.05967 0.57530 -0.06070
1403638131.895097017 -0.01449 0.00226 0.13424 0.81498 0.06314 0.57378 -0.05095
1403638131.995096922 -0.01600 0.00288 0.10158 0.81655 0.06933 0.57141 -0.04388
1403638132.095097065 -0.01346 0.00147 0.08872 0.82154 0.08549 0.56265 -0.03446
1403638132.195096970 -0.01392 0.00225 0.10236 0.82180 0.09200 0.56126 -0.03399
1403638132.295097113 -0.01214 -0.00140 0.14354 0.81404 0.08420 0.57271 -0.04742
1403638132.395097017 -0.01430 0.00181 0.19706 0.80974 0.07849 0.57837 -0.06039
1403638132.495096922 -0.01093 0.00310 0.25574 0.80195 0.06711 0.58813 -0.08041
1403638132.595097065 -0.01159 0.00712 0.30774 0.78848 0.05191 0.60470 -0.09975
1403638132.695096970 -0.01359 0.01598 0.34436 0.78861 0.04796 0.60373 -0.10629
1403638132.795097113 -0.01424 0.02753 0.36902 0.79415 0.04659 0.59622 -0.10805
1403638132.895097017 -0.01743 0.03509 0.37911 0.78698 0.03762 0.60515 -0.11422
1403638132.995096922 -0.01871 0.03566 0.37307 0.78037 0.03646 0.61241 -0.12100
1403638133.095097065 -0.01689 0.02689 0.35541 0.78457 0.05087 0.60791 -0.11093
1403638133.195096970 -0.01301 0.00473 0.33192 0.78886 0.05263 0.60424 -0.09913
1403638133.295097113 -0.00881 -0.02880 0.30686 0.79101 0.04258 0.60458 -0.08352
1403638133.395097017 -0.00483 -0.07012 0.28431 0.79770 0.03543 0.59846 -0.06531
1403638133.495096922 -0.00910 -0.11479 0.26519 0.80173 0.02130 0.59558 -0.04534
1403638133.595097065 -0.01782 -0.16173 0.24841 0.80443 -0.00102 0.59287 -0.03727
1403638133.695096970 -0.02989 -0.20395 0.23301 0.80885 -0.01852 0.58666 -0.03538
1403638133.795097113 -0.04265 -0.24411 0.21779 0.81148 -0.03231 0.58310 -0.02128
