1403638131.095097065 0.01799 0.01278 0.44135 0.79091 -0.00703 0.60623 -0.08305
1403638131.195096970 0.01525 0.02361 0.40637 0.79898 0.00149 0.59704 -0.07184
1403638131.295097113 0.01539 0.02700 0.38310 0.80988 0.01532 0.58331 -0.06008
1403638131.395097017 0.01489 0.02415 0.35484 0.81222 0.01705 0.58021 -0.05802
1403638131.495096922 0.01449 0.02254 0.32261 0.81200 0.01825 0.58107 -0.05167
1403638131.595097065 0.01382 0.02250 0.28546 0.81573 0.01998 0.57603 -0.04871
1403638131.695096970 0.01382 0.02095 0.24452 0.81703 0.02377 0.57433 -0.04526
1403638131.795097113 0.00576 0.01198 0.19812 0.81699 0.02898 0.57461 -0.03887
1403638131.895097017 0.00540 0.01074 0.15123 0.81852 0.03249 0.57280 -0.02942
1403638131.995096922 0.00582 0.01155 0.11621 0.82027 0.03872 0.57021 -0.02265
1403638132.095097065 -0.00018 0.00564 0.09642 0.82547 0.05523 0.56156 -0.01422
1403638132.195096970 0.00193 0.00781 0.11072 0.82600 0.06189 0.56009 -0.01396
1403638132.295097113 -0.00001 0.00434 0.14953 0.81776 0.05467 0.57231 -0.02723
1403638132.395097017 0.00111 0.00708 0.20464 0.81328 0.04942 0.57837 -0.04032
1403638132.495096922 0.00294 0.00698 0.26480 0.80491 0.03850 0.58906 -0.06039
1403638132.595097065 0.00019 0.01056 0.31722 0.79080 0.02402 0.60643 -0.07946
1403638132.695096970 -0.00035 0.01909 0.35659 0.79080 0.02035 0.60561 -0.08634
1403638132.795097113 -0.00464 0.03061 0.37542 0.79601 0.01887 0.59847 -0.08860
1403638132.895097017 -0.00622 0.03861 0.38544 0.78852 0.01028 0.60758 -0.09469
1403638132.995096922 -0.00689 0.03954 0.38007 0.78186 0.00954 0.61505 -0.10153
1403638133.095097065 -0.00465 0.03028 0.35968 0.78649 0.02404 0.61024 -0.09199
1403638133.195096970 -0.00487 0.00709 0.33154 0.79070 0.02594 0.60631 -0.08071
1403638133.295097113 -0.00257 -0.02664 0.30676 0.79251 0.01607 0.60613 -0.06545
1403638133.395097017 -0.00449 -0.06823 0.28471 0.79889 0.00897 0.59951 -0.04779
1403638133.495096922 -0.01221 -0.11341 0.26593 0.80252 -0.00506 0.59594 -0.02823
1403638133.595097065 -0.02468 -0.16003 0.24909 0.80450 -0.02731 0.59297 -0.02043
1403638133.695096970 -0.03926 -0.20163 0.23376 0.80836 -0.04482 0.58667 -0.01890
1403638133.795097113 -0.05397 -0.24259 0.21847 0.81060 -0.05845 0.58265 -0.00523
1403638133.895097017 -0.06056 -0.27236 0.20437 0.81331 -0.06614 0.57796 0.01094
1403638133.995096922 -0.05553 -0.28103 0.19529 0.81249 -0.07194 0.57824 0.01795
1403638134.095097065 -0.03721 -0.26980 0.19323 0.81538 -0.06664 0.57469 0.02109
1403638134.195096970 -0.01076 -0.24528 0.19530 0.81667 -0.06034 0.57344 0.02405
1403638134.295097113 0.01998 -0.21274 0.20167 0.80765 -0.06833 0.58535 0.01987
1403638134.395097017 0.05543 -0.17073 0.20644 0.80922 -0.07323 0.58281 0.01117
1403638134.495096922 0.08774 -0.12621 0.20854 0.81057 -0.07691 0.58056 0.00396
1403638134.595097065 0.11092 -0.08191 0.21212 0.80898 -0.08192 0.58206 -0.00658
1403638134.695096970 0.13023 -0.03544 0.21428 0.81244 -0.08091 0.57730 -0.01124
1403638134.795097113 0.14064 0.01184 0.21845 0.81956 -0.07494 0.56791 -0.01358
1403638134.895097017 0.15463 0.05408 0.22434 0.82162 -0.07074 0.56552 -0.01111
1403638134.995096922 0.16105 0.09230 0.23017 0.81765 -0.07146 0.57114 -0.01171
1403638135.095097065 0.16252 0.12250 0.23051 0.82143 -0.06391 0.56665 -0.00789
1403638135.195096970 0.16123 0.14129 0.22542 0.82571 -0.05630 0.56124 -0.00642
1403638135.295097113 0.15691 0.14440 0.21691 0.82744 -0.05324 0.55901 -0.00419
1403638135.395097017 0.15128 0.13772 0.20342 0.82491 -0.05534 0.56255 -0.00131
1403638135.495096922 0.13958 0.11817 0.19336 0.82721 -0.05452 0.55919 0.00806
1403638135.595097065 0.12884 0.09070 0.18818 0.83187 -0.05454 0.55206 0.01601
1403638135.695096970 0.11816 0.05487 0.18705 0.82775 -0.06456 0.55698 0.02116
1403638135.795097113 0.10100 0.02058 0.18107 0.82472 -0.07747 0.55992 0.01812
1403638135.895097017 0.08129 -0.01278 0.18064 0.82989 -0.07301 0.55240 0.02841
1403638135.995096922 0.05803 -0.04530 0.19049 0.83514 -0.06864 0.54426 0.04021
1403638136.095097065 0.03936 -0.08439 0.20900 0.82798 -0.07444 0.55364 0.04891
1403638136.195096970 0.01884 -0.12766 0.22273 0.81780 -0.08827 0.56681 0.04627
1403638136.295097113 -0.00403 -0.17485 0.22241 0.81528 -0.09337 0.56908 0.05239
1403638136.395097017 -0.02543 -0.21030 0.21253 0.81707 -0.09442 0.56535 0.06214
1403638136.495096922 -0.04072 -0.23072 0.20494 0.81944 -0.09677 0.56081 0.06820
1403638136.595097065 -0.04736 -0.23052 0.20853 0.81998 -0.10761 0.55870 0.06257
1403638136.695096970 -0.04523 -0.21132 0.22009 0.81871 -0.10962 0.56148 0.04926
1403638136.795097113 -0.04026 -0.17736 0.23624 0.81824 -0.10573 0.56415 0.03233
1403638136.895097017 -0.03135 -0.13893 0.24648 0.81091 -0.10757 0.57515 0.00751
1403638136.995096922 -0.02365 -0.10061 0.24215 0.80096 -0.11118 0.58820 -0.01109
1403638137.095097065 -0.01661 -0.06173 0.22001 0.80133 -0.10568 0.58854 -0.01773
1403638137.195096970 -0.01170 -0.02840 0.18496 0.80930 -0.09242 0.57990 -0.01447
1403638137.295097113 -0.01066 -0.00094 0.14627 0.81799 -0.07829 0.56978 -0.01073
1403638137.395097017 -0.01085 0.01972 0.10665 0.82334 -0.07109 0.56302 -0.00807
1403638137.495096922 -0.01148 0.03350 0.06948 0.83122 -0.06258 0.55240 0.00252
1403638137.595097065 -0.01003 0.04251 0.03744 0.83979 -0.05135 0.54020 0.01752
1403638137.695096970 -0.00826 0.04923 0.01317 0.84050 -0.05141 0.53874 0.02581
1403638137.795097113 -0.00632 0.05657 -0.00544 0.83980 -0.05702 0.53913 0.02864
1403638137.895097017 -0.00843 0.06106 -0.01955 0.84542 -0.05345 0.53025 0.03512
1403638137.995096922 -0.00656 0.07200 -0.03026 0.85395 -0.04576 0.51669 0.04127
1403638138.095097065 -0.00361 0.06003 -0.03497 0.85418 -0.04151 0.51661 0.04211
1403638138.195096970 -0.00781 0.05730 -0.03639 0.84632 -0.04925 0.52900 0.03842
1403638138.295097113 -0.01039 0.05706 -0.03794 0.84251 -0.05214 0.53492 0.03621
1403638138.395097017 -0.01280 0.05722 -0.03834 0.83789 -0.05291 0.54204 0.03659
1403638138.495096922 -0.01341 0.05683 -0.03785 0.83761 -0.05196 0.54250 0.03739
1403638138.595097065 -0.01379 0.05763 -0.03776 0.83753 -0.05200 0.54266 0.03691
1403638138.695096970 -0.01401 0.05800 -0.03787 0.83747 -0.05266 0.54274 0.03611
1403638138.795097113 -0.01407 0.05797 -0.03790 0.83755 -0.05218 0.54266 0.03614
1403638138.895097017 -0.01348 0.05821 -0.03791 0.83739 -0.05329 0.54288 0.03488
1403638138.995096922 -0.01307 0.05813 -0.03785 0.83749 -0.05294 0.54275 0.03515
1403638139.095097065 -0.01300 0.05772 -0.03807 0.83753 -0.05265 0.54270 0.03536
1403638139.195096970 -0.01258 0.05757 -0.03809 0.83749 -0.05249 0.54276 0.03558
1403638139.295097113 -0.01206 0.05745 -0.03821 0.83748 -0.05250 0.54277 0.03562
1403638139.395097017 -0.01365 0.05784 -0.03881 0.83743 -0.05257 0.54286 0.03530
1403638139.495096922 -0.01367 0.05782 -0.03887 0.83744 -0.05267 0.54286 0.03502
1403638139.595097065 -0.01366 0.05788 -0.03904 0.83742 -0.05265 0.54291 0.03481
1403638139.695096970 -0.01330 0.05762 -0.03903 0.83742 -0.05269 0.54291 0.03475
1403638139.795097113 -0.01327 0.05744 -0.03912 0.83742 -0.05269 0.54292 0.03461
1403638139.895097017 -0.01366 0.05766 -0.03918 0.83740 -0.05259 0.54296 0.03459
1403638139.995096922 -0.01375 0.05752 -0.03923 0.83743 -0.05250 0.54293 0.03438
1403638140.095097065 -0.01359 0.05747 -0.03926 0.83745 -0.05242 0.54292 0.03421
1403638140.195096970 -0.01354 0.05737 -0.03924 0.83744 -0.05230 0.54296 0.03396
1403638140.295097113 -0.01346 0.05729 -0.03931 0.83744 -0.05223 0.54298 0.03381
1403638140.395097017 -0.01347 0.05730 -0.03936 0.83744 -0.05215 0.54300 0.03356
1403638140.495096922 -0.01370 0.05731 -0.03925 0.83745 -0.05206 0.54300 0.03334
1403638140.595097065 -0.01370 0.05724 -0.03921 0.83745 -0.05194 0.54304 0.03310
1403638140.695096970 -0.01362 0.05719 -0.03919 0.83746 -0.05176 0.54305 0.03292
1403638140.795097113 -0.01364 0.05722 -0.03915 0.83746 -0.05167 0.54307 0.03270
1403638140.895097017 -0.01360 0.05725 -0.03903 0.83749 -0.05154 0.54305 0.03245
1403638140.995096922 -0.01352 0.05738 -0.03895 0.83751 -0.05137 0.54305 0.03221
1403638141.095097065 -0.01342 0.05751 -0.03890 0.83749 -0.05121 0.54311 0.03196
1403638141.195096970 -0.01311 0.05729 -0.03912 0.83749 -0.05123 0.54312 0.03183
1403638141.295097113 -0.01333 0.05782 -0.03861 0.83754 -0.05069 0.54312 0.03118
1403638141.395097017 -0.01329 0.05780 -0.03859 0.83754 -0.05047 0.54317 0.03080
1403638141.495096922 -0.01312 0.05812 -0.03826 0.83762 -0.04997 0.54314 0.03008
1403638141.595097065 -0.01321 0.05814 -0.03822 0.83761 -0.04983 0.54316 0.02989
1403638141.695096970 -0.01303 0.05844 -0.03789 0.83768 -0.04931 0.54316 0.02909
1403638141.795097113 -0.01296 0.05857 -0.03775 0.83770 -0.04898 0.54317 0.02865
1403638141.895097017 -0.01270 0.05869 -0.03751 0.83774 -0.04851 0.54319 0.02798
1403638141.995096922 -0.01250 0.05893 -0.03744 0.83777 -0.04811 0.54320 0.02741
1403638142.095097065 -0.01270 0.05903 -0.03739 0.83780 -0.04797 0.54318 0.02722
1403638142.195096970 -0.01258 0.05908 -0.03731 0.83780 -0.04786 0.54321 0.02685
1403638142.295097113 -0.01239 0.05912 -0.03729 0.83785 -0.04795 0.54314 0.02679
1403638142.395097017 -0.01230 0.05910 -0.03717 0.83790 -0.04778 0.54307 0.02683
1403638142.495096922 -0.01257 0.05897 -0.03713 0.83796 -0.04755 0.54302 0.02639
1403638142.595097065 -0.01263 0.05917 -0.03699 0.83799 -0.04700 0.54305 0.02572
1403638142.695096970 -0.01279 0.05926 -0.03699 0.83808 -0.04708 0.54290 0.02591
1403638142.795097113 -0.01303 0.05904 -0.03717 0.83810 -0.04735 0.54283 0.02636
1403638142.895097017 -0.01318 0.05888 -0.03693 0.83811 -0.04721 0.54281 0.02628
1403638142.995096922 -0.01312 0.05903 -0.03677 0.83812 -0.04678 0.54284 0.02615
1403638143.095097065 -0.01338 0.05910 -0.03686 0.83817 -0.04679 0.54276 0.02617
1403638143.195096970 -0.01344 0.05902 -0.03677 0.83823 -0.04693 0.54267 0.02609
1403638143.295097113 -0.01342 0.05901 -0.03673 0.83819 -0.04704 0.54272 0.02607
1403638143.395097017 -0.01344 0.05907 -0.03675 0.83819 -0.04707 0.54272 0.02618
1403638143.495096922 -0.01333 0.05908 -0.03663 0.83820 -0.04710 0.54269 0.02628
1403638143.595097065 -0.01338 0.05900 -0.03672 0.83820 -0.04724 0.54268 0.02642
1403638143.695096970 -0.01319 0.05889 -0.03666 0.83820 -0.04724 0.54268 0.02628
1403638143.795097113 -0.01342 0.05887 -0.03670 0.83819 -0.04722 0.54270 0.02623
1403638143.895097017 -0.01345 0.05895 -0.03659 0.83818 -0.04724 0.54271 0.02620
1403638143.995096922 -0.01373 0.05825 -0.03669 0.83815 -0.04738 0.54274 0.02627
1403638144.095097065 -0.01352 0.05883 -0.03658 0.83820 -0.04728 0.54268 0.02620
1403638144.195096970 -0.01346 0.05886 -0.03658 0.83816 -0.04726 0.54273 0.02624
1403638144.295097113 -0.01354 0.05883 -0.03655 0.83814 -0.04719 0.54279 0.02617
1403638144.395097017 -0.01335 0.05869 -0.03671 0.83812 -0.04723 0.54280 0.02615
1403638144.495096922 -0.01329 0.05864 -0.03676 0.83811 -0.04729 0.54282 0.02621
1403638144.595097065 -0.01337 0.05877 -0.03655 0.83812 -0.04730 0.54281 0.02617
1403638144.695096970 -0.01340 0.05877 -0.03649 0.83806 -0.04716 0.54290 0.02609
1403638144.795097113 -0.01344 0.05875 -0.03651 0.83807 -0.04720 0.54289 0.02607
1403638144.895097017 -0.01348 0.05871 -0.03658 0.83809 -0.04722 0.54285 0.02612
1403638144.995096922 -0.01353 0.05869 -0.03657 0.83805 -0.04718 0.54292 0.02615
1403638145.095097065 -0.01382 0.05800 -0.03664 0.83805 -0.04730 0.54291 0.02616
1403638145.195096970 -0.01349 0.05866 -0.03645 0.83805 -0.04720 0.54291 0.02619
1403638145.295097113 -0.01334 0.05859 -0.03645 0.83806 -0.04719 0.54290 0.02618
1403638145.395097017 -0.01353 0.05855 -0.03638 0.83804 -0.04715 0.54294 0.02625
1403638145.495096922 -0.01371 0.05856 -0.03626 0.83802 -0.04713 0.54296 0.02624
1403638145.595097065 -0.01361 0.05856 -0.03624 0.83804 -0.04705 0.54295 0.02614
1403638145.695096970 -0.01346 0.05834 -0.03634 0.83801 -0.04709 0.54298 0.02616
1403638145.795097113 -0.01353 0.05848 -0.03621 0.83803 -0.04699 0.54296 0.02620
1403638145.895097017 -0.01357 0.05852 -0.03623 0.83800 -0.04703 0.54300 0.02622
1403638145.995096922 -0.01364 0.05849 -0.03631 0.83799 -0.04707 0.54302 0.02620
1403638146.095097065 -0.01365 0.05845 -0.03621 0.83802 -0.04699 0.54297 0.02617
1403638146.195096970 -0.01363 0.05834 -0.03634 0.83796 -0.04705 0.54307 0.02623
1403638146.295097113 -0.01359 0.05836 -0.03630 0.83797 -0.04705 0.54305 0.02633
1403638146.395097017 -0.01361 0.05828 -0.03636 0.83798 -0.04704 0.54302 0.02640
1403638146.495096922 -0.01381 0.05821 -0.03635 0.83801 -0.04714 0.54298 0.02647
1403638146.595097065 -0.01382 0.05830 -0.03629 0.83797 -0.04713 0.54303 0.02658
1403638146.695096970 -0.01385 0.05829 -0.03631 0.83799 -0.04716 0.54298 0.02667
1403638146.795097113 -0.01387 0.05833 -0.03643 0.83791 -0.04715 0.54311 0.02667
1403638146.895097017 -0.01391 0.05830 -0.03639 0.83797 -0.04711 0.54301 0.02683
1403638146.995096922 -0.01397 0.05826 -0.03626 0.83809 -0.04719 0.54282 0.02697
1403638147.095097065 -0.01409 0.05799 -0.03629 0.83815 -0.04715 0.54274 0.02689
1403638147.195096970 -0.01388 0.05829 -0.03634 0.83824 -0.04696 0.54260 0.02697
1403638147.295097113 -0.01397 0.05836 -0.03632 0.83819 -0.04703 0.54268 0.02689
1403638147.395097017 -0.01367 0.05856 -0.03629 0.83807 -0.04700 0.54286 0.02699
1403638147.495096922 -0.01356 0.05855 -0.03607 0.83763 -0.04686 0.54356 0.02688
1403638147.595097065 -0.01365 0.05837 -0.03590 0.83720 -0.04704 0.54423 0.02634
1403638147.695096970 -0.01333 0.05830 -0.03603 0.83735 -0.04627 0.54409 0.02598
1403638147.795097113 -0.01107 0.05803 -0.03419 0.83518 -0.04677 0.54735 0.02653
1403638147.895097017 -0.00637 0.05678 -0.02936 0.82813 -0.04978 0.55757 0.02897
1403638147.995096922 0.00222 0.05550 -0.01928 0.82155 -0.05200 0.56700 0.02937
1403638148.095097065 0.01240 0.05416 -0.00204 0.81637 -0.05143 0.57445 0.03025
1403638148.195096970 0.02312 0.05292 0.02437 0.81351 -0.04836 0.57871 0.03091
1403638148.295097113 0.03198 0.05188 0.06541 0.81321 -0.04554 0.57945 0.02923
1403638148.395097017 0.03998 0.05145 0.11496 0.81291 -0.04262 0.58016 0.02764
1403638148.495096922 0.04547 0.05100 0.14878 0.81674 -0.03953 0.57499 0.02762
1403638148.595097065 0.05095 0.05140 0.15741 0.82076 -0.03702 0.56940 0.02768
1403638148.695096970 0.06072 0.05246 0.15044 0.82440 -0.03488 0.56428 0.02719
1403638148.795097113 0.07373 0.05431 0.14593 0.82688 -0.03369 0.56079 0.02533
1403638148.895097017 0.08848 0.05730 0.14775 0.82761 -0.03224 0.55987 0.02383
1403638148.995096922 0.10950 0.05953 0.16717 0.82578 -0.03102 0.56269 0.02260
1403638149.095097065 0.12692 0.06730 0.19253 0.82200 -0.02958 0.56828 0.02246
1403638149.195096970 0.14850 0.07364 0.22555 0.81969 -0.02905 0.57163 0.02215
1403638149.295097113 0.17540 0.08087 0.26243 0.81838 -0.03076 0.57347 0.02089
1403638149.395097017 0.19671 0.08907 0.28959 0.81706 -0.03086 0.57537 0.02008
1403638149.495096922 0.21744 0.09784 0.31101 0.81627 -0.03030 0.57651 0.02054
1403638149.595097065 0.24041 0.10597 0.33072 0.81614 -0.02878 0.57675 0.02130
1403638149.695096970 0.26231 0.11534 0.34393 0.81629 -0.02406 0.57684 0.01853
1403638149.795097113 0.28528 0.12441 0.35523 0.81640 -0.01930 0.57694 0.01626
1403638149.895097017 0.30648 0.13277 0.36031 0.81629 -0.01592 0.57726 0.01409
1403638149.995096922 0.33538 0.14285 0.36686 0.81670 -0.01258 0.57675 0.01447
1403638150.095097065 0.35584 0.15469 0.36034 0.81665 -0.00646 0.57671 0.02113
1403638150.195096970 0.38290 0.17207 0.35502 0.81672 -0.00046 0.57632 0.02860
1403638150.295097113 0.40280 0.19282 0.33717 0.81775 0.00231 0.57469 0.03165
1403638150.395097017 0.42397 0.21922 0.31661 0.82199 0.00176 0.56879 0.02835
1403638150.495096922 0.45151 0.25020 0.30740 0.82773 0.00182 0.56087 0.01688
1403638150.595097065 0.48303 0.28697 0.30628 0.83140 0.00621 0.55557 0.00876
1403638150.695096970 0.51398 0.32740 0.31024 0.83156 0.01043 0.55534 0.00252
1403638150.795097113 0.55444 0.36883 0.32523 0.83030 0.01708 0.55706 -0.00105
1403638150.895097017 0.59566 0.40851 0.34117 0.82758 0.02602 0.56073 -0.00451
1403638150.995096922 0.64134 0.45334 0.34672 0.82307 0.03385 0.56687 -0.00802
1403638151.095097065 0.68645 0.50074 0.35407 0.82066 0.04611 0.56939 -0.01392
1403638151.195096970 0.72750 0.55432 0.35747 0.81808 0.06345 0.57112 -0.02325
1403638151.295097113 0.76692 0.60873 0.35410 0.81756 0.08206 0.56876 -0.03702
1403638151.395097017 0.80812 0.66385 0.34673 0.81596 0.10219 0.56660 -0.05220
1403638151.495096922 0.84824 0.72139 0.34327 0.81337 0.12162 0.56478 -0.06824
1403638151.595097065 0.88937 0.77990 0.34613 0.81095 0.13820 0.56277 -0.08093
1403638151.695096970 0.93027 0.83979 0.35472 0.80832 0.15069 0.56198 -0.09000
1403638151.795097113 0.97049 0.90084 0.37210 0.80744 0.15939 0.55997 -0.09521
1403638151.895097017 1.01030 0.96326 0.39737 0.80692 0.16433 0.55871 -0.09855
1403638151.995096922 1.05137 1.02817 0.42653 0.80706 0.16792 0.55752 -0.09818
1403638152.095097065 1.09319 1.09453 0.45155 0.80749 0.16873 0.55663 -0.09818
1403638152.195096970 1.13364 1.16440 0.47179 0.80745 0.16912 0.55668 -0.09759
1403638152.295097113 1.17352 1.23502 0.48490 0.80706 0.17031 0.55737 -0.09484
1403638152.395097017 1.21471 1.31005 0.49088 0.80695 0.17121 0.55789 -0.09097
1403638152.495096922 1.25533 1.38890 0.48910 0.80748 0.17173 0.55758 -0.08711
1403638152.595097065 1.28996 1.46910 0.48292 0.80757 0.17085 0.55774 -0.08700
1403638152.695096970 1.32995 1.55574 0.47406 0.80942 0.16901 0.55478 -0.09219
1403638152.795097113 1.36962 1.64572 0.47217 0.80783 0.17233 0.55472 -0.09998
1403638152.895097017 1.40837 1.73641 0.47940 0.80371 0.17846 0.55657 -0.11153
1403638152.995096922 1.44154 1.82636 0.49344 0.79946 0.18992 0.55655 -0.12265
1403638153.095097065 1.47182 1.91629 0.51358 0.79949 0.20272 0.54981 -0.13202
1403638153.195096970 1.50664 2.00725 0.53387 0.79980 0.21305 0.54394 -0.13809
1403638153.295097113 1.54603 2.09834 0.54970 0.79880 0.22169 0.54107 -0.14150
1403638153.395097017 1.58822 2.19061 0.56019 0.79680 0.23213 0.53798 -0.14765
1403638153.495096922 1.63113 2.28468 0.56912 0.79297 0.24850 0.53575 -0.14974
1403638153.595097065 1.67191 2.37893 0.58545 0.78836 0.26706 0.53283 -0.15252
1403638153.695096970 1.71466 2.48178 0.60559 0.78238 0.28390 0.53038 -0.16117
1403638153.795097113 1.74361 2.57833 0.62783 0.77530 0.29780 0.52856 -0.17564
1403638153.895097017 1.78147 2.68569 0.64173 0.76905 0.30722 0.52860 -0.18643
1403638153.995096922 1.81803 2.79842 0.64784 0.76377 0.31145 0.53025 -0.19620
1403638154.095097065 1.84736 2.90914 0.65167 0.75951 0.31483 0.53176 -0.20312
1403638154.195096970 1.88075 3.02368 0.64955 0.75441 0.31637 0.53714 -0.20558
1403638154.295097113 1.90891 3.14369 0.64966 0.75005 0.31779 0.54191 -0.20678
1403638154.395097017 1.93933 3.26571 0.64534 0.74487 0.31529 0.54935 -0.20973
1403638154.495096922 1.96225 3.37617 0.63148 0.74152 0.31242 0.55453 -0.21223
1403638154.595097065 1.98612 3.50121 0.62478 0.74271 0.31218 0.55235 -0.21407
1403638154.695096970 1.99563 3.60781 0.62076 0.74521 0.31671 0.54528 -0.21685
1403638154.795097113 2.00903 3.72195 0.62288 0.74610 0.32662 0.53843 -0.21619
1403638154.895097017 2.01269 3.82722 0.63291 0.74459 0.33590 0.53515 -0.21534
1403638154.995096922 2.01174 3.93306 0.65141 0.74093 0.34536 0.53357 -0.21689
1403638155.095097065 2.00484 4.03789 0.67553 0.73542 0.35539 0.53205 -0.22310
1403638155.195096970 1.99300 4.14219 0.69933 0.73004 0.36264 0.53103 -0.23139
1403638155.295097113 1.97710 4.24779 0.71688 0.72372 0.36749 0.53316 -0.23858
1403638155.395097017 1.95582 4.35429 0.72787 0.71650 0.37436 0.53565 -0.24404
1403638155.495096922 1.92929 4.46010 0.73144 0.70971 0.38385 0.53579 -0.24880
1403638155.595097065 1.89610 4.56830 0.72743 0.70423 0.39077 0.53126 -0.26290
1403638155.695096970 1.85508 4.66970 0.72174 0.69559 0.39874 0.52732 -0.28124
1403638155.795097113 1.80878 4.76788 0.71082 0.68732 0.41148 0.52014 -0.29618
1403638155.895097017 1.75866 4.85964 0.69591 0.68074 0.42758 0.50808 -0.30925
1403638155.995096922 1.70438 4.94681 0.68292 0.67610 0.44864 0.48974 -0.31901
1403638156.095097065 1.64888 5.02884 0.67779 0.67036 0.47086 0.47068 -0.32766
1403638156.195096970 1.59485 5.11068 0.68073 0.66255 0.48683 0.45696 -0.33941
1403638156.295097113 1.54241 5.19091 0.69021 0.65536 0.50285 0.44397 -0.34719
1403638156.395097017 1.49363 5.27155 0.69804 0.65034 0.51453 0.43298 -0.35334
1403638156.495096922 1.44825 5.35230 0.69962 0.64735 0.52217 0.42520 -0.35705
1403638156.595097065 1.40655 5.43658 0.69456 0.64448 0.52612 0.42214 -0.36006
1403638156.695096970 1.36887 5.52104 0.68431 0.64371 0.52801 0.42038 -0.36074
1403638156.795097113 1.33431 5.60988 0.66953 0.64317 0.52868 0.42051 -0.36057
1403638156.895097017 1.30246 5.70297 0.65213 0.64384 0.52836 0.42093 -0.35933
1403638156.995096922 1.27169 5.79638 0.63703 0.64543 0.52708 0.42172 -0.35744
1403638157.095097065 1.24029 5.89752 0.63129 0.64832 0.52632 0.42022 -0.35507
1403638157.195096970 1.21594 6.00197 0.63098 0.65183 0.52632 0.41853 -0.35063
1403638157.295097113 1.18876 6.10970 0.63827 0.65182 0.52532 0.41884 -0.35177
1403638157.395097017 1.16913 6.22263 0.64909 0.64778 0.52818 0.42220 -0.35093
1403638157.495096922 1.14986 6.33985 0.65666 0.64200 0.53081 0.42641 -0.35250
1403638157.595097065 1.12851 6.46045 0.66038 0.63318 0.53544 0.42872 -0.35858
1403638157.695096970 1.10761 6.58241 0.66048 0.61951 0.54414 0.43144 -0.36603
1403638157.795097113 1.08360 6.70507 0.66606 0.60511 0.55676 0.42897 -0.37395
1403638157.895097017 1.05703 6.82740 0.67926 0.59191 0.56887 0.42041 -0.38636
1403638157.995096922 1.02545 6.95215 0.70297 0.58003 0.58052 0.41130 -0.39671
1403638158.095097065 0.99649 7.06836 0.71839 0.57468 0.58866 0.39790 -0.40608
1403638158.195096970 0.96942 7.18289 0.72907 0.57113 0.59257 0.38811 -0.41479
1403638158.295097113 0.94555 7.30076 0.73366 0.56653 0.59638 0.38523 -0.41829
1403638158.395097017 0.92360 7.41567 0.73351 0.56291 0.60041 0.38543 -0.41724
1403638158.495096922 0.90282 7.52865 0.72980 0.55835 0.60350 0.38962 -0.41500
1403638158.595097065 0.88148 7.64046 0.72201 0.55566 0.60473 0.39347 -0.41319
1403638158.695096970 0.85712 7.75234 0.71331 0.55616 0.60297 0.39435 -0.41424
1403638158.795097113 0.83036 7.86217 0.70517 0.56073 0.60116 0.38959 -0.41521
1403638158.895097017 0.79948 7.97895 0.70427 0.56718 0.59999 0.38341 -0.41390
1403638158.995096922 0.77260 8.08872 0.71091 0.57209 0.59990 0.37846 -0.41182
1403638159.095097065 0.74706 8.20534 0.72466 0.57828 0.60317 0.37144 -0.40474
1403638159.195096970 0.72351 8.32125 0.73820 0.58539 0.60812 0.36249 -0.39511
1403638159.295097113 0.70184 8.44273 0.74880 0.58567 0.60626 0.36429 -0.39590
1403638159.395097017 0.68267 8.56710 0.75632 0.57957 0.59608 0.37502 -0.41006
1403638159.495096922 0.66642 8.69551 0.76458 0.57163 0.58272 0.38746 -0.42843
1403638159.595097065 0.65412 8.83570 0.77932 0.56925 0.56802 0.39007 -0.44850
1403638159.695096970 0.64975 8.95022 0.80116 0.56920 0.55788 0.38837 -0.46255
1403638159.795097113 0.65460 9.06983 0.83168 0.56792 0.55603 0.38914 -0.46568
1403638159.895097017 0.67030 9.18136 0.87139 0.56195 0.56189 0.39765 -0.45866
1403638159.995096922 0.69145 9.26603 0.91829 0.55627 0.56972 0.40563 -0.44884
1403638160.095097065 0.71655 9.33590 0.97366 0.55477 0.57567 0.40677 -0.44200
1403638160.195096970 0.74355 9.40855 1.03623 0.55863 0.58414 0.40008 -0.43202
1403638160.295097113 0.77040 9.46944 1.10781 0.56513 0.59357 0.38914 -0.42057
1403638160.395097017 0.79710 9.53829 1.18626 0.56880 0.60016 0.38294 -0.41186
1403638160.495096922 0.82577 9.59436 1.25786 0.57050 0.60180 0.37999 -0.40986
1403638160.595097065 0.85336 9.66413 1.32839 0.57120 0.60252 0.37899 -0.40873
1403638160.695096970 0.88055 9.73886 1.39297 0.57148 0.60210 0.37900 -0.40896
1403638160.795097113 0.90834 9.81399 1.45368 0.57171 0.59529 0.38010 -0.41749
1403638160.895097017 0.93768 9.89111 1.51342 0.57333 0.58088 0.38750 -0.42861
1403638160.995096922 0.97147 9.95714 1.56427 0.57764 0.56622 0.39900 -0.43190
1403638161.095097065 1.01167 10.01280 1.61212 0.58629 0.55316 0.40875 -0.42801
1403638161.195096970 1.05635 10.06283 1.65678 0.59848 0.54226 0.41853 -0.41545
1403638161.295097113 1.10512 10.11283 1.69933 0.61428 0.52889 0.42760 -0.40013
1403638161.395097017 1.15564 10.15962 1.74129 0.63079 0.51701 0.43314 -0.38366
1403638161.495096922 1.20702 10.20655 1.78111 0.64473 0.51057 0.43433 -0.36742
1403638161.595097065 1.26291 10.25601 1.81895 0.65420 0.50457 0.43524 -0.35777
1403638161.695096970 1.31522 10.30750 1.85013 0.66150 0.49780 0.43482 -0.35433
1403638161.795097113 1.36990 10.35774 1.87563 0.66497 0.49038 0.43719 -0.35524
1403638161.895097017 1.42562 10.41155 1.90068 0.66627 0.48207 0.44495 -0.35457
1403638161.995096922 1.48542 10.46239 1.91979 0.66988 0.47451 0.45069 -0.35068
1403638162.095097065 1.54671 10.51363 1.94239 0.67340 0.46919 0.45339 -0.34761
1403638162.195096970 1.61111 10.56180 1.97182 0.67884 0.46542 0.45048 -0.34588
1403638162.295097113 1.67825 10.60963 2.00301 0.68319 0.46285 0.44770 -0.34436
1403638162.395097017 1.75041 10.65677 2.03045 0.68539 0.45896 0.44626 -0.34706
1403638162.495096922 1.82739 10.70270 2.05320 0.68424 0.45726 0.44897 -0.34808
1403638162.595097065 1.90879 10.74662 2.07642 0.68233 0.46004 0.45166 -0.34467
1403638162.695096970 1.99330 10.78892 2.10392 0.68003 0.46413 0.45412 -0.34048
1403638162.795097113 2.08043 10.82936 2.14008 0.68139 0.46508 0.45240 -0.33874
1403638162.895097017 2.17087 10.87047 2.17748 0.68478 0.45911 0.45246 -0.33996
1403638162.995096922 2.26543 10.90928 2.22258 0.68438 0.44980 0.45826 -0.34539
1403638163.095097065 2.36570 10.95230 2.24942 0.68284 0.44044 0.46638 -0.34961
1403638163.195096970 2.46762 10.98533 2.27010 0.68659 0.43433 0.47102 -0.34364
1403638163.295097113 2.57468 11.01592 2.27624 0.69196 0.42885 0.47690 -0.33143
1403638163.395097017 2.68451 11.04271 2.27804 0.69752 0.42030 0.48511 -0.31854
1403638163.495096922 2.79383 11.06553 2.27804 0.70425 0.40976 0.49101 -0.30828
1403638163.595097065 2.90507 11.08719 2.28561 0.70957 0.40144 0.49420 -0.30185
1403638163.695096970 3.01498 11.10750 2.30416 0.71210 0.39674 0.49758 -0.29652
1403638163.795097113 3.12101 11.12329 2.33133 0.71321 0.39385 0.49997 -0.29369
1403638163.895097017 3.22429 11.13432 2.36601 0.71431 0.39027 0.50030 -0.29523
1403638163.995096922 3.32705 11.14190 2.40672 0.71706 0.38758 0.49656 -0.29840
1403638164.095097065 3.43173 11.14710 2.45417 0.71864 0.38613 0.49311 -0.30216
1403638164.195096970 3.54068 11.14908 2.50652 0.71851 0.38414 0.49170 -0.30726
1403638164.295097113 3.64761 11.14653 2.55395 0.71661 0.38329 0.49263 -0.31125
1403638164.395097017 3.75658 11.13838 2.59486 0.71506 0.38319 0.49321 -0.31400
1403638164.495096922 3.86749 11.12523 2.62950 0.71470 0.38367 0.49205 -0.31604
1403638164.595097065 3.98140 11.10672 2.65993 0.71532 0.38214 0.49034 -0.31916
1403638164.695096970 4.09966 11.08225 2.68535 0.71744 0.37901 0.49132 -0.31660
1403638164.795097113 4.22433 11.05174 2.70672 0.71536 0.37865 0.50062 -0.30703
1403638164.895097017 4.35075 11.01812 2.72804 0.71002 0.38168 0.51382 -0.29356
1403638164.995096922 4.47175 10.98300 2.74441 0.70802 0.37842 0.52087 -0.29017
1403638165.095097065 4.58835 10.94276 2.75431 0.71098 0.36515 0.52270 -0.29658
1403638165.195096970 4.70075 10.89465 2.75783 0.71887 0.35829 0.51805 -0.29407
1403638165.295097113 4.80952 10.84123 2.75414 0.73057 0.35687 0.50690 -0.28630
1403638165.395097017 4.92001 10.78643 2.74414 0.73769 0.35108 0.50108 -0.28545
1403638165.495096922 5.03078 10.72895 2.73246 0.73553 0.34728 0.50757 -0.28419
1403638165.595097065 5.14262 10.66949 2.71557 0.72776 0.34361 0.52119 -0.28400
1403638165.695096970 5.25229 10.60319 2.69678 0.71854 0.34221 0.53549 -0.28255
1403638165.795097113 5.35836 10.52888 2.67231 0.71526 0.34399 0.54088 -0.27841
1403638165.895097017 5.45747 10.44958 2.64449 0.72094 0.34823 0.53348 -0.27273
1403638165.995096922 5.55286 10.36735 2.62206 0.72712 0.35277 0.52478 -0.26731
1403638166.095097065 5.64636 10.28260 2.61069 0.73245 0.35811 0.51675 -0.26123
1403638166.195096970 5.74018 10.20147 2.61092 0.73381 0.36356 0.51328 -0.25670
1403638166.295097113 5.82876 10.11932 2.63313 0.73283 0.36730 0.51273 -0.25526
1403638166.395097017 5.91143 10.04254 2.67523 0.73174 0.37083 0.51271 -0.25332
1403638166.495096922 5.98442 9.97085 2.72764 0.73157 0.37301 0.51187 -0.25233
1403638166.595097065 6.05830 9.90007 2.77412 0.73085 0.37339 0.51170 -0.25419
1403638166.695096970 6.12818 9.83537 2.81282 0.73189 0.37223 0.50951 -0.25726
1403638166.795097113 6.20176 9.76850 2.84098 0.73659 0.36834 0.50162 -0.26482
1403638166.895097017 6.27422 9.70035 2.85956 0.74725 0.36499 0.48499 -0.27052
1403638166.995096922 6.35023 9.64007 2.87261 0.75562 0.36600 0.47199 -0.26891
1403638167.095097065 6.43343 9.58329 2.88587 0.75840 0.36983 0.46767 -0.26333
1403638167.195096970 6.52685 9.53091 2.90661 0.75653 0.37399 0.47046 -0.25778
1403638167.295097113 6.62715 9.48732 2.93547 0.75351 0.37718 0.47511 -0.25344
1403638167.395097017 6.73261 9.45145 2.96960 0.75192 0.37736 0.47790 -0.25263
1403638167.495096922 6.84308 9.42069 3.00203 0.74984 0.37454 0.48171 -0.25577
1403638167.595097065 6.95625 9.39427 3.02836 0.74702 0.36886 0.48689 -0.26238
1403638167.695096970 7.07287 9.36837 3.04784 0.74778 0.35817 0.48942 -0.27019
1403638167.795097113 7.19995 9.33571 3.06198 0.75117 0.34477 0.49191 -0.27368
1403638167.895097017 7.32963 9.30309 3.07142 0.75655 0.33040 0.49469 -0.27156
1403638167.995096922 7.46016 9.27072 3.07658 0.76155 0.31660 0.49958 -0.26497
1403638168.095097065 7.59619 9.23669 3.08498 0.76539 0.30420 0.50425 -0.25957
1403638168.195096970 7.73632 9.19611 3.10080 0.76871 0.29406 0.50938 -0.25130
1403638168.295097113 7.88420 9.14521 3.12309 0.77286 0.28523 0.51469 -0.23755
1403638168.395097017 8.02810 9.09694 3.15309 0.77602 0.27337 0.52176 -0.22545
1403638168.495096922 8.17481 9.04660 3.18554 0.78026 0.26824 0.52512 -0.20855
1403638168.595097065 8.32184 8.99691 3.21083 0.78566 0.26937 0.52362 -0.18973
1403638168.695096970 8.47173 8.95392 3.22599 0.78931 0.27127 0.52231 -0.17488
1403638168.795097113 8.62048 8.91412 3.23449 0.79125 0.27163 0.52135 -0.16835
1403638168.895097017 8.76662 8.88238 3.23761 0.79261 0.27268 0.52005 -0.16419
1403638168.995096922 8.91351 8.85868 3.23610 0.79246 0.27362 0.51977 -0.16426
1403638169.095097065 9.05931 8.84628 3.23015 0.78675 0.27236 0.52698 -0.17071
1403638169.195096970 9.20626 8.83378 3.21869 0.78306 0.26878 0.53059 -0.18177
1403638169.295097113 9.35313 8.82398 3.20360 0.78127 0.25843 0.53339 -0.19576
1403638169.395097017 9.50056 8.81424 3.18314 0.77972 0.23907 0.53885 -0.21101
1403638169.495096922 9.64618 8.79978 3.16192 0.77910 0.22043 0.54602 -0.21512
1403638169.595097065 9.79570 8.77143 3.14662 0.78010 0.20525 0.55313 -0.20823
1403638169.695096970 9.94725 8.73471 3.13660 0.78421 0.19429 0.55794 -0.18964
1403638169.795097113 10.09145 8.68750 3.13599 0.78826 0.18364 0.56348 -0.16556
1403638169.895097017 10.23288 8.63468 3.14365 0.79159 0.17361 0.56962 -0.13703
1403638169.995096922 10.36653 8.58071 3.15934 0.78885 0.15988 0.58265 -0.11259
1403638170.095097065 10.49755 8.53106 3.17596 0.78692 0.13871 0.59309 -0.09884
1403638170.195096970 10.61594 8.48249 3.18482 0.78983 0.11360 0.59600 -0.08970
1403638170.295097113 10.72704 8.43172 3.18694 0.79395 0.08745 0.59602 -0.08217
1403638170.395097017 10.83023 8.37849 3.18216 0.79979 0.06293 0.59258 -0.07223
1403638170.495096922 10.92989 8.32375 3.17281 0.80438 0.03895 0.58949 -0.06295
1403638170.595097065 11.02848 8.26698 3.16747 0.80388 0.01342 0.59175 -0.05850
1403638170.695096970 11.12229 8.20318 3.17227 0.80059 -0.00835 0.59715 -0.04902
1403638170.795097113 11.20023 8.13070 3.18493 0.79967 -0.02686 0.59870 -0.03681
1403638170.895097017 11.26979 8.05300 3.19863 0.79957 -0.04353 0.59857 -0.02237
1403638170.995096922 11.33459 7.97287 3.20390 0.79901 -0.06026 0.59824 -0.00762
1403638171.095097065 11.38516 7.88449 3.20729 0.79654 -0.07633 0.59973 0.00382
1403638171.195096970 11.42848 7.79221 3.20744 0.79411 -0.08900 0.60112 0.01113
1403638171.295097113 11.46496 7.69575 3.20540 0.79211 -0.09773 0.60229 0.01618
1403638171.395097017 11.49071 7.59506 3.20183 0.78994 -0.10405 0.60399 0.01892
1403638171.495096922 11.50436 7.48834 3.19670 0.78765 -0.11116 0.60562 0.02191
1403638171.595097065 11.51125 7.37678 3.18964 0.78471 -0.11831 0.60801 0.02361
1403638171.695096970 11.50810 7.25926 3.18062 0.78148 -0.12847 0.61006 0.02466
1403638171.795097113 11.49317 7.13224 3.16937 0.77887 -0.13894 0.61097 0.02791
1403638171.895097017 11.46760 6.99858 3.16183 0.77413 -0.14883 0.61459 0.02916
1403638171.995096922 11.43004 6.85997 3.16147 0.77058 -0.15219 0.61777 0.03760
1403638172.095097065 11.37792 6.71631 3.16710 0.76971 -0.15389 0.61791 0.04535
1403638172.195096970 11.31354 6.56853 3.17108 0.77022 -0.15535 0.61663 0.04891
1403638172.295097113 11.23729 6.41832 3.16587 0.77118 -0.15487 0.61527 0.05237
1403638172.395097017 11.15034 6.26557 3.15033 0.77101 -0.15432 0.61554 0.05328
1403638172.495096922 11.05618 6.10941 3.12410 0.76894 -0.15417 0.61832 0.05151
1403638172.595097065 10.95406 5.95074 3.08868 0.76694 -0.15352 0.62114 0.04910
1403638172.695096970 10.84116 5.78694 3.04588 0.76652 -0.15332 0.62206 0.04444
1403638172.795097113 10.71785 5.61214 3.00042 0.76697 -0.15147 0.62218 0.04131
1403638172.895097017 10.57972 5.44229 2.94818 0.76705 -0.15057 0.62255 0.03722
1403638172.995096922 10.42921 5.26284 2.89345 0.76971 -0.15106 0.61958 0.02915
1403638173.095097065 10.26772 5.08232 2.83127 0.77470 -0.15126 0.61358 0.02200
1403638173.195096970 10.09827 4.89517 2.76226 0.77973 -0.14901 0.60777 0.02101
1403638173.295097113 9.92001 4.70041 2.68798 0.78343 -0.14293 0.60422 0.02697
1403638173.395097017 9.73596 4.50223 2.60802 0.78697 -0.13422 0.60096 0.03889
1403638173.495096922 9.54596 4.30309 2.51795 0.79127 -0.12509 0.59622 0.05262
1403638173.595097065 9.35554 4.10416 2.42270 0.79261 -0.11938 0.59468 0.06221
1403638173.695096970 9.15732 3.90948 2.32664 0.79278 -0.11908 0.59431 0.06421
1403638173.795097113 8.96110 3.71543 2.22581 0.79342 -0.12048 0.59323 0.06360
1403638173.895097017 8.76562 3.52403 2.12727 0.79480 -0.12068 0.59121 0.06480
1403638173.995096922 8.56636 3.33623 2.03577 0.79396 -0.12171 0.59219 0.06427
1403638174.095097065 8.35984 3.15309 1.95120 0.79453 -0.12245 0.59134 0.06360
1403638174.195096970 8.14613 2.97094 1.87185 0.79769 -0.12172 0.58708 0.06491
1403638174.295097113 7.93382 2.79052 1.78657 0.80343 -0.12160 0.57934 0.06389
1403638174.395097017 7.72203 2.60746 1.69671 0.80702 -0.12127 0.57447 0.06316
1403638174.495096922 7.51557 2.42913 1.60577 0.81015 -0.12043 0.57034 0.06217
1403638174.595097065 7.31690 2.25394 1.51957 0.81382 -0.11812 0.56537 0.06411
1403638174.695096970 7.11959 2.07913 1.44073 0.81831 -0.11619 0.55901 0.06611
1403638174.795097113 6.92020 1.90568 1.37247 0.82251 -0.11541 0.55293 0.06659
1403638174.895097017 6.73922 1.73659 1.30718 0.82447 -0.11372 0.55009 0.06870
1403638174.995096922 6.56599 1.57131 1.24743 0.82575 -0.11421 0.54801 0.06908
1403638175.095097065 6.40320 1.40756 1.19603 0.82462 -0.11436 0.54956 0.07008
1403638175.195096970 6.25021 1.24541 1.14951 0.82444 -0.11396 0.54951 0.07313
1403638175.295097113 6.10656 1.08518 1.10854 0.82652 -0.11404 0.54606 0.07534
1403638175.395097017 5.97108 0.92714 1.07458 0.83190 -0.11371 0.53757 0.07770
1403638175.495096922 5.84692 0.76847 1.04713 0.83809 -0.11174 0.52772 0.08137
1403638175.595097065 5.73510 0.61290 1.02923 0.84561 -0.11109 0.51564 0.08202
1403638175.695096970 5.63629 0.46523 1.01842 0.85270 -0.11172 0.50396 0.08023
1403638175.795097113 5.55535 0.32152 1.00960 0.85678 -0.11180 0.49718 0.07898
1403638175.895097017 5.49258 0.18096 0.99198 0.85867 -0.10920 0.49414 0.08114
1403638175.995096922 5.44669 0.04395 0.96641 0.85728 -0.10227 0.49677 0.08846
1403638176.095097065 5.41879 -0.08816 0.94037 0.84854 -0.09520 0.51156 0.09604
1403638176.195096970 5.41381 -0.20605 0.92259 0.83302 -0.09302 0.53654 0.09772
1403638176.295097113 5.41171 -0.32171 0.90785 0.82050 -0.09478 0.55566 0.09510
1403638176.395097017 5.40810 -0.43274 0.89614 0.81498 -0.09532 0.56362 0.09513
1403638176.495096922 5.41302 -0.53049 0.89075 0.81467 -0.09473 0.56385 0.09705
1403638176.595097065 5.42235 -0.62160 0.88985 0.81615 -0.09514 0.56154 0.09761
1403638176.695096970 5.42840 -0.70750 0.89385 0.81686 -0.09512 0.56030 0.09875
1403638176.795097113 5.43880 -0.78566 0.90568 0.81725 -0.09615 0.55980 0.09739
1403638176.895097017 5.45311 -0.85805 0.92165 0.81760 -0.09966 0.55950 0.09251
1403638176.995096922 5.46779 -0.92361 0.93688 0.81804 -0.09915 0.55880 0.09334
1403638177.095097065 5.48788 -0.98853 0.94438 0.81927 -0.09739 0.55689 0.09587
1403638177.195096970 5.50724 -1.04250 0.94628 0.81967 -0.09554 0.55604 0.09915
1403638177.295097113 5.53164 -1.09511 0.93804 0.81975 -0.09466 0.55583 0.10050
1403638177.395097017 5.55697 -1.13630 0.92643 0.81962 -0.09460 0.55594 0.10105
1403638177.495096922 5.59254 -1.17576 0.90316 0.81979 -0.09842 0.55573 0.09708
1403638177.595097065 5.62539 -1.20354 0.88192 0.81857 -0.10858 0.55775 0.08399
1403638177.695096970 5.66413 -1.23096 0.85494 0.81739 -0.11675 0.55915 0.07479
1403638177.795097113 5.70376 -1.26038 0.82617 0.81330 -0.12602 0.56403 0.06735
1403638177.895097017 5.73882 -1.28848 0.79836 0.80563 -0.13195 0.57401 0.06377
1403638177.995096922 5.77503 -1.31996 0.77362 0.79996 -0.13447 0.58123 0.06451
1403638178.095097065 5.80468 -1.35514 0.75722 0.79653 -0.13558 0.58465 0.07305
1403638178.195096970 5.83468 -1.39501 0.74489 0.79355 -0.14348 0.58564 0.08200
1403638178.295097113 5.85103 -1.43554 0.74392 0.78894 -0.15750 0.58684 0.09157
1403638178.395097017 5.86206 -1.47698 0.75121 0.78425 -0.17512 0.58620 0.10323
1403638178.495096922 5.86601 -1.51803 0.75618 0.78192 -0.19754 0.58009 0.11435
1403638178.595097065 5.86156 -1.55834 0.75494 0.78135 -0.22190 0.56983 0.12470
1403638178.695096970 5.85242 -1.59994 0.74936 0.77802 -0.24503 0.56249 0.13507
1403638178.795097113 5.83871 -1.64396 0.74043 0.77275 -0.26535 0.55734 0.14769
1403638178.895097017 5.82351 -1.68964 0.72989 0.77110 -0.28192 0.54824 0.15922
1403638178.995096922 5.80483 -1.73913 0.71482 0.77223 -0.29395 0.53804 0.16667
1403638179.095097065 5.78389 -1.79106 0.69611 0.77481 -0.30052 0.52826 0.17408
1403638179.195096970 5.76439 -1.84714 0.67311 0.77617 -0.30600 0.52007 0.18289
1403638179.295097113 5.74806 -1.90833 0.64715 0.77713 -0.31212 0.51155 0.19229
1403638179.395097017 5.73665 -1.97762 0.62193 0.77299 -0.32154 0.50786 0.20293
1403638179.495096922 5.72768 -2.04759 0.59453 0.75952 -0.33584 0.51465 0.21326
1403638179.595097065 5.71965 -2.11875 0.56369 0.74615 -0.35217 0.51788 0.22592
1403638179.695096970 5.70960 -2.19142 0.53497 0.73439 -0.36952 0.51684 0.23874
1403638179.795097113 5.69621 -2.26505 0.51288 0.72405 -0.38728 0.51207 0.25209
1403638179.895097017 5.68215 -2.33575 0.49780 0.71432 -0.40475 0.50567 0.26499
1403638179.995096922 5.66654 -2.40743 0.48724 0.71028 -0.42074 0.49456 0.27184
1403638180.095097065 5.65313 -2.48080 0.47991 0.70698 -0.43382 0.48640 0.27458
1403638180.195096970 5.63856 -2.55679 0.47650 0.70358 -0.44067 0.48273 0.27886
1403638180.295097113 5.62133 -2.63551 0.47164 0.70219 -0.44503 0.47966 0.28072
1403638180.395097017 5.60577 -2.71729 0.46046 0.70197 -0.44690 0.47756 0.28189
1403638180.495096922 5.59180 -2.80234 0.44393 0.70326 -0.44520 0.47533 0.28511
1403638180.595097065 5.57975 -2.88983 0.42384 0.70493 -0.44248 0.47380 0.28776
1403638180.695096970 5.56852 -2.97973 0.40660 0.70872 -0.44047 0.47000 0.28776
1403638180.795097113 5.55971 -3.07272 0.39618 0.71325 -0.44002 0.46582 0.28401
1403638180.895097017 5.55124 -3.17053 0.39412 0.71508 -0.43875 0.46640 0.28042
1403638180.995096922 5.54732 -3.27237 0.39168 0.71467 -0.43751 0.46989 0.27753
1403638181.095097065 5.54576 -3.37710 0.38412 0.71400 -0.43601 0.47384 0.27490
1403638181.195096970 5.54566 -3.48597 0.37095 0.71156 -0.43539 0.47945 0.27248
1403638181.295097113 5.54500 -3.59909 0.35368 0.70362 -0.43712 0.48957 0.27234
1403638181.395097017 5.53442 -3.72030 0.33232 0.69292 -0.44445 0.49645 0.27544
1403638181.495096922 5.52288 -3.84058 0.30548 0.67860 -0.45798 0.50103 0.28059
1403638181.595097065 5.50448 -3.96432 0.27809 0.65814 -0.47037 0.50872 0.29464
1403638181.695096970 5.47691 -4.08812 0.25393 0.64715 -0.48256 0.50121 0.31166
1403638181.795097113 5.44233 -4.20026 0.23740 0.64009 -0.49589 0.48691 0.32755
1403638181.895097017 5.40088 -4.31380 0.23192 0.63578 -0.50874 0.46845 0.34281
1403638181.995096922 5.35617 -4.43274 0.23652 0.63097 -0.52248 0.45424 0.35008
1403638182.095097065 5.31174 -4.53771 0.24461 0.62805 -0.53474 0.44271 0.35159
1403638182.195096970 5.26824 -4.64147 0.26101 0.62556 -0.54370 0.43467 0.35231
1403638182.295097113 5.22400 -4.74882 0.26977 0.62242 -0.55301 0.43164 0.34707
1403638182.395097017 5.17864 -4.85997 0.27670 0.62077 -0.55884 0.43055 0.34201
1403638182.495096922 5.13039 -4.97336 0.28624 0.62536 -0.55713 0.42360 0.34509
1403638182.595097065 5.08366 -5.08696 0.30468 0.63210 -0.55175 0.41537 0.35140
1403638182.695096970 5.03516 -5.21552 0.32877 0.63612 -0.54847 0.41278 0.35234
1403638182.795097113 4.98893 -5.34249 0.35582 0.63683 -0.54663 0.41499 0.35133
1403638182.895097017 4.94593 -5.47253 0.37857 0.63599 -0.54401 0.41939 0.35169
1403638182.995096922 4.90437 -5.60526 0.39591 0.63303 -0.54007 0.42663 0.35437
1403638183.095097065 4.86302 -5.73899 0.40896 0.63085 -0.53458 0.43275 0.35914
1403638183.195096970 4.81785 -5.87467 0.41919 0.63136 -0.52943 0.43427 0.36400
1403638183.295097113 4.77869 -6.00507 0.42305 0.63624 -0.52837 0.42861 0.36376
1403638183.395097017 4.74269 -6.13705 0.42020 0.64084 -0.53188 0.42237 0.35781
1403638183.495096922 4.70968 -6.27078 0.41455 0.64573 -0.53352 0.41513 0.35505
1403638183.595097065 4.67924 -6.40812 0.40811 0.64824 -0.53400 0.41163 0.35384
1403638183.695096970 4.65101 -6.54982 0.40934 0.64562 -0.52999 0.41605 0.35943
1403638183.795097113 4.63050 -6.69228 0.41073 0.64040 -0.52478 0.42398 0.36707
1403638183.895097017 4.61326 -6.83308 0.41995 0.63572 -0.51982 0.43075 0.37431
1403638183.995096922 4.59886 -6.96907 0.43525 0.63491 -0.51968 0.43141 0.37510
1403638184.095097065 4.58680 -7.10414 0.45941 0.63695 -0.52309 0.42792 0.37089
1403638184.195096970 4.58182 -7.23188 0.47773 0.64076 -0.52824 0.42117 0.36469
1403638184.295097113 4.57940 -7.35833 0.49254 0.64227 -0.53109 0.41781 0.36177
1403638184.395097017 4.58019 -7.48952 0.50372 0.64014 -0.52960 0.42054 0.36454
1403638184.495096922 4.58454 -7.62318 0.51038 0.63815 -0.52691 0.42318 0.36885
1403638184.595097065 4.59168 -7.75832 0.51830 0.63630 -0.52625 0.42532 0.37051
1403638184.695096970 4.60260 -7.89000 0.52463 0.63562 -0.52595 0.42612 0.37120
1403638184.795097113 4.61571 -8.01985 0.53075 0.63433 -0.52662 0.42790 0.37040
1403638184.895097017 4.63134 -8.15469 0.54004 0.63498 -0.52634 0.42631 0.37151
1403638184.995096922 4.65101 -8.28331 0.54799 0.63354 -0.52591 0.42810 0.37253
1403638185.095097065 4.67292 -8.41033 0.55808 0.63424 -0.52605 0.42705 0.37233
1403638185.195096970 4.69725 -8.54166 0.57057 0.63549 -0.52519 0.42564 0.37304
1403638185.295097113 4.72446 -8.66692 0.58266 0.63778 -0.52237 0.42298 0.37609
1403638185.395097017 4.75751 -8.79048 0.59403 0.63906 -0.51804 0.42292 0.37997
1403638185.495096922 4.79522 -8.91869 0.60848 0.64233 -0.50829 0.42740 0.38261
1403638185.595097065 4.84039 -9.03667 0.62226 0.64823 -0.49663 0.43392 0.38061
1403638185.695096970 4.89147 -9.15282 0.63574 0.65297 -0.48686 0.44166 0.37621
1403638185.795097113 4.94715 -9.27029 0.64839 0.65448 -0.48523 0.45170 0.36356
1403638185.895097017 5.00524 -9.37967 0.65815 0.65355 -0.49356 0.46152 0.34098
1403638185.995096922 5.06079 -9.49422 0.66624 0.65370 -0.49881 0.46655 0.32588
1403638186.095097065 5.11195 -9.60712 0.66748 0.65879 -0.49618 0.46238 0.32557
1403638186.195096970 5.16148 -9.71285 0.66601 0.66300 -0.49159 0.45773 0.33055
1403638186.295097113 5.20838 -9.81769 0.66666 0.66512 -0.48913 0.45536 0.33319
1403638186.395097017 5.25625 -9.92562 0.67581 0.66653 -0.48803 0.45304 0.33513
1403638186.495096922 5.30400 -10.02598 0.68802 0.66572 -0.48724 0.45360 0.33713
1403638186.595097065 5.35260 -10.12584 0.70046 0.66687 -0.48622 0.45084 0.34003
1403638186.695096970 5.40264 -10.22819 0.70822 0.66856 -0.48406 0.44735 0.34436
1403638186.795097113 5.45702 -10.32822 0.70996 0.67248 -0.47714 0.44493 0.34949
1403638186.895097017 5.51649 -10.42712 0.70693 0.67951 -0.46774 0.44395 0.34984
1403638186.995096922 5.58318 -10.52720 0.70409 0.68780 -0.45685 0.44843 0.34225
1403638187.095097065 5.65550 -10.63447 0.71276 0.69376 -0.44313 0.46408 0.32706
1403638187.195096970 5.73387 -10.72798 0.72409 0.69960 -0.42458 0.48319 0.31114
1403638187.295097113 5.81137 -10.82121 0.74602 0.70556 -0.40252 0.50211 0.29672
1403638187.395097017 5.88976 -10.90655 0.77306 0.71083 -0.38226 0.51679 0.28552
1403638187.495096922 5.96463 -10.98932 0.80850 0.71596 -0.36708 0.52536 0.27687
1403638187.595097065 6.03557 -11.06640 0.83976 0.72370 -0.35925 0.52478 0.26795
1403638187.695096970 6.10267 -11.13529 0.86915 0.73100 -0.35587 0.52021 0.26148
1403638187.795097113 6.16862 -11.20263 0.89301 0.73550 -0.35209 0.51655 0.26123
1403638187.895097017 6.23319 -11.26398 0.91289 0.73755 -0.34725 0.51414 0.26664
1403638187.995096922 6.29975 -11.31979 0.92767 0.73590 -0.34286 0.51546 0.27422
1403638188.095097065 6.36695 -11.36964 0.94008 0.73385 -0.33853 0.51652 0.28296
1403638188.195096970 6.43562 -11.41113 0.94784 0.73065 -0.33541 0.51896 0.29040
1403638188.295097113 6.50593 -11.44410 0.95217 0.72020 -0.33706 0.53236 0.29034
1403638188.395097017 6.57585 -11.46550 0.95050 0.70714 -0.33884 0.54909 0.28922
1403638188.495096922 6.64534 -11.48642 0.95109 0.69738 -0.34080 0.56107 0.28763
1403638188.595097065 6.70182 -11.48357 0.94748 0.69204 -0.34117 0.56821 0.28605
1403638188.695096970 6.74991 -11.46598 0.94684 0.69599 -0.33877 0.56706 0.28154
1403638188.795097113 6.78936 -11.43536 0.95474 0.70554 -0.33610 0.56080 0.27340
1403638188.895097017 6.82030 -11.39420 0.97261 0.71322 -0.33342 0.55606 0.26637
1403638188.995096922 6.84799 -11.34647 0.99875 0.71920 -0.33107 0.55231 0.26097
1403638189.095097065 6.86863 -11.28966 1.02988 0.72326 -0.32617 0.55355 0.25315
1403638189.195096970 6.88334 -11.22479 1.06257 0.72826 -0.31741 0.55688 0.24242
1403638189.295097113 6.89170 -11.15584 1.08733 0.73623 -0.30573 0.55877 0.22863
1403638189.395097017 6.89427 -11.08253 1.10492 0.74984 -0.29454 0.55232 0.21432
1403638189.495096922 6.89728 -11.00646 1.12136 0.76417 -0.28616 0.54177 0.20161
1403638189.595097065 6.89884 -10.93086 1.14622 0.77262 -0.28042 0.53618 0.19218
1403638189.695096970 6.90602 -10.85682 1.17330 0.77892 -0.27828 0.53112 0.18370
1403638189.795097113 6.91417 -10.78704 1.19758 0.78419 -0.27950 0.52530 0.17602
1403638189.895097017 6.92246 -10.72134 1.21547 0.78950 -0.27953 0.51818 0.17334
1403638189.995096922 6.93449 -10.65858 1.22350 0.79078 -0.27940 0.51617 0.17371
1403638190.095097065 6.95310 -10.60395 1.23005 0.78538 -0.27759 0.52394 0.17779
1403638190.195096970 6.97148 -10.55551 1.23528 0.77781 -0.27429 0.53449 0.18465
1403638190.295097113 7.00483 -10.50988 1.23199 0.77114 -0.26395 0.54417 0.19885
1403638190.395097017 7.02536 -10.45611 1.21819 0.76850 -0.24735 0.55114 0.21086
1403638190.495096922 7.05162 -10.39993 1.20269 0.77020 -0.23456 0.55256 0.21552
1403638190.595097065 7.07877 -10.33489 1.18201 0.77322 -0.22991 0.55252 0.20973
1403638190.695096970 7.10255 -10.26282 1.16337 0.77492 -0.22811 0.55344 0.20290
1403638190.795097113 7.12652 -10.18354 1.14764 0.77508 -0.22865 0.55601 0.19448
1403638190.895097017 7.14785 -10.09848 1.13807 0.77555 -0.23282 0.55746 0.18320
1403638190.995096922 7.17242 -10.00999 1.14020 0.77560 -0.23419 0.55851 0.17796
1403638191.095097065 7.18951 -9.91853 1.14803 0.77260 -0.23360 0.56325 0.17683
1403638191.195096970 7.20224 -9.82597 1.16094 0.77644 -0.23484 0.55816 0.17448
1403638191.295097113 7.21779 -9.73548 1.18411 0.78371 -0.23852 0.54765 0.17026
1403638191.395097017 7.22623 -9.64360 1.20526 0.78839 -0.23891 0.54059 0.17066
1403638191.495096922 7.24290 -9.55951 1.22941 0.78983 -0.24080 0.53787 0.16992
1403638191.595097065 7.25874 -9.47245 1.24348 0.78988 -0.24039 0.53724 0.17225
1403638191.695096970 7.27740 -9.38779 1.25265 0.79074 -0.23869 0.53551 0.17603
1403638191.795097113 7.29946 -9.30278 1.25532 0.79186 -0.23516 0.53341 0.18202
1403638191.895097017 7.32917 -9.21931 1.25475 0.79230 -0.23422 0.53232 0.18447
1403638191.995096922 7.36841 -9.13938 1.25824 0.79233 -0.23495 0.53218 0.18383
1403638192.095097065 7.41042 -9.05706 1.26736 0.79232 -0.23413 0.53200 0.18542
1403638192.195096970 7.45149 -8.96911 1.28069 0.79067 -0.23543 0.53470 0.18307
1403638192.295097113 7.49942 -8.88344 1.30578 0.78600 -0.23629 0.54176 0.18127
1403638192.395097017 7.55032 -8.79691 1.33877 0.78175 -0.23622 0.54817 0.18049
1403638192.495096922 7.60647 -8.70779 1.37720 0.77947 -0.23650 0.55151 0.17980
1403638192.595097065 7.65810 -8.61228 1.41998 0.77588 -0.23555 0.55643 0.18142
1403638192.695096970 7.70732 -8.51625 1.46386 0.76858 -0.23519 0.56626 0.18254
1403638192.795097113 7.75374 -8.41290 1.50035 0.76135 -0.23516 0.57573 0.18324
1403638192.895097017 7.79315 -8.30450 1.53096 0.75293 -0.23710 0.58688 0.18013
1403638192.995096922 7.82485 -8.18410 1.55461 0.74042 -0.24131 0.60325 0.17218
1403638193.095097065 7.83696 -8.07781 1.57891 0.73808 -0.24089 0.60882 0.16296
1403638193.195096970 7.83168 -7.96556 1.60988 0.74785 -0.23392 0.60082 0.15818
1403638193.295097113 7.81296 -7.84996 1.64952 0.75662 -0.22590 0.59338 0.15622
1403638193.395097017 7.78541 -7.73559 1.70077 0.76248 -0.21639 0.58854 0.15941
1403638193.495096922 7.74460 -7.62299 1.75492 0.76357 -0.20982 0.58901 0.16125
1403638193.595097065 7.70115 -7.50711 1.80336 0.76543 -0.20692 0.58794 0.16010
1403638193.695096970 7.65123 -7.38822 1.84295 0.77300 -0.20739 0.57867 0.15682
1403638193.795097113 7.59589 -7.26813 1.87515 0.78038 -0.20998 0.56916 0.15156
1403638193.895097017 7.53774 -7.14804 1.90252 0.78451 -0.21130 0.56337 0.15006
1403638193.995096922 7.47943 -7.02800 1.92469 0.78680 -0.21289 0.56000 0.14843
1403638194.095097065 7.42171 -6.90952 1.94276 0.78473 -0.21205 0.56255 0.15090
1403638194.195096970 7.35737 -6.79832 1.95123 0.77928 -0.21100 0.56981 0.15335
1403638194.295097113 7.29706 -6.68007 1.95794 0.77607 -0.21090 0.57387 0.15460
1403638194.395097017 7.23377 -6.56124 1.96002 0.77973 -0.21344 0.56860 0.15219
1403638194.495096922 7.16723 -6.44287 1.96829 0.78358 -0.21653 0.56292 0.14912
1403638194.595097065 7.09785 -6.32542 1.98208 0.78727 -0.21772 0.55738 0.14877
1403638194.695096970 7.02876 -6.20967 1.99902 0.79282 -0.21957 0.54909 0.14741
1403638194.795097113 6.96185 -6.09771 2.01345 0.79684 -0.22051 0.54281 0.14756
1403638194.895097017 6.89831 -5.98907 2.02223 0.79987 -0.22137 0.53785 0.14808
1403638194.995096922 6.83812 -5.88405 2.02549 0.80146 -0.22169 0.53532 0.14815
1403638195.095097065 6.78201 -5.78365 2.02404 0.80259 -0.22150 0.53362 0.14842
1403638195.195096970 6.73163 -5.68504 2.01720 0.80593 -0.22347 0.52839 0.14610
1403638195.295097113 6.68735 -5.59115 2.00517 0.81384 -0.22673 0.51602 0.14135
1403638195.395097017 6.65171 -5.50593 1.99210 0.81624 -0.22747 0.51220 0.14020
1403638195.495096922 6.63060 -5.43132 1.97710 0.80749 -0.22549 0.52586 0.14347
1403638195.595097065 6.61094 -5.35591 1.95839 0.79798 -0.22287 0.54029 0.14709
1403638195.695096970 6.60367 -5.29813 1.93263 0.79542 -0.22162 0.54431 0.14807
1403638195.795097113 6.59775 -5.23896 1.91317 0.79728 -0.22245 0.54174 0.14619
1403638195.895097017 6.58801 -5.17410 1.90214 0.80223 -0.22281 0.53458 0.14490
1403638195.995096922 6.58539 -5.11623 1.89788 0.80665 -0.22392 0.52800 0.14281
1403638196.095097065 6.59335 -5.06849 1.90285 0.80684 -0.22359 0.52781 0.14293
1403638196.195096970 6.60519 -5.02108 1.91795 0.80224 -0.22158 0.53500 0.14522
1403638196.295097113 6.62141 -4.97828 1.93785 0.79728 -0.21989 0.54247 0.14737
1403638196.395097017 6.63741 -4.93430 1.95382 0.79563 -0.21976 0.54492 0.14746
1403638196.495096922 6.65507 -4.89190 1.96310 0.79616 -0.22053 0.54397 0.14690
1403638196.595097065 6.67357 -4.85215 1.96477 0.79930 -0.22304 0.53904 0.14427
1403638196.695096970 6.69375 -4.81563 1.95865 0.80537 -0.22622 0.52949 0.14083
1403638196.795097113 6.71844 -4.78283 1.94844 0.80762 -0.22687 0.52579 0.14084
1403638196.895097017 6.74479 -4.75653 1.94036 0.80520 -0.22636 0.52937 0.14204
1403638196.995096922 6.77899 -4.73321 1.93099 0.80007 -0.22448 0.53732 0.14419
1403638197.095097065 6.81476 -4.71263 1.92835 0.79649 -0.22361 0.54251 0.14589
1403638197.195096970 6.85023 -4.69709 1.93271 0.79527 -0.22147 0.54435 0.14893
1403638197.295097113 6.89020 -4.68120 1.94272 0.79295 -0.21598 0.54783 0.15642
1403638197.395097017 6.92994 -4.66314 1.96420 0.79045 -0.20980 0.55123 0.16527
1403638197.495096922 6.97029 -4.64218 1.98864 0.78832 -0.20725 0.55417 0.16882
1403638197.595097065 7.00524 -4.61580 2.02152 0.78699 -0.20761 0.55625 0.16774
1403638197.695096970 7.04448 -4.58768 2.05650 0.78680 -0.20730 0.55658 0.16788
1403638197.795097113 7.08129 -4.55592 2.08874 0.78681 -0.20729 0.55678 0.16721
1403638197.895097017 7.11867 -4.52195 2.11515 0.78325 -0.20956 0.56219 0.16294
1403638197.995096922 7.15552 -4.48718 2.13392 0.77408 -0.20956 0.57508 0.16175
1403638198.095097065 7.18895 -4.44836 2.13348 0.77152 -0.21013 0.57861 0.16064
1403638198.195096970 7.21864 -4.40576 2.11490 0.77440 -0.21245 0.57477 0.15747
1403638198.295097113 7.24072 -4.36042 2.08163 0.77777 -0.21266 0.57017 0.15734
1403638198.395097017 7.25977 -4.31264 2.04284 0.78163 -0.21152 0.56493 0.15867
1403638198.495096922 7.28645 -4.26176 2.00494 0.78496 -0.20764 0.56012 0.16431
1403638198.595097065 7.31999 -4.20525 1.96776 0.78737 -0.19813 0.55615 0.17743
1403638198.695096970 7.33774 -4.14719 1.92277 0.78665 -0.18548 0.55579 0.19459
1403638198.795097113 7.37308 -4.07718 1.88634 0.78472 -0.17595 0.55697 0.20748
1403638198.895097017 7.39490 -3.99348 1.85620 0.78423 -0.17326 0.55746 0.21022
1403638198.995096922 7.44573 -3.89450 1.83867 0.78558 -0.17537 0.55575 0.20796
1403638199.095097065 7.47179 -3.78307 1.82623 0.78626 -0.17807 0.55517 0.20460
1403638199.195096970 7.51331 -3.65829 1.82651 0.78522 -0.18058 0.55668 0.20230
1403638199.295097113 7.54535 -3.52221 1.83732 0.78166 -0.18165 0.56187 0.20077
1403638199.395097017 7.58471 -3.37529 1.85401 0.78054 -0.18053 0.56293 0.20318
1403638199.495096922 7.62442 -3.21649 1.87680 0.78283 -0.17888 0.55876 0.20728
1403638199.595097065 7.66711 -3.04702 1.90650 0.78699 -0.17525 0.55387 0.20775
1403638199.695096970 7.71025 -2.86529 1.94202 0.78943 -0.17124 0.55504 0.19850
1403638199.795097113 7.75726 -2.67544 1.98320 0.79233 -0.17439 0.55643 0.17939
1403638199.895097017 7.79837 -2.47965 2.01705 0.79478 -0.17681 0.55696 0.16388
1403638199.995096922 7.84015 -2.28339 2.04804 0.79628 -0.17578 0.55782 0.15450
1403638200.095097065 7.87819 -2.08470 2.07553 0.79858 -0.16729 0.55859 0.14917
1403638200.195096970 7.91615 -1.88407 2.10232 0.79855 -0.15041 0.56362 0.14840
1403638200.295097113 7.95499 -1.67713 2.13282 0.79579 -0.13385 0.57340 0.14147
1403638200.395097017 7.99224 -1.46597 2.17130 0.79417 -0.11747 0.58118 0.13316
1403638200.495096922 8.02720 -1.25071 2.21631 0.79685 -0.09997 0.58105 0.13196
1403638200.595097065 8.05847 -1.02741 2.26666 0.80001 -0.08465 0.57977 0.12920
1403638200.695096970 8.09031 -0.79604 2.32233 0.80239 -0.06597 0.57908 0.12843
1403638200.795097113 8.11562 -0.55494 2.37747 0.80646 -0.05426 0.57572 0.12340
1403638200.895097017 8.13927 -0.30471 2.42736 0.80994 -0.04990 0.57283 0.11562
1403638200.995096922 8.16265 -0.04650 2.46926 0.81036 -0.05521 0.57478 0.09949
1403638201.095097065 8.18447 0.21705 2.50372 0.80967 -0.06064 0.57713 0.08756
1403638201.195096970 8.20309 0.48224 2.52816 0.80918 -0.06449 0.57821 0.08204
1403638201.295097113 8.22132 0.74677 2.54633 0.80864 -0.06764 0.57890 0.07996
1403638201.395097017 8.22744 1.01082 2.55289 0.80875 -0.06756 0.57839 0.08258
1403638201.495096922 8.23669 1.27527 2.55533 0.80731 -0.06967 0.58006 0.08327
1403638201.595097065 8.24496 1.53855 2.55093 0.80562 -0.06977 0.58187 0.08680
1403638201.695096970 8.25084 1.80257 2.53887 0.80400 -0.07181 0.58390 0.08656
1403638201.795097113 8.25564 2.06631 2.51858 0.80381 -0.07242 0.58379 0.08844
1403638201.895097017 8.25389 2.32887 2.49060 0.80375 -0.07393 0.58397 0.08659
1403638201.995096922 8.24930 2.59658 2.46467 0.80472 -0.06955 0.58374 0.08264
1403638202.095097065 8.23901 2.86575 2.44370 0.80633 -0.06712 0.58320 0.07212
1403638202.195096970 8.22381 3.13542 2.42921 0.81017 -0.06705 0.57921 0.06032
1403638202.295097113 8.20823 3.40515 2.42229 0.81521 -0.06608 0.57298 0.05263
1403638202.395097017 8.19599 3.66849 2.42138 0.81687 -0.06454 0.57111 0.04889
1403638202.495096922 8.18392 3.92649 2.41691 0.81764 -0.06333 0.57035 0.04646
1403638202.595097065 8.17753 4.18318 2.40666 0.81840 -0.06519 0.56937 0.04224
1403638202.695096970 8.17168 4.43076 2.38894 0.81973 -0.06572 0.56746 0.04142
1403638202.795097113 8.17462 4.67585 2.36657 0.81937 -0.06534 0.56791 0.04294
1403638202.895097017 8.17301 4.91075 2.33959 0.81814 -0.06468 0.56961 0.04482
1403638202.995096922 8.17143 5.14026 2.31314 0.81737 -0.06613 0.57062 0.04381
1403638203.095097065 8.17073 5.36422 2.28919 0.81672 -0.06670 0.57152 0.04342
1403638203.195096970 8.17137 5.58380 2.27330 0.81410 -0.06466 0.57519 0.04707
1403638203.295097113 8.16716 5.79782 2.26336 0.81124 -0.06396 0.57923 0.04787
1403638203.395097017 8.15801 6.00848 2.25808 0.81000 -0.06475 0.58101 0.04628
1403638203.495096922 8.14828 6.21487 2.24577 0.81006 -0.06600 0.58091 0.04461
1403638203.595097065 8.13512 6.41719 2.23087 0.81037 -0.06806 0.58046 0.04168
1403638203.695096970 8.11898 6.61483 2.21967 0.81156 -0.06814 0.57881 0.04122
1403638203.795097113 8.10091 6.80649 2.21631 0.81145 -0.06697 0.57900 0.04280
1403638203.895097017 8.08159 6.99373 2.21917 0.81108 -0.06596 0.57960 0.04320
1403638203.995096922 8.06221 7.17843 2.22803 0.81186 -0.06588 0.57864 0.04156
1403638204.095097065 8.03586 7.35890 2.24325 0.81419 -0.06577 0.57550 0.03973
1403638204.195096970 8.00809 7.53259 2.26660 0.81681 -0.06851 0.57181 0.03418
1403638204.295097113 7.98131 7.69979 2.29576 0.82033 -0.07471 0.56644 0.02504
1403638204.395097017 7.95545 7.85476 2.32804 0.82466 -0.08318 0.55931 0.01409
1403638204.495096922 7.93518 7.99974 2.35962 0.82601 -0.08765 0.55672 0.00980
1403638204.595097065 7.91827 8.13611 2.38540 0.82421 -0.08816 0.55932 0.00811
1403638204.695096970 7.90281 8.26607 2.40280 0.82435 -0.08064 0.56026 0.00788
1403638204.795097113 7.89273 8.38481 2.41261 0.82531 -0.06354 0.56099 0.01022
1403638204.895097017 7.88416 8.49841 2.41533 0.82413 -0.03657 0.56505 0.01383
1403638204.995096922 7.87933 8.61348 2.40533 0.82370 -0.00698 0.56694 0.00684
1403638205.095097065 7.87372 8.72735 2.39262 0.82257 0.02772 0.56794 -0.00729
1403638205.195096970 7.86464 8.84057 2.37980 0.81959 0.06434 0.56840 -0.03247
1403638205.295097113 7.85746 8.95742 2.37887 0.81418 0.10466 0.56795 -0.06000
1403638205.395097017 7.85070 9.07536 2.38620 0.80504 0.14500 0.56847 -0.08792
1403638205.495096922 7.84080 9.18710 2.39466 0.79364 0.18341 0.57024 -0.10643
1403638205.595097065 7.82582 9.29893 2.41351 0.78261 0.21517 0.57292 -0.11390
1403638205.695096970 7.80541 9.41548 2.44119 0.77068 0.23797 0.57954 -0.11641
1403638205.795097113 7.77612 9.53619 2.47335 0.76265 0.25483 0.58165 -0.12292
1403638205.895097017 7.73312 9.66132 2.51044 0.75828 0.27139 0.57739 -0.13410
1403638205.995096922 7.67982 9.79146 2.55224 0.75418 0.28702 0.57065 -0.15228
1403638206.095097065 7.61681 9.92015 2.60175 0.74836 0.30436 0.56449 -0.16933
1403638206.195096970 7.54426 10.04818 2.65306 0.74049 0.32127 0.56031 -0.18578
1403638206.295097113 7.46767 10.18186 2.70038 0.73275 0.33549 0.55620 -0.20289
1403638206.395097017 7.38233 10.30243 2.74458 0.72863 0.34174 0.54994 -0.22332
1403638206.495096922 7.29319 10.42596 2.78034 0.72489 0.34457 0.54718 -0.23750
1403638206.595097065 7.19909 10.54088 2.80897 0.72197 0.34651 0.54617 -0.24574
1403638206.695096970 7.10212 10.65373 2.83006 0.71901 0.34893 0.54503 -0.25339
1403638206.795097113 6.99758 10.75019 2.84612 0.71636 0.35599 0.54089 -0.25989
1403638206.895097017 6.89459 10.85311 2.85425 0.71298 0.36150 0.53953 -0.26436
1403638206.995096922 6.78833 10.94828 2.85602 0.70939 0.36282 0.54025 -0.27064
1403638207.095097065 6.67901 11.04374 2.85312 0.70603 0.36407 0.54235 -0.27354
1403638207.195096970 6.56646 11.12772 2.84072 0.70464 0.36435 0.54195 -0.27754
1403638207.295097113 6.44988 11.20631 2.82114 0.70049 0.36961 0.54155 -0.28183
1403638207.395097017 6.32821 11.27752 2.79622 0.69332 0.37746 0.54054 -0.29095
1403638207.495096922 6.19919 11.33973 2.77519 0.68404 0.39084 0.53688 -0.30180
1403638207.595097065 6.06918 11.39081 2.75908 0.67903 0.40670 0.52678 -0.30989
1403638207.695096970 5.93555 11.43041 2.75054 0.68056 0.41916 0.51086 -0.31648
1403638207.795097113 5.80530 11.46226 2.74813 0.68168 0.42707 0.49922 -0.32203
1403638207.895097017 5.67834 11.48797 2.75372 0.68555 0.43329 0.48766 -0.32321
1403638207.995096922 5.55281 11.51030 2.76555 0.68716 0.43697 0.48262 -0.32241
1403638208.095097065 5.43071 11.52849 2.77702 0.68604 0.43711 0.48356 -0.32320
1403638208.195096970 5.31060 11.54424 2.78305 0.68325 0.43304 0.48802 -0.32786
1403638208.295097113 5.19278 11.55716 2.78089 0.68228 0.43129 0.49144 -0.32705
1403638208.395097017 5.07747 11.56596 2.77107 0.68559 0.43211 0.48868 -0.32317
1403638208.495096922 4.96489 11.57006 2.75828 0.68691 0.43509 0.48520 -0.32162
1403638208.595097065 4.85277 11.57131 2.75065 0.68444 0.44275 0.47997 -0.32425
1403638208.695096970 4.73238 11.57460 2.75050 0.67916 0.45008 0.47626 -0.33068
1403638208.795097113 4.61852 11.57328 2.75762 0.67471 0.45597 0.47228 -0.33735
1403638208.895097017 4.51492 11.56619 2.76628 0.66942 0.46168 0.47152 -0.34117
1403638208.995096922 4.41303 11.55645 2.76970 0.66548 0.46592 0.47100 -0.34383
1403638209.095097065 4.31600 11.54318 2.76563 0.66376 0.46824 0.46903 -0.34668
1403638209.195096970 4.22269 11.52681 2.75425 0.66284 0.47020 0.46798 -0.34720
1403638209.295097113 4.13088 11.50808 2.73664 0.66292 0.47004 0.46656 -0.34916
1403638209.395097017 4.04341 11.48737 2.71268 0.66341 0.46977 0.46524 -0.35037
1403638209.495096922 3.95833 11.46565 2.68282 0.66280 0.46860 0.46592 -0.35217
1403638209.595097065 3.87156 11.44347 2.64205 0.66145 0.46690 0.46842 -0.35365
1403638209.695096970 3.78198 11.42006 2.58182 0.66325 0.46587 0.46742 -0.35297
1403638209.795097113 3.70523 11.39230 2.50322 0.66214 0.46728 0.46985 -0.34995
1403638209.895097017 3.61887 11.36175 2.40890 0.66013 0.46766 0.47363 -0.34815
1403638209.995096922 3.54589 11.32767 2.30942 0.65623 0.46613 0.47936 -0.34972
1403638210.095097065 3.47305 11.29059 2.21052 0.65206 0.46321 0.48531 -0.35317
1403638210.195096970 3.39948 11.24658 2.11816 0.64855 0.46034 0.48993 -0.35697
1403638210.295097113 3.32062 11.19110 2.02903 0.64890 0.45963 0.48961 -0.35771
1403638210.395097017 3.24460 11.12736 1.94405 0.64958 0.45995 0.48900 -0.35689
1403638210.495096922 3.16961 11.05801 1.85611 0.64978 0.45905 0.48889 -0.35783
1403638210.595097065 3.08241 10.97246 1.75943 0.64925 0.45837 0.49033 -0.35770
1403638210.695096970 3.00571 10.88985 1.66207 0.64959 0.45609 0.49024 -0.36011
1403638210.795097113 2.92793 10.79756 1.56575 0.64961 0.45574 0.49061 -0.36002
1403638210.895097017 2.85057 10.69779 1.47762 0.65278 0.45615 0.48626 -0.35965
1403638210.995096922 2.77496 10.59168 1.39671 0.65629 0.45816 0.48143 -0.35721
1403638211.095097065 2.69800 10.47606 1.32765 0.65917 0.45971 0.47714 -0.35566
1403638211.195096970 2.62672 10.36045 1.26630 0.66205 0.46054 0.47262 -0.35528
1403638211.295097113 2.55767 10.24352 1.21332 0.66319 0.46117 0.47165 -0.35362
1403638211.395097017 2.49398 10.12620 1.16683 0.66628 0.45721 0.47365 -0.35026
1403638211.495096922 2.43438 10.00676 1.11194 0.67283 0.44888 0.47663 -0.34443
1403638211.595097065 2.37622 9.88380 1.05206 0.68152 0.43572 0.48086 -0.33831
1403638211.695096970 2.32042 9.75701 0.98417 0.69144 0.41775 0.48761 -0.33111
1403638211.795097113 2.27048 9.62736 0.91416 0.70495 0.39676 0.49286 -0.32051
1403638211.895097017 2.22673 9.49112 0.84855 0.71880 0.37337 0.49752 -0.31047
1403638211.995096922 2.18736 9.35362 0.78903 0.73064 0.35166 0.50441 -0.29677
1403638212.095097065 2.15471 9.21047 0.74037 0.74032 0.33169 0.51228 -0.28191
1403638212.195096970 2.12495 9.06527 0.69894 0.74794 0.31373 0.52177 -0.26442
1403638212.295097113 2.09602 8.91469 0.66726 0.75596 0.29410 0.52938 -0.24858
1403638212.395097017 2.06801 8.76025 0.64229 0.76292 0.27564 0.53706 -0.23141
1403638212.495096922 2.04268 8.60266 0.62438 0.76956 0.25503 0.54371 -0.21706
1403638212.595097065 2.01608 8.43836 0.61044 0.77692 0.23422 0.54811 -0.20278
1403638212.695096970 1.99228 8.27421 0.60546 0.78402 0.21244 0.55185 -0.18881
1403638212.795097113 1.96755 8.10375 0.60561 0.78987 0.19150 0.55669 -0.17184
1403638212.895097017 1.94261 7.92649 0.60586 0.79631 0.16752 0.55966 -0.15685
1403638212.995096922 1.91981 7.75016 0.61441 0.80228 0.14351 0.56255 -0.13886
1403638213.095097065 1.89885 7.57408 0.63104 0.80726 0.11717 0.56543 -0.12201
1403638213.195096970 1.87953 7.39609 0.64481 0.81442 0.08868 0.56328 -0.10761
1403638213.295097113 1.86553 7.21696 0.65138 0.82367 0.05820 0.55583 -0.09611
1403638213.395097017 1.85736 7.03807 0.65463 0.83181 0.02659 0.54771 -0.08601
1403638213.495096922 1.85396 6.85459 0.65498 0.83594 -0.00480 0.54339 -0.07689
1403638213.595097065 1.85646 6.66152 0.65033 0.83362 -0.02532 0.54855 -0.05941
1403638213.695096970 1.86695 6.46396 0.65009 0.82488 -0.03179 0.56327 -0.03594
1403638213.795097113 1.87838 6.26346 0.65367 0.81794 -0.03257 0.57414 -0.01628
1403638213.895097017 1.89363 6.06428 0.66390 0.81497 -0.03305 0.57853 -0.00555
1403638213.995096922 1.90921 5.86673 0.67789 0.81564 -0.03282 0.57762 -0.00095
1403638214.095097065 1.92351 5.66968 0.69491 0.82154 -0.03070 0.56932 0.00162
1403638214.195096970 1.93697 5.47365 0.71662 0.82847 -0.02819 0.55932 0.00078
1403638214.295097113 1.95728 5.28009 0.73598 0.83378 -0.02515 0.55153 -0.00120
1403638214.395097017 1.98113 5.08533 0.74995 0.83722 -0.02117 0.54645 -0.00280
1403638214.495096922 2.00972 4.88896 0.75720 0.83519 -0.01662 0.54969 -0.00440
1403638214.595097065 2.04111 4.69560 0.76028 0.82895 -0.01264 0.55915 -0.00547
1403638214.695096970 2.07510 4.50788 0.75806 0.82238 -0.00921 0.56883 -0.00699
1403638214.795097113 2.10666 4.31733 0.75049 0.81714 -0.00601 0.57634 -0.00896
1403638214.895097017 2.13731 4.13181 0.73728 0.81406 -0.00309 0.58068 -0.01010
1403638214.995096922 2.16396 3.94358 0.71775 0.81222 -0.00115 0.58324 -0.01126
1403638215.095097065 2.19060 3.76645 0.69350 0.81206 0.00076 0.58347 -0.01098
1403638215.195096970 2.21444 3.59150 0.66499 0.81328 0.00173 0.58178 -0.01073
1403638215.295097113 2.24043 3.42076 0.63352 0.81531 0.00417 0.57896 -0.00722
1403638215.395097017 2.26594 3.25166 0.60226 0.81601 0.00668 0.57799 -0.00306
1403638215.495096922 2.28952 3.08773 0.57788 0.81566 0.00953 0.57845 0.00074
1403638215.595097065 2.31337 2.93158 0.56333 0.81447 0.01030 0.58011 0.00220
1403638215.695096970 2.33347 2.78117 0.55489 0.81377 0.00820 0.58112 -0.00094
1403638215.795097113 2.35297 2.63589 0.54914 0.81333 0.00427 0.58177 -0.00373
1403638215.895097017 2.36852 2.49233 0.53590 0.81348 -0.00151 0.58159 -0.00264
1403638215.995096922 2.38138 2.35252 0.51727 0.81329 -0.00626 0.58183 -0.00121
1403638216.095097065 2.39111 2.21807 0.49490 0.81307 -0.00848 0.58209 0.00237
1403638216.195096970 2.39751 2.08860 0.47742 0.81306 -0.01007 0.58208 0.00491
1403638216.295097113 2.40094 1.96233 0.46560 0.81190 -0.01117 0.58364 0.00745
1403638216.395097017 2.40260 1.84076 0.46075 0.81044 -0.01161 0.58562 0.00941
1403638216.495096922 2.40196 1.72174 0.46112 0.80994 -0.01208 0.58630 0.01001
1403638216.595097065 2.39789 1.60831 0.45874 0.81069 -0.01150 0.58524 0.01220
1403638216.695096970 2.39124 1.49924 0.44798 0.81250 -0.00997 0.58268 0.01514
1403638216.795097113 2.38348 1.39431 0.43067 0.81163 -0.00847 0.58381 0.01860
1403638216.895097017 2.37644 1.29156 0.41052 0.80787 -0.01292 0.58878 0.02267
1403638216.995096922 2.36572 1.19311 0.38689 0.80692 -0.02341 0.58962 0.02613
1403638217.095097065 2.35136 1.09793 0.35965 0.80876 -0.03820 0.58612 0.03025
1403638217.195096970 2.33427 1.00596 0.33075 0.81063 -0.05267 0.58205 0.03639
1403638217.295097113 2.31425 0.92066 0.30322 0.81198 -0.06200 0.57877 0.04316
1403638217.395097017 2.29310 0.83937 0.28414 0.81311 -0.06833 0.57602 0.04872
1403638217.495096922 2.26931 0.76139 0.27575 0.81358 -0.07131 0.57455 0.05375
1403638217.595097065 2.24689 0.68790 0.27294 0.81456 -0.07074 0.57255 0.06068
1403638217.695096970 2.22363 0.62081 0.27978 0.81490 -0.06675 0.57157 0.06923
1403638217.795097113 2.19736 0.56032 0.29253 0.81636 -0.06218 0.56919 0.07557
1403638217.895097017 2.17411 0.50706 0.31104 0.81684 -0.05965 0.56845 0.07795
1403638217.995096922 2.15168 0.46070 0.32627 0.81463 -0.05685 0.57176 0.07897
1403638218.095097065 2.13121 0.42300 0.33510 0.81317 -0.05476 0.57400 0.07924
1403638218.195096970 2.11184 0.39165 0.33738 0.81145 -0.05438 0.57680 0.07681
1403638218.295097113 2.09386 0.36614 0.33446 0.80784 -0.05296 0.58227 0.07449
1403638218.395097017 2.07317 0.35031 0.33337 0.80568 -0.05486 0.58590 0.06778
1403638218.495096922 2.05094 0.33949 0.33807 0.80596 -0.05653 0.58595 0.06232
1403638218.595097065 2.02457 0.33619 0.35175 0.80707 -0.05678 0.58464 0.06004
1403638218.695096970 1.99363 0.34032 0.36836 0.81090 -0.05868 0.57936 0.05768
1403638218.795097113 1.96131 0.34538 0.38105 0.81529 -0.06418 0.57226 0.06081
1403638218.895097017 1.93555 0.34831 0.38748 0.81729 -0.07193 0.56809 0.06441
1403638218.995096922 1.91173 0.35852 0.38825 0.81664 -0.08684 0.56793 0.05499
1403638219.095097065 1.88351 0.37113 0.38635 0.81404 -0.09885 0.57036 0.04757
1403638219.195096970 1.86126 0.38096 0.38086 0.81156 -0.10105 0.57317 0.05131
1403638219.295097113 1.83416 0.38989 0.37423 0.80592 -0.09809 0.58071 0.06034
1403638219.395097017 1.80432 0.39958 0.36689 0.79838 -0.09530 0.59081 0.06668
1403638219.495096922 1.78394 0.40863 0.35892 0.79324 -0.09289 0.59761 0.07069
1403638219.595097065 1.75436 0.42116 0.35611 0.79394 -0.09440 0.59672 0.06835
1403638219.695096970 1.71211 0.43719 0.35978 0.79643 -0.09796 0.59344 0.06265
1403638219.795097113 1.66350 0.45311 0.36368 0.79981 -0.10267 0.58881 0.05533
1403638219.895097017 1.61309 0.46636 0.35934 0.80276 -0.10837 0.58452 0.04665
1403638219.995096922 1.56181 0.47594 0.34881 0.80512 -0.11340 0.58084 0.03939
1403638220.095097065 1.50620 0.48099 0.33395 0.80739 -0.11484 0.57754 0.03723
1403638220.195096970 1.45089 0.48124 0.32217 0.80963 -0.10948 0.57484 0.04550
1403638220.295097113 1.39637 0.47645 0.31851 0.81210 -0.09911 0.57183 0.06075
1403638220.395097017 1.33974 0.47188 0.32429 0.81263 -0.09344 0.57102 0.06960
1403638220.495096922 1.27983 0.46833 0.33644 0.81285 -0.09114 0.57064 0.07305
1403638220.595097065 1.22359 0.46740 0.35063 0.81226 -0.09159 0.57131 0.07391
1403638220.695096970 1.16802 0.46826 0.36056 0.81181 -0.09245 0.57167 0.07486
1403638220.795097113 1.11234 0.47070 0.36322 0.81196 -0.09443 0.57123 0.07417
1403638220.895097017 1.05467 0.47295 0.35901 0.81178 -0.09563 0.57127 0.07433
1403638220.995096922 1.00121 0.47892 0.34763 0.81258 -0.09748 0.56993 0.07343
1403638221.095097065 0.94877 0.48434 0.33223 0.81300 -0.09839 0.56916 0.07357
1403638221.195096970 0.89597 0.49252 0.31981 0.81432 -0.09907 0.56714 0.07366
1403638221.295097113 0.84451 0.50186 0.31391 0.81572 -0.10063 0.56504 0.07214
1403638221.395097017 0.78702 0.50917 0.31486 0.81679 -0.10290 0.56337 0.06985
1403638221.495096922 0.73810 0.52037 0.31479 0.81707 -0.10495 0.56285 0.06766
1403638221.595097065 0.69021 0.53107 0.30836 0.81628 -0.10697 0.56380 0.06616
1403638221.695096970 0.64484 0.53986 0.29801 0.81456 -0.10751 0.56626 0.06546
1403638221.795097113 0.60153 0.54536 0.28951 0.81245 -0.10875 0.56931 0.06319
1403638221.895097017 0.56181 0.54710 0.28978 0.81136 -0.10676 0.57102 0.06510
1403638221.995096922 0.52052 0.55160 0.29672 0.81076 -0.10339 0.57203 0.06896
1403638222.095097065 0.48003 0.55598 0.30967 0.81247 -0.10093 0.56963 0.07232
1403638222.195096970 0.43803 0.56283 0.31761 0.81632 -0.10091 0.56405 0.07271
1403638222.295097113 0.40614 0.56597 0.32335 0.81979 -0.10205 0.55891 0.07174
1403638222.395097017 0.36778 0.56785 0.32571 0.82272 -0.10285 0.55456 0.07085
1403638222.495096922 0.33724 0.57335 0.31929 0.82500 -0.10286 0.55119 0.07057
1403638222.595097065 0.31325 0.57570 0.31228 0.82130 -0.10253 0.55674 0.07064
1403638222.695096970 0.29341 0.58108 0.30078 0.81597 -0.10319 0.56453 0.06962
1403638222.795097113 0.27147 0.58632 0.28613 0.81361 -0.10267 0.56792 0.07048
1403638222.895097017 0.25315 0.59120 0.27036 0.80805 -0.10133 0.57587 0.07182
1403638222.995096922 0.23198 0.59836 0.25401 0.80339 -0.10145 0.58244 0.07089
1403638223.095097065 0.21343 0.60248 0.23858 0.80616 -0.10107 0.57866 0.07098
1403638223.195096970 0.18452 0.61233 0.23120 0.81517 -0.10320 0.56580 0.06866
1403638223.295097113 0.15650 0.62209 0.22570 0.82277 -0.10749 0.55454 0.06303
1403638223.395097017 0.13374 0.62767 0.22012 0.82089 -0.10992 0.55718 0.06007
1403638223.495096922 0.12191 0.62891 0.21053 0.81588 -0.11701 0.56406 0.04978
1403638223.595097065 0.10059 0.62864 0.20053 0.81339 -0.11786 0.56757 0.04868
1403638223.695096970 0.08163 0.62269 0.19025 0.81317 -0.11059 0.56832 0.05944
1403638223.795097113 0.06351 0.61555 0.17932 0.81422 -0.10343 0.56695 0.07015
1403638223.895097017 0.04338 0.61012 0.16572 0.81483 -0.09942 0.56609 0.07553
1403638223.995096922 0.02838 0.60395 0.15348 0.81523 -0.09665 0.56550 0.07918
1403638224.095097065 0.01072 0.60258 0.13561 0.81922 -0.09695 0.55975 0.07845
1403638224.195096970 -0.00493 0.60398 0.11633 0.82554 -0.09850 0.55043 0.07621
1403638224.295097113 -0.01042 0.60466 0.10322 0.82495 -0.09872 0.55137 0.07553
1403638224.395097017 -0.01291 0.60917 0.09287 0.81880 -0.10114 0.56037 0.07300
1403638224.495096922 -0.01845 0.61341 0.07821 0.81119 -0.10445 0.57135 0.06795
1403638224.595097065 -0.02279 0.61653 0.06447 0.80787 -0.10287 0.57612 0.06965
1403638224.695096970 -0.02740 0.62218 0.04870 0.81534 -0.10248 0.56549 0.07028
1403638224.795097113 -0.03160 0.62799 0.03528 0.82404 -0.10311 0.55266 0.06992
1403638224.895097017 -0.03040 0.63537 0.02903 0.82028 -0.10562 0.55825 0.06582
1403638224.995096922 -0.02418 0.63954 0.03177 0.81234 -0.11024 0.56974 0.05779
1403638225.095097065 -0.02143 0.64245 0.03418 0.80853 -0.10987 0.57530 0.05694
1403638225.195096970 -0.01604 0.64129 0.04292 0.81199 -0.10509 0.57074 0.06235
1403638225.295097113 -0.01462 0.64083 0.04816 0.81933 -0.10190 0.56037 0.06563
1403638225.395097017 -0.00868 0.63983 0.05539 0.81856 -0.09971 0.56160 0.06798
1403638225.495096922 -0.00158 0.63973 0.05599 0.81048 -0.09812 0.57320 0.07025
1403638225.595097065 0.00368 0.63961 0.05013 0.79974 -0.09646 0.58804 0.07299
1403638225.695096970 0.00495 0.64128 0.03585 0.79464 -0.09545 0.59494 0.07405
1403638225.795097113 0.00198 0.64570 0.00961 0.80183 -0.09601 0.58522 0.07326
1403638225.895097017 -0.00154 0.65259 -0.02312 0.81435 -0.09659 0.56763 0.07287
1403638225.995096922 -0.00685 0.65949 -0.05898 0.82265 -0.09936 0.55556 0.06876
1403638226.095097065 -0.00182 0.67005 -0.05707 0.82604 -0.10941 0.55069 0.04927
1403638226.195096970 0.00604 0.67756 -0.05465 0.83121 -0.10671 0.54335 0.04970
1403638226.295097113 0.00433 0.68615 -0.05968 0.82296 -0.10560 0.55468 0.06252
1403638226.395097017 -0.00089 0.69478 -0.07372 0.82747 -0.09466 0.54918 0.06872
1403638226.495096922 -0.00028 0.69626 -0.07544 0.82740 -0.09680 0.54897 0.06837
1403638226.595097065 0.00717 0.69866 -0.08316 0.82702 -0.09661 0.54945 0.06928
1403638226.695096970 0.00737 0.69855 -0.08342 0.82737 -0.09641 0.54898 0.06922
1403638226.795097113 0.01071 0.69726 -0.08509 0.82724 -0.09639 0.54916 0.06937
1403638226.895097017 0.01094 0.69705 -0.08508 0.82743 -0.09653 0.54888 0.06904
1403638226.995096922 0.01108 0.69713 -0.08496 0.82757 -0.09728 0.54866 0.06812
1403638227.095097065 0.01129 0.69707 -0.08506 0.82752 -0.09737 0.54873 0.06795
1403638227.195096970 0.01151 0.69682 -0.08487 0.82756 -0.09717 0.54868 0.06814
1403638227.295097113 0.01124 0.69705 -0.08468 0.82764 -0.09693 0.54858 0.06835
1403638227.395097017 0.01120 0.69687 -0.08453 0.82769 -0.09678 0.54851 0.06847
1403638227.495096922 0.01113 0.69670 -0.08431 0.82776 -0.09689 0.54842 0.06830
1403638227.595097065 0.01097 0.69656 -0.08413 0.82776 -0.09694 0.54843 0.06805
1403638227.695096970 0.01098 0.69644 -0.08399 0.82784 -0.09705 0.54832 0.06787
1403638227.795097113 0.01098 0.69630 -0.08391 0.82785 -0.09707 0.54831 0.06780
1403638227.895097017 0.01107 0.69627 -0.08385 0.82790 -0.09698 0.54825 0.06780
1403638227.995096922 0.01103 0.69608 -0.08376 0.82790 -0.09700 0.54825 0.06777
1403638228.095097065 0.01094 0.69591 -0.08367 0.82795 -0.09693 0.54819 0.06776
1403638228.195096970 0.01086 0.69568 -0.08346 0.82796 -0.09697 0.54818 0.06768
1403638228.295097113 0.01076 0.69550 -0.08336 0.82795 -0.09703 0.54820 0.06758
1403638228.395097017 0.01087 0.69535 -0.08340 0.82797 -0.09711 0.54816 0.06748
1403638228.495096922 0.01065 0.69530 -0.08323 0.82797 -0.09708 0.54816 0.06745
1403638228.595097065 0.01046 0.69530 -0.08309 0.82804 -0.09702 0.54809 0.06735
1403638228.695096970 0.01053 0.69513 -0.08305 0.82802 -0.09703 0.54811 0.06737
1403638228.795097113 0.01047 0.69480 -0.08295 0.82808 -0.09702 0.54804 0.06732
