1403638129.345097065 0.00128 -0.00294 0.01748 0.82027 -0.02391 0.57034 -0.03590
1403638129.445096970 0.00039 -0.00498 0.02674 0.81553 -0.03947 0.57501 -0.05208
1403638129.545097113 0.00076 -0.00348 0.03217 0.82840 -0.02341 0.55809 -0.04178
1403638129.645097017 0.00212 -0.00107 0.04042 0.83675 -0.00113 0.54705 -0.02431
1403638129.745096922 0.00409 -0.00008 0.05262 0.83371 0.00159 0.55180 -0.02090
1403638129.845097065 0.00516 0.00182 0.06842 0.83700 0.00353 0.54674 -0.02240
1403638129.945096970 0.00663 0.00520 0.09259 0.84191 0.01089 0.53913 -0.02009
1403638130.045097113 0.00873 0.00769 0.12718 0.83499 0.00650 0.54960 -0.02624
1403638130.145097017 0.01024 0.00964 0.16530 0.82831 0.00177 0.55916 -0.03522
1403638130.245096922 0.01143 0.01273 0.20386 0.82824 0.00816 0.55904 -0.03770
1403638130.345097065 0.01230 0.01498 0.24510 0.82194 0.00199 0.56756 -0.04770
1403638130.445096970 0.01230 0.01716 0.28531 0.81805 -0.00193 0.57224 -0.05763
1403638130.545097113 0.01133 0.02007 0.32291 0.82068 0.00977 0.56888 -0.05258
1403638130.645097017 0.00955 0.02214 0.36027 0.81769 0.01190 0.57337 -0.04981
1403638130.745096922 0.00708 0.02263 0.39688 0.80957 -0.00061 0.58369 -0.06242
1403638130.845097065 0.00430 0.02230 0.42693 0.80628 -0.00718 0.58678 -0.07453
1403638130.945096970 0.00023 0.01945 0.44479 0.80140 -0.01016 0.59305 -0.07707
1403638131.045097113 -0.00279 0.01511 0.44676 0.79025 -0.01802 0.60785 -0.07550
1403638131.145097017 -0.00461 0.01424 0.43191 0.79149 -0.01528 0.60700 -0.06966
1403638131.245096922 -0.00132 0.01633 0.40770 0.80360 -0.00071 0.59250 -0.05634
1403638131.345097065 -0.00172 0.01665 0.37916 0.81058 0.00742 0.58345 -0.04995
1403638131.445096970 -0.00150 0.01614 0.34823 0.81015 0.00510 0.58419 -0.04851
1403638131.545097113 -0.00336 0.01497 0.31293 0.81220 0.00792 0.58186 -0.04133
1403638131.645097017 -0.00831 0.01310 0.27184 0.81550 0.01115 0.57736 -0.03857
1403638131.745096922 -0.01338 0.01029 0.22808 0.81553 0.01379 0.57752 -0.03443
1403638131.845097065 -0.01602 0.00753 0.18554 0.81699 0.01937 0.57584 -0.02351
1403638131.945096970 -0.02140 0.00574 0.14642 0.81770 0.02177 0.57497 -0.01729
1403638132.045097113 -0.02176 0.00529 0.12283 0.82171 0.03471 0.56879 -0.00861
1403638132.145097017 -0.02493 0.00732 0.12244 0.82655 0.04805 0.56080 -0.00225
1403638132.245096922 -0.02324 0.00862 0.15253 0.82194 0.04562 0.56767 -0.00884
1403638132.345097065 -0.01701 0.00125 0.20283 0.81444 0.03947 0.57855 -0.02044
1403638132.445096970 -0.01609 0.00452 0.26023 0.81011 0.03238 0.58419 -0.03735
1403638132.545097113 -0.01564 0.00700 0.31799 0.79735 0.01753 0.60041 -0.05853
1403638132.645097017 -0.01420 0.01212 0.36664 0.78784 0.00767 0.61161 -0.07199
1403638132.745096922 -0.01294 0.02174 0.39885 0.79454 0.00734 0.60251 -0.07508
1403638132.845097065 -0.01310 0.03152 0.41732 0.79342 0.00281 0.60364 -0.07810
1403638132.945096970 -0.01439 0.03483 0.42182 0.78431 -0.00544 0.61439 -0.08579
1403638133.045097113 -0.01464 0.03042 0.40984 0.78369 0.00353 0.61528 -0.08521
1403638133.145097017 -0.01287 0.01530 0.38775 0.78988 0.01364 0.60861 -0.07413
1403638133.245096922 -0.00834 -0.00972 0.36501 0.79188 0.00763 0.60754 -0.06130
1403638133.345097065 -0.00739 -0.04502 0.33959 0.79601 -0.00120 0.60378 -0.04272
1403638133.445096970 -0.00949 -0.08753 0.31554 0.80162 -0.01048 0.59732 -0.02258
1403638133.545097113 -0.01779 -0.13397 0.29633 0.80263 -0.03069 0.59563 -0.00805
1403638133.645097017 -0.03158 -0.17830 0.27716 0.80566 -0.05105 0.59013 -0.00659
1403638133.745096922 -0.04851 -0.21711 0.25931 0.80879 -0.06680 0.58430 0.00104
1403638133.845097065 -0.05975 -0.25010 0.24357 0.81037 -0.07722 0.58050 0.01894
1403638133.945096970 -0.06081 -0.26886 0.23132 0.81164 -0.08472 0.57721 0.02983
1403638134.045097113 -0.04804 -0.26768 0.22653 0.81121 -0.08583 0.57741 0.03413
1403638134.145097017 -0.02411 -0.25146 0.22533 0.81592 -0.07653 0.57185 0.03744
1403638134.245096922 0.00635 -0.22373 0.22959 0.81003 -0.07898 0.57988 0.03687
1403638134.345097065 0.04138 -0.18691 0.23435 0.80582 -0.08613 0.58506 0.03066
1403638134.445096970 0.07603 -0.14524 0.23664 0.80893 -0.08947 0.58064 0.02209
1403638134.545097113 0.10727 -0.10456 0.24014 0.80781 -0.09494 0.58157 0.01412
1403638134.645097017 0.12684 -0.05898 0.24301 0.80798 -0.09704 0.58113 0.00521
1403638134.745096922 0.14592 -0.01552 0.24860 0.81380 -0.09333 0.57360 0.00101
1403638134.845097065 0.15570 0.03129 0.25645 0.81983 -0.08705 0.56594 0.00257
1403638134.945096970 0.16519 0.07021 0.26610 0.81742 -0.08600 0.56957 0.00368
1403638135.045097113 0.17095 0.10204 0.26908 0.81686 -0.08319 0.57079 0.00487
1403638135.145097017 0.17087 0.12714 0.26632 0.82208 -0.07383 0.56452 0.00675
1403638135.245096922 0.16644 0.13807 0.25928 0.82594 -0.06885 0.55948 0.00859
1403638135.345097065 0.15874 0.13377 0.24944 0.82408 -0.06870 0.56219 0.01059
1403638135.445096970 0.14462 0.11867 0.23938 0.82374 -0.06940 0.56243 0.01778
1403638135.545097113 0.12991 0.09552 0.23092 0.82801 -0.06895 0.55594 0.02403
1403638135.645097017 0.11877 0.06404 0.23013 0.82874 -0.07128 0.55409 0.03317
1403638135.745096922 0.10584 0.02719 0.22802 0.82271 -0.08601 0.56096 0.03273
1403638135.845097065 0.08892 -0.00466 0.22349 0.82391 -0.09009 0.55849 0.03388
1403638135.945096970 0.06693 -0.03222 0.22409 0.83144 -0.08252 0.54749 0.04632
1403638136.045097113 0.04276 -0.06523 0.23950 0.83062 -0.08262 0.54766 0.05765
1403638136.145097017 0.02046 -0.10680 0.25963 0.82012 -0.09425 0.56119 0.05984
1403638136.245096922 -0.00416 -0.15141 0.26974 0.81347 -0.10420 0.56920 0.05846
1403638136.345097065 -0.02920 -0.19312 0.26612 0.81329 -0.10585 0.56790 0.06959
1403638136.445096970 -0.05013 -0.22156 0.25825 0.81606 -0.10617 0.56289 0.07691
1403638136.545097113 -0.06363 -0.23273 0.25697 0.81776 -0.11445 0.55878 0.07699
1403638136.645097017 -0.06554 -0.22186 0.26598 0.81651 -0.12129 0.56051 0.06654
1403638136.745096922 -0.06043 -0.19419 0.28002 0.81652 -0.11919 0.56246 0.05229
1403638136.845097065 -0.05079 -0.15530 0.29403 0.81335 -0.11658 0.56915 0.03047
1403638136.945096970 -0.04167 -0.11427 0.29784 0.80279 -0.12059 0.58391 0.00634
1403638137.045097113 -0.02899 -0.07334 0.28448 0.79742 -0.11993 0.59134 -0.00768
1403638137.145097017 -0.02072 -0.03712 0.25406 0.80265 -0.10936 0.58630 -0.00724
1403638137.245096922 -0.01567 -0.00678 0.21477 0.81262 -0.09433 0.57510 -0.00402
1403638137.345097065 -0.01289 0.01656 0.17370 0.81907 -0.08410 0.56749 -0.00347
1403638137.445096970 -0.01033 0.03193 0.13303 0.82544 -0.07674 0.55924 0.00368
1403638137.545097113 -0.00684 0.04382 0.09726 0.83469 -0.06615 0.54650 0.01582
1403638137.645097017 -0.00377 0.04904 0.06827 0.83968 -0.05903 0.53912 0.02823
1403638137.745096922 -0.00108 0.05115 0.04654 0.83789 -0.06309 0.54111 0.03418
1403638137.845097065 -0.00307 0.05344 0.02975 0.84026 -0.06511 0.53701 0.03682
1403638137.945096970 -0.00425 0.05581 0.01667 0.84882 -0.05800 0.52360 0.04453
1403638138.045097113 -0.00512 0.05821 0.00868 0.85386 -0.05115 0.51580 0.04747
1403638138.145097017 -0.00768 0.05813 0.00912 0.84809 -0.05433 0.52511 0.04535
1403638138.245096922 -0.00806 0.05736 0.00755 0.84313 -0.05963 0.53276 0.04178
1403638138.345097065 -0.00898 0.05754 0.00796 0.83925 -0.06041 0.53876 0.04180
1403638138.445096970 -0.00984 0.05754 0.00867 0.83640 -0.06024 0.54319 0.04190
1403638138.545097113 -0.00969 0.05752 0.00866 0.83618 -0.06008 0.54360 0.04129
1403638138.645097017 -0.00973 0.05765 0.00863 0.83620 -0.06009 0.54360 0.04061
1403638138.745096922 -0.00960 0.05768 0.00860 0.83618 -0.05982 0.54370 0.04009
1403638138.845097065 -0.00959 0.05768 0.00872 0.83627 -0.05905 0.54367 0.03981
1403638138.945096970 -0.00950 0.05777 0.00866 0.83632 -0.05923 0.54362 0.03915
1403638139.045097113 -0.00939 0.05792 0.00868 0.83621 -0.05922 0.54385 0.03839
1403638139.145097017 -0.00935 0.05804 0.00872 0.83619 -0.05921 0.54393 0.03773
1403638139.245096922 -0.00931 0.05811 0.00874 0.83616 -0.05922 0.54401 0.03722
1403638139.345097065 -0.00930 0.05811 0.00881 0.83618 -0.05897 0.54402 0.03698
1403638139.445096970 -0.00910 0.05811 0.00892 0.83617 -0.05873 0.54406 0.03700
1403638139.545097113 -0.00913 0.05808 0.00892 0.83616 -0.05862 0.54410 0.03690
1403638139.645097017 -0.00910 0.05808 0.00892 0.83617 -0.05853 0.54410 0.03676
1403638139.745096922 -0.00907 0.05807 0.00893 0.83615 -0.05847 0.54414 0.03661
1403638139.845097065 -0.00908 0.05808 0.00894 0.83617 -0.05840 0.54413 0.03648
1403638139.945096970 -0.00905 0.05811 0.00896 0.83616 -0.05844 0.54416 0.03623
1403638140.045097113 -0.00904 0.05811 0.00898 0.83619 -0.05839 0.54413 0.03599
1403638140.145097017 -0.00902 0.05812 0.00898 0.83617 -0.05829 0.54418 0.03586
1403638140.245096922 -0.00900 0.05812 0.00898 0.83614 -0.05825 0.54425 0.03567
1403638140.345097065 -0.00899 0.05812 0.00898 0.83614 -0.05820 0.54426 0.03548
1403638140.445096970 -0.00898 0.05813 0.00898 0.83614 -0.05814 0.54428 0.03540
1403638140.545097113 -0.00898 0.05813 0.00899 0.83614 -0.05808 0.54429 0.03523
1403638140.645097017 -0.00897 0.05815 0.00899 0.83612 -0.05806 0.54434 0.03507
1403638140.745096922 -0.00896 0.05814 0.00899 0.83609 -0.05800 0.54440 0.03494
1403638140.845097065 -0.00896 0.05815 0.00901 0.83609 -0.05793 0.54442 0.03485
1403638140.945096970 -0.00896 0.05816 0.00904 0.83610 -0.05784 0.54441 0.03472
1403638141.045097113 -0.00895 0.05817 0.00904 0.83607 -0.05779 0.54447 0.03464
1403638141.145097017 -0.00895 0.05816 0.00903 0.83602 -0.05772 0.54456 0.03451
1403638141.245096922 -0.00894 0.05817 0.00905 0.83603 -0.05766 0.54456 0.03440
1403638141.345097065 -0.00894 0.05817 0.00905 0.83601 -0.05764 0.54460 0.03425
1403638141.445096970 -0.00894 0.05817 0.00906 0.83601 -0.05759 0.54461 0.03415
1403638141.545097113 -0.00894 0.05817 0.00907 0.83600 -0.05754 0.54464 0.03406
1403638141.645097017 -0.00894 0.05819 0.00907 0.83601 -0.05755 0.54463 0.03402
1403638141.745096922 -0.00894 0.05819 0.00907 0.83598 -0.05753 0.54467 0.03393
1403638141.845097065 -0.00893 0.05819 0.00908 0.83599 -0.05744 0.54468 0.03386
1403638141.945096970 -0.00893 0.05819 0.00908 0.83598 -0.05744 0.54470 0.03384
1403638142.045097113 -0.00894 0.05824 0.00910 0.83600 -0.05735 0.54468 0.03374
1403638142.145097017 -0.00895 0.05827 0.00910 0.83600 -0.05733 0.54469 0.03368
1403638142.245096922 -0.00899 0.05812 0.00909 0.83601 -0.05777 0.54459 0.03412
1403638142.345097065 -0.00899 0.05815 0.00910 0.83602 -0.05776 0.54458 0.03411
1403638142.445096970 -0.00899 0.05823 0.00915 0.83610 -0.05764 0.54447 0.03414
1403638142.545097113 -0.00897 0.05826 0.00916 0.83613 -0.05754 0.54445 0.03388
1403638142.645097017 -0.00894 0.05829 0.00916 0.83617 -0.05723 0.54444 0.03355
1403638142.745096922 -0.00894 0.05830 0.00921 0.83623 -0.05735 0.54433 0.03383
1403638142.845097065 -0.00896 0.05821 0.00924 0.83630 -0.05748 0.54419 0.03408
1403638142.945096970 -0.00896 0.05826 0.00923 0.83631 -0.05730 0.54419 0.03404
1403638143.045097113 -0.00896 0.05829 0.00924 0.83635 -0.05719 0.54415 0.03402
1403638143.145097017 -0.00897 0.05826 0.00924 0.83635 -0.05718 0.54414 0.03408
1403638143.245096922 -0.00897 0.05822 0.00923 0.83639 -0.05726 0.54408 0.03410
1403638143.345097065 -0.00898 0.05820 0.00921 0.83640 -0.05727 0.54404 0.03424
1403638143.445096970 -0.00899 0.05822 0.00922 0.83637 -0.05737 0.54407 0.03436
1403638143.545097113 -0.00900 0.05821 0.00920 0.83635 -0.05744 0.54408 0.03440
1403638143.645097017 -0.00900 0.05820 0.00918 0.83638 -0.05763 0.54403 0.03438
1403638143.745096922 -0.00901 0.05820 0.00917 0.83635 -0.05762 0.54407 0.03441
1403638143.845097065 -0.00900 0.05821 0.00916 0.83636 -0.05761 0.54407 0.03436
1403638143.945096970 -0.00902 0.05819 0.00913 0.83633 -0.05767 0.54409 0.03444
1403638144.045097113 -0.00902 0.05819 0.00913 0.83636 -0.05771 0.54405 0.03435
1403638144.145097017 -0.00903 0.05819 0.00911 0.83635 -0.05770 0.54406 0.03445
1403638144.245096922 -0.00904 0.05819 0.00910 0.83632 -0.05771 0.54411 0.03443
1403638144.345097065 -0.00904 0.05820 0.00906 0.83631 -0.05772 0.54412 0.03434
1403638144.445096970 -0.00904 0.05819 0.00905 0.83629 -0.05774 0.54415 0.03436
1403638144.545097113 -0.00905 0.05818 0.00902 0.83628 -0.05784 0.54416 0.03441
1403638144.645097017 -0.00908 0.05818 0.00902 0.83626 -0.05775 0.54420 0.03436
1403638144.745096922 -0.00908 0.05819 0.00904 0.83627 -0.05770 0.54419 0.03443
1403638144.845097065 -0.00906 0.05819 0.00904 0.83625 -0.05772 0.54421 0.03438
1403638144.945096970 -0.00907 0.05819 0.00904 0.83632 -0.05770 0.54411 0.03446
1403638145.045097113 -0.00908 0.05819 0.00902 0.83629 -0.05774 0.54415 0.03445
1403638145.145097017 -0.00908 0.05820 0.00903 0.83630 -0.05774 0.54413 0.03454
1403638145.245096922 -0.00908 0.05819 0.00903 0.83627 -0.05772 0.54418 0.03452
1403638145.345097065 -0.00909 0.05819 0.00903 0.83625 -0.05775 0.54421 0.03450
1403638145.445096970 -0.00910 0.05817 0.00906 0.83624 -0.05780 0.54420 0.03466
1403638145.545097113 -0.00907 0.05816 0.00908 0.83620 -0.05775 0.54427 0.03459
1403638145.645097017 -0.00908 0.05817 0.00908 0.83627 -0.05774 0.54418 0.03450
1403638145.745096922 -0.00909 0.05818 0.00907 0.83625 -0.05777 0.54420 0.03447
1403638145.845097065 -0.00908 0.05819 0.00906 0.83623 -0.05775 0.54424 0.03451
1403638145.945096970 -0.00909 0.05818 0.00906 0.83625 -0.05779 0.54420 0.03456
1403638146.045097113 -0.00909 0.05818 0.00906 0.83622 -0.05772 0.54426 0.03451
1403638146.145097017 -0.00907 0.05818 0.00908 0.83625 -0.05770 0.54421 0.03455
1403638146.245096922 -0.00907 0.05818 0.00908 0.83624 -0.05768 0.54422 0.03467
1403638146.345097065 -0.00906 0.05817 0.00910 0.83625 -0.05774 0.54420 0.03471
1403638146.445096970 -0.00906 0.05819 0.00909 0.83619 -0.05779 0.54427 0.03477
1403638146.545097113 -0.00906 0.05818 0.00911 0.83625 -0.05779 0.54418 0.03484
1403638146.645097017 -0.00906 0.05816 0.00913 0.83631 -0.05783 0.54408 0.03498
1403638146.745096922 -0.00906 0.05817 0.00912 0.83627 -0.05778 0.54413 0.03507
1403638146.845097065 -0.00903 0.05816 0.00914 0.83631 -0.05777 0.54406 0.03519
1403638146.945096970 -0.00903 0.05818 0.00913 0.83634 -0.05782 0.54401 0.03521
1403638147.045097113 -0.00900 0.05824 0.00912 0.83642 -0.05781 0.54389 0.03539
1403638147.145097017 -0.00898 0.05838 0.00904 0.83655 -0.05780 0.54369 0.03515
1403638147.245096922 -0.00898 0.05839 0.00902 0.83654 -0.05776 0.54371 0.03518
1403638147.345097065 -0.00897 0.05835 0.00910 0.83644 -0.05776 0.54386 0.03540
1403638147.445096970 -0.00896 0.05831 0.00916 0.83639 -0.05778 0.54393 0.03536
1403638147.545097113 -0.00898 0.05820 0.00933 0.83587 -0.05790 0.54473 0.03513
1403638147.645097017 -0.00875 0.05818 0.00926 0.83578 -0.05712 0.54497 0.03485
1403638147.745096922 -0.00772 0.05815 0.00963 0.83520 -0.05676 0.54596 0.03403
1403638147.845097065 -0.00441 0.05701 0.01243 0.83077 -0.05905 0.55230 0.03617
1403638147.945096970 0.00248 0.05553 0.01992 0.82259 -0.06139 0.56400 0.03842
1403638148.045097113 0.01182 0.05419 0.03408 0.81678 -0.06156 0.57232 0.03928
1403638148.145097017 0.02189 0.05238 0.05627 0.81281 -0.05971 0.57811 0.03961
1403638148.245096922 0.03135 0.05063 0.09028 0.81123 -0.05723 0.58066 0.03816
1403638148.345097065 0.03865 0.04937 0.13894 0.81060 -0.05409 0.58194 0.03663
1403638148.445096970 0.04462 0.04860 0.18421 0.81192 -0.05104 0.58044 0.03564
1403638148.545097113 0.04941 0.04836 0.20609 0.81681 -0.04792 0.57376 0.03640
1403638148.645097017 0.05477 0.04907 0.20457 0.82104 -0.04557 0.56793 0.03569
1403638148.745096922 0.06292 0.05094 0.19378 0.82407 -0.04413 0.56375 0.03380
1403638148.845097065 0.07528 0.05307 0.18982 0.82569 -0.04296 0.56158 0.03185
1403638148.945096970 0.08873 0.05590 0.19617 0.82522 -0.04164 0.56243 0.03075
1403638149.045097113 0.11540 0.05585 0.22855 0.82219 -0.04020 0.56699 0.03013
1403638149.145097017 0.13452 0.05946 0.25951 0.81902 -0.03894 0.57164 0.03028
1403638149.245096922 0.15791 0.06395 0.29212 0.81733 -0.03918 0.57407 0.02969
1403638149.345097065 0.17931 0.06966 0.32080 0.81617 -0.04087 0.57571 0.02764
1403638149.445096970 0.20381 0.07487 0.34702 0.81524 -0.04078 0.57702 0.02777
1403638149.545097113 0.22464 0.08107 0.36579 0.81468 -0.03981 0.57781 0.02913
1403638149.645097017 0.24459 0.08779 0.37886 0.81494 -0.03687 0.57765 0.02876
1403638149.745096922 0.26956 0.09545 0.39002 0.81494 -0.03116 0.57813 0.02583
1403638149.845097065 0.28952 0.10353 0.39448 0.81553 -0.02664 0.57766 0.02262
1403638149.945096970 0.31572 0.11270 0.39973 0.81557 -0.02363 0.57780 0.02087
1403638150.045097113 0.33703 0.12336 0.39787 0.81560 -0.01852 0.57781 0.02428
1403638150.145097017 0.36502 0.13749 0.39550 0.81591 -0.01201 0.57718 0.03165
1403638150.245096922 0.38932 0.15489 0.38548 0.81566 -0.00703 0.57718 0.03875
1403638150.345097065 0.41447 0.17727 0.37124 0.81864 -0.00739 0.57294 0.03901
1403638150.445096970 0.44096 0.20634 0.35801 0.82468 -0.00920 0.56469 0.03074
1403638150.545097113 0.46757 0.23854 0.34910 0.82917 -0.00660 0.55856 0.02106
1403638150.645097017 0.49947 0.27574 0.35358 0.83116 -0.00256 0.55587 0.01373
1403638150.745096922 0.53398 0.31172 0.36372 0.83041 0.00236 0.55707 0.00917
1403638150.845097065 0.57385 0.35029 0.37873 0.82853 0.01095 0.55981 0.00520
1403638150.945096970 0.61686 0.39134 0.39207 0.82535 0.01974 0.56428 0.00155
1403638151.045097113 0.66257 0.43552 0.39994 0.82214 0.02949 0.56851 -0.00372
1403638151.145097017 0.70472 0.48112 0.40230 0.81882 0.04504 0.57217 -0.01080
1403638151.245096922 0.74840 0.52970 0.39807 0.81804 0.06343 0.57116 -0.02372
1403638151.345097065 0.79311 0.58129 0.39064 0.81737 0.08339 0.56878 -0.03795
1403638151.445096970 0.83545 0.63437 0.38547 0.81541 0.10270 0.56703 -0.05506
1403638151.545097113 0.87618 0.68896 0.38560 0.81275 0.12155 0.56554 -0.06947
1403638151.645097017 0.91681 0.74522 0.39097 0.81045 0.13622 0.56406 -0.08029
1403638151.745096922 0.95749 0.80320 0.40350 0.80878 0.14686 0.56277 -0.08718
1403638151.845097065 0.99860 0.86270 0.42480 0.80836 0.15369 0.56083 -0.09167
1403638151.945096970 1.03960 0.92373 0.45215 0.80822 0.15819 0.55963 -0.09259
1403638152.045097113 1.08007 0.98706 0.47939 0.80851 0.15992 0.55858 -0.09344
1403638152.145097017 1.12133 1.05233 0.50217 0.80840 0.16123 0.55849 -0.09264
1403638152.245096922 1.16125 1.12041 0.51867 0.80827 0.16182 0.55870 -0.09149
1403638152.345097065 1.20130 1.19053 0.52873 0.80776 0.16288 0.55964 -0.08830
1403638152.445096970 1.24126 1.26429 0.53050 0.80815 0.16353 0.55939 -0.08509
1403638152.545097113 1.27602 1.33950 0.52458 0.80803 0.16428 0.55963 -0.08317
1403638152.645097017 1.31429 1.42086 0.51575 0.80956 0.16249 0.55756 -0.08570
1403638152.745096922 1.35165 1.50562 0.51008 0.80976 0.16397 0.55583 -0.09192
1403638152.845097065 1.38942 1.59545 0.51356 0.80713 0.16850 0.55646 -0.10251
1403638152.945096970 1.42711 1.68632 0.52542 0.80163 0.17714 0.55942 -0.11432
1403638153.045097113 1.46225 1.77571 0.54215 0.79992 0.18987 0.55550 -0.12451
1403638153.145097017 1.49797 1.86311 0.56280 0.80085 0.20111 0.54848 -0.13177
1403638153.245096922 1.53768 1.95168 0.58048 0.80073 0.20953 0.54444 -0.13608
1403638153.345097065 1.57791 2.03999 0.59368 0.79937 0.21908 0.54145 -0.14086
1403638153.445096970 1.62176 2.13415 0.60460 0.79645 0.23225 0.53887 -0.14610
1403638153.545097113 1.66255 2.22489 0.61765 0.79212 0.25118 0.53657 -0.14678
1403638153.645097017 1.70286 2.31960 0.63727 0.78691 0.26928 0.53390 -0.15237
1403638153.745096922 1.74149 2.41934 0.65908 0.78042 0.28349 0.53194 -0.16619
1403638153.845097065 1.78126 2.52270 0.67612 0.77424 0.29557 0.53076 -0.17741
1403638153.945096970 1.82064 2.62885 0.68828 0.76784 0.30208 0.53273 -0.18806
1403638154.045097113 1.85818 2.73451 0.69262 0.76420 0.30518 0.53324 -0.19624
1403638154.145097017 1.89526 2.84476 0.69362 0.75947 0.30775 0.53713 -0.19998
1403638154.245096922 1.93375 2.95990 0.69184 0.75456 0.30916 0.54284 -0.20095
1403638154.345097065 1.96906 3.07377 0.68537 0.75087 0.30788 0.54798 -0.20279
1403638154.445096970 2.00390 3.19254 0.67719 0.74584 0.30486 0.55551 -0.20540
1403638154.545097113 2.03059 3.30499 0.66416 0.74494 0.30287 0.55738 -0.20656
1403638154.645097017 2.05100 3.41797 0.65944 0.74683 0.30476 0.55289 -0.20900
1403638154.745096922 2.06396 3.52524 0.65866 0.74908 0.31242 0.54496 -0.21044
1403638154.845097065 2.07395 3.63269 0.66802 0.74886 0.32221 0.54009 -0.20902
1403638154.945096970 2.07884 3.73644 0.68400 0.74649 0.33158 0.53779 -0.20877
1403638155.045097113 2.07837 3.84172 0.70671 0.74163 0.34072 0.53692 -0.21356
1403638155.145097017 2.07467 3.95483 0.73307 0.73595 0.34998 0.53586 -0.22076
1403638155.245096922 2.06428 4.06087 0.75444 0.73057 0.35557 0.53604 -0.22913
1403638155.345097065 2.04960 4.17121 0.76879 0.72413 0.36119 0.53872 -0.23445
1403638155.445096970 2.02916 4.27847 0.77656 0.71668 0.36960 0.54075 -0.23950
1403638155.545097113 2.00135 4.38871 0.77675 0.71105 0.37782 0.53802 -0.24937
1403638155.645097017 1.96760 4.49251 0.77281 0.70456 0.38479 0.53372 -0.26584
1403638155.745096922 1.92760 4.59357 0.76452 0.69579 0.39509 0.52893 -0.28288
1403638155.845097065 1.88349 4.69086 0.75182 0.68822 0.40935 0.52012 -0.29709
1403638155.945096970 1.83497 4.78322 0.73716 0.68337 0.42839 0.50454 -0.30809
1403638156.045097113 1.78378 4.87105 0.72754 0.67861 0.45083 0.48559 -0.31692
1403638156.145097017 1.73193 4.95595 0.72697 0.67176 0.47066 0.46924 -0.32716
1403638156.245096922 1.68129 5.03999 0.73493 0.66408 0.48591 0.45683 -0.33794
1403638156.345097065 1.63314 5.12401 0.74566 0.65847 0.50073 0.44398 -0.34434
1403638156.445096970 1.58863 5.20632 0.75161 0.65458 0.51016 0.43459 -0.34983
1403638156.545097113 1.54658 5.29008 0.75163 0.65168 0.51579 0.42941 -0.35339
1403638156.645097017 1.50516 5.37330 0.74558 0.64955 0.51885 0.42718 -0.35552
1403638156.745096922 1.46919 5.46283 0.73391 0.64875 0.52011 0.42653 -0.35592
1403638156.845097065 1.43525 5.55479 0.71835 0.64919 0.52034 0.42620 -0.35519
1403638156.945096970 1.40194 5.65197 0.70259 0.65011 0.51988 0.42664 -0.35363
1403638157.045097113 1.37460 5.75357 0.69191 0.65244 0.51844 0.42645 -0.35169
1403638157.145097017 1.34964 5.86141 0.68924 0.65576 0.51789 0.42463 -0.34850
1403638157.245096922 1.32782 5.97236 0.69186 0.65851 0.51680 0.42349 -0.34632
1403638157.345097065 1.30233 6.09386 0.70284 0.65565 0.51812 0.42591 -0.34681
1403638157.445096970 1.28724 6.21073 0.71278 0.65074 0.52117 0.43043 -0.34591
1403638157.545097113 1.27117 6.33284 0.71852 0.64394 0.52439 0.43319 -0.35027
1403638157.645097017 1.25326 6.45790 0.71936 0.63273 0.53090 0.43592 -0.35746
1403638157.745096922 1.23418 6.58415 0.71972 0.61797 0.54234 0.43700 -0.36471
1403638157.845097065 1.21291 6.71091 0.72618 0.60449 0.55520 0.43082 -0.37515
1403638157.945096970 1.18795 6.83537 0.74138 0.59213 0.56721 0.42117 -0.38765
1403638158.045097113 1.16240 6.95885 0.75891 0.58381 0.57767 0.41040 -0.39627
1403638158.145097017 1.13660 7.08134 0.77195 0.57905 0.58324 0.39970 -0.40592
1403638158.245096922 1.11260 7.19891 0.77915 0.57554 0.58679 0.39266 -0.41261
1403638158.345097065 1.08941 7.32481 0.78149 0.57094 0.59151 0.39193 -0.41297
1403638158.445096970 1.06989 7.44150 0.77967 0.56689 0.59475 0.39440 -0.41154
1403638158.545097113 1.05028 7.55737 0.77382 0.56304 0.59673 0.39867 -0.40982
1403638158.645097017 1.02691 7.67456 0.76694 0.56164 0.59668 0.40152 -0.40905
1403638158.745096922 1.00235 7.79101 0.75951 0.56423 0.59427 0.39948 -0.41096
1403638158.845097065 0.97524 7.90823 0.75549 0.57053 0.59259 0.39299 -0.41096
1403638158.945096970 0.95013 8.02070 0.75760 0.57598 0.59166 0.38721 -0.41018
1403638159.045097113 0.92646 8.13176 0.76841 0.58160 0.59362 0.38102 -0.40519
1403638159.145097017 0.90419 8.24743 0.78423 0.58877 0.59768 0.37233 -0.39687
1403638159.245096922 0.88383 8.36898 0.79753 0.59298 0.60125 0.36761 -0.38953
1403638159.345097065 0.86516 8.49742 0.80807 0.58958 0.59379 0.37480 -0.39916
1403638159.445096970 0.84839 8.63376 0.81469 0.58130 0.58208 0.38836 -0.41527
1403638159.545097113 0.83510 8.76281 0.82591 0.57523 0.56769 0.39698 -0.43502
1403638159.645097017 0.82679 8.88972 0.84369 0.57480 0.55489 0.39606 -0.45258
1403638159.745096922 0.82815 9.01330 0.86948 0.57580 0.54823 0.39296 -0.46204
1403638159.845097065 0.84032 9.12067 0.90360 0.57108 0.54991 0.39945 -0.46034
1403638159.945096970 0.86117 9.21680 0.94601 0.56445 0.55876 0.40936 -0.44901
1403638160.045097113 0.88427 9.30415 0.99801 0.56030 0.56542 0.41430 -0.44128
1403638160.145097017 0.91328 9.36851 1.05498 0.56122 0.57193 0.41142 -0.43435
1403638160.245096922 0.94106 9.43558 1.12176 0.56778 0.58210 0.40085 -0.42203
1403638160.345097065 0.97114 9.48537 1.19407 0.57304 0.59003 0.39178 -0.41232
1403638160.445096970 1.00156 9.54153 1.26963 0.57563 0.59377 0.38702 -0.40780
1403638160.545097113 1.03081 9.60259 1.34141 0.57683 0.59499 0.38535 -0.40591
1403638160.645097017 1.05863 9.66820 1.40906 0.57798 0.59518 0.38359 -0.40566
1403638160.745096922 1.08615 9.73790 1.47232 0.57705 0.59240 0.38489 -0.40981
1403638160.845097065 1.11500 9.81094 1.53276 0.57742 0.58151 0.38940 -0.42047
1403638160.945096970 1.14880 9.87166 1.58549 0.58006 0.56584 0.39917 -0.42897
1403638161.045097113 1.18785 9.93405 1.63481 0.58636 0.55228 0.41014 -0.42773
1403638161.145097017 1.23076 9.99356 1.68240 0.59670 0.54052 0.41978 -0.41902
1403638161.245096922 1.27757 10.04892 1.72627 0.61137 0.52855 0.42863 -0.40391
1403638161.345097065 1.32801 10.10459 1.77035 0.62757 0.51416 0.43715 -0.38819
1403638161.445096970 1.37898 10.15666 1.81363 0.64340 0.50505 0.43930 -0.37145
1403638161.545097113 1.43068 10.20781 1.85452 0.65486 0.49958 0.44001 -0.35772
1403638161.645097017 1.48309 10.26037 1.89016 0.66312 0.49306 0.44051 -0.35088
1403638161.745096922 1.53586 10.31166 1.91996 0.66840 0.48568 0.44078 -0.35082
1403638161.845097065 1.59152 10.36236 1.94605 0.67024 0.47822 0.44631 -0.35056
1403638161.945096970 1.65059 10.41190 1.96639 0.67262 0.46946 0.45370 -0.34837
1403638162.045097113 1.70967 10.46090 1.98596 0.67631 0.46281 0.45769 -0.34485
1403638162.145097017 1.77192 10.50918 2.01098 0.68056 0.45870 0.45770 -0.34197
1403638162.245096922 1.83659 10.55499 2.04231 0.68571 0.45545 0.45433 -0.34052
1403638162.345097065 1.90647 10.60037 2.07122 0.68935 0.45216 0.45155 -0.34124
1403638162.445096970 1.98204 10.64529 2.09534 0.68950 0.44890 0.45254 -0.34392
1403638162.545097113 2.06080 10.68729 2.11677 0.68763 0.44938 0.45580 -0.34275
1403638162.645097017 2.14443 10.72733 2.14118 0.68543 0.45305 0.45854 -0.33862
1403638162.745096922 2.22953 10.76617 2.17190 0.68415 0.45744 0.45937 -0.33416
1403638162.845097065 2.31857 10.80514 2.20826 0.68772 0.45464 0.45710 -0.33378
1403638162.945096970 2.41034 10.84212 2.25266 0.69030 0.44539 0.45862 -0.33879
1403638163.045097113 2.50769 10.87938 2.30027 0.68745 0.43655 0.46792 -0.34333
1403638163.145097017 2.60754 10.91330 2.33139 0.68870 0.42824 0.47391 -0.34308
1403638163.245096922 2.71100 10.94186 2.34608 0.69349 0.42311 0.47879 -0.33288
1403638163.345097065 2.81907 10.96790 2.35242 0.69904 0.41603 0.48564 -0.32003
1403638163.445096970 2.92797 10.98978 2.35512 0.70498 0.40564 0.49353 -0.30803
1403638163.545097113 3.04127 11.01025 2.36086 0.71066 0.39607 0.49828 -0.29968
1403638163.645097017 3.14717 11.02435 2.37195 0.71514 0.39008 0.50015 -0.29370
1403638163.745096922 3.25164 11.03674 2.39307 0.71738 0.38612 0.50237 -0.28965
1403638163.845097065 3.35627 11.04793 2.42387 0.71796 0.38291 0.50432 -0.28909
1403638163.945096970 3.46030 11.05648 2.46081 0.71962 0.38075 0.50290 -0.29027
1403638164.045097113 3.56429 11.06121 2.50329 0.72220 0.37805 0.49874 -0.29456
1403638164.145097017 3.66870 11.06259 2.55321 0.72246 0.37634 0.49694 -0.29910
1403638164.245096922 3.77709 11.06038 2.60290 0.72121 0.37517 0.49701 -0.30345
1403638164.345097065 3.88546 11.05444 2.64748 0.71960 0.37410 0.49756 -0.30766
1403638164.445096970 3.99766 11.04360 2.68521 0.71799 0.37511 0.49802 -0.30944
1403638164.545097113 4.11067 11.02828 2.71799 0.71857 0.37409 0.49596 -0.31265
1403638164.645097017 4.22892 11.00767 2.74527 0.72021 0.37166 0.49446 -0.31412
1403638164.745096922 4.34959 10.98105 2.76912 0.72115 0.36875 0.49911 -0.30798
1403638164.845097065 4.47613 10.94934 2.78950 0.71637 0.37176 0.51179 -0.29442
1403638164.945096970 4.59989 10.91548 2.80669 0.71249 0.37336 0.52204 -0.28359
1403638165.045097113 4.71357 10.87705 2.81844 0.71208 0.36349 0.52709 -0.28809
1403638165.145097017 4.82579 10.83224 2.82342 0.71797 0.35187 0.52533 -0.29110
1403638165.245096922 4.92898 10.78176 2.82152 0.72771 0.34932 0.51765 -0.28363
1403638165.345097065 5.03258 10.72692 2.81388 0.73818 0.34570 0.50755 -0.27925
1403638165.445096970 5.13627 10.67063 2.80262 0.74124 0.34104 0.50668 -0.27843
1403638165.545097113 5.24386 10.61039 2.79033 0.73508 0.33731 0.51854 -0.27748
1403638165.645097017 5.35236 10.54580 2.77485 0.72544 0.33516 0.53394 -0.27626
1403638165.745096922 5.45764 10.47518 2.75342 0.71822 0.33460 0.54499 -0.27421
1403638165.845097065 5.55714 10.39784 2.72483 0.72058 0.33802 0.54235 -0.26902
1403638165.945096970 5.65383 10.31480 2.70195 0.72660 0.34240 0.53412 -0.26371
1403638166.045097113 5.74795 10.22898 2.68699 0.73374 0.34643 0.52360 -0.25973
1403638166.145097017 5.83972 10.14271 2.68345 0.73624 0.35311 0.51912 -0.25254
1403638166.245096922 5.92962 10.05929 2.69593 0.73659 0.35742 0.51665 -0.25051
1403638166.345097065 6.01518 9.97763 2.72855 0.73540 0.36133 0.51644 -0.24881
1403638166.445096970 6.09666 9.90091 2.77683 0.73505 0.36411 0.51567 -0.24742
1403638166.545097113 6.17116 9.82801 2.82552 0.73451 0.36501 0.51510 -0.24887
1403638166.645097017 6.24542 9.75461 2.86717 0.73410 0.36551 0.51460 -0.25037
1403638166.745096922 6.31320 9.69082 2.90246 0.73609 0.36293 0.51113 -0.25532
1403638166.845097065 6.38373 9.62537 2.92663 0.74424 0.35816 0.49848 -0.26335
1403638166.945096970 6.45840 9.55773 2.94167 0.75490 0.35671 0.48172 -0.26615
1403638167.045097113 6.53872 9.49513 2.95470 0.76046 0.35983 0.47318 -0.26139
1403638167.145097017 6.62680 9.43824 2.97210 0.76071 0.36429 0.47266 -0.25536
1403638167.245096922 6.72232 9.38925 2.99772 0.75822 0.36814 0.47646 -0.25011
1403638167.345097065 6.82312 9.34994 3.02937 0.75556 0.36941 0.48076 -0.24805
1403638167.445096970 6.92908 9.31593 3.06327 0.75422 0.36786 0.48351 -0.24910
1403638167.545097113 7.04116 9.28394 3.09293 0.75131 0.36422 0.48860 -0.25326
1403638167.645097017 7.15402 9.25606 3.11518 0.75017 0.35513 0.49214 -0.26251
1403638167.745096922 7.27330 9.22520 3.13153 0.75193 0.34350 0.49522 -0.26714
1403638167.845097065 7.39426 9.19809 3.14187 0.75699 0.32902 0.49665 -0.26843
1403638167.945096970 7.52146 9.16903 3.14898 0.76157 0.31471 0.50112 -0.26428
1403638168.045097113 7.65583 9.13030 3.15531 0.76595 0.30189 0.50617 -0.25685
1403638168.145097017 7.79446 9.08980 3.16771 0.76944 0.29130 0.51050 -0.25000
1403638168.245096922 7.93660 9.03926 3.18810 0.77291 0.28156 0.51602 -0.23888
1403638168.345097065 8.07796 8.98796 3.21385 0.77666 0.27098 0.52187 -0.22588
1403638168.445096970 8.22297 8.93397 3.24650 0.77962 0.26082 0.52829 -0.21231
1403638168.545097113 8.36816 8.87932 3.27651 0.78456 0.25939 0.52880 -0.19380
1403638168.645097017 8.51299 8.82701 3.29860 0.78963 0.26117 0.52645 -0.17645
1403638168.745096922 8.65832 8.78080 3.31328 0.79248 0.26245 0.52508 -0.16546
1403638168.845097065 8.80399 8.74107 3.32177 0.79448 0.26264 0.52337 -0.16095
1403638168.945096970 8.95108 8.70925 3.32513 0.79544 0.26343 0.52210 -0.15907
1403638169.045097113 9.09852 8.68605 3.32476 0.79215 0.26488 0.52589 -0.16055
1403638169.145097017 9.24573 8.67133 3.31943 0.78671 0.26159 0.53251 -0.17058
1403638169.245096922 9.39463 8.65974 3.30815 0.78431 0.25531 0.53478 -0.18353
1403638169.345097065 9.54545 8.64779 3.29146 0.78256 0.23957 0.53897 -0.19931
1403638169.445096970 9.69530 8.63076 3.27081 0.78095 0.22018 0.54568 -0.20946
1403638169.545097113 9.84600 8.60558 3.25279 0.78086 0.20331 0.55294 -0.20779
1403638169.645097017 9.99970 8.57096 3.24164 0.78343 0.18976 0.55885 -0.19475
1403638169.745096922 10.14568 8.52600 3.23489 0.78813 0.17855 0.56285 -0.17369
1403638169.845097065 10.28749 8.47256 3.23854 0.79178 0.16959 0.56863 -0.14483
1403638169.945096970 10.42508 8.41623 3.25032 0.79207 0.15810 0.57788 -0.11701
1403638170.045097113 10.55543 8.36100 3.26854 0.78864 0.13993 0.59053 -0.09865
1403638170.145097017 10.68032 8.30760 3.28353 0.78925 0.11650 0.59653 -0.08757
1403638170.245096922 10.79876 8.25371 3.29051 0.79260 0.09098 0.59774 -0.07889
1403638170.345097065 10.90916 8.19920 3.29091 0.79722 0.06510 0.59595 -0.07098
1403638170.445096970 11.02138 8.14282 3.28258 0.80283 0.04164 0.59174 -0.05980
1403638170.545097113 11.12533 8.08473 3.27442 0.80466 0.01572 0.59098 -0.05492
1403638170.645097017 11.22639 8.01991 3.27308 0.80207 -0.00771 0.59530 -0.04746
1403638170.745096922 11.31377 7.94906 3.28131 0.80021 -0.02772 0.59796 -0.03654
1403638170.845097065 11.39221 7.87042 3.29423 0.79922 -0.04570 0.59884 -0.02363
1403638170.945096970 11.45734 7.78547 3.30456 0.79901 -0.06223 0.59803 -0.00839
1403638171.045097113 11.51269 7.69543 3.30944 0.79657 -0.07915 0.59931 0.00543
1403638171.145097017 11.56009 7.60175 3.31087 0.79401 -0.09322 0.60052 0.01531
1403638171.245096922 11.59134 7.50552 3.30854 0.79146 -0.10477 0.60182 0.02050
1403638171.345097065 11.61733 7.40546 3.30494 0.78960 -0.11178 0.60285 0.02458
1403638171.445096970 11.62943 7.30177 3.29931 0.78711 -0.11853 0.60465 0.02829
1403638171.545097113 11.63400 7.19394 3.29250 0.78397 -0.12600 0.60718 0.02907
1403638171.645097017 11.63166 7.07888 3.28317 0.78077 -0.13382 0.60950 0.03161
1403638171.745096922 11.61983 6.95824 3.27225 0.77736 -0.14485 0.61119 0.03428
1403638171.845097065 11.59844 6.83135 3.26234 0.77380 -0.15514 0.61303 0.03677
1403638171.945096970 11.56551 6.69732 3.25709 0.76846 -0.16232 0.61757 0.04148
1403638172.045097113 11.51922 6.55625 3.25822 0.76676 -0.16491 0.61839 0.04982
1403638172.145097017 11.45866 6.41100 3.26281 0.76671 -0.16584 0.61765 0.05630
1403638172.245096922 11.38713 6.26239 3.26175 0.76775 -0.16666 0.61583 0.05955
1403638172.345097065 11.30355 6.11218 3.25121 0.76825 -0.16605 0.61511 0.06209
1403638172.445096970 11.21046 5.95989 3.23115 0.76733 -0.16550 0.61644 0.06177
1403638172.545097113 11.10995 5.80471 3.20090 0.76501 -0.16567 0.61955 0.05888
1403638172.645097017 10.99988 5.64688 3.16265 0.76337 -0.16538 0.62203 0.05481
1403638172.745096922 10.87634 5.48883 3.11769 0.76397 -0.16415 0.62186 0.05196
1403638172.845097065 10.74051 5.32781 3.06886 0.76368 -0.16374 0.62268 0.04735
1403638172.945096970 10.59220 5.16360 3.01622 0.76556 -0.16284 0.62093 0.04281
1403638173.045097113 10.43195 4.99355 2.95889 0.76941 -0.16266 0.61660 0.03682
1403638173.145097017 10.26178 4.81626 2.89537 0.77456 -0.16245 0.61049 0.03119
1403638173.245096922 10.08258 4.63364 2.82526 0.77889 -0.15802 0.60598 0.03388
1403638173.345097065 9.89625 4.44494 2.75018 0.78346 -0.15194 0.60120 0.04075
1403638173.445096970 9.70526 4.25183 2.66840 0.78629 -0.14154 0.59876 0.05655
1403638173.545097113 9.51258 4.05651 2.57588 0.78952 -0.13436 0.59501 0.06767
1403638173.645097017 9.32065 3.86128 2.48054 0.79045 -0.13204 0.59377 0.07205
1403638173.745096922 9.12675 3.66929 2.38057 0.79089 -0.13214 0.59305 0.07302
1403638173.845097065 8.93172 3.47770 2.28059 0.79179 -0.13392 0.59150 0.07254
1403638173.945096970 8.73315 3.29102 2.18741 0.79159 -0.13362 0.59167 0.07392
1403638174.045097113 8.53050 3.10926 2.10027 0.79309 -0.13417 0.58952 0.07400
1403638174.145097017 8.32367 2.93222 2.01895 0.79337 -0.13372 0.58912 0.07501
1403638174.245096922 8.11580 2.75905 1.93630 0.79787 -0.13340 0.58302 0.07540
1403638174.345097065 7.90900 2.58868 1.84745 0.80297 -0.13349 0.57609 0.07446
1403638174.445096970 7.70726 2.41980 1.75418 0.80673 -0.13322 0.57095 0.07384
1403638174.545097113 7.51209 2.25515 1.66358 0.80955 -0.13435 0.56704 0.07108
1403638174.645097017 7.32079 2.08804 1.57989 0.81402 -0.13161 0.56082 0.07433
1403638174.745096922 7.13256 1.92292 1.50215 0.81844 -0.12991 0.55448 0.07634
1403638174.845097065 6.95018 1.75875 1.43352 0.82159 -0.12910 0.54990 0.07703
1403638174.945096970 6.77590 1.60015 1.36982 0.82292 -0.12845 0.54782 0.07871
1403638175.045097113 6.60867 1.44327 1.31139 0.82215 -0.12782 0.54885 0.08062
1403638175.145097017 6.44867 1.28899 1.25829 0.82157 -0.12838 0.54924 0.08286
1403638175.245096922 6.29508 1.13548 1.21070 0.82195 -0.12828 0.54833 0.08532
1403638175.345097065 6.15070 0.98435 1.17037 0.82604 -0.12948 0.54171 0.08631
1403638175.445096970 6.01369 0.83492 1.13655 0.83160 -0.12803 0.53285 0.09010
1403638175.545097113 5.89226 0.68652 1.11149 0.83875 -0.12577 0.52142 0.09382
1403638175.645097017 5.78311 0.54214 1.09445 0.84610 -0.12732 0.50941 0.09164
1403638175.745096922 5.68992 0.40144 1.08397 0.85138 -0.12811 0.50083 0.08892
1403638175.845097065 5.61608 0.26568 1.07123 0.85499 -0.12684 0.49487 0.08943
1403638175.945096970 5.56011 0.13536 1.04938 0.85546 -0.12264 0.49434 0.09368
1403638176.045097113 5.52444 0.01002 1.02518 0.85063 -0.11567 0.50280 0.10124
1403638176.145097017 5.50387 -0.11226 1.00138 0.83849 -0.10822 0.52274 0.10941
1403638176.245096922 5.49489 -0.22908 0.98148 0.82325 -0.11036 0.54669 0.10587
1403638176.345097065 5.49041 -0.33844 0.96609 0.81427 -0.11028 0.55994 0.10616
1403638176.445096970 5.49101 -0.43924 0.95521 0.81199 -0.10997 0.56296 0.10798
1403638176.545097113 5.49563 -0.53166 0.95112 0.81212 -0.11013 0.56249 0.10925
1403638176.645097017 5.49917 -0.61854 0.95048 0.81359 -0.11016 0.56016 0.11025
1403638176.745096922 5.51176 -0.69833 0.95871 0.81396 -0.11035 0.55959 0.11026
1403638176.845097065 5.52083 -0.77208 0.97140 0.81388 -0.11315 0.55990 0.10631
1403638176.945096970 5.53463 -0.84432 0.98647 0.81446 -0.11499 0.55917 0.10375
1403638177.045097113 5.54849 -0.90663 0.99759 0.81575 -0.11376 0.55721 0.10551
1403638177.145097017 5.56577 -0.96541 1.00127 0.81624 -0.11188 0.55621 0.10891
1403638177.245096922 5.58852 -1.02347 0.99607 0.81657 -0.11020 0.55559 0.11132
1403638177.345097065 5.61210 -1.06769 0.98646 0.81647 -0.10967 0.55564 0.11226
1403638177.445096970 5.64075 -1.11111 0.97029 0.81704 -0.11084 0.55468 0.11174
1403638177.545097113 5.67097 -1.14275 0.95098 0.81584 -0.11803 0.55664 0.10307
1403638177.645097017 5.70435 -1.17428 0.92699 0.81446 -0.12721 0.55871 0.09123
1403638177.745096922 5.73920 -1.20537 0.89914 0.81229 -0.13671 0.56104 0.08200
1403638177.845097065 5.77637 -1.24033 0.86931 0.80563 -0.14449 0.56944 0.07626
1403638177.945096970 5.80933 -1.27060 0.84240 0.79856 -0.14847 0.57845 0.07520
1403638178.045097113 5.84061 -1.30852 0.82151 0.79386 -0.14918 0.58412 0.07967
1403638178.145097017 5.86676 -1.34744 0.80953 0.79124 -0.15308 0.58524 0.08942
1403638178.245096922 5.88286 -1.38590 0.80413 0.78648 -0.16451 0.58717 0.09804
1403638178.345097065 5.89635 -1.42791 0.80949 0.78162 -0.18043 0.58720 0.10828
1403638178.445096970 5.90070 -1.47077 0.81538 0.77747 -0.20054 0.58394 0.11971
1403638178.545097113 5.89808 -1.51130 0.81734 0.77603 -0.22373 0.57494 0.13105
1403638178.645097017 5.89055 -1.55234 0.81468 0.77401 -0.24792 0.56545 0.14040
1403638178.745096922 5.87910 -1.59597 0.80949 0.76878 -0.26974 0.55964 0.15174
1403638178.845097065 5.86245 -1.64183 0.79991 0.76503 -0.28823 0.55188 0.16455
1403638178.945096970 5.84303 -1.69046 0.78721 0.76429 -0.30233 0.54246 0.17376
1403638179.045097113 5.82140 -1.74156 0.77032 0.76666 -0.31183 0.53148 0.18035
1403638179.145097017 5.79954 -1.79615 0.75035 0.76863 -0.31748 0.52263 0.18782
1403638179.245096922 5.77861 -1.85545 0.72680 0.76971 -0.32247 0.51436 0.19747
1403638179.345097065 5.76186 -1.92036 0.69976 0.76905 -0.33024 0.50659 0.20702
1403638179.445096970 5.74867 -1.99012 0.67254 0.75934 -0.34248 0.50888 0.21715
1403638179.545097113 5.73784 -2.06304 0.64336 0.74469 -0.35767 0.51497 0.22874
1403638179.645097017 5.72629 -2.13688 0.61198 0.73232 -0.37478 0.51501 0.24088
1403638179.745096922 5.71445 -2.21065 0.58568 0.72071 -0.39197 0.51182 0.25491
1403638179.845097065 5.70058 -2.28294 0.56604 0.70971 -0.40904 0.50667 0.26885
1403638179.945096970 5.68392 -2.35624 0.55319 0.70256 -0.42634 0.49722 0.27823
1403638180.045097113 5.66808 -2.43006 0.54461 0.69988 -0.44129 0.48570 0.28200
1403638180.145097017 5.65148 -2.50577 0.53853 0.69545 -0.45181 0.48068 0.28487
1403638180.245096922 5.63460 -2.58421 0.53532 0.69273 -0.45635 0.47766 0.28932
1403638180.345097065 5.61713 -2.66591 0.52554 0.69181 -0.46032 0.47521 0.28928
1403638180.445096970 5.59953 -2.75071 0.51036 0.69325 -0.46009 0.47174 0.29186
1403638180.545097113 5.58226 -2.83876 0.49118 0.69419 -0.45712 0.47073 0.29590
1403638180.645097017 5.56551 -2.93028 0.47140 0.69718 -0.45480 0.46766 0.29731
1403638180.745096922 5.55045 -3.02350 0.45646 0.70199 -0.45381 0.46284 0.29504
1403638180.845097065 5.53716 -3.12150 0.45116 0.70485 -0.45328 0.46152 0.29108
1403638180.945096970 5.52766 -3.22487 0.44949 0.70551 -0.45192 0.46382 0.28793
1403638181.045097113 5.51903 -3.33152 0.44596 0.70426 -0.45062 0.46864 0.28519
1403638181.145097017 5.51358 -3.44276 0.43398 0.70329 -0.45048 0.47227 0.28181
1403638181.245096922 5.50704 -3.55774 0.41887 0.69874 -0.44938 0.48027 0.28136
1403638181.345097065 5.50023 -3.67615 0.39845 0.68874 -0.45370 0.48929 0.28354
1403638181.445096970 5.48691 -3.79578 0.37314 0.67624 -0.46510 0.49431 0.28642
1403638181.545097113 5.46844 -3.91407 0.34565 0.65714 -0.47843 0.50164 0.29602
1403638181.645097017 5.44158 -4.03296 0.31925 0.64032 -0.48996 0.50200 0.31292
1403638181.745096922 5.40545 -4.15346 0.29794 0.63235 -0.50275 0.48914 0.32881
1403638181.845097065 5.36201 -4.27474 0.28684 0.62634 -0.51571 0.47226 0.34455
1403638181.945096970 5.31509 -4.39493 0.28391 0.62140 -0.52913 0.45483 0.35638
1403638182.045097113 5.26677 -4.50723 0.28770 0.61785 -0.54223 0.44150 0.35963
1403638182.145097017 5.21798 -4.61811 0.29895 0.61490 -0.55249 0.43179 0.36086
1403638182.245096922 5.16985 -4.72305 0.31210 0.61158 -0.56167 0.42659 0.35849
1403638182.345097065 5.12061 -4.83205 0.31980 0.60848 -0.56885 0.42549 0.35371
1403638182.445096970 5.06886 -4.94441 0.32741 0.61004 -0.57113 0.42124 0.35245
1403638182.545097113 5.01513 -5.05805 0.34276 0.61636 -0.56756 0.41290 0.35704
1403638182.645097017 4.96187 -5.17445 0.36628 0.62184 -0.56339 0.40709 0.36080
1403638182.745096922 4.90861 -5.29697 0.39457 0.62399 -0.56115 0.40740 0.36024
1403638182.845097065 4.85883 -5.42197 0.42082 0.62424 -0.55891 0.41012 0.36021
1403638182.945096970 4.80983 -5.55303 0.44180 0.62227 -0.55600 0.41604 0.36131
1403638183.045097113 4.76158 -5.68580 0.45812 0.61897 -0.55116 0.42374 0.36544
1403638183.145097017 4.71452 -5.81836 0.47012 0.61868 -0.54479 0.42648 0.37222
1403638183.245096922 4.66671 -5.95468 0.47707 0.62157 -0.54185 0.42422 0.37428
1403638183.345097065 4.62124 -6.08661 0.47959 0.62599 -0.54401 0.41849 0.37021
1403638183.445096970 4.57773 -6.22135 0.47852 0.63098 -0.54695 0.41148 0.36522
1403638183.545097113 4.53786 -6.35933 0.47405 0.63530 -0.54745 0.40529 0.36390
1403638183.645097017 4.50247 -6.49952 0.46720 0.63420 -0.54746 0.40689 0.36403
1403638183.745096922 4.47166 -6.64333 0.46619 0.62940 -0.54198 0.41450 0.37189
1403638183.845097065 4.44469 -6.78601 0.47154 0.62545 -0.53517 0.42061 0.38144
1403638183.945096970 4.42161 -6.92428 0.48338 0.62241 -0.53304 0.42454 0.38503
1403638184.045097113 4.40290 -7.05774 0.50162 0.62259 -0.53485 0.42362 0.38324
1403638184.145097017 4.38865 -7.18697 0.52420 0.62672 -0.53891 0.41678 0.37828
1403638184.245096922 4.37891 -7.31374 0.54079 0.62937 -0.54400 0.41153 0.37230
1403638184.345097065 4.37412 -7.43829 0.55454 0.62912 -0.54445 0.41070 0.37296
1403638184.445096970 4.37311 -7.56847 0.56412 0.62613 -0.54260 0.41460 0.37637
1403638184.545097113 4.37241 -7.70223 0.56976 0.62418 -0.54081 0.41693 0.37959
1403638184.645097017 4.37919 -7.83070 0.57783 0.62224 -0.54025 0.41921 0.38108
1403638184.745096922 4.38784 -7.96455 0.58568 0.62158 -0.54111 0.41959 0.38052
1403638184.845097065 4.39798 -8.10073 0.59390 0.62146 -0.54167 0.41923 0.38029
1403638184.945096970 4.41031 -8.23139 0.60243 0.62092 -0.53974 0.41974 0.38335
1403638185.045097113 4.42443 -8.36443 0.61568 0.62013 -0.54080 0.42081 0.38196
1403638185.145097017 4.44131 -8.49730 0.62931 0.62207 -0.54039 0.41831 0.38213
1403638185.245096922 4.46135 -8.62448 0.64204 0.62431 -0.53807 0.41532 0.38500
1403638185.345097065 4.48541 -8.75025 0.65591 0.62553 -0.53558 0.41386 0.38805
1403638185.445096970 4.51556 -8.87583 0.66967 0.62734 -0.52865 0.41664 0.39164
1403638185.545097113 4.55174 -8.99932 0.68611 0.63267 -0.51730 0.42189 0.39260
1403638185.645097017 4.59367 -9.12182 0.70264 0.63923 -0.50579 0.42843 0.38987
1403638185.745096922 4.64154 -9.24147 0.71823 0.64163 -0.49971 0.43881 0.38216
1403638185.845097065 4.69256 -9.35511 0.73310 0.64139 -0.50504 0.44971 0.36239
1403638185.945096970 4.74448 -9.46513 0.74311 0.64083 -0.51298 0.45753 0.34185
1403638186.045097113 4.79277 -9.57531 0.74806 0.64349 -0.51317 0.45783 0.33610
1403638186.145097017 4.83684 -9.69232 0.74838 0.64830 -0.50940 0.45310 0.33899
1403638186.245096922 4.88032 -9.80034 0.74734 0.65155 -0.50635 0.44933 0.34234
1403638186.345097065 4.92163 -9.91094 0.75312 0.65382 -0.50381 0.44647 0.34548
1403638186.445096970 4.96474 -10.01802 0.76404 0.65413 -0.50332 0.44573 0.34657
1403638186.545097113 5.00685 -10.12613 0.78052 0.65435 -0.50239 0.44431 0.34930
1403638186.645097017 5.05138 -10.23522 0.79324 0.65560 -0.50141 0.44142 0.35205
1403638186.745096922 5.09754 -10.34170 0.80105 0.65811 -0.49686 0.43814 0.35785
1403638186.845097065 5.14920 -10.44989 0.80131 0.66349 -0.48835 0.43674 0.36132
1403638186.945096970 5.20734 -10.55558 0.80008 0.67158 -0.47886 0.43799 0.35755
1403638187.045097113 5.27282 -10.65945 0.80088 0.67929 -0.46718 0.44817 0.34561
1403638187.145097017 5.34648 -10.76469 0.81155 0.68559 -0.45048 0.46633 0.33100
1403638187.245096922 5.42287 -10.86460 0.83062 0.69207 -0.43085 0.48599 0.31498
1403638187.345097065 5.49967 -10.96156 0.85818 0.69892 -0.40906 0.50246 0.30284
1403638187.445096970 5.57376 -11.05278 0.88951 0.70380 -0.39039 0.51534 0.29444
1403638187.545097113 5.64461 -11.13840 0.92127 0.71040 -0.37929 0.51949 0.28566
1403638187.645097017 5.71122 -11.21798 0.95008 0.71880 -0.37507 0.51595 0.27650
1403638187.745096922 5.77652 -11.29492 0.97513 0.72465 -0.37127 0.51193 0.27381
1403638187.845097065 5.84132 -11.36721 0.99450 0.72746 -0.36757 0.50960 0.27569
1403638187.945096970 5.90664 -11.43319 1.01057 0.72834 -0.36275 0.50817 0.28229
1403638188.045097113 5.97339 -11.49265 1.02381 0.72620 -0.35805 0.50949 0.29130
1403638188.145097017 6.04274 -11.54562 1.03271 0.72451 -0.35363 0.50958 0.30059
1403638188.245096922 6.11383 -11.58550 1.03665 0.71808 -0.35310 0.51669 0.30449
1403638188.345097065 6.18681 -11.61990 1.03609 0.70498 -0.35525 0.53407 0.30261
1403638188.445096970 6.25943 -11.64136 1.03322 0.69320 -0.35636 0.54842 0.30286
1403638188.545097113 6.32826 -11.65536 1.02745 0.68469 -0.35755 0.55861 0.30218
1403638188.645097017 6.39053 -11.65536 1.02244 0.68479 -0.35652 0.56070 0.29928
1403638188.745096922 6.44067 -11.63596 1.02468 0.69164 -0.35420 0.55781 0.29158
1403638188.845097065 6.48469 -11.60483 1.03660 0.70134 -0.35167 0.55109 0.28417
1403638188.945096970 6.52309 -11.56540 1.05936 0.70792 -0.34965 0.54724 0.27772
1403638189.045097113 6.55552 -11.51669 1.09060 0.71324 -0.34633 0.54548 0.27166
1403638189.145097017 6.58291 -11.46161 1.12373 0.71766 -0.33904 0.54839 0.26321
1403638189.245096922 6.60273 -11.39562 1.15076 0.72415 -0.32916 0.55191 0.25033
1403638189.345097065 6.61745 -11.32310 1.17114 0.73463 -0.31708 0.55141 0.23605
1403638189.445096970 6.62652 -11.24699 1.18625 0.75020 -0.30789 0.54143 0.22196
1403638189.545097113 6.63229 -11.16926 1.20551 0.76205 -0.30114 0.53325 0.21032
1403638189.645097017 6.63705 -11.09246 1.23384 0.76869 -0.29643 0.52950 0.20217
1403638189.745096922 6.64108 -11.01733 1.26051 0.77493 -0.29670 0.52380 0.19258
1403638189.845097065 6.64644 -10.94637 1.28108 0.77995 -0.29737 0.51793 0.18709
1403638189.945096970 6.65441 -10.88104 1.29578 0.78427 -0.29720 0.51204 0.18548
1403638190.045097113 6.66922 -10.82276 1.30581 0.78171 -0.29570 0.51567 0.18864
1403638190.145097017 6.69186 -10.77359 1.31432 0.77481 -0.29286 0.52550 0.19428
1403638190.245096922 6.71398 -10.72642 1.31631 0.76707 -0.28734 0.53619 0.20382
1403638190.345097065 6.73432 -10.67538 1.30772 0.76337 -0.27248 0.54359 0.21803
1403638190.445096970 6.75680 -10.62125 1.29493 0.76343 -0.25576 0.54765 0.22767
1403638190.545097113 6.78030 -10.56067 1.27663 0.76581 -0.24796 0.54881 0.22552
1403638190.645097017 6.80691 -10.49338 1.25691 0.76869 -0.24455 0.54883 0.21930
1403638190.745096922 6.83624 -10.41970 1.23919 0.76993 -0.24285 0.55028 0.21313
1403638190.845097065 6.86258 -10.33857 1.22433 0.76994 -0.24707 0.55291 0.20110
1403638190.945096970 6.89047 -10.25214 1.21977 0.77082 -0.24926 0.55336 0.19366
1403638191.045097113 6.91371 -10.16153 1.22246 0.76814 -0.24989 0.55805 0.18997
1403638191.145097017 6.93563 -10.06743 1.23164 0.76812 -0.25014 0.55836 0.18882
1403638191.245096922 6.95651 -9.97424 1.24705 0.77441 -0.25259 0.54953 0.18576
1403638191.345097065 6.96834 -9.87979 1.26686 0.78073 -0.25485 0.54045 0.18282
1403638191.445096970 6.98865 -9.79300 1.28961 0.78380 -0.25619 0.53535 0.18282
1403638191.545097113 7.01253 -9.71228 1.30869 0.78422 -0.25734 0.53412 0.18299
1403638191.645097017 7.03126 -9.62296 1.31711 0.78421 -0.25666 0.53359 0.18553
1403638191.745096922 7.05892 -9.55046 1.32843 0.78594 -0.25337 0.53069 0.19100
1403638191.845097065 7.08617 -9.46207 1.32545 0.78721 -0.25066 0.52839 0.19563
1403638191.945096970 7.12007 -9.37437 1.32048 0.78682 -0.25107 0.52862 0.19607
1403638192.045097113 7.16705 -9.30824 1.33035 0.78679 -0.25018 0.52879 0.19686
1403638192.145097017 7.20845 -9.22173 1.33713 0.78632 -0.25085 0.52964 0.19558
1403638192.245096922 7.25784 -9.15487 1.36623 0.78380 -0.25136 0.53374 0.19392
1403638192.345097065 7.30915 -9.06789 1.39269 0.77810 -0.25187 0.54235 0.19228
1403638192.445096970 7.35938 -8.99010 1.43343 0.77563 -0.25201 0.54612 0.19142
1403638192.545097113 7.41263 -8.89634 1.47817 0.77280 -0.25165 0.55008 0.19199
1403638192.645097017 7.46449 -8.79935 1.52644 0.76667 -0.24982 0.55836 0.19504
1403638192.745096922 7.51662 -8.69454 1.56830 0.75974 -0.25005 0.56741 0.19575
1403638192.845097065 7.56393 -8.58401 1.60293 0.75283 -0.25100 0.57656 0.19450
1403638192.945096970 7.60313 -8.47163 1.63385 0.74055 -0.25443 0.59274 0.18844
1403638193.045097113 7.63198 -8.35692 1.66052 0.73181 -0.25698 0.60510 0.17965
1403638193.145097017 7.64715 -8.23976 1.69044 0.73710 -0.25243 0.60246 0.17320
1403638193.245096922 7.64818 -8.12384 1.72778 0.74746 -0.24467 0.59361 0.17049
1403638193.345097065 7.63721 -7.99672 1.77299 0.75555 -0.23650 0.58650 0.17101
1403638193.445096970 7.61392 -7.87575 1.82639 0.75880 -0.22794 0.58466 0.17445
1403638193.545097113 7.58109 -7.75711 1.87779 0.75914 -0.22316 0.58610 0.17436
1403638193.645097017 7.53990 -7.63688 1.92092 0.76400 -0.22210 0.58091 0.17182
1403638193.745096922 7.49051 -7.51685 1.95599 0.77234 -0.22445 0.57066 0.16572
1403638193.845097065 7.44350 -7.39183 1.98676 0.77810 -0.22571 0.56291 0.16354
1403638193.945096970 7.38263 -7.27444 2.00960 0.78174 -0.22672 0.55793 0.16184
1403638194.045097113 7.32218 -7.15761 2.02733 0.78238 -0.22755 0.55715 0.16028
1403638194.145097017 7.25959 -7.04561 2.03991 0.77759 -0.22602 0.56364 0.16302
1403638194.245096922 7.20408 -6.92810 2.04894 0.77236 -0.22504 0.57039 0.16575
1403638194.345097065 7.13397 -6.81819 2.04908 0.77349 -0.22590 0.56898 0.16413
1403638194.445096970 7.06534 -6.70276 2.05263 0.77727 -0.22846 0.56362 0.16120
1403638194.545097113 7.00419 -6.58106 2.06555 0.78115 -0.23035 0.55775 0.16018
1403638194.645097017 6.93144 -6.46688 2.08060 0.78539 -0.23209 0.55149 0.15857
1403638194.745096922 6.86208 -6.35426 2.09734 0.79039 -0.23389 0.54393 0.15723
1403638194.845097065 6.79567 -6.24328 2.11091 0.79413 -0.23506 0.53804 0.15689
1403638194.945096970 6.73443 -6.13327 2.11984 0.79632 -0.23478 0.53446 0.15842
1403638195.045097113 6.67848 -6.02662 2.12246 0.79761 -0.23540 0.53232 0.15823
1403638195.145097017 6.62896 -5.92338 2.11879 0.79925 -0.23551 0.52984 0.15810
1403638195.245096922 6.58363 -5.82600 2.10862 0.80538 -0.23886 0.52032 0.15353
1403638195.345097065 6.54613 -5.73331 2.09473 0.81180 -0.24193 0.51009 0.14917
1403638195.445096970 6.52589 -5.65171 2.08004 0.80845 -0.24123 0.51527 0.15073
1403638195.545097113 6.51241 -5.57778 2.06317 0.79805 -0.23883 0.53131 0.15421
1403638195.645097017 6.49815 -5.50547 2.04219 0.79110 -0.23605 0.54185 0.15762
1403638195.745096922 6.49388 -5.44347 2.02112 0.79144 -0.23611 0.54149 0.15705
1403638195.845097065 6.49103 -5.38573 2.00515 0.79487 -0.23700 0.53661 0.15513
1403638195.945096970 6.48297 -5.32180 1.99743 0.80017 -0.23758 0.52898 0.15319
1403638196.045097113 6.48753 -5.26923 1.99598 0.80282 -0.23810 0.52506 0.15197
1403638196.145097017 6.50028 -5.22165 2.00533 0.80081 -0.23682 0.52814 0.15389
1403638196.245096922 6.51286 -5.17096 2.02246 0.79479 -0.23447 0.53741 0.15658
1403638196.345097065 6.52553 -5.12105 2.04059 0.79107 -0.23262 0.54292 0.15920
1403638196.445096970 6.54370 -5.07910 2.05146 0.79117 -0.23395 0.54272 0.15740
1403638196.545097113 6.56378 -5.04122 2.05684 0.79242 -0.23608 0.54056 0.15534
1403638196.645097017 6.58315 -5.00637 2.05489 0.79807 -0.23835 0.53188 0.15287
1403638196.745096922 6.60753 -4.97336 2.04704 0.80234 -0.24117 0.52502 0.14979
1403638196.845097065 6.63368 -4.94524 2.03730 0.80296 -0.24152 0.52399 0.14955
1403638196.945096970 6.66838 -4.92100 2.02555 0.79833 -0.23979 0.53098 0.15239
1403638197.045097113 6.70294 -4.90212 2.02203 0.79326 -0.23816 0.53861 0.15468
1403638197.145097017 6.74151 -4.88572 2.02138 0.79083 -0.23691 0.54211 0.15678
1403638197.245096922 6.78010 -4.87044 2.02993 0.78987 -0.23388 0.54363 0.16086
1403638197.345097065 6.82119 -4.85620 2.04525 0.78709 -0.22644 0.54753 0.17157
1403638197.445096970 6.86266 -4.83996 2.06612 0.78477 -0.22200 0.55054 0.17822
1403638197.545097113 6.89965 -4.81964 2.09605 0.78286 -0.22194 0.55349 0.17753
1403638197.645097017 6.93877 -4.79661 2.12900 0.78219 -0.22122 0.55454 0.17814
1403638197.745096922 6.97429 -4.76995 2.16600 0.78288 -0.22074 0.55386 0.17783
1403638197.845097065 7.01334 -4.74047 2.19606 0.78104 -0.22224 0.55670 0.17514
1403638197.945096970 7.05238 -4.70924 2.22057 0.77452 -0.22339 0.56620 0.17215
1403638198.045097113 7.08642 -4.67343 2.23249 0.76667 -0.22333 0.57699 0.17154
1403638198.145097017 7.12075 -4.63632 2.22378 0.76833 -0.22517 0.57481 0.16897
1403638198.245096922 7.15240 -4.59357 2.19825 0.77198 -0.22654 0.56985 0.16729
1403638198.345097065 7.17923 -4.54687 2.16460 0.77453 -0.22607 0.56641 0.16784
1403638198.445096970 7.20613 -4.49899 2.12592 0.77967 -0.22350 0.55925 0.17147
1403638198.545097113 7.23061 -4.44706 2.08468 0.78275 -0.21780 0.55483 0.17896
1403638198.645097017 7.25013 -4.39364 2.03972 0.78303 -0.20553 0.55323 0.19634
1403638198.745096922 7.27098 -4.33198 1.99720 0.78222 -0.19342 0.55285 0.21233
1403638198.845097065 7.32297 -4.24977 1.96952 0.78062 -0.18765 0.55409 0.22000
1403638198.945096970 7.34946 -4.15874 1.94468 0.78121 -0.18769 0.55331 0.21983
1403638199.045097113 7.38840 -4.05367 1.92698 0.78209 -0.19038 0.55239 0.21670
1403638199.145097017 7.42052 -3.93690 1.92120 0.78197 -0.19293 0.55265 0.21420
1403638199.245096922 7.46669 -3.80823 1.92530 0.77972 -0.19570 0.55613 0.21087
1403638199.345097065 7.51383 -3.66908 1.93806 0.77677 -0.19611 0.56014 0.21075
1403638199.445096970 7.55964 -3.51846 1.95582 0.77747 -0.19356 0.55825 0.21548
1403638199.545097113 7.60967 -3.35637 1.98002 0.78158 -0.19121 0.55181 0.21926
1403638199.645097017 7.65790 -3.18315 2.01139 0.78489 -0.18695 0.55021 0.21511
1403638199.745096922 7.70951 -3.00026 2.04887 0.78690 -0.18566 0.55329 0.20047
1403638199.845097065 7.75703 -2.81073 2.08576 0.78979 -0.18993 0.55431 0.18137
1403638199.945096970 7.80285 -2.61648 2.11722 0.79184 -0.19132 0.55493 0.16865
1403638200.045097113 7.84867 -2.41853 2.14412 0.79316 -0.18739 0.55681 0.16045
1403638200.145097017 7.89324 -2.21961 2.16958 0.79554 -0.17361 0.55838 0.15874
1403638200.245096922 7.93810 -2.01688 2.19828 0.79335 -0.15666 0.56746 0.15503
1403638200.345097065 7.98261 -1.80944 2.23349 0.79157 -0.14016 0.57641 0.14667
1403638200.445096970 8.02370 -1.59753 2.27583 0.79291 -0.12226 0.57968 0.14250
1403638200.545097113 8.06292 -1.38001 2.32451 0.79566 -0.10599 0.57925 0.14201
1403638200.645097017 8.09921 -1.15408 2.37797 0.79863 -0.08948 0.57864 0.13914
1403638200.745096922 8.13311 -0.91923 2.43546 0.80227 -0.07351 0.57644 0.13665
1403638200.845097065 8.16422 -0.67485 2.48875 0.80624 -0.06517 0.57328 0.13072
1403638200.945096970 8.19448 -0.42190 2.53435 0.80841 -0.06664 0.57292 0.11745
1403638201.045097113 8.22274 -0.16222 2.57246 0.80799 -0.07278 0.57569 0.10219
1403638201.145097017 8.24923 0.09965 2.60200 0.80801 -0.07633 0.57646 0.09479
1403638201.245096922 8.27427 0.36200 2.62452 0.80591 -0.08081 0.57959 0.08975
1403638201.345097065 8.29523 0.62378 2.63920 0.80677 -0.08196 0.57809 0.09067
1403638201.445096970 8.31388 0.88618 2.64707 0.80593 -0.08254 0.57877 0.09318
1403638201.545097113 8.32901 1.14747 2.64731 0.80432 -0.08362 0.58057 0.09497
1403638201.645097017 8.34114 1.40840 2.64112 0.80227 -0.08453 0.58297 0.09675
1403638201.745096922 8.35076 1.66996 2.62529 0.80163 -0.08658 0.58354 0.09680
1403638201.845097065 8.35932 1.93333 2.60146 0.80067 -0.08824 0.58472 0.09617
1403638201.945096970 8.36710 2.20109 2.57456 0.80196 -0.08654 0.58331 0.09546
1403638202.045097113 8.37148 2.47219 2.55193 0.80312 -0.08125 0.58349 0.08907
1403638202.145097017 8.37105 2.74225 2.53393 0.80662 -0.08068 0.58049 0.07672
1403638202.245096922 8.36772 3.01353 2.52377 0.81058 -0.08134 0.57619 0.06590
1403638202.345097065 8.36472 3.27976 2.52082 0.81377 -0.08052 0.57254 0.05911
1403638202.445096970 8.36568 3.54143 2.51989 0.81552 -0.07829 0.57053 0.05738
1403638202.545097113 8.36931 3.79817 2.51188 0.81654 -0.07846 0.56935 0.05436
1403638202.645097017 8.37467 4.05067 2.49708 0.81802 -0.07952 0.56728 0.05209
1403638202.745096922 8.38258 4.29544 2.47724 0.81816 -0.07979 0.56704 0.05213
1403638202.845097065 8.39094 4.53330 2.45175 0.81715 -0.07929 0.56840 0.05389
1403638202.945096970 8.40005 4.76540 2.42337 0.81642 -0.07983 0.56932 0.05446
1403638203.045097113 8.40905 4.99153 2.39733 0.81514 -0.08094 0.57109 0.05348
1403638203.145097017 8.41775 5.20975 2.37711 0.81427 -0.08013 0.57226 0.05527
1403638203.245096922 8.42511 5.42189 2.36467 0.81117 -0.07747 0.57665 0.05902
1403638203.345097065 8.43121 5.63021 2.35709 0.80957 -0.07845 0.57892 0.05740
1403638203.445096970 8.43519 5.83444 2.34644 0.80801 -0.07937 0.58117 0.05534
1403638203.545097113 8.43881 6.03069 2.33006 0.80883 -0.08052 0.58004 0.05353
1403638203.645097017 8.43996 6.22346 2.31353 0.81049 -0.08149 0.57772 0.05205
1403638203.745096922 8.43848 6.41193 2.30360 0.81001 -0.08192 0.57841 0.05112
1403638203.845097065 8.43226 6.59810 2.30125 0.81003 -0.08067 0.57846 0.05217
1403638203.945096970 8.42479 6.78159 2.30585 0.81045 -0.07971 0.57800 0.05227
1403638204.045097113 8.41388 6.96095 2.31680 0.81171 -0.07986 0.57640 0.05009
1403638204.145097017 8.39949 7.13532 2.33595 0.81423 -0.08049 0.57300 0.04711
1403638204.245096922 8.38461 7.30387 2.36219 0.81686 -0.08468 0.56915 0.04049
1403638204.345097065 8.37123 7.46330 2.39293 0.82069 -0.09348 0.56295 0.02852
1403638204.445096970 8.35671 7.61582 2.42368 0.82377 -0.10001 0.55764 0.02102
1403638204.545097113 8.34144 7.75822 2.45007 0.82365 -0.10254 0.55743 0.01910
1403638204.645097017 8.32684 7.89161 2.47061 0.82215 -0.09955 0.56022 0.01753
1403638204.745096922 8.31466 8.01316 2.48352 0.82297 -0.08673 0.56111 0.01901
1403638204.845097065 8.30413 8.12620 2.48959 0.82344 -0.06458 0.56327 0.02261
1403638204.945096970 8.29699 8.23590 2.48826 0.82296 -0.03573 0.56658 0.02131
1403638205.045097113 8.29202 8.34382 2.47976 0.82244 -0.00342 0.56874 0.01087
1403638205.145097017 8.28792 8.44541 2.46690 0.82193 0.03229 0.56859 -0.00958
1403638205.245096922 8.28292 8.55432 2.46022 0.81827 0.07167 0.56921 -0.03596
1403638205.345097065 8.27828 8.66590 2.46180 0.81148 0.11154 0.56991 -0.06528
1403638205.445096970 8.27315 8.77966 2.47132 0.80168 0.15129 0.57123 -0.09013
1403638205.545097113 8.26677 8.89246 2.48717 0.79106 0.18753 0.57334 -0.10170
1403638205.645097017 8.25427 9.00593 2.51055 0.77941 0.21511 0.57893 -0.10531
1403638205.745096922 8.23648 9.12333 2.53997 0.76931 0.23460 0.58426 -0.10845
1403638205.845097065 8.20815 9.24630 2.57283 0.76376 0.25070 0.58301 -0.11802
1403638205.945096970 8.16916 9.37278 2.60992 0.75996 0.26730 0.57755 -0.13210
1403638206.045097113 8.12171 9.50497 2.65327 0.75616 0.28372 0.57017 -0.15046
1403638206.145097017 8.06395 9.63665 2.70199 0.74922 0.30064 0.56575 -0.16795
1403638206.245096922 7.99664 9.76965 2.75114 0.74170 0.31695 0.56189 -0.18359
1403638206.345097065 7.92468 9.90726 2.79328 0.73608 0.32658 0.55643 -0.20473
1403638206.445096970 7.84488 10.03782 2.82997 0.73263 0.33110 0.55202 -0.22115
1403638206.545097113 7.75903 10.15835 2.86247 0.72915 0.33329 0.55066 -0.23247
1403638206.645097017 7.67076 10.27677 2.88730 0.72618 0.33530 0.55067 -0.23872
1403638206.745096922 7.57753 10.38850 2.90602 0.72343 0.34125 0.54772 -0.24536
1403638206.845097065 7.48038 10.48986 2.91735 0.72079 0.34768 0.54449 -0.25122
1403638206.945096970 7.38127 10.58752 2.92290 0.71708 0.35065 0.54453 -0.25754
1403638207.045097113 7.27924 10.67748 2.92220 0.71377 0.35175 0.54554 -0.26305
1403638207.145097017 7.17465 10.76124 2.91301 0.71133 0.35283 0.54683 -0.26551
1403638207.245096922 7.06535 10.83917 2.89571 0.70874 0.35529 0.54658 -0.26964
1403638207.345097065 6.94976 10.91529 2.87323 0.70333 0.36139 0.54581 -0.27714
1403638207.445096970 6.82858 10.98506 2.84901 0.69486 0.37231 0.54424 -0.28697
1403638207.545097113 6.70433 11.04456 2.82955 0.68735 0.38689 0.53732 -0.29859
1403638207.645097017 6.57211 11.09430 2.81672 0.68597 0.40121 0.52434 -0.30586
1403638207.745096922 6.44104 11.13463 2.80987 0.68785 0.41172 0.51041 -0.31117
1403638207.845097065 6.31206 11.16543 2.81201 0.69015 0.41882 0.49944 -0.31441
1403638207.945096970 6.18662 11.19175 2.82161 0.69382 0.42402 0.48990 -0.31437
1403638208.045097113 6.06441 11.21473 2.83442 0.69464 0.42621 0.48722 -0.31375
1403638208.145097017 5.94356 11.23428 2.84372 0.69229 0.42334 0.49070 -0.31738
1403638208.245096922 5.82453 11.25073 2.84613 0.68899 0.42064 0.49656 -0.31904
1403638208.345097065 5.71002 11.26266 2.83999 0.69053 0.42048 0.49617 -0.31652
1403638208.445096970 5.59529 11.27248 2.82696 0.69325 0.42205 0.49329 -0.31297
1403638208.545097113 5.48522 11.27881 2.81601 0.69314 0.42645 0.48851 -0.31473
1403638208.645097017 5.37387 11.28362 2.81070 0.68824 0.43567 0.48436 -0.31923
1403638208.745096922 5.26636 11.28679 2.81279 0.68402 0.44201 0.47962 -0.32665
1403638208.845097065 5.16244 11.28700 2.81982 0.67906 0.44755 0.47752 -0.33249
1403638208.945096970 5.06107 11.28351 2.82371 0.67409 0.45326 0.47739 -0.33503
1403638209.045097113 4.96312 11.27682 2.82105 0.67146 0.45646 0.47644 -0.33733
1403638209.145097017 4.86966 11.26668 2.81170 0.67018 0.45857 0.47496 -0.33910
1403638209.245096922 4.77913 11.25269 2.79598 0.66975 0.45947 0.47390 -0.34020
1403638209.345097065 4.69146 11.23693 2.77373 0.67064 0.45937 0.47186 -0.34142
1403638209.445096970 4.60711 11.21915 2.74552 0.67083 0.45899 0.47091 -0.34288
1403638209.545097113 4.50943 11.19970 2.71467 0.66886 0.45681 0.47419 -0.34512
1403638209.645097017 4.42561 11.17918 2.66282 0.66929 0.45497 0.47453 -0.34622
1403638209.745096922 4.34031 11.15482 2.59279 0.67049 0.45489 0.47418 -0.34450
1403638209.845097065 4.26066 11.13028 2.50460 0.66861 0.45659 0.47764 -0.34109
1403638209.945096970 4.17741 11.10029 2.40732 0.66543 0.45573 0.48291 -0.34103
1403638210.045097113 4.10303 11.06795 2.30597 0.66102 0.45382 0.48920 -0.34320
1403638210.145097017 4.02108 11.02959 2.20961 0.65776 0.45042 0.49384 -0.34726
1403638210.245096922 3.94496 10.98580 2.11945 0.65596 0.44841 0.49620 -0.34991
1403638210.345097065 3.86774 10.93250 2.03373 0.65559 0.44924 0.49698 -0.34842
1403638210.445096970 3.78691 10.86938 1.94708 0.65674 0.44914 0.49573 -0.34816
1403638210.545097113 3.70859 10.80099 1.85645 0.65665 0.44780 0.49618 -0.34942
1403638210.645097017 3.62634 10.72566 1.76003 0.65602 0.44632 0.49757 -0.35052
1403638210.745096922 3.54742 10.64433 1.66317 0.65660 0.44493 0.49718 -0.35174
1403638210.845097065 3.46589 10.55123 1.57185 0.65795 0.44489 0.49566 -0.35141
1403638210.945096970 3.38732 10.45438 1.48738 0.66169 0.44659 0.49055 -0.34942
1403638211.045097113 3.30971 10.35036 1.41166 0.66497 0.44762 0.48564 -0.34872
1403638211.145097017 3.23430 10.24304 1.34764 0.66778 0.44923 0.48138 -0.34719
1403638211.245096922 3.16366 10.13488 1.29063 0.66983 0.44991 0.47819 -0.34675
1403638211.345097065 3.09765 10.02656 1.24321 0.67193 0.44861 0.47803 -0.34459
1403638211.445096970 3.03407 9.91648 1.19292 0.67694 0.44212 0.48049 -0.33972
1403638211.545097113 2.97236 9.80031 1.13384 0.68390 0.43180 0.48462 -0.33313
1403638211.645097017 2.91295 9.68282 1.07084 0.69300 0.41565 0.48984 -0.32718
1403638211.745096922 2.85815 9.56051 1.00220 0.70457 0.39610 0.49572 -0.31772
1403638211.845097065 2.80716 9.43378 0.93321 0.71859 0.37256 0.50001 -0.30793
1403638211.945096970 2.76186 9.30316 0.87064 0.73042 0.34987 0.50677 -0.29540
1403638212.045097113 2.72190 9.16782 0.81650 0.74108 0.32848 0.51329 -0.28185
1403638212.145097017 2.68701 9.02921 0.77003 0.74948 0.30982 0.52157 -0.26506
1403638212.245096922 2.65509 8.88690 0.73276 0.75685 0.29085 0.53027 -0.24780
1403638212.345097065 2.62397 8.74032 0.70391 0.76449 0.27176 0.53662 -0.23182
1403638212.445096970 2.59680 8.59202 0.68234 0.77089 0.25293 0.54374 -0.21472
1403638212.545097113 2.56054 8.43206 0.66725 0.77700 0.23068 0.54971 -0.20218
1403638212.645097017 2.52791 8.26942 0.65576 0.78385 0.20919 0.55362 -0.18795
1403638212.745096922 2.49628 8.10342 0.65052 0.79054 0.18959 0.55696 -0.17002
1403638212.845097065 2.46554 7.93370 0.65164 0.79535 0.16652 0.56194 -0.15463
1403638212.945096970 2.43691 7.76253 0.65725 0.80085 0.14193 0.56501 -0.13880
1403638213.045097113 2.41208 7.59034 0.66985 0.80610 0.11672 0.56737 -0.12112
1403638213.145097017 2.39046 7.41832 0.68533 0.81157 0.08914 0.56764 -0.10582
1403638213.245096922 2.37109 7.24537 0.69665 0.82001 0.05992 0.56163 -0.09260
1403638213.345097065 2.35586 7.07016 0.70189 0.82865 0.02862 0.55295 -0.08221
1403638213.445096970 2.34712 6.89198 0.70244 0.83460 -0.00341 0.54594 -0.07339
1403638213.545097113 2.34623 6.70628 0.69929 0.83562 -0.03139 0.54494 -0.06167
1403638213.645097017 2.35158 6.51280 0.69568 0.82867 -0.04313 0.55674 -0.03850
1403638213.745096922 2.35982 6.31447 0.69618 0.82009 -0.04596 0.57015 -0.01652
1403638213.845097065 2.36962 6.11574 0.70201 0.81533 -0.04600 0.57717 -0.00034
1403638213.945096970 2.37896 5.91626 0.71293 0.81450 -0.04560 0.57831 0.00813
1403638214.045097113 2.38678 5.71866 0.72797 0.81724 -0.04548 0.57442 0.00954
1403638214.145097017 2.39504 5.52224 0.74628 0.82377 -0.04358 0.56516 0.00990
1403638214.245096922 2.40632 5.32783 0.76715 0.83040 -0.04039 0.55564 0.00871
1403638214.345097065 2.42056 5.13299 0.78217 0.83511 -0.03728 0.54879 0.00627
1403638214.445096970 2.43972 4.93813 0.79151 0.83667 -0.03273 0.54670 0.00498
1403638214.545097113 2.46465 4.74310 0.79534 0.83148 -0.02846 0.55481 0.00366
1403638214.645097017 2.49217 4.55138 0.79345 0.82506 -0.02467 0.56450 0.00253
1403638214.745096922 2.51960 4.36459 0.78728 0.81871 -0.02095 0.57382 0.00143
1403638214.845097065 2.54488 4.17769 0.77576 0.81466 -0.01781 0.57966 -0.00002
1403638214.945096970 2.56551 3.99651 0.75925 0.81215 -0.01546 0.58325 -0.00081
1403638215.045097113 2.58672 3.81917 0.73721 0.81136 -0.01430 0.58436 -0.00188
1403638215.145097017 2.60674 3.64422 0.71049 0.81165 -0.01255 0.58401 -0.00123
1403638215.245096922 2.62703 3.47209 0.68057 0.81375 -0.01119 0.58111 0.00046
1403638215.345097065 2.64751 3.30073 0.64872 0.81549 -0.00867 0.57870 0.00448
1403638215.445096970 2.66808 3.13629 0.61961 0.81508 -0.00497 0.57925 0.00989
1403638215.545097113 2.68742 2.97814 0.59938 0.81537 -0.00449 0.57882 0.01101
1403638215.645097017 2.70560 2.82529 0.58742 0.81337 -0.00458 0.58163 0.01065
1403638215.745096922 2.72142 2.67776 0.58031 0.81290 -0.00768 0.58232 0.00650
1403638215.845097065 2.73554 2.53286 0.57087 0.81289 -0.01344 0.58223 0.00568
1403638215.945096970 2.74471 2.39369 0.55483 0.81264 -0.01804 0.58242 0.00819
1403638216.045097113 2.75185 2.25466 0.53369 0.81255 -0.02206 0.58240 0.00966
1403638216.145097017 2.75603 2.12241 0.51191 0.81251 -0.02383 0.58231 0.01306
1403638216.245096922 2.75658 1.99669 0.49722 0.81124 -0.02477 0.58397 0.01618
1403638216.345097065 2.75545 1.87365 0.48909 0.81033 -0.02541 0.58513 0.01852
1403638216.445096970 2.75179 1.75530 0.48784 0.80917 -0.02600 0.58665 0.02013
1403638216.545097113 2.74555 1.64217 0.48890 0.80954 -0.02620 0.58611 0.02099
1403638216.645097017 2.73708 1.53212 0.48240 0.81098 -0.02473 0.58404 0.02437
1403638216.745096922 2.72763 1.42565 0.46948 0.81231 -0.02289 0.58216 0.02684
1403638216.845097065 2.71744 1.32233 0.45154 0.80876 -0.02431 0.58684 0.03059
1403638216.945096970 2.70494 1.22542 0.42854 0.80629 -0.03149 0.58964 0.03509
1403638217.045097113 2.68912 1.13136 0.40282 0.80651 -0.04496 0.58829 0.03791
1403638217.145097017 2.66880 1.04208 0.37461 0.80846 -0.06039 0.58383 0.04344
1403638217.245096922 2.64684 0.95591 0.34538 0.80989 -0.07190 0.57995 0.05058
1403638217.345097065 2.62442 0.87406 0.32162 0.81060 -0.07963 0.57740 0.05656
1403638217.445096970 2.59912 0.79827 0.30759 0.81137 -0.08517 0.57510 0.06070
1403638217.545097113 2.57298 0.72692 0.30122 0.81217 -0.08594 0.57306 0.06774
1403638217.645097017 2.54613 0.66056 0.30303 0.81295 -0.08340 0.57141 0.07511
1403638217.745096922 2.51959 0.60037 0.31254 0.81380 -0.07921 0.56974 0.08277
1403638217.845097065 2.49310 0.54843 0.32845 0.81534 -0.07527 0.56728 0.08805
1403638217.945096970 2.47008 0.50266 0.34659 0.81397 -0.07226 0.56926 0.09037
1403638218.045097113 2.44943 0.46420 0.35717 0.81219 -0.07042 0.57215 0.08964
1403638218.145097017 2.42938 0.43055 0.36194 0.81074 -0.06994 0.57457 0.08764
1403638218.245096922 2.40938 0.40416 0.36133 0.80801 -0.06842 0.57879 0.08621
1403638218.345097065 2.39205 0.38416 0.35754 0.80431 -0.06878 0.58456 0.08153
1403638218.445096970 2.36975 0.37296 0.35921 0.80395 -0.07044 0.58570 0.07524
1403638218.545097113 2.34939 0.36410 0.36573 0.80487 -0.07092 0.58474 0.07225
1403638218.645097017 2.32089 0.36436 0.38078 0.80684 -0.07190 0.58227 0.06923
1403638218.745096922 2.29007 0.36907 0.39531 0.81155 -0.07546 0.57522 0.06941
1403638218.845097065 2.25998 0.37877 0.40664 0.81482 -0.08260 0.56907 0.07352
1403638218.945096970 2.23722 0.38692 0.40869 0.81511 -0.09450 0.56723 0.07011
1403638219.045097113 2.21471 0.39953 0.40729 0.81315 -0.10872 0.56857 0.06073
1403638219.145097017 2.18897 0.41258 0.40400 0.81060 -0.11642 0.57094 0.05833
1403638219.245096922 2.16803 0.42244 0.39702 0.80649 -0.11435 0.57623 0.06679
1403638219.345097065 2.14081 0.43309 0.38863 0.80030 -0.11083 0.58441 0.07547
1403638219.445096970 2.11717 0.44383 0.38130 0.79273 -0.10869 0.59442 0.08012
1403638219.545097113 2.08876 0.45617 0.37780 0.79071 -0.10814 0.59707 0.08115
1403638219.645097017 2.05421 0.47057 0.37828 0.79313 -0.11054 0.59394 0.07719
1403638219.745096922 2.01036 0.48754 0.38158 0.79586 -0.11478 0.59031 0.07047
1403638219.845097065 1.96277 0.50318 0.38032 0.79908 -0.12061 0.58578 0.06151
1403638219.945096970 1.91139 0.51661 0.37366 0.80127 -0.12624 0.58239 0.05337
1403638220.045097113 1.85827 0.52661 0.35983 0.80365 -0.12973 0.57879 0.04818
1403638220.145097017 1.80337 0.53012 0.34608 0.80592 -0.12803 0.57582 0.05044
1403638220.245096922 1.74842 0.52648 0.34078 0.80802 -0.11879 0.57347 0.06423
1403638220.345097065 1.69079 0.52211 0.34430 0.80999 -0.11048 0.57089 0.07615
1403638220.445096970 1.63265 0.51886 0.35380 0.81060 -0.10727 0.56992 0.08124
1403638220.545097113 1.57668 0.51821 0.36702 0.81010 -0.10670 0.57049 0.08296
1403638220.645097017 1.51831 0.51980 0.38073 0.80976 -0.10709 0.57068 0.08454
1403638220.745096922 1.46450 0.52311 0.38709 0.80962 -0.10857 0.57056 0.08477
1403638220.845097065 1.41023 0.52791 0.38650 0.80909 -0.11034 0.57108 0.08400
1403638220.945096970 1.35620 0.53480 0.37840 0.80975 -0.11218 0.56984 0.08369
1403638221.045097113 1.30350 0.54263 0.36495 0.81034 -0.11272 0.56886 0.08390
1403638221.145097017 1.24676 0.55095 0.35056 0.81108 -0.11351 0.56757 0.08440
1403638221.245096922 1.19699 0.56183 0.34156 0.81250 -0.11459 0.56542 0.08375
1403638221.345097065 1.14666 0.57343 0.33946 0.81395 -0.11653 0.56322 0.08177
1403638221.445096970 1.09287 0.58423 0.34176 0.81447 -0.11908 0.56233 0.07904
1403638221.545097113 1.04691 0.59529 0.33972 0.81437 -0.12111 0.56235 0.07677
1403638221.645097017 1.00244 0.60528 0.33235 0.81328 -0.12193 0.56378 0.07655
1403638221.745096922 0.96079 0.61425 0.32327 0.81065 -0.12352 0.56745 0.07471
1403638221.845097065 0.91996 0.62142 0.31750 0.80962 -0.12327 0.56908 0.07397
1403638221.945096970 0.88045 0.62707 0.31944 0.80836 -0.11980 0.57108 0.07794
1403638222.045097113 0.84242 0.62930 0.33269 0.80869 -0.11723 0.57070 0.08113
1403638222.145097017 0.80285 0.63604 0.34392 0.81193 -0.11612 0.56609 0.08261
1403638222.245096922 0.76520 0.64289 0.35047 0.81560 -0.11669 0.56070 0.08238
1403638222.345097065 0.72948 0.65023 0.35116 0.81897 -0.11756 0.55573 0.08143
1403638222.445096970 0.69782 0.65678 0.34635 0.82166 -0.11827 0.55168 0.08081
1403638222.545097113 0.66954 0.66394 0.33703 0.82127 -0.11839 0.55227 0.08058
1403638222.645097017 0.65155 0.66763 0.32483 0.81565 -0.11833 0.56059 0.08033
1403638222.745096922 0.63194 0.67362 0.31058 0.81198 -0.11793 0.56587 0.08104
1403638222.845097065 0.61401 0.67969 0.29421 0.80940 -0.11730 0.56957 0.08182
1403638222.945096970 0.60009 0.68357 0.27715 0.80185 -0.11659 0.58027 0.08209
1403638223.045097113 0.57764 0.69099 0.26070 0.80146 -0.11646 0.58092 0.08145
1403638223.145097017 0.55358 0.69680 0.25042 0.80732 -0.11650 0.57268 0.08180
1403638223.245096922 0.52439 0.70692 0.24363 0.81719 -0.12153 0.55834 0.07537
1403638223.345097065 0.49903 0.71419 0.23956 0.81945 -0.12390 0.55492 0.07229
1403638223.445096970 0.47023 0.72065 0.23532 0.81589 -0.12845 0.55990 0.06576
1403638223.545097113 0.45106 0.72372 0.22678 0.81127 -0.13445 0.56612 0.05729
1403638223.645097017 0.43237 0.72206 0.21664 0.81030 -0.12957 0.56785 0.06468
1403638223.745096922 0.41077 0.71684 0.20792 0.81103 -0.12162 0.56711 0.07626
1403638223.845097065 0.38927 0.71153 0.19387 0.81206 -0.11639 0.56567 0.08378
1403638223.945096970 0.36982 0.70775 0.18220 0.81232 -0.11271 0.56527 0.08892
1403638224.045097113 0.35248 0.70510 0.16416 0.81451 -0.11173 0.56209 0.09023
1403638224.145097017 0.33770 0.70208 0.14848 0.82018 -0.11302 0.55396 0.08757
1403638224.245096922 0.32495 0.70387 0.13095 0.82352 -0.11440 0.54898 0.08576
1403638224.345097065 0.31977 0.70759 0.11962 0.81927 -0.11430 0.55529 0.08593
1403638224.445096970 0.31813 0.71270 0.10950 0.81297 -0.11899 0.56439 0.07989
1403638224.545097113 0.31648 0.71766 0.09831 0.80568 -0.11870 0.57477 0.08014
1403638224.645097017 0.31357 0.72292 0.08404 0.80800 -0.11742 0.57156 0.08163
1403638224.745096922 0.30898 0.72922 0.06926 0.81820 -0.11829 0.55683 0.08061
1403638224.845097065 0.30790 0.73576 0.06104 0.82099 -0.11883 0.55272 0.07971
1403638224.945096970 0.31311 0.74169 0.06040 0.81371 -0.12310 0.56341 0.07274
1403638225.045097113 0.31907 0.74604 0.06297 0.80719 -0.12624 0.57278 0.06655
1403638225.145097017 0.32334 0.74731 0.06666 0.80656 -0.12238 0.57400 0.07081
1403638225.245096922 0.32541 0.74723 0.07079 0.81320 -0.11839 0.56485 0.07501
1403638225.345097065 0.32813 0.74658 0.07679 0.81698 -0.11614 0.55947 0.07781
1403638225.445096970 0.33356 0.74569 0.08019 0.81294 -0.11462 0.56537 0.07966
1403638225.545097113 0.33990 0.74514 0.07718 0.80263 -0.11255 0.57991 0.08262
1403638225.645097017 0.34384 0.74570 0.06758 0.79221 -0.11066 0.59408 0.08502
1403638225.745096922 0.34220 0.74816 0.04709 0.79447 -0.11003 0.59107 0.08577
1403638225.845097065 0.33568 0.75350 0.01700 0.80582 -0.11132 0.57547 0.08422
1403638225.945096970 0.32947 0.76043 -0.01787 0.81604 -0.11244 0.56090 0.08258
1403638226.045097113 0.32718 0.77004 -0.04277 0.82627 -0.11270 0.54636 0.07792
1403638226.145097017 0.33510 0.77936 -0.02885 0.82409 -0.12678 0.54935 0.05484
1403638226.245096922 0.34382 0.78246 -0.03598 0.82915 -0.11100 0.54189 0.08092
1403638226.345097065 0.34077 0.78721 -0.03026 0.82526 -0.11166 0.54800 0.07856
1403638226.445096970 0.34422 0.79780 -0.05437 0.82484 -0.11229 0.54839 0.07940
1403638226.545097113 0.34898 0.79942 -0.06170 0.82428 -0.11176 0.54935 0.07928
1403638226.645097017 0.34900 0.79908 -0.06153 0.82432 -0.11231 0.54921 0.07903
1403638226.745096922 0.34901 0.79896 -0.06156 0.82484 -0.11277 0.54840 0.07863
1403638226.845097065 0.34900 0.79910 -0.06170 0.82465 -0.11246 0.54873 0.07874
1403638226.945096970 0.34909 0.79850 -0.06132 0.82487 -0.11228 0.54837 0.07920
1403638227.045097113 0.34890 0.79858 -0.06138 0.82490 -0.11181 0.54836 0.07961
1403638227.145097017 0.34881 0.79827 -0.06100 0.82505 -0.11208 0.54813 0.07934
1403638227.245096922 0.34870 0.79837 -0.06099 0.82513 -0.11215 0.54804 0.07900
1403638227.345097065 0.34868 0.79832 -0.06083 0.82514 -0.11249 0.54802 0.07850
1403638227.445096970 0.34861 0.79824 -0.06069 0.82520 -0.11250 0.54794 0.07846
1403638227.545097113 0.34852 0.79803 -0.06046 0.82523 -0.11233 0.54792 0.07853
1403638227.645097017 0.34843 0.79787 -0.06024 0.82526 -0.11224 0.54787 0.07864
1403638227.745096922 0.34837 0.79785 -0.06020 0.82532 -0.11231 0.54779 0.07849
1403638227.845097065 0.34843 0.79782 -0.06020 0.82537 -0.11235 0.54772 0.07835
1403638227.945096970 0.34839 0.79781 -0.06015 0.82539 -0.11245 0.54770 0.07813
1403638228.045097113 0.34834 0.79773 -0.06004 0.82542 -0.11250 0.54766 0.07808
1403638228.145097017 0.34831 0.79764 -0.05994 0.82542 -0.11248 0.54766 0.07808
1403638228.245096922 0.34828 0.79756 -0.05986 0.82544 -0.11247 0.54764 0.07806
1403638228.345097065 0.34831 0.79745 -0.05983 0.82543 -0.11252 0.54765 0.07802
1403638228.445096970 0.34824 0.79744 -0.05978 0.82549 -0.11251 0.54757 0.07797
1403638228.545097113 0.34822 0.79738 -0.05969 0.82550 -0.11253 0.54757 0.07785
1403638228.645097017 0.34817 0.79738 -0.05963 0.82555 -0.11254 0.54749 0.07783
1403638228.745096922 0.34814 0.79734 -0.05958 0.82556 -0.11257 0.54748 0.07776
1403638228.845097065 0.34811 0.79730 -0.05947 0.82558 -0.11258 0.54745 0.07774
