1403638130.245096922 -0.00762 0.00359 0.18059 0.82034 0.00456 0.57018 -0.04377
1403638130.345097065 -0.01491 0.00124 0.21823 0.81254 -0.00227 0.58035 -0.05446
1403638130.445096970 -0.02431 -0.00106 0.25807 0.80743 -0.00668 0.58633 -0.06497
1403638130.545097113 -0.03883 -0.00487 0.29482 0.80911 0.00447 0.58452 -0.06041
1403638130.645097017 -0.05528 -0.01044 0.33089 0.80517 0.00589 0.59016 -0.05802
1403638130.745096922 -0.07676 -0.02009 0.36501 0.79575 -0.00697 0.60137 -0.07136
1403638130.845097065 -0.10262 -0.03288 0.39296 0.79106 -0.01380 0.60574 -0.08434
1403638130.945096970 -0.12751 -0.05192 0.40669 0.78525 -0.01687 0.61265 -0.08811
1403638131.045097113 -0.15745 -0.06716 0.41059 0.77318 -0.02571 0.62777 -0.08628
1403638131.145097017 -0.18331 -0.08536 0.38118 0.77421 -0.02336 0.62729 -0.08102
1403638131.245096922 -0.21080 -0.09482 0.33286 0.78658 -0.00982 0.61374 -0.06718
1403638131.345097065 -0.22157 -0.08781 0.26833 0.79461 -0.00312 0.60426 -0.05881
1403638131.445096970 -0.21029 -0.07923 0.18616 0.79569 -0.00679 0.60318 -0.05487
1403638131.545097113 -0.18548 -0.06694 0.11859 0.79977 -0.00503 0.59866 -0.04419
1403638131.645097017 -0.18491 -0.06189 0.06507 0.80416 -0.00234 0.59310 -0.03932
1403638131.745096922 -0.16210 -0.05136 0.02251 0.80592 0.00001 0.59113 -0.03240
1403638131.845097065 -0.12555 -0.03770 -0.00916 0.80952 0.00477 0.58679 -0.01819
1403638131.945096970 -0.11212 -0.03064 -0.02649 0.81186 0.00678 0.58373 -0.01011
1403638132.045097113 -0.08339 -0.02673 -0.02162 0.81792 0.01917 0.57502 -0.00005
1403638132.145097017 -0.07645 -0.02331 0.00429 0.82415 0.03227 0.56542 0.00677
1403638132.245096922 -0.07690 -0.02250 0.03121 0.81951 0.03014 0.57228 -0.00000
1403638132.345097065 -0.02895 -0.01143 0.14547 0.81402 0.02287 0.58031 -0.00940
1403638132.445096970 -0.02728 -0.00715 0.20777 0.80989 0.01598 0.58577 -0.02641
1403638132.545097113 -0.02665 -0.00484 0.26571 0.79685 0.00145 0.60231 -0.04748
1403638132.645097017 -0.02417 -0.00043 0.31415 0.78714 -0.00821 0.61370 -0.06087
1403638132.745096922 -0.02204 0.00828 0.34692 0.79388 -0.00854 0.60459 -0.06437
1403638132.845097065 -0.02150 0.01684 0.36844 0.79276 -0.01299 0.60563 -0.06757
1403638132.945096970 -0.02582 0.01757 0.37179 0.78338 -0.02082 0.61659 -0.07551
1403638133.045097113 -0.02675 0.01256 0.35893 0.78287 -0.01180 0.61753 -0.07502
1403638133.145097017 -0.02758 -0.00481 0.33775 0.78926 -0.00167 0.61068 -0.06435
1403638133.245096922 -0.02524 -0.03141 0.31539 0.79115 -0.00768 0.60939 -0.05169
1403638133.345097065 -0.02845 -0.06896 0.29206 0.79515 -0.01653 0.60528 -0.03333
1403638133.445096970 -0.03490 -0.11265 0.27002 0.80065 -0.02577 0.59842 -0.01354
1403638133.545097113 -0.04526 -0.15634 0.25178 0.80137 -0.04604 0.59639 0.00102
1403638133.645097017 -0.05988 -0.19920 0.23374 0.80412 -0.06644 0.59074 0.00236
1403638133.745096922 -0.07633 -0.23621 0.21728 0.80708 -0.08226 0.58460 0.00990
1403638133.845097065 -0.08956 -0.26839 0.20006 0.80851 -0.09260 0.58050 0.02757
1403638133.945096970 -0.09202 -0.28644 0.18679 0.80968 -0.10012 0.57700 0.03839
1403638134.045097113 -0.07967 -0.28494 0.18101 0.80925 -0.10118 0.57711 0.04259
1403638134.145097017 -0.05345 -0.26967 0.18040 0.81422 -0.09176 0.57145 0.04548
1403638134.245096922 -0.02258 -0.24373 0.18483 0.80831 -0.09391 0.57950 0.04477
1403638134.345097065 0.01196 -0.20716 0.19054 0.80397 -0.10094 0.58477 0.03858
1403638134.445096970 0.04824 -0.16770 0.19348 0.80707 -0.10414 0.58044 0.02964
1403638134.545097113 0.08162 -0.12778 0.19649 0.80592 -0.10937 0.58145 0.02138
1403638134.645097017 0.10433 -0.08352 0.19668 0.80607 -0.11117 0.58117 0.01205
1403638134.745096922 0.12339 -0.04065 0.20450 0.81204 -0.10703 0.57366 0.00703
1403638134.845097065 0.13404 0.00397 0.21367 0.81820 -0.10101 0.56593 0.00864
1403638134.945096970 0.14691 0.04049 0.22055 0.81586 -0.09952 0.56955 0.00923
1403638135.045097113 0.15320 0.07106 0.22244 0.81537 -0.09638 0.57077 0.01003
1403638135.145097017 0.15385 0.09479 0.22013 0.82079 -0.08711 0.56442 0.01181
1403638135.245096922 0.14988 0.10534 0.21160 0.82476 -0.08198 0.55936 0.01334
1403638135.345097065 0.14320 0.10044 0.20084 0.82297 -0.08172 0.56197 0.01523
1403638135.445096970 0.13145 0.08592 0.18909 0.82269 -0.08254 0.56201 0.02254
1403638135.545097113 0.11829 0.06354 0.18095 0.82713 -0.08205 0.55525 0.02849
1403638135.645097017 0.10860 0.03341 0.17773 0.82788 -0.08456 0.55321 0.03783
1403638135.745096922 0.09374 -0.00326 0.17606 0.82181 -0.09918 0.55982 0.03733
1403638135.845097065 0.07513 -0.03607 0.17112 0.82312 -0.10346 0.55703 0.03859
1403638135.945096970 0.04918 -0.06470 0.17219 0.83098 -0.09638 0.54549 0.05125
1403638136.045097113 0.02595 -0.09715 0.18649 0.83037 -0.09672 0.54515 0.06277
1403638136.145097017 0.00007 -0.13593 0.20600 0.81974 -0.10861 0.55849 0.06567
1403638136.245096922 -0.02791 -0.17848 0.21524 0.81293 -0.11882 0.56640 0.06493
1403638136.345097065 -0.05354 -0.21834 0.21190 0.81283 -0.12072 0.56471 0.07636
1403638136.445096970 -0.07471 -0.24589 0.20385 0.81564 -0.12128 0.55946 0.08383
1403638136.545097113 -0.08680 -0.25557 0.20233 0.81723 -0.12960 0.55525 0.08388
1403638136.645097017 -0.08848 -0.24543 0.21176 0.81582 -0.13653 0.55712 0.07362
1403638136.745096922 -0.08163 -0.21947 0.22853 0.81581 -0.13462 0.55926 0.05962
1403638136.845097065 -0.07104 -0.18036 0.24173 0.81255 -0.13220 0.56642 0.03822
1403638136.945096970 -0.05783 -0.14043 0.24384 0.80189 -0.13626 0.58154 0.01455
1403638137.045097113 -0.04574 -0.09914 0.23013 0.79646 -0.13575 0.58925 0.00097
1403638137.145097017 -0.03566 -0.06355 0.20014 0.80189 -0.12543 0.58415 0.00149
1403638137.245096922 -0.02983 -0.03320 0.16133 0.81212 -0.11071 0.57287 0.00461
1403638137.345097065 -0.02614 -0.00985 0.12076 0.81874 -0.10071 0.56524 0.00512
1403638137.445096970 -0.02521 0.00574 0.08106 0.82522 -0.09350 0.55688 0.01218
1403638137.545097113 -0.02365 0.01702 0.04562 0.83464 -0.08301 0.54397 0.02402
1403638137.645097017 -0.02148 0.02564 0.01753 0.83978 -0.07608 0.53633 0.03650
1403638137.745096922 -0.02148 0.02773 -0.00406 0.83789 -0.07997 0.53828 0.04236
1403638137.845097065 -0.02324 0.02991 -0.02102 0.84025 -0.08206 0.53406 0.04497
1403638137.945096970 -0.02423 0.03211 -0.03418 0.84895 -0.07514 0.52046 0.05246
1403638138.045097113 -0.02403 0.03412 -0.04240 0.85414 -0.06857 0.51252 0.05539
1403638138.145097017 -0.02571 0.03423 -0.04354 0.84836 -0.07205 0.52172 0.05388
1403638138.245096922 -0.02637 0.03347 -0.04545 0.84331 -0.07754 0.52938 0.05080
1403638138.345097065 -0.02740 0.03369 -0.04517 0.83943 -0.07858 0.53531 0.05135
1403638138.445096970 -0.02886 0.03380 -0.04472 0.83658 -0.07854 0.53971 0.05180
1403638138.545097113 -0.02873 0.03375 -0.04481 0.83636 -0.07860 0.54006 0.05150
1403638138.645097017 -0.02878 0.03386 -0.04491 0.83639 -0.07884 0.54002 0.05110
1403638138.745096922 -0.02869 0.03388 -0.04510 0.83637 -0.07879 0.54008 0.05086
1403638138.845097065 -0.02870 0.03387 -0.04506 0.83647 -0.07824 0.54000 0.05085
1403638138.945096970 -0.02866 0.03395 -0.04526 0.83652 -0.07863 0.53992 0.05045
1403638139.045097113 -0.02858 0.03408 -0.04535 0.83640 -0.07880 0.54012 0.04995
1403638139.145097017 -0.02857 0.03420 -0.04540 0.83637 -0.07897 0.54018 0.04952
1403638139.245096922 -0.02855 0.03426 -0.04549 0.83633 -0.07915 0.54024 0.04924
1403638139.345097065 -0.02856 0.03424 -0.04549 0.83635 -0.07905 0.54022 0.04921
1403638139.445096970 -0.02840 0.03414 -0.04560 0.83637 -0.07887 0.54022 0.04929
1403638139.545097113 -0.02843 0.03412 -0.04562 0.83635 -0.07881 0.54027 0.04927
1403638139.645097017 -0.02842 0.03412 -0.04565 0.83635 -0.07877 0.54027 0.04921
1403638139.745096922 -0.02840 0.03411 -0.04568 0.83632 -0.07876 0.54032 0.04913
1403638139.845097065 -0.02841 0.03412 -0.04569 0.83633 -0.07874 0.54032 0.04907
1403638139.945096970 -0.02840 0.03414 -0.04570 0.83631 -0.07881 0.54036 0.04889
1403638140.045097113 -0.02839 0.03415 -0.04570 0.83633 -0.07880 0.54035 0.04870
1403638140.145097017 -0.02838 0.03415 -0.04572 0.83630 -0.07873 0.54041 0.04863
1403638140.245096922 -0.02837 0.03415 -0.04575 0.83625 -0.07872 0.54049 0.04849
1403638140.345097065 -0.02837 0.03415 -0.04574 0.83622 -0.07865 0.54057 0.04834
1403638140.445096970 -0.02837 0.03416 -0.04578 0.83623 -0.07863 0.54055 0.04830
1403638140.545097113 -0.02838 0.03416 -0.04578 0.83622 -0.07861 0.54058 0.04818
1403638140.645097017 -0.02838 0.03417 -0.04579 0.83619 -0.07861 0.54064 0.04808
1403638140.745096922 -0.02837 0.03417 -0.04581 0.83615 -0.07857 0.54071 0.04799
1403638140.845097065 -0.02838 0.03417 -0.04581 0.83614 -0.07853 0.54074 0.04795
1403638140.945096970 -0.02837 0.03418 -0.04579 0.83615 -0.07845 0.54075 0.04786
1403638141.045097113 -0.02837 0.03419 -0.04579 0.83610 -0.07841 0.54084 0.04781
1403638141.145097017 -0.02838 0.03419 -0.04581 0.83605 -0.07835 0.54094 0.04771
1403638141.245096922 -0.02837 0.03419 -0.04581 0.83604 -0.07831 0.54096 0.04764
1403638141.345097065 -0.02837 0.03419 -0.04581 0.83602 -0.07830 0.54101 0.04753
1403638141.445096970 -0.02837 0.03419 -0.04580 0.83600 -0.07826 0.54104 0.04745
1403638141.545097113 -0.02837 0.03419 -0.04579 0.83598 -0.07821 0.54108 0.04739
