1403638129.295097113 0.00173 -0.00043 0.01187 0.82803 -0.00763 0.56014 -0.02344
1403638129.395097017 0.00101 -0.00366 0.02325 0.81513 -0.03389 0.57626 -0.04829
1403638129.495096922 0.00060 -0.00441 0.02993 0.82131 -0.03360 0.56733 -0.04954
1403638129.595097065 0.00157 -0.00159 0.03569 0.83406 -0.01022 0.55063 -0.03232
1403638129.695096970 0.00292 -0.00012 0.04628 0.83605 0.00285 0.54827 -0.02028
1403638129.795097113 0.00477 0.00103 0.05971 0.83382 0.00138 0.55156 -0.02272
1403638129.895097017 0.00596 0.00403 0.07895 0.84051 0.00768 0.54131 -0.02161
1403638129.995096922 0.00784 0.00726 0.10891 0.83977 0.01097 0.54239 -0.02192
1403638130.095097065 0.00977 0.00915 0.14625 0.83059 0.00288 0.55600 -0.03131
1403638130.195096970 0.01137 0.01196 0.18440 0.82833 0.00521 0.55903 -0.03653
1403638130.295097113 0.01269 0.01474 0.22417 0.82580 0.00766 0.56238 -0.04144
1403638130.395097017 0.01376 0.01606 0.26550 0.81909 -0.00167 0.57116 -0.05359
1403638130.495096922 0.01392 0.01864 0.30395 0.81906 0.00360 0.57088 -0.05669
1403638130.595097065 0.01333 0.02094 0.34116 0.82075 0.01279 0.56895 -0.05001
1403638130.695096970 0.01140 0.02210 0.37888 0.81408 0.00756 0.57824 -0.05340
1403638130.795097113 0.00957 0.02236 0.41268 0.80722 -0.00625 0.58595 -0.07084
1403638130.895097017 0.00641 0.02114 0.43716 0.80538 -0.00732 0.58768 -0.07709
1403638130.995096922 0.00190 0.01662 0.44736 0.79552 -0.01421 0.60104 -0.07542
1403638131.095097065 -0.00096 0.01377 0.44036 0.78893 -0.01817 0.60992 -0.07258
1403638131.195096970 0.00205 0.01497 0.41934 0.79729 -0.00845 0.60018 -0.06351
1403638131.295097113 0.00501 0.01657 0.39069 0.80848 0.00517 0.58620 -0.05189
1403638131.395097017 0.00639 0.01627 0.36026 0.81096 0.00625 0.58300 -0.04912
1403638131.495096922 0.00607 0.01525 0.32717 0.81074 0.00712 0.58383 -0.04235
1403638131.595097065 0.00076 0.01329 0.28687 0.81439 0.00874 0.57892 -0.03935
1403638131.695096970 -0.00374 0.01050 0.24526 0.81566 0.01239 0.57729 -0.03571
1403638131.795097113 -0.00546 0.00768 0.20375 0.81608 0.01665 0.57700 -0.02842
1403638131.895097017 -0.01159 0.00562 0.15980 0.81759 0.02020 0.57514 -0.01883
1403638131.995096922 -0.01629 0.00436 0.12596 0.81937 0.02643 0.57253 -0.01199
1403638132.095097065 -0.01502 0.00585 0.11180 0.82519 0.04210 0.56327 -0.00275
1403638132.195096970 -0.00945 -0.00139 0.12606 0.82594 0.04893 0.56163 -0.00300
1403638132.295097113 -0.00814 0.00059 0.16917 0.81784 0.04125 0.57376 -0.01538
1403638132.395097017 -0.00844 0.00450 0.22472 0.81331 0.03587 0.58004 -0.02802
1403638132.495096922 -0.00881 0.00797 0.28368 0.80491 0.02478 0.59099 -0.04733
1403638132.595097065 -0.00907 0.01137 0.33888 0.79074 0.01053 0.60849 -0.06596
1403638132.695096970 -0.00807 0.01895 0.37985 0.79078 0.00672 0.60773 -0.07267
1403638132.795097113 -0.00707 0.02951 0.40555 0.79630 0.00498 0.60026 -0.07467
1403638132.895097017 -0.00932 0.03706 0.41683 0.78873 -0.00346 0.60945 -0.08042
1403638132.995096922 -0.01042 0.03751 0.41154 0.78209 -0.00415 0.61706 -0.08692
1403638133.095097065 -0.00824 0.02742 0.39354 0.78704 0.01010 0.61195 -0.07734
1403638133.195096970 -0.00492 0.00607 0.37019 0.79140 0.01176 0.60763 -0.06588
1403638133.295097113 -0.00283 -0.02627 0.34568 0.79298 0.00178 0.60716 -0.05042
1403638133.395097017 -0.00413 -0.06686 0.32023 0.79908 -0.00565 0.60031 -0.03259
1403638133.495096922 -0.01088 -0.11201 0.29923 0.80228 -0.01985 0.59647 -0.01287
1403638133.595097065 -0.02289 -0.15799 0.28078 0.80378 -0.04230 0.59340 -0.00498
1403638133.695096970 -0.03929 -0.19950 0.26247 0.80722 -0.06005 0.58718 -0.00340
1403638133.795097113 -0.05537 -0.23542 0.24648 0.80899 -0.07409 0.58304 0.01067
1403638133.895097017 -0.06286 -0.26302 0.23096 0.81141 -0.08198 0.57808 0.02699
1403638133.995096922 -0.05828 -0.27135 0.22132 0.81042 -0.08776 0.57823 0.03418
1403638134.095097065 -0.03980 -0.26004 0.21800 0.81335 -0.08265 0.57465 0.03741
1403638134.195096970 -0.00967 -0.23542 0.22051 0.81480 -0.07647 0.57325 0.04050
1403638134.295097113 0.02284 -0.20286 0.22594 0.80560 -0.08422 0.58529 0.03661
1403638134.395097017 0.05688 -0.16349 0.22903 0.80705 -0.08900 0.58308 0.02770
1403638134.495096922 0.09194 -0.12310 0.23153 0.80832 -0.09268 0.58105 0.02033
1403638134.595097065 0.11609 -0.07992 0.23441 0.80659 -0.09768 0.58290 0.00997
1403638134.695096970 0.14039 -0.03791 0.23987 0.81022 -0.09630 0.57814 0.00470
1403638134.795097113 0.15644 0.00537 0.24397 0.81744 -0.09023 0.56890 0.00177
1403638134.895097017 0.16300 0.04881 0.25449 0.81948 -0.08590 0.56661 0.00415
1403638134.995096922 0.16997 0.08330 0.26068 0.81544 -0.08603 0.57240 0.00316
1403638135.095097065 0.17022 0.11329 0.26111 0.81934 -0.07806 0.56794 0.00633
1403638135.195096970 0.16749 0.13177 0.25566 0.82366 -0.07033 0.56265 0.00750
1403638135.295097113 0.16047 0.13424 0.24773 0.82535 -0.06723 0.56052 0.00967
1403638135.395097017 0.15123 0.12413 0.23684 0.82272 -0.06905 0.56410 0.01243
1403638135.495096922 0.13657 0.10481 0.22723 0.82499 -0.06805 0.56062 0.02146
1403638135.595097065 0.12354 0.07801 0.22323 0.82967 -0.06795 0.55335 0.02904
1403638135.695096970 0.11360 0.04238 0.22182 0.82549 -0.07749 0.55807 0.03360
1403638135.795097113 0.09922 0.00629 0.21750 0.82240 -0.09016 0.56091 0.03025
1403638135.895097017 0.07784 -0.02490 0.21527 0.82769 -0.08559 0.55317 0.04008
1403638135.995096922 0.05269 -0.05260 0.22266 0.83291 -0.08076 0.54510 0.05102
1403638136.095097065 0.03017 -0.09009 0.24158 0.82576 -0.08653 0.55413 0.05974
1403638136.195096970 0.00586 -0.13357 0.25630 0.81546 -0.09989 0.56730 0.05680
1403638136.295097113 -0.01829 -0.17815 0.25900 0.81303 -0.10489 0.56924 0.06273
1403638136.395097017 -0.03845 -0.21265 0.25123 0.81499 -0.10597 0.56510 0.07225
1403638136.495096922 -0.05365 -0.23273 0.24497 0.81743 -0.10825 0.56034 0.07810
1403638136.595097065 -0.05922 -0.23198 0.24848 0.81791 -0.11900 0.55824 0.07230
1403638136.695096970 -0.05721 -0.21237 0.26099 0.81665 -0.12087 0.56126 0.05887
1403638136.795097113 -0.04975 -0.17944 0.27603 0.81636 -0.11680 0.56406 0.04184
1403638136.895097017 -0.03929 -0.13945 0.28642 0.80908 -0.11833 0.57542 0.01690
1403638136.995096922 -0.02541 -0.09860 0.28205 0.79919 -0.12141 0.58869 -0.00208
1403638137.095097065 -0.01444 -0.05934 0.25834 0.79967 -0.11564 0.58913 -0.00911
1403638137.195096970 -0.00713 -0.02509 0.22259 0.80779 -0.10224 0.58051 -0.00630
1403638137.295097113 -0.00354 0.00206 0.18203 0.81666 -0.08813 0.57035 -0.00278
1403638137.395097017 -0.00252 0.02169 0.14114 0.82208 -0.08078 0.56362 -0.00047
1403638137.495096922 -0.00176 0.03513 0.10297 0.83004 -0.07222 0.55292 0.00982
1403638137.595097065 -0.00007 0.04150 0.07009 0.83869 -0.06096 0.54064 0.02442
1403638137.695096970 0.00112 0.04657 0.04517 0.83937 -0.06089 0.53916 0.03246
1403638137.795097113 0.00052 0.04870 0.02681 0.83857 -0.06616 0.53964 0.03482
1403638137.895097017 -0.00055 0.05080 0.01259 0.84425 -0.06256 0.53070 0.04111
1403638137.995096922 -0.00481 0.05311 0.00221 0.85281 -0.05451 0.51727 0.04666
1403638138.095097065 -0.00661 0.05454 -0.00305 0.85305 -0.05071 0.51712 0.04811
1403638138.195096970 -0.00842 0.05286 -0.00040 0.84517 -0.05846 0.52943 0.04455
1403638138.295097113 -0.00852 0.05246 -0.00177 0.84135 -0.06118 0.53535 0.04222
1403638138.395097017 -0.00957 0.05280 -0.00104 0.83678 -0.06169 0.54240 0.04231
1403638138.495096922 -0.00990 0.05264 -0.00103 0.83655 -0.06050 0.54286 0.04281
1403638138.595097065 -0.00993 0.05274 -0.00124 0.83648 -0.06033 0.54305 0.04204
1403638138.695096970 -0.00983 0.05299 -0.00130 0.83643 -0.06073 0.54316 0.04087
1403638138.795097113 -0.00981 0.05292 -0.00119 0.83654 -0.05998 0.54311 0.04051
1403638138.895097017 -0.00959 0.05335 -0.00131 0.83636 -0.06076 0.54343 0.03874
1403638138.995096922 -0.00959 0.05327 -0.00118 0.83647 -0.06009 0.54335 0.03854
1403638139.095097065 -0.00954 0.05318 -0.00114 0.83653 -0.05949 0.54334 0.03830
1403638139.195096970 -0.00953 0.05314 -0.00109 0.83649 -0.05901 0.54346 0.03806
1403638139.295097113 -0.00950 0.05316 -0.00105 0.83649 -0.05870 0.54353 0.03765
1403638139.395097017 -0.00946 0.05322 -0.00101 0.83650 -0.05855 0.54357 0.03700
1403638139.495096922 -0.00944 0.05327 -0.00098 0.83653 -0.05841 0.54359 0.03637
1403638139.595097065 -0.00939 0.05332 -0.00095 0.83652 -0.05819 0.54365 0.03585
1403638139.695096970 -0.00937 0.05335 -0.00091 0.83654 -0.05797 0.54368 0.03542
1403638139.795097113 -0.00933 0.05336 -0.00087 0.83657 -0.05777 0.54369 0.03495
1403638139.895097017 -0.00930 0.05337 -0.00082 0.83657 -0.05752 0.54373 0.03469
1403638139.995096922 -0.00929 0.05337 -0.00078 0.83661 -0.05730 0.54371 0.03430
1403638140.095097065 -0.00925 0.05339 -0.00074 0.83663 -0.05709 0.54372 0.03394
1403638140.195096970 -0.00923 0.05340 -0.00072 0.83664 -0.05693 0.54375 0.03358
1403638140.295097113 -0.00921 0.05342 -0.00071 0.83663 -0.05677 0.54380 0.03325
1403638140.395097017 -0.00919 0.05344 -0.00069 0.83664 -0.05665 0.54382 0.03295
1403638140.495096922 -0.00918 0.05346 -0.00068 0.83666 -0.05653 0.54382 0.03268
1403638140.595097065 -0.00916 0.05346 -0.00065 0.83665 -0.05639 0.54386 0.03243
1403638140.695096970 -0.00915 0.05347 -0.00064 0.83665 -0.05623 0.54389 0.03223
1403638140.795097113 -0.00913 0.05348 -0.00062 0.83664 -0.05614 0.54393 0.03200
1403638140.895097017 -0.00912 0.05349 -0.00059 0.83665 -0.05605 0.54394 0.03180
1403638140.995096922 -0.00911 0.05351 -0.00057 0.83666 -0.05593 0.54395 0.03162
1403638141.095097065 -0.00910 0.05352 -0.00056 0.83662 -0.05583 0.54402 0.03145
1403638141.195096970 -0.00909 0.05352 -0.00056 0.83662 -0.05574 0.54405 0.03122
1403638141.295097113 -0.00908 0.05353 -0.00055 0.83662 -0.05565 0.54406 0.03110
1403638141.395097017 -0.00908 0.05353 -0.00054 0.83660 -0.05559 0.54410 0.03095
1403638141.495096922 -0.00907 0.05353 -0.00053 0.83662 -0.05552 0.54410 0.03079
1403638141.595097065 -0.00907 0.05353 -0.00051 0.83660 -0.05545 0.54413 0.03073
1403638141.695096970 -0.00907 0.05353 -0.00051 0.83662 -0.05540 0.54412 0.03062
1403638141.795097113 -0.00906 0.05354 -0.00050 0.83661 -0.05534 0.54413 0.03054
1403638141.895097017 -0.00905 0.05354 -0.00050 0.83660 -0.05528 0.54416 0.03044
1403638141.995096922 -0.00907 0.05356 -0.00047 0.83659 -0.05522 0.54419 0.03036
1403638142.095097065 -0.00907 0.05358 -0.00045 0.83662 -0.05514 0.54416 0.03030
1403638142.195096970 -0.00909 0.05355 -0.00046 0.83658 -0.05536 0.54419 0.03040
1403638142.295097113 -0.00911 0.05344 -0.00046 0.83659 -0.05569 0.54412 0.03069
1403638142.395097017 -0.00912 0.05351 -0.00042 0.83664 -0.05562 0.54404 0.03083
1403638142.495096922 -0.00911 0.05358 -0.00043 0.83672 -0.05549 0.54395 0.03056
1403638142.595097065 -0.00906 0.05366 -0.00046 0.83675 -0.05500 0.54398 0.02999
1403638142.695096970 -0.00908 0.05366 -0.00044 0.83686 -0.05511 0.54379 0.03027
1403638142.795097113 -0.00911 0.05355 -0.00043 0.83690 -0.05542 0.54367 0.03083
1403638142.895097017 -0.00912 0.05355 -0.00041 0.83693 -0.05532 0.54363 0.03086
1403638142.995096922 -0.00910 0.05363 -0.00042 0.83691 -0.05498 0.54370 0.03079
1403638143.095097065 -0.00912 0.05360 -0.00041 0.83697 -0.05503 0.54360 0.03091
1403638143.195096970 -0.00913 0.05357 -0.00042 0.83701 -0.05518 0.54352 0.03087
1403638143.295097113 -0.00913 0.05355 -0.00045 0.83698 -0.05529 0.54356 0.03088
1403638143.395097017 -0.00913 0.05357 -0.00044 0.83697 -0.05536 0.54356 0.03104
1403638143.495096922 -0.00914 0.05356 -0.00044 0.83697 -0.05541 0.54355 0.03119
1403638143.595097065 -0.00916 0.05352 -0.00045 0.83696 -0.05562 0.54352 0.03138
1403638143.695096970 -0.00915 0.05353 -0.00046 0.83694 -0.05563 0.54355 0.03128
1403638143.795097113 -0.00915 0.05353 -0.00047 0.83694 -0.05561 0.54356 0.03127
1403638143.895097017 -0.00916 0.05354 -0.00048 0.83693 -0.05573 0.54356 0.03127
1403638143.995096922 -0.00917 0.05353 -0.00048 0.83691 -0.05576 0.54359 0.03133
1403638144.095097065 -0.00917 0.05353 -0.00049 0.83694 -0.05578 0.54355 0.03132
1403638144.195096970 -0.00919 0.05351 -0.00050 0.83690 -0.05581 0.54360 0.03141
1403638144.295097113 -0.00918 0.05351 -0.00052 0.83687 -0.05577 0.54365 0.03138
1403638144.395097017 -0.00918 0.05350 -0.00054 0.83685 -0.05580 0.54368 0.03138
1403638144.495096922 -0.00919 0.05349 -0.00054 0.83684 -0.05587 0.54368 0.03145
1403638144.595097065 -0.00919 0.05349 -0.00055 0.83684 -0.05593 0.54367 0.03143
1403638144.695096970 -0.00919 0.05350 -0.00053 0.83679 -0.05582 0.54376 0.03139
1403638144.795097113 -0.00920 0.05351 -0.00054 0.83680 -0.05589 0.54375 0.03139
1403638144.895097017 -0.00920 0.05350 -0.00055 0.83682 -0.05591 0.54371 0.03145
1403638144.995096922 -0.00919 0.05349 -0.00054 0.83678 -0.05589 0.54376 0.03153
1403638145.095097065 -0.00920 0.05348 -0.00055 0.83679 -0.05594 0.54375 0.03152
1403638145.195096970 -0.00920 0.05349 -0.00053 0.83678 -0.05594 0.54376 0.03159
1403638145.295097113 -0.00921 0.05348 -0.00054 0.83679 -0.05595 0.54374 0.03159
1403638145.395097017 -0.00924 0.05346 -0.00053 0.83677 -0.05599 0.54376 0.03171
1403638145.495096922 -0.00923 0.05348 -0.00050 0.83676 -0.05598 0.54378 0.03171
1403638145.595097065 -0.00921 0.05345 -0.00049 0.83677 -0.05594 0.54377 0.03168
1403638145.695096970 -0.00920 0.05345 -0.00049 0.83674 -0.05596 0.54381 0.03169
1403638145.795097113 -0.00921 0.05345 -0.00049 0.83677 -0.05591 0.54376 0.03176
1403638145.895097017 -0.00922 0.05345 -0.00049 0.83673 -0.05595 0.54382 0.03179
1403638145.995096922 -0.00921 0.05346 -0.00049 0.83672 -0.05598 0.54383 0.03178
1403638146.095097065 -0.00919 0.05346 -0.00048 0.83677 -0.05591 0.54377 0.03176
1403638146.195096970 -0.00920 0.05345 -0.00049 0.83671 -0.05596 0.54385 0.03183
1403638146.295097113 -0.00918 0.05346 -0.00046 0.83672 -0.05599 0.54383 0.03194
1403638146.395097017 -0.00918 0.05345 -0.00045 0.83674 -0.05596 0.54379 0.03202
1403638146.495096922 -0.00919 0.05344 -0.00045 0.83677 -0.05605 0.54373 0.03207
1403638146.595097065 -0.00919 0.05346 -0.00045 0.83673 -0.05606 0.54379 0.03219
1403638146.695096970 -0.00917 0.05344 -0.00042 0.83677 -0.05608 0.54371 0.03228
1403638146.795097113 -0.00919 0.05345 -0.00046 0.83668 -0.05608 0.54385 0.03231
1403638146.895097017 -0.00914 0.05344 -0.00042 0.83677 -0.05605 0.54371 0.03250
1403638146.995096922 -0.00917 0.05345 -0.00043 0.83689 -0.05613 0.54350 0.03262
1403638147.095097065 -0.00915 0.05357 -0.00049 0.83696 -0.05605 0.54341 0.03253
1403638147.195096970 -0.00913 0.05359 -0.00052 0.83705 -0.05595 0.54328 0.03263
1403638147.295097113 -0.00913 0.05362 -0.00049 0.83702 -0.05606 0.54332 0.03256
1403638147.395097017 -0.00910 0.05362 -0.00045 0.83689 -0.05602 0.54352 0.03263
1403638147.495096922 -0.00913 0.05351 -0.00023 0.83644 -0.05584 0.54424 0.03253
1403638147.595097065 -0.00910 0.05353 -0.00007 0.83598 -0.05601 0.54495 0.03201
1403638147.695096970 -0.00866 0.05354 -0.00019 0.83613 -0.05521 0.54483 0.03162
1403638147.795097113 -0.00674 0.05311 0.00098 0.83392 -0.05568 0.54812 0.03217
1403638147.895097017 -0.00190 0.05172 0.00524 0.82680 -0.05866 0.55835 0.03475
1403638147.995096922 0.00673 0.05046 0.01532 0.82007 -0.06080 0.56792 0.03549
1403638148.095097065 0.01642 0.04884 0.03327 0.81491 -0.06017 0.57531 0.03630
1403638148.195096970 0.02690 0.04713 0.06007 0.81207 -0.05708 0.57959 0.03701
1403638148.295097113 0.03557 0.04579 0.10158 0.81178 -0.05428 0.58035 0.03539
1403638148.395097017 0.04348 0.04525 0.15178 0.81153 -0.05131 0.58107 0.03386
1403638148.495096922 0.04861 0.04481 0.18618 0.81539 -0.04826 0.57590 0.03379
1403638148.595097065 0.05388 0.04521 0.19544 0.81945 -0.04583 0.57032 0.03384
1403638148.695096970 0.06173 0.04710 0.18667 0.82315 -0.04368 0.56517 0.03318
1403638148.795097113 0.07166 0.04985 0.17760 0.82565 -0.04248 0.56171 0.03121
1403638148.895097017 0.08829 0.05283 0.18836 0.82636 -0.04125 0.56082 0.03015
1403638148.995096922 0.10211 0.05428 0.19901 0.82446 -0.04016 0.56374 0.02910
1403638149.095097065 0.11903 0.05742 0.22601 0.82070 -0.03879 0.56930 0.02906
1403638149.195096970 0.13810 0.06246 0.25785 0.81839 -0.03833 0.57265 0.02894
1403638149.295097113 0.16184 0.06609 0.29029 0.81715 -0.03978 0.57442 0.02714
1403638149.395097017 0.18269 0.07185 0.31697 0.81582 -0.04006 0.57630 0.02662
1403638149.495096922 0.20736 0.07588 0.34126 0.81507 -0.03966 0.57736 0.02732
1403638149.595097065 0.22736 0.08200 0.35706 0.81495 -0.03826 0.57757 0.02831
1403638149.695096970 0.24741 0.08877 0.36724 0.81516 -0.03367 0.57768 0.02577
1403638149.795097113 0.27426 0.09594 0.37802 0.81546 -0.02855 0.57765 0.02289
1403638149.895097017 0.29461 0.10400 0.38161 0.81547 -0.02487 0.57791 0.02029
1403638149.995096922 0.32157 0.11300 0.38597 0.81598 -0.02121 0.57734 0.02026
1403638150.095097065 0.34454 0.12449 0.38367 0.81603 -0.01497 0.57720 0.02674
1403638150.195096970 0.37452 0.13992 0.37968 0.81619 -0.00912 0.57670 0.03434
1403638150.295097113 0.39958 0.15944 0.36791 0.81720 -0.00692 0.57505 0.03816
1403638150.395097017 0.42479 0.18413 0.35194 0.82136 -0.00802 0.56924 0.03551
1403638150.495096922 0.45427 0.21580 0.34215 0.82706 -0.00856 0.56151 0.02460
1403638150.595097065 0.48293 0.24949 0.33791 0.83075 -0.00454 0.55637 0.01687
1403638150.695096970 0.51651 0.28641 0.34696 0.83095 -0.00068 0.55624 0.01103
1403638150.795097113 0.55337 0.32325 0.36149 0.82981 0.00598 0.55797 0.00745
1403638150.895097017 0.59439 0.36166 0.37712 0.82721 0.01555 0.56167 0.00306
1403638150.995096922 0.63850 0.40334 0.38857 0.82292 0.02383 0.56766 -0.00101
1403638151.095097065 0.68433 0.44937 0.39343 0.82068 0.03617 0.57021 -0.00677
1403638151.195096970 0.72758 0.49658 0.39191 0.81828 0.05368 0.57208 -0.01618
1403638151.295097113 0.77060 0.54682 0.38444 0.81794 0.07273 0.56988 -0.03049
1403638151.395097017 0.81374 0.60010 0.37719 0.81659 0.09310 0.56780 -0.04599
1403638151.495096922 0.85479 0.65449 0.37453 0.81427 0.11262 0.56607 -0.06209
1403638151.595097065 0.89501 0.71096 0.37739 0.81204 0.12930 0.56414 -0.07490
1403638151.695096970 0.93559 0.76816 0.38608 0.80958 0.14185 0.56337 -0.08408
1403638151.795097113 0.97617 0.82659 0.40363 0.80886 0.15058 0.56133 -0.08938
1403638151.895097017 1.01587 0.88652 0.42915 0.80844 0.15556 0.56001 -0.09282
1403638151.995096922 1.05691 0.94912 0.45830 0.80850 0.15935 0.55886 -0.09280
1403638152.095097065 1.09759 1.01373 0.48418 0.80888 0.16028 0.55800 -0.09302
1403638152.195096970 1.13870 1.07994 0.50450 0.80886 0.16074 0.55798 -0.09256
1403638152.295097113 1.17811 1.14785 0.51742 0.80845 0.16208 0.55859 -0.09003
1403638152.395097017 1.21916 1.21976 0.52358 0.80833 0.16310 0.55906 -0.08632
1403638152.495096922 1.25893 1.29537 0.52183 0.80880 0.16378 0.55873 -0.08271
1403638152.595097065 1.29784 1.37547 0.51528 0.80886 0.16315 0.55881 -0.08278
1403638152.695096970 1.33280 1.45756 0.50639 0.81056 0.16161 0.55591 -0.08855
1403638152.795097113 1.37383 1.54541 0.50410 0.80897 0.16500 0.55592 -0.09642
1403638152.895097017 1.41171 1.63478 0.51134 0.80484 0.17125 0.55789 -0.10800
1403638152.995096922 1.44926 1.72443 0.52526 0.80071 0.18268 0.55797 -0.11900
1403638153.095097065 1.48548 1.81240 0.54441 0.80094 0.19504 0.55146 -0.12786
1403638153.195096970 1.52284 1.89943 0.56314 0.80142 0.20495 0.54580 -0.13349
1403638153.295097113 1.56676 1.98832 0.57825 0.80057 0.21342 0.54300 -0.13673
1403638153.395097017 1.60703 2.07651 0.58930 0.79865 0.22405 0.53985 -0.14327
1403638153.495096922 1.64852 2.16765 0.60014 0.79487 0.24071 0.53757 -0.14581
1403638153.595097065 1.69085 2.26230 0.61689 0.79040 0.25943 0.53463 -0.14878
1403638153.695096970 1.73116 2.36010 0.63843 0.78447 0.27645 0.53225 -0.15774
1403638153.795097113 1.77065 2.46210 0.65889 0.77782 0.28947 0.53099 -0.17104
1403638153.895097017 1.81018 2.56684 0.67300 0.77167 0.29896 0.53108 -0.18194
1403638153.995096922 1.84842 2.67322 0.68138 0.76644 0.30331 0.53269 -0.19187
1403638154.095097065 1.88579 2.78185 0.68356 0.76252 0.30604 0.53458 -0.19779
1403638154.195096970 1.92430 2.89705 0.68278 0.75743 0.30764 0.53996 -0.20027
1403638154.295097113 1.96171 3.01250 0.67761 0.75335 0.30855 0.54499 -0.20061
1403638154.395097017 1.99706 3.13042 0.67081 0.74815 0.30596 0.55256 -0.20333
1403638154.495096922 2.02702 3.24510 0.65789 0.74482 0.30299 0.55783 -0.20556
1403638154.595097065 2.05230 3.36227 0.64992 0.74603 0.30253 0.55585 -0.20724
1403638154.695096970 2.06856 3.47131 0.64593 0.74862 0.30697 0.54885 -0.21002
1403638154.795097113 2.07980 3.58073 0.65135 0.74962 0.31676 0.54211 -0.20939
1403638154.895097017 2.08615 3.68687 0.66241 0.74819 0.32598 0.53893 -0.20858
1403638154.995096922 2.08870 3.79525 0.68201 0.74461 0.33541 0.53749 -0.21016
1403638155.095097065 2.08371 3.90175 0.70792 0.73918 0.34546 0.53613 -0.21640
1403638155.195096970 2.07610 4.01256 0.73328 0.73386 0.35280 0.53525 -0.22471
1403638155.295097113 2.06156 4.11683 0.75158 0.72757 0.35782 0.53741 -0.23196
1403638155.395097017 2.04199 4.22300 0.76263 0.72039 0.36486 0.53991 -0.23752
1403638155.495096922 2.01692 4.33135 0.76640 0.71368 0.37451 0.54008 -0.24233
1403638155.595097065 1.98562 4.44024 0.76355 0.70832 0.38141 0.53582 -0.25635
1403638155.695096970 1.94835 4.54637 0.75757 0.69981 0.38943 0.53213 -0.27468
1403638155.795097113 1.90571 4.64545 0.74688 0.69176 0.40221 0.52522 -0.28955
1403638155.895097017 1.85874 4.74311 0.73189 0.68546 0.41836 0.51331 -0.30271
1403638155.995096922 1.80720 4.83131 0.71888 0.68115 0.43947 0.49513 -0.31266
1403638156.095097065 1.75428 4.91660 0.71359 0.67573 0.46181 0.47616 -0.32156
1403638156.195096970 1.70257 5.00171 0.71643 0.66815 0.47787 0.46258 -0.33350
1403638156.295097113 1.65297 5.08612 0.72612 0.66119 0.49400 0.44965 -0.34148
1403638156.395097017 1.60611 5.16892 0.73509 0.65636 0.50573 0.43872 -0.34778
1403638156.495096922 1.56272 5.25355 0.73831 0.65349 0.51343 0.43094 -0.35163
1403638156.595097065 1.52187 5.33658 0.73562 0.65059 0.51755 0.42779 -0.35478
1403638156.695096970 1.48336 5.42248 0.72631 0.64978 0.51950 0.42603 -0.35554
1403638156.795097113 1.44787 5.51368 0.71187 0.64916 0.52027 0.42607 -0.35549
1403638156.895097017 1.41609 5.61004 0.69501 0.64978 0.51999 0.42645 -0.35431
1403638156.995096922 1.38551 5.71202 0.68000 0.65143 0.51857 0.42728 -0.35236
1403638157.095097065 1.35951 5.81784 0.67315 0.65448 0.51764 0.42584 -0.34980
1403638157.195096970 1.33542 5.92692 0.67265 0.65793 0.51763 0.42407 -0.34547
1403638157.295097113 1.31495 6.04007 0.67704 0.65807 0.51649 0.42441 -0.34648
1403638157.395097017 1.29933 6.15528 0.68856 0.65401 0.51951 0.42764 -0.34570
1403638157.495096922 1.28374 6.27557 0.69648 0.64824 0.52225 0.43180 -0.34727
1403638157.595097065 1.26738 6.39808 0.69791 0.63944 0.52699 0.43411 -0.35348
1403638157.695096970 1.24852 6.52272 0.69732 0.62579 0.53586 0.43687 -0.36107
1403638157.795097113 1.22848 6.64957 0.70054 0.61152 0.54864 0.43451 -0.36911
1403638157.895097017 1.20646 6.77412 0.71258 0.59845 0.56089 0.42609 -0.38172
1403638157.995096922 1.18286 6.89733 0.73111 0.58686 0.57252 0.41735 -0.39197
1403638158.095097065 1.15927 7.01714 0.74681 0.58169 0.58062 0.40421 -0.40140
1403638158.195096970 1.13675 7.13566 0.75788 0.57820 0.58455 0.39456 -0.41026
1403638158.295097113 1.11681 7.24782 0.76473 0.57338 0.58858 0.39145 -0.41422
1403638158.395097017 1.09808 7.36473 0.76625 0.56976 0.59268 0.39154 -0.41327
1403638158.495096922 1.07943 7.47994 0.76394 0.56522 0.59582 0.39570 -0.41102
1403638158.595097065 1.05966 7.59494 0.75687 0.56256 0.59705 0.39958 -0.40913
1403638158.695096970 1.03719 7.70954 0.74988 0.56303 0.59527 0.40047 -0.41021
1403638158.795097113 1.01380 7.82222 0.74165 0.56757 0.59342 0.39571 -0.41125
1403638158.895097017 0.98867 7.93996 0.74123 0.57398 0.59224 0.38939 -0.41009
1403638158.995096922 0.96516 8.04924 0.74783 0.57888 0.59213 0.38436 -0.40809
1403638159.095097065 0.94285 8.16214 0.76370 0.58504 0.59541 0.37713 -0.40123
1403638159.195096970 0.92188 8.27931 0.77781 0.59225 0.60026 0.36812 -0.39169
1403638159.295097113 0.90358 8.39938 0.78968 0.59244 0.59844 0.36988 -0.39253
1403638159.395097017 0.88714 8.52292 0.79858 0.58616 0.58833 0.38076 -0.40658
1403638159.495096922 0.87207 8.65442 0.80678 0.57807 0.57496 0.39354 -0.42471
1403638159.595097065 0.86106 8.77961 0.82186 0.57536 0.56030 0.39643 -0.44482
1403638159.695096970 0.85621 8.90373 0.84404 0.57528 0.55007 0.39505 -0.45872
1403638159.795097113 0.86090 9.02257 0.87411 0.57401 0.54817 0.39596 -0.46177
1403638159.895097017 0.87629 9.12706 0.91263 0.56809 0.55407 0.40449 -0.45461
1403638159.995096922 0.89918 9.21811 0.96003 0.56252 0.56197 0.41229 -0.44472
1403638160.095097065 0.92446 9.29603 1.01490 0.56113 0.56795 0.41341 -0.43780
1403638160.195096970 0.95282 9.36124 1.07599 0.56505 0.57638 0.40658 -0.42801
1403638160.295097113 0.98103 9.42458 1.14695 0.57179 0.58564 0.39563 -0.41661
1403638160.395097017 1.00928 9.47953 1.22221 0.57541 0.59222 0.38924 -0.40824
1403638160.495096922 1.03769 9.53441 1.29471 0.57719 0.59380 0.38634 -0.40620
1403638160.595097065 1.06516 9.59864 1.36500 0.57789 0.59453 0.38531 -0.40510
1403638160.695096970 1.09169 9.66374 1.43010 0.57814 0.59411 0.38531 -0.40537
1403638160.795097113 1.11912 9.73211 1.49152 0.57823 0.58733 0.38645 -0.41395
1403638160.895097017 1.14964 9.79093 1.54568 0.57946 0.57296 0.39386 -0.42523
1403638160.995096922 1.18428 9.85539 1.59811 0.58359 0.55828 0.40534 -0.42830
1403638161.095097065 1.22350 9.91033 1.64486 0.59212 0.54518 0.41505 -0.42415
1403638161.195096970 1.26539 9.96053 1.68915 0.60429 0.53405 0.42478 -0.41132
1403638161.295097113 1.31150 10.01347 1.73337 0.62005 0.52037 0.43378 -0.39571
1403638161.395097017 1.35992 10.06431 1.77701 0.63652 0.50824 0.43917 -0.37903
1403638161.495096922 1.40952 10.11252 1.81934 0.65046 0.50160 0.44018 -0.36269
1403638161.595097065 1.45897 10.16012 1.85728 0.66000 0.49533 0.44113 -0.35279
1403638161.695096970 1.50852 10.20981 1.88933 0.66727 0.48839 0.44071 -0.34928
1403638161.795097113 1.56012 10.26113 1.91672 0.67072 0.48091 0.44311 -0.35002
1403638161.895097017 1.61456 10.31196 1.94050 0.67195 0.47254 0.45085 -0.34916
1403638161.995096922 1.67030 10.35992 1.95980 0.67552 0.46492 0.45655 -0.34508
1403638162.095097065 1.72939 10.40856 1.98243 0.67897 0.45960 0.45916 -0.34196
1403638162.195096970 1.79236 10.45463 2.01183 0.68437 0.45580 0.45618 -0.34028
1403638162.295097113 1.85689 10.49654 2.04184 0.68865 0.45319 0.45337 -0.33887
1403638162.395097017 1.92755 10.54084 2.06851 0.69078 0.44928 0.45195 -0.34164
1403638162.495096922 2.00184 10.58122 2.08952 0.68958 0.44762 0.45464 -0.34267
1403638162.595097065 2.08098 10.62168 2.11152 0.68771 0.45042 0.45726 -0.33924
1403638162.695096970 2.16402 10.65908 2.13744 0.68546 0.45457 0.45962 -0.33506
1403638162.795097113 2.25016 10.69627 2.17087 0.68684 0.45551 0.45784 -0.33338
1403638162.895097017 2.33816 10.73247 2.21049 0.69019 0.44948 0.45788 -0.33459
1403638162.995096922 2.43069 10.76975 2.25615 0.68970 0.44019 0.46371 -0.33990
1403638163.095097065 2.52839 10.80440 2.29605 0.68812 0.43085 0.47177 -0.34393
1403638163.195096970 2.62887 10.83584 2.31677 0.69188 0.42471 0.47623 -0.33782
1403638163.295097113 2.73256 10.86336 2.32363 0.69730 0.41916 0.48186 -0.32541
1403638163.395097017 2.84018 10.88815 2.32696 0.70285 0.41054 0.48980 -0.31233
1403638163.495096922 2.94839 10.90981 2.32840 0.70949 0.39995 0.49547 -0.30195
1403638163.595097065 3.05714 10.92994 2.33710 0.71478 0.39162 0.49848 -0.29537
1403638163.695096970 3.16126 10.94628 2.35438 0.71724 0.38693 0.50179 -0.28994
1403638163.795097113 3.26606 10.96021 2.38020 0.71827 0.38406 0.50414 -0.28709
1403638163.895097017 3.36692 10.96923 2.41324 0.71931 0.38044 0.50454 -0.28862
1403638163.995096922 3.46758 10.97512 2.45219 0.72202 0.37768 0.50086 -0.29185
1403638164.095097065 3.57021 10.97946 2.49770 0.72359 0.37619 0.49747 -0.29567
1403638164.195096970 3.67480 10.97857 2.54700 0.72341 0.37413 0.49620 -0.30082
1403638164.295097113 3.78057 10.97480 2.59376 0.72148 0.37332 0.49718 -0.30481
1403638164.395097017 3.88975 10.96569 2.63306 0.71992 0.37328 0.49777 -0.30758
1403638164.495096922 3.99926 10.95247 2.66697 0.71957 0.37377 0.49663 -0.30964
1403638164.595097065 4.11156 10.93264 2.69605 0.72010 0.37231 0.49495 -0.31282
1403638164.695096970 4.22712 10.90879 2.72066 0.72220 0.36913 0.49593 -0.31020
1403638164.795097113 4.34503 10.87517 2.74091 0.72004 0.36882 0.50522 -0.30044
1403638164.895097017 4.46307 10.83720 2.75860 0.71463 0.37194 0.51839 -0.28677
1403638164.995096922 4.57577 10.79588 2.77201 0.71242 0.36874 0.52557 -0.28331
1403638165.095097065 4.68665 10.75235 2.78067 0.71508 0.35549 0.52759 -0.28971
1403638165.195096970 4.79552 10.70555 2.78402 0.72285 0.34866 0.52290 -0.28722
1403638165.295097113 4.90495 10.65351 2.78116 0.73450 0.34722 0.51162 -0.27963
1403638165.395097017 5.01284 10.59759 2.77340 0.74145 0.34152 0.50577 -0.27895
1403638165.495096922 5.12121 10.53853 2.76393 0.73915 0.33785 0.51224 -0.27771
1403638165.595097065 5.23116 10.47562 2.75151 0.73125 0.33433 0.52587 -0.27742
1403638165.695096970 5.33989 10.40776 2.73417 0.72194 0.33313 0.54010 -0.27588
1403638165.795097113 5.44513 10.33446 2.70839 0.71867 0.33500 0.54540 -0.27173
1403638165.895097017 5.54350 10.25546 2.68184 0.72437 0.33925 0.53788 -0.26623
1403638165.995096922 5.63630 10.17201 2.66161 0.73058 0.34378 0.52911 -0.26097
1403638166.095097065 5.72603 10.08652 2.65141 0.73596 0.34907 0.52103 -0.25502
1403638166.195096970 5.81340 10.00165 2.65394 0.73731 0.35444 0.51764 -0.25057
1403638166.295097113 5.89932 9.92149 2.67649 0.73642 0.35821 0.51702 -0.24913
1403638166.395097017 5.98063 9.84270 2.71830 0.73532 0.36184 0.51694 -0.24726
1403638166.495096922 6.05414 9.77057 2.76922 0.73516 0.36408 0.51603 -0.24636
1403638166.595097065 6.12564 9.69823 2.81518 0.73441 0.36448 0.51592 -0.24824
1403638166.695096970 6.19409 9.62935 2.85390 0.73537 0.36336 0.51379 -0.25143
1403638166.795097113 6.26133 9.56276 2.88363 0.74006 0.35935 0.50606 -0.25900
1403638166.895097017 6.33241 9.49582 2.90226 0.75071 0.35594 0.48945 -0.26491
1403638166.995096922 6.40637 9.43206 2.91572 0.75905 0.35691 0.47644 -0.26354
1403638167.095097065 6.48914 9.37232 2.92927 0.76186 0.36076 0.47201 -0.25814
1403638167.195096970 6.58092 9.32018 2.94965 0.76007 0.36493 0.47467 -0.25259
1403638167.295097113 6.67931 9.27480 2.97844 0.75711 0.36812 0.47924 -0.24820
1403638167.395097017 6.78371 9.23771 3.01196 0.75551 0.36830 0.48205 -0.24735
1403638167.495096922 6.89157 9.20539 3.04427 0.75340 0.36549 0.48589 -0.25043
1403638167.595097065 7.00622 9.17139 3.07088 0.75043 0.35985 0.49117 -0.25711
1403638167.695096970 7.12292 9.14108 3.09048 0.75103 0.34918 0.49379 -0.26495
1403638167.795097113 7.24050 9.11394 3.10326 0.75431 0.33568 0.49637 -0.26822
1403638167.895097017 7.36628 9.08093 3.11262 0.75948 0.32129 0.49910 -0.26620
1403638167.995096922 7.49487 9.04915 3.11814 0.76435 0.30748 0.50382 -0.25962
1403638168.095097065 7.63189 9.01139 3.12733 0.76803 0.29499 0.50842 -0.25421
1403638168.195096970 7.77130 8.96926 3.14320 0.77125 0.28479 0.51342 -0.24591
1403638168.295097113 7.91058 8.92194 3.16586 0.77538 0.27590 0.51848 -0.23204
1403638168.395097017 8.05301 8.87091 3.19547 0.77841 0.26392 0.52543 -0.21986
1403638168.495096922 8.19749 8.81832 3.22736 0.78261 0.25867 0.52862 -0.20291
1403638168.595097065 8.34273 8.76618 3.25228 0.78804 0.25970 0.52692 -0.18413
1403638168.695096970 8.48782 8.71747 3.26897 0.79172 0.26153 0.52547 -0.16932
1403638168.795097113 8.63184 8.67437 3.27945 0.79368 0.26181 0.52444 -0.16276
1403638168.895097017 8.77622 8.63854 3.28381 0.79506 0.26282 0.52310 -0.15864
1403638168.995096922 8.92103 8.61093 3.28364 0.79492 0.26373 0.52283 -0.15871
1403638169.095097065 9.06666 8.59266 3.28045 0.78922 0.26250 0.53007 -0.16509
1403638169.195096970 9.21311 8.57726 3.26961 0.78552 0.25895 0.53376 -0.17607
1403638169.295097113 9.36113 8.56642 3.25608 0.78371 0.24860 0.53656 -0.18998
1403638169.395097017 9.51214 8.55413 3.23807 0.78200 0.22923 0.54207 -0.20515
1403638169.495096922 9.66411 8.53501 3.21789 0.78121 0.21058 0.54919 -0.20919
1403638169.595097065 9.81323 8.50519 3.20421 0.78206 0.19534 0.55621 -0.20212
1403638169.695096970 9.95990 8.46531 3.19499 0.78607 0.18422 0.56088 -0.18323
1403638169.795097113 10.10266 8.41631 3.19287 0.79000 0.17344 0.56615 -0.15903
1403638169.895097017 10.24084 8.36078 3.20014 0.79322 0.16322 0.57199 -0.13031
1403638169.995096922 10.37331 8.30465 3.21579 0.79033 0.14946 0.58471 -0.10560
1403638170.095097065 10.49849 8.25082 3.23417 0.78811 0.12818 0.59503 -0.09165
1403638170.195096970 10.61703 8.19773 3.24481 0.79075 0.10291 0.59777 -0.08243
1403638170.295097113 10.72758 8.14476 3.24803 0.79459 0.07663 0.59762 -0.07483
1403638170.395097017 10.83728 8.09182 3.24422 0.80025 0.05197 0.59388 -0.06484
1403638170.495096922 10.94161 8.03566 3.23675 0.80463 0.02790 0.59051 -0.05554
1403638170.595097065 11.03990 7.97564 3.23334 0.80385 0.00236 0.59263 -0.05103
1403638170.695096970 11.13158 7.90954 3.23875 0.80030 -0.01950 0.59785 -0.04136
1403638170.795097113 11.21241 7.83620 3.25026 0.79917 -0.03809 0.59919 -0.02905
1403638170.895097017 11.28735 7.75431 3.26229 0.79889 -0.05476 0.59880 -0.01468
1403638170.995096922 11.34594 7.66827 3.26902 0.79798 -0.07172 0.59840 0.00010
1403638171.095097065 11.39277 7.57872 3.27138 0.79523 -0.08791 0.59979 0.01167
1403638171.195096970 11.43711 7.48423 3.27039 0.79261 -0.10061 0.60108 0.01902
1403638171.295097113 11.46518 7.38778 3.26641 0.79037 -0.10944 0.60229 0.02419
1403638171.395097017 11.48593 7.28739 3.26144 0.78804 -0.11579 0.60404 0.02703
1403638171.495096922 11.49631 7.18183 3.25500 0.78557 -0.12293 0.60569 0.03020
1403638171.595097065 11.49833 7.07099 3.24664 0.78245 -0.13005 0.60814 0.03199
1403638171.695096970 11.49135 6.95505 3.23708 0.77902 -0.14022 0.61022 0.03317
1403638171.795097113 11.47537 6.83266 3.22614 0.77620 -0.15087 0.61106 0.03678
1403638171.895097017 11.44880 6.70366 3.21861 0.77129 -0.16097 0.61459 0.03844
1403638171.995096922 11.40937 6.56685 3.21685 0.76766 -0.16434 0.61764 0.04699
1403638172.095097065 11.35614 6.42467 3.22088 0.76677 -0.16604 0.61765 0.05474
1403638172.195096970 11.28990 6.27913 3.22373 0.76726 -0.16754 0.61631 0.05832
1403638172.295097113 11.21231 6.13158 3.21827 0.76824 -0.16715 0.61486 0.06183
1403638172.395097017 11.12365 5.98215 3.20315 0.76809 -0.16665 0.61508 0.06279
1403638172.495096922 11.02663 5.83026 3.17783 0.76601 -0.16649 0.61788 0.06112
1403638172.595097065 10.92185 5.67534 3.14409 0.76404 -0.16574 0.62074 0.05872
1403638172.695096970 10.80548 5.51888 3.10162 0.76362 -0.16554 0.62172 0.05423
1403638172.795097113 10.67636 5.35884 3.05606 0.76408 -0.16391 0.62181 0.05164
1403638172.895097017 10.53490 5.19537 3.00560 0.76419 -0.16294 0.62225 0.04751
1403638172.995096922 10.38169 5.02706 2.95148 0.76691 -0.16363 0.61928 0.03969
1403638173.095097065 10.21721 4.85238 2.89205 0.77194 -0.16377 0.61338 0.03235
1403638173.195096970 10.04463 4.66934 2.82603 0.77706 -0.16140 0.60758 0.03112
1403638173.295097113 9.86399 4.47848 2.75436 0.78094 -0.15524 0.60388 0.03688
1403638173.395097017 9.67823 4.28292 2.67699 0.78467 -0.14647 0.60040 0.04860
1403638173.495096922 9.48845 4.08506 2.58869 0.78918 -0.13727 0.59539 0.06209
1403638173.595097065 9.29826 3.88858 2.49488 0.79066 -0.13150 0.59367 0.07156
1403638173.695096970 9.10659 3.69446 2.39779 0.79091 -0.13106 0.59320 0.07339
1403638173.795097113 8.91276 3.50413 2.29719 0.79153 -0.13245 0.59215 0.07277
1403638173.895097017 8.71567 3.31685 2.20084 0.79288 -0.13262 0.59015 0.07394
1403638173.995096922 8.51479 3.13451 2.11151 0.79199 -0.13358 0.59120 0.07343
1403638174.095097065 8.30911 2.95509 2.02846 0.79254 -0.13433 0.59038 0.07273
1403638174.195096970 8.10166 2.77887 1.94754 0.79571 -0.13376 0.58606 0.07403
1403638174.295097113 7.89332 2.60538 1.86191 0.80145 -0.13377 0.57833 0.07293
1403638174.395097017 7.68667 2.43628 1.77138 0.80497 -0.13372 0.57350 0.07237
1403638174.495096922 7.48268 2.27048 1.68006 0.80801 -0.13311 0.56945 0.07161
1403638174.595097065 7.28961 2.10522 1.59367 0.81171 -0.13100 0.56440 0.07362
1403638174.695096970 7.10281 1.94027 1.51311 0.81622 -0.12932 0.55796 0.07572
1403638174.795097113 6.92231 1.77714 1.44035 0.82038 -0.12882 0.55187 0.07633
1403638174.895097017 6.74951 1.61672 1.37421 0.82240 -0.12725 0.54892 0.07849
1403638174.995096922 6.58571 1.45942 1.31395 0.82371 -0.12787 0.54673 0.07892
1403638175.095097065 6.42917 1.30391 1.25892 0.82245 -0.12815 0.54840 0.08009
1403638175.195096970 6.27900 1.14827 1.20910 0.82219 -0.12785 0.54839 0.08324
1403638175.295097113 6.13617 0.99426 1.16415 0.82418 -0.12811 0.54498 0.08550
1403638175.395097017 5.99604 0.83961 1.12668 0.82945 -0.12797 0.53660 0.08776
1403638175.495096922 5.86327 0.68656 1.09704 0.83551 -0.12625 0.52691 0.09135
1403638175.595097065 5.74337 0.53670 1.07687 0.84293 -0.12579 0.51499 0.09185
1403638175.695096970 5.63574 0.38981 1.06328 0.84998 -0.12650 0.50345 0.08983
1403638175.795097113 5.54706 0.24781 1.05422 0.85401 -0.12663 0.49680 0.08842
1403638175.895097017 5.47634 0.11123 1.03718 0.85590 -0.12408 0.49380 0.09056
1403638175.995096922 5.42437 -0.02032 1.01225 0.85459 -0.11718 0.49632 0.09801
1403638176.095097065 5.39370 -0.14658 0.98652 0.84595 -0.10999 0.51092 0.10595
1403638176.195096970 5.37641 -0.26843 0.96557 0.83040 -0.10743 0.53592 0.10806
1403638176.295097113 5.36996 -0.38207 0.94914 0.81781 -0.10902 0.55507 0.10582
1403638176.395097017 5.36860 -0.48754 0.93566 0.81230 -0.10955 0.56297 0.10602
1403638176.495096922 5.37324 -0.58424 0.92764 0.81198 -0.10901 0.56317 0.10792
1403638176.595097065 5.38102 -0.67347 0.92457 0.81338 -0.10952 0.56093 0.10852
1403638176.695096970 5.38681 -0.75772 0.92722 0.81411 -0.10951 0.55965 0.10963
1403638176.795097113 5.40273 -0.83539 0.93734 0.81454 -0.11060 0.55910 0.10815
1403638176.895097017 5.41307 -0.90658 0.95205 0.81477 -0.11414 0.55897 0.10329
1403638176.995096922 5.42861 -0.97802 0.96484 0.81526 -0.11363 0.55824 0.10396
1403638177.095097065 5.44339 -1.03819 0.97244 0.81642 -0.11195 0.55639 0.10660
1403638177.195096970 5.46303 -1.09439 0.97163 0.81687 -0.11009 0.55547 0.10981
1403638177.295097113 5.48720 -1.15041 0.96304 0.81696 -0.10925 0.55524 0.11113
1403638177.395097017 5.51305 -1.19093 0.95024 0.81682 -0.10920 0.55535 0.11169
1403638177.495096922 5.54284 -1.23101 0.93159 0.81686 -0.11305 0.55528 0.10780
1403638177.595097065 5.57518 -1.26092 0.90960 0.81545 -0.12319 0.55758 0.09471
1403638177.695096970 5.60960 -1.29053 0.88365 0.81407 -0.13136 0.55922 0.08552
1403638177.795097113 5.64645 -1.32228 0.85427 0.80972 -0.14051 0.56435 0.07821
1403638177.895097017 5.68264 -1.35076 0.82452 0.80194 -0.14629 0.57437 0.07480
1403638177.995096922 5.71820 -1.38607 0.79813 0.79618 -0.14867 0.58161 0.07563
1403638178.095097065 5.74599 -1.42259 0.78226 0.79271 -0.14970 0.58491 0.08418
1403638178.195096970 5.76823 -1.46214 0.77445 0.78943 -0.15747 0.58594 0.09317
1403638178.295097113 5.78413 -1.50505 0.77268 0.78458 -0.17138 0.58696 0.10270
1403638178.395097017 5.79129 -1.54470 0.78072 0.77948 -0.18890 0.58623 0.11431
1403638178.495096922 5.79115 -1.58384 0.78541 0.77665 -0.21127 0.58007 0.12531
1403638178.595097065 5.78472 -1.62375 0.78457 0.77563 -0.23570 0.56965 0.13543
1403638178.695096970 5.77394 -1.66453 0.77945 0.77189 -0.25881 0.56214 0.14560
1403638178.795097113 5.75919 -1.70906 0.77144 0.76626 -0.27908 0.55675 0.15805
1403638178.895097017 5.74024 -1.75621 0.76045 0.76431 -0.29557 0.54756 0.16924
1403638178.995096922 5.71829 -1.80552 0.74538 0.76523 -0.30765 0.53724 0.17648
1403638179.095097065 5.69466 -1.85712 0.72729 0.76772 -0.31432 0.52732 0.18372
1403638179.195096970 5.67252 -1.91466 0.70534 0.76905 -0.31980 0.51896 0.19229
1403638179.295097113 5.65316 -1.97734 0.67979 0.76995 -0.32592 0.51027 0.20146
1403638179.395097017 5.63803 -2.04550 0.65244 0.76560 -0.33535 0.50638 0.21210
1403638179.495096922 5.62634 -2.11796 0.62483 0.75191 -0.34940 0.51291 0.22244
1403638179.595097065 5.61564 -2.19227 0.59391 0.73831 -0.36552 0.51583 0.23499
1403638179.695096970 5.60276 -2.26659 0.56450 0.72624 -0.38275 0.51449 0.24777
1403638179.795097113 5.58757 -2.34043 0.54161 0.71554 -0.40046 0.50938 0.26110
1403638179.895097017 5.57080 -2.41385 0.52608 0.70551 -0.41784 0.50268 0.27383
1403638179.995096922 5.55351 -2.48909 0.51530 0.70117 -0.43387 0.49137 0.28049
1403638180.095097065 5.53721 -2.56533 0.50825 0.69766 -0.44697 0.48308 0.28306
1403638180.195096970 5.52066 -2.64390 0.50522 0.69410 -0.45387 0.47924 0.28732
1403638180.295097113 5.50312 -2.72560 0.49889 0.69261 -0.45831 0.47604 0.28920
1403638180.395097017 5.48514 -2.81059 0.48740 0.69236 -0.46023 0.47383 0.29035
1403638180.495096922 5.46752 -2.89869 0.47136 0.69366 -0.45866 0.47148 0.29356
1403638180.595097065 5.44996 -2.98942 0.45107 0.69537 -0.45597 0.46991 0.29620
1403638180.695096970 5.43379 -3.08258 0.43478 0.69921 -0.45412 0.46602 0.29616
1403638180.795097113 5.41963 -3.17946 0.42365 0.70373 -0.45376 0.46192 0.29238
1403638180.895097017 5.40838 -3.28104 0.42225 0.70555 -0.45267 0.46241 0.28891
1403638180.995096922 5.40005 -3.38839 0.41954 0.70514 -0.45147 0.46592 0.28612
1403638181.095097065 5.39304 -3.49974 0.41153 0.70450 -0.45003 0.46985 0.28355
1403638181.195096970 5.38782 -3.61551 0.39719 0.70201 -0.44942 0.47551 0.28123
1403638181.295097113 5.38144 -3.73339 0.37939 0.69403 -0.45107 0.48552 0.28131
1403638181.395097017 5.37225 -3.85561 0.35662 0.68304 -0.45845 0.49211 0.28480
1403638181.495096922 5.35735 -3.97671 0.32864 0.66840 -0.47184 0.49641 0.29015
1403638181.595097065 5.33562 -4.09623 0.30085 0.64763 -0.48394 0.50365 0.30449
1403638181.695096970 5.30411 -4.21604 0.27613 0.63632 -0.49600 0.49569 0.32152
1403638181.795097113 5.26376 -4.33559 0.26007 0.62904 -0.50923 0.48103 0.33705
1403638181.895097017 5.21763 -4.45678 0.25343 0.62453 -0.52202 0.46217 0.35193
1403638181.995096922 5.16906 -4.57388 0.25369 0.61936 -0.53568 0.44772 0.35914
1403638182.095097065 5.11929 -4.68540 0.26084 0.61623 -0.54787 0.43617 0.36035
1403638182.195096970 5.07033 -4.79154 0.27416 0.61351 -0.55676 0.42813 0.36100
1403638182.295097113 5.02307 -4.89513 0.28478 0.61006 -0.56607 0.42515 0.35588
1403638182.395097017 4.97144 -5.00821 0.29039 0.60823 -0.57185 0.42416 0.35089
1403638182.495096922 4.91833 -5.11925 0.30187 0.61278 -0.57029 0.41712 0.35396
1403638182.595097065 4.86448 -5.23218 0.32209 0.61954 -0.56509 0.40878 0.36020
1403638182.695096970 4.81068 -5.35109 0.34951 0.62347 -0.56201 0.40605 0.36132
1403638182.795097113 4.76073 -5.47041 0.37856 0.62409 -0.56028 0.40818 0.36052
1403638182.895097017 4.71300 -5.59475 0.40327 0.62322 -0.55772 0.41252 0.36108
1403638182.995096922 4.66438 -5.72600 0.42215 0.62032 -0.55374 0.41967 0.36394
1403638183.095097065 4.61744 -5.85660 0.43626 0.61818 -0.54827 0.42561 0.36892
1403638183.195096970 4.57031 -5.99010 0.44553 0.61866 -0.54330 0.42679 0.37407
1403638183.295097113 4.52404 -6.12456 0.44969 0.62350 -0.54242 0.42111 0.37376
1403638183.395097017 4.48341 -6.25389 0.44817 0.62800 -0.54608 0.41496 0.36773
1403638183.495096922 4.44200 -6.39283 0.44424 0.63287 -0.54785 0.40778 0.36476
1403638183.595097065 4.40390 -6.53400 0.43765 0.63535 -0.54840 0.40432 0.36347
1403638183.695096970 4.37104 -6.67763 0.43324 0.63276 -0.54434 0.40862 0.36925
1403638183.795097113 4.34194 -6.82327 0.43578 0.62764 -0.53899 0.41640 0.37705
1403638183.895097017 4.31648 -6.96697 0.44522 0.62306 -0.53392 0.42302 0.38443
1403638183.995096922 4.29700 -7.10140 0.46063 0.62219 -0.53379 0.42363 0.38534
1403638184.095097065 4.28166 -7.23425 0.48161 0.62406 -0.53727 0.42027 0.38114
1403638184.195096970 4.27099 -7.36344 0.50130 0.62775 -0.54255 0.41362 0.37482
1403638184.295097113 4.26355 -7.49133 0.51593 0.62920 -0.54547 0.41025 0.37184
1403638184.395097017 4.25999 -7.62151 0.52536 0.62701 -0.54401 0.41286 0.37479
1403638184.495096922 4.26002 -7.75330 0.53355 0.62507 -0.54132 0.41533 0.37916
1403638184.595097065 4.26326 -7.88628 0.54082 0.62320 -0.54068 0.41736 0.38092
1403638184.695096970 4.26936 -8.02099 0.54776 0.62249 -0.54043 0.41810 0.38162
1403638184.795097113 4.27830 -8.15713 0.55573 0.62120 -0.54112 0.41981 0.38085
1403638184.895097017 4.28919 -8.28796 0.56332 0.62174 -0.54092 0.41823 0.38200
1403638184.995096922 4.30242 -8.42543 0.57474 0.62035 -0.54047 0.41998 0.38298
1403638185.095097065 4.31900 -8.55305 0.58485 0.62105 -0.54062 0.41894 0.38277
1403638185.195096970 4.33807 -8.68504 0.59875 0.62226 -0.53985 0.41753 0.38344
1403638185.295097113 4.36121 -8.80919 0.61040 0.62456 -0.53712 0.41479 0.38649
1403638185.395097017 4.38760 -8.94118 0.62640 0.62596 -0.53282 0.41466 0.39029
1403638185.495096922 4.42129 -9.06250 0.64014 0.62936 -0.52320 0.41906 0.39314
1403638185.595097065 4.45955 -9.18567 0.65648 0.63559 -0.51167 0.42565 0.39120
1403638185.695096970 4.50252 -9.31125 0.67323 0.64057 -0.50209 0.43348 0.38687
1403638185.795097113 4.55187 -9.42802 0.68875 0.64209 -0.50055 0.44379 0.37446
1403638185.895097017 4.60310 -9.54198 0.70135 0.64102 -0.50884 0.45416 0.35202
1403638185.995096922 4.65265 -9.65240 0.70884 0.64104 -0.51406 0.45958 0.33704
1403638186.095097065 4.69807 -9.76408 0.71119 0.64618 -0.51158 0.45542 0.33664
1403638186.195096970 4.74062 -9.87380 0.70984 0.65052 -0.50705 0.45070 0.34146
1403638186.295097113 4.78272 -9.98829 0.71080 0.65267 -0.50471 0.44819 0.34411
1403638186.395097017 4.82397 -10.09521 0.71988 0.65415 -0.50360 0.44584 0.34598
1403638186.495096922 4.86584 -10.20196 0.73470 0.65335 -0.50281 0.44633 0.34799
1403638186.595097065 4.90940 -10.30727 0.75066 0.65453 -0.50186 0.44343 0.35085
1403638186.695096970 4.95451 -10.41192 0.75970 0.65626 -0.49981 0.43978 0.35511
1403638186.795097113 5.00520 -10.52223 0.76573 0.66035 -0.49304 0.43715 0.36021
1403638186.895097017 5.05884 -10.62622 0.76486 0.66762 -0.48383 0.43613 0.36053
1403638186.995096922 5.12275 -10.73574 0.76616 0.67618 -0.47322 0.44067 0.35307
1403638187.095097065 5.19296 -10.83848 0.77207 0.68244 -0.45973 0.45651 0.33840
1403638187.195096970 5.26893 -10.94011 0.78585 0.68874 -0.44137 0.47591 0.32301
1403638187.295097113 5.34569 -11.03798 0.80710 0.69519 -0.41955 0.49503 0.30924
1403638187.395097017 5.42202 -11.13444 0.83521 0.70093 -0.39947 0.50994 0.29845
1403638187.495096922 5.49418 -11.22242 0.86664 0.70639 -0.38441 0.51872 0.29013
1403638187.595097065 5.56163 -11.30264 0.89640 0.71430 -0.37678 0.51838 0.28124
1403638187.695096970 5.62766 -11.38289 0.92326 0.72170 -0.37354 0.51400 0.27462
1403638187.795097113 5.69223 -11.45880 0.94506 0.72630 -0.36984 0.51037 0.27427
1403638187.895097017 5.75599 -11.52723 0.96263 0.72846 -0.36501 0.50785 0.27963
1403638187.995096922 5.82170 -11.58982 0.97762 0.72691 -0.36061 0.50896 0.28726
1403638188.095097065 5.88905 -11.64638 0.98878 0.72494 -0.35628 0.50977 0.29607
1403638188.195096970 5.95766 -11.69248 0.99684 0.72178 -0.35310 0.51202 0.30363
1403638188.295097113 6.02849 -11.72689 0.99875 0.71124 -0.35450 0.52539 0.30401
1403638188.395097017 6.09957 -11.75561 0.99645 0.69815 -0.35596 0.54213 0.30329
1403638188.495096922 6.16827 -11.77081 0.99322 0.68827 -0.35766 0.55412 0.30217
1403638188.595097065 6.23158 -11.77576 0.98831 0.68294 -0.35795 0.56118 0.30089
1403638188.695096970 6.28677 -11.76546 0.98871 0.68697 -0.35568 0.56009 0.29641
1403638188.795097113 6.33077 -11.73846 0.99483 0.69660 -0.35325 0.55401 0.28815
1403638188.895097017 6.37041 -11.70275 1.01407 0.70434 -0.35081 0.54939 0.28109
1403638188.995096922 6.40396 -11.65853 1.04312 0.71045 -0.34859 0.54572 0.27557
1403638189.095097065 6.43085 -11.60400 1.07782 0.71474 -0.34369 0.54713 0.26773
1403638189.195096970 6.45285 -11.54301 1.10922 0.71998 -0.33505 0.55073 0.25705
1403638189.295097113 6.47018 -11.47575 1.13381 0.72825 -0.32357 0.55293 0.24336
1403638189.395097017 6.48130 -11.40149 1.15167 0.74210 -0.31275 0.54683 0.22903
1403638189.495096922 6.48644 -11.32365 1.16763 0.75661 -0.30463 0.53673 0.21600
1403638189.595097065 6.49011 -11.24588 1.19105 0.76521 -0.29899 0.53148 0.20637
1403638189.695096970 6.49604 -11.17045 1.22075 0.77162 -0.29678 0.52678 0.19755
1403638189.795097113 6.50318 -11.09831 1.24571 0.77689 -0.29799 0.52124 0.18962
1403638189.895097017 6.51174 -11.03102 1.26392 0.78220 -0.29807 0.51426 0.18667
1403638189.995096922 6.52437 -10.96908 1.27631 0.78355 -0.29790 0.51224 0.18686
1403638190.095097065 6.54223 -10.91398 1.28446 0.77824 -0.29586 0.51994 0.19096
1403638190.195096970 6.56314 -10.86636 1.29011 0.77070 -0.29238 0.53036 0.19812
1403638190.295097113 6.58257 -10.81556 1.28446 0.76428 -0.28140 0.54009 0.21211
1403638190.395097017 6.60259 -10.76334 1.27308 0.76212 -0.26476 0.54661 0.22426
1403638190.495096922 6.62549 -10.70583 1.25782 0.76414 -0.25189 0.54796 0.22886
1403638190.595097065 6.64888 -10.64058 1.23838 0.76732 -0.24719 0.54811 0.22294
1403638190.695096970 6.67318 -10.56870 1.21925 0.76908 -0.24543 0.54917 0.21610
1403638190.795097113 6.69820 -10.49050 1.20323 0.76925 -0.24593 0.55192 0.20771
1403638190.895097017 6.72529 -10.40716 1.19396 0.76966 -0.25017 0.55356 0.19652
1403638190.995096922 6.75091 -10.32032 1.19315 0.76965 -0.25146 0.55482 0.19127
1403638191.095097065 6.77301 -10.22909 1.20036 0.76664 -0.25085 0.55958 0.19029
1403638191.195096970 6.79289 -10.13656 1.21300 0.77046 -0.25229 0.55446 0.18792
1403638191.295097113 6.80872 -10.04533 1.23266 0.77763 -0.25608 0.54416 0.18332
1403638191.395097017 6.81878 -9.95185 1.25332 0.78230 -0.25656 0.53712 0.18353
1403638191.495096922 6.83489 -9.86415 1.27600 0.78368 -0.25841 0.53452 0.18265
1403638191.595097065 6.84985 -9.77428 1.28766 0.78374 -0.25792 0.53390 0.18491
1403638191.695096970 6.87013 -9.69782 1.30203 0.78475 -0.25613 0.53202 0.18847
1403638191.795097113 6.89362 -9.60881 1.30140 0.78591 -0.25266 0.52980 0.19445
1403638191.895097017 6.92351 -9.52004 1.29662 0.78634 -0.25174 0.52869 0.19692
1403638191.995096922 6.97254 -9.45115 1.30389 0.78648 -0.25244 0.52844 0.19615
1403638192.095097065 7.01041 -9.36509 1.30726 0.78649 -0.25145 0.52835 0.19762
1403638192.195096970 7.06631 -9.30077 1.32916 0.78501 -0.25276 0.53083 0.19518
1403638192.295097113 7.11411 -9.21746 1.35224 0.78033 -0.25344 0.53798 0.19346
1403638192.395097017 7.17559 -9.15064 1.38914 0.77618 -0.25334 0.54427 0.19268
1403638192.495096922 7.23094 -9.06998 1.43028 0.77393 -0.25353 0.54767 0.19187
1403638192.595097065 7.28416 -8.97960 1.47638 0.77034 -0.25256 0.55257 0.19351
1403638192.695096970 7.33751 -8.89086 1.52131 0.76307 -0.25203 0.56236 0.19482
1403638192.795097113 7.39041 -8.78872 1.55987 0.75581 -0.25195 0.57180 0.19576
1403638192.895097017 7.43786 -8.68092 1.59225 0.74733 -0.25381 0.58295 0.19299
1403638192.995096922 7.47514 -8.57097 1.61957 0.73481 -0.25760 0.59941 0.18546
1403638193.095097065 7.49616 -8.46087 1.64451 0.73241 -0.25715 0.60520 0.17657
1403638193.195096970 7.50453 -8.34354 1.67584 0.74232 -0.25052 0.59722 0.17183
1403638193.295097113 7.49882 -8.23106 1.71791 0.75134 -0.24269 0.58970 0.16983
1403638193.395097017 7.48135 -8.11430 1.76986 0.75740 -0.23339 0.58476 0.17299
1403638193.495096922 7.45106 -7.99199 1.82258 0.75860 -0.22689 0.58520 0.17490
1403638193.595097065 7.41601 -7.87585 1.87223 0.76054 -0.22402 0.58414 0.17370
1403638193.695096970 7.36573 -7.76060 1.91166 0.76817 -0.22438 0.57509 0.16983
1403638193.795097113 7.31004 -7.64371 1.94306 0.77555 -0.22683 0.56582 0.16405
1403638193.895097017 7.25001 -7.52853 1.96939 0.77974 -0.22783 0.56021 0.16206
1403638193.995096922 7.18927 -7.41643 1.99361 0.78210 -0.22907 0.55703 0.15990
1403638194.095097065 7.13104 -7.30461 2.01247 0.78009 -0.22799 0.55963 0.16214
1403638194.195096970 7.07897 -7.18973 2.02537 0.77465 -0.22699 0.56668 0.16512
1403638194.295097113 7.01846 -7.07978 2.03106 0.77149 -0.22668 0.57079 0.16620
1403638194.395097017 6.95539 -6.96888 2.03415 0.77515 -0.22912 0.56562 0.16345
1403638194.495096922 6.89373 -6.85509 2.04262 0.77895 -0.23228 0.56001 0.16026
1403638194.595097065 6.82836 -6.74220 2.05644 0.78262 -0.23355 0.55447 0.15975
1403638194.695096970 6.76607 -6.62857 2.07319 0.78812 -0.23560 0.54618 0.15829
1403638194.795097113 6.70495 -6.51937 2.08979 0.79212 -0.23666 0.53988 0.15834
1403638194.895097017 6.65033 -6.40979 2.09935 0.79511 -0.23767 0.53485 0.15889
1403638194.995096922 6.60128 -6.30587 2.10311 0.79668 -0.23816 0.53223 0.15908
1403638195.095097065 6.55355 -6.20595 2.10220 0.79782 -0.23808 0.53046 0.15939
1403638195.195096970 6.51302 -6.11083 2.09376 0.80112 -0.24014 0.52524 0.15702
1403638195.295097113 6.47470 -6.01968 2.08011 0.80899 -0.24356 0.51295 0.15199
1403638195.395097017 6.45064 -5.93900 2.06322 0.81139 -0.24439 0.50908 0.15083
1403638195.495096922 6.43415 -5.86374 2.04605 0.80269 -0.24223 0.52266 0.15439
1403638195.595097065 6.41999 -5.79248 2.02682 0.79324 -0.23942 0.53702 0.15830
1403638195.695096970 6.41300 -5.72705 2.00323 0.79064 -0.23814 0.54108 0.15938
1403638195.795097113 6.40792 -5.66430 1.98486 0.79244 -0.23903 0.53861 0.15751
1403638195.895097017 6.40300 -5.60091 1.97421 0.79737 -0.23951 0.53148 0.15611
1403638195.995096922 6.40616 -5.54407 1.96887 0.80175 -0.24074 0.52492 0.15396
1403638196.095097065 6.41603 -5.49479 1.97259 0.80190 -0.24045 0.52476 0.15414
1403638196.195096970 6.43170 -5.44646 1.98672 0.79731 -0.23837 0.53193 0.15664
1403638196.295097113 6.44538 -5.39313 2.00409 0.79228 -0.23666 0.53944 0.15905
1403638196.395097017 6.46217 -5.34702 2.01900 0.79057 -0.23654 0.54194 0.15922
1403638196.495096922 6.47877 -5.30210 2.02696 0.79100 -0.23735 0.54112 0.15863
1403638196.595097065 6.49751 -5.26177 2.02816 0.79405 -0.23993 0.53631 0.15584
1403638196.695096970 6.52045 -5.22701 2.02248 0.80007 -0.24325 0.52684 0.15219
1403638196.795097113 6.54167 -5.19252 2.01462 0.80229 -0.24389 0.52320 0.15203
1403638196.895097017 6.57101 -5.16345 2.00321 0.79981 -0.24343 0.52680 0.15340
1403638196.995096922 6.60633 -5.13979 1.99532 0.79470 -0.24143 0.53471 0.15572
1403638197.095097065 6.64410 -5.12097 1.99293 0.79114 -0.24048 0.53986 0.15753
1403638197.195096970 6.67800 -5.10243 1.99801 0.78986 -0.23836 0.54174 0.16069
1403638197.295097113 6.71759 -5.08795 2.01121 0.78766 -0.23280 0.54507 0.16822
1403638197.395097017 6.75324 -5.07088 2.03127 0.78525 -0.22656 0.54837 0.17704
1403638197.495096922 6.79226 -5.05349 2.05643 0.78318 -0.22391 0.55126 0.18061
1403638197.595097065 6.82905 -5.03023 2.08825 0.78186 -0.22424 0.55334 0.17950
1403638197.695096970 6.86726 -5.00542 2.12447 0.78170 -0.22388 0.55369 0.17958
1403638197.795097113 6.90495 -4.97588 2.15851 0.78173 -0.22387 0.55388 0.17889
1403638197.895097017 6.94422 -4.94498 2.18614 0.77814 -0.22608 0.55934 0.17471
1403638197.995096922 6.98291 -4.91184 2.20531 0.76897 -0.22589 0.57222 0.17382
1403638198.095097065 7.01800 -4.87588 2.20622 0.76645 -0.22635 0.57573 0.17278
1403638198.195096970 7.04934 -4.83596 2.18808 0.76929 -0.22876 0.57192 0.16958
1403638198.295097113 7.07908 -4.79029 2.15776 0.77269 -0.22910 0.56725 0.16940
1403638198.395097017 7.10704 -4.74183 2.12185 0.77660 -0.22810 0.56189 0.17072
1403638198.495096922 7.13601 -4.69216 2.08284 0.78002 -0.22431 0.55693 0.17630
1403638198.595097065 7.16204 -4.63791 2.04044 0.78255 -0.21482 0.55282 0.18936
1403638198.695096970 7.19921 -4.57771 1.99791 0.78216 -0.20233 0.55186 0.20673
1403638198.795097113 7.22507 -4.50819 1.95912 0.78034 -0.19261 0.55295 0.21957
1403638198.895097017 7.26191 -4.42429 1.93091 0.77996 -0.19001 0.55323 0.22246
1403638198.995096922 7.29166 -4.32734 1.90907 0.78110 -0.19190 0.55198 0.21994
1403638199.095097065 7.33086 -4.21633 1.89700 0.78179 -0.19471 0.55132 0.21666
1403638199.195096970 7.37210 -4.09323 1.89592 0.78065 -0.19718 0.55297 0.21432
1403638199.295097113 7.41426 -3.95839 1.90548 0.77710 -0.19820 0.55812 0.21290
1403638199.395097017 7.45989 -3.81283 1.91969 0.77597 -0.19708 0.55916 0.21533
1403638199.495096922 7.50611 -3.65605 1.94020 0.77825 -0.19551 0.55496 0.21937
1403638199.595097065 7.55506 -3.48859 1.96785 0.78245 -0.19199 0.55010 0.21975
1403638199.695096970 7.60426 -3.31066 2.00266 0.78497 -0.18796 0.55154 0.21047
1403638199.795097113 7.65246 -3.12468 2.04180 0.78777 -0.19097 0.55351 0.19128
1403638199.895097017 7.69766 -2.93286 2.07723 0.79014 -0.19338 0.55446 0.17568
1403638199.995096922 7.74349 -2.73751 2.10738 0.79161 -0.19232 0.55562 0.16628
1403638200.095097065 7.78909 -2.53957 2.13343 0.79408 -0.18384 0.55653 0.16097
1403638200.195096970 7.83419 -2.33917 2.15992 0.79439 -0.16692 0.56159 0.16029
1403638200.295097113 7.88081 -2.13503 2.19258 0.79198 -0.15027 0.57149 0.15359
1403638200.395097017 7.92484 -1.92576 2.23183 0.79069 -0.13378 0.57945 0.14542
1403638200.495096922 7.96591 -1.71201 2.27736 0.79373 -0.11631 0.57937 0.14422
1403638200.595097065 8.00467 -1.49095 2.32899 0.79723 -0.10105 0.57811 0.14141
1403638200.695096970 8.04132 -1.26147 2.38539 0.79998 -0.08239 0.57748 0.14058
1403638200.795097113 8.07717 -1.02240 2.44131 0.80435 -0.07077 0.57415 0.13549
1403638200.895097017 8.11182 -0.77463 2.49167 0.80798 -0.06645 0.57136 0.12764
1403638200.995096922 8.14578 -0.51883 2.53416 0.80836 -0.07171 0.57356 0.11151
1403638201.095097065 8.17882 -0.25876 2.56836 0.80765 -0.07704 0.57607 0.09955
1403638201.195096970 8.20908 0.00360 2.59394 0.80718 -0.08081 0.57714 0.09400
1403638201.295097113 8.23506 0.26593 2.61173 0.80660 -0.08389 0.57786 0.09185
1403638201.395097017 8.25677 0.52665 2.62311 0.80688 -0.08380 0.57708 0.09435
1403638201.495096922 8.27521 0.78756 2.62726 0.80543 -0.08585 0.57871 0.09494
1403638201.595097065 8.29286 1.04841 2.62460 0.80375 -0.08594 0.58043 0.09847
1403638201.695096970 8.30607 1.30721 2.61337 0.80210 -0.08789 0.58248 0.09815
1403638201.795097113 8.31750 1.56660 2.59303 0.80188 -0.08850 0.58238 0.09998
1403638201.895097017 8.32839 1.82821 2.56634 0.80185 -0.09003 0.58249 0.09823
1403638201.995096922 8.33710 2.09502 2.54126 0.80294 -0.08571 0.58228 0.09433
1403638202.095097065 8.34063 2.36434 2.52069 0.80461 -0.08334 0.58191 0.08389
1403638202.195096970 8.34156 2.63383 2.50620 0.80848 -0.08342 0.57809 0.07213
1403638202.295097113 8.33848 2.90026 2.49890 0.81354 -0.08252 0.57202 0.06426
1403638202.395097017 8.33841 3.16177 2.49850 0.81526 -0.08099 0.57021 0.06048
1403638202.495096922 8.34190 3.42029 2.49458 0.81610 -0.07984 0.56942 0.05808
1403638202.595097065 8.34688 3.67340 2.48275 0.81683 -0.08167 0.56853 0.05379
1403638202.695096970 8.35316 3.92059 2.46467 0.81814 -0.08226 0.56663 0.05296
1403638202.795097113 8.36126 4.15937 2.44086 0.81771 -0.08181 0.56719 0.05439
1403638202.895097017 8.37075 4.39106 2.41301 0.81646 -0.08112 0.56890 0.05624
1403638202.995096922 8.37986 4.61701 2.38500 0.81567 -0.08256 0.56992 0.05521
1403638203.095097065 8.38875 4.83593 2.36072 0.81501 -0.08310 0.57083 0.05476
1403638203.195096970 8.39807 5.04890 2.34478 0.81243 -0.08098 0.57444 0.05838
1403638203.295097113 8.40674 5.25743 2.33564 0.80962 -0.08024 0.57843 0.05921
1403638203.395097017 8.41348 5.46212 2.32855 0.80843 -0.08101 0.58014 0.05761
1403638203.495096922 8.41847 5.66294 2.31556 0.80851 -0.08228 0.58002 0.05592
1403638203.595097065 8.42161 5.86139 2.29912 0.80883 -0.08441 0.57953 0.05299
1403638203.695096970 8.42195 6.05149 2.28588 0.81009 -0.08453 0.57780 0.05244
1403638203.795097113 8.41963 6.23933 2.28074 0.81001 -0.08338 0.57794 0.05408
1403638203.895097017 8.41364 6.42441 2.28198 0.80961 -0.08236 0.57859 0.05458
1403638203.995096922 8.40373 6.60475 2.28961 0.81022 -0.08223 0.57790 0.05307
1403638204.095097065 8.39027 6.77947 2.30477 0.81253 -0.08212 0.57483 0.05122
1403638204.195096970 8.37531 6.95055 2.32721 0.81508 -0.08490 0.57127 0.04567
1403638204.295097113 8.35979 7.11466 2.35520 0.81846 -0.09117 0.56612 0.03647
1403638204.395097017 8.34325 7.27138 2.38509 0.82254 -0.09975 0.55931 0.02553
1403638204.495096922 8.32886 7.41611 2.41415 0.82374 -0.10423 0.55691 0.02122
1403638204.595097065 8.31600 7.55169 2.43808 0.82184 -0.10469 0.55967 0.01957
1403638204.695096970 8.30621 7.67868 2.45435 0.82207 -0.09718 0.56070 0.01936
1403638204.795097113 8.29750 7.79600 2.46343 0.82331 -0.08007 0.56150 0.02172
1403638204.895097017 8.29102 7.90665 2.46548 0.82261 -0.05305 0.56555 0.02540
1403638204.995096922 8.28614 8.01454 2.45953 0.82281 -0.02334 0.56755 0.01835
1403638205.095097065 8.28419 8.12397 2.44875 0.82240 0.01139 0.56878 0.00422
1403638205.195096970 8.28083 8.23495 2.43880 0.82020 0.04806 0.56967 -0.02092
1403638205.295097113 8.27786 8.34710 2.43579 0.81556 0.08852 0.56981 -0.04843
1403638205.395097017 8.27386 8.46075 2.44083 0.80717 0.12915 0.57094 -0.07635
1403638205.495096922 8.26921 8.57452 2.45418 0.79660 0.16775 0.57298 -0.09476
1403638205.595097065 8.25995 8.68718 2.47389 0.78622 0.19970 0.57581 -0.10211
1403638205.695096970 8.24374 8.80063 2.50029 0.77471 0.22279 0.58247 -0.10450
1403638205.795097113 8.21853 8.92050 2.53131 0.76697 0.23983 0.58474 -0.11098
1403638205.895097017 8.18193 9.04418 2.56685 0.76294 0.25647 0.58070 -0.12224
1403638205.995096922 8.13607 9.17280 2.60743 0.75918 0.27219 0.57427 -0.14062
1403638206.095097065 8.08050 9.30504 2.65450 0.75378 0.28959 0.56841 -0.15769
1403638206.195096970 8.01560 9.43886 2.70462 0.74635 0.30656 0.56451 -0.17408
1403638206.295097113 7.94382 9.57250 2.75228 0.73890 0.32090 0.56078 -0.19126
1403638206.395097017 7.86487 9.70489 2.79314 0.73507 0.32707 0.55493 -0.21154
1403638206.495096922 7.78291 9.83297 2.82900 0.73144 0.32993 0.55241 -0.22579
1403638206.595097065 7.69659 9.95520 2.85753 0.72862 0.33187 0.55154 -0.23403
1403638206.695096970 7.60594 10.07261 2.87964 0.72572 0.33435 0.55052 -0.24179
1403638206.795097113 7.51110 10.18133 2.89493 0.72331 0.34140 0.54646 -0.24828
1403638206.895097017 7.41387 10.28274 2.90404 0.71997 0.34704 0.54516 -0.25299
1403638206.995096922 7.31370 10.37909 2.90688 0.71636 0.34852 0.54595 -0.25941
1403638207.095097065 7.20862 10.46632 2.90301 0.71289 0.34991 0.54814 -0.26248
1403638207.195096970 7.10317 10.55145 2.88976 0.71148 0.35027 0.54778 -0.26654
1403638207.295097113 6.98827 10.62707 2.86982 0.70739 0.35556 0.54756 -0.27085
1403638207.395097017 6.87036 10.69876 2.84521 0.70035 0.36355 0.54675 -0.28002
1403638207.495096922 6.74629 10.76417 2.82311 0.69135 0.37710 0.54332 -0.29091
1403638207.595097065 6.61614 10.82049 2.80758 0.68671 0.39293 0.53349 -0.29905
1403638207.695096970 6.48363 10.86526 2.79699 0.68853 0.40526 0.51783 -0.30584
1403638207.795097113 6.35262 10.90197 2.79466 0.68986 0.41307 0.50637 -0.31154
1403638207.895097017 6.22505 10.93227 2.80051 0.69387 0.41917 0.49488 -0.31296
1403638207.995096922 6.10050 10.95970 2.81322 0.69556 0.42281 0.48980 -0.31228
1403638208.095097065 5.97907 10.98275 2.82519 0.69444 0.42298 0.49075 -0.31306
1403638208.195096970 5.85715 11.00277 2.83049 0.69152 0.41896 0.49532 -0.31769
1403638208.295097113 5.74331 11.01758 2.82870 0.69044 0.41738 0.49863 -0.31697
1403638208.395097017 5.62730 11.03106 2.81827 0.69374 0.41816 0.49579 -0.31315
1403638208.495096922 5.51638 11.03910 2.80515 0.69510 0.42115 0.49225 -0.31171
1403638208.595097065 5.40540 11.04400 2.79666 0.69275 0.42892 0.48704 -0.31450
1403638208.695096970 5.29728 11.04718 2.79533 0.68744 0.43671 0.48313 -0.32138
1403638208.795097113 5.19229 11.04786 2.80107 0.68304 0.44284 0.47912 -0.32833
1403638208.895097017 5.09108 11.04600 2.80867 0.67787 0.44861 0.47847 -0.33213
1403638208.995096922 4.99099 11.04169 2.81040 0.67400 0.45288 0.47809 -0.33475
1403638209.095097065 4.89627 11.03350 2.80529 0.67234 0.45518 0.47623 -0.33761
1403638209.195096970 4.80132 11.02399 2.79405 0.67151 0.45707 0.47527 -0.33805
1403638209.295097113 4.71087 11.01014 2.77632 0.67159 0.45686 0.47392 -0.34006
1403638209.395097017 4.62183 10.99540 2.75248 0.67211 0.45653 0.47266 -0.34122
1403638209.495096922 4.53778 10.97864 2.72241 0.67150 0.45534 0.47340 -0.34300
1403638209.595097065 4.45239 10.96075 2.68023 0.67007 0.45369 0.47590 -0.34450
1403638209.695096970 4.36635 10.94193 2.61852 0.67182 0.45267 0.47487 -0.34388
1403638209.795097113 4.28580 10.91867 2.53951 0.67074 0.45405 0.47730 -0.34077
1403638209.895097017 4.20055 10.89258 2.44515 0.66872 0.45449 0.48104 -0.33890
1403638209.995096922 4.12238 10.86450 2.34507 0.66483 0.45297 0.48687 -0.34027
1403638210.095097065 4.04110 10.83136 2.24553 0.66057 0.45005 0.49302 -0.34355
1403638210.195096970 3.96594 10.79174 2.15308 0.65700 0.44727 0.49770 -0.34725
1403638210.295097113 3.88964 10.74401 2.06514 0.65739 0.44662 0.49728 -0.34798
1403638210.395097017 3.80836 10.68666 1.98068 0.65808 0.44688 0.49668 -0.34718
1403638210.495096922 3.73247 10.62441 1.89312 0.65830 0.44599 0.49656 -0.34810
1403638210.595097065 3.65346 10.55315 1.80018 0.65785 0.44540 0.49778 -0.34795
1403638210.695096970 3.57356 10.47693 1.70357 0.65814 0.44312 0.49771 -0.35040
1403638210.795097113 3.49152 10.39028 1.60990 0.65818 0.44272 0.49804 -0.35036
1403638210.895097017 3.41226 10.29818 1.52213 0.66136 0.44310 0.49367 -0.35008
1403638210.995096922 3.33173 10.19881 1.44396 0.66493 0.44502 0.48877 -0.34775
1403638211.095097065 3.25354 10.09201 1.37589 0.66788 0.44648 0.48447 -0.34625
1403638211.195096970 3.17774 9.98376 1.31607 0.67083 0.44719 0.47995 -0.34591
1403638211.295097113 3.10679 9.87585 1.26226 0.67204 0.44774 0.47895 -0.34424
1403638211.395097017 3.04136 9.76642 1.21625 0.67507 0.44369 0.48086 -0.34087
1403638211.495096922 2.97926 9.65271 1.16189 0.68145 0.43521 0.48371 -0.33502
1403638211.595097065 2.91739 9.53411 1.10305 0.68987 0.42186 0.48784 -0.32884
1403638211.695096970 2.85976 9.41250 1.03799 0.69942 0.40365 0.49446 -0.32154
1403638211.795097113 2.80598 9.28717 0.96919 0.71247 0.38240 0.49952 -0.31087
1403638211.895097017 2.75605 9.15780 0.90283 0.72586 0.35867 0.50408 -0.30063
1403638211.995096922 2.71231 9.02416 0.84481 0.73722 0.33673 0.51072 -0.28685
1403638212.095097065 2.67360 8.88719 0.79475 0.74647 0.31656 0.51836 -0.27178
1403638212.195096970 2.63889 8.74674 0.75383 0.75368 0.29846 0.52754 -0.25415
1403638212.295097113 2.60553 8.60226 0.72203 0.76129 0.27870 0.53482 -0.23818
1403638212.395097017 2.57422 8.45519 0.69623 0.76788 0.26017 0.54211 -0.22088
1403638212.495096922 2.54210 8.30200 0.67719 0.77410 0.23944 0.54850 -0.20637
1403638212.595097065 2.50916 8.14293 0.66389 0.78103 0.21852 0.55262 -0.19198
1403638212.695096970 2.47611 7.97964 0.65650 0.78764 0.19661 0.55614 -0.17798
1403638212.795097113 2.44359 7.81216 0.65616 0.79306 0.17553 0.56067 -0.16094
1403638212.895097017 2.41328 7.64308 0.66041 0.79905 0.15139 0.56332 -0.14584
1403638212.995096922 2.38594 7.47276 0.66996 0.80455 0.12730 0.56582 -0.12783
1403638213.095097065 2.35981 7.29880 0.68384 0.80902 0.10092 0.56831 -0.11106
1403638213.195096970 2.33692 7.12639 0.69731 0.81564 0.07234 0.56580 -0.09677
1403638213.295097113 2.31677 6.95095 0.70397 0.82430 0.04169 0.55811 -0.08548
1403638213.395097017 2.30123 6.77459 0.70634 0.83180 0.00994 0.54981 -0.07560
1403638213.495096922 2.29319 6.59358 0.70516 0.83534 -0.02147 0.54526 -0.06666
1403638213.595097065 2.28960 6.40274 0.69957 0.83263 -0.04195 0.55006 -0.04912
1403638213.695096970 2.29093 6.20580 0.69601 0.82376 -0.04825 0.56431 -0.02535
1403638213.795097113 2.29530 6.00630 0.69836 0.81682 -0.04891 0.57478 -0.00547
1403638213.895097017 2.30591 5.80743 0.70916 0.81390 -0.04930 0.57889 0.00539
1403638213.995096922 2.31245 5.61083 0.72348 0.81456 -0.04912 0.57791 0.01005
1403638214.095097065 2.31768 5.41445 0.74033 0.82050 -0.04710 0.56956 0.01254
1403638214.195096970 2.32554 5.22001 0.76162 0.82750 -0.04469 0.55956 0.01151
1403638214.295097113 2.33587 5.02549 0.78102 0.83284 -0.04172 0.55186 0.00937
1403638214.395097017 2.35130 4.83163 0.79351 0.83637 -0.03778 0.54681 0.00772
1403638214.495096922 2.37337 4.63678 0.80065 0.83443 -0.03313 0.55008 0.00632
1403638214.595097065 2.39983 4.44347 0.80184 0.82828 -0.02902 0.55954 0.00546
1403638214.695096970 2.42704 4.25413 0.79818 0.82174 -0.02536 0.56929 0.00407
1403638214.795097113 2.45340 4.06764 0.78966 0.81655 -0.02209 0.57685 0.00244
1403638214.895097017 2.47789 3.88367 0.77580 0.81351 -0.01912 0.58123 0.00145
1403638214.995096922 2.50123 3.70329 0.75639 0.81173 -0.01724 0.58378 0.00059
1403638215.095097065 2.52204 3.52542 0.73216 0.81160 -0.01529 0.58401 0.00082
1403638215.195096970 2.54134 3.35295 0.70348 0.81286 -0.01437 0.58229 0.00106
1403638215.295097113 2.56047 3.18237 0.67240 0.81489 -0.01197 0.57947 0.00452
1403638215.395097017 2.57893 3.01763 0.64129 0.81559 -0.00954 0.57848 0.00878
1403638215.495096922 2.59752 2.85688 0.61723 0.81529 -0.00674 0.57888 0.01267
1403638215.595097065 2.61525 2.70231 0.60192 0.81409 -0.00593 0.58054 0.01419
1403638215.695096970 2.63165 2.55442 0.59338 0.81335 -0.00806 0.58162 0.01105
1403638215.795097113 2.64688 2.40817 0.58616 0.81282 -0.01191 0.58234 0.00819
1403638215.895097017 2.65658 2.26800 0.57277 0.81282 -0.01769 0.58217 0.00930
1403638215.995096922 2.66484 2.12700 0.55451 0.81253 -0.02239 0.58239 0.01066
1403638216.095097065 2.66882 1.99178 0.53206 0.81226 -0.02457 0.58260 0.01419
1403638216.195096970 2.67015 1.86401 0.51417 0.81220 -0.02616 0.58255 0.01674
1403638216.295097113 2.66886 1.73946 0.50322 0.81104 -0.02721 0.58404 0.01930
1403638216.395097017 2.66565 1.61791 0.49849 0.80958 -0.02761 0.58598 0.02127
1403638216.495096922 2.65925 1.50193 0.49978 0.80907 -0.02812 0.58663 0.02192
1403638216.595097065 2.65149 1.38969 0.49721 0.80982 -0.02754 0.58554 0.02407
1403638216.695096970 2.64074 1.28144 0.48786 0.81167 -0.02600 0.58292 0.02691
1403638216.795097113 2.62964 1.17847 0.47092 0.81083 -0.02448 0.58399 0.03040
1403638216.895097017 2.61693 1.07778 0.45271 0.80696 -0.02886 0.58888 0.03456
1403638216.995096922 2.60161 0.98368 0.42896 0.80580 -0.03937 0.58965 0.03808
1403638217.095097065 2.58230 0.89039 0.40255 0.80734 -0.05421 0.58608 0.04210
1403638217.195096970 2.55926 0.80225 0.37428 0.80891 -0.06877 0.58191 0.04815
1403638217.295097113 2.53490 0.71735 0.34775 0.81007 -0.07808 0.57852 0.05478
1403638217.395097017 2.50976 0.63810 0.32970 0.81107 -0.08443 0.57568 0.06026
1403638217.495096922 2.48258 0.56414 0.32113 0.81146 -0.08752 0.57411 0.06531
1403638217.595097065 2.45468 0.49336 0.32024 0.81243 -0.08699 0.57200 0.07217
1403638217.695096970 2.42708 0.42868 0.32655 0.81284 -0.08307 0.57086 0.08071
1403638217.795097113 2.40041 0.37011 0.33911 0.81438 -0.07859 0.56837 0.08698
1403638217.895097017 2.37528 0.31950 0.35685 0.81492 -0.07613 0.56755 0.08937
1403638217.995096922 2.35292 0.27585 0.37324 0.81275 -0.07334 0.57086 0.09043
1403638218.095097065 2.33303 0.23844 0.38075 0.81138 -0.07123 0.57303 0.09070
1403638218.195096970 2.31294 0.20897 0.38308 0.80966 -0.07081 0.57588 0.08832
1403638218.295097113 2.29298 0.18569 0.38073 0.80604 -0.06941 0.58144 0.08611
1403638218.395097017 2.27480 0.16793 0.37761 0.80387 -0.07127 0.58515 0.07942
1403638218.495096922 2.25037 0.15965 0.38278 0.80408 -0.07297 0.58536 0.07397
1403638218.595097065 2.22776 0.15455 0.39370 0.80524 -0.07327 0.58403 0.07165
1403638218.695096970 2.19782 0.15658 0.41039 0.80905 -0.07519 0.57880 0.06908
1403638218.795097113 2.16810 0.16327 0.42395 0.81335 -0.08080 0.57161 0.07208
1403638218.895097017 2.14448 0.17232 0.42973 0.81516 -0.08870 0.56736 0.07578
1403638218.995096922 2.12242 0.18535 0.42958 0.81421 -0.10368 0.56737 0.06641
1403638219.095097065 2.09657 0.19868 0.42722 0.81138 -0.11562 0.56993 0.05904
1403638219.195096970 2.07729 0.21079 0.42050 0.80884 -0.11783 0.57266 0.06290
1403638219.295097113 2.05024 0.22151 0.41369 0.80325 -0.11478 0.58001 0.07210
1403638219.395097017 2.02298 0.23250 0.40524 0.79577 -0.11184 0.58995 0.07867
1403638219.495096922 1.99960 0.24464 0.39851 0.79067 -0.10941 0.59666 0.08286
1403638219.595097065 1.96945 0.25860 0.39699 0.79135 -0.11098 0.59578 0.08058
1403638219.695096970 1.92801 0.27521 0.40134 0.79377 -0.11456 0.59263 0.07476
1403638219.795097113 1.88214 0.29210 0.40294 0.79705 -0.11933 0.58816 0.06732
1403638219.895097017 1.83246 0.30713 0.39888 0.79987 -0.12509 0.58407 0.05856
1403638219.995096922 1.78103 0.31860 0.38911 0.80215 -0.13012 0.58052 0.05124
1403638220.095097065 1.72647 0.32564 0.37385 0.80439 -0.13162 0.57726 0.04902
1403638220.195096970 1.67041 0.32607 0.36416 0.80675 -0.12626 0.57441 0.05717
1403638220.295097113 1.61651 0.32270 0.36031 0.80941 -0.11594 0.57111 0.07237
1403638220.395097017 1.55765 0.31937 0.36715 0.81004 -0.11022 0.57017 0.08118
1403638220.495096922 1.49806 0.31898 0.37966 0.81032 -0.10802 0.56969 0.08465
1403638220.595097065 1.44255 0.31952 0.39364 0.80972 -0.10847 0.57033 0.08552
1403638220.695096970 1.38455 0.32171 0.40470 0.80922 -0.10931 0.57074 0.08644
1403638220.795097113 1.33073 0.32598 0.40773 0.80934 -0.11128 0.57028 0.08576
1403638220.895097017 1.27623 0.33205 0.40378 0.80918 -0.11255 0.57023 0.08599
1403638220.995096922 1.22216 0.34008 0.39232 0.80993 -0.11442 0.56893 0.08507
1403638221.095097065 1.16977 0.34933 0.37741 0.81031 -0.11537 0.56816 0.08528
1403638221.195096970 1.11213 0.35982 0.36572 0.81159 -0.11607 0.56620 0.08527
1403638221.295097113 1.06259 0.37127 0.36017 0.81297 -0.11767 0.56411 0.08374
1403638221.395097017 1.01264 0.38314 0.36072 0.81402 -0.12001 0.56242 0.08152
1403638221.495096922 0.95978 0.39481 0.36170 0.81421 -0.12208 0.56204 0.07923
1403638221.595097065 0.91296 0.40565 0.35644 0.81338 -0.12406 0.56302 0.07772
1403638221.695096970 0.86893 0.41553 0.34654 0.81165 -0.12457 0.56548 0.07706
1403638221.795097113 0.82875 0.42155 0.33943 0.80954 -0.12576 0.56854 0.07485
1403638221.895097017 0.78740 0.42914 0.33684 0.80845 -0.12379 0.57024 0.07692
1403638221.995096922 0.74815 0.43391 0.34575 0.80789 -0.12046 0.57120 0.08079
1403638222.095097065 0.70995 0.43924 0.35893 0.80965 -0.11804 0.56874 0.08407
1403638222.195096970 0.67000 0.44612 0.36783 0.81350 -0.11810 0.56316 0.08433
1403638222.295097113 0.63154 0.45397 0.37116 0.81692 -0.11930 0.55809 0.08335
1403638222.395097017 0.59927 0.46054 0.36999 0.81982 -0.12025 0.55374 0.08246
1403638222.495096922 0.56791 0.46812 0.36290 0.82211 -0.12029 0.55037 0.08213
1403638222.595097065 0.54296 0.47461 0.35188 0.81836 -0.11993 0.55598 0.08240
1403638222.695096970 0.52040 0.48088 0.33905 0.81300 -0.12050 0.56379 0.08154
1403638222.795097113 0.49968 0.48706 0.32338 0.81064 -0.11993 0.56716 0.08247
1403638222.895097017 0.47956 0.49338 0.30740 0.80509 -0.11852 0.57509 0.08403
1403638222.995096922 0.46669 0.49879 0.28852 0.80044 -0.11855 0.58165 0.08321
1403638223.095097065 0.44160 0.50734 0.27542 0.80320 -0.11826 0.57788 0.08331
1403638223.195096970 0.41760 0.51490 0.26613 0.81221 -0.12056 0.56505 0.08064
1403638223.295097113 0.39009 0.52479 0.26059 0.81972 -0.12498 0.55395 0.07475
1403638223.395097017 0.36048 0.53099 0.25651 0.81780 -0.12734 0.55663 0.07176
1403638223.495096922 0.33427 0.53629 0.25007 0.81264 -0.13428 0.56373 0.06159
1403638223.595097065 0.31286 0.53701 0.24028 0.81014 -0.13510 0.56724 0.06059
1403638223.695096970 0.28840 0.53365 0.23077 0.81010 -0.12791 0.56770 0.07141
1403638223.795097113 0.26580 0.52984 0.21747 0.81128 -0.12081 0.56611 0.08213
1403638223.895097017 0.24497 0.52580 0.20356 0.81198 -0.11683 0.56514 0.08751
1403638223.995096922 0.22673 0.52230 0.18945 0.81241 -0.11417 0.56449 0.09118
1403638224.095097065 0.20779 0.52149 0.17052 0.81640 -0.11455 0.55876 0.09033
1403638224.195096970 0.19205 0.52220 0.15048 0.82269 -0.11622 0.54951 0.08787
1403638224.295097113 0.18678 0.52018 0.13628 0.82209 -0.11642 0.55048 0.08712
1403638224.395097017 0.18727 0.52476 0.12631 0.81586 -0.11877 0.55952 0.08484
1403638224.495096922 0.18710 0.52948 0.11403 0.80822 -0.12193 0.57053 0.08010
1403638224.595097065 0.18695 0.53416 0.10306 0.80494 -0.12037 0.57520 0.08200
1403638224.695096970 0.18464 0.53968 0.08907 0.81244 -0.12021 0.56453 0.08244
1403638224.795097113 0.18128 0.54631 0.07641 0.82115 -0.12100 0.55171 0.08179
1403638224.895097017 0.18362 0.55268 0.07252 0.81733 -0.12343 0.55739 0.07777
1403638224.995096922 0.19007 0.55795 0.07509 0.80923 -0.12795 0.56911 0.07001
1403638225.095097065 0.19587 0.56068 0.07855 0.80544 -0.12751 0.57463 0.06929
1403638225.195096970 0.20002 0.56041 0.08326 0.80896 -0.12285 0.57002 0.07467
1403638225.295097113 0.20196 0.56012 0.08787 0.81637 -0.11983 0.55959 0.07776
1403638225.395097017 0.20591 0.55923 0.09411 0.81563 -0.11762 0.56080 0.08015
1403638225.495096922 0.21196 0.55834 0.09492 0.80755 -0.11580 0.57238 0.08263
1403638225.595097065 0.21738 0.55788 0.08905 0.79680 -0.11398 0.58716 0.08577
1403638225.695096970 0.21890 0.55939 0.07491 0.79170 -0.11291 0.59403 0.08710
1403638225.795097113 0.21510 0.56331 0.04930 0.79888 -0.11364 0.58434 0.08613
1403638225.895097017 0.20848 0.56930 0.01596 0.81139 -0.11441 0.56683 0.08520
1403638225.995096922 0.20238 0.57692 -0.02075 0.81965 -0.11741 0.55484 0.08091
1403638226.095097065 0.20731 0.58775 -0.01990 0.82282 -0.12747 0.55042 0.06131
1403638226.195096970 0.21606 0.59593 -0.01737 0.82805 -0.12491 0.54307 0.06167
1403638226.295097113 0.21776 0.60327 -0.02256 0.81982 -0.12360 0.55412 0.07469
1403638226.395097017 0.21845 0.61119 -0.03457 0.82459 -0.11280 0.54844 0.08095
1403638226.495096922 0.22121 0.61178 -0.03682 0.82436 -0.11493 0.54837 0.08064
1403638226.595097065 0.22634 0.61008 -0.04269 0.82400 -0.11452 0.54891 0.08124
1403638226.695096970 0.22634 0.60946 -0.04261 0.82436 -0.11437 0.54839 0.08132
1403638226.795097113 0.22625 0.60959 -0.04257 0.82423 -0.11435 0.54857 0.08149
1403638226.895097017 0.22582 0.60949 -0.04235 0.82444 -0.11451 0.54827 0.08116
1403638226.995096922 0.22571 0.60956 -0.04229 0.82457 -0.11525 0.54806 0.08017
1403638227.095097065 0.22564 0.60957 -0.04225 0.82455 -0.11537 0.54810 0.07999
1403638227.195096970 0.22553 0.60929 -0.04212 0.82459 -0.11519 0.54805 0.08018
1403638227.295097113 0.22544 0.60912 -0.04201 0.82467 -0.11491 0.54795 0.08034
1403638227.395097017 0.22525 0.60901 -0.04187 0.82474 -0.11475 0.54788 0.08044
1403638227.495096922 0.22511 0.60891 -0.04178 0.82480 -0.11487 0.54778 0.08025
1403638227.595097065 0.22493 0.60887 -0.04169 0.82481 -0.11495 0.54779 0.08003
1403638227.695096970 0.22483 0.60880 -0.04160 0.82488 -0.11507 0.54768 0.07985
1403638227.795097113 0.22481 0.60872 -0.04158 0.82490 -0.11510 0.54765 0.07976
1403638227.895097017 0.22482 0.60865 -0.04158 0.82494 -0.11502 0.54761 0.07974
1403638227.995096922 0.22472 0.60855 -0.04152 0.82495 -0.11505 0.54760 0.07970
1403638228.095097065 0.22463 0.60850 -0.04147 0.82500 -0.11500 0.54753 0.07972
1403638228.195096970 0.22456 0.60842 -0.04141 0.82500 -0.11505 0.54754 0.07965
1403638228.295097113 0.22452 0.60835 -0.04142 0.82498 -0.11513 0.54756 0.07956
1403638228.395097017 0.22452 0.60830 -0.04144 0.82501 -0.11522 0.54751 0.07946
1403638228.495096922 0.22447 0.60826 -0.04139 0.82501 -0.11519 0.54751 0.07944
1403638228.595097065 0.22442 0.60824 -0.04135 0.82509 -0.11516 0.54742 0.07933
1403638228.695096970 0.22439 0.60822 -0.04129 0.82510 -0.11519 0.54740 0.07934
1403638228.795097113 0.22434 0.60817 -0.04127 0.82515 -0.11521 0.54733 0.07932
