1403638131.295097113 0.00162 -0.00290 -0.00181 0.80826 0.03492 0.58268 -0.07738
1403638131.395097017 0.01154 -0.01071 -0.01417 0.81105 0.03613 0.57898 -0.07532
1403638131.495096922 0.00950 -0.01309 -0.00888 0.80837 0.03992 0.58286 -0.07222
1403638131.595097065 0.00831 -0.01457 -0.00535 0.81011 0.04419 0.58013 -0.07225
1403638131.695096970 0.00583 -0.01581 -0.00008 0.80877 0.05106 0.58141 -0.07238
1403638131.795097113 0.00357 -0.01843 0.00836 0.80768 0.05691 0.58300 -0.06731
1403638131.895097017 0.00443 -0.00925 0.03232 0.80901 0.05914 0.58212 -0.05603
1403638131.995096922 -0.00146 -0.01660 0.06370 0.80944 0.06734 0.58099 -0.05212
1403638132.095097065 -0.00766 -0.00121 0.13811 0.81270 0.08565 0.57465 -0.04437
1403638132.195096970 -0.01679 0.00278 0.22773 0.80963 0.09767 0.57661 -0.04987
1403638132.295097113 -0.02718 0.01642 0.35750 0.80093 0.08985 0.58857 -0.06346
1403638132.395097017 -0.03817 0.02784 0.50597 0.79592 0.08479 0.59442 -0.07737
1403638132.495096922 -0.06731 0.03073 0.65837 0.78391 0.08076 0.60643 -0.10589
1403638132.595097065 -0.10522 0.03983 0.81208 0.76740 0.07056 0.62358 -0.13142
1403638132.695096970 -0.15398 0.05295 0.95263 0.76360 0.07398 0.62454 -0.14625
1403638132.795097113 -0.20857 0.08117 1.08997 0.76571 0.07782 0.61973 -0.15349
1403638132.895097017 -0.27762 0.09215 1.21979 0.75438 0.07525 0.62997 -0.16851
1403638132.995096922 -0.34892 0.09390 1.34581 0.74305 0.08092 0.63820 -0.18450
1403638133.095097065 -0.42147 0.07833 1.46846 0.74208 0.10284 0.63654 -0.18318
