1403715894.034058094 -0.01680 0.02966 0.04474 0.81805 -0.03505 0.57326 0.03063
1403715894.134057999 -0.02369 0.05026 0.07151 0.82581 -0.03491 0.56174 0.03548
1403715894.234057903 -0.02467 0.06739 0.09612 0.82148 -0.02846 0.56758 0.04709
1403715894.334058046 -0.02447 0.08387 0.12482 0.81671 -0.02068 0.57368 0.05877
1403715894.434057951 -0.02535 0.10844 0.15976 0.81486 -0.01788 0.57570 0.06527
1403715894.534058094 -0.02746 0.14084 0.18764 0.81873 -0.02117 0.57031 0.06311
1403715894.634057999 -0.02615 0.17913 0.20806 0.82207 -0.02472 0.56564 0.06039
1403715894.734057903 -0.02348 0.22196 0.22320 0.82358 -0.02984 0.56384 0.05392
1403715894.834058046 -0.01814 0.26876 0.24302 0.82059 -0.03429 0.56850 0.04758
1403715894.934057951 -0.00939 0.31954 0.27204 0.81651 -0.03573 0.57445 0.04515
1403715895.034058094 -0.00059 0.37132 0.30438 0.81417 -0.03680 0.57785 0.04318
1403715895.134057999 0.00837 0.42190 0.33311 0.81375 -0.03789 0.57843 0.04236
1403715895.234057903 0.01640 0.47296 0.35829 0.81397 -0.03999 0.57815 0.03999
1403715895.334058046 0.02467 0.52246 0.38214 0.81388 -0.04055 0.57826 0.03947
1403715895.434057951 0.03195 0.57353 0.40436 0.81358 -0.04073 0.57866 0.03984
1403715895.534058094 0.03933 0.62519 0.42686 0.81411 -0.04131 0.57789 0.03953
1403715895.634057999 0.04947 0.67703 0.45056 0.81439 -0.04181 0.57745 0.03967
1403715895.734057903 0.05673 0.72843 0.47251 0.81485 -0.04251 0.57676 0.03940
1403715895.834058046 0.06426 0.77971 0.49375 0.81503 -0.04298 0.57648 0.03936
1403715895.934057951 0.07354 0.83090 0.51478 0.81494 -0.04313 0.57661 0.03906
1403715896.034058094 0.08325 0.88186 0.53484 0.81541 -0.04523 0.57598 0.03621
1403715896.134057999 0.09565 0.93032 0.55264 0.81607 -0.04919 0.57510 0.02953
1403715896.234057903 0.10404 0.97791 0.56943 0.81478 -0.05673 0.57669 0.01853
1403715896.334058046 0.11133 1.01959 0.58663 0.81090 -0.06767 0.58125 0.00231
1403715896.434057951 0.11612 1.05194 0.60419 0.80811 -0.07637 0.58396 -0.01092
1403715896.534058094 0.11759 1.06943 0.62144 0.80503 -0.08226 0.58714 -0.02065
1403715896.634057999 0.11584 1.07595 0.64062 0.80085 -0.08610 0.59203 -0.02687
1403715896.734057903 0.10796 1.06333 0.66092 0.79854 -0.08785 0.59469 -0.03096
1403715896.834058046 0.09551 1.03797 0.68073 0.80157 -0.09002 0.58995 -0.03667
1403715896.934057951 0.07890 1.00019 0.69982 0.80430 -0.09517 0.58479 -0.04534
1403715897.034058094 0.05858 0.94448 0.71825 0.80579 -0.10367 0.58007 -0.05883
1403715897.134057999 0.03610 0.86951 0.74080 0.80635 -0.10823 0.57775 -0.06544
1403715897.234057903 0.01348 0.77185 0.76570 0.80818 -0.10421 0.57663 -0.05899
1403715897.334058046 -0.01114 0.65187 0.79107 0.81286 -0.08607 0.57497 -0.03557
1403715897.434057951 -0.03464 0.51875 0.81571 0.81785 -0.06526 0.57166 -0.00877
1403715897.534058094 -0.05490 0.37928 0.83975 0.81950 -0.05278 0.57061 0.00518
1403715897.634057999 -0.07064 0.23675 0.85966 0.81961 -0.05273 0.57049 0.00175
1403715897.734057903 -0.08561 0.09205 0.87719 0.81845 -0.05935 0.57145 -0.00835
1403715897.834058046 -0.10043 -0.05772 0.89507 0.81584 -0.06459 0.57444 -0.01583
1403715897.934057951 -0.10795 -0.21680 0.91075 0.81208 -0.06177 0.58003 -0.01626
1403715898.034058094 -0.12131 -0.37985 0.92853 0.80788 -0.05630 0.58658 -0.00955
1403715898.134057999 -0.13851 -0.54773 0.94597 0.79991 -0.05155 0.59790 0.00185
1403715898.234057903 -0.15920 -0.71738 0.96074 0.79375 -0.05283 0.60579 0.01413
1403715898.334058046 -0.18598 -0.88678 0.97016 0.79356 -0.05963 0.60492 0.02791
1403715898.434057951 -0.21453 -1.05588 0.97125 0.79839 -0.07130 0.59655 0.04024
1403715898.534058094 -0.24885 -1.22206 0.97070 0.80476 -0.08747 0.58479 0.05219
1403715898.634057999 -0.28329 -1.38674 0.96764 0.80837 -0.10460 0.57560 0.06549
1403715898.734057903 -0.31510 -1.54914 0.95568 0.80439 -0.12232 0.57595 0.07921
1403715898.834058046 -0.34924 -1.70554 0.93126 0.80340 -0.13748 0.57211 0.09133
1403715898.934057951 -0.37699 -1.86667 0.89496 0.80337 -0.14856 0.56816 0.09861
1403715899.034058094 -0.40714 -2.01620 0.84818 0.80272 -0.15604 0.56594 0.10484
1403715899.134057999 -0.43234 -2.17496 0.79366 0.80616 -0.16124 0.55924 0.10660
1403715899.234057903 -0.45251 -2.32762 0.74021 0.81370 -0.16124 0.54732 0.11104
1403715899.334058046 -0.46437 -2.47185 0.69579 0.82238 -0.15803 0.53446 0.11436
1403715899.434057951 -0.47024 -2.60800 0.66568 0.82924 -0.15255 0.52407 0.12014
1403715899.534058094 -0.46271 -2.73578 0.65063 0.83027 -0.15022 0.52322 0.11974
1403715899.634057999 -0.44375 -2.85843 0.63866 0.83038 -0.15013 0.52391 0.11595
1403715899.734057903 -0.41353 -2.97786 0.63006 0.82988 -0.14637 0.52565 0.11651
1403715899.834058046 -0.36816 -3.09529 0.62060 0.82652 -0.13729 0.53202 0.12233
1403715899.934057951 -0.31607 -3.20781 0.61421 0.82218 -0.12542 0.53905 0.13311
1403715900.034058094 -0.25525 -3.31145 0.60787 0.81966 -0.11470 0.54262 0.14341
1403715900.134057999 -0.18599 -3.40387 0.60167 0.81864 -0.10859 0.54396 0.14877
1403715900.234057903 -0.11032 -3.48062 0.59557 0.81784 -0.10384 0.54490 0.15306
1403715900.334058046 -0.02793 -3.54588 0.59089 0.81801 -0.10152 0.54463 0.15469
1403715900.434057951 0.06198 -3.59282 0.58684 0.81841 -0.10213 0.54431 0.15330
1403715900.534058094 0.15737 -3.62372 0.58473 0.81454 -0.11569 0.55230 0.13459
1403715900.634057999 0.25782 -3.64494 0.58596 0.80485 -0.12693 0.56742 0.11891
1403715900.734057903 0.35866 -3.66001 0.58847 0.79087 -0.13809 0.58718 0.10331
1403715900.834058046 0.45456 -3.67151 0.59237 0.77608 -0.13802 0.60648 0.10405
1403715900.934057951 0.54188 -3.67826 0.59777 0.76646 -0.13450 0.61823 0.11062
1403715901.034058094 0.61549 -3.67849 0.60602 0.75704 -0.13200 0.62953 0.11474
1403715901.134057999 0.67388 -3.67063 0.61704 0.74820 -0.13051 0.63980 0.11759
1403715901.234057903 0.71483 -3.65380 0.63097 0.74074 -0.13101 0.64814 0.11860
1403715901.334058046 0.73866 -3.62755 0.64765 0.73947 -0.13468 0.64920 0.11656
1403715901.434057951 0.74571 -3.59319 0.66380 0.74868 -0.14111 0.63824 0.11052
1403715901.534058094 0.73242 -3.55254 0.67784 0.76147 -0.14564 0.62237 0.10773
1403715901.634057999 0.71236 -3.50764 0.69492 0.76676 -0.14564 0.61528 0.11090
1403715901.734057903 0.67946 -3.45808 0.71117 0.77089 -0.14672 0.60982 0.11103
1403715901.834058046 0.63802 -3.40551 0.72492 0.77833 -0.14795 0.60012 0.11026
1403715901.934057951 0.59062 -3.35015 0.73717 0.78356 -0.14808 0.59337 0.10965
1403715902.034058094 0.53817 -3.28922 0.74528 0.78479 -0.14820 0.59192 0.10850
1403715902.134057999 0.48179 -3.22823 0.75467 0.78379 -0.14508 0.59340 0.11181
1403715902.234057903 0.42160 -3.16488 0.76188 0.78561 -0.13903 0.59122 0.11809
1403715902.334058046 0.35913 -3.09767 0.76683 0.79132 -0.13479 0.58374 0.12205
1403715902.434057951 0.29586 -3.02539 0.77259 0.79604 -0.13295 0.57755 0.12277
1403715902.534058094 0.23333 -2.94694 0.77794 0.80020 -0.13934 0.57236 0.11254
1403715902.634057999 0.17272 -2.86507 0.78382 0.80470 -0.14301 0.56731 0.10076
1403715902.734057903 0.11481 -2.78215 0.78743 0.81121 -0.13976 0.56093 0.08811
1403715902.834058046 0.05500 -2.70488 0.78027 0.81877 -0.12880 0.55441 0.07516
1403715902.934057951 0.00833 -2.62626 0.76358 0.82570 -0.11276 0.54897 0.06431
1403715903.034058094 -0.03287 -2.54944 0.74418 0.82870 -0.09050 0.54940 0.05676
1403715903.134057999 -0.06581 -2.47514 0.72661 0.83009 -0.06464 0.55155 0.05073
1403715903.234057903 -0.09582 -2.39882 0.71094 0.83114 -0.04363 0.55258 0.04418
1403715903.334058046 -0.11434 -2.32393 0.69640 0.83583 -0.03314 0.54700 0.03279
1403715903.434057951 -0.12743 -2.24567 0.68613 0.84106 -0.02413 0.54007 0.01910
1403715903.534058094 -0.12704 -2.16707 0.69025 0.84367 -0.01064 0.53672 0.00544
1403715903.634057999 -0.11194 -2.09146 0.70986 0.84369 0.00816 0.53669 -0.00882
1403715903.734057903 -0.08356 -2.02177 0.74679 0.83983 0.03108 0.54143 -0.02390
1403715903.834058046 -0.04477 -1.95210 0.79537 0.83192 0.05196 0.55036 -0.04814
1403715903.934057951 0.00195 -1.88663 0.85428 0.82179 0.07792 0.55959 -0.07379
1403715904.034058094 0.05304 -1.82343 0.91188 0.81118 0.10864 0.56600 -0.09912
1403715904.134057999 0.10432 -1.76175 0.96710 0.80213 0.14006 0.56666 -0.12598
1403715904.234057903 0.15543 -1.70703 1.01839 0.79379 0.17698 0.56318 -0.14628
1403715904.334058046 0.20265 -1.64942 1.06769 0.78108 0.21766 0.56306 -0.15969
1403715904.434057951 0.25338 -1.59967 1.10824 0.76692 0.25292 0.56319 -0.17514
1403715904.534058094 0.30407 -1.54591 1.13569 0.75390 0.28430 0.56233 -0.18602
1403715904.634057999 0.34397 -1.49114 1.15360 0.73772 0.31560 0.56358 -0.19633
1403715904.734057903 0.38088 -1.43452 1.15879 0.72389 0.34099 0.55937 -0.21639
1403715904.834058046 0.40752 -1.37657 1.15160 0.71415 0.36308 0.54487 -0.24754
1403715904.934057951 0.42377 -1.31838 1.13551 0.69864 0.38822 0.53246 -0.27870
1403715905.034058094 0.44552 -1.26394 1.10414 0.67815 0.41545 0.52223 -0.30789
1403715905.134057999 0.45486 -1.21563 1.06289 0.65254 0.44215 0.51631 -0.33484
1403715905.234057903 0.45927 -1.17479 1.01499 0.62684 0.46807 0.51260 -0.35386
1403715905.334058046 0.45865 -1.14762 0.96485 0.61252 0.49780 0.49699 -0.36057
1403715905.434057951 0.44633 -1.13001 0.91570 0.60034 0.52551 0.47902 -0.36602
1403715905.534058094 0.42332 -1.12421 0.86972 0.58831 0.55117 0.45884 -0.37359
1403715905.634057999 0.39171 -1.12187 0.82603 0.57881 0.57015 0.43270 -0.39074
1403715905.734057903 0.35313 -1.12444 0.78654 0.56774 0.58703 0.40173 -0.41435
1403715905.834058046 0.31436 -1.13240 0.74795 0.54928 0.60831 0.37254 -0.43527
1403715905.934057951 0.27634 -1.13942 0.70995 0.52757 0.63793 0.34021 -0.44607
1403715906.034058094 0.23988 -1.14404 0.67389 0.49870 0.67133 0.31171 -0.45106
1403715906.134057999 0.20506 -1.13938 0.64196 0.45934 0.69998 0.29451 -0.46076
1403715906.234057903 0.16773 -1.13026 0.61542 0.41013 0.72285 0.28807 -0.47571
1403715906.334058046 0.12577 -1.12176 0.58965 0.36586 0.74353 0.27250 -0.48894
1403715906.434057951 0.07636 -1.11331 0.56423 -0.32454 -0.76151 -0.25294 0.50080
1403715906.534058094 0.02231 -1.10759 0.53945 -0.28465 -0.77322 -0.23202 0.51698
1403715906.634057999 -0.03695 -1.09773 0.52251 -0.25207 -0.78176 -0.20232 0.53327
1403715906.734057903 -0.10134 -1.09349 0.51938 -0.22233 -0.78806 -0.16718 0.54917
1403715906.834058046 -0.16475 -1.09324 0.52582 -0.18980 -0.79539 -0.13223 0.56021
1403715906.934057951 -0.22413 -1.09682 0.52834 -0.15189 -0.80055 -0.10141 0.57075
1403715907.034058094 -0.28045 -1.10220 0.52005 -0.11006 -0.80432 -0.07453 0.57914
1403715907.134057999 -0.33258 -1.11018 0.50410 -0.06052 -0.81018 -0.05510 0.58044
1403715907.234057903 -0.38217 -1.12256 0.49682 -0.00991 -0.81318 -0.03101 0.58110
1403715907.334058046 -0.42877 -1.14117 0.50321 0.03763 -0.81336 -0.00054 0.58054
1403715907.434057951 -0.46794 -1.16693 0.52255 0.08592 -0.80913 0.02666 0.58070
1403715907.534058094 -0.50818 -1.19872 0.54601 0.12995 -0.80384 0.05094 0.57824
1403715907.634057999 -0.53973 -1.23538 0.57015 0.16671 -0.79760 0.07699 0.57456
1403715907.734057903 -0.56194 -1.27571 0.59471 0.19652 -0.78761 0.10632 0.57424
1403715907.834058046 -0.58317 -1.32235 0.61631 0.22409 -0.77567 0.13535 0.57428
1403715907.934057951 -0.59581 -1.37060 0.63496 0.24877 -0.76464 0.16773 0.57036
1403715908.034058094 -0.60003 -1.41785 0.65144 0.27585 -0.75296 0.20017 0.56293
1403715908.134057999 -0.59427 -1.45987 0.66608 0.30672 -0.73827 0.23089 0.55459
1403715908.234057903 -0.58509 -1.50073 0.67675 0.34128 -0.72272 0.25911 0.54228
1403715908.334058046 -0.56836 -1.53558 0.68664 0.37693 -0.70574 0.28616 0.52723
1403715908.434057951 -0.54830 -1.56746 0.69695 0.41234 -0.68679 0.31225 0.51068
1403715908.534058094 -0.52543 -1.59354 0.70640 -0.44832 0.66409 -0.33741 -0.49412
1403715908.634057999 -0.49857 -1.61340 0.71704 -0.48482 0.63744 -0.36090 -0.47788
1403715908.734057903 -0.46507 -1.62164 0.72710 -0.51808 0.60721 -0.38497 -0.46334
1403715908.834058046 -0.43053 -1.62413 0.73392 -0.54616 0.57889 -0.41010 -0.44544
1403715908.934057951 -0.39608 -1.62065 0.73556 0.57549 -0.55454 0.42834 0.42169
1403715909.034058094 -0.36095 -1.60975 0.73549 0.60745 -0.52820 0.43856 0.39958
1403715909.134057999 -0.32417 -1.59449 0.73428 0.63652 -0.50094 0.44686 0.37976
1403715909.234057903 -0.28493 -1.57637 0.73026 0.66031 -0.47565 0.45704 0.35896
1403715909.334058046 -0.24143 -1.55606 0.72383 0.67934 -0.45089 0.46932 0.33902
1403715909.434057951 -0.19444 -1.53448 0.71541 0.69718 -0.42458 0.47902 0.32282
1403715909.534058094 -0.14419 -1.50853 0.70254 0.71476 -0.39271 0.48726 0.31221
1403715909.634057999 -0.08625 -1.48013 0.68684 0.73257 -0.35952 0.49597 0.29684
1403715909.734057903 -0.02298 -1.44610 0.66978 0.74729 -0.32660 0.51035 0.27281
1403715909.834058046 0.04513 -1.40463 0.65013 0.76101 -0.29069 0.52671 0.24277
1403715909.934057951 0.11866 -1.35664 0.62924 0.76897 -0.25180 0.55055 0.20535
1403715910.034058094 0.18961 -1.29984 0.60877 0.77527 -0.20653 0.57315 0.16674
1403715910.134057999 0.25473 -1.24010 0.58405 0.78479 -0.15701 0.58555 0.12880
1403715910.234057903 0.31488 -1.17288 0.55988 0.79556 -0.10872 0.58870 0.09321
1403715910.334058046 0.36724 -1.10653 0.53527 0.80075 -0.06471 0.59242 0.06033
1403715910.434057951 0.40942 -1.03798 0.51413 0.79887 -0.02447 0.60013 0.03245
1403715910.534058094 0.44005 -0.96997 0.49486 0.79311 0.01282 0.60889 0.00741
1403715910.634057999 0.46212 -0.89943 0.47784 0.78944 0.04612 0.61184 -0.01743
1403715910.734057903 0.47491 -0.82849 0.46307 0.78805 0.07627 0.60935 -0.04294
1403715910.834058046 0.47679 -0.75757 0.45209 0.78453 0.10578 0.60733 -0.06694
1403715910.934057951 0.46975 -0.68648 0.44215 0.78066 0.13442 0.60342 -0.09162
1403715911.034058094 0.44992 -0.61934 0.43270 0.77615 0.16200 0.59792 -0.11765
1403715911.134057999 0.42050 -0.55540 0.42392 0.76542 0.18873 0.59803 -0.14444
1403715911.234057903 0.38373 -0.49301 0.41426 0.75437 0.21660 0.59581 -0.17036
1403715911.334058046 0.33796 -0.43535 0.40534 0.74637 0.24622 0.58693 -0.19447
1403715911.434057951 0.28422 -0.38329 0.39439 0.73989 0.27470 0.57416 -0.21779
1403715911.534058094 0.22439 -0.33609 0.37989 0.73665 0.30133 0.55643 -0.23861
1403715911.634057999 0.15667 -0.29609 0.36687 0.73376 0.33057 0.53713 -0.25261
1403715911.734057903 0.08778 -0.26574 0.35882 0.72558 0.36233 0.52369 -0.26077
1403715911.834058046 0.01784 -0.23043 0.36295 0.71412 0.39057 0.51437 -0.27003
1403715911.934057951 -0.05587 -0.19915 0.37984 0.70173 0.41355 0.50674 -0.28244
1403715912.034058094 -0.12743 -0.16812 0.40913 0.69138 0.43101 0.49817 -0.29673
1403715912.134057999 -0.20198 -0.13847 0.44274 0.68335 0.44344 0.48862 -0.31247
1403715912.234057903 -0.27839 -0.11117 0.47543 0.67516 0.45535 0.47969 -0.32666
1403715912.334058046 -0.35234 -0.08682 0.50620 0.66560 0.46760 0.47217 -0.33969
1403715912.434057951 -0.42388 -0.06540 0.53483 0.65602 0.48172 0.46338 -0.35053
1403715912.534058094 -0.49802 -0.04523 0.56154 0.64470 0.49703 0.45398 -0.36226
1403715912.634057999 -0.57226 -0.02492 0.58763 0.63174 0.51456 0.44193 -0.37527
1403715912.734057903 -0.64363 -0.00808 0.61317 0.61429 0.53474 0.42942 -0.39026
1403715912.834058046 -0.71652 0.00726 0.63898 0.59256 0.55836 0.41389 -0.40719
1403715912.934057951 -0.78829 0.01998 0.65580 0.56648 0.58470 0.39561 -0.42512
1403715913.034058094 -0.85962 0.03042 0.65780 0.53934 0.60938 0.37566 -0.44345
1403715913.134057999 -0.93211 0.03982 0.64751 0.51046 0.63320 0.35706 -0.45935
1403715913.234057903 -1.00797 0.04702 0.63365 0.47979 0.65213 0.34098 -0.47775
1403715913.334058046 -1.07582 0.04997 0.62043 0.44547 0.66936 0.33381 -0.49202
1403715913.434057951 -1.14166 0.04958 0.60855 0.41506 0.68328 0.33346 -0.49965
1403715913.534058094 -1.20478 0.03503 0.59805 -0.39100 -0.69048 -0.33866 0.50563
1403715913.634057999 -1.26642 0.01412 0.58673 -0.36851 -0.69705 -0.35308 0.50364
1403715913.734057903 -1.33478 -0.01822 0.57923 -0.35784 -0.70059 -0.36026 0.50134
1403715913.834058046 -1.40883 -0.06160 0.57009 0.36284 0.70471 0.35296 -0.49714
1403715913.934057951 -1.49240 -0.11960 0.56505 0.37388 0.70846 0.34153 -0.49159
1403715914.034058094 -1.58229 -0.19110 0.56268 0.38228 0.70943 0.33548 -0.48788
1403715914.134057999 -1.67597 -0.27051 0.56486 0.38643 0.70941 0.33729 -0.48336
1403715914.234057903 -1.77565 -0.35651 0.56719 0.40162 0.70547 0.32952 -0.48211
1403715914.334058046 -1.87847 -0.44640 0.57052 0.42656 0.70223 0.31653 -0.47405
1403715914.434057951 -1.98212 -0.53540 0.57678 0.45179 0.70042 0.30731 -0.45920
1403715914.534058094 -2.08837 -0.62143 0.58443 0.47261 0.69684 0.30628 -0.44411
1403715914.634057999 -2.19748 -0.69965 0.59292 0.49535 0.68806 0.30512 -0.43371
1403715914.734057903 -2.30885 -0.76840 0.59957 0.52543 0.67323 0.29669 -0.42739
1403715914.834058046 -2.41755 -0.82309 0.60384 0.55949 0.65376 0.27890 -0.42636
1403715914.934057951 -2.51651 -0.85976 0.60956 0.58426 0.63765 0.26599 -0.42579
1403715915.034058094 -2.60277 -0.87335 0.61558 0.59835 0.62607 0.26133 -0.42629
1403715915.134057999 -2.67962 -0.86821 0.62372 0.60547 0.61873 0.26077 -0.42729
1403715915.234057903 -2.73975 -0.84168 0.63336 0.60117 0.61453 0.27363 -0.43136
1403715915.334058046 -2.78458 -0.79639 0.64648 0.58203 0.61757 0.30423 -0.43278
1403715915.434057951 -2.82049 -0.73782 0.65009 0.56147 0.62396 0.33231 -0.43011
1403715915.534058094 -2.85328 -0.67209 0.63762 0.54843 0.62699 0.34798 -0.43014
1403715915.634057999 -2.88191 -0.60256 0.61110 0.53723 0.63092 0.35987 -0.42874
1403715915.734057903 -2.90886 -0.53124 0.58099 0.53088 0.63580 0.36403 -0.42592
1403715915.834058046 -2.94012 -0.45749 0.54829 0.53398 0.63978 0.35541 -0.42335
1403715915.934057951 -2.97143 -0.38120 0.51527 0.53753 0.64396 0.34600 -0.42032
1403715916.034058094 -3.00189 -0.29847 0.48482 0.53571 0.64279 0.34502 -0.42521
1403715916.134057999 -3.03279 -0.21272 0.45491 0.53532 0.63808 0.35026 -0.42849
1403715916.234057903 -3.06038 -0.12362 0.42544 0.54068 0.62697 0.36070 -0.42950
1403715916.334058046 -3.08710 -0.03301 0.39627 0.55225 0.61234 0.37420 -0.42431
1403715916.434057951 -3.11311 0.05733 0.36850 0.56871 0.59337 0.38662 -0.41834
1403715916.534058094 -3.13759 0.14791 0.34011 0.59067 0.57270 0.39541 -0.40838
1403715916.634057999 -3.15765 0.23644 0.31477 0.61301 0.55012 0.40533 -0.39661
1403715916.734057903 -3.17550 0.32609 0.28826 0.63514 0.52560 0.41063 -0.38952
1403715916.834058046 -3.18717 0.41490 0.26516 0.65359 0.50362 0.41274 -0.38579
1403715916.934057951 -3.19201 0.50416 0.24583 0.66786 0.48127 0.41359 -0.38895
1403715917.034058094 -3.18360 0.58887 0.23241 0.67620 0.46405 0.41720 -0.39161
1403715917.134057999 -3.16240 0.67312 0.22733 0.67039 0.45214 0.44027 -0.39026
1403715917.234057903 -3.13118 0.75213 0.22736 0.65467 0.44773 0.48090 -0.37375
1403715917.334058046 -3.09964 0.82007 0.22399 0.64883 0.44057 0.50801 -0.35616
1403715917.434057951 -3.07151 0.87640 0.22078 0.65057 0.43370 0.51903 -0.34535
1403715917.534058094 -3.04931 0.92072 0.21634 0.66458 0.42895 0.50856 -0.34015
1403715917.634057999 -3.03069 0.95950 0.20655 0.67850 0.42328 0.49342 -0.34207
1403715917.734057903 -3.01040 0.98885 0.19427 0.68048 0.41465 0.49098 -0.35208
1403715917.834058046 -2.98906 1.00924 0.17682 0.67344 0.40940 0.49921 -0.36008
1403715917.934057951 -2.96903 1.01454 0.16501 0.66512 0.40917 0.50822 -0.36319
1403715918.034058094 -2.94731 1.00654 0.15693 0.65807 0.41465 0.51636 -0.35830
1403715918.134057999 -2.92611 0.99059 0.14886 0.65789 0.42071 0.52295 -0.34163
1403715918.234057903 -2.91056 0.96004 0.14327 0.66144 0.41593 0.52968 -0.33005
1403715918.334058046 -2.89840 0.92534 0.13019 0.67451 0.39992 0.52648 -0.32850
1403715918.434057951 -2.89066 0.87904 0.10554 0.69744 0.38221 0.51080 -0.32646
1403715918.534058094 -2.88381 0.82331 0.06971 0.71799 0.36641 0.49777 -0.32011
1403715918.634057999 -2.87218 0.76155 0.02536 0.73098 0.35384 0.49318 -0.31184
1403715918.734057903 -2.84931 0.69805 -0.01507 0.73674 0.35254 0.49540 -0.29581
1403715918.834058046 -2.82446 0.62958 -0.03950 0.73890 0.36088 0.49923 -0.27306
1403715918.934057951 -2.79826 0.56105 -0.05219 0.74498 0.37233 0.49292 -0.25178
1403715919.034058094 -2.76985 0.49751 -0.05123 0.75287 0.38035 0.48132 -0.23845
1403715919.134057999 -2.73693 0.44402 -0.04070 0.75361 0.39031 0.47845 -0.22541
1403715919.234057903 -2.70244 0.40362 -0.02520 0.74361 0.40267 0.48980 -0.21210
1403715919.334058046 -2.67060 0.37855 -0.00822 0.72783 0.41246 0.50835 -0.20427
1403715919.434057951 -2.64688 0.36790 -0.00067 0.72334 0.40768 0.51432 -0.21459
1403715919.534058094 -2.62729 0.36672 -0.00794 0.72409 0.39742 0.51432 -0.23071
1403715919.634057999 -2.61057 0.37444 -0.02900 0.72502 0.38954 0.51410 -0.24145
1403715919.734057903 -2.59792 0.38569 -0.06062 0.72506 0.38743 0.51492 -0.24299
1403715919.834058046 -2.58734 0.40311 -0.10034 0.72306 0.38928 0.51819 -0.23900
1403715919.934057951 -2.58351 0.42370 -0.14283 0.72369 0.39136 0.51705 -0.23614
1403715920.034058094 -2.58321 0.45072 -0.17822 0.72951 0.39321 0.50793 -0.23496
1403715920.134057999 -2.58637 0.48426 -0.19989 0.73442 0.39394 0.49964 -0.23620
1403715920.234057903 -2.59111 0.52486 -0.20701 0.73749 0.39275 0.49378 -0.24092
1403715920.334058046 -2.59490 0.57446 -0.19808 0.73440 0.38966 0.49414 -0.25425
1403715920.434057951 -2.59769 0.62838 -0.18037 0.72926 0.38687 0.49682 -0.26773
1403715920.534058094 -2.59849 0.68442 -0.16055 0.72253 0.38346 0.50215 -0.28064
1403715920.634057999 -2.60032 0.73836 -0.14188 0.71562 0.37930 0.50870 -0.29198
1403715920.734057903 -2.60262 0.78744 -0.12039 0.70764 0.37778 0.51540 -0.30146
1403715920.834058046 -2.60618 0.82957 -0.08837 0.70017 0.38225 0.51753 -0.30954
1403715920.934057951 -2.61049 0.86154 -0.04594 0.69741 0.39168 0.50950 -0.31721
1403715921.034058094 -2.61712 0.88490 0.00361 0.69990 0.40536 0.49144 -0.32297
1403715921.134057999 -2.62142 0.90243 0.05814 0.69886 0.42158 0.47729 -0.32566
1403715921.234057903 -2.62144 0.91682 0.11395 0.69424 0.43415 0.47134 -0.32769
1403715921.334058046 -2.61775 0.93109 0.16827 0.68927 0.44607 0.46979 -0.32439
1403715921.434057951 -2.61180 0.94535 0.22113 0.68538 0.45698 0.46944 -0.31787
1403715921.534058094 -2.60514 0.96264 0.27712 0.68351 0.46220 0.46911 -0.31483
1403715921.634057999 -2.59842 0.98236 0.34125 0.68205 0.46390 0.47028 -0.31375
1403715921.734057903 -2.59252 1.00627 0.41609 0.68367 0.46253 0.46883 -0.31442
1403715921.834058046 -2.58917 1.03385 0.49481 0.68633 0.45651 0.46662 -0.32064
1403715921.934057951 -2.58365 1.06173 0.56179 0.68790 0.45138 0.46630 -0.32498
1403715922.034058094 -2.57633 1.09043 0.61969 0.68855 0.44876 0.46782 -0.32504
1403715922.134057999 -2.56833 1.11827 0.67766 0.68646 0.44539 0.47305 -0.32654
1403715922.234057903 -2.55808 1.14544 0.74579 0.68284 0.44053 0.47982 -0.33081
1403715922.334058046 -2.54792 1.16920 0.82572 0.67871 0.43811 0.48637 -0.33294
1403715922.434057951 -2.53885 1.18783 0.90807 0.67531 0.44136 0.49113 -0.32856
1403715922.534058094 -2.53069 1.20234 0.98803 0.67490 0.44165 0.49088 -0.32939
1403715922.634057999 -2.52471 1.21316 1.06478 0.67479 0.43836 0.49012 -0.33508
1403715922.734057903 -2.51907 1.21807 1.12988 0.67445 0.43814 0.49014 -0.33602
1403715922.834058046 -2.51430 1.21995 1.18190 0.67309 0.44235 0.49160 -0.33108
1403715922.934057951 -2.51138 1.21955 1.21960 0.67222 0.44635 0.49250 -0.32610
1403715923.034058094 -2.51218 1.21995 1.25254 0.67127 0.44865 0.49378 -0.32294
1403715923.134057999 -2.51625 1.21491 1.28215 0.67226 0.45079 0.49246 -0.31991
1403715923.234057903 -2.52476 1.20742 1.31806 0.67588 0.45418 0.48746 -0.31512
1403715923.334058046 -2.53687 1.19937 1.36606 0.68136 0.45418 0.47930 -0.31581
1403715923.434057951 -2.55095 1.19414 1.41773 0.68746 0.44874 0.47000 -0.32423
1403715923.534058094 -2.56270 1.18680 1.45614 0.69243 0.44149 0.46214 -0.33474
1403715923.634057999 -2.57083 1.17938 1.48003 0.69525 0.43446 0.45719 -0.34475
1403715923.734057903 -2.57431 1.16958 1.47952 0.69567 0.42965 0.45563 -0.35192
1403715923.834058046 -2.57389 1.15676 1.45297 0.69274 0.42665 0.45937 -0.35646
1403715923.934057951 -2.56509 1.14089 1.41707 0.68499 0.42367 0.47001 -0.36108
1403715924.034058094 -2.55144 1.12122 1.36558 0.67746 0.42421 0.48045 -0.36093
1403715924.134057999 -2.53648 1.09361 1.30658 0.67180 0.42805 0.48907 -0.35534
1403715924.234057903 -2.52125 1.05575 1.24757 0.67037 0.43324 0.49168 -0.34808
1403715924.334058046 -2.50586 1.01147 1.18984 0.67198 0.43758 0.49012 -0.34171
1403715924.434057951 -2.49084 0.96304 1.13372 0.67680 0.44141 0.48442 -0.33532
1403715924.534058094 -2.47557 0.91221 1.07831 0.68423 0.44567 0.47512 -0.32783
1403715924.634057999 -2.45886 0.86134 1.02453 0.69089 0.44409 0.46787 -0.32641
1403715924.734057903 -2.43902 0.80931 0.97127 0.69952 0.43225 0.46439 -0.32890
1403715924.834058046 -2.41294 0.75704 0.91887 0.70762 0.41561 0.46839 -0.32734
1403715924.934057951 -2.37913 0.70382 0.86669 0.71611 0.39480 0.47818 -0.32040
1403715925.034058094 -2.33860 0.64581 0.81758 0.71999 0.37211 0.49839 -0.30782
1403715925.134057999 -2.29545 0.58379 0.77997 0.72048 0.34925 0.52361 -0.29116
1403715925.234057903 -2.25161 0.51553 0.75544 0.72683 0.32534 0.53899 -0.27452
1403715925.334058046 -2.21194 0.44067 0.74405 0.74056 0.29970 0.54277 -0.25913
1403715925.434057951 -2.17490 0.35843 0.74029 0.75845 0.27270 0.53930 -0.24400
1403715925.534058094 -2.13763 0.27008 0.73866 0.77619 0.24684 0.53390 -0.22705
1403715925.634057999 -2.10007 0.17540 0.73659 0.78848 0.22122 0.53475 -0.20836
1403715925.734057903 -2.05793 0.07521 0.73667 0.79583 0.19453 0.54116 -0.18963
1403715925.834058046 -2.01389 -0.03112 0.73535 0.80178 0.16703 0.54786 -0.17059
1403715925.934057951 -1.96786 -0.14110 0.73394 0.80506 0.14043 0.55689 -0.14840
1403715926.034058094 -1.92086 -0.25388 0.73145 0.80603 0.11224 0.56731 -0.12596
1403715926.134057999 -1.87525 -0.37042 0.72169 0.80294 0.07777 0.58102 -0.10799
1403715926.234057903 -1.83383 -0.49149 0.69686 0.79950 0.04208 0.59270 -0.08801
1403715926.334058046 -1.79991 -0.61858 0.66011 0.79585 0.00822 0.60205 -0.06400
1403715926.434057951 -1.77199 -0.75147 0.61805 0.79018 -0.02113 0.61156 -0.03404
1403715926.534058094 -1.75323 -0.88926 0.57449 0.78334 -0.04779 0.61975 -0.00258
1403715926.634057999 -1.74427 -1.02607 0.52665 0.78498 -0.07427 0.61447 0.02657
1403715926.734057903 -1.74550 -1.16290 0.47940 0.79104 -0.10176 0.60100 0.05196
1403715926.834058046 -1.75438 -1.29686 0.43722 0.79732 -0.12300 0.58532 0.08094
1403715926.934057951 -1.77138 -1.42535 0.40866 0.80100 -0.14304 0.57187 0.10441
1403715927.034058094 -1.78724 -1.54720 0.39323 0.80061 -0.16241 0.56358 0.12258
1403715927.134057999 -1.80336 -1.66351 0.38406 0.79315 -0.17906 0.56468 0.14135
1403715927.234057903 -1.81614 -1.77399 0.37039 0.78431 -0.18630 0.56604 0.17247
1403715927.334058046 -1.82964 -1.87456 0.36046 0.77527 -0.19180 0.56652 0.20303
1403715927.434057951 -1.84529 -1.95974 0.35484 0.76072 -0.20121 0.57421 0.22607
1403715927.534058094 -1.86189 -2.02746 0.34916 0.74157 -0.22334 0.58841 0.23231
1403715927.634057999 -1.88524 -2.07783 0.34287 0.72211 -0.25071 0.59994 0.23615
1403715927.734057903 -1.91785 -2.11691 0.33512 0.70774 -0.27899 0.59981 0.24799
1403715927.834058046 -1.96036 -2.14414 0.32422 0.69894 -0.30530 0.58660 0.27235
1403715927.934057951 -2.01360 -2.15643 0.31195 0.69143 -0.33288 0.56654 0.30025
1403715928.034058094 -2.07228 -2.15434 0.29415 0.68235 -0.36459 0.54331 0.32601
1403715928.134057999 -2.13484 -2.13398 0.26484 0.66798 -0.40502 0.52235 0.34193
1403715928.234057903 -2.20035 -2.09920 0.22397 0.64757 -0.44679 0.50338 0.35726
1403715928.334058046 -2.26698 -2.05627 0.17471 0.61743 -0.48066 0.49307 0.38029
1403715928.434057951 -2.33616 -2.00227 0.12278 0.58634 -0.50870 0.48393 0.40404
1403715928.534058094 -2.40608 -1.93420 0.06603 0.56417 -0.54018 0.46681 0.41473
1403715928.634057999 -2.47708 -1.85555 0.01201 -0.55059 0.56738 -0.44783 -0.41759
1403715928.734057903 -2.54685 -1.76751 -0.03058 -0.55024 0.58645 -0.42431 -0.41626
1403715928.834058046 -2.61720 -1.67558 -0.05551 -0.56367 0.60483 -0.39606 -0.39950
1403715928.934057951 -2.68556 -1.59015 -0.05516 -0.58382 0.61345 -0.37631 -0.37580
1403715929.034058094 -2.74765 -1.51622 -0.02569 -0.60654 0.61314 -0.36479 -0.35086
1403715929.134057999 -2.80870 -1.46720 0.02725 0.62653 -0.60803 0.35805 0.33099
1403715929.234057903 -2.86478 -1.44578 0.08189 0.64543 -0.59818 0.35134 0.31961
1403715929.334058046 -2.91729 -1.45020 0.13388 0.66172 -0.57249 0.34832 0.33625
1403715929.434057951 -2.96301 -1.46648 0.17820 0.67294 -0.53239 0.34863 0.37705
1403715929.534058094 -2.99510 -1.49307 0.21630 0.67847 -0.49239 0.34747 0.42012
1403715929.634057999 -3.00231 -1.52228 0.25271 0.67914 -0.46481 0.34423 0.45191
1403715929.734057903 -2.98184 -1.54797 0.28537 0.67056 -0.47630 0.35426 0.44497
1403715929.834058046 -2.93641 -1.56838 0.31451 0.65239 -0.50138 0.37994 0.42268
1403715929.934057951 -2.87470 -1.59139 0.33541 0.62565 -0.52456 0.41669 0.39970
1403715930.034058094 -2.80623 -1.61344 0.34544 0.60098 -0.54167 0.44714 0.38143
1403715930.134057999 -2.74016 -1.63082 0.34857 0.57989 -0.55589 0.47076 0.36483
1403715930.234057903 -2.68306 -1.64269 0.35117 -0.56383 0.56735 -0.48655 -0.35140
1403715930.334058046 -2.64150 -1.65035 0.35330 -0.55698 0.57393 -0.49048 -0.34614
1403715930.434057951 -2.61706 -1.65302 0.35371 -0.56610 0.57755 -0.47538 -0.34638
1403715930.534058094 -2.60601 -1.65526 0.34386 -0.57896 0.58133 -0.45488 -0.34633
1403715930.634057999 -2.60482 -1.65745 0.32557 0.58999 -0.58689 0.43627 0.34226
1403715930.734057903 -2.61121 -1.66758 0.31667 0.59408 -0.59293 0.42688 0.33655
1403715930.834058046 -2.63032 -1.68749 0.32073 0.59805 -0.59429 0.41863 0.33749
1403715930.934057951 -2.65511 -1.71736 0.34361 0.60843 -0.58748 0.40302 0.34965
1403715931.034058094 -2.68394 -1.75629 0.36915 0.61803 -0.58466 0.38788 0.35462
1403715931.134057999 -2.71128 -1.80615 0.38581 0.62489 -0.58779 0.37533 0.35093
1403715931.234057903 -2.73615 -1.87047 0.39902 0.62759 -0.58945 0.37028 0.34867
1403715931.334058046 -2.75822 -1.95087 0.42501 0.62544 -0.59021 0.37295 0.34842
1403715931.434057951 -2.77660 -2.04713 0.46483 0.62198 -0.58790 0.37931 0.35162
1403715931.534058094 -2.79366 -2.15611 0.50342 0.62006 -0.58468 0.38470 0.35451
1403715931.634057999 -2.80755 -2.27457 0.53043 0.62067 -0.57863 0.38788 0.35986
1403715931.734057903 -2.81801 -2.39882 0.54327 0.62291 -0.57102 0.38979 0.36605
1403715931.834058046 -2.82709 -2.52970 0.54631 0.62304 -0.56482 0.39525 0.36955
1403715931.934057951 -2.83191 -2.66664 0.55244 0.61811 -0.55533 0.40803 0.37823
1403715932.034058094 -2.83383 -2.80435 0.56067 0.61047 -0.54555 0.42354 0.38770
1403715932.134057999 -2.83419 -2.93998 0.57374 0.59919 -0.53138 0.44260 0.40337
1403715932.234057903 -2.83065 -3.06665 0.59336 0.58437 -0.51319 0.46304 0.42514
1403715932.334058046 -2.82334 -3.17873 0.61722 0.56610 -0.49596 0.48564 0.44464
1403715932.434057951 -2.81394 -3.26582 0.64204 0.55162 -0.48280 0.50195 0.45900
1403715932.534058094 -2.80360 -3.32209 0.66712 0.53972 -0.47336 0.51560 0.46774
1403715932.634057999 -2.79543 -3.34324 0.69595 0.52614 -0.46326 0.53056 0.47653
1403715932.734057903 -2.78723 -3.32076 0.72587 0.51565 -0.45518 0.54093 0.48405
1403715932.834058046 -2.78175 -3.25993 0.75518 0.51416 -0.45496 0.54055 0.48627
1403715932.934057951 -2.77833 -3.15669 0.78110 0.53289 -0.47506 0.51740 0.47185
1403715933.034058094 -2.77579 -3.02339 0.80479 0.56114 -0.50659 0.48147 0.44348
1403715933.134057999 -2.77187 -2.87040 0.83173 0.58577 -0.53427 0.44608 0.41527
1403715933.234057903 -2.76791 -2.71031 0.85612 0.60821 -0.55913 0.41103 0.38537
1403715933.334058046 -2.76272 -2.55422 0.87908 0.62639 -0.58234 0.37908 0.35329
1403715933.434057951 -2.75523 -2.41380 0.90041 0.63816 -0.60845 0.35134 0.31479
1403715933.534058094 -2.74554 -2.30145 0.92289 0.64569 -0.63253 0.32507 0.27807
1403715933.634057999 -2.74188 -2.22822 0.95120 0.65310 -0.64674 0.30182 0.25318
1403715933.734057903 -2.74070 -2.20039 0.98614 0.66128 -0.64975 0.28283 0.24606
1403715933.834058046 -2.74035 -2.22195 1.03179 0.66439 -0.64730 0.27609 0.25171
1403715933.934057951 -2.72431 -2.29541 1.09041 0.65058 -0.64174 0.29335 0.28082
1403715934.034058094 -2.72137 -2.41700 1.16265 0.62626 -0.61733 0.34098 0.33232
1403715934.134057999 -2.71607 -2.55789 1.23598 0.59293 -0.58399 0.39516 0.38889
1403715934.234057903 -2.70952 -2.69963 1.29264 0.55660 -0.54883 0.44330 0.43871
1403715934.334058046 -2.70218 -2.82724 1.32396 0.52904 -0.52061 0.47535 0.47236
1403715934.434057951 -2.69440 -2.93020 1.34516 0.50643 -0.49715 0.50009 0.49626
1403715934.534058094 -2.68512 -3.00126 1.35366 0.48781 -0.47750 0.52022 0.51323
1403715934.634057999 -2.67481 -3.03009 1.35533 0.47323 -0.46143 0.53670 0.52449
1403715934.734057903 -2.66574 -3.00788 1.35949 0.46571 -0.45353 0.54854 0.52585
1403715934.834058046 -2.66204 -2.93621 1.37416 0.46930 -0.45797 0.55127 0.51587
1403715934.934057951 -2.65874 -2.81238 1.38739 0.49998 -0.48596 0.52445 0.48868
1403715935.034058094 -2.65927 -2.65140 1.39951 0.53468 -0.52178 0.48842 0.45089
1403715935.134057999 -2.66114 -2.46578 1.39828 0.56688 -0.55527 0.44723 0.41268
1403715935.234057903 -2.66500 -2.27026 1.38815 0.59184 -0.58164 0.40946 0.37916
1403715935.334058046 -2.66946 -2.07919 1.36633 0.61021 -0.59953 0.37840 0.35358
1403715935.434057951 -2.67041 -1.89997 1.33677 0.62285 -0.61200 0.35359 0.33538
1403715935.534058094 -2.67450 -1.74073 1.29682 0.63249 -0.61920 0.33613 0.32182
1403715935.634057999 -2.67651 -1.61025 1.25191 0.63920 -0.62400 0.32365 0.31193
1403715935.734057903 -2.67640 -1.51285 1.20793 0.64560 -0.62929 0.31060 0.30120
1403715935.834058046 -2.67282 -1.45496 1.16777 0.65083 -0.63431 0.29841 0.29158
1403715935.934057951 -2.66724 -1.43489 1.13632 0.65237 -0.63635 0.29297 0.28920
1403715936.034058094 -2.65680 -1.47586 1.11726 0.64273 -0.62849 0.31050 0.30901
1403715936.134057999 -2.64754 -1.54880 1.10610 0.62242 -0.60800 0.34758 0.34946
1403715936.234057903 -2.63521 -1.63836 1.10139 0.59696 -0.58297 0.38670 0.39275
1403715936.334058046 -2.61986 -1.73455 1.09830 0.56978 -0.55955 0.42223 0.42892
1403715936.434057951 -2.60285 -1.82068 1.09018 0.54774 -0.54615 0.44740 0.44893
1403715936.534058094 -2.58471 -1.88880 1.07980 -0.53424 0.54038 -0.46136 -0.45795
1403715936.634057999 -2.56720 -1.93241 1.06746 -0.52247 0.53841 -0.47397 -0.46097
1403715936.734057903 -2.55042 -1.95203 1.06019 -0.51745 0.53991 -0.47840 -0.46031
1403715936.834058046 -2.53558 -1.94695 1.04851 -0.52735 0.54770 -0.46499 -0.45355
1403715936.934057951 -2.52282 -1.92561 1.03420 -0.53713 0.55565 -0.45161 -0.44585
1403715937.034058094 -2.51016 -1.89032 1.01942 -0.54682 0.56012 -0.44415 -0.43588
1403715937.134057999 -2.49884 -1.84533 1.00520 -0.56241 0.56332 -0.43689 -0.41891
1403715937.234057903 -2.48628 -1.79698 0.98981 0.57971 -0.55981 0.43441 0.40230
1403715937.334058046 -2.47291 -1.74541 0.96600 0.59756 -0.54928 0.43748 0.38706
1403715937.434057951 -2.45943 -1.69193 0.93159 0.61369 -0.53379 0.44521 0.37449
1403715937.534058094 -2.44627 -1.63454 0.88292 0.63245 -0.52560 0.44455 0.35514
1403715937.634057999 -2.43432 -1.58430 0.82555 0.65650 -0.52205 0.43235 0.33098
1403715937.734057903 -2.41873 -1.54040 0.77141 0.67630 -0.51565 0.42444 0.31077
1403715937.834058046 -2.40235 -1.50629 0.72011 0.69179 -0.50559 0.42265 0.29525
1403715937.934057951 -2.38215 -1.48574 0.67296 0.70479 -0.49347 0.42435 0.28228
1403715938.034058094 -2.35673 -1.47875 0.62833 0.71830 -0.47847 0.42680 0.27009
1403715938.134057999 -2.32594 -1.48828 0.58954 0.73213 -0.46201 0.42935 0.25726
1403715938.234057903 -2.28685 -1.52064 0.56653 0.74474 -0.44244 0.43504 0.24567
1403715938.334058046 -2.23823 -1.56922 0.56319 0.75147 -0.41000 0.45265 0.24960
1403715938.434057951 -2.17864 -1.61184 0.56609 0.75406 -0.37656 0.47456 0.25375
1403715938.534058094 -2.11267 -1.67178 0.57670 0.75407 -0.34958 0.49758 0.24817
1403715938.634057999 -2.04349 -1.73195 0.58177 0.75574 -0.33171 0.51182 0.23848
1403715938.734057903 -1.97323 -1.79204 0.58327 0.76313 -0.32407 0.51131 0.22622
1403715938.834058046 -1.90005 -1.85355 0.58014 0.77721 -0.32351 0.49591 0.21299
1403715938.934057951 -1.82263 -1.91894 0.57616 0.79030 -0.32539 0.47887 0.20056
1403715939.034058094 -1.73763 -1.99276 0.57063 0.79988 -0.32729 0.46579 0.19005
1403715939.134057999 -1.64170 -2.07811 0.56417 0.80354 -0.32527 0.46219 0.18681
1403715939.234057903 -1.53137 -2.17593 0.56488 0.78897 -0.31575 0.48895 0.19689
1403715939.334058046 -1.41413 -2.27968 0.56786 0.76582 -0.30337 0.52620 0.21120
1403715939.434057951 -1.29738 -2.38152 0.57066 0.74042 -0.29234 0.56190 0.22493
1403715939.534058094 -1.18720 -2.47489 0.57219 0.71844 -0.28268 0.58950 0.23755
1403715939.634057999 -1.08896 -2.55451 0.57687 0.69437 -0.27367 0.61653 0.25070
1403715939.734057903 -1.00843 -2.61263 0.58843 0.66742 -0.26478 0.64402 0.26395
1403715939.834058046 -0.95153 -2.64476 0.60641 0.64887 -0.26026 0.66075 0.27320
1403715939.934057951 -0.92293 -2.64409 0.63277 0.64152 -0.25944 0.66588 0.27883
1403715940.034058094 -0.92345 -2.61357 0.66856 0.65732 -0.26752 0.64828 0.27586
1403715940.134057999 -0.94539 -2.55693 0.70746 0.69349 -0.28434 0.60789 0.26211
1403715940.234057903 -0.98222 -2.48031 0.74927 0.72807 -0.30046 0.56501 0.24577
1403715940.334058046 -1.02534 -2.39210 0.78966 0.75906 -0.31564 0.52248 0.22631
1403715940.434057951 -1.06614 -2.30274 0.82837 0.78589 -0.32953 0.48072 0.20663
1403715940.534058094 -1.09411 -2.22329 0.86512 0.80896 -0.34389 0.43942 0.18500
1403715940.634057999 -1.10867 -2.15630 0.89865 0.82882 -0.36069 0.39695 0.15938
1403715940.734057903 -1.10028 -2.11826 0.93473 0.84310 -0.37349 0.36170 0.13732
1403715940.834058046 -1.06187 -2.11912 0.97653 0.85198 -0.37242 0.34300 0.13335
1403715940.934057951 -0.98482 -2.16280 1.02592 0.84638 -0.36595 0.35781 0.14728
1403715941.034058094 -0.87560 -2.24215 1.08720 0.82084 -0.35162 0.41421 0.17610
1403715941.134057999 -0.74617 -2.33900 1.15346 0.77688 -0.33259 0.49089 0.21183
1403715941.234057903 -0.61436 -2.43821 1.21847 0.72706 -0.31187 0.56132 0.24300
1403715941.334058046 -0.49191 -2.52596 1.27628 0.68793 -0.29930 0.60892 0.25766
1403715941.434057951 -0.38463 -2.59929 1.32379 0.65936 -0.29097 0.64041 0.26542
1403715941.534058094 -0.29791 -2.65241 1.35594 0.64298 -0.28731 0.65795 0.26672
1403715941.634057999 -0.23499 -2.69050 1.36310 0.62771 -0.28396 0.67395 0.26673
1403715941.734057903 -0.20045 -2.70248 1.35687 0.60781 -0.27990 0.69387 0.26602
1403715941.834058046 -0.20280 -2.68588 1.34473 0.58989 -0.27412 0.71073 0.26788
1403715941.934057951 -0.24088 -2.64307 1.32804 0.58914 -0.27168 0.71120 0.27073
1403715942.034058094 -0.31714 -2.56727 1.30142 0.62025 -0.27978 0.68222 0.26757
1403715942.134057999 -0.42434 -2.46394 1.26381 0.66756 -0.29537 0.63415 0.25489
1403715942.234057903 -0.54781 -2.34737 1.20696 0.71316 -0.31213 0.58147 0.23636
1403715942.334058046 -0.67835 -2.22159 1.12537 0.75458 -0.32971 0.52541 0.21410
1403715942.434057951 -0.80653 -2.09881 1.02744 0.78118 -0.34324 0.48379 0.19468
1403715942.534058094 -0.92717 -1.98551 0.92143 0.79969 -0.35438 0.45155 0.17611
1403715942.634057999 -1.03269 -1.89027 0.81631 0.81658 -0.35947 0.42065 0.16445
1403715942.734057903 -1.11809 -1.81835 0.71550 0.82813 -0.35988 0.39945 0.15854
1403715942.834058046 -1.17565 -1.77764 0.62005 0.83249 -0.35805 0.39218 0.15801
1403715942.934057951 -1.20381 -1.76783 0.53080 0.83299 -0.35398 0.39392 0.16015
1403715943.034058094 -1.20206 -1.78546 0.45250 0.83145 -0.34646 0.40079 0.16742
1403715943.134057999 -1.16382 -1.83515 0.39256 0.82766 -0.33573 0.41164 0.18118
1403715943.234057903 -1.10551 -1.90281 0.35395 0.80891 -0.32590 0.44890 0.19478
1403715943.334058046 -1.02637 -1.98386 0.33343 0.77572 -0.31143 0.50683 0.21072
1403715943.434057951 -0.93982 -2.06601 0.32422 0.73959 -0.29041 0.56367 0.22570
1403715943.534058094 -0.86047 -2.13969 0.31412 0.71492 -0.27379 0.59986 0.23257
1403715943.634057999 -0.79489 -2.19741 0.30314 0.69887 -0.26498 0.62048 0.23743
1403715943.734057903 -0.74619 -2.23932 0.29247 0.68312 -0.26268 0.63763 0.24038
1403715943.834058046 -0.72044 -2.26010 0.29015 0.66553 -0.26110 0.65392 0.24755
1403715943.934057951 -0.72414 -2.25552 0.30033 0.65370 -0.26122 0.66324 0.25408
1403715944.034058094 -0.75825 -2.22272 0.32327 0.66451 -0.27117 0.65106 0.24703
1403715944.134057999 -0.81925 -2.16553 0.35075 0.70553 -0.28925 0.60782 0.22163
1403715944.234057903 -0.89840 -2.09456 0.37802 0.75207 -0.30262 0.55444 0.18816
1403715944.334058046 -0.97927 -2.02202 0.40033 0.79276 -0.30409 0.50392 0.15853
1403715944.434057951 -1.05241 -1.95862 0.41513 0.82278 -0.29284 0.46783 0.13573
1403715944.534058094 -1.11537 -1.90848 0.42597 0.84630 -0.27441 0.44189 0.11494
1403715944.634057999 -1.15209 -1.87989 0.43912 0.86191 -0.25376 0.42884 0.09391
1403715944.734057903 -1.15822 -1.87680 0.45829 0.87259 -0.23146 0.42368 0.07416
1403715944.834058046 -1.13206 -1.89462 0.48119 0.87832 -0.20122 0.42875 0.06511
1403715944.934057951 -1.05837 -1.92918 0.51567 0.86445 -0.17273 0.46505 0.08130
1403715945.034058094 -0.98057 -1.98148 0.55107 0.83516 -0.13013 0.52574 0.09580
1403715945.134057999 -0.90058 -2.03023 0.58681 0.79820 -0.09710 0.58476 0.10727
1403715945.234057903 -0.82788 -2.07012 0.61824 0.77008 -0.07735 0.62273 0.11491
1403715945.334058046 -0.76846 -2.10078 0.64843 0.74601 -0.06770 0.65156 0.11981
1403715945.434057951 -0.72866 -2.11674 0.68189 0.72133 -0.06294 0.67831 0.12496
1403715945.534058094 -0.71926 -2.11329 0.71422 0.70100 -0.06442 0.69926 0.12444
1403715945.634057999 -0.73876 -2.09394 0.73871 0.72411 -0.07947 0.67614 0.11037
1403715945.734057903 -0.78316 -2.06466 0.75856 0.76295 -0.09580 0.63214 0.09552
1403715945.834058046 -0.84838 -2.02457 0.77540 0.80093 -0.10687 0.58265 0.08722
1403715945.934057951 -0.90577 -1.98798 0.80343 0.83531 -0.11638 0.53141 0.07944
1403715946.034058094 -0.95389 -1.94603 0.82913 0.85996 -0.12041 0.49099 0.06996
1403715946.134057999 -0.98589 -1.90879 0.85514 0.87749 -0.11724 0.46127 0.05906
1403715946.234057903 -0.98671 -1.87607 0.88422 0.89193 -0.10758 0.43661 0.04755
1403715946.334058046 -0.95756 -1.85077 0.91418 0.89743 -0.09217 0.42970 0.03854
1403715946.434057951 -0.89449 -1.83180 0.95131 0.88575 -0.06711 0.45763 0.03890
1403715946.534058094 -0.80483 -1.81539 0.99298 0.85907 -0.04605 0.50831 0.03868
1403715946.634057999 -0.70307 -1.79864 1.03502 0.82429 -0.03312 0.56411 0.03512
1403715946.734057903 -0.59963 -1.78133 1.07486 0.79299 -0.02488 0.60796 0.03062
1403715946.834058046 -0.50458 -1.76182 1.10698 0.77287 -0.02072 0.63370 0.02568
1403715946.934057951 -0.42535 -1.74148 1.13416 0.75820 -0.01723 0.65136 0.02377
1403715947.034058094 -0.36805 -1.71898 1.15802 0.74451 -0.01515 0.66696 0.02512
1403715947.134057999 -0.33439 -1.69428 1.18144 0.72141 -0.01768 0.69189 0.02348
1403715947.234057903 -0.32998 -1.66991 1.20381 0.69420 -0.02155 0.71906 0.02392
1403715947.334058046 -0.36761 -1.64000 1.21546 0.69243 -0.02822 0.72058 0.02281
1403715947.434057951 -0.43372 -1.61014 1.20993 0.72481 -0.03420 0.68769 0.02380
1403715947.534058094 -0.52898 -1.57789 1.19238 0.76532 -0.04130 0.64207 0.01810
1403715947.634057999 -0.64179 -1.54558 1.15928 0.80301 -0.05014 0.59381 0.00647
1403715947.734057903 -0.75558 -1.51473 1.11609 0.83590 -0.05788 0.54580 -0.00405
1403715947.834058046 -0.86647 -1.49171 1.06533 0.85788 -0.05517 0.51087 -0.00182
1403715947.934057951 -0.96188 -1.47516 1.00867 0.87594 -0.04837 0.47997 0.00323
1403715948.034058094 -1.03106 -1.46230 0.94894 0.89175 -0.04163 0.45057 0.00568
1403715948.134057999 -1.06645 -1.45092 0.89247 0.90351 -0.03655 0.42695 0.00637
1403715948.234057903 -1.05883 -1.44650 0.84356 0.90700 -0.03204 0.41987 0.00575
1403715948.334058046 -1.00508 -1.44410 0.80725 0.89554 -0.03072 0.44390 0.00503
1403715948.434057951 -0.91883 -1.44478 0.77882 0.87029 -0.03047 0.49157 0.00484
1403715948.534058094 -0.81794 -1.44743 0.75395 0.84070 -0.02835 0.54066 0.01045
1403715948.634057999 -0.71287 -1.45045 0.72842 0.81198 -0.02778 0.58276 0.01777
1403715948.734057903 -0.60950 -1.45370 0.70138 0.78576 -0.02832 0.61737 0.02511
1403715948.834058046 -0.51982 -1.45418 0.66901 0.76671 -0.02955 0.64057 0.03074
1403715948.934057951 -0.44763 -1.45480 0.63876 0.75244 -0.02947 0.65736 0.02903
1403715949.034058094 -0.39795 -1.45184 0.61204 0.73891 -0.02398 0.67298 0.02289
1403715949.134057999 -0.37536 -1.44633 0.58770 0.73530 -0.01522 0.67746 0.01241
1403715949.234057903 -0.38005 -1.43807 0.55956 0.75581 -0.00241 0.65478 0.00024
1403715949.334058046 -0.40646 -1.42972 0.53272 0.78938 0.01295 0.61363 -0.01313
1403715949.434057951 -0.44465 -1.42323 0.50801 0.82585 0.02780 0.56273 -0.02312
1403715949.534058094 -0.47878 -1.41763 0.48779 0.85150 0.04310 0.52166 -0.03107
1403715949.634057999 -0.49970 -1.40962 0.47057 0.86644 0.06123 0.49393 -0.03951
1403715949.734057903 -0.50122 -1.39967 0.45689 0.87730 0.08047 0.47053 -0.04974
1403715949.834058046 -0.47545 -1.38602 0.44813 0.88190 0.10422 0.45643 -0.05545
1403715949.934057951 -0.42254 -1.36539 0.44483 0.87851 0.13188 0.45555 -0.05745
1403715950.034058094 -0.34301 -1.33487 0.44673 0.86813 0.16256 0.46569 -0.05524
1403715950.134057999 -0.24235 -1.29090 0.45484 0.84395 0.18900 0.49843 -0.05994
1403715950.234057903 -0.13011 -1.23740 0.47422 0.80974 0.19746 0.54696 -0.07849
1403715950.334058046 -0.02220 -1.17249 0.48664 0.77700 0.19118 0.59070 -0.10391
1403715950.434057951 0.07573 -1.10862 0.49693 0.74852 0.18270 0.62554 -0.12264
1403715950.534058094 0.15557 -1.04921 0.50788 0.72240 0.17543 0.65558 -0.13260
1403715950.634057999 0.21100 -0.99813 0.52135 0.70784 0.17006 0.67179 -0.13687
1403715950.734057903 0.23765 -0.95664 0.53792 0.69468 0.16540 0.68577 -0.14066
1403715950.834058046 0.23107 -0.92477 0.55964 0.68327 0.16235 0.69698 -0.14494
1403715950.934057951 0.19085 -0.90505 0.57890 0.68336 0.16253 0.69631 -0.14751
1403715951.034058094 0.11672 -0.89926 0.59167 0.71478 0.16631 0.66257 -0.14975
1403715951.134057999 0.01613 -0.90884 0.60409 0.75389 0.17536 0.61614 -0.14586
1403715951.234057903 -0.10097 -0.92712 0.61524 0.79207 0.19179 0.56310 -0.13697
1403715951.334058046 -0.21582 -0.94124 0.62575 0.82111 0.20776 0.51467 -0.13315
1403715951.434057951 -0.32050 -0.94786 0.63947 0.83989 0.22464 0.47611 -0.13207
1403715951.534058094 -0.40591 -0.94436 0.65383 0.85332 0.24078 0.44264 -0.13396
1403715951.634057999 -0.46649 -0.92701 0.67113 0.86036 0.25780 0.41765 -0.13746
1403715951.734057903 -0.49809 -0.89430 0.69264 0.86193 0.27547 0.40093 -0.14300
1403715951.834058046 -0.49886 -0.84337 0.71692 0.85826 0.29116 0.39443 -0.15180
1403715951.934057951 -0.46671 -0.77041 0.74993 0.83787 0.30088 0.42115 -0.17345
1403715952.034058094 -0.40642 -0.68158 0.78689 0.80151 0.30735 0.47036 -0.20465
1403715952.134057999 -0.33879 -0.58765 0.82484 0.75806 0.30919 0.52176 -0.23981
1403715952.234057903 -0.26225 -0.50395 0.85656 0.72207 0.31317 0.55515 -0.26899
1403715952.334058046 -0.20024 -0.43109 0.88614 0.69635 0.31658 0.57519 -0.28987
1403715952.434057951 -0.14765 -0.37576 0.91494 0.67547 0.31878 0.59060 -0.30547
1403715952.534058094 -0.09873 -0.34663 0.93912 0.65963 0.32483 0.59885 -0.31742
1403715952.634057999 -0.07707 -0.32747 0.96730 0.64303 0.32904 0.60727 -0.33085
1403715952.734057903 -0.06252 -0.34803 0.99752 0.62114 0.32705 0.62270 -0.34565
1403715952.834058046 -0.06858 -0.39432 1.02770 0.60234 0.32410 0.63657 -0.35626
1403715952.934057951 -0.09217 -0.47429 1.04916 0.61988 0.33756 0.61655 -0.34881
1403715953.034058094 -0.13131 -0.57951 1.06237 0.66141 0.36575 0.56751 -0.32664
1403715953.134057999 -0.18369 -0.70369 1.06008 0.70291 0.39438 0.51043 -0.29972
1403715953.234057903 -0.22464 -0.82893 1.04883 0.73563 0.41549 0.45907 -0.27472
1403715953.334058046 -0.27026 -0.94484 1.02717 0.75500 0.42855 0.42428 -0.25749
1403715953.434057951 -0.30748 -1.04988 0.99661 0.76767 0.44244 0.39336 -0.24536
1403715953.534058094 -0.33195 -1.13140 0.96428 0.77270 0.45869 0.36761 -0.23960
1403715953.634057999 -0.33994 -1.18157 0.93949 0.77137 0.47850 0.34617 -0.23702
1403715953.734057903 -0.32982 -1.19400 0.92307 0.76647 0.49749 0.33021 -0.23662
1403715953.834058046 -0.29516 -1.16414 0.91700 0.75540 0.51541 0.32841 -0.23638
1403715953.934057951 -0.25807 -1.08544 0.91975 0.73594 0.52644 0.35772 -0.23084
1403715954.034058094 -0.19816 -0.98779 0.92259 0.69231 0.54387 0.41254 -0.23394
1403715954.134057999 -0.14452 -0.86553 0.91675 0.65353 0.54129 0.46431 -0.25362
1403715954.234057903 -0.10303 -0.72740 0.90760 0.62184 0.52367 0.50813 -0.28441
1403715954.334058046 -0.07715 -0.59005 0.89406 0.60309 0.49738 0.53505 -0.32035
1403715954.434057951 -0.07057 -0.46625 0.87474 0.59331 0.46597 0.54733 -0.36234
1403715954.534058094 -0.07878 -0.36322 0.86227 0.57801 0.43944 0.56318 -0.39450
1403715954.634057999 -0.10018 -0.28731 0.85985 0.56074 0.42139 0.57940 -0.41509
1403715954.734057903 -0.13691 -0.24966 0.85119 0.55273 0.41370 0.58556 -0.42480
1403715954.834058046 -0.18806 -0.25351 0.84188 0.56267 0.42110 0.57545 -0.41825
1403715954.934057951 -0.25146 -0.28399 0.83255 0.58577 0.43781 0.55266 -0.39971
1403715955.034058094 -0.32644 -0.35707 0.82394 0.61560 0.45852 0.52130 -0.37289
1403715955.134057999 -0.40448 -0.44291 0.81661 0.64603 0.47442 0.48552 -0.34906
1403715955.234057903 -0.48509 -0.53306 0.80910 0.67836 0.48611 0.44297 -0.32756
1403715955.334058046 -0.56302 -0.62141 0.80314 0.70169 0.49613 0.40992 -0.30569
1403715955.434057951 -0.63570 -0.69177 0.80011 0.71907 0.50222 0.38398 -0.28857
1403715955.534058094 -0.69812 -0.73902 0.79923 0.73499 0.50554 0.35496 -0.27968
1403715955.634057999 -0.74461 -0.76013 0.80289 0.74424 0.51246 0.32745 -0.27618
1403715955.734057903 -0.77190 -0.74574 0.81353 0.73770 0.52661 0.31919 -0.27677
1403715955.834058046 -0.78005 -0.69371 0.83848 0.70716 0.53497 0.34874 -0.30351
1403715955.934057951 -0.77697 -0.61911 0.86856 0.66499 0.53683 0.38833 -0.34468
1403715956.034058094 -0.76945 -0.53421 0.90015 0.61482 0.53940 0.42763 -0.38494
1403715956.134057999 -0.76222 -0.45336 0.92878 0.56702 0.54792 0.45422 -0.41467
1403715956.234057903 -0.76239 -0.38528 0.95329 0.52760 0.56057 0.46496 -0.43728
1403715956.334058046 -0.76642 -0.33687 0.97638 0.49681 0.57418 0.46125 -0.45906
1403715956.434057951 -0.77287 -0.31170 1.00341 0.46203 0.57812 0.45834 -0.49217
1403715956.534058094 -0.78810 -0.31298 1.02958 -0.42683 -0.57650 -0.45567 0.52710
1403715956.634057999 -0.80080 -0.34563 1.05694 -0.40425 -0.57749 -0.44703 0.55069
1403715956.734057903 -0.80999 -0.41231 1.08130 -0.40340 -0.59033 -0.42800 0.55281
1403715956.834058046 -0.81511 -0.51293 1.10431 -0.41738 -0.60981 -0.40103 0.54139
1403715956.934057951 -0.81659 -0.63275 1.12860 -0.43783 -0.63305 -0.37299 0.51811
1403715957.034058094 -0.81446 -0.76647 1.14624 0.46075 0.65856 0.34503 -0.48473
1403715957.134057999 -0.81289 -0.90433 1.15103 0.48137 0.67856 0.32071 -0.45276
1403715957.234057903 -0.81354 -1.03873 1.14024 0.50114 0.69493 0.29516 -0.42286
1403715957.334058046 -0.81715 -1.16216 1.11544 0.52145 0.70926 0.26648 -0.39246
1403715957.434057951 -0.82616 -1.26479 1.08322 0.53672 0.72222 0.24325 -0.36216
1403715957.534058094 -0.84262 -1.33635 1.04639 0.54805 0.73148 0.22541 -0.33730
1403715957.634057999 -0.86910 -1.36846 1.00734 0.55333 0.73897 0.21489 -0.31869
1403715957.734057903 -0.90757 -1.35571 0.97124 0.54887 0.74145 0.22027 -0.31698
1403715957.834058046 -0.95989 -1.29392 0.94316 0.53457 0.72902 0.24603 -0.34962
1403715957.934057951 -1.02457 -1.19980 0.92508 0.50843 0.70687 0.28219 -0.40276
1403715958.034058094 -1.09514 -1.09313 0.90833 0.47509 0.68409 0.31395 -0.45579
1403715958.134057999 -1.17007 -0.98554 0.88278 -0.43890 -0.66300 -0.33791 0.50361
1403715958.234057903 -1.24353 -0.88864 0.85671 -0.40563 -0.64516 -0.35165 0.54367
1403715958.334058046 -1.30833 -0.80848 0.83071 -0.37648 -0.63502 -0.35703 0.57231
1403715958.434057951 -1.36364 -0.75345 0.80369 -0.34960 -0.62394 -0.35789 0.60033
1403715958.534058094 -1.40553 -0.73170 0.77821 -0.32627 -0.61467 -0.35259 0.62563
1403715958.634057999 -1.42900 -0.74697 0.74870 -0.31548 -0.62099 -0.33313 0.63550
1403715958.734057903 -1.42995 -0.79633 0.71775 -0.31393 -0.63894 -0.30101 0.63450
1403715958.834058046 -1.41293 -0.87327 0.68750 -0.32042 -0.66811 -0.25635 0.62068
1403715958.934057951 -1.37663 -0.96509 0.65622 -0.32973 -0.69951 -0.20621 0.59953
1403715959.034058094 -1.32086 -1.06383 0.62596 -0.33131 -0.73258 -0.16607 0.57094
1403715959.134057999 -1.25009 -1.15962 0.59674 -0.31917 -0.76516 -0.14490 0.54006
1403715959.234057903 -1.18036 -1.23854 0.56917 -0.29435 -0.79536 -0.14125 0.51069
1403715959.334058046 -1.11343 -1.30721 0.54085 0.27324 0.82434 0.13312 -0.47757
1403715959.434057951 -1.06224 -1.36441 0.51229 0.26410 0.84932 0.12129 -0.44067
1403715959.534058094 -1.03021 -1.40111 0.48674 0.25700 0.86697 0.10994 -0.41259
1403715959.634057999 -1.03134 -1.41396 0.47667 0.24208 0.87682 0.10580 -0.40174
1403715959.734057903 -1.08617 -1.40456 0.49184 0.23013 0.86883 0.11007 -0.42433
1403715959.834058046 -1.16955 -1.37076 0.52492 0.21159 0.84314 0.11527 -0.48068
1403715959.934057951 -1.26675 -1.32907 0.55938 -0.18991 -0.80747 -0.12395 0.54457
1403715960.034058094 -1.36541 -1.28880 0.58877 -0.17141 -0.76847 -0.13286 0.60202
1403715960.134057999 -1.44805 -1.25659 0.61110 -0.15787 -0.73655 -0.13842 0.64297
1403715960.234057903 -1.50973 -1.23595 0.63143 -0.14682 -0.71253 -0.14569 0.67047
1403715960.334058046 -1.54294 -1.22911 0.65033 -0.13950 -0.69502 -0.15196 0.68877
1403715960.434057951 -1.54491 -1.23782 0.67137 -0.13459 -0.67918 -0.15580 0.70451
1403715960.534058094 -1.51404 -1.26929 0.69136 -0.13577 -0.68337 -0.15658 0.70004
1403715960.634057999 -1.44726 -1.31495 0.70713 -0.14454 -0.71790 -0.15233 0.66372
1403715960.734057903 -1.36215 -1.37426 0.72069 -0.15497 -0.75660 -0.14628 0.61818
1403715960.834058046 -1.26778 -1.44638 0.73566 -0.16762 -0.79930 -0.13861 0.56019
1403715960.934057951 -1.16691 -1.51715 0.74731 0.17918 0.83736 0.12975 -0.49989
1403715961.034058094 -1.08447 -1.58911 0.76431 0.18780 0.86197 0.12412 -0.45424
1403715961.134057999 -1.02793 -1.65203 0.78098 0.19646 0.88055 0.11727 -0.41507
1403715961.234057903 -1.00743 -1.70137 0.79844 0.20868 0.89167 0.10628 -0.38740
1403715961.334058046 -1.02767 -1.73563 0.82786 0.22092 0.88710 0.09477 -0.39403
1403715961.434057951 -1.08662 -1.74720 0.86552 0.22119 0.86978 0.08680 -0.43246
1403715961.534058094 -1.17435 -1.74510 0.91092 0.20801 0.84772 0.08318 -0.48082
1403715961.634057999 -1.27577 -1.73137 0.96162 -0.18176 -0.82352 -0.08338 0.53088
1403715961.734057903 -1.38347 -1.71138 1.01019 -0.14958 -0.79702 -0.08439 0.57902
1403715961.834058046 -1.48255 -1.69137 1.04969 -0.11658 -0.76965 -0.08814 0.62151
1403715961.934057951 -1.57139 -1.67348 1.07318 -0.09017 -0.74697 -0.09003 0.65253
1403715962.034058094 -1.64066 -1.66254 1.08749 -0.06965 -0.71558 -0.08479 0.68986
1403715962.134057999 -1.67826 -1.66262 1.09280 -0.05261 -0.68623 -0.07221 0.72188
1403715962.234057903 -1.67655 -1.67426 1.08741 -0.03830 -0.67499 -0.05529 0.73475
1403715962.334058046 -1.63548 -1.69337 1.07243 -0.02969 -0.68396 -0.03015 0.72830
1403715962.434057951 -1.55100 -1.71654 1.05080 -0.02810 -0.70334 -0.00099 0.71030
1403715962.534058094 -1.43461 -1.73848 1.02021 -0.03002 -0.73200 0.03413 0.67979
1403715962.634057999 -1.29417 -1.75286 0.97700 -0.03187 -0.76783 0.06898 0.63613
1403715962.734057903 -1.14392 -1.75175 0.92194 -0.03023 -0.79461 0.09633 0.59867
1403715962.834058046 -0.98782 -1.73424 0.85696 -0.01868 -0.81950 0.10914 0.56229
1403715962.934057951 -0.83385 -1.70178 0.78395 0.00632 -0.84226 0.10412 0.52889
1403715963.034058094 -0.68941 -1.65660 0.69850 -0.04600 0.86586 -0.08190 -0.49139
1403715963.134057999 -0.56595 -1.60754 0.59679 -0.08023 0.88627 -0.06934 -0.45087
1403715963.234057903 -0.46588 -1.56116 0.48418 -0.10773 0.90073 -0.06714 -0.41542
1403715963.334058046 -0.39872 -1.52291 0.36267 -0.13139 0.90809 -0.07189 -0.39107
1403715963.434057951 -0.37896 -1.50002 0.24937 -0.15259 0.88992 -0.08637 -0.42106
1403715963.534058094 -0.39400 -1.48338 0.14877 -0.17387 0.84936 -0.10886 -0.48632
1403715963.634057999 -0.42765 -1.47774 0.05586 0.19090 -0.80794 0.13165 0.54172
1403715963.734057903 -0.45722 -1.47551 -0.02645 0.20676 -0.77725 0.14821 0.57547
1403715963.834058046 -0.47814 -1.47178 -0.09531 0.21681 -0.76247 0.16350 0.58729
1403715963.934057951 -0.48873 -1.46752 -0.14898 0.22475 -0.76068 0.17201 0.58418
1403715964.034058094 -0.49151 -1.46052 -0.18927 0.23255 -0.76859 0.17491 0.56974
1403715964.134057999 -0.49031 -1.45343 -0.21729 0.25308 -0.78742 0.15589 0.54002
1403715964.234057903 -0.48806 -1.45345 -0.21631 0.26476 -0.79928 0.14573 0.51945
1403715964.334058046 -0.49034 -1.46569 -0.18570 0.25821 -0.79677 0.15761 0.52311
1403715964.434057951 -0.49378 -1.48282 -0.14543 0.25146 -0.79174 0.16852 0.53058
1403715964.534058094 -0.49822 -1.50520 -0.11116 0.25180 -0.78811 0.16976 0.53541
1403715964.634057999 -0.50495 -1.53287 -0.07982 0.24934 -0.78762 0.17322 0.53617
1403715964.734057903 -0.51597 -1.56382 -0.04164 0.23992 -0.78586 0.18628 0.53867
1403715964.834058046 -0.52970 -1.59362 0.00863 0.22715 -0.78106 0.20641 0.54383
1403715964.934057951 -0.54549 -1.61841 0.06166 0.22236 -0.77104 0.21818 0.55538
1403715965.034058094 -0.55946 -1.63469 0.10626 0.22293 -0.75754 0.22468 0.57092
1403715965.134057999 -0.57117 -1.64176 0.13550 0.22494 -0.74127 0.22887 0.58953
1403715965.234057903 -0.57508 -1.64071 0.14946 0.23978 -0.75238 0.21428 0.57490
1403715965.334058046 -0.57283 -1.62954 0.15567 0.25964 -0.78388 0.18766 0.53188
1403715965.434057951 -0.57236 -1.62001 0.16414 -0.27111 0.81682 -0.16524 -0.48167
1403715965.534058094 -0.58406 -1.62116 0.17940 -0.27701 0.83794 -0.14699 -0.44668
1403715965.634057999 -0.61523 -1.63774 0.20187 -0.27759 0.84221 -0.14029 -0.44039
1403715965.734057903 -0.66731 -1.67337 0.23905 -0.27169 0.81919 -0.15063 -0.48210
1403715965.834058046 -0.73081 -1.71971 0.28094 0.25962 -0.78204 0.17183 0.53990
1403715965.934057951 -0.79129 -1.76643 0.32003 0.24746 -0.74501 0.19146 0.58912
1403715966.034058094 -0.84024 -1.80712 0.35237 0.24130 -0.71785 0.20244 0.62087
1403715966.134057999 -0.86989 -1.83629 0.38654 0.23416 -0.68817 0.21604 0.65186
1403715966.234057903 -0.87329 -1.84961 0.41972 0.23310 -0.67799 0.22094 0.66120
1403715966.334058046 -0.85023 -1.84507 0.44738 0.24165 -0.70564 0.20980 0.63218
1403715966.434057951 -0.80491 -1.82651 0.47585 0.25171 -0.74483 0.19094 0.58771
1403715966.534058094 -0.74976 -1.80302 0.50011 0.26030 -0.79044 0.16705 0.52872
1403715966.634057999 -0.69682 -1.78607 0.52546 -0.26339 0.82463 -0.14653 -0.47869
1403715966.734057903 -0.65705 -1.77943 0.55165 -0.26190 0.84447 -0.13351 -0.44771
1403715966.834058046 -0.63732 -1.78823 0.57747 -0.26066 0.85587 -0.12424 -0.42907
1403715966.934057951 -0.64346 -1.81710 0.60872 -0.25705 0.84582 -0.12610 -0.45012
1403715967.034058094 -0.67144 -1.86501 0.64848 0.25026 -0.81756 0.13704 0.50018
1403715967.134057999 -0.70851 -1.92355 0.69069 0.23896 -0.78004 0.15394 0.55744
1403715967.234057903 -0.74057 -1.98185 0.73202 0.22812 -0.74084 0.16829 0.60894
1403715967.334058046 -0.75437 -2.03175 0.77222 0.21552 -0.70091 0.18278 0.65488
1403715967.434057951 -0.74077 -2.06665 0.80883 0.20703 -0.68274 0.19140 0.67407
1403715967.534058094 -0.69934 -2.08608 0.84214 0.20507 -0.69078 0.19897 0.66422
1403715967.634057999 -0.63065 -2.09095 0.86978 0.21092 -0.71518 0.21032 0.63230
1403715967.734057903 -0.54171 -2.07656 0.89635 0.22243 -0.74573 0.22543 0.58617
1403715967.834058046 -0.44795 -2.05279 0.91986 0.23737 -0.77705 0.23925 0.53161
1403715967.934057951 -0.35954 -2.01854 0.93625 -0.25454 0.79749 -0.24825 -0.48743
1403715968.034058094 -0.28586 -1.97859 0.94262 -0.28239 0.81210 -0.23542 -0.45314
1403715968.134057999 -0.23087 -1.93982 0.94041 -0.31223 0.82121 -0.21228 -0.42785
1403715968.234057903 -0.19764 -1.91189 0.93423 -0.32830 0.81846 -0.20226 -0.42595
1403715968.334058046 -0.18215 -1.89818 0.92254 -0.32806 0.79809 -0.21118 -0.45916
1403715968.434057951 -0.17807 -1.89086 0.90212 -0.32097 0.77275 -0.22623 -0.49865
1403715968.534058094 -0.17692 -1.88581 0.86802 0.31020 -0.74710 0.24113 0.53617
1403715968.634057999 -0.17755 -1.87724 0.82448 0.30126 -0.72112 0.25325 0.57017
1403715968.734057903 -0.17046 -1.85973 0.77765 0.29409 -0.69777 0.26160 0.59849
1403715968.834058046 -0.14999 -1.82695 0.73143 0.28848 -0.67940 0.26840 0.61900
1403715968.934057951 -0.11201 -1.77506 0.68665 0.28614 -0.67182 0.27208 0.62669
1403715969.034058094 -0.05764 -1.70460 0.63658 0.29352 -0.68875 0.26580 0.60730
1403715969.134057999 0.01060 -1.61797 0.58153 0.31145 -0.73115 0.24348 0.55600
1403715969.234057903 0.08421 -1.52396 0.52645 -0.33067 0.77899 -0.21300 -0.48832
1403715969.334058046 0.14776 -1.43836 0.47959 -0.34191 0.81107 -0.18789 -0.43585
1403715969.434057951 0.19504 -1.36961 0.43833 -0.34976 0.83112 -0.16677 -0.39887
1403715969.534058094 0.22038 -1.32764 0.40452 -0.36152 0.83775 -0.14443 -0.38290
1403715969.634057999 0.22143 -1.32065 0.38143 -0.38066 0.82493 -0.12270 -0.39941
1403715969.734057903 0.20262 -1.34933 0.36454 -0.39553 0.80252 -0.11104 -0.43265
1403715969.834058046 0.17200 -1.41580 0.35546 -0.39625 0.77567 -0.12052 -0.47623
1403715969.934057951 0.14229 -1.50623 0.34923 0.37480 -0.75370 0.15993 0.51564
1403715970.034058094 0.11894 -1.61352 0.34642 0.34738 -0.72977 0.20538 0.55189
1403715970.134057999 0.10609 -1.72063 0.34422 0.32834 -0.70627 0.23704 0.58068
1403715970.234057903 0.10588 -1.81809 0.34614 0.31134 -0.68034 0.26382 0.60877
1403715970.334058046 0.12345 -1.89804 0.34568 0.29551 -0.65695 0.28745 0.63124
1403715970.434057951 0.16116 -1.95363 0.34875 0.28630 -0.64513 0.30192 0.64085
1403715970.534058094 0.21882 -1.97929 0.35087 0.28402 -0.65763 0.31229 0.62396
1403715970.634057999 0.29336 -1.97647 0.35138 0.29000 -0.69391 0.31264 0.58020
1403715970.734057903 0.37336 -1.94944 0.35246 0.30081 -0.73783 0.29857 0.52534
1403715970.834058046 0.44991 -1.90660 0.35441 -0.30954 0.78482 -0.27805 -0.45927
1403715970.934057951 0.51104 -1.86041 0.36379 -0.31479 0.82105 -0.25677 -0.40107
1403715971.034058094 0.54349 -1.82160 0.38008 -0.32634 0.84119 -0.23389 -0.36222
1403715971.134057999 0.53404 -1.80060 0.40503 -0.35176 0.84378 -0.20736 -0.34829
1403715971.234057903 0.48178 -1.80742 0.44192 -0.38342 0.82532 -0.19117 -0.36783
1403715971.334058046 0.40664 -1.85042 0.48993 -0.41297 0.78833 -0.19075 -0.41425
1403715971.434057951 0.32105 -1.91861 0.54280 -0.43712 0.74211 -0.20412 -0.46533
1403715971.534058094 0.24067 -2.00320 0.59306 0.45667 -0.69367 0.22705 0.50865
1403715971.634057999 0.17633 -2.09672 0.64035 0.47098 -0.65224 0.25596 0.53596
1403715971.734057903 0.12902 -2.19170 0.68410 0.47907 -0.62216 0.29181 0.54612
1403715971.834058046 0.10201 -2.28113 0.72421 0.48153 -0.60334 0.33334 0.54128
1403715971.934057951 0.08905 -2.35765 0.75975 0.48607 -0.59365 0.36870 0.52476
1403715972.034058094 0.08908 -2.41975 0.79268 0.49579 -0.58602 0.39127 0.50762
1403715972.134057999 0.09685 -2.46466 0.82295 0.50078 -0.57233 0.41176 0.50211
1403715972.234057903 0.11109 -2.48979 0.86072 0.49640 -0.55202 0.43402 0.51037
1403715972.334058046 0.13019 -2.48785 0.89752 0.49073 -0.53480 0.45028 0.52001
1403715972.434057951 0.15604 -2.45523 0.93097 0.48896 -0.52961 0.45741 0.52078
1403715972.534058094 0.18619 -2.39363 0.95947 0.49708 -0.53871 0.44977 0.51030
1403715972.634057999 0.22185 -2.30394 0.98138 -0.51383 0.56591 -0.43008 -0.48037
1403715972.734057903 0.25924 -2.19692 0.99476 -0.52993 0.59744 -0.40710 -0.44330
1403715972.834058046 0.29654 -2.08654 0.99701 -0.54121 0.62403 -0.38524 -0.41142
1403715972.934057951 0.33071 -1.97767 0.99303 -0.53895 0.63292 -0.38098 -0.40472
1403715973.034058094 0.36074 -1.87484 0.98389 -0.52555 0.63374 -0.39263 -0.40989
1403715973.134057999 0.38326 -1.77511 0.97410 -0.51434 0.63351 -0.40128 -0.41604
1403715973.234057903 0.39744 -1.67369 0.96554 -0.51146 0.63310 -0.40025 -0.42117
1403715973.334058046 0.40481 -1.57042 0.95729 -0.51070 0.63723 -0.39743 -0.41853
1403715973.434057951 0.39820 -1.46603 0.94889 -0.51766 0.64412 -0.38700 -0.40911
1403715973.534058094 0.38587 -1.36461 0.94113 -0.52523 0.65228 -0.37500 -0.39754
1403715973.634057999 0.36979 -1.27080 0.93653 -0.52849 0.66152 -0.36877 -0.38353
1403715973.734057903 0.34633 -1.18724 0.93268 -0.52933 0.67106 -0.36641 -0.36774
1403715973.834058046 0.31052 -1.11921 0.93153 -0.53019 0.67626 -0.36535 -0.35790
1403715973.934057951 0.26290 -1.06390 0.93099 -0.53339 0.67774 -0.36244 -0.35328
1403715974.034058094 0.20175 -1.02702 0.93542 -0.53846 0.66888 -0.35995 -0.36482
1403715974.134057999 0.13430 -1.00371 0.94285 -0.54063 0.65612 -0.36204 -0.38230
1403715974.234057903 0.06120 -0.99221 0.94959 -0.53968 0.64578 -0.36756 -0.39574
1403715974.334058046 -0.01395 -0.98563 0.95019 -0.54228 0.64033 -0.36715 -0.40137
1403715974.434057951 -0.09055 -0.98615 0.94207 -0.54532 0.63911 -0.36533 -0.40088
1403715974.534058094 -0.17024 -0.99271 0.93184 -0.54576 0.63623 -0.36689 -0.40341
1403715974.634057999 -0.25001 -1.00271 0.91923 -0.54410 0.63139 -0.37115 -0.40934
1403715974.734057903 -0.33062 -1.01917 0.90458 -0.54218 0.62777 -0.37526 -0.41367
1403715974.834058046 -0.41137 -1.03886 0.88564 -0.54189 0.62610 -0.37724 -0.41478
1403715974.934057951 -0.49123 -1.06103 0.86649 -0.54240 0.62404 -0.37872 -0.41587
1403715975.034058094 -0.56975 -1.08216 0.84936 -0.54410 0.62085 -0.37955 -0.41767
1403715975.134057999 -0.64672 -1.10749 0.83092 -0.54746 0.61684 -0.37909 -0.41962
1403715975.234057903 -0.72249 -1.13210 0.81565 -0.55157 0.61303 -0.37737 -0.42138
1403715975.334058046 -0.79465 -1.15985 0.80487 -0.55387 0.60810 -0.37857 -0.42441
1403715975.434057951 -0.86345 -1.18930 0.79771 -0.55465 0.60137 -0.38150 -0.43032
1403715975.534058094 -0.92755 -1.21562 0.79595 -0.55587 0.59538 -0.38316 -0.43558
1403715975.634057999 -0.98466 -1.23872 0.79872 -0.55772 0.59700 -0.38297 -0.43113
1403715975.734057903 -1.03575 -1.26215 0.80596 -0.55895 0.59878 -0.38250 -0.42746
1403715975.834058046 -1.08209 -1.28648 0.81582 -0.55925 0.60026 -0.38215 -0.42531
1403715975.934057951 -1.12718 -1.31218 0.82705 -0.56046 0.60186 -0.38021 -0.42319
1403715976.034058094 -1.16521 -1.33956 0.83718 -0.56191 0.60328 -0.37709 -0.42203
1403715976.134057999 -1.19986 -1.36824 0.84730 -0.56109 0.60421 -0.37647 -0.42235
1403715976.234057903 -1.22997 -1.39832 0.85789 -0.55971 0.60302 -0.37556 -0.42668
1403715976.334058046 -1.25747 -1.43191 0.86940 -0.55874 0.60235 -0.37393 -0.43031
1403715976.434057951 -1.27786 -1.46557 0.87905 -0.56085 0.59866 -0.37114 -0.43511
1403715976.534058094 -1.28892 -1.50117 0.88702 -0.56734 0.59215 -0.37059 -0.43607
1403715976.634057999 -1.29294 -1.53771 0.89351 -0.57660 0.58353 -0.37462 -0.43206
1403715976.734057903 -1.28809 -1.57507 0.89695 0.58380 -0.57719 0.38484 0.42181
1403715976.834058046 -1.27671 -1.61295 0.89871 0.58966 -0.57165 0.39257 0.41401
1403715976.934057951 -1.26251 -1.65108 0.90087 0.59447 -0.56666 0.39768 0.40908
1403715977.034058094 -1.24194 -1.68898 0.90200 0.60043 -0.56005 0.40264 0.40460
1403715977.134057999 -1.21490 -1.72677 0.90044 0.60889 -0.55099 0.40860 0.39839
1403715977.234057903 -1.18218 -1.76598 0.89752 0.62077 -0.53743 0.41682 0.38996
1403715977.334058046 -1.14371 -1.80469 0.89292 0.63619 -0.51916 0.42668 0.37905
1403715977.434057951 -1.09927 -1.84130 0.88879 0.65270 -0.49822 0.43985 0.36372
1403715977.534058094 -1.04956 -1.87703 0.88370 0.67145 -0.47319 0.45219 0.34752
1403715977.634057999 -0.99375 -1.91129 0.87922 0.68895 -0.44563 0.46752 0.32892
1403715977.734057903 -0.93376 -1.94242 0.87286 0.70669 -0.41764 0.48166 0.30686
1403715977.834058046 -0.87041 -1.97079 0.86759 0.72361 -0.38577 0.49537 0.28666
1403715977.934057951 -0.80398 -1.99536 0.86308 0.73925 -0.34822 0.50856 0.27134
1403715978.034058094 -0.73470 -2.01268 0.85909 0.75439 -0.30611 0.52045 0.25753
1403715978.134057999 -0.66201 -2.02145 0.85530 0.76755 -0.26051 0.53260 0.24358
1403715978.234057903 -0.58564 -2.02033 0.84968 0.77980 -0.21646 0.54075 0.22946
1403715978.334058046 -0.50505 -2.00482 0.84593 0.78788 -0.17801 0.55110 0.20939
1403715978.434057951 -0.42214 -1.97432 0.84126 0.79290 -0.14847 0.56298 0.17977
1403715978.534058094 -0.33804 -1.93265 0.83269 0.79708 -0.12537 0.57376 0.14049
1403715978.634057999 -0.25523 -1.88166 0.82265 0.79813 -0.09969 0.58552 0.10109
1403715978.734057903 -0.17807 -1.82472 0.81035 0.80156 -0.06882 0.59018 0.06677
1403715978.834058046 -0.10848 -1.76314 0.79812 0.80633 -0.03207 0.58925 0.03989
1403715978.934057951 -0.03983 -1.69918 0.78873 0.81110 0.00808 0.58465 0.01509
1403715979.034058094 0.02728 -1.63169 0.78261 0.81230 0.05078 0.58096 -0.00895
1403715979.134057999 0.08883 -1.55873 0.78143 0.80563 0.09027 0.58410 -0.04038
1403715979.234057903 0.14500 -1.48262 0.78735 0.78995 0.12878 0.59469 -0.07579
1403715979.334058046 0.18720 -1.40364 0.80009 0.76978 0.17167 0.60575 -0.10507
1403715979.434057951 0.21584 -1.32389 0.81106 0.75528 0.21841 0.60540 -0.12380
1403715979.534058094 0.22926 -1.24389 0.82231 0.74404 0.25990 0.59893 -0.14192
1403715979.634057999 0.22937 -1.16350 0.83386 0.73461 0.29549 0.58839 -0.16381
1403715979.734057903 0.21762 -1.07721 0.84491 0.72179 0.32982 0.57858 -0.18838
1403715979.834058046 0.19058 -0.99043 0.85606 0.70395 0.36224 0.57136 -0.21631
1403715979.934057951 0.14952 -0.90245 0.86872 0.68278 0.39294 0.56444 -0.24664
1403715980.034058094 0.09211 -0.82013 0.88314 0.65823 0.42291 0.55724 -0.27814
1403715980.134057999 0.01912 -0.74438 0.89538 0.63398 0.45336 0.54664 -0.30613
1403715980.234057903 -0.06797 -0.67733 0.90599 0.61245 0.48203 0.52911 -0.33556
1403715980.334058046 -0.16785 -0.62005 0.91400 0.59354 0.51037 0.50533 -0.36314
1403715980.434057951 -0.27750 -0.57152 0.92209 0.57083 0.53669 0.48183 -0.39237
1403715980.534058094 -0.39295 -0.53286 0.92874 0.54428 0.55938 0.45790 -0.42565
1403715980.634057999 -0.51452 -0.51459 0.93448 0.51744 0.58323 0.42967 -0.45551
1403715980.734057903 -0.63773 -0.50823 0.93861 0.48858 0.60824 0.40100 -0.48014
1403715980.834058046 -0.75889 -0.51313 0.93939 -0.46024 -0.63369 -0.36807 0.50114
1403715980.934057951 -0.87639 -0.52825 0.93996 -0.42853 -0.65721 -0.33526 0.52158
1403715981.034058094 -0.98872 -0.55421 0.94112 -0.39257 -0.67712 -0.30277 0.54381
1403715981.134057999 -1.09305 -0.58834 0.94194 -0.35344 -0.69501 -0.26983 0.56500
1403715981.234057903 -1.18493 -0.63085 0.94246 -0.31010 -0.71290 -0.23830 0.58209
1403715981.334058046 -1.26901 -0.68341 0.94532 -0.26606 -0.72876 -0.20210 0.59773
1403715981.434057951 -1.33836 -0.74268 0.94976 -0.22053 -0.74157 -0.16286 0.61230
1403715981.534058094 -1.39168 -0.80742 0.95622 -0.17299 -0.74804 -0.12264 0.62886
1403715981.634057999 -1.42474 -0.87804 0.96423 -0.12259 -0.75082 -0.08595 0.64332
1403715981.734057903 -1.43856 -0.95359 0.97050 -0.07117 -0.75676 -0.05305 0.64764
1403715981.834058046 -1.43150 -1.03259 0.97281 -0.02265 -0.77285 -0.01928 0.63389
1403715981.934057951 -1.41210 -1.11500 0.97407 0.02321 -0.78705 0.01290 0.61632
1403715982.034058094 -1.37821 -1.19837 0.97777 0.06684 -0.79131 0.04167 0.60632
1403715982.134057999 -1.33335 -1.28176 0.98238 0.10722 -0.78931 0.06949 0.60056
1403715982.234057903 -1.27788 -1.36366 0.98817 0.14567 -0.78392 0.09631 0.59579
1403715982.334058046 -1.21389 -1.44412 0.99340 0.18181 -0.77752 0.12374 0.58915
1403715982.434057951 -1.14289 -1.52206 0.99854 0.21739 -0.76907 0.15085 0.58182
1403715982.534058094 -1.06529 -1.59845 1.00283 0.25476 -0.75761 0.17678 0.57434
1403715982.634057999 -0.97702 -1.67108 1.00651 0.29257 -0.74319 0.20490 0.56576
1403715982.734057903 -0.88294 -1.74120 1.00953 0.33026 -0.72765 0.23442 0.55363
1403715982.834058046 -0.78274 -1.80701 1.01258 0.36831 -0.70979 0.26392 0.53934
1403715982.934057951 -0.67475 -1.86329 1.01608 0.40697 -0.68970 0.28962 0.52422
1403715983.034058094 -0.56233 -1.91281 1.01826 0.44058 -0.66847 0.31770 0.50803
1403715983.134057999 -0.44573 -1.95554 1.01945 -0.47341 0.64576 -0.34430 -0.49023
1403715983.234057903 -0.32530 -1.99272 1.01972 -0.50489 0.62033 -0.37244 -0.47070
1403715983.334058046 -0.20277 -2.02404 1.01983 -0.53729 0.59097 -0.39834 -0.45099
1403715983.434057951 -0.07745 -2.04813 1.02070 0.56882 -0.55963 0.42471 0.42764
1403715983.534058094 0.04681 -2.06430 1.02263 0.59223 -0.52317 0.45961 0.40535
1403715983.634057999 0.17079 -2.07356 1.02729 0.61034 -0.48543 0.49569 0.38228
1403715983.734057903 0.28605 -2.06462 1.03018 0.62687 -0.44937 0.52723 0.35654
1403715983.834058046 0.39416 -2.04279 1.03363 0.64435 -0.41591 0.55070 0.32948
1403715983.934057951 0.48999 -2.00542 1.03772 0.66149 -0.38328 0.56937 0.30223
1403715984.034058094 0.57114 -1.95383 1.04244 0.67868 -0.35365 0.58284 0.27317
1403715984.134057999 0.63359 -1.88714 1.04775 0.69761 -0.32651 0.58973 0.24280
1403715984.234057903 0.68357 -1.81205 1.05389 0.71447 -0.30086 0.59519 0.21157
1403715984.334058046 0.71691 -1.73050 1.06322 0.72715 -0.27288 0.60219 0.18481
1403715984.434057951 0.73738 -1.64574 1.07319 0.73777 -0.24183 0.60891 0.16257
1403715984.534058094 0.74124 -1.55694 1.08293 0.75127 -0.20980 0.60976 0.14061
1403715984.634057999 0.72902 -1.46363 1.09153 0.77140 -0.17519 0.59999 0.11947
1403715984.734057903 0.70376 -1.36766 1.09886 0.78824 -0.13910 0.59236 0.09185
1403715984.834058046 0.67671 -1.27275 1.10396 0.79565 -0.10591 0.59389 0.05489
1403715984.934057951 0.64581 -1.18117 1.10978 0.79856 -0.07154 0.59726 0.02149
1403715985.034058094 0.60893 -1.09390 1.11447 0.79870 -0.03514 0.60071 -0.00040
1403715985.134057999 0.56975 -1.01273 1.11709 0.79943 -0.00586 0.60061 -0.01223
1403715985.234057903 0.51601 -0.94045 1.12515 0.79884 0.01485 0.60115 -0.01581
1403715985.334058046 0.46182 -0.86804 1.13120 0.79887 0.03269 0.60060 -0.00408
1403715985.434057951 0.39838 -0.79255 1.13849 0.79931 0.03316 0.60000 0.00122
1403715985.534058094 0.32991 -0.71456 1.14239 0.80602 0.01668 0.59165 0.00156
1403715985.634057999 0.25696 -0.63619 1.14507 0.81985 -0.00485 0.57253 0.00521
1403715985.734057903 0.18382 -0.55955 1.14463 0.83583 -0.02541 0.54835 0.00774
1403715985.834058046 0.11718 -0.48374 1.13671 0.84607 -0.04901 0.53081 0.00194
1403715985.934057951 0.05877 -0.41019 1.12016 0.84573 -0.06713 0.52938 -0.00032
1403715986.034058094 0.01277 -0.34506 1.08949 0.83988 -0.07859 0.53705 0.00020
1403715986.134057999 -0.02734 -0.28348 1.04863 0.83297 -0.08671 0.54648 0.00034
1403715986.234057903 -0.06412 -0.22865 1.00191 0.82776 -0.09072 0.55370 0.00039
1403715986.334058046 -0.09581 -0.18364 0.95677 0.82368 -0.08549 0.56047 0.01044
1403715986.434057951 -0.12749 -0.14098 0.91238 0.81594 -0.07672 0.57254 0.02356
1403715986.534058094 -0.15912 -0.10302 0.86234 0.81993 -0.07060 0.56733 0.02963
1403715986.634057999 -0.19707 -0.06066 0.80737 0.83404 -0.06766 0.54663 0.03151
1403715986.734057903 -0.22674 -0.02360 0.75327 0.84619 -0.06667 0.52782 0.03047
1403715986.834058046 -0.24181 0.00848 0.70548 0.84800 -0.06478 0.52512 0.03080
1403715986.934057951 -0.24368 0.03692 0.66301 0.84177 -0.06460 0.53503 0.03138
1403715987.034058094 -0.23693 0.06005 0.62448 0.82772 -0.07300 0.55551 0.03095
1403715987.134057999 -0.22381 0.07806 0.58659 0.81319 -0.09049 0.57424 0.02797
1403715987.234057903 -0.21565 0.09252 0.54949 0.80080 -0.11034 0.58808 0.02649
1403715987.334058046 -0.21331 0.09931 0.51380 0.79361 -0.12522 0.59459 0.03109
1403715987.434057951 -0.21719 0.09969 0.47899 0.79431 -0.12600 0.59243 0.04729
1403715987.534058094 -0.22416 0.09646 0.44545 0.79950 -0.12247 0.58479 0.06181
1403715987.634057999 -0.23425 0.09310 0.41255 0.80484 -0.12003 0.57716 0.06868
1403715987.734057903 -0.24610 0.08975 0.38218 0.80775 -0.11658 0.57332 0.07242
1403715987.834058046 -0.26042 0.08640 0.35240 0.81538 -0.11340 0.56292 0.07359
1403715987.934057951 -0.27139 0.08364 0.32220 0.82465 -0.11132 0.54991 0.07181
1403715988.034058094 -0.27700 0.07968 0.29427 0.82935 -0.10830 0.54359 0.07042
1403715988.134057999 -0.27627 0.07510 0.27131 0.82478 -0.10497 0.55128 0.06940
1403715988.234057903 -0.27161 0.07166 0.25112 0.81790 -0.10063 0.56206 0.07072
1403715988.334058046 -0.26779 0.06973 0.23407 0.81093 -0.09667 0.57248 0.07294
1403715988.434057951 -0.26380 0.07024 0.21985 0.80582 -0.09755 0.57991 0.06953
1403715988.534058094 -0.26069 0.07127 0.20661 0.80306 -0.10350 0.58368 0.06085
1403715988.634057999 -0.26096 0.07360 0.19467 0.80247 -0.11093 0.58401 0.05163
1403715988.734057903 -0.26623 0.07276 0.18389 0.80448 -0.11851 0.58048 0.04246
1403715988.834058046 -0.27511 0.06756 0.17610 0.81057 -0.11961 0.57171 0.04256
1403715988.934057951 -0.28280 0.05684 0.17134 0.81587 -0.11625 0.56426 0.04953
1403715989.034058094 -0.28994 0.04287 0.16900 0.81786 -0.11286 0.56139 0.05671
1403715989.134057999 -0.29730 0.02722 0.16780 0.81832 -0.11163 0.56051 0.06101
1403715989.234057903 -0.30286 0.01064 0.16656 0.81882 -0.11161 0.55953 0.06321
1403715989.334058046 -0.30523 -0.00748 0.16555 0.81812 -0.11217 0.56031 0.06447
1403715989.434057951 -0.30626 -0.02609 0.16526 0.81799 -0.11219 0.56032 0.06587
1403715989.534058094 -0.30536 -0.04555 0.16537 0.81836 -0.11315 0.55964 0.06549
1403715989.634057999 -0.30108 -0.06733 0.16576 0.81492 -0.11173 0.56462 0.06801
1403715989.734057903 -0.29630 -0.08766 0.16536 0.80963 -0.10957 0.57227 0.07069
1403715989.834058046 -0.29213 -0.10775 0.16023 0.80671 -0.10670 0.57659 0.07335
1403715989.934057951 -0.29045 -0.12638 0.15174 0.80564 -0.10272 0.57830 0.07717
1403715990.034058094 -0.28975 -0.14190 0.14304 0.80650 -0.10017 0.57741 0.07818
1403715990.134057999 -0.29413 -0.15345 0.13447 0.80752 -0.09887 0.57624 0.07800
1403715990.234057903 -0.29619 -0.16328 0.12088 0.80940 -0.09724 0.57389 0.07793
1403715990.334058046 -0.29879 -0.16962 0.10686 0.81023 -0.09559 0.57291 0.07847
1403715990.434057951 -0.30193 -0.17160 0.08855 0.81146 -0.09401 0.57134 0.07921
1403715990.534058094 -0.30365 -0.17099 0.06319 0.81290 -0.09289 0.56938 0.07988
1403715990.634057999 -0.30407 -0.16448 0.02986 0.81547 -0.09238 0.56573 0.08018
1403715990.734057903 -0.30478 -0.15463 -0.00364 0.81882 -0.09221 0.56095 0.07980
1403715990.834058046 -0.30479 -0.14399 -0.03893 0.82127 -0.09194 0.55749 0.07921
1403715990.934057951 -0.30113 -0.12919 -0.06874 0.82332 -0.09135 0.55451 0.07947
1403715991.034058094 -0.28710 -0.10691 -0.09140 0.82186 -0.08983 0.55673 0.08081
1403715991.134057999 -0.26852 -0.08345 -0.10494 0.81428 -0.09340 0.56782 0.07620
1403715991.234057903 -0.26562 -0.07449 -0.10566 0.81550 -0.08569 0.56606 0.08477
1403715991.334058046 -0.27019 -0.07534 -0.10983 0.81255 -0.08732 0.57018 0.08389
1403715991.434057951 -0.27517 -0.07978 -0.11556 0.81256 -0.09218 0.57040 0.07677
1403715991.534058094 -0.28072 -0.08267 -0.11762 0.81253 -0.09309 0.57050 0.07524
1403715991.634057999 -0.28757 -0.08394 -0.11742 0.81239 -0.09360 0.57070 0.07455
1403715991.734057903 -0.29448 -0.08588 -0.11847 0.81191 -0.09382 0.57141 0.07409
1403715991.834058046 -0.29796 -0.08884 -0.12054 0.81228 -0.09401 0.57088 0.07386
1403715991.934057951 -0.29885 -0.09042 -0.12046 0.81241 -0.09392 0.57069 0.07408
1403715992.034058094 -0.30021 -0.09288 -0.12139 0.81237 -0.09395 0.57073 0.07408
1403715992.134057999 -0.30139 -0.09390 -0.12165 0.81234 -0.09391 0.57076 0.07423
1403715992.234057903 -0.30127 -0.09475 -0.12139 0.81259 -0.09393 0.57040 0.07426
1403715992.334058046 -0.30064 -0.09579 -0.12067 0.81266 -0.09407 0.57029 0.07418
1403715992.434057951 -0.30099 -0.09636 -0.12029 0.81262 -0.09423 0.57033 0.07416
1403715992.534058094 -0.30148 -0.09629 -0.11993 0.81262 -0.09434 0.57031 0.07413
1403715992.634057999 -0.30140 -0.09648 -0.11993 0.81269 -0.09439 0.57019 0.07426
1403715992.734057903 -0.30125 -0.09707 -0.12046 0.81273 -0.09450 0.57013 0.07413
1403715992.834058046 -0.30138 -0.09735 -0.11982 0.81279 -0.09464 0.57000 0.07424
1403715992.934057951 -0.30138 -0.09758 -0.11904 0.81281 -0.09470 0.56997 0.07423
1403715993.034058094 -0.30114 -0.09782 -0.11939 0.81290 -0.09476 0.56983 0.07423
1403715993.134057999 -0.30012 -0.09821 -0.11957 0.81298 -0.09485 0.56970 0.07420
1403715993.234057903 -0.29955 -0.09832 -0.11938 0.81301 -0.09487 0.56965 0.07420
1403715993.334058046 -0.29820 -0.09916 -0.11910 0.81302 -0.09489 0.56964 0.07419
1403715993.434057951 -0.29530 -0.10083 -0.11912 0.81307 -0.09502 0.56956 0.07411
1403715993.534058094 -0.29271 -0.10184 -0.11915 0.81313 -0.09499 0.56946 0.07421
1403715993.634057999 -0.29144 -0.10233 -0.11940 0.81318 -0.09505 0.56939 0.07419
1403715993.734057903 -0.29138 -0.10250 -0.11963 0.81271 -0.09498 0.57002 0.07452
1403715993.834058046 -0.29061 -0.10345 -0.11989 0.81281 -0.09517 0.56990 0.07419
1403715993.934057951 -0.28904 -0.10456 -0.11995 0.81349 -0.09549 0.56891 0.07389
