1403638130.795097113 -0.00114 0.02079 0.09540 0.80225 0.03843 0.58676 -0.10305
1403638130.895097017 -0.00436 0.02323 0.13931 0.80033 0.03668 0.58825 -0.10997
1403638130.995096922 -0.00920 0.02187 0.16510 0.79061 0.02860 0.60184 -0.10913
1403638131.095097065 -0.01418 0.02034 0.15549 0.78390 0.02388 0.61122 -0.10649
1403638131.195096970 -0.01915 0.02495 0.14194 0.79153 0.03371 0.60249 -0.09673
1403638131.295097113 -0.02196 0.02374 0.10785 0.80191 0.04806 0.58945 -0.08475
1403638131.395097017 -0.02347 0.02254 0.09832 0.80461 0.04927 0.58603 -0.08209
1403638131.495096922 -0.01990 0.02241 0.06950 0.80483 0.05017 0.58653 -0.07563
1403638131.595097065 -0.02509 0.02444 0.03567 0.80873 0.05192 0.58144 -0.07205
1403638131.695096970 -0.02880 0.02536 -0.00463 0.80999 0.05555 0.57983 -0.06805
1403638131.795097113 -0.02664 0.02372 -0.03139 0.81070 0.05972 0.57924 -0.06069
1403638131.895097017 -0.03747 0.02185 -0.07786 0.81185 0.06335 0.57816 -0.05117
1403638131.995096922 -0.04612 0.02979 -0.11680 0.81325 0.06923 0.57612 -0.04376
1403638132.095097065 -0.04001 0.02943 -0.13216 0.81842 0.08550 0.56720 -0.03419
1403638132.195096970 -0.04512 0.03377 -0.12343 0.81859 0.09202 0.56597 -0.03348
1403638132.295097113 -0.04740 0.03343 -0.08885 0.81083 0.08429 0.57728 -0.04690
1403638132.395097017 -0.05641 0.03569 -0.04186 0.80650 0.07878 0.58288 -0.06012
1403638132.495096922 -0.05501 0.03514 0.00640 0.79869 0.06759 0.59247 -0.08065
1403638132.595097065 -0.05641 0.03632 0.05560 0.78543 0.05228 0.60853 -0.10026
1403638132.695096970 -0.05492 0.04099 0.09265 0.78596 0.04804 0.60705 -0.10700
1403638132.795097113 -0.05128 0.05057 0.11733 0.79197 0.04630 0.59902 -0.10867
1403638132.895097017 -0.06106 0.05935 0.12587 0.78494 0.03716 0.60775 -0.11463
1403638132.995096922 -0.05646 0.05722 0.12354 0.77884 0.03591 0.61426 -0.12167
1403638133.095097065 -0.04578 0.04907 0.11095 0.78366 0.05012 0.60901 -0.11166
1403638133.195096970 -0.04774 0.02836 0.08320 0.78803 0.05185 0.60526 -0.09990
1403638133.295097113 -0.03753 -0.00107 0.06258 0.79066 0.04176 0.60498 -0.08427
1403638133.395097017 -0.03116 -0.03940 0.03978 0.79764 0.03480 0.59848 -0.06618
1403638133.495096922 -0.02846 -0.08713 0.01878 0.80205 0.02115 0.59506 -0.04655
1403638133.595097065 -0.03049 -0.13549 0.00194 0.80520 -0.00097 0.59175 -0.03853
1403638133.695096970 -0.03849 -0.18010 -0.01390 0.80986 -0.01823 0.58518 -0.03691
1403638133.795097113 -0.04931 -0.22210 -0.02870 0.81268 -0.03186 0.58138 -0.02302
1403638133.895097017 -0.05382 -0.25221 -0.04371 0.81562 -0.03952 0.57719 -0.00671
1403638133.995096922 -0.04181 -0.26176 -0.04949 0.81548 -0.04614 0.57694 0.00122
1403638134.095097065 -0.02375 -0.24921 -0.05195 0.81842 -0.04146 0.57310 0.00512
1403638134.195096970 0.00133 -0.22406 -0.04943 0.81979 -0.03557 0.57150 0.00860
1403638134.295097113 0.02795 -0.18974 -0.04300 0.81100 -0.04383 0.58339 0.00413
1403638134.395097017 0.06053 -0.14300 -0.03994 0.81297 -0.04925 0.58021 -0.00370
1403638134.495096922 0.08938 -0.09925 -0.03810 0.81466 -0.05308 0.57741 -0.01068
1403638134.595097065 0.10635 -0.05368 -0.03461 0.81335 -0.05853 0.57845 -0.02077
1403638134.695096970 0.11788 -0.00845 -0.02960 0.81705 -0.05735 0.57315 -0.02545
1403638134.795097113 0.12187 0.03951 -0.02352 0.82387 -0.05165 0.56378 -0.02702
1403638134.895097017 0.13551 0.08220 -0.01792 0.82613 -0.04746 0.56095 -0.02432
1403638134.995096922 0.13881 0.11926 -0.01202 0.82239 -0.04828 0.56631 -0.02512
1403638135.095097065 0.13415 0.15074 -0.01138 0.82592 -0.04062 0.56192 -0.02121
1403638135.195096970 0.12806 0.17087 -0.01682 0.82998 -0.03319 0.55646 -0.01933
1403638135.295097113 0.12773 0.17425 -0.02664 0.83190 -0.03022 0.55384 -0.01714
1403638135.395097017 0.11621 0.16479 -0.03633 0.82957 -0.03226 0.55728 -0.01453
1403638135.495096922 0.11218 0.14601 -0.04778 0.83213 -0.03108 0.55368 -0.00569
1403638135.595097065 0.09950 0.11942 -0.04968 0.83681 -0.03095 0.54661 0.00244
1403638135.695096970 0.09637 0.08140 -0.05249 0.83325 -0.04027 0.55139 0.00621
1403638135.795097113 0.08620 0.04402 -0.05722 0.83070 -0.05310 0.55418 0.00307
1403638135.895097017 0.06901 0.01142 -0.05892 0.83583 -0.04764 0.54678 0.01254
1403638135.995096922 0.04954 -0.01968 -0.05219 0.84099 -0.04232 0.53887 0.02366
1403638136.095097065 0.03316 -0.05644 -0.03572 0.83414 -0.04800 0.54856 0.03151
1403638136.195096970 0.01388 -0.10040 -0.02168 0.82446 -0.06209 0.56178 0.02841
1403638136.295097113 -0.00626 -0.14434 -0.02100 0.82219 -0.06684 0.56425 0.03384
1403638136.395097017 -0.02476 -0.17908 -0.03068 0.82406 -0.06750 0.56081 0.04311
1403638136.495096922 -0.04011 -0.19812 -0.03754 0.82648 -0.06927 0.55656 0.04871
1403638136.595097065 -0.04786 -0.19554 -0.03413 0.82735 -0.07979 0.55435 0.04270
1403638136.695096970 -0.04809 -0.17454 -0.02152 0.82612 -0.08169 0.55680 0.02892
1403638136.795097113 -0.04498 -0.14377 -0.00896 0.82543 -0.07743 0.55907 0.01104
1403638136.895097017 -0.03816 -0.10567 -0.00207 0.81808 -0.07926 0.56942 -0.01488
1403638136.995096922 -0.03121 -0.06651 -0.00772 0.80817 -0.08271 0.58207 -0.03497
1403638137.095097065 -0.02887 -0.02772 -0.03127 0.80820 -0.07702 0.58233 -0.04203
1403638137.195096970 -0.02494 0.00370 -0.06695 0.81545 -0.06270 0.57406 -0.03964
1403638137.295097113 -0.02346 0.02821 -0.10643 0.82349 -0.04778 0.56415 -0.03620
1403638137.395097017 -0.02441 0.04879 -0.14521 0.82830 -0.03954 0.55784 -0.03436
1403638137.495096922 -0.02540 0.06149 -0.18139 0.83558 -0.02999 0.54802 -0.02429
1403638137.595097065 -0.02547 0.06999 -0.21326 0.84345 -0.01787 0.53683 -0.00945
1403638137.695096970 -0.02530 0.07639 -0.23563 0.84401 -0.01747 0.53604 -0.00165
1403638137.795097113 -0.02590 0.08036 -0.25272 0.84337 -0.02259 0.53686 0.00053
1403638137.895097017 -0.02921 0.08313 -0.26597 0.84877 -0.01865 0.52838 0.00730
1403638137.995096922 -0.02845 0.08877 -0.27539 0.85682 -0.01014 0.51534 0.01358
1403638138.095097065 -0.02666 0.09259 -0.28142 0.85679 -0.00622 0.51541 0.01499
1403638138.195096970 -0.02001 0.08581 -0.28381 0.84926 -0.01406 0.52768 0.01037
1403638138.295097113 -0.01766 0.08557 -0.28616 0.84547 -0.01680 0.53370 0.00761
1403638138.395097017 -0.02949 0.08229 -0.28807 0.84062 -0.01706 0.54131 0.00694
1403638138.495096922 -0.03024 0.08234 -0.28804 0.84018 -0.01586 0.54203 0.00747
1403638138.595097065 -0.03104 0.08250 -0.28833 0.83999 -0.01579 0.54233 0.00691
1403638138.695096970 -0.03078 0.08259 -0.28859 0.83986 -0.01632 0.54252 0.00603
1403638138.795097113 -0.03053 0.08242 -0.28850 0.83984 -0.01574 0.54258 0.00601
1403638138.895097017 -0.03013 0.08284 -0.28956 0.83962 -0.01674 0.54289 0.00460
1403638138.995096922 -0.02999 0.08263 -0.28936 0.83962 -0.01628 0.54291 0.00481
1403638139.095097065 -0.03011 0.08262 -0.28950 0.83961 -0.01594 0.54294 0.00501
1403638139.195096970 -0.03026 0.08260 -0.28957 0.83950 -0.01571 0.54311 0.00521
1403638139.295097113 -0.03029 0.08251 -0.28970 0.83943 -0.01564 0.54322 0.00519
1403638139.395097017 -0.03024 0.08250 -0.28978 0.83939 -0.01574 0.54328 0.00498
1403638139.495096922 -0.03032 0.08236 -0.28983 0.83935 -0.01583 0.54334 0.00471
1403638139.595097065 -0.03023 0.08236 -0.29011 0.83932 -0.01587 0.54338 0.00461
1403638139.695096970 -0.03008 0.08250 -0.29029 0.83927 -0.01588 0.54346 0.00457
1403638139.795097113 -0.03012 0.08251 -0.29035 0.83926 -0.01591 0.54347 0.00446
1403638139.895097017 -0.03022 0.08234 -0.29034 0.83923 -0.01585 0.54352 0.00451
1403638139.995096922 -0.03020 0.08228 -0.29046 0.83923 -0.01581 0.54353 0.00444
1403638140.095097065 -0.03012 0.08236 -0.29049 0.83922 -0.01581 0.54354 0.00441
1403638140.195096970 -0.03004 0.08246 -0.29062 0.83919 -0.01583 0.54359 0.00433
1403638140.295097113 -0.03000 0.08238 -0.29079 0.83916 -0.01583 0.54363 0.00427
1403638140.395097017 -0.03013 0.08224 -0.29087 0.83914 -0.01583 0.54367 0.00420
1403638140.495096922 -0.03036 0.08217 -0.29085 0.83913 -0.01583 0.54369 0.00415
1403638140.595097065 -0.03019 0.08216 -0.29087 0.83910 -0.01581 0.54373 0.00410
1403638140.695096970 -0.02997 0.08219 -0.29114 0.83907 -0.01577 0.54377 0.00408
1403638140.795097113 -0.03006 0.08227 -0.29112 0.83905 -0.01581 0.54381 0.00407
1403638140.895097017 -0.03008 0.08224 -0.29117 0.83904 -0.01583 0.54382 0.00403
1403638140.995096922 -0.03002 0.08215 -0.29132 0.83904 -0.01581 0.54382 0.00400
1403638141.095097065 -0.02998 0.08221 -0.29141 0.83900 -0.01579 0.54389 0.00399
1403638141.195096970 -0.03000 0.08215 -0.29150 0.83897 -0.01576 0.54394 0.00388
1403638141.295097113 -0.03005 0.08202 -0.29171 0.83898 -0.01575 0.54392 0.00387
1403638141.395097017 -0.03020 0.08199 -0.29168 0.83894 -0.01574 0.54399 0.00386
1403638141.495096922 -0.03026 0.08195 -0.29166 0.83893 -0.01575 0.54400 0.00381
1403638141.595097065 -0.03030 0.08197 -0.29169 0.83891 -0.01574 0.54404 0.00385
1403638141.695096970 -0.03013 0.08205 -0.29173 0.83889 -0.01571 0.54406 0.00382
1403638141.795097113 -0.03020 0.08189 -0.29184 0.83888 -0.01568 0.54407 0.00377
1403638141.895097017 -0.03012 0.08189 -0.29181 0.83886 -0.01565 0.54411 0.00374
1403638141.995096922 -0.03004 0.08202 -0.29189 0.83882 -0.01562 0.54417 0.00374
1403638142.095097065 -0.02998 0.08211 -0.29176 0.83883 -0.01555 0.54416 0.00377
1403638142.195096970 -0.03034 0.08185 -0.29200 0.83879 -0.01580 0.54421 0.00386
1403638142.295097113 -0.03088 0.08178 -0.29172 0.83880 -0.01614 0.54419 0.00424
1403638142.395097017 -0.03140 0.08167 -0.29161 0.83883 -0.01605 0.54414 0.00437
1403638142.495096922 -0.03093 0.08186 -0.29215 0.83888 -0.01597 0.54406 0.00410
1403638142.595097065 -0.03073 0.08189 -0.29228 0.83884 -0.01555 0.54414 0.00361
1403638142.695096970 -0.03106 0.08187 -0.29236 0.83889 -0.01568 0.54405 0.00396
1403638142.795097113 -0.03148 0.08169 -0.29264 0.83894 -0.01595 0.54397 0.00448
1403638142.895097017 -0.03161 0.08173 -0.29288 0.83893 -0.01585 0.54399 0.00448
1403638142.995096922 -0.03144 0.08163 -0.29297 0.83890 -0.01555 0.54404 0.00441
1403638143.095097065 -0.03165 0.08154 -0.29333 0.83891 -0.01562 0.54403 0.00453
1403638143.195096970 -0.03166 0.08160 -0.29338 0.83892 -0.01575 0.54401 0.00452
1403638143.295097113 -0.03172 0.08163 -0.29354 0.83888 -0.01585 0.54407 0.00452
1403638143.395097017 -0.03155 0.08173 -0.29343 0.83886 -0.01590 0.54409 0.00468
1403638143.495096922 -0.03159 0.08168 -0.29339 0.83885 -0.01592 0.54411 0.00482
1403638143.595097065 -0.03156 0.08171 -0.29302 0.83888 -0.01611 0.54406 0.00505
1403638143.695096970 -0.03137 0.08163 -0.29286 0.83887 -0.01612 0.54408 0.00491
1403638143.795097113 -0.03129 0.08156 -0.29269 0.83885 -0.01604 0.54411 0.00488
1403638143.895097017 -0.03116 0.08156 -0.29235 0.83883 -0.01611 0.54413 0.00489
1403638143.995096922 -0.03111 0.08155 -0.29229 0.83880 -0.01614 0.54417 0.00493
1403638144.095097065 -0.03120 0.08149 -0.29218 0.83883 -0.01614 0.54413 0.00491
1403638144.195096970 -0.03111 0.08146 -0.29180 0.83879 -0.01609 0.54420 0.00497
1403638144.295097113 -0.03090 0.08147 -0.29168 0.83876 -0.01599 0.54424 0.00490
1403638144.395097017 -0.03097 0.08136 -0.29164 0.83874 -0.01600 0.54428 0.00487
1403638144.495096922 -0.03098 0.08134 -0.29140 0.83874 -0.01602 0.54428 0.00494
1403638144.595097065 -0.03071 0.08143 -0.29113 0.83874 -0.01602 0.54427 0.00491
1403638144.695096970 -0.03079 0.08127 -0.29134 0.83866 -0.01587 0.54441 0.00478
1403638144.795097113 -0.03113 0.08126 -0.29138 0.83864 -0.01593 0.54443 0.00480
1403638144.895097017 -0.03097 0.08119 -0.29111 0.83870 -0.01596 0.54434 0.00489
1403638144.995096922 -0.03077 0.08134 -0.29136 0.83862 -0.01592 0.54446 0.00495
1403638145.095097065 -0.03085 0.08124 -0.29140 0.83861 -0.01593 0.54447 0.00492
1403638145.195096970 -0.03084 0.08132 -0.29108 0.83859 -0.01592 0.54451 0.00498
1403638145.295097113 -0.03083 0.08116 -0.29079 0.83863 -0.01591 0.54444 0.00498
1403638145.395097017 -0.03087 0.08131 -0.29085 0.83859 -0.01593 0.54451 0.00511
1403638145.495096922 -0.03102 0.08116 -0.29085 0.83857 -0.01588 0.54454 0.00509
1403638145.595097065 -0.03113 0.08123 -0.29095 0.83854 -0.01584 0.54458 0.00506
1403638145.695096970 -0.03108 0.08113 -0.29094 0.83851 -0.01588 0.54463 0.00506
1403638145.795097113 -0.03114 0.08113 -0.29074 0.83854 -0.01579 0.54458 0.00515
1403638145.895097017 -0.03114 0.08106 -0.29063 0.83850 -0.01579 0.54465 0.00516
1403638145.995096922 -0.03114 0.08103 -0.29088 0.83848 -0.01580 0.54467 0.00514
1403638146.095097065 -0.03113 0.08119 -0.29102 0.83849 -0.01574 0.54466 0.00515
1403638146.195096970 -0.03149 0.08103 -0.29123 0.83843 -0.01584 0.54475 0.00522
1403638146.295097113 -0.03156 0.08095 -0.29112 0.83846 -0.01587 0.54470 0.00538
1403638146.395097017 -0.03151 0.08103 -0.29125 0.83846 -0.01585 0.54470 0.00550
1403638146.495096922 -0.03152 0.08110 -0.29124 0.83848 -0.01596 0.54468 0.00556
1403638146.595097065 -0.03169 0.08097 -0.29117 0.83844 -0.01594 0.54474 0.00566
1403638146.695096970 -0.03187 0.08094 -0.29149 0.83847 -0.01596 0.54469 0.00575
1403638146.795097113 -0.03181 0.08107 -0.29203 0.83838 -0.01602 0.54482 0.00582
1403638146.895097017 -0.03213 0.08106 -0.29231 0.83844 -0.01605 0.54473 0.00604
1403638146.995096922 -0.03211 0.08098 -0.29187 0.83856 -0.01609 0.54453 0.00617
1403638147.095097065 -0.03198 0.08114 -0.29179 0.83858 -0.01598 0.54451 0.00604
1403638147.195096970 -0.03176 0.08116 -0.29126 0.83869 -0.01582 0.54435 0.00613
1403638147.295097113 -0.03231 0.08105 -0.29205 0.83862 -0.01598 0.54445 0.00600
1403638147.395097017 -0.03210 0.08114 -0.29192 0.83850 -0.01593 0.54464 0.00610
1403638147.495096922 -0.03182 0.08120 -0.29137 0.83807 -0.01588 0.54530 0.00602
1403638147.595097065 -0.03139 0.08135 -0.29074 0.83768 -0.01614 0.54589 0.00551
1403638147.695096970 -0.03086 0.08126 -0.29036 0.83783 -0.01526 0.54570 0.00509
1403638147.795097113 -0.02881 0.08056 -0.28684 0.83569 -0.01579 0.54894 0.00547
1403638147.895097017 -0.02763 0.07915 -0.28243 0.82861 -0.01896 0.55946 0.00747
1403638147.995096922 -0.02207 0.07770 -0.27026 0.82218 -0.02165 0.56877 0.00750
1403638148.095097065 -0.01050 0.07493 -0.25240 0.81717 -0.02087 0.57596 0.00767
1403638148.195096970 -0.00096 0.07258 -0.22493 0.81424 -0.01775 0.58021 0.00803
1403638148.295097113 0.00543 0.06939 -0.18322 0.81385 -0.01490 0.58085 0.00630
1403638148.395097017 0.01780 0.06889 -0.13446 0.81349 -0.01197 0.58144 0.00466
1403638148.495096922 0.02539 0.07010 -0.10169 0.81721 -0.00871 0.57626 0.00486
1403638148.595097065 0.03004 0.06990 -0.09151 0.82112 -0.00601 0.57070 0.00513
1403638148.695096970 0.03842 0.07146 -0.09956 0.82470 -0.00364 0.56554 0.00463
1403638148.795097113 0.05519 0.07618 -0.10827 0.82714 -0.00225 0.56198 0.00285
1403638148.895097017 0.07009 0.07998 -0.10550 0.82781 -0.00077 0.56101 0.00141
1403638148.995096922 0.09168 0.08540 -0.08762 0.82590 0.00042 0.56382 0.00003
1403638149.095097065 0.11000 0.09055 -0.05723 0.82211 0.00184 0.56932 -0.00060
1403638149.195096970 0.12970 0.09651 -0.02280 0.81977 0.00225 0.57268 -0.00096
1403638149.295097113 0.15580 0.10472 0.01064 0.81856 0.00088 0.57441 -0.00286
1403638149.395097017 0.17647 0.11186 0.03776 0.81725 0.00077 0.57626 -0.00384
1403638149.495096922 0.20203 0.12366 0.06188 0.81641 0.00124 0.57747 -0.00329
1403638149.595097065 0.22205 0.13164 0.07830 0.81618 0.00277 0.57778 -0.00254
1403638149.695096970 0.24184 0.14274 0.08997 0.81609 0.00741 0.57785 -0.00510
1403638149.795097113 0.26131 0.15557 0.09889 0.81602 0.01262 0.57783 -0.00800
1403638149.895097017 0.28539 0.16988 0.11240 0.81577 0.01631 0.57805 -0.01066
1403638149.995096922 0.30650 0.18200 0.11771 0.81603 0.02025 0.57755 -0.01101
1403638150.095097065 0.33495 0.19840 0.12252 0.81574 0.02648 0.57779 -0.00459
1403638150.195096970 0.35530 0.21569 0.11065 0.81561 0.03296 0.57766 0.00222
1403638150.295097113 0.37719 0.23873 0.09886 0.81648 0.03534 0.57627 0.00598
1403638150.395097017 0.40484 0.26904 0.08729 0.82072 0.03444 0.57028 0.00356
1403638150.495096922 0.42619 0.30467 0.07446 0.82640 0.03464 0.56197 -0.00734
1403638150.595097065 0.45534 0.34505 0.07205 0.82986 0.03921 0.55637 -0.01535
1403638150.695096970 0.48817 0.38736 0.07757 0.82987 0.04335 0.55585 -0.02165
1403638150.795097113 0.52206 0.42896 0.08783 0.82833 0.04980 0.55745 -0.02513
1403638150.895097017 0.56169 0.47688 0.10254 0.82523 0.05888 0.56095 -0.02929
1403638150.995096922 0.59906 0.52139 0.11518 0.82048 0.06678 0.56677 -0.03355
1403638151.095097065 0.64050 0.57471 0.12227 0.81763 0.07872 0.56899 -0.03909
1403638151.195096970 0.67930 0.62624 0.12085 0.81432 0.09587 0.57040 -0.04836
1403638151.295097113 0.71930 0.68086 0.11362 0.81298 0.11475 0.56747 -0.06226
1403638151.395097017 0.75836 0.73875 0.10506 0.81050 0.13508 0.56464 -0.07762
1403638151.495096922 0.79754 0.79628 0.10250 0.80721 0.15431 0.56203 -0.09336
1403638151.595097065 0.83590 0.85789 0.10418 0.80420 0.17067 0.55943 -0.10570
1403638151.695096970 0.87418 0.91942 0.11223 0.80118 0.18286 0.55819 -0.11445
1403638151.795097113 0.91122 0.98200 0.12829 0.80004 0.19133 0.55597 -0.11932
1403638151.895097017 0.94593 1.04671 0.15206 0.79937 0.19607 0.55460 -0.12241
1403638151.995096922 0.98133 1.11284 0.18005 0.79926 0.19976 0.55350 -0.12215
1403638152.095097065 1.01727 1.18430 0.20501 0.79959 0.20054 0.55273 -0.12213
1403638152.195096970 1.04970 1.25264 0.22640 0.79955 0.20099 0.55274 -0.12164
1403638152.295097113 1.08075 1.32483 0.23900 0.79905 0.20232 0.55353 -0.11913
1403638152.395097017 1.11375 1.39988 0.24592 0.79890 0.20335 0.55415 -0.11543
1403638152.495096922 1.14722 1.48005 0.24391 0.79941 0.20390 0.55401 -0.11158
1403638152.595097065 1.17547 1.56164 0.23664 0.79951 0.20324 0.55407 -0.11169
1403638152.695096970 1.20534 1.64973 0.22780 0.80141 0.20160 0.55084 -0.11693
1403638152.795097113 1.23510 1.74087 0.22651 0.79968 0.20479 0.55049 -0.12466
1403638152.895097017 1.26102 1.83080 0.23149 0.79523 0.21076 0.55194 -0.13622
1403638152.995096922 1.28679 1.91951 0.24261 0.79053 0.22208 0.55143 -0.14724
1403638153.095097065 1.31426 2.00862 0.26075 0.79023 0.23439 0.54440 -0.15567
1403638153.195096970 1.34334 2.10138 0.28045 0.79032 0.24424 0.53839 -0.16083
1403638153.295097113 1.37205 2.18893 0.29701 0.78904 0.25301 0.53515 -0.16437
1403638153.395097017 1.40071 2.27252 0.30969 0.78664 0.26366 0.53149 -0.17090
1403638153.495096922 1.43309 2.36572 0.31997 0.78213 0.28016 0.52891 -0.17330
1403638153.595097065 1.46694 2.45990 0.33630 0.77682 0.29866 0.52568 -0.17611
1403638153.695096970 1.49933 2.55939 0.35727 0.77014 0.31533 0.52278 -0.18481
1403638153.795097113 1.53108 2.66511 0.37509 0.76294 0.32784 0.52093 -0.19770
1403638153.895097017 1.55810 2.76602 0.38827 0.75629 0.33715 0.52040 -0.20866
1403638153.995096922 1.58635 2.87324 0.39322 0.75086 0.34125 0.52151 -0.21858
1403638154.095097065 1.61214 2.98292 0.39779 0.74689 0.34378 0.52304 -0.22448
1403638154.195096970 1.63824 3.09265 0.39498 0.74171 0.34525 0.52823 -0.22726
1403638154.295097113 1.66433 3.20594 0.38934 0.73765 0.34603 0.53314 -0.22779
1403638154.395097017 1.68709 3.32046 0.38286 0.73263 0.34329 0.54048 -0.23084
1403638154.495096922 1.70560 3.43255 0.36965 0.72953 0.34015 0.54559 -0.23325
1403638154.595097065 1.72114 3.54661 0.36152 0.73086 0.33982 0.54340 -0.23469
1403638154.695096970 1.72526 3.65095 0.35651 0.73324 0.34431 0.53630 -0.23704
1403638154.795097113 1.72781 3.75936 0.36192 0.73385 0.35410 0.52955 -0.23592
1403638154.895097017 1.72716 3.86432 0.37275 0.73206 0.36323 0.52632 -0.23482
1403638154.995096922 1.72109 3.96804 0.39059 0.72806 0.37249 0.52475 -0.23625
1403638155.095097065 1.71009 4.07222 0.41547 0.72219 0.38233 0.52296 -0.24244
1403638155.195096970 1.69476 4.18221 0.43846 0.71660 0.38924 0.52171 -0.25061
1403638155.295097113 1.67501 4.29570 0.45496 0.71020 0.39376 0.52361 -0.25767
1403638155.395097017 1.64887 4.40503 0.46564 0.70281 0.40016 0.52604 -0.26308
1403638155.495096922 1.61737 4.51074 0.46793 0.69570 0.40935 0.52602 -0.26783
1403638155.595097065 1.57817 4.61209 0.46381 0.68997 0.41599 0.52109 -0.28169
1403638155.695096970 1.53131 4.70739 0.45666 0.68097 0.42365 0.51652 -0.30000
1403638155.795097113 1.48037 4.79851 0.44384 0.67221 0.43603 0.50895 -0.31461
1403638155.895097017 1.42420 4.88276 0.42783 0.66496 0.45197 0.49631 -0.32745
1403638155.995096922 1.36569 4.96587 0.41370 0.65959 0.47282 0.47767 -0.33648
1403638156.095097065 1.30644 5.04699 0.40837 0.65308 0.49480 0.45832 -0.34438
1403638156.195096970 1.24827 5.12688 0.41110 0.64487 0.51026 0.44440 -0.35536
1403638156.295097113 1.19144 5.20580 0.42084 0.63719 0.52590 0.43122 -0.36257
1403638156.395097017 1.13736 5.28404 0.43019 0.63189 0.53721 0.42021 -0.36817
1403638156.495096922 1.08582 5.36284 0.43212 0.62864 0.54466 0.41244 -0.37154
1403638156.595097065 1.03732 5.44406 0.42900 0.62555 0.54858 0.40931 -0.37445
1403638156.695096970 0.99152 5.52654 0.41893 0.62460 0.55053 0.40754 -0.37512
1403638156.795097113 0.94893 5.61003 0.40473 0.62381 0.55137 0.40759 -0.37513
1403638156.895097017 0.90865 5.70013 0.38772 0.62439 0.55114 0.40803 -0.37403
1403638156.995096922 0.87146 5.78855 0.37144 0.62597 0.54994 0.40890 -0.37220
1403638157.095097065 0.83840 5.88764 0.36401 0.62905 0.54919 0.40755 -0.36958
1403638157.195096970 0.80542 5.99211 0.36315 0.63256 0.54929 0.40605 -0.36507
1403638157.295097113 0.77450 6.09763 0.36841 0.63272 0.54825 0.40633 -0.36603
1403638157.395097017 0.74098 6.20589 0.37988 0.62848 0.55095 0.40982 -0.36540
1403638157.495096922 0.70941 6.32088 0.38796 0.62227 0.55363 0.41374 -0.36754
1403638157.595097065 0.68084 6.43686 0.38926 0.61317 0.55805 0.41574 -0.37386
1403638157.695096970 0.64961 6.55432 0.38802 0.59910 0.56628 0.41812 -0.38154
1403638157.795097113 0.62135 6.66934 0.39015 0.58416 0.57848 0.41527 -0.38945
1403638157.895097017 0.58459 6.78652 0.40086 0.57039 0.59020 0.40618 -0.40166
1403638157.995096922 0.54874 6.89962 0.41899 0.55817 0.60131 0.39691 -0.41149
1403638158.095097065 0.51185 7.01178 0.43396 0.55249 0.60928 0.38316 -0.42038
1403638158.195096970 0.47865 7.12225 0.44344 0.54873 0.61314 0.37294 -0.42880
1403638158.295097113 0.45035 7.23284 0.44551 0.54390 0.61685 0.36989 -0.43226
1403638158.395097017 0.42264 7.34433 0.44201 0.54012 0.62075 0.37016 -0.43117
1403638158.495096922 0.39533 7.45677 0.43533 0.53541 0.62368 0.37449 -0.42908
1403638158.595097065 0.36706 7.56472 0.42609 0.53267 0.62480 0.37842 -0.42742
1403638158.695096970 0.33341 7.67575 0.41767 0.53330 0.62297 0.37948 -0.42837
1403638158.795097113 0.29944 7.78231 0.40934 0.53792 0.62133 0.37472 -0.42916
1403638158.895097017 0.26491 7.89074 0.40675 0.54431 0.62050 0.36851 -0.42767
1403638158.995096922 0.22935 8.00382 0.41260 0.54939 0.62046 0.36383 -0.42524
1403638159.095097065 0.19719 8.10569 0.42609 0.55529 0.62405 0.35702 -0.41804
1403638159.195096970 0.16431 8.22245 0.43969 0.56230 0.62918 0.34851 -0.40803
1403638159.295097113 0.13147 8.34431 0.44899 0.56270 0.62725 0.35043 -0.40881
1403638159.395097017 0.10090 8.47015 0.45635 0.55698 0.61679 0.36080 -0.42328
1403638159.495096922 0.07598 8.59571 0.46550 0.54950 0.60315 0.37257 -0.44209
1403638159.595097065 0.05338 8.71883 0.48008 0.54753 0.58837 0.37454 -0.46234
1403638159.695096970 0.03869 8.83422 0.50156 0.54797 0.57811 0.37248 -0.47622
1403638159.795097113 0.03538 8.93893 0.53033 0.54667 0.57626 0.37315 -0.47941
1403638159.895097017 0.04318 9.03508 0.56787 0.54042 0.58188 0.38196 -0.47273
1403638159.995096922 0.05690 9.11891 0.61479 0.53445 0.58950 0.39027 -0.46319
1403638160.095097065 0.07529 9.19837 0.66624 0.53276 0.59542 0.39169 -0.45631
1403638160.195096970 0.09742 9.26935 0.72599 0.53630 0.60407 0.38536 -0.44606
1403638160.295097113 0.11805 9.33889 0.79616 0.54261 0.61362 0.37502 -0.43406
1403638160.395097017 0.14003 9.40749 0.87184 0.54599 0.62039 0.36907 -0.42521
1403638160.495096922 0.16278 9.48194 0.94400 0.54774 0.62208 0.36625 -0.42292
1403638160.595097065 0.18304 9.55516 1.01330 0.54843 0.62282 0.36531 -0.42174
1403638160.695096970 0.20410 9.62889 1.07686 0.54872 0.62241 0.36530 -0.42198
1403638160.795097113 0.22556 9.69995 1.13674 0.54915 0.61566 0.36604 -0.43059
1403638160.895097017 0.25134 9.77019 1.19384 0.55118 0.60137 0.37293 -0.44213
1403638160.995096922 0.28435 9.84306 1.24041 0.55593 0.58698 0.38414 -0.44591
1403638161.095097065 0.31737 9.90923 1.28989 0.56525 0.57412 0.39433 -0.44202
1403638161.195096970 0.35778 9.95688 1.33225 0.57783 0.56358 0.40462 -0.42986
1403638161.295097113 0.40097 10.01694 1.37778 0.59411 0.55072 0.41426 -0.41488
1403638161.395097017 0.44441 10.06553 1.42139 0.61100 0.53937 0.42051 -0.39865
1403638161.495096922 0.48925 10.11638 1.46171 0.62520 0.53337 0.42234 -0.38245
1403638161.595097065 0.53789 10.17335 1.50075 0.63494 0.52762 0.42373 -0.37272
1403638161.695096970 0.58666 10.22467 1.53227 0.64244 0.52105 0.42351 -0.36934
1403638161.795097113 0.63482 10.28150 1.55794 0.64621 0.51375 0.42588 -0.37026
1403638161.895097017 0.68591 10.33574 1.57883 0.64780 0.50544 0.43367 -0.36988
1403638161.995096922 0.74057 10.38813 1.59797 0.65166 0.49805 0.43952 -0.36622
1403638162.095097065 0.79695 10.44229 1.61790 0.65533 0.49290 0.44228 -0.36330
1403638162.195096970 0.85605 10.49825 1.64493 0.66093 0.48936 0.43941 -0.36141
1403638162.295097113 0.91723 10.55101 1.67200 0.66538 0.48698 0.43669 -0.35974
1403638162.395097017 0.98359 10.60037 1.69734 0.66770 0.48317 0.43517 -0.36243
1403638162.495096922 1.05526 10.65101 1.71564 0.66656 0.48149 0.43781 -0.36357
1403638162.595097065 1.13060 10.69821 1.73784 0.66453 0.48420 0.44064 -0.36026
1403638162.695096970 1.20897 10.74954 1.75899 0.66210 0.48824 0.44319 -0.35613
1403638162.795097113 1.29094 10.79337 1.79449 0.66341 0.48925 0.44151 -0.35438
1403638162.895097017 1.37561 10.84042 1.83251 0.66705 0.48341 0.44148 -0.35561
1403638162.995096922 1.46376 10.88331 1.88016 0.66697 0.47411 0.44709 -0.36122
1403638163.095097065 1.55940 10.93170 1.91956 0.66580 0.46479 0.45489 -0.36572
1403638163.195096970 1.65598 10.97140 1.94019 0.66984 0.45882 0.45964 -0.35990
1403638163.295097113 1.75875 11.00880 1.94853 0.67547 0.45353 0.46585 -0.34790
1403638163.395097017 1.86547 11.04468 1.94973 0.68137 0.44517 0.47440 -0.33541
1403638163.495096922 1.97461 11.07801 1.95029 0.68844 0.43493 0.48058 -0.32548
1403638163.595097065 2.08495 11.11027 1.95588 0.69408 0.42678 0.48393 -0.31927
1403638163.695096970 2.19260 11.13863 1.96892 0.69671 0.42213 0.48753 -0.31419
1403638163.795097113 2.29770 11.16310 1.99154 0.69785 0.41923 0.49007 -0.31157
1403638163.895097017 2.39571 11.17731 2.02272 0.69903 0.41555 0.49052 -0.31315
1403638163.995096922 2.49283 11.18985 2.06055 0.70187 0.41281 0.48683 -0.31617
1403638164.095097065 2.59242 11.20057 2.10522 0.70351 0.41139 0.48329 -0.31980
1403638164.195096970 2.69773 11.21254 2.15612 0.70347 0.40937 0.48168 -0.32486
1403638164.295097113 2.80032 11.21639 2.20336 0.70161 0.40844 0.48248 -0.32883
1403638164.395097017 2.90698 11.21595 2.24511 0.70005 0.40836 0.48291 -0.33162
1403638164.495096922 3.01612 11.21081 2.27927 0.69968 0.40885 0.48166 -0.33360
1403638164.595097065 3.13582 11.20872 2.31072 0.70036 0.40754 0.47962 -0.33671
1403638164.695096970 3.25321 11.19226 2.33607 0.70255 0.40451 0.48070 -0.33423
1403638164.795097113 3.37465 11.17166 2.35756 0.70046 0.40413 0.49035 -0.32495
1403638164.895097017 3.50323 11.14976 2.37847 0.69492 0.40711 0.50396 -0.31204
1403638164.995096922 3.62316 11.12031 2.39459 0.69289 0.40386 0.51122 -0.30896
1403638165.095097065 3.74122 11.08717 2.40450 0.69619 0.39078 0.51287 -0.31557
1403638165.195096970 3.85376 11.04807 2.40762 0.70431 0.38428 0.50832 -0.31288
1403638165.295097113 3.96402 11.00348 2.40437 0.71605 0.38335 0.49747 -0.30470
1403638165.395097017 4.07651 10.95539 2.39807 0.72331 0.37793 0.49169 -0.30370
1403638165.495096922 4.18873 10.90365 2.38711 0.72124 0.37403 0.49824 -0.30277
1403638165.595097065 4.30493 10.84772 2.37474 0.71354 0.37008 0.51183 -0.30319
1403638165.695096970 4.41986 10.78509 2.35929 0.70431 0.36841 0.52610 -0.30239
1403638165.795097113 4.53189 10.71846 2.33470 0.70099 0.37012 0.53153 -0.29850
1403638165.895097017 4.63559 10.64703 2.30662 0.70656 0.37457 0.52429 -0.29256
1403638165.995096922 4.73497 10.57217 2.28649 0.71263 0.37939 0.51576 -0.28672
1403638166.095097065 4.83400 10.49538 2.27514 0.71784 0.38492 0.50790 -0.28031
1403638166.195096970 4.93010 10.41724 2.27669 0.71896 0.39035 0.50472 -0.27565
1403638166.295097113 5.02252 10.34031 2.29939 0.71790 0.39401 0.50422 -0.27413
1403638166.395097017 5.11300 10.26724 2.34130 0.71665 0.39758 0.50418 -0.27229
1403638166.495096922 5.19376 10.19323 2.39293 0.71631 0.39985 0.50336 -0.27138
1403638166.595097065 5.27414 10.12606 2.43892 0.71562 0.40017 0.50310 -0.27321
1403638166.695096970 5.34992 10.06523 2.47676 0.71671 0.39907 0.50075 -0.27626
1403638166.795097113 5.42463 9.99810 2.50604 0.72153 0.39533 0.49268 -0.28350
1403638166.895097017 5.50047 9.94313 2.52551 0.73255 0.39218 0.47581 -0.28838
1403638166.995096922 5.58268 9.87910 2.53899 0.74079 0.39360 0.46290 -0.28641
1403638167.095097065 5.67169 9.82483 2.55172 0.74344 0.39745 0.45879 -0.28079
1403638167.195096970 5.76927 9.77618 2.57177 0.74145 0.40144 0.46179 -0.27542
1403638167.295097113 5.87278 9.73622 2.60019 0.73835 0.40441 0.46658 -0.27129
1403638167.395097017 5.98472 9.70969 2.63228 0.73679 0.40445 0.46936 -0.27067
1403638167.495096922 6.09308 9.68819 2.66352 0.73487 0.40143 0.47310 -0.27386
1403638167.595097065 6.20541 9.66833 2.68956 0.73225 0.39563 0.47805 -0.28062
1403638167.695096970 6.32238 9.65503 2.70568 0.73337 0.38503 0.48026 -0.28857
1403638167.795097113 6.43991 9.64061 2.71517 0.73733 0.37164 0.48271 -0.29191
1403638167.895097017 6.56296 9.62641 2.72042 0.74332 0.35746 0.48549 -0.28983
1403638167.995096922 6.69232 9.60692 2.72312 0.74883 0.34387 0.49057 -0.28346
1403638168.095097065 6.82791 9.58436 2.73084 0.75313 0.33160 0.49540 -0.27824
1403638168.195096970 6.96785 9.55450 2.74542 0.75680 0.32157 0.50082 -0.27023
1403638168.295097113 7.11109 9.51917 2.76693 0.76133 0.31292 0.50651 -0.25671
1403638168.395097017 7.25757 9.48063 2.79588 0.76492 0.30113 0.51402 -0.24495
1403638168.495096922 7.40449 9.44043 2.82613 0.76933 0.29613 0.51804 -0.22819
1403638168.595097065 7.55298 9.40143 2.85056 0.77470 0.29744 0.51725 -0.20933
1403638168.695096970 7.70036 9.36681 2.86757 0.77831 0.29944 0.51652 -0.19438
1403638168.795097113 7.84709 9.33860 2.87870 0.78028 0.29982 0.51580 -0.18766
1403638168.895097017 7.99242 9.31665 2.88459 0.78164 0.30091 0.51464 -0.18338
1403638168.995096922 8.13779 9.30210 2.88448 0.78146 0.30184 0.51437 -0.18338
1403638169.095097065 8.28536 9.29474 2.88163 0.77583 0.30040 0.52126 -0.19012
1403638169.195096970 8.43305 9.29538 2.87491 0.77234 0.29670 0.52439 -0.20119
1403638169.295097113 8.57884 9.29759 2.86161 0.77103 0.28629 0.52656 -0.21513
1403638169.395097017 8.72647 9.29857 2.84433 0.77025 0.26687 0.53135 -0.23056
1403638169.495096922 8.87291 9.28998 2.82286 0.77030 0.24825 0.53832 -0.23500
1403638169.595097065 9.02187 9.27571 2.80935 0.77194 0.23308 0.54560 -0.22826
1403638169.695096970 9.17082 9.25117 2.80207 0.77650 0.22218 0.55113 -0.20961
1403638169.795097113 9.31622 9.21845 2.80109 0.78098 0.21161 0.55749 -0.18572
1403638169.895097017 9.45695 9.17918 2.80881 0.78473 0.20158 0.56464 -0.15729
1403638169.995096922 9.59238 9.13943 2.82387 0.78255 0.18772 0.57849 -0.13315
1403638170.095097065 9.72406 9.10213 2.84131 0.78139 0.16646 0.58940 -0.11967
1403638170.195096970 9.85122 9.06686 2.85106 0.78530 0.14143 0.59252 -0.11055
1403638170.295097113 9.97387 9.03200 2.85290 0.79048 0.11549 0.59263 -0.10293
1403638170.395097017 10.08859 8.99322 2.84680 0.79729 0.09116 0.58942 -0.09276
1403638170.495096922 10.19599 8.94995 2.83698 0.80278 0.06734 0.58657 -0.08336
1403638170.595097065 10.29135 8.89948 2.83388 0.80315 0.04180 0.58904 -0.07902
1403638170.695096970 10.38734 8.84304 2.83906 0.80061 0.01991 0.59478 -0.06979
1403638170.795097113 10.46628 8.77785 2.85154 0.80031 0.00130 0.59681 -0.05759
1403638170.895097017 10.53807 8.70568 2.86600 0.80077 -0.01533 0.59721 -0.04319
1403638170.995096922 10.59967 8.62570 2.87338 0.80064 -0.03220 0.59760 -0.02847
1403638171.095097065 10.65443 8.54217 2.87654 0.79872 -0.04833 0.59952 -0.01711
1403638171.195096970 10.69410 8.45436 2.87553 0.79660 -0.06122 0.60133 -0.00969
1403638171.295097113 10.72536 8.36152 2.87345 0.79478 -0.07007 0.60281 -0.00462
1403638171.395097017 10.74848 8.26453 2.87017 0.79276 -0.07647 0.60471 -0.00184
1403638171.495096922 10.77204 8.16004 2.86571 0.79073 -0.08355 0.60643 0.00111
1403638171.595097065 10.78429 8.05126 2.85818 0.78803 -0.09077 0.60890 0.00275
1403638171.695096970 10.78976 7.93420 2.84893 0.78515 -0.10100 0.61100 0.00367
1403638171.795097113 10.78651 7.81113 2.83887 0.78295 -0.11168 0.61193 0.00719
1403638171.895097017 10.77232 7.68027 2.83318 0.77862 -0.12193 0.61548 0.00859
1403638171.995096922 10.74475 7.54134 2.83252 0.77521 -0.12537 0.61891 0.01685
1403638172.095097065 10.70495 7.39466 2.83841 0.77447 -0.12697 0.61926 0.02444
1403638172.195096970 10.65310 7.24288 2.84258 0.77509 -0.12839 0.61804 0.02796
1403638172.295097113 10.59066 7.08778 2.83754 0.77610 -0.12788 0.61671 0.03139
1403638172.395097017 10.51766 6.92916 2.82223 0.77596 -0.12727 0.61697 0.03216
1403638172.495096922 10.43598 6.76780 2.79708 0.77392 -0.12719 0.61964 0.03025
1403638172.595097065 10.34931 6.59967 2.76232 0.77197 -0.12644 0.62236 0.02748
1403638172.695096970 10.25121 6.42852 2.71956 0.77159 -0.12615 0.62307 0.02273
1403638172.795097113 10.13752 6.25590 2.67188 0.77193 -0.12454 0.62307 0.02020
1403638172.895097017 10.01285 6.07647 2.62217 0.77202 -0.12350 0.62329 0.01592
1403638172.995096922 9.87661 5.89334 2.56602 0.77473 -0.12411 0.61994 0.00829
1403638173.095097065 9.72834 5.70311 2.50661 0.77975 -0.12403 0.61368 0.00125
1403638173.195096970 9.57228 5.50325 2.44087 0.78473 -0.12135 0.60785 0.00028
1403638173.295097113 9.40645 5.29994 2.37010 0.78825 -0.11506 0.60448 0.00630
1403638173.395097017 9.23445 5.08862 2.29448 0.79148 -0.10608 0.60164 0.01823
1403638173.495096922 9.05831 4.87546 2.20813 0.79549 -0.09664 0.59736 0.03198
1403638173.595097065 8.88120 4.66501 2.11646 0.79663 -0.09079 0.59616 0.04162
1403638173.695096970 8.70137 4.45780 2.02161 0.79683 -0.09032 0.59582 0.04355
1403638173.795097113 8.52065 4.25397 1.92168 0.79751 -0.09162 0.59475 0.04301
1403638173.895097017 8.33649 4.05146 1.82517 0.79887 -0.09156 0.59284 0.04422
1403638173.995096922 8.15000 3.85311 1.73550 0.79806 -0.09251 0.59384 0.04363
1403638174.095097065 7.95648 3.65751 1.65203 0.79865 -0.09314 0.59299 0.04292
1403638174.195096970 7.76079 3.46330 1.57054 0.80180 -0.09232 0.58874 0.04433
1403638174.295097113 7.56410 3.27130 1.48462 0.80754 -0.09201 0.58096 0.04354
1403638174.395097017 7.36920 3.08002 1.39425 0.81107 -0.09164 0.57612 0.04306
1403638174.495096922 7.18124 2.89464 1.30271 0.81411 -0.09079 0.57201 0.04237
1403638174.595097065 6.99701 2.71035 1.21687 0.81766 -0.08832 0.56714 0.04453
1403638174.695096970 6.81791 2.52539 1.13698 0.82205 -0.08626 0.56090 0.04686
1403638174.795097113 6.64458 2.34349 1.06461 0.82613 -0.08539 0.55492 0.04769
1403638174.895097017 6.47948 2.16804 0.99950 0.82804 -0.08366 0.55214 0.04997
1403638174.995096922 6.32278 1.99578 0.94007 0.82936 -0.08411 0.55004 0.05046
1403638175.095097065 6.17720 1.82627 0.88632 0.82812 -0.08435 0.55177 0.05146
1403638175.195096970 6.04090 1.65750 0.83871 0.82790 -0.08394 0.55188 0.05452
1403638175.295097113 5.91250 1.49176 0.79738 0.82994 -0.08391 0.54856 0.05688
1403638175.395097017 5.79418 1.32698 0.76427 0.83530 -0.08338 0.54016 0.05949
1403638175.495096922 5.69005 1.17093 0.74010 0.84140 -0.08130 0.53047 0.06357
1403638175.595097065 5.59780 1.01579 0.72491 0.84889 -0.08039 0.51840 0.06465
1403638175.695096970 5.52085 0.87044 0.71633 0.85607 -0.08073 0.50658 0.06327
1403638175.795097113 5.45493 0.72375 0.70870 0.86014 -0.08059 0.49980 0.06214
1403638175.895097017 5.40698 0.58340 0.69303 0.86195 -0.07787 0.49684 0.06432
1403638175.995096922 5.37443 0.45044 0.66824 0.86030 -0.07096 0.49973 0.07150
1403638176.095097065 5.35320 0.31576 0.64196 0.85128 -0.06407 0.51486 0.07842
1403638176.195096970 5.34643 0.18896 0.62012 0.83562 -0.06225 0.54001 0.07906
1403638176.295097113 5.35077 0.07244 0.60378 0.82315 -0.06439 0.55906 0.07569
1403638176.395097017 5.35897 -0.03424 0.59142 0.81768 -0.06510 0.56700 0.07538
1403638176.495096922 5.37136 -0.13216 0.58477 0.81731 -0.06451 0.56735 0.07717
1403638176.595097065 5.38381 -0.22132 0.58291 0.81871 -0.06487 0.56519 0.07787
1403638176.695096970 5.39680 -0.30459 0.58640 0.81943 -0.06481 0.56400 0.07901
1403638176.795097113 5.41765 -0.38243 0.59762 0.81992 -0.06576 0.56338 0.07751
1403638176.895097017 5.43391 -0.45669 0.61221 0.82036 -0.06925 0.56299 0.07257
1403638176.995096922 5.45549 -0.52714 0.62597 0.82083 -0.06864 0.56228 0.07323
1403638177.095097065 5.47540 -0.58680 0.63325 0.82190 -0.06690 0.56057 0.07593
1403638177.195096970 5.50026 -0.64221 0.63242 0.82225 -0.06500 0.55984 0.07913
1403638177.295097113 5.52988 -0.69309 0.62265 0.82228 -0.06411 0.55970 0.08048
1403638177.395097017 5.55871 -0.73088 0.60990 0.82214 -0.06404 0.55983 0.08102
1403638177.495096922 5.59237 -0.76336 0.59203 0.82239 -0.06790 0.55956 0.07715
1403638177.595097065 5.63184 -0.79506 0.56928 0.82166 -0.07805 0.56099 0.06386
1403638177.695096970 5.66764 -0.81819 0.54466 0.82072 -0.08629 0.56212 0.05466
1403638177.795097113 5.71005 -0.84936 0.51632 0.81697 -0.09564 0.56675 0.04701
1403638177.895097017 5.74609 -0.87552 0.48820 0.80950 -0.10181 0.57662 0.04304
1403638177.995096922 5.78502 -0.90886 0.46480 0.80396 -0.10440 0.58384 0.04343
1403638178.095097065 5.81668 -0.94316 0.44919 0.80058 -0.10563 0.58756 0.05182
1403638178.195096970 5.84077 -0.97789 0.44021 0.79768 -0.11354 0.58917 0.06083
1403638178.295097113 5.85825 -1.01506 0.44018 0.79354 -0.12771 0.59079 0.07036
1403638178.395097017 5.87296 -1.05614 0.44534 0.78953 -0.14547 0.59055 0.08204
1403638178.495096922 5.87833 -1.09735 0.45015 0.78798 -0.16799 0.58493 0.09338
1403638178.595097065 5.87595 -1.13837 0.45002 0.78833 -0.19245 0.57504 0.10407
1403638178.695096970 5.87022 -1.18129 0.44637 0.78591 -0.21574 0.56802 0.11467
1403638178.795097113 5.86087 -1.22667 0.43786 0.78143 -0.23630 0.56329 0.12743
1403638178.895097017 5.84745 -1.27533 0.42653 0.78040 -0.25287 0.55469 0.13914
1403638178.995096922 5.83314 -1.32744 0.41184 0.78202 -0.26490 0.54470 0.14691
1403638179.095097065 5.81864 -1.38319 0.39280 0.78492 -0.27139 0.53511 0.15462
1403638179.195096970 5.80623 -1.44427 0.37017 0.78658 -0.27678 0.52718 0.16360
1403638179.295097113 5.79509 -1.50913 0.34495 0.78782 -0.28281 0.51900 0.17320
1403638179.395097017 5.78897 -1.57890 0.31805 0.78401 -0.29246 0.51569 0.18403
1403638179.495096922 5.78592 -1.65135 0.29085 0.77111 -0.30726 0.52281 0.19404
1403638179.595097065 5.78208 -1.72471 0.26141 0.75838 -0.32407 0.52650 0.20648
1403638179.695096970 5.77689 -1.79956 0.23281 0.74728 -0.34186 0.52594 0.21929
1403638179.795097113 5.76875 -1.87259 0.21045 0.73754 -0.36008 0.52165 0.23293
1403638179.895097017 5.75944 -1.94601 0.19546 0.72846 -0.37791 0.51576 0.24601
1403638179.995096922 5.74969 -2.02239 0.18572 0.72505 -0.39404 0.50489 0.25321
1403638180.095097065 5.73980 -2.09838 0.18007 0.72225 -0.40724 0.49687 0.25620
1403638180.195096970 5.72831 -2.17616 0.17784 0.71905 -0.41423 0.49342 0.26062
1403638180.295097113 5.71721 -2.25805 0.17294 0.71782 -0.41864 0.49043 0.26260
1403638180.395097017 5.70742 -2.34319 0.16352 0.71768 -0.42052 0.48837 0.26380
1403638180.495096922 5.69873 -2.42936 0.14804 0.71887 -0.41882 0.48628 0.26711
1403638180.595097065 5.69230 -2.51948 0.12793 0.72043 -0.41605 0.48485 0.26983
1403638180.695096970 5.68681 -2.61054 0.11152 0.72413 -0.41399 0.48099 0.27000
1403638180.795097113 5.68417 -2.70560 0.10053 0.72863 -0.41337 0.47668 0.26646
1403638180.895097017 5.68443 -2.80500 0.09790 0.73036 -0.41214 0.47706 0.26291
1403638180.995096922 5.68837 -2.90951 0.09564 0.72990 -0.41094 0.48044 0.25991
1403638181.095097065 5.69385 -3.01766 0.08660 0.72915 -0.40947 0.48432 0.25712
1403638181.195096970 5.69973 -3.12661 0.07427 0.72666 -0.40898 0.48984 0.25448
1403638181.295097113 5.70846 -3.24303 0.05622 0.71877 -0.41105 0.49989 0.25400
1403638181.395097017 5.71210 -3.36414 0.03428 0.70830 -0.41900 0.50664 0.25701
1403638181.495096922 5.70972 -3.48270 0.00775 0.69450 -0.43314 0.51127 0.26204
1403638181.595097065 5.70173 -3.60952 -0.02098 0.67456 -0.44628 0.51936 0.27581
1403638181.695096970 5.68510 -3.73488 -0.04643 0.66402 -0.45890 0.51237 0.29320
1403638181.795097113 5.65872 -3.85066 -0.06362 0.65745 -0.47248 0.49865 0.30962
1403638181.895097017 5.62784 -3.97255 -0.06727 0.65367 -0.48550 0.48066 0.32555
1403638181.995096922 5.59260 -4.08126 -0.06837 0.64916 -0.49944 0.46668 0.33370
1403638182.095097065 5.55720 -4.19782 -0.05798 0.64671 -0.51180 0.45521 0.33558
1403638182.195096970 5.52166 -4.30898 -0.04460 0.64454 -0.52081 0.44723 0.33661
1403638182.295097113 5.48580 -4.42112 -0.03599 0.64172 -0.53023 0.44403 0.33149
1403638182.395097017 5.44800 -4.52887 -0.02769 0.64015 -0.53616 0.44278 0.32663
1403638182.495096922 5.40789 -4.64202 -0.01584 0.64458 -0.53436 0.43594 0.33005
1403638182.595097065 5.36766 -4.76332 0.00128 0.65114 -0.52872 0.42797 0.33662
1403638182.695096970 5.32775 -4.88732 0.02940 0.65493 -0.52535 0.42542 0.33779
1403638182.795097113 5.29049 -5.00756 0.05874 0.65550 -0.52353 0.42756 0.33678
1403638182.895097017 5.25540 -5.13993 0.08270 0.65460 -0.52093 0.43202 0.33690
1403638182.995096922 5.22208 -5.27216 0.10292 0.65149 -0.51710 0.43932 0.33935
1403638183.095097065 5.19075 -5.40388 0.11662 0.64909 -0.51175 0.44552 0.34397
1403638183.195096970 5.15959 -5.54218 0.12543 0.64933 -0.50673 0.44702 0.34895
1403638183.295097113 5.13071 -5.67368 0.12931 0.65412 -0.50554 0.44131 0.34901
1403638183.395097017 5.10293 -5.80744 0.13089 0.65892 -0.50885 0.43486 0.34321
1403638183.495096922 5.07927 -5.94279 0.12642 0.66387 -0.51031 0.42755 0.34068
1403638183.595097065 5.05785 -6.08292 0.12216 0.66641 -0.51070 0.42399 0.33957
1403638183.695096970 5.04161 -6.22158 0.11971 0.66361 -0.50674 0.42862 0.34513
1403638183.795097113 5.02977 -6.37068 0.12394 0.65829 -0.50168 0.43678 0.35242
1403638183.895097017 5.02222 -6.50970 0.13459 0.65344 -0.49687 0.44376 0.35947
1403638183.995096922 5.01724 -6.64691 0.15040 0.65267 -0.49673 0.44446 0.36019
1403638184.095097065 5.01569 -6.78288 0.17247 0.65482 -0.49997 0.44095 0.35609
1403638184.195096970 5.01916 -6.91124 0.19097 0.65882 -0.50497 0.43402 0.35012
1403638184.295097113 5.02469 -7.03872 0.20524 0.66050 -0.50768 0.43058 0.34728
1403638184.395097017 5.03447 -7.17322 0.21506 0.65835 -0.50623 0.43342 0.34993
1403638184.495096922 5.04885 -7.30365 0.22107 0.65622 -0.50364 0.43617 0.35422
1403638184.595097065 5.06678 -7.43773 0.22565 0.65433 -0.50307 0.43835 0.35583
1403638184.695096970 5.08644 -7.56772 0.23020 0.65364 -0.50274 0.43925 0.35646
1403638184.795097113 5.10980 -7.69510 0.23586 0.65235 -0.50353 0.44092 0.35563
1403638184.895097017 5.13347 -7.82513 0.24430 0.65291 -0.50331 0.43946 0.35675
1403638184.995096922 5.16294 -7.94899 0.25204 0.65144 -0.50292 0.44125 0.35777
1403638185.095097065 5.19464 -8.07183 0.26166 0.65216 -0.50304 0.44016 0.35763
1403638185.195096970 5.23034 -8.21224 0.27550 0.65341 -0.50220 0.43872 0.35829
1403638185.295097113 5.26730 -8.33069 0.28529 0.65555 -0.49932 0.43618 0.36150
1403638185.395097017 5.30774 -8.44529 0.29654 0.65663 -0.49494 0.43628 0.36541
1403638185.495096922 5.35302 -8.55708 0.31261 0.65945 -0.48512 0.44091 0.36795
1403638185.595097065 5.40748 -8.67126 0.32564 0.66497 -0.47323 0.44733 0.36573
1403638185.695096970 5.46678 -8.78168 0.34128 0.66942 -0.46325 0.45489 0.36103
1403638185.795097113 5.53096 -8.88968 0.35483 0.67087 -0.46155 0.46450 0.34805
1403638185.895097017 5.59754 -8.98828 0.36465 0.67024 -0.46991 0.47352 0.32517
1403638185.995096922 5.65722 -9.09360 0.37083 0.67066 -0.47501 0.47819 0.30972
1403638186.095097065 5.71183 -9.19674 0.37136 0.67570 -0.47209 0.47416 0.30941
1403638186.195096970 5.76821 -9.30836 0.37021 0.67981 -0.46729 0.46976 0.31436
1403638186.295097113 5.82192 -9.40583 0.37044 0.68182 -0.46481 0.46743 0.31713
1403638186.395097017 5.87774 -9.51689 0.38048 0.68324 -0.46366 0.46519 0.31906
1403638186.495096922 5.93133 -9.61010 0.39358 0.68239 -0.46289 0.46581 0.32108
1403638186.595097065 5.98539 -9.71327 0.40829 0.68357 -0.46177 0.46319 0.32397
1403638186.695096970 6.04471 -9.81390 0.41706 0.68517 -0.45962 0.45980 0.32844
1403638186.795097113 6.10171 -9.90444 0.42078 0.68884 -0.45255 0.45760 0.33362
1403638186.895097017 6.17075 -10.00838 0.42105 0.69554 -0.44299 0.45654 0.33399
1403638186.995096922 6.24288 -10.09928 0.41681 0.70343 -0.43183 0.46072 0.32626
1403638187.095097065 6.32863 -10.19564 0.42023 0.70885 -0.41799 0.47567 0.31073
1403638187.195096970 6.41942 -10.29307 0.43407 0.71402 -0.39928 0.49420 0.29414
1403638187.295097113 6.50893 -10.38261 0.45376 0.71915 -0.37711 0.51249 0.27921
1403638187.395097017 6.59490 -10.46389 0.47976 0.72370 -0.35665 0.52678 0.26751
1403638187.495096922 6.67209 -10.53814 0.50825 0.72826 -0.34119 0.53515 0.25854
1403638187.595097065 6.74901 -10.61316 0.53747 0.73570 -0.33310 0.53430 0.24963
1403638187.695096970 6.81839 -10.68365 0.56401 0.74292 -0.32933 0.52965 0.24308
1403638187.795097113 6.89100 -10.75585 0.58821 0.74734 -0.32533 0.52600 0.24283
1403638187.895097017 6.95755 -10.81718 0.60811 0.74926 -0.32031 0.52385 0.24817
1403638187.995096922 7.02718 -10.86954 0.62267 0.74745 -0.31599 0.52544 0.25571
1403638188.095097065 7.09833 -10.91551 0.63417 0.74523 -0.31175 0.52678 0.26446
1403638188.195096970 7.16835 -10.94920 0.64524 0.74189 -0.30877 0.52945 0.27192
1403638188.295097113 7.23825 -10.96816 0.65162 0.73145 -0.31081 0.54282 0.27155
1403638188.395097017 7.30815 -10.98561 0.64984 0.71846 -0.31301 0.55951 0.26977
1403638188.495096922 7.37017 -10.98466 0.64703 0.70873 -0.31523 0.57147 0.26786
1403638188.595097065 7.42385 -10.97055 0.64115 0.70339 -0.31572 0.57856 0.26614
1403638188.695096970 7.46443 -10.94458 0.64039 0.70730 -0.31302 0.57734 0.26158
1403638188.795097113 7.50366 -10.91203 0.64719 0.71677 -0.31003 0.57074 0.25372
1403638188.895097017 7.53176 -10.87110 0.66616 0.72446 -0.30697 0.56572 0.24677
1403638188.995096922 7.55080 -10.82046 0.69520 0.73047 -0.30428 0.56177 0.24135
1403638189.095097065 7.56602 -10.76637 0.72943 0.73450 -0.29907 0.56269 0.23333
1403638189.195096970 7.57808 -10.70174 0.76275 0.73921 -0.29018 0.56556 0.22252
1403638189.295097113 7.58927 -10.63687 0.78616 0.74681 -0.27821 0.56684 0.20871
1403638189.395097017 7.59400 -10.56648 0.80141 0.76000 -0.26657 0.55979 0.19485
1403638189.495096922 7.59360 -10.49147 0.81750 0.77400 -0.25766 0.54882 0.18255
1403638189.595097065 7.59197 -10.41663 0.83818 0.78225 -0.25160 0.54290 0.17332
1403638189.695096970 7.59086 -10.34156 0.86482 0.78849 -0.24909 0.53763 0.16490
1403638189.795097113 7.58918 -10.27145 0.88994 0.79382 -0.24997 0.53162 0.15730
1403638189.895097017 7.58916 -10.20384 0.90386 0.79911 -0.24969 0.52451 0.15479
1403638189.995096922 7.58810 -10.14355 0.91404 0.80051 -0.24910 0.52269 0.15470
1403638190.095097065 7.59659 -10.09008 0.92401 0.79513 -0.24731 0.53065 0.15820
1403638190.195096970 7.61054 -10.04123 0.92837 0.78740 -0.24434 0.54146 0.16471
1403638190.295097113 7.63245 -9.98888 0.92090 0.78025 -0.23405 0.55193 0.17834
1403638190.395097017 7.65217 -9.93735 0.90980 0.77704 -0.21772 0.55913 0.19022
1403638190.495096922 7.67195 -9.88075 0.89590 0.77827 -0.20493 0.56067 0.19480
1403638190.595097065 7.69151 -9.81404 0.87748 0.78115 -0.20016 0.56037 0.18899
1403638190.695096970 7.71363 -9.74116 0.85770 0.78279 -0.19839 0.56093 0.18233
1403638190.795097113 7.73572 -9.65984 0.84784 0.78313 -0.19904 0.56286 0.17402
1403638190.895097017 7.74986 -9.57350 0.83889 0.78376 -0.20315 0.56390 0.16268
1403638190.995096922 7.76739 -9.48608 0.83894 0.78386 -0.20450 0.56478 0.15738
1403638191.095097065 7.78016 -9.39422 0.84681 0.78085 -0.20406 0.56942 0.15619
1403638191.195096970 7.78456 -9.30092 0.85785 0.78471 -0.20512 0.56430 0.15401
1403638191.295097113 7.79329 -9.21004 0.88065 0.79210 -0.20841 0.55368 0.15027
1403638191.395097017 7.79364 -9.11760 0.90332 0.79678 -0.20864 0.54666 0.15091
1403638191.495096922 7.80461 -9.03455 0.92610 0.79827 -0.21037 0.54397 0.15036
1403638191.595097065 7.81227 -8.94644 0.94077 0.79830 -0.20995 0.54345 0.15268
1403638191.695096970 7.82764 -8.86714 0.95639 0.79913 -0.20820 0.54178 0.15660
1403638191.795097113 7.84503 -8.77793 0.95850 0.80010 -0.20470 0.53985 0.16278
1403638191.895097017 7.86744 -8.68778 0.95728 0.80048 -0.20375 0.53888 0.16532
1403638191.995096922 7.90178 -8.60172 0.95952 0.80048 -0.20449 0.53874 0.16482
1403638192.095097065 7.92926 -8.50938 0.96223 0.80040 -0.20355 0.53877 0.16631
1403638192.195096970 7.97222 -8.42066 0.97808 0.79881 -0.20513 0.54123 0.16402
1403638192.295097113 8.01163 -8.32947 1.00155 0.79418 -0.20609 0.54827 0.16191
1403638192.395097017 8.05858 -8.23637 1.03450 0.78988 -0.20630 0.55462 0.16103
1403638192.495096922 8.10498 -8.13839 1.07249 0.78758 -0.20663 0.55798 0.16022
1403638192.595097065 8.15154 -8.03552 1.11265 0.78389 -0.20588 0.56298 0.16179
1403638192.695096970 8.19636 -7.92915 1.15378 0.77649 -0.20596 0.57287 0.16265
1403638192.795097113 8.23859 -7.82043 1.18613 0.76926 -0.20623 0.58238 0.16293
1403638192.895097017 8.27337 -7.70986 1.21460 0.76094 -0.20850 0.59338 0.15936
1403638192.995096922 8.29744 -7.59761 1.24006 0.74875 -0.21290 0.60937 0.15073
1403638193.095097065 8.30582 -7.48634 1.26601 0.74636 -0.21256 0.61462 0.14142
1403638193.195096970 8.29873 -7.36888 1.29558 0.75589 -0.20528 0.60642 0.13692
1403638193.295097113 8.27559 -7.25614 1.33395 0.76438 -0.19690 0.59890 0.13516
1403638193.395097017 8.23930 -7.14706 1.38292 0.76989 -0.18713 0.59424 0.13830
1403638193.495096922 8.19411 -7.03984 1.43493 0.77077 -0.18049 0.59475 0.13999
1403638193.595097065 8.14219 -6.92872 1.48113 0.77250 -0.17746 0.59371 0.13877
1403638193.695096970 8.08270 -6.81843 1.51978 0.78011 -0.17750 0.58439 0.13565
1403638193.795097113 8.02089 -6.70569 1.55252 0.78766 -0.17970 0.57465 0.13065
1403638193.895097017 7.95037 -6.59847 1.57794 0.79186 -0.18065 0.56891 0.12910
1403638193.995096922 7.87957 -6.48942 1.59826 0.79420 -0.18199 0.56561 0.12735
1403638194.095097065 7.81626 -6.37379 1.61630 0.79209 -0.18128 0.56822 0.12981
1403638194.195096970 7.74440 -6.26854 1.62810 0.78659 -0.18048 0.57557 0.13199
1403638194.295097113 7.67546 -6.15678 1.63512 0.78338 -0.18045 0.57970 0.13305
1403638194.395097017 7.60006 -6.05035 1.63906 0.78715 -0.18278 0.57439 0.13059
1403638194.495096922 7.52500 -5.94028 1.64676 0.79113 -0.18567 0.56862 0.12771
1403638194.595097065 7.44538 -5.83464 1.65984 0.79485 -0.18667 0.56314 0.12740
1403638194.695096970 7.36765 -5.72743 1.67688 0.80046 -0.18839 0.55482 0.12628
1403638194.795097113 7.29279 -5.62135 1.69322 0.80451 -0.18924 0.54854 0.12672
1403638194.895097017 7.22066 -5.51658 1.70354 0.80753 -0.19006 0.54363 0.12743
1403638194.995096922 7.15272 -5.41701 1.70829 0.80914 -0.19031 0.54110 0.12764
1403638195.095097065 7.09062 -5.31788 1.70822 0.81023 -0.19033 0.53936 0.12805
1403638195.195096970 7.03350 -5.22380 1.70138 0.81364 -0.19219 0.53403 0.12595
1403638195.295097113 6.98554 -5.13472 1.68790 0.82168 -0.19524 0.52144 0.12175
1403638195.395097017 6.94854 -5.05542 1.67061 0.82415 -0.19591 0.51750 0.12079
1403638195.495096922 6.92087 -4.98209 1.65326 0.81535 -0.19427 0.53123 0.12354
1403638195.595097065 6.89714 -4.91251 1.63266 0.80575 -0.19200 0.54579 0.12655
1403638195.695096970 6.88633 -4.85123 1.60732 0.80311 -0.19093 0.54984 0.12745
1403638195.795097113 6.87922 -4.79468 1.58836 0.80499 -0.19177 0.54718 0.12574
1403638195.895097017 6.86556 -4.73124 1.57751 0.80996 -0.19194 0.53997 0.12475
1403638195.995096922 6.85492 -4.67127 1.57345 0.81439 -0.19287 0.53336 0.12289
1403638196.095097065 6.85572 -4.62136 1.57978 0.81455 -0.19251 0.53322 0.12300
1403638196.195096970 6.86249 -4.57255 1.59469 0.80987 -0.19070 0.54049 0.12499
1403638196.295097113 6.87125 -4.52341 1.61281 0.80478 -0.18929 0.54809 0.12691
1403638196.395097017 6.88278 -4.47539 1.62932 0.80308 -0.18935 0.55053 0.12698
1403638196.495096922 6.89199 -4.42495 1.63868 0.80356 -0.19020 0.54965 0.12653
1403638196.595097065 6.90515 -4.38365 1.63972 0.80675 -0.19261 0.54467 0.12403
1403638196.695096970 6.92319 -4.34722 1.63395 0.81296 -0.19555 0.53500 0.12097
1403638196.795097113 6.94525 -4.31416 1.62518 0.81523 -0.19610 0.53130 0.12109
1403638196.895097017 6.96844 -4.28153 1.61522 0.81276 -0.19573 0.53494 0.12226
1403638196.995096922 7.00176 -4.25646 1.60513 0.80757 -0.19408 0.54293 0.12408
1403638197.095097065 7.03622 -4.23600 1.60258 0.80398 -0.19334 0.54816 0.12554
1403638197.195096970 7.06927 -4.21512 1.60926 0.80268 -0.19125 0.55007 0.12863
1403638197.295097113 7.10834 -4.19606 1.62049 0.80017 -0.18586 0.55379 0.13601
1403638197.395097017 7.14705 -4.17542 1.64136 0.79744 -0.17990 0.55746 0.14476
1403638197.495096922 7.18539 -4.15300 1.66552 0.79521 -0.17742 0.56053 0.14819
1403638197.595097065 7.22409 -4.12767 1.69772 0.79394 -0.17785 0.56248 0.14710
1403638197.695096970 7.25863 -4.09626 1.73273 0.79371 -0.17755 0.56287 0.14721
1403638197.795097113 7.29494 -4.06194 1.76485 0.79372 -0.17759 0.56302 0.14657
1403638197.895097017 7.33008 -4.02590 1.79184 0.79025 -0.18000 0.56825 0.14211
1403638197.995096922 7.36229 -3.98678 1.81090 0.78105 -0.18034 0.58112 0.14047
1403638198.095097065 7.39259 -3.94533 1.81054 0.77852 -0.18101 0.58459 0.13926
1403638198.195096970 7.41589 -3.90274 1.78880 0.78146 -0.18323 0.58069 0.13619
1403638198.295097113 7.43665 -3.85467 1.75735 0.78488 -0.18335 0.57601 0.13623
1403638198.395097017 7.45168 -3.80471 1.71933 0.78869 -0.18210 0.57081 0.13779
1403638198.495096922 7.47479 -3.74798 1.68262 0.79186 -0.17814 0.56620 0.14367
1403638198.595097065 7.49031 -3.69127 1.63964 0.79384 -0.16849 0.56286 0.15692
1403638198.695096970 7.51828 -3.62883 1.59914 0.79277 -0.15613 0.56283 0.17426
1403638198.795097113 7.53234 -3.55665 1.56037 0.79038 -0.14652 0.56468 0.18698
1403638198.895097017 7.56254 -3.46747 1.53582 0.78991 -0.14411 0.56499 0.18990
1403638198.995096922 7.57488 -3.36676 1.51457 0.79112 -0.14592 0.56366 0.18744
1403638199.095097065 7.60494 -3.24951 1.50480 0.79199 -0.14883 0.56270 0.18429
1403638199.195096970 7.62952 -3.12325 1.50395 0.79099 -0.15136 0.56422 0.18188
1403638199.295097113 7.67418 -2.98431 1.51546 0.78764 -0.15279 0.56900 0.18031
1403638199.395097017 7.69421 -2.83529 1.53110 0.78640 -0.15168 0.57028 0.18261
1403638199.495096922 7.73113 -2.66861 1.55412 0.78868 -0.15014 0.56611 0.18699
1403638199.595097065 7.75045 -2.49462 1.58315 0.79261 -0.14629 0.56140 0.18762
1403638199.695096970 7.78626 -2.30376 1.62175 0.79491 -0.14237 0.56212 0.17850
1403638199.795097113 7.82073 -2.10867 1.66073 0.79793 -0.14540 0.56281 0.15942
1403638199.895097017 7.85136 -1.91040 1.69640 0.80048 -0.14780 0.56274 0.14393
1403638199.995096922 7.88071 -1.71048 1.72696 0.80196 -0.14675 0.56323 0.13452
1403638200.095097065 7.90621 -1.50913 1.75334 0.80394 -0.13829 0.56380 0.12917
1403638200.195096970 7.93091 -1.30497 1.77898 0.80329 -0.12143 0.56881 0.12818
1403638200.295097113 7.95419 -1.09644 1.81043 0.79991 -0.10500 0.57837 0.12089
1403638200.395097017 7.97723 -0.88264 1.84878 0.79766 -0.08866 0.58589 0.11229
1403638200.495096922 7.99627 -0.66366 1.89383 0.79967 -0.07111 0.58577 0.11115
1403638200.595097065 8.01362 -0.43705 1.94457 0.80227 -0.05573 0.58437 0.10850
1403638200.695096970 8.02594 -0.20167 2.00103 0.80389 -0.03706 0.58375 0.10780
1403638200.795097113 8.03463 0.04168 2.05675 0.80753 -0.02525 0.58023 0.10291
1403638200.895097017 8.04058 0.29267 2.10673 0.81083 -0.02073 0.57713 0.09518
1403638200.995096922 8.04373 0.55112 2.14958 0.81141 -0.02596 0.57855 0.07889
1403638201.095097065 8.04351 0.81439 2.18415 0.81088 -0.03130 0.58054 0.06677
1403638201.195096970 8.04136 1.07869 2.21149 0.81054 -0.03507 0.58143 0.06113
1403638201.295097113 8.03256 1.34330 2.23107 0.81001 -0.03823 0.58219 0.05896
1403638201.395097017 8.02299 1.60795 2.24307 0.81022 -0.03818 0.58163 0.06161
1403638201.495096922 8.01026 1.87200 2.24739 0.80884 -0.04040 0.58334 0.06222
1403638201.595097065 7.99607 2.13421 2.24375 0.80713 -0.04061 0.58530 0.06567
1403638201.695096970 7.98540 2.39726 2.23513 0.80569 -0.04267 0.58718 0.06533
1403638201.795097113 7.96366 2.65476 2.21080 0.80544 -0.04329 0.58728 0.06711
1403638201.895097017 7.94080 2.91628 2.18347 0.80546 -0.04478 0.58734 0.06531
1403638201.995096922 7.91483 3.18015 2.15715 0.80629 -0.04036 0.58694 0.06137
1403638202.095097065 7.88347 3.44601 2.13569 0.80781 -0.03787 0.58601 0.05091
1403638202.195096970 7.85118 3.71198 2.12020 0.81170 -0.03774 0.58152 0.03937
1403638202.295097113 7.81529 3.97702 2.11220 0.81671 -0.03661 0.57500 0.03193
1403638202.395097017 7.78294 4.23693 2.11149 0.81833 -0.03506 0.57297 0.02829
1403638202.495096922 7.75308 4.49241 2.10632 0.81909 -0.03386 0.57207 0.02593
1403638202.595097065 7.72470 4.74208 2.09411 0.81993 -0.03565 0.57094 0.02165
1403638202.695096970 7.69889 4.98772 2.07632 0.82126 -0.03622 0.56901 0.02097
1403638202.795097113 7.67424 5.22832 2.05264 0.82079 -0.03588 0.56966 0.02249
1403638202.895097017 7.65031 5.46346 2.02462 0.81947 -0.03537 0.57151 0.02443
1403638202.995096922 7.62736 5.69195 1.99699 0.81873 -0.03689 0.57251 0.02350
1403638203.095097065 7.60365 5.91457 1.97223 0.81806 -0.03751 0.57343 0.02317
1403638203.195096970 7.58074 6.12861 1.95566 0.81535 -0.03548 0.57727 0.02667
1403638203.295097113 7.55761 6.33746 1.94652 0.81248 -0.03486 0.58131 0.02731
1403638203.395097017 7.53473 6.54187 1.93910 0.81135 -0.03561 0.58291 0.02567
1403638203.495096922 7.51313 6.74071 1.92585 0.81154 -0.03681 0.58265 0.02402
1403638203.595097065 7.49354 6.93609 1.90937 0.81206 -0.03890 0.58190 0.02113
1403638203.695096970 7.47208 7.12590 1.89499 0.81340 -0.03893 0.58003 0.02073
1403638203.795097113 7.44960 7.31144 1.89084 0.81334 -0.03777 0.58013 0.02236
1403638203.895097017 7.42514 7.49507 1.89292 0.81298 -0.03681 0.58068 0.02284
1403638203.995096922 7.38933 7.67444 1.90079 0.81355 -0.03664 0.57994 0.02132
1403638204.095097065 7.36093 7.84729 1.91672 0.81595 -0.03646 0.57664 0.01964
1403638204.195096970 7.32372 8.01311 1.94007 0.81865 -0.03906 0.57279 0.01421
1403638204.295097113 7.29421 8.17452 1.96938 0.82244 -0.04516 0.56703 0.00534
1403638204.395097017 7.26366 8.32663 2.00084 0.82707 -0.05350 0.55953 -0.00520
1403638204.495096922 7.23176 8.47158 2.03064 0.82853 -0.05786 0.55688 -0.00926
1403638204.595097065 7.20312 8.60401 2.05592 0.82668 -0.05839 0.55952 -0.01104
1403638204.695096970 7.18065 8.72936 2.07357 0.82656 -0.05088 0.56043 -0.01133
1403638204.795097113 7.15132 8.85055 2.08240 0.82679 -0.03374 0.56142 -0.00894
1403638204.895097017 7.12384 8.96377 2.08381 0.82453 -0.00679 0.56575 -0.00549
1403638204.995096922 7.10036 9.07443 2.07648 0.82303 0.02287 0.56739 -0.01263
1403638205.095097065 7.08291 9.18443 2.06497 0.82068 0.05752 0.56786 -0.02681
1403638205.195096970 7.06468 9.29801 2.05398 0.81647 0.09400 0.56731 -0.05195
1403638205.295097113 7.04687 9.41014 2.05091 0.80962 0.13413 0.56588 -0.07946
1403638205.395097017 7.03347 9.52367 2.05654 0.79909 0.17413 0.56533 -0.10741
1403638205.495096922 7.02023 9.63626 2.06925 0.78649 0.21204 0.56623 -0.12590
1403638205.595097065 7.00041 9.74620 2.08790 0.77441 0.24337 0.56855 -0.13343
1403638205.695096970 6.97326 9.85883 2.11306 0.76168 0.26577 0.57503 -0.13618
1403638205.795097113 6.93621 9.97808 2.14437 0.75307 0.28233 0.57689 -0.14275
1403638205.895097017 6.88859 10.10179 2.17995 0.74820 0.29866 0.57216 -0.15371
1403638205.995096922 6.83038 10.22870 2.22101 0.74363 0.31409 0.56469 -0.17168
1403638206.095097065 6.75976 10.35456 2.27008 0.73725 0.33119 0.55790 -0.18848
1403638206.195096970 6.68105 10.48031 2.32160 0.72888 0.34774 0.55308 -0.20474
1403638206.295097113 6.59591 10.60782 2.36871 0.72064 0.36166 0.54838 -0.22171
1403638206.395097017 6.49926 10.72487 2.41209 0.71633 0.36765 0.54149 -0.24184
1403638206.495096922 6.40088 10.83820 2.44876 0.71246 0.37033 0.53825 -0.25602
1403638206.595097065 6.30034 10.94737 2.47832 0.70950 0.37211 0.53696 -0.26422
1403638206.695096970 6.19887 11.05233 2.50278 0.70645 0.37450 0.53546 -0.27196
1403638206.795097113 6.09426 11.15477 2.51987 0.70371 0.38140 0.53103 -0.27809
1403638206.895097017 5.98903 11.25649 2.52932 0.70017 0.38682 0.52945 -0.28250
1403638206.995096922 5.88089 11.34822 2.53240 0.69654 0.38815 0.52984 -0.28886
1403638207.095097065 5.77226 11.42691 2.52756 0.69300 0.38948 0.53172 -0.29210
1403638207.195096970 5.66166 11.49473 2.51275 0.69145 0.38993 0.53105 -0.29638
1403638207.295097113 5.54772 11.56103 2.49214 0.68704 0.39519 0.53038 -0.30082
1403638207.395097017 5.42797 11.61839 2.46683 0.67953 0.40286 0.52897 -0.31005
1403638207.495096922 5.29905 11.66535 2.44549 0.66972 0.41595 0.52487 -0.32090
1403638207.595097065 5.17191 11.70516 2.42860 0.66413 0.43159 0.51446 -0.32864
1403638207.695096970 5.03869 11.73651 2.41782 0.66527 0.44391 0.49846 -0.33451
1403638207.795097113 4.90905 11.75886 2.41589 0.66612 0.45175 0.48672 -0.33957
1403638207.895097017 4.78330 11.77544 2.42212 0.66977 0.45801 0.47522 -0.34029
1403638207.995096922 4.65856 11.79062 2.43418 0.67125 0.46164 0.47034 -0.33925
1403638208.095097065 4.53782 11.80126 2.44418 0.67009 0.46169 0.47135 -0.34009
1403638208.195096970 4.42052 11.80742 2.44917 0.66737 0.45751 0.47570 -0.34498
1403638208.295097113 4.30977 11.81075 2.44696 0.66639 0.45584 0.47906 -0.34443
1403638208.395097017 4.19098 11.81469 2.43556 0.66973 0.45656 0.47669 -0.34025
1403638208.495096922 4.08234 11.81154 2.42308 0.67093 0.45958 0.47330 -0.33857
1403638208.595097065 3.96948 11.80566 2.41509 0.66819 0.46710 0.46808 -0.34094
1403638208.695096970 3.86134 11.79731 2.41560 0.66248 0.47454 0.46386 -0.34752
1403638208.795097113 3.75535 11.78466 2.42249 0.65769 0.48044 0.45951 -0.35422
1403638208.895097017 3.65846 11.77044 2.43139 0.65215 0.48600 0.45859 -0.35805
1403638208.995096922 3.56545 11.75421 2.43446 0.64800 0.49016 0.45797 -0.36071
1403638209.095097065 3.47665 11.73513 2.43160 0.64620 0.49239 0.45592 -0.36348
1403638209.195096970 3.38814 11.71376 2.42108 0.64525 0.49426 0.45490 -0.36390
1403638209.295097113 3.30386 11.69061 2.40403 0.64538 0.49406 0.45343 -0.36578
1403638209.395097017 3.22083 11.66536 2.38110 0.64591 0.49376 0.45213 -0.36686
1403638209.495096922 3.13776 11.63985 2.35136 0.64542 0.49248 0.45288 -0.36851
1403638209.595097065 3.06032 11.61235 2.30991 0.64409 0.49077 0.45529 -0.37015
1403638209.695096970 2.97779 11.58704 2.24736 0.64594 0.48981 0.45443 -0.36925
1403638209.795097113 2.90452 11.55556 2.16897 0.64480 0.49113 0.45701 -0.36629
1403638209.895097017 2.82015 11.52656 2.07499 0.64288 0.49134 0.46098 -0.36439
1403638209.995096922 2.74616 11.48806 1.97734 0.63903 0.48964 0.46672 -0.36615
1403638210.095097065 2.66690 11.44632 1.87869 0.63496 0.48648 0.47270 -0.36975
1403638210.195096970 2.59924 11.39954 1.78734 0.63157 0.48351 0.47716 -0.37371
1403638210.295097113 2.52723 11.34187 1.70087 0.63197 0.48283 0.47674 -0.37444
1403638210.395097017 2.45859 11.27717 1.61733 0.63264 0.48319 0.47614 -0.37360
1403638210.495096922 2.38123 11.20047 1.53062 0.63285 0.48222 0.47613 -0.37452
1403638210.595097065 2.30767 11.11685 1.43822 0.63237 0.48161 0.47743 -0.37445
1403638210.695096970 2.23705 11.03228 1.34225 0.63282 0.47930 0.47729 -0.37683
1403638210.795097113 2.16522 10.92544 1.25043 0.63276 0.47890 0.47762 -0.37701
1403638210.895097017 2.09748 10.82427 1.16431 0.63592 0.47944 0.47329 -0.37648
1403638210.995096922 2.03053 10.70890 1.08750 0.63924 0.48162 0.46854 -0.37401
1403638211.095097065 1.96806 10.59226 1.02181 0.64205 0.48327 0.46428 -0.37238
1403638211.195096970 1.90957 10.47447 0.96353 0.64487 0.48425 0.45970 -0.37193
1403638211.295097113 1.85538 10.35520 0.91323 0.64594 0.48495 0.45871 -0.37036
1403638211.395097017 1.80555 10.23533 0.86758 0.64912 0.48114 0.46077 -0.36720
1403638211.495096922 1.75645 10.11284 0.81364 0.65597 0.47304 0.46396 -0.36150
1403638211.595097065 1.71023 9.98822 0.75694 0.66515 0.46012 0.46844 -0.35556
1403638211.695096970 1.66774 9.85697 0.69092 0.67568 0.44248 0.47545 -0.34873
1403638211.795097113 1.62943 9.72519 0.62218 0.68995 0.42196 0.48110 -0.33832
1403638211.895097017 1.59333 9.58628 0.55393 0.70469 0.39893 0.48625 -0.32837
1403638211.995096922 1.56376 9.44590 0.49546 0.71729 0.37757 0.49369 -0.31498
1403638212.095097065 1.54052 9.30299 0.44440 0.72769 0.35789 0.50218 -0.30033
1403638212.195096970 1.51732 9.15458 0.40520 0.73595 0.33997 0.51247 -0.28316
1403638212.295097113 1.49699 8.99972 0.37442 0.74465 0.32052 0.52071 -0.26762
1403638212.395097017 1.47935 8.84469 0.35022 0.75228 0.30226 0.52900 -0.25072
1403638212.495096922 1.46277 8.68473 0.33211 0.75966 0.28183 0.53620 -0.23657
1403638212.595097065 1.44969 8.52285 0.32212 0.76780 0.26130 0.54105 -0.22243
1403638212.695096970 1.42826 8.34997 0.30936 0.77565 0.23962 0.54541 -0.20852
1403638212.795097113 1.41256 8.17577 0.30882 0.78225 0.21884 0.55085 -0.19171
1403638212.895097017 1.39844 7.99934 0.31204 0.78958 0.19503 0.55434 -0.17673
1403638212.995096922 1.38640 7.82019 0.32119 0.79641 0.17125 0.55782 -0.15888
1403638213.095097065 1.37713 7.64120 0.33659 0.80234 0.14512 0.56123 -0.14217
1403638213.195096970 1.37006 7.46061 0.35052 0.81052 0.11697 0.55952 -0.12775
1403638213.295097113 1.36578 7.28006 0.35907 0.82084 0.08683 0.55248 -0.11596
1403638213.395097017 1.36823 7.09940 0.36362 0.83010 0.05556 0.54469 -0.10559
1403638213.495096922 1.37810 6.91439 0.36446 0.83537 0.02439 0.54062 -0.09634
1403638213.595097065 1.39533 6.72216 0.36174 0.83383 0.00381 0.54633 -0.07901
1403638213.695096970 1.41587 6.52321 0.35943 0.82533 -0.00299 0.56186 -0.05600
1403638213.795097113 1.44387 6.32331 0.36405 0.81851 -0.00399 0.57330 -0.03668
1403638213.895097017 1.47180 6.12391 0.37471 0.81560 -0.00459 0.57801 -0.02600
1403638213.995096922 1.49756 5.92731 0.38996 0.81626 -0.00444 0.57728 -0.02122
1403638214.095097065 1.52202 5.72928 0.40863 0.82209 -0.00213 0.56906 -0.01827
1403638214.195096970 1.54962 5.53463 0.43228 0.82897 0.00062 0.55898 -0.01868
1403638214.295097113 1.58047 5.34236 0.45332 0.83418 0.00378 0.55110 -0.02028
1403638214.395097017 1.61691 5.15114 0.46666 0.83753 0.00784 0.54591 -0.02157
1403638214.495096922 1.66128 4.96200 0.47442 0.83542 0.01224 0.54900 -0.02304
1403638214.595097065 1.70553 4.77524 0.47833 0.82907 0.01592 0.55839 -0.02427
1403638214.695096970 1.75517 4.58998 0.47322 0.82242 0.01912 0.56795 -0.02620
1403638214.795097113 1.80046 4.40583 0.46535 0.81709 0.02209 0.57539 -0.02826
1403638214.895097017 1.84174 4.22118 0.45171 0.81390 0.02492 0.57971 -0.02964
1403638214.995096922 1.88155 4.04376 0.43225 0.81203 0.02666 0.58220 -0.03066
1403638215.095097065 1.92141 3.87277 0.40715 0.81182 0.02852 0.58242 -0.03034
1403638215.195096970 1.95720 3.70401 0.37816 0.81303 0.02946 0.58070 -0.03001
1403638215.295097113 1.99390 3.53367 0.34750 0.81491 0.03202 0.57810 -0.02643
1403638215.395097017 2.02673 3.37315 0.31599 0.81547 0.03442 0.57735 -0.02210
1403638215.495096922 2.06161 3.21917 0.29003 0.81505 0.03710 0.57792 -0.01818
1403638215.595097065 2.09509 3.06546 0.27536 0.81383 0.03782 0.57963 -0.01682
1403638215.695096970 2.12355 2.91893 0.26570 0.81316 0.03569 0.58060 -0.01999
1403638215.795097113 2.15596 2.77245 0.26055 0.81287 0.03179 0.58113 -0.02289
1403638215.895097017 2.18123 2.63108 0.24692 0.81320 0.02605 0.58099 -0.02181
1403638215.995096922 2.20299 2.49760 0.23059 0.81318 0.02127 0.58127 -0.02031
1403638216.095097065 2.22365 2.36331 0.21112 0.81307 0.01906 0.58161 -0.01685
1403638216.195096970 2.23912 2.23635 0.19415 0.81313 0.01751 0.58164 -0.01437
1403638216.295097113 2.25287 2.11122 0.18281 0.81206 0.01640 0.58322 -0.01193
1403638216.395097017 2.26444 1.99160 0.17700 0.81065 0.01594 0.58523 -0.01003
1403638216.495096922 2.27291 1.87294 0.17805 0.81018 0.01546 0.58590 -0.00943
1403638216.595097065 2.28011 1.75833 0.17377 0.81091 0.01618 0.58490 -0.00727
1403638216.695096970 2.28190 1.65144 0.16399 0.81267 0.01773 0.58244 -0.00420
1403638216.795097113 2.28217 1.54827 0.14755 0.81175 0.01918 0.58369 -0.00084
1403638216.895097017 2.28197 1.44675 0.12641 0.80813 0.01457 0.58881 0.00309
1403638216.995096922 2.27636 1.35155 0.10392 0.80753 0.00401 0.58978 0.00655
1403638217.095097065 2.26557 1.26196 0.07748 0.80985 -0.01083 0.58644 0.01089
1403638217.195096970 2.25163 1.17231 0.04886 0.81217 -0.02527 0.58263 0.01715
1403638217.295097113 2.23497 1.08747 0.02358 0.81382 -0.03457 0.57959 0.02398
1403638217.395097017 2.21971 1.00736 0.00574 0.81519 -0.04090 0.57699 0.02961
1403638217.495096922 2.20179 0.93311 -0.00228 0.81577 -0.04403 0.57565 0.03473
1403638217.595097065 2.18238 0.86264 -0.00276 0.81672 -0.04342 0.57388 0.04166
1403638217.695096970 2.16390 0.79553 0.00286 0.81695 -0.03939 0.57317 0.05018
1403638217.795097113 2.14482 0.73486 0.01599 0.81822 -0.03479 0.57106 0.05654
1403638217.895097017 2.12317 0.68436 0.03147 0.81859 -0.03236 0.57042 0.05902
1403638217.995096922 2.10558 0.63978 0.04731 0.81625 -0.02971 0.57381 0.05995
1403638218.095097065 2.08855 0.60295 0.05508 0.81473 -0.02772 0.57604 0.06016
1403638218.195096970 2.07350 0.56857 0.05533 0.81301 -0.02735 0.57875 0.05753
1403638218.295097113 2.05524 0.54394 0.05315 0.80930 -0.02616 0.58423 0.05503
1403638218.395097017 2.03982 0.52117 0.04811 0.80723 -0.02814 0.58760 0.04807
1403638218.495096922 2.01744 0.51110 0.05316 0.80754 -0.02985 0.58751 0.04267
1403638218.595097065 1.99352 0.50067 0.06325 0.80866 -0.03007 0.58612 0.04030
1403638218.695096970 1.96194 0.50165 0.08017 0.81253 -0.03182 0.58080 0.03805
1403638218.795097113 1.93143 0.50691 0.09427 0.81711 -0.03717 0.57379 0.04146
1403638218.895097017 1.90134 0.51574 0.10235 0.81929 -0.04492 0.56982 0.04538
1403638218.995096922 1.87648 0.52165 0.10133 0.81911 -0.05990 0.56936 0.03591
1403638219.095097065 1.85143 0.52986 0.09919 0.81696 -0.07201 0.57149 0.02832
1403638219.195096970 1.82282 0.53965 0.09584 0.81451 -0.07434 0.57448 0.03203
1403638219.295097113 1.79753 0.54777 0.08741 0.80878 -0.07162 0.58231 0.04083
1403638219.395097017 1.76896 0.55207 0.08130 0.80120 -0.06901 0.59256 0.04675
1403638219.495096922 1.73862 0.56030 0.07640 0.79596 -0.06685 0.59952 0.05054
1403638219.595097065 1.70714 0.57063 0.07435 0.79669 -0.06839 0.59856 0.04836
1403638219.695096970 1.66426 0.58219 0.07877 0.79930 -0.07184 0.59509 0.04274
1403638219.795097113 1.61661 0.59337 0.07957 0.80283 -0.07640 0.59022 0.03555
1403638219.895097017 1.56486 0.60040 0.07690 0.80595 -0.08198 0.58566 0.02696
1403638219.995096922 1.51330 0.60664 0.06695 0.80850 -0.08692 0.58170 0.01989
1403638220.095097065 1.45580 0.60936 0.05182 0.81081 -0.08835 0.57833 0.01792
1403638220.195096970 1.40260 0.60725 0.03987 0.81286 -0.08302 0.57591 0.02633
1403638220.295097113 1.34849 0.59854 0.03689 0.81498 -0.07256 0.57341 0.04173
1403638220.395097017 1.29044 0.59002 0.04243 0.81530 -0.06681 0.57294 0.05060
1403638220.495096922 1.23182 0.58423 0.05501 0.81547 -0.06463 0.57262 0.05414
1403638220.595097065 1.17661 0.57862 0.07005 0.81489 -0.06509 0.57332 0.05497
1403638220.695096970 1.12094 0.57597 0.07938 0.81448 -0.06597 0.57371 0.05594
1403638220.795097113 1.06554 0.57432 0.08277 0.81470 -0.06796 0.57323 0.05528
1403638220.895097017 1.00555 0.57559 0.08138 0.81460 -0.06922 0.57319 0.05556
1403638220.995096922 0.95259 0.57776 0.06947 0.81545 -0.07101 0.57185 0.05474
1403638221.095097065 0.89894 0.58260 0.05510 0.81588 -0.07195 0.57109 0.05503
1403638221.195096970 0.84684 0.58689 0.04244 0.81722 -0.07260 0.56907 0.05516
1403638221.295097113 0.79647 0.59163 0.03704 0.81868 -0.07411 0.56691 0.05368
1403638221.395097017 0.73744 0.59691 0.03809 0.81979 -0.07638 0.56521 0.05149
1403638221.495096922 0.68847 0.60378 0.03817 0.82011 -0.07840 0.56466 0.04930
1403638221.595097065 0.64188 0.61049 0.03411 0.81941 -0.08045 0.56552 0.04777
1403638221.695096970 0.59719 0.61435 0.02439 0.81772 -0.08103 0.56795 0.04695
1403638221.795097113 0.55421 0.61645 0.01525 0.81566 -0.08235 0.57091 0.04459
1403638221.895097017 0.51380 0.62007 0.01316 0.81448 -0.08045 0.57269 0.04657
1403638221.995096922 0.47262 0.62265 0.01860 0.81376 -0.07711 0.57386 0.05041
1403638222.095097065 0.43354 0.62508 0.03017 0.81537 -0.07462 0.57158 0.05388
1403638222.195096970 0.39236 0.62920 0.03998 0.81922 -0.07448 0.56601 0.05448
1403638222.295097113 0.35116 0.63266 0.04328 0.82268 -0.07555 0.56089 0.05372
1403638222.395097017 0.31568 0.63644 0.04702 0.82565 -0.07636 0.55647 0.05308
1403638222.495096922 0.28411 0.64022 0.04162 0.82794 -0.07627 0.55307 0.05293
1403638222.595097065 0.26413 0.64286 0.03567 0.82424 -0.07616 0.55859 0.05287
1403638222.695096970 0.23582 0.64876 0.02559 0.81894 -0.07700 0.56634 0.05165
1403638222.795097113 0.21552 0.65154 0.01075 0.81656 -0.07655 0.56977 0.05237
1403638222.895097017 0.21167 0.65230 -0.00719 0.81100 -0.07547 0.57769 0.05342
1403638222.995096922 0.19175 0.65723 -0.02488 0.80635 -0.07571 0.58425 0.05225
1403638223.095097065 0.16916 0.66311 -0.03741 0.80910 -0.07527 0.58046 0.05253
1403638223.195096970 0.14117 0.67080 -0.04475 0.81818 -0.07712 0.56752 0.05063
1403638223.295097113 0.08945 0.67872 -0.04336 0.82593 -0.08114 0.55606 0.04534
1403638223.395097017 0.08906 0.68010 -0.05994 0.82414 -0.08373 0.55856 0.04225
1403638223.495096922 0.06645 0.68338 -0.06962 0.81935 -0.09112 0.56512 0.03179
1403638223.595097065 0.04728 0.68134 -0.07971 0.81689 -0.09205 0.56857 0.03059
1403638223.695096970 0.02507 0.67427 -0.08906 0.81643 -0.08486 0.56968 0.04133
1403638223.795097113 0.00631 0.66677 -0.10125 0.81724 -0.07763 0.56867 0.05207
1403638223.895097017 -0.01480 0.66094 -0.11407 0.81772 -0.07361 0.56799 0.05752
1403638223.995096922 -0.03397 0.65868 -0.12729 0.81798 -0.07084 0.56757 0.06130
1403638224.095097065 -0.04867 0.65570 -0.14864 0.82198 -0.07101 0.56180 0.06075
1403638224.195096970 -0.06226 0.65574 -0.16893 0.82832 -0.07238 0.55244 0.05882
1403638224.295097113 -0.07037 0.65527 -0.18476 0.82772 -0.07254 0.55340 0.05807
1403638224.395097017 -0.06881 0.66031 -0.19718 0.82163 -0.07512 0.56234 0.05529
1403638224.495096922 -0.06778 0.66345 -0.21146 0.81417 -0.07867 0.57310 0.04992
1403638224.595097065 -0.07370 0.66613 -0.22620 0.81078 -0.07716 0.57796 0.05150
1403638224.695096970 -0.07444 0.67303 -0.23963 0.81823 -0.07660 0.56733 0.05259
1403638224.795097113 -0.08023 0.68010 -0.25426 0.82693 -0.07693 0.55453 0.05264
1403638224.895097017 -0.07844 0.68853 -0.25910 0.82322 -0.07953 0.56004 0.04839
1403638224.995096922 -0.07162 0.69340 -0.25876 0.81535 -0.08440 0.57138 0.04006
1403638225.095097065 -0.06472 0.69542 -0.25836 0.81156 -0.08415 0.57685 0.03904
1403638225.195096970 -0.05001 0.69007 -0.24846 0.81490 -0.07919 0.57244 0.04451
1403638225.295097113 -0.04717 0.68993 -0.24516 0.82212 -0.07579 0.56219 0.04816
1403638225.395097017 -0.04976 0.68784 -0.23581 0.82124 -0.07355 0.56358 0.05038
1403638225.495096922 -0.05018 0.68656 -0.23171 0.81307 -0.07206 0.57533 0.05217
1403638225.595097065 -0.04606 0.68582 -0.23739 0.80226 -0.07072 0.59026 0.05442
1403638225.695096970 -0.04365 0.68595 -0.25244 0.79718 -0.06984 0.59715 0.05518
1403638225.795097113 -0.04907 0.68885 -0.27700 0.80441 -0.07008 0.58739 0.05462
1403638225.895097017 -0.05621 0.69382 -0.30957 0.81694 -0.07019 0.56982 0.05466
1403638225.995096922 -0.06227 0.70197 -0.34560 0.82530 -0.07274 0.55765 0.05111
1403638226.095097065 -0.05772 0.71244 -0.34413 0.82900 -0.08272 0.55218 0.03176
1403638226.195096970 -0.04955 0.71851 -0.33975 0.83413 -0.07990 0.54479 0.03237
1403638226.295097113 -0.04921 0.72418 -0.34103 0.82590 -0.07896 0.55647 0.04464
1403638226.395097017 -0.04958 0.72513 -0.34328 0.83016 -0.06776 0.55107 0.05071
1403638226.495096922 -0.04981 0.72808 -0.34198 0.83015 -0.06994 0.55083 0.05050
1403638226.595097065 -0.05067 0.72943 -0.35678 0.82963 -0.06970 0.55156 0.05138
1403638226.695096970 -0.05104 0.73105 -0.35972 0.82992 -0.06958 0.55113 0.05148
1403638226.795097113 -0.05056 0.73042 -0.36192 0.82975 -0.06959 0.55136 0.05171
1403638226.895097017 -0.05234 0.73386 -0.36452 0.82990 -0.06982 0.55112 0.05157
1403638226.995096922 -0.05193 0.73612 -0.36551 0.83004 -0.07065 0.55087 0.05079
1403638227.095097065 -0.05216 0.73874 -0.36693 0.82997 -0.07084 0.55095 0.05077
1403638227.195096970 -0.05185 0.73997 -0.36874 0.82999 -0.07067 0.55092 0.05101
1403638227.295097113 -0.05199 0.74066 -0.36998 0.83004 -0.07042 0.55085 0.05129
1403638227.395097017 -0.05566 0.74406 -0.36715 0.83009 -0.07032 0.55077 0.05154
1403638227.495096922 -0.05367 0.74341 -0.37112 0.83013 -0.07040 0.55071 0.05136
1403638227.595097065 -0.05206 0.74294 -0.37182 0.83013 -0.07051 0.55072 0.05114
1403638227.695096970 -0.05020 0.74335 -0.37272 0.83020 -0.07064 0.55061 0.05103
1403638227.795097113 -0.05127 0.74562 -0.37357 0.83021 -0.07068 0.55060 0.05103
1403638227.895097017 -0.05230 0.74681 -0.37335 0.83025 -0.07061 0.55054 0.05109
1403638227.995096922 -0.05279 0.74766 -0.37286 0.83025 -0.07063 0.55053 0.05108
1403638228.095097065 -0.05318 0.74801 -0.37253 0.83029 -0.07058 0.55047 0.05111
1403638228.195096970 -0.05338 0.74934 -0.37204 0.83031 -0.07064 0.55045 0.05108
1403638228.295097113 -0.05182 0.74918 -0.37211 0.83031 -0.07070 0.55045 0.05096
1403638228.395097017 -0.05268 0.74819 -0.37148 0.83035 -0.07075 0.55039 0.05082
1403638228.495096922 -0.05351 0.74851 -0.37115 0.83034 -0.07072 0.55041 0.05080
1403638228.595097065 -0.05286 0.74830 -0.37113 0.83041 -0.07068 0.55031 0.05072
1403638228.695096970 -0.05273 0.74830 -0.37097 0.83042 -0.07071 0.55030 0.05073
1403638228.795097113 -0.05298 0.74918 -0.37048 0.83048 -0.07072 0.55020 0.05074
