1403638130245096960 -0.00831 0.00142 0.17172 -0.04441 0.81982 0.00477 0.57087
1403638130345096960 -0.01534 0.00121 0.21640 -0.05395 0.81233 -0.00286 0.58069
1403638130445096960 -0.02518 -0.00134 0.25657 -0.06470 0.80720 -0.00713 0.58668
1403638130545097216 -0.03993 -0.00527 0.29320 -0.06021 0.80886 0.00405 0.58489
1403638130645096960 -0.05760 -0.01074 0.32914 -0.05777 0.80486 0.00544 0.59063
1403638130745096960 -0.07966 -0.02048 0.36323 -0.07113 0.79540 -0.00742 0.60186
1403638130845096960 -0.10300 -0.03151 0.38928 -0.08373 0.79108 -0.01424 0.60579
1403638130945096960 -0.12926 -0.04506 0.40512 -0.08635 0.78537 -0.01791 0.61272
1403638131045097216 -0.15350 -0.06096 0.41007 -0.08470 0.77351 -0.02665 0.62754
1403638131145096960 -0.18027 -0.07339 0.38006 -0.07881 0.77447 -0.02458 0.62720
1403638131245096960 -0.20361 -0.07466 0.32941 -0.06439 0.78723 -0.01112 0.61319
1403638131345096960 -0.22048 -0.07688 0.26833 -0.05709 0.79497 -0.00385 0.60394
1403638131445096960 -0.20781 -0.07288 0.19084 -0.05372 0.79600 -0.00730 0.60286
1403638131545097216 -0.18553 -0.06340 0.12669 -0.04345 0.79997 -0.00548 0.59844
1403638131645096960 -0.17364 -0.05633 0.08011 -0.03814 0.80490 -0.00269 0.59218
1403638131745096960 -0.15457 -0.04775 0.03962 -0.03154 0.80654 -0.00032 0.59034
1403638131845096960 -0.12089 -0.03689 0.00806 -0.01772 0.81004 0.00455 0.58609
1403638131945096960 -0.10905 -0.03083 -0.01128 -0.00977 0.81230 0.00663 0.58313
1403638132045097216 -0.08140 -0.02708 -0.00918 0.00025 0.81826 0.01908 0.57453
1403638132145096960 -0.07431 -0.02355 0.01415 0.00707 0.82443 0.03220 0.56501
1403638132245096960 -0.05699 -0.01915 0.06427 0.00089 0.82066 0.02986 0.57063
1403638132345096960 -0.02689 -0.01133 0.15128 -0.00911 0.81426 0.02294 0.57997
1403638132445096960 -0.02723 -0.00714 0.21092 -0.02618 0.80997 0.01609 0.58567
1403638132545097216 -0.02632 -0.00473 0.26841 -0.04726 0.79690 0.00156 0.60226
1403638132645096960 -0.02385 -0.00023 0.31699 -0.06065 0.78718 -0.00808 0.61368
1403638132745096960 -0.02181 0.00852 0.34990 -0.06416 0.79391 -0.00841 0.60459
1403638132845096960 -0.02151 0.01798 0.36937 -0.06723 0.79271 -0.01290 0.60574
1403638132945096960 -0.02597 0.01813 0.37371 -0.07527 0.78335 -0.02070 0.61666
1403638133045097216 -0.02675 0.01305 0.36111 -0.07477 0.78286 -0.01168 0.61758
1403638133145096960 -0.02769 -0.00444 0.33993 -0.06412 0.78923 -0.00155 0.61073
1403638133245096960 -0.02522 -0.03095 0.31776 -0.05145 0.79112 -0.00755 0.60945
1403638133345096960 -0.02865 -0.06863 0.29434 -0.03311 0.79509 -0.01641 0.60536
1403638133445096960 -0.03521 -0.11225 0.27235 -0.01331 0.80058 -0.02565 0.59852
1403638133545097216 -0.04575 -0.15580 0.25431 0.00125 0.80128 -0.04594 0.59652
1403638133645096960 -0.05999 -0.19828 0.23619 0.00261 0.80403 -0.06633 0.59087
1403638133745096960 -0.07662 -0.23563 0.21958 0.01009 0.80697 -0.08214 0.58477
1403638133845096960 -0.08992 -0.26757 0.20268 0.02778 0.80838 -0.09247 0.58069
1403638133945096960 -0.09236 -0.28580 0.18943 0.03855 0.80955 -0.09997 0.57720
1403638134045097216 -0.08012 -0.28405 0.18427 0.04275 0.80912 -0.10103 0.57731
1403638134145096960 -0.05389 -0.26921 0.18300 0.04559 0.81408 -0.09156 0.57167
1403638134245096960 -0.02305 -0.24327 0.18746 0.04488 0.80816 -0.09371 0.57972
1403638134345096960 0.01148 -0.20656 0.19331 0.03868 0.80383 -0.10073 0.58500
1403638134445096960 0.04770 -0.16712 0.19628 0.02974 0.80693 -0.10392 0.58068
1403638134545097216 0.08107 -0.12668 0.19977 0.02150 0.80577 -0.10917 0.58168
1403638134645096960 0.10205 -0.08326 0.20305 0.01213 0.80595 -0.11095 0.58136
1403638134745096960 0.12252 -0.04020 0.20743 0.00715 0.81187 -0.10681 0.57394
1403638134845096960 0.13387 0.00463 0.21518 0.00817 0.81807 -0.10029 0.56625
1403638134945096960 0.14607 0.04124 0.22344 0.00866 0.81573 -0.09873 0.56987
1403638135045097216 0.15219 0.07173 0.22525 0.00946 0.81524 -0.09560 0.57110
1403638135145096960 0.15276 0.09578 0.22193 0.01095 0.82065 -0.08607 0.56480
1403638135245096960 0.14875 0.10594 0.21450 0.01247 0.82463 -0.08094 0.55971
1403638135345096960 0.14206 0.10092 0.20371 0.01437 0.82284 -0.08068 0.56233
1403638135445096960 0.12990 0.08621 0.19288 0.02141 0.82262 -0.08132 0.56234
1403638135545097216 0.11729 0.06431 0.18394 0.02745 0.82704 -0.08087 0.55562
1403638135645096960 0.10677 0.03421 0.18183 0.03656 0.82788 -0.08325 0.55348
1403638135745096960 0.09302 -0.00227 0.17880 0.03612 0.82182 -0.09794 0.56011
1403638135845096960 0.07451 -0.03513 0.17383 0.03744 0.82313 -0.10226 0.55731
1403638135945096960 0.04863 -0.06383 0.17488 0.05017 0.83098 -0.09522 0.54579
1403638136045097216 0.02555 -0.09636 0.18915 0.06175 0.83037 -0.09559 0.54547
1403638136145096960 -0.00025 -0.13519 0.20862 0.06467 0.81975 -0.10753 0.55881
1403638136245096960 -0.02812 -0.17785 0.21780 0.06394 0.81294 -0.11778 0.56672
1403638136345096960 -0.05364 -0.21791 0.21430 0.07539 0.81284 -0.11969 0.56505
1403638136445096960 -0.07468 -0.24513 0.20636 0.08293 0.81565 -0.12028 0.55979
1403638136545097216 -0.08712 -0.25539 0.20538 0.08293 0.81721 -0.12855 0.55567
1403638136645096960 -0.08823 -0.24496 0.21390 0.07274 0.81582 -0.13553 0.55747
1403638136745096960 -0.08194 -0.21875 0.22784 0.05875 0.81581 -0.13363 0.55959
1403638136845096960 -0.07110 -0.18110 0.24231 0.03726 0.81262 -0.13119 0.56661
1403638136945096960 -0.05818 -0.13954 0.24667 0.01367 0.80199 -0.13532 0.58165
1403638137045097216 -0.04611 -0.09853 0.23274 0.00010 0.79654 -0.13482 0.58936
1403638137145096960 -0.03597 -0.06297 0.20225 0.00064 0.80194 -0.12450 0.58429
1403638137245096960 -0.03028 -0.03258 0.16368 0.00381 0.81215 -0.10978 0.57302
1403638137345096960 -0.02666 -0.00921 0.12317 0.00435 0.81875 -0.09979 0.56539
1403638137445096960 -0.02574 0.00639 0.08351 0.01145 0.82522 -0.09259 0.55705
1403638137545097216 -0.02400 0.01765 0.04824 0.02333 0.83463 -0.08210 0.54415
1403638137645096960 -0.02203 0.02642 0.02010 0.03585 0.83976 -0.07520 0.53653
1403638137745096960 -0.02213 0.02847 -0.00152 0.04173 0.83787 -0.07911 0.53849
1403638137845096960 -0.02390 0.03064 -0.01846 0.04436 0.84023 -0.08120 0.53427
1403638137945096960 -0.02488 0.03281 -0.03150 0.05188 0.84893 -0.07429 0.52068
1403638138045097216 -0.02469 0.03481 -0.03971 0.05485 0.85411 -0.06772 0.51274
1403638138145096960 -0.02638 0.03492 -0.04085 0.05333 0.84833 -0.07122 0.52194
1403638138245096960 -0.02704 0.03415 -0.04272 0.05026 0.84328 -0.07672 0.52959
1403638138345096960 -0.02807 0.03437 -0.04247 0.05081 0.83940 -0.07777 0.53552
1403638138445096960 -0.02953 0.03448 -0.04201 0.05127 0.83655 -0.07774 0.53992
1403638138545097216 -0.02940 0.03443 -0.04210 0.05097 0.83633 -0.07781 0.54027
1403638138645096960 -0.02945 0.03454 -0.04221 0.05058 0.83636 -0.07805 0.54023
1403638138745096960 -0.02936 0.03456 -0.04240 0.05035 0.83635 -0.07801 0.54028
1403638138845096960 -0.02937 0.03454 -0.04236 0.05035 0.83644 -0.07746 0.54021
1403638138945096960 -0.02933 0.03462 -0.04256 0.04995 0.83649 -0.07784 0.54012
1403638139045097216 -0.02925 0.03476 -0.04265 0.04945 0.83637 -0.07802 0.54033
1403638139145096960 -0.02924 0.03487 -0.04270 0.04903 0.83634 -0.07819 0.54039
1403638139245096960 -0.02922 0.03494 -0.04279 0.04875 0.83630 -0.07837 0.54044
1403638139345096960 -0.02923 0.03492 -0.04280 0.04872 0.83632 -0.07828 0.54043
1403638139445096960 -0.02907 0.03482 -0.04291 0.04880 0.83634 -0.07810 0.54042
1403638139545097216 -0.02910 0.03480 -0.04293 0.04879 0.83631 -0.07804 0.54047
1403638139645096960 -0.02909 0.03480 -0.04296 0.04873 0.83632 -0.07800 0.54047
1403638139745096960 -0.02907 0.03478 -0.04299 0.04865 0.83629 -0.07799 0.54052
1403638139845096960 -0.02908 0.03480 -0.04300 0.04859 0.83630 -0.07797 0.54052
1403638139945096960 -0.02907 0.03482 -0.04302 0.04841 0.83628 -0.07804 0.54056
1403638140045097216 -0.02906 0.03482 -0.04302 0.04822 0.83630 -0.07803 0.54055
1403638140145096960 -0.02905 0.03483 -0.04303 0.04814 0.83627 -0.07796 0.54061
1403638140245096960 -0.02905 0.03483 -0.04306 0.04800 0.83622 -0.07794 0.54070
1403638140345096960 -0.02905 0.03483 -0.04308 0.04787 0.83622 -0.07793 0.54071
1403638140445096960 -0.02904 0.03484 -0.04310 0.04784 0.83621 -0.07789 0.54074
1403638140545097216 -0.02905 0.03484 -0.04310 0.04771 0.83620 -0.07785 0.54077
1403638140645096960 -0.02905 0.03485 -0.04311 0.04760 0.83617 -0.07785 0.54083
1403638140745096960 -0.02905 0.03485 -0.04313 0.04751 0.83613 -0.07781 0.54091
1403638140845096960 -0.02905 0.03485 -0.04313 0.04747 0.83611 -0.07776 0.54094
1403638140945096960 -0.02905 0.03486 -0.04311 0.04737 0.83612 -0.07768 0.54095
1403638141045097216 -0.02904 0.03487 -0.04311 0.04731 0.83607 -0.07763 0.54104
1403638141145096960 -0.02905 0.03487 -0.04313 0.04721 0.83602 -0.07756 0.54113
1403638141245096960 -0.02904 0.03487 -0.04312 0.04713 0.83601 -0.07752 0.54116
1403638141345096960 -0.02905 0.03487 -0.04313 0.04701 0.83599 -0.07751 0.54120
1403638141445096960 -0.02905 0.03487 -0.04311 0.04694 0.83598 -0.07747 0.54124
1403638141545097216 -0.02904 0.03487 -0.04310 0.04687 0.83596 -0.07742 0.54128
1403638141645096960 -0.02903 0.03489 -0.04308 0.04681 0.83595 -0.07740 0.54130
1403638141745096960 -0.02904 0.03489 -0.04309 0.04674 0.83592 -0.07739 0.54135
1403638141845096960 -0.02903 0.03488 -0.04309 0.04669 0.83592 -0.07731 0.54138
1403638141945096960 -0.02903 0.03488 -0.04308 0.04668 0.83590 -0.07730 0.54141
1403638142045097216 -0.02903 0.03491 -0.04305 0.04656 0.83591 -0.07718 0.54142
1403638142145096960 -0.02902 0.03494 -0.04304 0.04650 0.83590 -0.07715 0.54145
1403638142245096960 -0.02906 0.03479 -0.04305 0.04694 0.83589 -0.07758 0.54135
1403638142345096960 -0.02905 0.03482 -0.04302 0.04694 0.83589 -0.07756 0.54135
1403638142445096960 -0.02904 0.03489 -0.04296 0.04698 0.83597 -0.07744 0.54125
1403638142545097216 -0.02902 0.03492 -0.04294 0.04673 0.83600 -0.07735 0.54124
1403638142645096960 -0.02899 0.03495 -0.04294 0.04640 0.83605 -0.07705 0.54124
1403638142745096960 -0.02899 0.03496 -0.04288 0.04668 0.83609 -0.07718 0.54112
1403638142845096960 -0.02900 0.03487 -0.04284 0.04694 0.83616 -0.07730 0.54098
1403638142945096960 -0.02898 0.03491 -0.04281 0.04691 0.83617 -0.07712 0.54099
1403638143045097216 -0.02897 0.03494 -0.04279 0.04689 0.83621 -0.07700 0.54095
1403638143145096960 -0.02898 0.03491 -0.04277 0.04694 0.83620 -0.07699 0.54096
1403638143245096960 -0.02897 0.03486 -0.04277 0.04696 0.83624 -0.07706 0.54089
1403638143345096960 -0.02897 0.03485 -0.04277 0.04707 0.83625 -0.07706 0.54087
1403638143445096960 -0.02898 0.03487 -0.04276 0.04720 0.83621 -0.07715 0.54090
1403638143545097216 -0.02898 0.03485 -0.04276 0.04723 0.83619 -0.07721 0.54092
1403638143645096960 -0.02897 0.03484 -0.04276 0.04721 0.83621 -0.07739 0.54087
1403638143745096960 -0.02897 0.03484 -0.04277 0.04723 0.83617 -0.07737 0.54092
1403638143845096960 -0.02896 0.03485 -0.04276 0.04717 0.83617 -0.07735 0.54093
1403638143945096960 -0.02897 0.03483 -0.04277 0.04724 0.83615 -0.07740 0.54096
1403638144045097216 -0.02895 0.03482 -0.04276 0.04715 0.83617 -0.07743 0.54093
1403638144145096960 -0.02895 0.03482 -0.04276 0.04724 0.83615 -0.07741 0.54095
1403638144245096960 -0.02895 0.03482 -0.04277 0.04720 0.83612 -0.07740 0.54101
1403638144345096960 -0.02894 0.03482 -0.04279 0.04710 0.83610 -0.07740 0.54104
1403638144445096960 -0.02894 0.03481 -0.04279 0.04712 0.83608 -0.07740 0.54108
1403638144545097216 -0.02895 0.03480 -0.04280 0.04716 0.83605 -0.07748 0.54110
1403638144645096960 -0.02895 0.03479 -0.04278 0.04708 0.83602 -0.07737 0.54117
1403638144745096960 -0.02895 0.03480 -0.04276 0.04714 0.83603 -0.07731 0.54117
1403638144845096960 -0.02893 0.03480 -0.04274 0.04709 0.83601 -0.07731 0.54120
1403638144945096960 -0.02893 0.03480 -0.04273 0.04714 0.83607 -0.07728 0.54111
1403638145045097216 -0.02892 0.03480 -0.04273 0.04712 0.83604 -0.07730 0.54115
1403638145145096960 -0.02892 0.03480 -0.04271 0.04720 0.83603 -0.07729 0.54115
1403638145245096960 -0.02891 0.03479 -0.04270 0.04716 0.83600 -0.07724 0.54122
1403638145345096960 -0.02891 0.03479 -0.04269 0.04712 0.83597 -0.07726 0.54127
1403638145445096960 -0.02892 0.03476 -0.04264 0.04726 0.83595 -0.07727 0.54128
1403638145545097216 -0.02888 0.03475 -0.04261 0.04717 0.83591 -0.07721 0.54136
1403638145645096960 -0.02888 0.03477 -0.04259 0.04707 0.83597 -0.07719 0.54128
1403638145745096960 -0.02887 0.03477 -0.04258 0.04703 0.83595 -0.07721 0.54131
1403638145845096960 -0.02886 0.03479 -0.04257 0.04705 0.83592 -0.07717 0.54136
1403638145945096960 -0.02887 0.03476 -0.04257 0.04709 0.83594 -0.07720 0.54133
1403638146045097216 -0.02885 0.03477 -0.04255 0.04702 0.83591 -0.07710 0.54139
1403638146145096960 -0.02883 0.03476 -0.04252 0.04704 0.83594 -0.07708 0.54134
1403638146245096960 -0.02883 0.03478 -0.04250 0.04714 0.83593 -0.07704 0.54136
1403638146345096960 -0.02881 0.03477 -0.04248 0.04716 0.83593 -0.07709 0.54134
1403638146445096960 -0.02881 0.03479 -0.04247 0.04720 0.83588 -0.07711 0.54142
1403638146545097216 -0.02879 0.03477 -0.04244 0.04724 0.83594 -0.07709 0.54133
1403638146645096960 -0.02878 0.03475 -0.04240 0.04735 0.83599 -0.07711 0.54123
1403638146745096960 -0.02879 0.03476 -0.04240 0.04740 0.83596 -0.07704 0.54129
1403638146845096960 -0.02875 0.03475 -0.04238 0.04750 0.83600 -0.07701 0.54122
1403638146945096960 -0.02875 0.03477 -0.04238 0.04750 0.83602 -0.07705 0.54118
1403638147045097216 -0.02871 0.03483 -0.04237 0.04765 0.83610 -0.07702 0.54105
1403638147145096960 -0.02868 0.03497 -0.04243 0.04738 0.83623 -0.07699 0.54087
1403638147245096960 -0.02868 0.03498 -0.04244 0.04740 0.83622 -0.07695 0.54089
1403638147345096960 -0.02867 0.03494 -0.04239 0.04763 0.83611 -0.07693 0.54104
1403638147445096960 -0.02867 0.03490 -0.04233 0.04758 0.83607 -0.07696 0.54112
1403638147545097216 -0.02869 0.03478 -0.04215 0.04737 0.83554 -0.07707 0.54193
1403638147645096960 -0.02844 0.03475 -0.04221 0.04710 0.83546 -0.07628 0.54218
1403638147745096960 -0.02741 0.03467 -0.04183 0.04630 0.83487 -0.07591 0.54321
1403638147845096960 -0.02405 0.03335 -0.03891 0.04857 0.83040 -0.07805 0.54952
1403638147945096960 -0.01719 0.03151 -0.03131 0.05104 0.82218 -0.08010 0.56125
1403638148045097216 -0.00749 0.02953 -0.01731 0.05211 0.81640 -0.08023 0.56950
1403638148145096960 0.00318 0.02729 0.00465 0.05256 0.81251 -0.07831 0.57527
1403638148245096960 0.01332 0.02520 0.03868 0.05118 0.81101 -0.07581 0.57784
1403638148345096960 0.02132 0.02374 0.08715 0.04967 0.81044 -0.07266 0.57917
1403638148445096960 0.02736 0.02231 0.13227 0.04861 0.81181 -0.06966 0.57772
1403638148545097216 0.03296 0.02190 0.15380 0.04924 0.81675 -0.06668 0.57100
1403638148645096960 0.03886 0.02225 0.15203 0.04839 0.82102 -0.06444 0.56519
1403638148745096960 0.04755 0.02355 0.14097 0.04640 0.82407 -0.06308 0.56106
1403638148845096960 0.05982 0.02480 0.13669 0.04440 0.82570 -0.06197 0.55894
1403638148945096960 0.07413 0.02691 0.14264 0.04331 0.82526 -0.06065 0.55982
1403638149045097216 0.09060 0.02908 0.16176 0.04241 0.82222 -0.05896 0.56451
1403638149145096960 0.10968 0.03171 0.19174 0.04237 0.81912 -0.05749 0.56916
1403638149245096960 0.13033 0.03556 0.22192 0.04152 0.81745 -0.05754 0.57161
1403638149345096960 0.15415 0.03737 0.25200 0.03918 0.81628 -0.05903 0.57329
1403638149445096960 0.17400 0.04184 0.27400 0.03910 0.81536 -0.05881 0.57463
1403638149545097216 0.19553 0.04494 0.29400 0.04024 0.81483 -0.05770 0.57541
1403638149645096960 0.21477 0.05016 0.30558 0.03978 0.81516 -0.05473 0.57527
1403638149745096960 0.23462 0.05590 0.31397 0.03677 0.81526 -0.04898 0.57585
1403638149845096960 0.25466 0.06192 0.31887 0.03356 0.81593 -0.04451 0.57546
1403638149945096960 0.28171 0.06949 0.32778 0.03173 0.81603 -0.04139 0.57565
1403638150045097216 0.30442 0.07879 0.32774 0.03512 0.81617 -0.03623 0.57561
1403638150145096960 0.33419 0.09220 0.32925 0.04247 0.81661 -0.02966 0.57487
1403638150245096960 0.36059 0.10849 0.32103 0.04960 0.81646 -0.02464 0.57474
1403638150345096960 0.38852 0.12986 0.31006 0.04982 0.81941 -0.02503 0.57049
1403638150445096960 0.41862 0.15827 0.29993 0.04147 0.82537 -0.02698 0.56242
1403638150545097216 0.44868 0.18940 0.29199 0.03175 0.82988 -0.02454 0.55650
1403638150645096960 0.48291 0.22402 0.29630 0.02456 0.83192 -0.02075 0.55396
1403638150745096960 0.52093 0.25953 0.30696 0.02034 0.83123 -0.01607 0.55533
1403638150845096960 0.56406 0.29773 0.32327 0.01663 0.82948 -0.00760 0.55824
1403638150945096960 0.60904 0.33746 0.33620 0.01323 0.82646 0.00111 0.56284
1403638151045097216 0.65680 0.37899 0.34458 0.00814 0.82349 0.01083 0.56717
1403638151145096960 0.70289 0.42316 0.34760 0.00128 0.82053 0.02634 0.57099
1403638151245096960 0.74845 0.46903 0.34295 -0.01163 0.82015 0.04468 0.57029
1403638151345096960 0.79467 0.51842 0.33531 -0.02596 0.81986 0.06462 0.56831
1403638151445096960 0.83897 0.56952 0.32959 -0.04317 0.81830 0.08395 0.56698
1403638151545097216 0.88147 0.62211 0.32952 -0.05766 0.81603 0.10283 0.56586
1403638151645096960 0.92430 0.67585 0.33466 -0.06855 0.81403 0.11752 0.56466
1403638151745096960 0.96679 0.73122 0.34732 -0.07548 0.81258 0.12818 0.56355
1403638151845096960 1.00950 0.78805 0.36892 -0.08002 0.81229 0.13501 0.56174
1403638151945096960 1.05217 0.84605 0.39669 -0.08096 0.81223 0.13948 0.56059
