1403638129845096960 0.00404 -0.00606 0.01962 -0.02388 0.83454 -0.02390 0.54991
1403638129945096960 0.00766 -0.00729 0.07388 -0.01756 0.83986 -0.01607 0.54228
1403638130045097216 0.00526 -0.00109 0.10749 -0.02377 0.83322 -0.01258 0.55229
1403638130145096960 0.00549 0.00310 0.14417 -0.03324 0.82680 -0.01147 0.56140
1403638130245096960 0.00619 0.00662 0.18015 -0.03471 0.82702 -0.00450 0.56109
1403638130345096960 0.00625 0.00830 0.21811 -0.04467 0.82068 -0.00985 0.56955
1403638130445096960 0.00567 0.00984 0.25560 -0.05521 0.81670 -0.01290 0.57427
1403638130545097216 0.00424 0.01174 0.28973 -0.05119 0.81942 -0.00042 0.57091
1403638130645096960 0.00165 0.01195 0.32353 -0.04967 0.81634 0.00261 0.57542
1403638130745096960 -0.00194 0.01091 0.35659 -0.06341 0.80788 -0.00915 0.58585
1403638130845096960 -0.00737 0.00892 0.38268 -0.07684 0.80427 -0.01486 0.58909
1403638130945096960 -0.01256 0.00567 0.39727 -0.08050 0.79917 -0.01707 0.59544
1403638131045097216 -0.01910 0.00050 0.39609 -0.07902 0.78784 -0.02493 0.61028
1403638131145096960 -0.01993 -0.00145 0.39113 -0.07392 0.78904 -0.02185 0.60948
1403638131245096960 -0.01798 0.00075 0.36028 -0.06186 0.80100 -0.00642 0.59543
1403638131345096960 -0.02127 0.00081 0.33375 -0.05700 0.80772 0.00265 0.58680
1403638131445096960 -0.01978 0.00084 0.30533 -0.05693 0.80700 0.00126 0.58780
1403638131545097216 -0.01813 -0.00008 0.27257 -0.05072 0.80904 0.00476 0.58554
1403638131645096960 -0.02395 -0.00321 0.23189 -0.04840 0.81237 0.00824 0.58107
1403638131745096960 -0.02962 -0.00498 0.18968 -0.04448 0.81240 0.01101 0.58129
1403638131845096960 -0.02596 -0.00116 0.15318 -0.03465 0.81385 0.01756 0.57977
1403638131945096960 -0.03231 -0.00126 0.11548 -0.03017 0.81428 0.02123 0.57930
1403638132045097216 -0.03473 -0.00047 0.09329 -0.02318 0.81796 0.03548 0.57372
1403638132145096960 -0.02750 0.00355 0.09731 -0.01816 0.82280 0.04994 0.56584
1403638132245096960 -0.02957 0.00368 0.12655 -0.02714 0.81764 0.04918 0.57298
1403638132345096960 -0.02818 0.00537 0.17149 -0.03996 0.80961 0.04375 0.58396
1403638132445096960 -0.02786 0.00688 0.22780 -0.05886 0.80492 0.03789 0.58924
1403638132545097216 -0.02397 0.00410 0.28460 -0.08199 0.79194 0.02373 0.60460
1403638132645096960 -0.02350 0.00558 0.33120 -0.09705 0.78222 0.01441 0.61522
1403638132745096960 -0.02263 0.01303 0.36021 -0.10128 0.78881 0.01514 0.60605
1403638132845096960 -0.02309 0.02014 0.37821 -0.10533 0.78769 0.01122 0.60690
1403638132945096960 -0.02613 0.02329 0.38182 -0.11416 0.77848 0.00331 0.61719
1403638133045097216 -0.02625 0.01963 0.36966 -0.11440 0.77760 0.01278 0.61813
1403638133145096960 -0.02310 0.00685 0.34786 -0.10400 0.78380 0.02366 0.61179
1403638133245096960 -0.01630 -0.01738 0.32228 -0.09186 0.78618 0.01799 0.61087
1403638133345096960 -0.01860 -0.05289 0.29887 -0.07413 0.79085 0.00972 0.60742
1403638133445096960 -0.01888 -0.09621 0.27388 -0.05482 0.79714 0.00107 0.60130
1403638133545097216 -0.02491 -0.13950 0.25342 -0.04092 0.79905 -0.01885 0.59957
1403638133645096960 -0.03770 -0.18052 0.23460 -0.03992 0.80280 -0.03874 0.59365
1403638133745096960 -0.05234 -0.21811 0.21574 -0.03281 0.80664 -0.05394 0.58766
1403638133845096960 -0.06247 -0.25295 0.19638 -0.01569 0.80896 -0.06381 0.58418
1403638133945096960 -0.05994 -0.27214 0.18288 -0.00531 0.81081 -0.07091 0.58097
1403638134045097216 -0.04515 -0.26963 0.17841 -0.00150 0.81060 -0.07174 0.58119
1403638134145096960 -0.02012 -0.24958 0.17853 0.00186 0.81518 -0.06216 0.57586
1403638134245096960 0.01100 -0.22026 0.18404 0.00092 0.80940 -0.06487 0.58366
1403638134345096960 0.04541 -0.18195 0.18952 -0.00558 0.80535 -0.07218 0.58836
1403638134445096960 0.08041 -0.13923 0.19233 -0.01418 0.80852 -0.07531 0.58346
1403638134545097216 0.11172 -0.09825 0.19552 -0.02204 0.80750 -0.08094 0.58387
1403638134645096960 0.13119 -0.05411 0.19867 -0.03087 0.80758 -0.08310 0.58306
1403638134745096960 0.14759 -0.01000 0.20116 -0.03477 0.81323 -0.07917 0.57548
1403638134845096960 0.15793 0.03636 0.20858 -0.03246 0.81920 -0.07309 0.56791
1403638134945096960 0.16442 0.07224 0.21666 -0.03107 0.81672 -0.07247 0.57163
1403638135045097216 0.16796 0.10534 0.22039 -0.02891 0.81610 -0.07051 0.57286
1403638135145096960 0.16979 0.13102 0.21510 -0.02578 0.82117 -0.06181 0.56674
1403638135245096960 0.16762 0.14184 0.20645 -0.02312 0.82492 -0.05721 0.56187
1403638135345096960 0.15963 0.13749 0.19398 -0.01967 0.82310 -0.05835 0.56455
1403638135445096960 0.15232 0.12322 0.18133 -0.01105 0.82298 -0.06029 0.56475
1403638135545097216 0.14178 0.09866 0.16939 -0.00348 0.82738 -0.06069 0.55834
1403638135645096960 0.13155 0.06521 0.16581 0.00696 0.82826 -0.06399 0.55663
1403638135745096960 0.11284 0.02926 0.16135 0.00778 0.82234 -0.07991 0.56331
1403638135845096960 0.09350 -0.00422 0.15560 0.00988 0.82356 -0.08471 0.56078
1403638135945096960 0.07224 -0.03562 0.15801 0.02413 0.83133 -0.07820 0.54971
1403638136045097216 0.05204 -0.06999 0.16972 0.03685 0.83065 -0.07942 0.54986
1403638136145096960 0.02969 -0.11237 0.18814 0.04026 0.82014 -0.09244 0.56320
1403638136245096960 0.00156 -0.15794 0.19563 0.04003 0.81331 -0.10341 0.57117
1403638136345096960 -0.02435 -0.19820 0.19033 0.05237 0.81318 -0.10579 0.56992
1403638136445096960 -0.04214 -0.22844 0.18004 0.06025 0.81597 -0.10640 0.56501
1403638136545097216 -0.05150 -0.23964 0.17733 0.06054 0.81768 -0.11474 0.56087
1403638136645096960 -0.05077 -0.23098 0.18610 0.05087 0.81624 -0.12213 0.56235
1403638136745096960 -0.04473 -0.20539 0.19939 0.03733 0.81589 -0.12049 0.56427
1403638136845096960 -0.03166 -0.16752 0.21489 0.01594 0.81237 -0.11820 0.57081
1403638136945096960 -0.02501 -0.12615 0.21744 -0.00731 0.80127 -0.12293 0.58549
1403638137045097216 -0.01677 -0.08425 0.20534 -0.02035 0.79553 -0.12297 0.59296
1403638137145096960 -0.01095 -0.04713 0.17682 -0.01897 0.80064 -0.11296 0.58809
1403638137245096960 -0.00627 -0.01795 0.13974 -0.01495 0.81061 -0.09826 0.57709
1403638137345096960 -0.00452 0.00472 0.09964 -0.01359 0.81700 -0.08849 0.56965
1403638137445096960 -0.00373 0.02141 0.06036 -0.00563 0.82339 -0.08162 0.56155
1403638137545097216 -0.00302 0.03376 0.02495 0.00710 0.83270 -0.07137 0.54905
1403638137645096960 -0.00226 0.04386 -0.00436 0.02029 0.83778 -0.06474 0.54177
1403638137745096960 -0.00194 0.04995 -0.02728 0.02665 0.83594 -0.06898 0.54382
1403638137845096960 -0.00252 0.05377 -0.04522 0.02963 0.83835 -0.07117 0.53966
1403638137945096960 -0.00256 0.05519 -0.05843 0.03746 0.84703 -0.06406 0.52634
1403638138045097216 -0.00589 0.05727 -0.06668 0.04068 0.85210 -0.05730 0.51864
1403638138145096960 -0.00649 0.05626 -0.06606 0.03923 0.84637 -0.06113 0.52762
1403638138245096960 -0.00696 0.05464 -0.06550 0.03626 0.84137 -0.06690 0.53508
1403638138345096960 -0.00796 0.05472 -0.06464 0.03694 0.83748 -0.06819 0.54094
1403638138445096960 -0.00955 0.05475 -0.06462 0.03764 0.83460 -0.06842 0.54529
1403638138545097216 -0.00938 0.05455 -0.06424 0.03764 0.83439 -0.06871 0.54558
1403638138645096960 -0.00938 0.05464 -0.06464 0.03755 0.83442 -0.06912 0.54549
1403638138745096960 -0.00916 0.05456 -0.06472 0.03760 0.83441 -0.06928 0.54548
1403638138845096960 -0.00920 0.05458 -0.06481 0.03788 0.83450 -0.06890 0.54537
1403638138945096960 -0.00915 0.05467 -0.06489 0.03774 0.83457 -0.06948 0.54520
1403638139045097216 -0.00907 0.05478 -0.06500 0.03748 0.83445 -0.06981 0.54536
1403638139145096960 -0.00914 0.05479 -0.06522 0.03722 0.83441 -0.07012 0.54540
1403638139245096960 -0.00893 0.05482 -0.06513 0.03717 0.83440 -0.07045 0.54537
1403638139345096960 -0.00912 0.05479 -0.06523 0.03720 0.83440 -0.07043 0.54538
1403638139445096960 -0.00903 0.05470 -0.06521 0.03744 0.83439 -0.07038 0.54537
1403638139545097216 -0.00878 0.05480 -0.06545 0.03754 0.83440 -0.07036 0.54536
1403638139645096960 -0.00898 0.05468 -0.06527 0.03758 0.83442 -0.07040 0.54532
1403638139745096960 -0.00894 0.05467 -0.06535 0.03767 0.83441 -0.07051 0.54532
1403638139845096960 -0.00904 0.05466 -0.06541 0.03775 0.83441 -0.07059 0.54530
1403638139945096960 -0.00896 0.05466 -0.06542 0.03771 0.83441 -0.07076 0.54528
1403638140045097216 -0.00890 0.05465 -0.06551 0.03762 0.83442 -0.07084 0.54527
1403638140145096960 -0.00902 0.05465 -0.06543 0.03768 0.83442 -0.07086 0.54526
1403638140245096960 -0.00896 0.05468 -0.06555 0.03769 0.83438 -0.07094 0.54531
1403638140345096960 -0.00897 0.05464 -0.06563 0.03766 0.83438 -0.07101 0.54530
1403638140445096960 -0.00889 0.05465 -0.06567 0.03777 0.83438 -0.07106 0.54528
1403638140545097216 -0.00890 0.05467 -0.06566 0.03778 0.83436 -0.07112 0.54530
1403638140645096960 -0.00893 0.05464 -0.06566 0.03778 0.83435 -0.07121 0.54531
1403638140745096960 -0.00891 0.05464 -0.06571 0.03781 0.83432 -0.07125 0.54535
1403638140845096960 -0.00895 0.05463 -0.06574 0.03785 0.83431 -0.07128 0.54536
1403638140945096960 -0.00898 0.05459 -0.06572 0.03784 0.83433 -0.07126 0.54533
1403638141045097216 -0.00897 0.05459 -0.06579 0.03788 0.83429 -0.07129 0.54538
1403638141145096960 -0.00894 0.05457 -0.06585 0.03789 0.83425 -0.07130 0.54545
1403638141245096960 -0.00888 0.05463 -0.06586 0.03794 0.83425 -0.07134 0.54543
1403638141345096960 -0.00889 0.05459 -0.06596 0.03791 0.83424 -0.07141 0.54544
1403638141445096960 -0.00896 0.05454 -0.06597 0.03790 0.83423 -0.07143 0.54545
1403638141545097216 -0.00896 0.05453 -0.06594 0.03794 0.83422 -0.07145 0.54547
1403638141645096960 -0.00898 0.05456 -0.06591 0.03800 0.83421 -0.07153 0.54547
1403638141745096960 -0.00908 0.05458 -0.06591 0.03802 0.83418 -0.07159 0.54550
1403638141845096960 -0.00915 0.05452 -0.06590 0.03803 0.83420 -0.07158 0.54548
1403638141945096960 -0.00913 0.05451 -0.06589 0.03812 0.83419 -0.07163 0.54547
1403638142045097216 -0.00905 0.05452 -0.06591 0.03807 0.83421 -0.07155 0.54546
1403638142145096960 -0.00897 0.05452 -0.06594 0.03809 0.83419 -0.07159 0.54548
1403638142245096960 -0.00894 0.05441 -0.06602 0.03860 0.83419 -0.07209 0.54539
1403638142345096960 -0.00897 0.05446 -0.06595 0.03868 0.83417 -0.07211 0.54540
1403638142445096960 -0.00904 0.05449 -0.06586 0.03874 0.83425 -0.07202 0.54529
1403638142545097216 -0.00914 0.05452 -0.06582 0.03856 0.83426 -0.07199 0.54529
1403638142645096960 -0.00910 0.05450 -0.06587 0.03834 0.83429 -0.07176 0.54529
1403638142745096960 -0.00914 0.05451 -0.06576 0.03873 0.83433 -0.07200 0.54517
1403638142845096960 -0.00912 0.05442 -0.06570 0.03910 0.83439 -0.07223 0.54502
1403638142945096960 -0.00928 0.05445 -0.06567 0.03915 0.83439 -0.07210 0.54503
1403638143045097216 -0.00921 0.05446 -0.06559 0.03918 0.83445 -0.07200 0.54496
1403638143145096960 -0.00929 0.05441 -0.06565 0.03925 0.83441 -0.07202 0.54500
1403638143245096960 -0.00934 0.05433 -0.06565 0.03935 0.83445 -0.07215 0.54492
1403638143345096960 -0.00926 0.05433 -0.06563 0.03958 0.83447 -0.07222 0.54486
1403638143445096960 -0.00916 0.05434 -0.06565 0.03977 0.83444 -0.07236 0.54488
1403638143545097216 -0.00929 0.05434 -0.06560 0.03986 0.83441 -0.07246 0.54491
1403638143645096960 -0.00925 0.05431 -0.06558 0.03985 0.83443 -0.07267 0.54485
1403638143745096960 -0.00924 0.05431 -0.06557 0.03987 0.83439 -0.07263 0.54491
1403638143845096960 -0.00927 0.05428 -0.06552 0.03982 0.83440 -0.07259 0.54490
1403638143945096960 -0.00923 0.05429 -0.06561 0.03991 0.83439 -0.07266 0.54491
1403638144045097216 -0.00916 0.05428 -0.06557 0.03983 0.83440 -0.07272 0.54489
1403638144145096960 -0.00906 0.05431 -0.06556 0.03992 0.83439 -0.07268 0.54490
1403638144245096960 -0.00915 0.05430 -0.06558 0.03987 0.83436 -0.07269 0.54495
1403638144345096960 -0.00913 0.05428 -0.06558 0.03977 0.83436 -0.07267 0.54495
1403638144445096960 -0.00924 0.05430 -0.06554 0.03982 0.83435 -0.07269 0.54498
1403638144545097216 -0.00910 0.05429 -0.06555 0.03987 0.83433 -0.07280 0.54498
1403638144645096960 -0.00921 0.05426 -0.06554 0.03979 0.83431 -0.07269 0.54503
1403638144745096960 -0.00919 0.05423 -0.06550 0.03985 0.83433 -0.07259 0.54502
1403638144845096960 -0.00911 0.05424 -0.06547 0.03983 0.83431 -0.07261 0.54504
1403638144945096960 -0.00925 0.05423 -0.06550 0.03992 0.83435 -0.07263 0.54496
1403638145045097216 -0.00925 0.05420 -0.06548 0.03992 0.83434 -0.07269 0.54498
1403638145145096960 -0.00914 0.05421 -0.06548 0.04003 0.83435 -0.07270 0.54495
1403638145245096960 -0.00914 0.05425 -0.06550 0.04003 0.83432 -0.07267 0.54501
1403638145345096960 -0.00921 0.05426 -0.06547 0.04001 0.83429 -0.07272 0.54505
1403638145445096960 -0.00913 0.05422 -0.06538 0.04016 0.83428 -0.07276 0.54504
1403638145545097216 -0.00916 0.05416 -0.06535 0.04007 0.83423 -0.07266 0.54514
1403638145645096960 -0.00911 0.05418 -0.06536 0.03999 0.83429 -0.07265 0.54505
1403638145745096960 -0.00915 0.05422 -0.06532 0.03998 0.83427 -0.07268 0.54509
1403638145845096960 -0.00919 0.05422 -0.06526 0.04001 0.83424 -0.07265 0.54512
1403638145945096960 -0.00923 0.05420 -0.06532 0.04008 0.83426 -0.07273 0.54508
1403638146045097216 -0.00924 0.05421 -0.06529 0.04006 0.83424 -0.07267 0.54513
1403638146145096960 -0.00921 0.05416 -0.06527 0.04012 0.83427 -0.07268 0.54507
1403638146245096960 -0.00914 0.05420 -0.06527 0.04031 0.83427 -0.07271 0.54506
1403638146345096960 -0.00908 0.05418 -0.06531 0.04040 0.83428 -0.07280 0.54502
1403638146445096960 -0.00911 0.05418 -0.06528 0.04051 0.83422 -0.07283 0.54509
1403638146545097216 -0.00919 0.05416 -0.06521 0.04059 0.83428 -0.07284 0.54501
1403638146645096960 -0.00922 0.05413 -0.06516 0.04075 0.83433 -0.07292 0.54490
1403638146745096960 -0.00921 0.05417 -0.06516 0.04088 0.83430 -0.07291 0.54494
1403638146845096960 -0.00912 0.05414 -0.06522 0.04105 0.83434 -0.07294 0.54486
1403638146945096960 -0.00917 0.05419 -0.06520 0.04111 0.83436 -0.07302 0.54481
1403638147045097216 -0.00903 0.05421 -0.06519 0.04128 0.83445 -0.07304 0.54466
1403638147145096960 -0.00919 0.05430 -0.06513 0.04096 0.83458 -0.07296 0.54450
1403638147245096960 -0.00922 0.05431 -0.06505 0.04093 0.83458 -0.07283 0.54452
1403638147345096960 -0.00918 0.05425 -0.06508 0.04114 0.83447 -0.07284 0.54467
1403638147445096960 -0.00913 0.05419 -0.06502 0.04114 0.83442 -0.07289 0.54474
1403638147545097216 -0.00911 0.05404 -0.06477 0.04090 0.83391 -0.07297 0.54553
1403638147645096960 -0.00875 0.05413 -0.06487 0.04060 0.83385 -0.07214 0.54575
1403638147745096960 -0.00777 0.05407 -0.06432 0.03982 0.83325 -0.07180 0.54677
1403638147845096960 -0.00432 0.05271 -0.06102 0.04205 0.82882 -0.07409 0.55299
1403638147945096960 0.00203 0.05073 -0.05346 0.04441 0.82056 -0.07628 0.56470
1403638148045097216 0.01154 0.04900 -0.03918 0.04543 0.81480 -0.07643 0.57288
1403638148145096960 0.02221 0.04680 -0.01738 0.04587 0.81089 -0.07461 0.57861
1403638148245096960 0.03254 0.04483 0.01571 0.04453 0.80937 -0.07218 0.58115
1403638148345096960 0.04082 0.04333 0.06408 0.04307 0.80881 -0.06905 0.58241
1403638148445096960 0.04748 0.04262 0.10882 0.04209 0.81017 -0.06596 0.58095
1403638148545097216 0.05218 0.04180 0.13047 0.04270 0.81512 -0.06293 0.57427
1403638148645096960 0.05912 0.04200 0.12917 0.04193 0.81938 -0.06064 0.56849
1403638148745096960 0.06918 0.04323 0.11967 0.04001 0.82241 -0.05926 0.56438
1403638148845096960 0.08328 0.04580 0.11988 0.03822 0.82401 -0.05817 0.56228
1403638148945096960 0.09606 0.04862 0.12465 0.03723 0.82351 -0.05689 0.56322
1403638149045097216 0.11240 0.05185 0.14380 0.03643 0.82040 -0.05528 0.56794
1403638149145096960 0.13146 0.05581 0.17470 0.03647 0.81725 -0.05389 0.57260
1403638149245096960 0.15146 0.06094 0.20517 0.03566 0.81555 -0.05399 0.57505
1403638149345096960 0.17855 0.06549 0.23604 0.03340 0.81438 -0.05549 0.57671
1403638149445096960 0.19884 0.07175 0.25926 0.03339 0.81345 -0.05530 0.57804
1403638149545097216 0.21978 0.07791 0.27749 0.03464 0.81292 -0.05425 0.57881
1403638149645096960 0.24850 0.08185 0.29401 0.03407 0.81328 -0.05124 0.57862
1403638149745096960 0.26814 0.08899 0.30327 0.03094 0.81333 -0.04537 0.57920
1403638149845096960 0.28772 0.09654 0.30900 0.02752 0.81398 -0.04073 0.57881
1403638149945096960 0.31779 0.10416 0.31580 0.02560 0.81406 -0.03756 0.57900
1403638150045097216 0.33907 0.11441 0.31341 0.02870 0.81420 -0.03225 0.57897
1403638150145096960 0.37242 0.12707 0.31106 0.03572 0.81469 -0.02548 0.57823
1403638150245096960 0.39589 0.14480 0.30300 0.04309 0.81454 -0.02065 0.57814
1403638150345096960 0.41929 0.16701 0.28694 0.04301 0.81752 -0.02081 0.57391
1403638150445096960 0.44341 0.19403 0.27638 0.03476 0.82351 -0.02266 0.56579
1403638150545097216 0.47141 0.22463 0.26830 0.02452 0.82803 -0.01978 0.55979
1403638150645096960 0.50724 0.26139 0.27588 0.01746 0.83003 -0.01599 0.55721
1403638150745096960 0.54033 0.29744 0.28623 0.01296 0.82927 -0.01112 0.55859
1403638150845096960 0.58450 0.33581 0.30521 0.00942 0.82752 -0.00283 0.56135
1403638150945096960 0.62495 0.37497 0.31744 0.00601 0.82438 0.00591 0.56597
1403638151045097216 0.66929 0.41641 0.32711 0.00114 0.82128 0.01543 0.57031
1403638151145096960 0.71791 0.46019 0.32920 -0.00534 0.81824 0.03065 0.57403
1403638151245096960 0.76499 0.50709 0.32678 -0.01769 0.81779 0.04860 0.57318
1403638151345096960 0.81258 0.55789 0.31888 -0.03143 0.81749 0.06824 0.57102
1403638151445096960 0.85781 0.61125 0.31407 -0.04816 0.81585 0.08734 0.56959
1403638151545097216 0.90045 0.66486 0.31537 -0.06227 0.81349 0.10608 0.56842
1403638151645096960 0.94274 0.71907 0.32249 -0.07283 0.81145 0.12061 0.56718
1403638151745096960 0.98762 0.77622 0.33522 -0.07933 0.81003 0.13104 0.56602
1403638151845096960 1.02897 0.83296 0.35763 -0.08360 0.80979 0.13776 0.56416
1403638151945096960 1.07074 0.89278 0.38510 -0.08425 0.80977 0.14207 0.56301
1403638152045097216 1.11335 0.95461 0.41260 -0.08483 0.81020 0.14361 0.56192
1403638152145096960 1.15497 1.01874 0.43611 -0.08377 0.81021 0.14473 0.56179
1403638152245096960 1.19659 1.08443 0.45237 -0.08235 0.81019 0.14511 0.56191
1403638152345096960 1.23991 1.15270 0.46272 -0.07882 0.80987 0.14594 0.56267
1403638152445096960 1.28204 1.22491 0.46535 -0.07531 0.81041 0.14634 0.56228
1403638152545097216 1.32552 1.30083 0.45989 -0.07279 0.81055 0.14666 0.56231
1403638152645096960 1.36861 1.38015 0.45111 -0.07495 0.81222 0.14453 0.56017
1403638152745096960 1.40912 1.46371 0.44645 -0.08087 0.81256 0.14576 0.55853
1403638152845096960 1.45117 1.55164 0.45096 -0.09098 0.81016 0.15007 0.55932
1403638152945096960 1.49312 1.63659 0.46158 -0.10253 0.80500 0.15865 0.56240
1403638153045097216 1.53614 1.71961 0.47697 -0.11247 0.80378 0.17113 0.55856
1403638153145096960 1.58157 1.80335 0.49708 -0.11958 0.80522 0.18209 0.55152
1403638153245096960 1.62931 1.88984 0.51346 -0.12368 0.80540 0.19023 0.54758
1403638153345096960 1.67740 1.97809 0.52553 -0.12812 0.80433 0.19945 0.54484
1403638153445096960 1.72275 2.06556 0.53509 -0.13332 0.80179 0.21263 0.54236
1403638153545097216 1.76656 2.15350 0.54904 -0.13400 0.79798 0.23159 0.54004
1403638153645096960 1.81228 2.25023 0.56945 -0.13946 0.79325 0.24965 0.53757
1403638153745096960 1.85819 2.34924 0.59143 -0.15311 0.78718 0.26389 0.53597
1403638153845096960 1.90358 2.45120 0.60912 -0.16414 0.78137 0.27600 0.53511
1403638153945096960 1.94881 2.55630 0.62217 -0.17454 0.77519 0.28253 0.53739
1403638154045097216 1.99412 2.66396 0.62803 -0.18244 0.77174 0.28555 0.53814
1403638154145096960 2.03777 2.77442 0.62952 -0.18589 0.76713 0.28816 0.54214
1403638154245096960 2.08133 2.88592 0.62669 -0.18665 0.76227 0.28975 0.54785
1403638154345096960 2.12286 3.00127 0.61985 -0.18815 0.75858 0.28856 0.55308
1403638154445096960 2.16014 3.11347 0.61082 -0.19063 0.75343 0.28585 0.56063
1403638154545097216 2.19321 3.22594 0.59761 -0.19170 0.75252 0.28385 0.56249
1403638154645096960 2.21786 3.33475 0.59282 -0.19432 0.75445 0.28583 0.55798
1403638154745096960 2.23723 3.44248 0.59181 -0.19593 0.75694 0.29342 0.55005
1403638154845096960 2.25156 3.55017 0.60030 -0.19468 0.75695 0.30333 0.54509
1403638154945096960 2.26275 3.65878 0.61548 -0.19449 0.75482 0.31283 0.54273
1403638155045097216 2.26779 3.77161 0.63864 -0.19926 0.75023 0.32210 0.54195
1403638155145096960 2.26548 3.88004 0.66580 -0.20673 0.74474 0.33168 0.54094
1403638155245096960 2.25989 3.99212 0.68818 -0.21528 0.73946 0.33753 0.54122
1403638155345096960 2.25152 4.10382 0.70300 -0.22046 0.73322 0.34326 0.54403
1403638155445096960 2.23719 4.21541 0.71101 -0.22558 0.72597 0.35189 0.54613
1403638155545097216 2.21400 4.32593 0.71229 -0.23565 0.72055 0.36036 0.54353
1403638155645096960 2.18343 4.43275 0.70844 -0.25247 0.71416 0.36758 0.53956
1403638155745096960 2.14620 4.53536 0.70061 -0.26980 0.70555 0.37821 0.53513
1403638155845096960 2.10360 4.63293 0.68939 -0.28430 0.69831 0.39266 0.52665
1403638155945096960 2.05557 4.72539 0.67437 -0.29583 0.69382 0.41189 0.51133
1403638156045097216 2.00632 4.81462 0.66474 -0.30516 0.68953 0.43449 0.49259
1403638156145096960 1.95844 4.89753 0.66109 -0.31615 0.68303 0.45477 0.47614
1403638156245096960 1.91098 4.98364 0.66839 -0.32729 0.67569 0.47024 0.46391
1403638156345096960 1.86686 5.07213 0.67795 -0.33400 0.67044 0.48519 0.45115
1403638156445096960 1.82383 5.15394 0.68295 -0.33967 0.66678 0.49472 0.44191
1403638156545097216 1.78483 5.24012 0.68255 -0.34325 0.66406 0.50033 0.43689
1403638156645096960 1.74801 5.32639 0.67421 -0.34535 0.66206 0.50330 0.43486
1403638156745096960 1.71431 5.41810 0.66194 -0.34587 0.66120 0.50464 0.43419
1403638156845096960 1.68528 5.51495 0.64566 -0.34493 0.66178 0.50470 0.43399
1403638156945096960 1.65805 5.61078 0.62867 -0.34329 0.66274 0.50412 0.43451
1403638157045097216 1.63495 5.71391 0.61806 -0.34135 0.66504 0.50260 0.43427
1403638157145096960 1.61533 5.82120 0.61532 -0.33825 0.66833 0.50201 0.43233
1403638157245096960 1.59986 5.93163 0.61722 -0.33617 0.67100 0.50092 0.43108
1403638157345096960 1.58108 6.04481 0.62940 -0.33678 0.66805 0.50244 0.43341
1403638157445096960 1.56979 6.16562 0.63925 -0.33576 0.66322 0.50560 0.43792
1403638157545097216 1.56009 6.28637 0.64453 -0.34014 0.65647 0.50904 0.44072
1403638157645096960 1.54819 6.40857 0.64415 -0.34741 0.64532 0.51591 0.44352
1403638157745096960 1.53579 6.53549 0.64328 -0.35468 0.63081 0.52769 0.44476
1403638157845096960 1.52130 6.66363 0.64775 -0.36526 0.61763 0.54088 0.43882
1403638157945096960 1.50308 6.78903 0.66209 -0.37781 0.60563 0.55313 0.42957
1403638158045097216 1.48537 6.91046 0.67883 -0.38676 0.59753 0.56377 0.41896
1403638158145096960 1.46674 7.02979 0.69232 -0.39674 0.59286 0.56948 0.40840
1403638158245096960 1.45005 7.14933 0.69950 -0.40362 0.58946 0.57309 0.40149
1403638158345096960 1.43551 7.26907 0.70180 -0.40389 0.58505 0.57787 0.40082
1403638158445096960 1.42128 7.38377 0.69967 -0.40256 0.58099 0.58120 0.40325
1403638158545097216 1.40735 7.50139 0.69370 -0.40071 0.57720 0.58325 0.40753
1403638158645096960 1.38931 7.61507 0.68612 -0.39972 0.57585 0.58317 0.41053
1403638158745096960 1.37084 7.73019 0.67831 -0.40169 0.57837 0.58070 0.40856
1403638158845096960 1.35022 7.84371 0.67169 -0.40185 0.58456 0.57891 0.40208
1403638158945096960 1.32947 7.96061 0.67320 -0.40110 0.59008 0.57774 0.39641
1403638159045097216 1.31157 8.07266 0.68369 -0.39619 0.59574 0.57960 0.39012
1403638159145096960 1.29397 8.18644 0.69973 -0.38801 0.60304 0.58340 0.38135
1403638159245096960 1.28076 8.30419 0.71219 -0.38079 0.60730 0.58692 0.37644
1403638159345096960 1.26896 8.43019 0.72375 -0.39022 0.60376 0.57949 0.38393
1403638159445096960 1.26005 8.55740 0.73148 -0.40608 0.59515 0.56801 0.39781
1403638159545097216 1.25336 8.69481 0.74345 -0.42556 0.58881 0.55374 0.40689
1403638159645096960 1.25295 8.81592 0.76211 -0.44319 0.58809 0.54094 0.40634
1403638159745096960 1.25965 8.93781 0.78909 -0.45268 0.58898 0.53424 0.40346
1403638159845096960 1.27553 9.04558 0.82353 -0.45073 0.58434 0.53599 0.41001
1403638159945096960 1.30453 9.13538 0.86680 -0.43931 0.57795 0.54503 0.41943
1403638160045097216 1.33621 9.21346 0.91907 -0.43163 0.57391 0.55185 0.42401
1403638160145096960 1.36881 9.28408 0.97866 -0.42452 0.57513 0.55829 0.42110
1403638160245096960 1.40016 9.35161 1.04540 -0.41239 0.58195 0.56827 0.41029
1403638160345096960 1.43291 9.41455 1.11910 -0.40271 0.58749 0.57608 0.40102
1403638160445096960 1.46716 9.47348 1.19606 -0.39829 0.59022 0.57973 0.39614
1403638160545097216 1.50041 9.54644 1.26951 -0.39632 0.59153 0.58092 0.39441
1403638160645096960 1.53408 9.61048 1.33734 -0.39610 0.59271 0.58099 0.39275
1403638160745096960 1.56714 9.68084 1.40091 -0.40023 0.59170 0.57826 0.39411
1403638160845096960 1.60123 9.75633 1.46128 -0.41077 0.59183 0.56735 0.39889
1403638160945096960 1.63808 9.81777 1.51598 -0.41896 0.59419 0.55150 0.40897
1403638161045097216 1.67983 9.87897 1.56681 -0.41739 0.60018 0.53776 0.41997
1403638161145096960 1.72730 9.94073 1.61564 -0.40846 0.61022 0.52576 0.42938
1403638161245096960 1.77837 9.99642 1.66105 -0.39315 0.62460 0.51342 0.43784
1403638161345096960 1.83205 10.04903 1.70583 -0.37725 0.64043 0.49862 0.44599
1403638161445096960 1.88524 10.09639 1.74781 -0.36051 0.65600 0.48910 0.44774
1403638161545097216 1.94010 10.14537 1.78846 -0.34678 0.66733 0.48331 0.44814
1403638161645096960 1.99633 10.19879 1.82466 -0.33990 0.67545 0.47653 0.44849
1403638161745096960 2.05292 10.24807 1.85334 -0.33984 0.68055 0.46900 0.44878
1403638161845096960 2.11275 10.29844 1.87952 -0.33945 0.68223 0.46149 0.45428
1403638161945096960 2.17532 10.34703 1.89879 -0.33704 0.68440 0.45266 0.46163
1403638162045097216 2.23933 10.39585 1.91692 -0.33343 0.68794 0.44598 0.46547
1403638162145096960 2.30600 10.44318 1.94083 -0.33054 0.69208 0.44178 0.46540
1403638162245096960 2.37469 10.48701 1.97017 -0.32918 0.69715 0.43840 0.46198
1403638162345096960 2.44882 10.52956 1.99814 -0.33003 0.70068 0.43502 0.45922
1403638162445096960 2.52732 10.57055 2.01885 -0.33273 0.70072 0.43178 0.46027
1403638162545097216 2.61027 10.60932 2.04101 -0.33150 0.69884 0.43229 0.46353
1403638162645096960 2.69829 10.64816 2.06438 -0.32730 0.69674 0.43604 0.46616
1403638162745096960 2.78907 10.68459 2.09662 -0.32288 0.69553 0.44046 0.46689
1403638162845096960 2.88127 10.71754 2.13162 -0.32262 0.69896 0.43759 0.46464
1403638162945096960 2.97740 10.74980 2.17760 -0.32763 0.70127 0.42829 0.46632
1403638163045097216 3.08069 10.78504 2.22372 -0.33200 0.69817 0.41957 0.47571
1403638163145096960 3.18472 10.81476 2.25429 -0.33167 0.69916 0.41121 0.48175
1403638163245096960 3.29028 10.83611 2.26790 -0.32142 0.70379 0.40587 0.48645
1403638163345096960 3.40227 10.85823 2.27285 -0.30845 0.70918 0.39859 0.49299
1403638163445096960 3.51484 10.87537 2.27565 -0.29628 0.71487 0.38803 0.50061
1403638163545097216 3.62899 10.89166 2.28110 -0.28773 0.72036 0.37823 0.50521
1403638163645096960 3.74092 10.90516 2.29354 -0.28166 0.72473 0.37212 0.50691
1403638163745096960 3.84721 10.91292 2.31469 -0.27748 0.72692 0.36800 0.50909
1403638163845096960 3.95265 10.91753 2.34570 -0.27685 0.72742 0.36472 0.51107
1403638163945096960 4.05698 10.91938 2.38204 -0.27809 0.72899 0.36251 0.50973
1403638164045097216 4.16090 10.91786 2.42439 -0.28245 0.73148 0.35971 0.50574
1403638164145096960 4.26713 10.91402 2.47434 -0.28705 0.73171 0.35799 0.50403
1403638164245096960 4.37195 10.90321 2.52363 -0.29137 0.73043 0.35679 0.50426
1403638164345096960 4.48105 10.89074 2.56784 -0.29557 0.72878 0.35575 0.50492
1403638164445096960 4.59419 10.87405 2.60645 -0.29733 0.72722 0.35680 0.50541
1403638164545097216 4.70704 10.85166 2.63917 -0.30059 0.72775 0.35576 0.50345
1403638164645096960 4.82395 10.82410 2.66730 -0.30210 0.72935 0.35327 0.50197
1403638164745096960 4.94345 10.78918 2.69037 -0.29586 0.73020 0.35032 0.50651
1403638164845096960 5.06197 10.74727 2.71039 -0.28190 0.72556 0.35331 0.51891
1403638164945096960 5.18242 10.70239 2.72692 -0.27091 0.72171 0.35494 0.52893
1403638165045097216 5.29950 10.65391 2.73901 -0.27545 0.72103 0.34504 0.53403
1403638165145096960 5.40969 10.59858 2.74288 -0.27864 0.72661 0.33312 0.53238
1403638165245096960 5.51989 10.53631 2.74261 -0.27166 0.73621 0.33032 0.52449
1403638165345096960 5.62642 10.47278 2.73669 -0.26761 0.74659 0.32643 0.51422
1403638165445096960 5.73709 10.40743 2.72752 -0.26699 0.74951 0.32176 0.51324
1403638165545097216 5.84686 10.33933 2.71369 -0.26580 0.74332 0.31813 0.52500
1403638165645096960 5.95838 10.26615 2.69669 -0.26425 0.73367 0.31618 0.54030
1403638165745096960 6.06397 10.18648 2.67513 -0.26190 0.72650 0.31577 0.55128
1403638165845096960 6.16381 10.10106 2.64539 -0.25677 0.72901 0.31909 0.54845
1403638165945096960 6.26011 10.01058 2.62060 -0.25161 0.73521 0.32331 0.54003
1403638166045097216 6.35254 9.91730 2.60418 -0.24781 0.74251 0.32712 0.52940
1403638166145096960 6.44565 9.82706 2.59781 -0.24065 0.74528 0.33375 0.52466
1403638166245096960 6.53439 9.73799 2.60925 -0.23848 0.74583 0.33796 0.52215
1403638166345096960 6.61494 9.64978 2.64284 -0.23657 0.74485 0.34175 0.52196
1403638166445096960 6.68776 9.56579 2.69343 -0.23492 0.74463 0.34438 0.52128
1403638166545097216 6.75447 9.48893 2.74451 -0.23616 0.74421 0.34515 0.52082
1403638166645096960 6.82107 9.41358 2.78811 -0.23746 0.74393 0.34547 0.52041
1403638166745096960 6.89026 9.33590 2.82164 -0.24264 0.74569 0.34293 0.51718
1403638166845096960 6.95268 9.26577 2.84776 -0.25066 0.75378 0.33772 0.50491
1403638166945096960 7.02405 9.19528 2.86380 -0.25379 0.76445 0.33592 0.48824
1403638167045097216 7.10148 9.12687 2.87612 -0.24916 0.77007 0.33889 0.47965
1403638167145096960 7.18852 9.06308 2.89314 -0.24307 0.77044 0.34336 0.47900
1403638167245096960 7.28557 9.01032 2.91842 -0.23774 0.76807 0.34733 0.48260
1403638167345096960 7.38760 8.96346 2.95000 -0.23559 0.76547 0.34870 0.48678
1403638167445096960 7.49594 8.92151 2.98364 -0.23662 0.76409 0.34723 0.48950
1403638167545097216 7.60824 8.88331 3.01327 -0.24064 0.76111 0.34369 0.49464
1403638167645096960 7.72343 8.84842 3.03559 -0.24975 0.75977 0.33465 0.49837
1403638167745096960 7.84238 8.81289 3.05210 -0.25418 0.76129 0.32297 0.50152
1403638167845096960 7.96583 8.77595 3.06215 -0.25543 0.76594 0.30837 0.50299
1403638167945096960 8.09531 8.73345 3.07089 -0.25121 0.77011 0.29396 0.50736
1403638168045097216 8.23019 8.68787 3.07665 -0.24351 0.77420 0.28102 0.51219
1403638168145096960 8.37047 8.63949 3.09010 -0.23648 0.77746 0.27040 0.51626
1403638168245096960 8.51271 8.58622 3.10986 -0.22525 0.78072 0.26075 0.52129
1403638168345096960 8.65658 8.52667 3.13583 -0.21212 0.78419 0.25014 0.52676
1403638168445096960 8.80243 8.46528 3.16818 -0.19840 0.78687 0.23995 0.53282
1403638168545097216 8.94919 8.40265 3.19782 -0.17988 0.79177 0.23843 0.53282
1403638168645096960 9.09577 8.34160 3.21915 -0.16268 0.79684 0.24013 0.53001
1403638168745096960 9.24284 8.28492 3.23335 -0.15171 0.79970 0.24137 0.52840
1403638168845096960 9.39002 8.23611 3.24072 -0.14720 0.80169 0.24150 0.52660
1403638168945096960 9.53934 8.19551 3.24428 -0.14524 0.80268 0.24224 0.52530
1403638169045097216 9.68968 8.16216 3.24165 -0.14667 0.79937 0.24383 0.52919
1403638169145096960 9.84499 8.13698 3.23631 -0.15660 0.79382 0.24078 0.53606
1403638169245096960 9.99811 8.11683 3.22298 -0.16951 0.79122 0.23460 0.53870
1403638169345096960 10.15145 8.09790 3.20288 -0.18514 0.78901 0.21896 0.54336
1403638169445096960 10.30667 8.07452 3.18010 -0.19508 0.78689 0.19968 0.55035
1403638169545097216 10.46305 8.04306 3.16181 -0.19320 0.78637 0.18289 0.55754
1403638169645096960 10.61361 8.00147 3.14927 -0.17993 0.78853 0.16927 0.56320
1403638169745096960 10.75956 7.95042 3.14172 -0.15877 0.79291 0.15795 0.56668
1403638169845096960 10.90018 7.89105 3.14382 -0.12975 0.79627 0.14889 0.57180
1403638169945096960 11.03609 7.82840 3.15394 -0.10175 0.79619 0.13742 0.58038
1403638170045097216 11.16636 7.76590 3.17086 -0.08314 0.79225 0.11934 0.59260
1403638170145096960 11.28811 7.70452 3.18486 -0.07194 0.79215 0.09587 0.59844
1403638170245096960 11.40064 7.64305 3.19095 -0.06322 0.79472 0.07021 0.59957
1403638170345096960 11.50545 7.58021 3.19073 -0.05544 0.79855 0.04420 0.59774
1403638170445096960 11.60509 7.51723 3.18310 -0.04425 0.80341 0.02045 0.59343
1403638170545097216 11.69761 7.45159 3.17505 -0.03940 0.80443 -0.00556 0.59271
1403638170645096960 11.78565 7.37936 3.17439 -0.03193 0.80108 -0.02893 0.59701
1403638170745096960 11.87018 7.30258 3.18371 -0.02092 0.79872 -0.04889 0.59935
1403638170845096960 11.94188 7.22038 3.19690 -0.00798 0.79724 -0.06686 0.59990
1403638170945096960 12.00431 7.13143 3.20781 0.00713 0.79663 -0.08329 0.59866
1403638171045097216 12.05703 7.03751 3.21286 0.02087 0.79378 -0.10006 0.59955
1403638171145096960 12.09536 6.94171 3.21406 0.03084 0.79082 -0.11415 0.60052
1403638171245096960 12.12204 6.84437 3.21171 0.03616 0.78797 -0.12570 0.60166
1403638171345096960 12.14070 6.74182 3.20790 0.04018 0.78592 -0.13264 0.60259
1403638171445096960 12.15158 6.63469 3.20247 0.04379 0.78333 -0.13927 0.60422
1403638171545097216 12.15321 6.52318 3.19613 0.04451 0.78005 -0.14662 0.60667
1403638171645096960 12.14446 6.40684 3.18729 0.04714 0.77665 -0.15440 0.60889
1403638171745096960 12.12658 6.28482 3.17649 0.04985 0.77297 -0.16539 0.61047
1403638171845096960 12.09496 6.15872 3.16665 0.05241 0.76914 -0.17564 0.61223
1403638171945096960 12.05360 6.02400 3.16220 0.05719 0.76363 -0.18269 0.61662
1403638172045097216 12.00169 5.88053 3.16395 0.06538 0.76192 -0.18516 0.61718
1403638172145096960 11.93316 5.73593 3.16871 0.07179 0.76187 -0.18608 0.61626
1403638172245096960 11.85255 5.58832 3.16760 0.07489 0.76289 -0.18691 0.61438
1403638172345096960 11.76015 5.43887 3.15665 0.07731 0.76343 -0.18623 0.61361
1403638172445096960 11.65698 5.28717 3.13613 0.07689 0.76254 -0.18556 0.61496
1403638172545097216 11.54602 5.13378 3.10512 0.07403 0.76024 -0.18561 0.61814
1403638172645096960 11.42387 4.98026 3.06682 0.07005 0.75861 -0.18529 0.62070
1403638172745096960 11.28935 4.82433 3.02141 0.06708 0.75925 -0.18403 0.62062
1403638172845096960 11.14394 4.66381 2.97008 0.06243 0.75899 -0.18358 0.62156
1403638172945096960 10.98373 4.50109 2.91706 0.05770 0.76089 -0.18263 0.61997
1403638173045097216 10.81113 4.33672 2.85942 0.05157 0.76472 -0.18256 0.61581
1403638173145096960 10.62885 4.16783 2.79471 0.04587 0.76988 -0.18253 0.60981
1403638173245096960 10.43625 3.99344 2.72422 0.04849 0.77433 -0.17822 0.60523
1403638173345096960 10.23658 3.81171 2.64824 0.05525 0.77908 -0.17219 0.60028
1403638173445096960 10.03192 3.62949 2.56549 0.07111 0.78218 -0.16196 0.59742
1403638173545097216 9.82379 3.44704 2.47198 0.08235 0.78556 -0.15493 0.59339
1403638173645096960 9.61542 3.26581 2.37608 0.08686 0.78652 -0.15265 0.59206
1403638173745096960 9.40319 3.08407 2.27603 0.08784 0.78695 -0.15266 0.59134
1403638173845096960 9.19098 2.90700 2.17511 0.08750 0.78779 -0.15449 0.58980
1403638173945096960 8.97564 2.73567 2.08099 0.08907 0.78757 -0.15423 0.58992
1403638174045097216 8.75506 2.56780 1.99326 0.08921 0.78904 -0.15478 0.58779
1403638174145096960 8.52980 2.40190 1.91222 0.09020 0.78933 -0.15424 0.58739
1403638174245096960 8.30349 2.23733 1.82965 0.09034 0.79386 -0.15391 0.58132
1403638174345096960 8.07690 2.07627 1.74115 0.08915 0.79895 -0.15399 0.57447
1403638174445096960 7.85550 1.91294 1.64812 0.08820 0.80276 -0.15366 0.56937
1403638174545097216 7.64129 1.75570 1.55868 0.08525 0.80556 -0.15476 0.56555
1403638174645096960 7.42879 1.59487 1.47604 0.08824 0.81014 -0.15201 0.55927
1403638174745096960 7.22269 1.43868 1.39863 0.09006 0.81467 -0.15038 0.55280
1403638174845096960 7.02085 1.28309 1.33123 0.09057 0.81790 -0.14961 0.54813
1403638174945096960 6.83196 1.13027 1.26778 0.09209 0.81929 -0.14895 0.54598
1403638175045097216 6.65150 0.97986 1.21090 0.09394 0.81859 -0.14825 0.54691
1403638175145096960 6.47846 0.82532 1.15608 0.09590 0.81817 -0.14857 0.54711
1403638175245096960 6.31723 0.67448 1.11001 0.09817 0.81868 -0.14835 0.54600
1403638175345096960 6.15970 0.52323 1.07014 0.09882 0.82282 -0.14948 0.53931
1403638175445096960 6.01292 0.37400 1.03732 0.10225 0.82852 -0.14802 0.53027
1403638175545097216 5.88048 0.22607 1.01382 0.10561 0.83580 -0.14585 0.51867
1403638175645096960 5.76202 0.08365 0.99830 0.10311 0.84316 -0.14753 0.50665
1403638175745096960 5.66173 -0.05512 0.98952 0.10016 0.84846 -0.14843 0.49805
1403638175845096960 5.58120 -0.18821 0.97852 0.10053 0.85214 -0.14726 0.49201
1403638175945096960 5.51600 -0.31848 0.95703 0.10477 0.85272 -0.14308 0.49134
1403638176045097216 5.46887 -0.44938 0.93081 0.11248 0.84808 -0.13595 0.49963
1403638176145096960 5.44075 -0.57445 0.90789 0.12111 0.83617 -0.12821 0.51934
1403638176245096960 5.42538 -0.69462 0.88958 0.11814 0.82096 -0.12996 0.54331
1403638176345096960 5.41691 -0.80786 0.87541 0.11870 0.81206 -0.12960 0.55648
1403638176445096960 5.41218 -0.91264 0.86518 0.12057 0.80984 -0.12917 0.55941
1403638176545097216 5.41358 -1.00766 0.86072 0.12188 0.81000 -0.12934 0.55885
1403638176645096960 5.41616 -1.09693 0.86083 0.12280 0.81151 -0.12944 0.55643
1403638176745096960 5.41815 -1.18176 0.86808 0.12286 0.81182 -0.12961 0.55593
1403638176845096960 5.42959 -1.25776 0.88224 0.11891 0.81175 -0.13243 0.55623
1403638176945096960 5.43814 -1.32796 0.89800 0.11650 0.81222 -0.13436 0.55558
1403638177045097216 5.45144 -1.39682 0.90819 0.11811 0.81360 -0.13313 0.55352
1403638177145096960 5.46306 -1.45727 0.91215 0.12156 0.81408 -0.13127 0.55251
1403638177245096960 5.48466 -1.51198 0.90703 0.12407 0.81444 -0.12966 0.55179
1403638177345096960 5.50557 -1.55866 0.89753 0.12503 0.81434 -0.12914 0.55185
1403638177445096960 5.53215 -1.59986 0.88074 0.12456 0.81486 -0.13036 0.55091
1403638177545097216 5.55990 -1.63502 0.86172 0.11594 0.81347 -0.13751 0.55309
1403638177645096960 5.59078 -1.66774 0.83752 0.10418 0.81184 -0.14666 0.55547
1403638177745096960 5.62403 -1.69960 0.80919 0.09503 0.80944 -0.15611 0.55804
1403638177845096960 5.66024 -1.73388 0.77920 0.08950 0.80261 -0.16371 0.56658
1403638177945096960 5.69166 -1.76664 0.75195 0.08865 0.79543 -0.16752 0.57564
1403638178045097216 5.72059 -1.80626 0.73167 0.09322 0.79070 -0.16812 0.58124
1403638178145096960 5.74693 -1.84704 0.71891 0.10296 0.78798 -0.17205 0.58213
1403638178245096960 5.76425 -1.88804 0.71272 0.11155 0.78303 -0.18344 0.58375
1403638178345096960 5.77372 -1.93052 0.71691 0.12180 0.77773 -0.19938 0.58356
1403638178445096960 5.77626 -1.97261 0.72395 0.13322 0.77307 -0.21959 0.58000
1403638178545097216 5.77176 -2.01384 0.72583 0.14438 0.77103 -0.24282 0.57071
1403638178645096960 5.76139 -2.05451 0.72316 0.15357 0.76839 -0.26694 0.56101
1403638178745096960 5.74642 -2.09737 0.71757 0.16479 0.76263 -0.28859 0.55493
1403638178845096960 5.72723 -2.14299 0.70854 0.17749 0.75842 -0.30702 0.54684
1403638178945096960 5.70397 -2.19134 0.69532 0.18645 0.75731 -0.32106 0.53725
1403638179045097216 5.67994 -2.24297 0.67844 0.19278 0.75944 -0.33061 0.52611
1403638179145096960 5.65390 -2.29808 0.65853 0.19998 0.76128 -0.33626 0.51709
1403638179245096960 5.62823 -2.35743 0.63582 0.20938 0.76225 -0.34123 0.50862
1403638179345096960 5.60590 -2.42164 0.61023 0.21874 0.76142 -0.34897 0.50062
1403638179445096960 5.58740 -2.49019 0.58367 0.22896 0.75141 -0.36100 0.50264
1403638179545097216 5.57075 -2.56109 0.55427 0.24075 0.73636 -0.37585 0.50847
1403638179645096960 5.55423 -2.63382 0.52313 0.25293 0.72358 -0.39267 0.50821
1403638179745096960 5.53550 -2.70721 0.49760 0.26687 0.71155 -0.40953 0.50474
1403638179845096960 5.51610 -2.77962 0.47868 0.28067 0.70017 -0.42632 0.49925
1403638179945096960 5.49566 -2.85322 0.46501 0.28985 0.69259 -0.44345 0.48955
1403638180045097216 5.47419 -2.92555 0.45514 0.29340 0.68950 -0.45832 0.47796
1403638180145096960 5.45170 -3.00126 0.44966 0.29611 0.68483 -0.46871 0.47291
1403638180245096960 5.42680 -3.07981 0.44680 0.30041 0.68203 -0.47307 0.46990
1403638180345096960 5.39865 -3.15927 0.44212 0.30019 0.68105 -0.47696 0.46751
1403638180445096960 5.37579 -3.24366 0.42799 0.30265 0.68251 -0.47678 0.46396
1403638180545097216 5.35499 -3.33257 0.40785 0.30668 0.68353 -0.47384 0.46282
1403638180645096960 5.33308 -3.42256 0.38830 0.30804 0.68660 -0.47159 0.45968
1403638180745096960 5.31335 -3.51684 0.37416 0.30562 0.69142 -0.47073 0.45491
1403638180845096960 5.29792 -3.61345 0.36790 0.30169 0.69429 -0.47032 0.45359
1403638180945096960 5.28399 -3.71706 0.36555 0.29861 0.69497 -0.46898 0.45596
1403638181045097216 5.26997 -3.82307 0.36429 0.29594 0.69388 -0.46759 0.46077
1403638181145096960 5.25952 -3.93500 0.35199 0.29262 0.69290 -0.46743 0.46450
1403638181245096960 5.24681 -4.04888 0.34122 0.29233 0.68847 -0.46620 0.47245
1403638181345096960 5.23485 -4.16805 0.32060 0.29474 0.67836 -0.47029 0.48144
1403638181445096960 5.21614 -4.29270 0.29843 0.29762 0.66574 -0.48128 0.48639
1403638181545097216 5.19278 -4.41331 0.26900 0.30736 0.64639 -0.49407 0.49356
1403638181645096960 5.16027 -4.53614 0.24059 0.32422 0.62934 -0.50515 0.49359
1403638181745096960 5.11898 -4.65289 0.21893 0.33982 0.62106 -0.51771 0.48041
1403638181845096960 5.07007 -4.77041 0.20827 0.35513 0.61472 -0.53049 0.46323
1403638181945096960 5.01724 -4.87981 0.20432 0.36665 0.60935 -0.54380 0.44557
1403638182045097216 4.96218 -4.98043 0.21060 0.36963 0.60531 -0.55686 0.43230
1403638182145096960 4.90687 -5.08784 0.22142 0.37060 0.60206 -0.56708 0.42261
1403638182245096960 4.85145 -5.19502 0.23248 0.36804 0.59855 -0.57615 0.41752
1403638182345096960 4.79635 -5.29914 0.24072 0.36330 0.59523 -0.58327 0.41655
1403638182445096960 4.73865 -5.40849 0.24844 0.36199 0.59671 -0.58555 0.41234
1403638182545097216 4.67824 -5.52191 0.26399 0.36635 0.60315 -0.58210 0.40393
1403638182645096960 4.61756 -5.64051 0.28556 0.36988 0.60883 -0.57798 0.39806
1403638182745096960 4.56142 -5.75222 0.31546 0.36951 0.61090 -0.57586 0.39829
1403638182845096960 4.50499 -5.87940 0.33815 0.36955 0.61122 -0.57356 0.40109
1403638182945096960 4.45021 -6.00809 0.35961 0.37082 0.60935 -0.57060 0.40694
1403638183045097216 4.39642 -6.13833 0.37527 0.37513 0.60619 -0.56566 0.41453
1403638183145096960 4.34289 -6.26894 0.38616 0.38191 0.60613 -0.55923 0.41715
1403638183245096960 4.28961 -6.40022 0.39417 0.38397 0.60910 -0.55632 0.41482
1403638183345096960 4.23870 -6.52998 0.39780 0.37979 0.61347 -0.55862 0.40909
1403638183445096960 4.19184 -6.66242 0.39407 0.37468 0.61837 -0.56169 0.40216
1403638183545097216 4.14625 -6.80083 0.38897 0.37317 0.62271 -0.56228 0.39600
1403638183645096960 4.10632 -6.93733 0.38134 0.37337 0.62157 -0.56231 0.39756
1403638183745096960 4.06958 -7.07964 0.37878 0.38136 0.61692 -0.55670 0.40503
1403638183845096960 4.03482 -7.22450 0.38427 0.39098 0.61321 -0.54977 0.41094
1403638183945096960 4.00363 -7.36417 0.39701 0.39460 0.61027 -0.54753 0.41481
1403638184045097216 3.97798 -7.49843 0.41506 0.39275 0.61044 -0.54933 0.41395
1403638184145096960 3.95598 -7.63297 0.43839 0.38756 0.61451 -0.55348 0.40724
1403638184245096960 3.94015 -7.76443 0.45382 0.38139 0.61708 -0.55859 0.40216
1403638184345096960 3.92733 -7.89142 0.46807 0.38196 0.61684 -0.55900 0.40141
1403638184445096960 3.91817 -8.02514 0.47652 0.38544 0.61389 -0.55700 0.40537
1403638184545097216 3.91193 -8.15951 0.48580 0.38870 0.61200 -0.55517 0.40762
1403638184645096960 3.90847 -8.29367 0.49289 0.39012 0.61010 -0.55450 0.41003
1403638184745096960 3.90873 -8.42780 0.49776 0.38959 0.60939 -0.55528 0.41052
1403638184845096960 3.91128 -8.56367 0.50592 0.38933 0.60927 -0.55578 0.41027
1403638184945096960 3.91730 -8.69680 0.51205 0.39239 0.60878 -0.55384 0.41071
1403638185045097216 3.92583 -8.82939 0.52117 0.39111 0.60794 -0.55487 0.41178
1403638185145096960 3.93746 -8.96763 0.53573 0.39122 0.60991 -0.55451 0.40924
1403638185245096960 3.95292 -9.09373 0.54616 0.39410 0.61215 -0.55227 0.40614
1403638185345096960 3.97303 -9.22070 0.55642 0.39717 0.61341 -0.54982 0.40459
1403638185445096960 3.99448 -9.34692 0.57716 0.40072 0.61543 -0.54291 0.40732
1403638185545097216 4.02566 -9.47024 0.58936 0.40186 0.62098 -0.53165 0.41261
1403638185645096960 4.06194 -9.60436 0.60298 0.39921 0.62780 -0.52028 0.41930
1403638185745096960 4.10428 -9.72698 0.61808 0.39177 0.63027 -0.51423 0.42994
1403638185845096960 4.14990 -9.84562 0.63036 0.37223 0.62984 -0.51954 0.44139
1403638185945096960 4.19475 -9.95995 0.63924 0.35182 0.62907 -0.52741 0.44980
1403638186045097216 4.23739 -10.07752 0.64481 0.34604 0.63172 -0.52767 0.45027
1403638186145096960 4.27747 -10.18981 0.64487 0.34890 0.63656 -0.52403 0.44547
1403638186245096960 4.31569 -10.30119 0.64496 0.35217 0.63988 -0.52105 0.44163
1403638186345096960 4.35486 -10.41978 0.64857 0.35532 0.64216 -0.51860 0.43868
1403638186445096960 4.39283 -10.52766 0.65868 0.35641 0.64247 -0.51810 0.43792
1403638186545097216 4.43053 -10.63399 0.67374 0.35916 0.64267 -0.51717 0.43647
1403638186645096960 4.46939 -10.74455 0.68649 0.36186 0.64391 -0.51617 0.43359
1403638186745096960 4.51161 -10.85233 0.69229 0.36761 0.64649 -0.51172 0.43018
1403638186845096960 4.55999 -10.95955 0.69316 0.37111 0.65203 -0.50337 0.42866
1403638186945096960 4.61713 -11.07278 0.69438 0.36742 0.66024 -0.49422 0.42992
1403638187045097216 4.67575 -11.17669 0.69331 0.35567 0.66824 -0.48265 0.44046
1403638187145096960 4.74294 -11.28265 0.70509 0.34143 0.67485 -0.46615 0.45903
1403638187245096960 4.81516 -11.38636 0.72327 0.32587 0.68168 -0.44678 0.47907
1403638187345096960 4.88573 -11.48333 0.74976 0.31411 0.68898 -0.42515 0.49587
1403638187445096960 4.95837 -11.58038 0.78263 0.30608 0.69421 -0.40669 0.50891
1403638187545097216 5.02550 -11.67117 0.81512 0.29734 0.70101 -0.39583 0.51332
1403638187645096960 5.08859 -11.75133 0.84644 0.28815 0.70944 -0.39189 0.50998
1403638187745096960 5.14641 -11.82197 0.87364 0.28540 0.71531 -0.38828 0.50608
1403638187845096960 5.20402 -11.88688 0.89490 0.28734 0.71811 -0.38473 0.50371
1403638187945096960 5.26605 -11.96007 0.91186 0.29380 0.71916 -0.37990 0.50217
1403638188045097216 5.32806 -12.02263 0.92731 0.30281 0.71711 -0.37522 0.50326
1403638188145096960 5.39206 -12.07549 0.93674 0.31208 0.71554 -0.37075 0.50315
1403638188245096960 5.45958 -12.12234 0.94381 0.31606 0.70913 -0.37010 0.51017
1403638188345096960 5.52696 -12.15521 0.94521 0.31459 0.69596 -0.37191 0.52759
1403638188445096960 5.59797 -12.18621 0.93627 0.31513 0.68411 -0.37273 0.54200
1403638188545097216 5.66854 -12.20938 0.93338 0.31464 0.67560 -0.37376 0.55215
1403638188645096960 5.72294 -12.20396 0.93074 0.31173 0.67569 -0.37272 0.55439
1403638188745096960 5.76915 -12.18247 0.93283 0.30397 0.68258 -0.37054 0.55171
1403638188845096960 5.81155 -12.15301 0.94644 0.29634 0.69236 -0.36827 0.54516
1403638188945096960 5.84959 -12.11513 0.96981 0.28982 0.69897 -0.36643 0.54145
1403638189045097216 5.88386 -12.07021 1.00393 0.28372 0.70437 -0.36333 0.53977
1403638189145096960 5.91242 -12.00950 1.03783 0.27550 0.70887 -0.35627 0.54284
1403638189245096960 5.94012 -11.94802 1.06636 0.26278 0.71561 -0.34663 0.54654
1403638189345096960 5.96471 -11.88038 1.08798 0.24857 0.72640 -0.33493 0.54624
1403638189445096960 5.98874 -11.81174 1.10741 0.23440 0.74223 -0.32638 0.53631
1403638189545097216 5.98996 -11.73204 1.12462 0.22230 0.75430 -0.31966 0.52862
1403638189645096960 5.99961 -11.65718 1.15146 0.21407 0.76106 -0.31512 0.52503
1403638189745096960 6.00941 -11.58487 1.17629 0.20437 0.76729 -0.31557 0.51953
1403638189845096960 6.02656 -11.51438 1.19173 0.19919 0.77214 -0.31668 0.51366
1403638189945096960 6.04482 -11.45409 1.20321 0.19747 0.77645 -0.31662 0.50782
1403638190045097216 6.05953 -11.39693 1.21098 0.20059 0.77395 -0.31491 0.51146
1403638190145096960 6.08361 -11.34785 1.21382 0.20655 0.76710 -0.31192 0.52116
1403638190245096960 6.10884 -11.30236 1.21416 0.21638 0.75947 -0.30624 0.53161
1403638190345096960 6.13457 -11.25572 1.20665 0.23082 0.75613 -0.29134 0.53862
1403638190445096960 6.16342 -11.20568 1.19309 0.24061 0.75661 -0.27470 0.54239
1403638190545097216 6.19110 -11.14715 1.17667 0.23848 0.75918 -0.26699 0.54359
1403638190645096960 6.22256 -11.08083 1.15837 0.23230 0.76215 -0.26367 0.54372
1403638190745096960 6.25337 -11.00532 1.14135 0.22616 0.76342 -0.26194 0.54537
1403638190845096960 6.27941 -10.92237 1.12978 0.21411 0.76330 -0.26611 0.54837
1403638190945096960 6.30760 -10.83637 1.12703 0.20662 0.76413 -0.26830 0.54903
1403638191045097216 6.33346 -10.74730 1.13122 0.20303 0.76141 -0.26887 0.55384
1403638191145096960 6.35717 -10.65641 1.14180 0.20185 0.76141 -0.26911 0.55416
1403638191245096960 6.37521 -10.56606 1.15735 0.19847 0.76763 -0.27157 0.54553
1403638191345096960 6.39838 -10.47972 1.18072 0.19548 0.77396 -0.27416 0.53630
1403638191445096960 6.42066 -10.39548 1.20563 0.19540 0.77698 -0.27564 0.53117
1403638191545097216 6.44655 -10.31470 1.22593 0.19565 0.77733 -0.27689 0.52991
1403638191645096960 6.46897 -10.22936 1.23633 0.19818 0.77735 -0.27624 0.52929
1403638191745096960 6.50238 -10.15197 1.24656 0.20381 0.77909 -0.27321 0.52615
1403638191845096960 6.53358 -10.06766 1.24597 0.20842 0.78044 -0.27055 0.52371
1403638191945096960 6.58196 -9.99042 1.24721 0.20895 0.78013 -0.27110 0.52368
1403638192045097216 6.62166 -9.90784 1.24651 0.20988 0.77993 -0.27023 0.52406
1403638192145096960 6.67718 -9.83057 1.25740 0.20871 0.77947 -0.27107 0.52477
1403638192245096960 6.72599 -9.74775 1.27716 0.20740 0.77679 -0.27153 0.52901
1403638192345096960 6.79046 -9.66854 1.30603 0.20603 0.77111 -0.27202 0.53754
1403638192445096960 6.85554 -9.58091 1.34098 0.20553 0.76856 -0.27224 0.54125
1403638192545097216 6.91761 -9.48340 1.38240 0.20627 0.76569 -0.27191 0.54520
1403638192645096960 6.97770 -9.38467 1.42687 0.20958 0.75959 -0.26988 0.55340
1403638192745096960 7.03284 -9.27934 1.46757 0.21041 0.75264 -0.26990 0.56251
1403638192845096960 7.08428 -9.17858 1.50106 0.20924 0.74577 -0.27065 0.57166
1403638192945096960 7.12872 -9.07299 1.53150 0.20350 0.73345 -0.27379 0.58794
1403638193045097216 7.16033 -8.96720 1.55955 0.19481 0.72473 -0.27609 0.60049
1403638193145096960 7.17915 -8.84893 1.58873 0.18821 0.73014 -0.27169 0.59805
1403638193245096960 7.18095 -8.73500 1.62423 0.18510 0.74067 -0.26415 0.58938
1403638193345096960 7.16925 -8.61848 1.67049 0.18513 0.74907 -0.25602 0.58231
1403638193445096960 7.14899 -8.50395 1.72454 0.18842 0.75259 -0.24751 0.58038
1403638193545097216 7.12237 -8.38626 1.77677 0.18841 0.75306 -0.24283 0.58175
1403638193645096960 7.08658 -8.26630 1.82079 0.18577 0.75792 -0.24193 0.57664
1403638193745096960 7.04365 -8.14423 1.85565 0.17948 0.76615 -0.24461 0.56654
1403638193845096960 7.00007 -8.01977 1.88525 0.17705 0.77190 -0.24599 0.55885
1403638193945096960 6.95178 -7.89611 1.90878 0.17550 0.77543 -0.24744 0.55379
1403638194045097216 6.89705 -7.77957 1.92699 0.17384 0.77606 -0.24831 0.55304
1403638194145096960 6.85042 -7.65939 1.94179 0.17719 0.77124 -0.24708 0.55923
1403638194245096960 6.79941 -7.54070 1.94910 0.18008 0.76600 -0.24604 0.56593
1403638194345096960 6.74368 -7.42173 1.95025 0.17878 0.76703 -0.24727 0.56441
1403638194445096960 6.68880 -7.29900 1.95660 0.17590 0.77074 -0.25009 0.55899
1403638194545097216 6.62941 -7.18129 1.96403 0.17454 0.77456 -0.25203 0.55324
1403638194645096960 6.57048 -7.06040 1.98040 0.17295 0.77875 -0.25402 0.54690
1403638194745096960 6.51281 -6.94353 1.99676 0.17153 0.78371 -0.25610 0.53926
1403638194845096960 6.45835 -6.83045 2.00869 0.17113 0.78743 -0.25744 0.53328
1403638194945096960 6.40724 -6.72150 2.01697 0.17259 0.78968 -0.25718 0.52959
1403638195045097216 6.36114 -6.61422 2.01964 0.17239 0.79099 -0.25787 0.52736
1403638195145096960 6.31951 -6.51301 2.01586 0.17217 0.79264 -0.25796 0.52492
1403638195245096960 6.28051 -6.41352 2.00538 0.16738 0.79865 -0.26147 0.51553
1403638195345096960 6.25444 -6.32528 1.99114 0.16279 0.80499 -0.26467 0.50541
1403638195445096960 6.23765 -6.24598 1.97511 0.16448 0.80166 -0.26374 0.51062
1403638195545097216 6.22728 -6.17316 1.95731 0.16840 0.79131 -0.26101 0.52664
1403638195645096960 6.21741 -6.10011 1.93595 0.17212 0.78441 -0.25806 0.53710
1403638195745096960 6.21182 -6.03060 1.91510 0.17164 0.78470 -0.25809 0.53682
1403638195845096960 6.20892 -5.96570 1.90011 0.16967 0.78807 -0.25911 0.53200
1403638195945096960 6.20661 -5.90212 1.89312 0.16754 0.79335 -0.25987 0.52440
1403638196045097216 6.21150 -5.84540 1.89237 0.16624 0.79595 -0.26048 0.52055
1403638196145096960 6.23063 -5.80107 1.90408 0.16828 0.79406 -0.25917 0.52344
1403638196245096960 6.24403 -5.75140 1.92210 0.17119 0.78811 -0.25663 0.53266
1403638196345096960 6.25979 -5.70524 1.93966 0.17393 0.78446 -0.25462 0.53809
1403638196445096960 6.27799 -5.66160 1.95244 0.17212 0.78456 -0.25590 0.53792
1403638196545097216 6.29937 -5.62207 1.95775 0.17003 0.78573 -0.25808 0.53583
1403638196645096960 6.32174 -5.58703 1.95697 0.16737 0.79128 -0.26059 0.52721
1403638196745096960 6.34601 -5.55471 1.94963 0.16409 0.79547 -0.26348 0.52047
1403638196845096960 6.37437 -5.52596 1.94031 0.16385 0.79612 -0.26381 0.51938
1403638196945096960 6.40859 -5.50343 1.92991 0.16686 0.79159 -0.26185 0.52628
1403638197045097216 6.44797 -5.48651 1.92332 0.16940 0.78656 -0.26016 0.53380
1403638197145096960 6.48645 -5.47186 1.92373 0.17158 0.78418 -0.25881 0.53725
1403638197245096960 6.52639 -5.45890 1.92943 0.17570 0.78333 -0.25574 0.53864
1403638197345096960 6.56500 -5.44574 1.94805 0.18641 0.78081 -0.24820 0.54220
1403638197445096960 6.60715 -5.43104 1.96893 0.19314 0.77861 -0.24370 0.54505
1403638197545097216 6.65004 -5.41538 1.99794 0.19258 0.77672 -0.24359 0.54798
1403638197645096960 6.69165 -5.39410 2.03061 0.19325 0.77604 -0.24287 0.54903
1403638197745096960 6.73048 -5.36510 2.06834 0.19303 0.77675 -0.24241 0.54830
1403638197845096960 6.77271 -5.33707 2.09854 0.19044 0.77487 -0.24387 0.55121
1403638197945096960 6.81350 -5.30754 2.12338 0.18771 0.76832 -0.24483 0.56081
1403638198045097216 6.85209 -5.27396 2.13353 0.18746 0.76046 -0.24454 0.57163
1403638198145096960 6.88772 -5.23630 2.12182 0.18483 0.76205 -0.24638 0.56957
1403638198245096960 6.92038 -5.19632 2.09368 0.18297 0.76561 -0.24784 0.56474
1403638198345096960 6.94867 -5.15036 2.06147 0.18342 0.76817 -0.24741 0.56130
1403638198445096960 6.97907 -5.10136 2.02207 0.18687 0.77331 -0.24503 0.55411
1403638198545097216 7.00373 -5.05031 1.98019 0.19419 0.77655 -0.23937 0.54951
1403638198645096960 7.04051 -4.99602 1.94007 0.21159 0.77722 -0.22723 0.54729
1403638198745096960 7.07011 -4.93339 1.89902 0.22763 0.77678 -0.21514 0.54637
1403638198845096960 7.11158 -4.85935 1.86820 0.23506 0.77526 -0.20917 0.54769
1403638198945096960 7.14153 -4.77013 1.84241 0.23485 0.77584 -0.20921 0.54695
1403638199045097216 7.18799 -4.66692 1.82616 0.23167 0.77662 -0.21197 0.54613
1403638199145096960 7.22545 -4.55218 1.81963 0.22918 0.77641 -0.21450 0.54648
1403638199245096960 7.27799 -4.42401 1.82506 0.22599 0.77401 -0.21725 0.55012
1403638199345096960 7.32395 -4.28606 1.83837 0.22592 0.77099 -0.21744 0.55431
1403638199445096960 7.37826 -4.13475 1.85705 0.23066 0.77175 -0.21496 0.55226
1403638199545097216 7.43541 -3.97594 1.88144 0.23417 0.77593 -0.21270 0.54576
1403638199645096960 7.48859 -3.80355 1.91512 0.22994 0.77933 -0.20843 0.54436
1403638199745096960 7.55138 -3.62496 1.95327 0.21542 0.78137 -0.20726 0.54781
1403638199845096960 7.61031 -3.43659 1.99047 0.19645 0.78412 -0.21167 0.54932
1403638199945096960 7.66910 -3.24779 2.02292 0.18377 0.78617 -0.21309 0.55024
1403638200045097216 7.72800 -3.05499 2.05096 0.17561 0.78766 -0.20914 0.55228
1403638200145096960 7.78900 -2.85876 2.07439 0.17396 0.79049 -0.19542 0.55377
1403638200245096960 7.84719 -2.65704 2.10134 0.17053 0.78882 -0.17842 0.56289
1403638200345096960 7.90451 -2.45195 2.13578 0.16245 0.78753 -0.16191 0.57201
1403638200445096960 7.95764 -2.24335 2.17804 0.15834 0.78942 -0.14401 0.57534
1403638200545097216 8.01016 -2.02781 2.22590 0.15783 0.79264 -0.12777 0.57488
1403638200645096960 8.05960 -1.80230 2.27790 0.15499 0.79607 -0.11135 0.57433
1403638200745096960 8.10797 -1.56760 2.33372 0.15248 0.80015 -0.09548 0.57219
1403638200845096960 8.15380 -1.32375 2.38564 0.14646 0.80433 -0.08723 0.56920
1403638200945096960 8.19765 -1.07063 2.43003 0.13321 0.80644 -0.08873 0.56924
1403638201045097216 8.24067 -0.81192 2.46775 0.11804 0.80586 -0.09483 0.57242
1403638201145096960 8.28193 -0.54929 2.49677 0.11071 0.80577 -0.09839 0.57341
1403638201245096960 8.32194 -0.28673 2.51928 0.10579 0.80353 -0.10282 0.57669
1403638201345096960 8.36021 -0.02476 2.53436 0.10672 0.80440 -0.10402 0.57510
1403638201445096960 8.39327 0.24162 2.54118 0.10926 0.80353 -0.10458 0.57573
1403638201545097216 8.42581 0.50368 2.54044 0.11108 0.80192 -0.10561 0.57744
1403638201645096960 8.45726 0.76550 2.53154 0.11292 0.79989 -0.10644 0.57974
1403638201745096960 8.48664 1.02696 2.51404 0.11295 0.79925 -0.10844 0.58024
1403638201845096960 8.51241 1.28992 2.48961 0.11225 0.79828 -0.11005 0.58141
1403638201945096960 8.53419 1.55649 2.46287 0.11134 0.79962 -0.10837 0.58006
1403638202045097216 8.55210 1.82505 2.43959 0.10482 0.80090 -0.10309 0.58047
1403638202145096960 8.56626 2.09678 2.42133 0.09240 0.80435 -0.10268 0.57787
1403638202245096960 8.57461 2.36740 2.41041 0.08142 0.80822 -0.10345 0.57398
1403638202345096960 8.58516 2.63463 2.40884 0.07446 0.81137 -0.10276 0.57059
1403638202445096960 8.59832 2.89513 2.40802 0.07262 0.81312 -0.10059 0.56872
1403638202545097216 8.61429 3.15155 2.40007 0.06957 0.81408 -0.10083 0.56769
1403638202645096960 8.63199 3.40166 2.38521 0.06721 0.81549 -0.10190 0.56575
1403638202745096960 8.65124 3.64554 2.36506 0.06724 0.81558 -0.10217 0.56557
1403638202845096960 8.67278 3.88672 2.33846 0.06912 0.81456 -0.10172 0.56689
1403638202945096960 8.69566 4.11496 2.30926 0.06964 0.81384 -0.10220 0.56778
1403638203045097216 8.71761 4.34134 2.28263 0.06873 0.81251 -0.10330 0.56959
1403638203145096960 8.73837 4.56247 2.26166 0.07064 0.81164 -0.10250 0.57075
1403638203245096960 8.75636 4.77659 2.24844 0.07454 0.80859 -0.09972 0.57505
1403638203345096960 8.77148 4.98684 2.24091 0.07299 0.80694 -0.10061 0.57741
1403638203445096960 8.78478 5.19177 2.23130 0.07103 0.80535 -0.10143 0.57973
1403638203545097216 8.79492 5.39492 2.21524 0.06933 0.80605 -0.10264 0.57874
1403638203645096960 8.80049 5.59517 2.20056 0.06790 0.80759 -0.10370 0.57658
1403638203745096960 8.81165 5.78603 2.18948 0.06701 0.80715 -0.10413 0.57722
1403638203845096960 8.81559 5.97852 2.18780 0.06817 0.80720 -0.10294 0.57722
1403638203945096960 8.81721 6.16530 2.19274 0.06826 0.80767 -0.10195 0.57673
1403638204045097216 8.81676 6.34774 2.20395 0.06601 0.80897 -0.10213 0.57513
1403638204145096960 8.81209 6.52552 2.22323 0.06289 0.81151 -0.10284 0.57177
1403638204245096960 8.80594 6.69446 2.25031 0.05603 0.81406 -0.10706 0.56808
1403638204345096960 8.80014 6.85477 2.28090 0.04377 0.81768 -0.11590 0.56218
1403638204445096960 8.79341 7.00479 2.31209 0.03594 0.82062 -0.12244 0.55704
1403638204545097216 8.78967 7.14454 2.33924 0.03389 0.82053 -0.12493 0.55676
1403638204645096960 8.78665 7.27446 2.35996 0.03224 0.81920 -0.12187 0.55948
1403638204745096960 8.78643 7.39906 2.37361 0.03379 0.82043 -0.10915 0.56022
1403638204845096960 8.78587 7.51242 2.37753 0.03738 0.82152 -0.08700 0.56226
1403638204945096960 8.78497 7.62159 2.37567 0.03608 0.82181 -0.05814 0.56564
1403638205045097216 8.78535 7.72892 2.36771 0.02561 0.82213 -0.02584 0.56813
1403638205145096960 8.78709 7.83712 2.35695 0.00530 0.82257 0.00977 0.56856
1403638205245096960 8.78949 7.94526 2.35014 -0.02110 0.81997 0.04924 0.56989
1403638205345096960 8.79217 8.05592 2.35194 -0.05044 0.81425 0.08930 0.57138
1403638205445096960 8.79387 8.16623 2.36187 -0.07535 0.80550 0.12936 0.57337
1403638205545097216 8.79482 8.27622 2.37850 -0.08694 0.79586 0.16590 0.57578
1403638205645096960 8.78866 8.38887 2.40262 -0.09045 0.78496 0.19381 0.58145
1403638205745096960 8.77580 8.50716 2.43323 -0.09348 0.77539 0.21363 0.58685
1403638205845096960 8.75189 8.63089 2.46766 -0.10316 0.77024 0.22993 0.58584
1403638205945096960 8.71557 8.76169 2.50609 -0.11738 0.76684 0.24667 0.58080
1403638206045097216 8.67097 8.89646 2.54964 -0.13597 0.76342 0.26323 0.57395
1403638206145096960 8.61389 9.03382 2.59755 -0.15348 0.75683 0.28033 0.57014
1403638206245096960 8.55027 9.17048 2.64702 -0.16920 0.74968 0.29685 0.56677
1403638206345096960 8.48074 9.30777 2.69011 -0.19056 0.74422 0.30670 0.56193
1403638206445096960 8.40523 9.43975 2.72769 -0.20717 0.74082 0.31137 0.55796
1403638206545097216 8.32353 9.56474 2.75963 -0.21854 0.73738 0.31367 0.55689
1403638206645096960 8.23806 9.68616 2.78486 -0.22478 0.73445 0.31577 0.55709
1403638206745096960 8.14845 9.80542 2.80023 -0.23123 0.73189 0.32168 0.55443
1403638206845096960 8.05738 9.92183 2.80970 -0.23690 0.72952 0.32812 0.55138
1403638206945096960 7.96188 10.03712 2.81341 -0.24289 0.72598 0.33107 0.55168
1403638207045097216 7.86231 10.14869 2.81340 -0.24804 0.72286 0.33217 0.55283
1403638207145096960 7.76193 10.25042 2.80550 -0.25028 0.72055 0.33328 0.55416
1403638207245096960 7.65603 10.34133 2.78955 -0.25441 0.71807 0.33588 0.55393
1403638207345096960 7.54328 10.42637 2.76782 -0.26212 0.71276 0.34227 0.55327
1403638207445096960 7.42514 10.50271 2.74339 -0.27217 0.70451 0.35355 0.55190
1403638207545097216 7.30258 10.56796 2.72394 -0.28419 0.69727 0.36846 0.54524
1403638207645096960 7.17652 10.62165 2.71000 -0.29214 0.69610 0.38311 0.53228
1403638207745096960 7.04847 10.66833 2.70195 -0.29796 0.69816 0.39370 0.51845
1403638207845096960 6.92160 10.70812 2.70287 -0.30151 0.70061 0.40079 0.50755
1403638207945096960 6.79782 10.74119 2.71107 -0.30180 0.70433 0.40599 0.49800
1403638208045097216 6.67726 10.77483 2.72220 -0.30122 0.70521 0.40816 0.49533
1403638208145096960 6.55765 10.80296 2.72945 -0.30477 0.70275 0.40539 0.49891
1403638208245096960 6.44069 10.82998 2.73007 -0.30615 0.69944 0.40272 0.50485
1403638208345096960 6.32557 10.85288 2.72240 -0.30354 0.70101 0.40247 0.50444
1403638208445096960 6.21150 10.87108 2.70900 -0.30007 0.70374 0.40399 0.50150
1403638208545097216 6.09791 10.88572 2.69682 -0.30191 0.70373 0.40830 0.49689
1403638208645096960 5.98614 10.89692 2.69229 -0.30655 0.69903 0.41770 0.49286
1403638208745096960 5.87680 10.90603 2.69534 -0.31408 0.69494 0.42423 0.48831
1403638208845096960 5.77326 10.91055 2.70429 -0.32005 0.69004 0.43002 0.48631
1403638208945096960 5.67619 10.91382 2.70987 -0.32262 0.68523 0.43601 0.48608
1403638209045097216 5.58125 10.91293 2.70759 -0.32502 0.68261 0.43944 0.48507
1403638209145096960 5.48758 10.90721 2.69877 -0.32695 0.68130 0.44169 0.48357
1403638209245096960 5.40034 10.90155 2.67971 -0.32810 0.68086 0.44265 0.48254
1403638209345096960 5.31209 10.89152 2.65825 -0.32942 0.68167 0.44261 0.48052
1403638209445096960 5.22659 10.87978 2.63168 -0.33087 0.68185 0.44222 0.47963
1403638209545097216 5.14214 10.86693 2.59698 -0.33307 0.67978 0.44037 0.48274
1403638209645096960 5.05597 10.84985 2.54595 -0.33426 0.68010 0.43854 0.48313
1403638209745096960 4.97376 10.83085 2.47605 -0.33255 0.68129 0.43854 0.48264
1403638209845096960 4.88877 10.80797 2.39030 -0.32914 0.67938 0.44028 0.48607
1403638209945096960 4.81017 10.78530 2.29264 -0.32893 0.67621 0.43958 0.49123
1403638210045097216 4.72928 10.75752 2.19229 -0.33094 0.67176 0.43767 0.49766
1403638210145096960 4.65467 10.72541 2.09640 -0.33495 0.66841 0.43450 0.50225
1403638210245096960 4.57643 10.68394 2.00672 -0.33760 0.66653 0.43252 0.50467
1403638210345096960 4.49218 10.62902 1.92174 -0.33623 0.66616 0.43327 0.50543
1403638210445096960 4.41295 10.57063 1.83621 -0.33603 0.66728 0.43326 0.50409
1403638210545097216 4.32651 10.49917 1.74749 -0.33738 0.66713 0.43186 0.50458
1403638210645096960 4.24491 10.42671 1.65223 -0.33846 0.66642 0.43052 0.50594
1403638210745096960 4.15730 10.34190 1.55679 -0.33977 0.66699 0.42898 0.50562
1403638210845096960 4.07345 10.25421 1.46612 -0.33937 0.66833 0.42901 0.50409
1403638210945096960 3.98620 10.15573 1.38520 -0.33755 0.67213 0.43057 0.49891
1403638211045097216 3.90081 10.05063 1.31178 -0.33696 0.67545 0.43152 0.49398
1403638211145096960 3.81765 9.94344 1.24789 -0.33549 0.67833 0.43302 0.48971
1403638211245096960 3.73845 9.83501 1.19076 -0.33510 0.68044 0.43360 0.48651
1403638211345096960 3.66611 9.72843 1.14136 -0.33292 0.68256 0.43219 0.48630
1403638211445096960 3.59509 9.61656 1.08875 -0.32804 0.68739 0.42557 0.48865
1403638211545097216 3.52727 9.50333 1.03205 -0.32130 0.69413 0.41504 0.49264
1403638211645096960 3.46192 9.38541 0.96699 -0.31529 0.70281 0.39874 0.49765
1403638211745096960 3.39897 9.26083 0.89626 -0.30574 0.71390 0.37893 0.50327
1403638211845096960 3.34184 9.13178 0.82613 -0.29594 0.72731 0.35513 0.50727
1403638211945096960 3.29081 8.99876 0.76358 -0.28335 0.73856 0.33222 0.51368
1403638212045097216 3.24299 8.86319 0.70943 -0.26960 0.74874 0.31052 0.51989
1403638212145096960 3.19989 8.72243 0.66380 -0.25260 0.75670 0.29163 0.52778
1403638212245096960 3.16021 8.57845 0.62796 -0.23515 0.76362 0.27248 0.53604
1403638212345096960 3.11857 8.42819 0.60037 -0.21901 0.77081 0.25310 0.54206
1403638212445096960 3.07889 8.27429 0.57772 -0.20171 0.77673 0.23401 0.54885
1403638212545097216 3.03752 8.11571 0.56291 -0.18910 0.78234 0.21164 0.55443
1403638212645096960 2.99518 7.95045 0.55033 -0.17480 0.78867 0.18995 0.55799
1403638212745096960 2.95315 7.78182 0.54515 -0.15677 0.79488 0.17017 0.56092
1403638212845096960 2.91304 7.60812 0.54740 -0.14133 0.79913 0.14700 0.56552
1403638212945096960 2.87325 7.43306 0.55326 -0.12545 0.80402 0.12226 0.56822
1403638213045097216 2.83647 7.25575 0.56600 -0.10773 0.80865 0.09687 0.57018
1403638213145096960 2.80101 7.07924 0.58236 -0.09238 0.81342 0.06907 0.57013
1403638213245096960 2.76883 6.90144 0.59353 -0.07929 0.82115 0.03962 0.56379
1403638213345096960 2.74064 6.72206 0.59909 -0.06904 0.82903 0.00806 0.55486
1403638213445096960 2.71866 6.53877 0.60071 -0.06035 0.83420 -0.02412 0.54762
1403638213545097216 2.70463 6.34847 0.59829 -0.04859 0.83453 -0.05214 0.54633
1403638213645096960 2.69820 6.14963 0.59466 -0.02515 0.82732 -0.06369 0.55755
1403638213745096960 2.69509 5.94847 0.59498 -0.00276 0.81870 -0.06632 0.57037
1403638213845096960 2.69417 5.74657 0.60044 0.01363 0.81398 -0.06626 0.57695
1403638213945096960 2.69368 5.54421 0.61110 0.02212 0.81320 -0.06583 0.57783
1403638214045097216 2.69252 5.34342 0.62603 0.02344 0.81598 -0.06576 0.57385
1403638214145096960 2.69284 5.14373 0.64351 0.02358 0.82260 -0.06401 0.56451
1403638214245096960 2.69639 4.94654 0.66483 0.02218 0.82935 -0.06100 0.55495
1403638214345096960 2.70125 4.75153 0.68097 0.01972 0.83415 -0.05811 0.54811
1403638214445096960 2.71297 4.55409 0.69063 0.01843 0.83586 -0.05364 0.54600
1403638214545097216 2.72797 4.35885 0.69514 0.01743 0.83079 -0.04933 0.55412
1403638214645096960 2.74723 4.16358 0.69362 0.01654 0.82450 -0.04542 0.56379
1403638214745096960 2.76676 3.97285 0.68731 0.01568 0.81828 -0.04158 0.57310
1403638214845096960 2.78224 3.78544 0.67721 0.01441 0.81431 -0.03836 0.57898
1403638214945096960 2.79633 3.59603 0.66135 0.01355 0.81188 -0.03581 0.58257
1403638215045097216 2.80963 3.41430 0.63945 0.01250 0.81114 -0.03456 0.58370
1403638215145096960 2.82242 3.23642 0.61263 0.01317 0.81147 -0.03276 0.58332
1403638215245096960 2.83100 3.05884 0.58259 0.01477 0.81356 -0.03137 0.58045
1403638215345096960 2.84132 2.88366 0.55180 0.01877 0.81531 -0.02883 0.57800
1403638215445096960 2.85010 2.71761 0.52301 0.02434 0.81498 -0.02513 0.57844
1403638215545097216 2.85965 2.55655 0.50306 0.02555 0.81528 -0.02461 0.57798
1403638215645096960 2.86908 2.40423 0.49049 0.02537 0.81330 -0.02468 0.58077
1403638215745096960 2.87542 2.25123 0.48314 0.02121 0.81272 -0.02773 0.58160
1403638215845096960 2.88300 2.10420 0.47493 0.02048 0.81261 -0.03348 0.58149
1403638215945096960 2.88442 1.96357 0.45900 0.02298 0.81222 -0.03810 0.58165
1403638216045097216 2.88440 1.82561 0.43968 0.02450 0.81200 -0.04212 0.58162
1403638216145096960 2.88230 1.69721 0.41891 0.02796 0.81192 -0.04387 0.58145
1403638216245096960 2.87653 1.56754 0.40524 0.03103 0.81062 -0.04465 0.58304
1403638216345096960 2.86894 1.44625 0.39837 0.03340 0.80971 -0.04527 0.58413
1403638216445096960 2.85814 1.32728 0.39709 0.03500 0.80851 -0.04580 0.58566
1403638216545097216 2.84568 1.20929 0.39759 0.03576 0.80887 -0.04591 0.58510
1403638216645096960 2.83119 1.09632 0.39218 0.03902 0.81037 -0.04445 0.58293
1403638216745096960 2.81601 0.98916 0.37809 0.04148 0.81175 -0.04264 0.58097
1403638216845096960 2.80087 0.88464 0.36197 0.04534 0.80818 -0.04396 0.58554
1403638216945096960 2.78275 0.78832 0.33860 0.04993 0.80554 -0.05107 0.58823
1403638217045097216 2.76325 0.69396 0.31380 0.05274 0.80544 -0.06451 0.58679
1403638217145096960 2.73900 0.60335 0.28606 0.05811 0.80705 -0.07993 0.58216
1403638217245096960 2.71402 0.51539 0.25606 0.06513 0.80821 -0.09144 0.57809
1403638217345096960 2.68768 0.43368 0.23205 0.07106 0.80873 -0.09913 0.57539
1403638217445096960 2.66000 0.35717 0.21764 0.07513 0.80938 -0.10464 0.57299
1403638217545097216 2.63162 0.28708 0.21145 0.08210 0.81015 -0.10539 0.57080
1403638217645096960 2.60342 0.22133 0.21267 0.08941 0.81100 -0.10280 0.56896
1403638217745096960 2.57501 0.16056 0.22085 0.09697 0.81194 -0.09861 0.56712
1403638217845096960 2.54738 0.10564 0.23658 0.10207 0.81357 -0.09467 0.56455
1403638217945096960 2.52321 0.05994 0.25235 0.10445 0.81231 -0.09161 0.56644
1403638218045097216 2.50087 0.01854 0.26190 0.10370 0.81054 -0.08970 0.56940
1403638218145096960 2.47884 -0.01235 0.26716 0.10184 0.80910 -0.08923 0.57186
1403638218245096960 2.45755 -0.03498 0.26702 0.10058 0.80640 -0.08769 0.57612
1403638218345096960 2.43719 -0.05926 0.26488 0.09590 0.80269 -0.08787 0.58204
1403638218445096960 2.41469 -0.07082 0.26620 0.08964 0.80230 -0.08950 0.58333
1403638218545097216 2.39012 -0.07418 0.27570 0.08668 0.80317 -0.08997 0.58250
1403638218645096960 2.35979 -0.07637 0.29424 0.08354 0.80520 -0.09095 0.58001
1403638218745096960 2.33267 -0.07326 0.30466 0.08350 0.80979 -0.09459 0.57300
1403638218845096960 2.30461 -0.06303 0.31616 0.08744 0.81290 -0.10180 0.56673
1403638218945096960 2.27885 -0.05200 0.32004 0.08397 0.81291 -0.11364 0.56499
1403638219045097216 2.25359 -0.03691 0.31851 0.07467 0.81057 -0.12781 0.56662
1403638219145096960 2.23427 -0.02388 0.31267 0.07231 0.80787 -0.13547 0.56901
1403638219245096960 2.20808 -0.01234 0.30811 0.08085 0.80378 -0.13325 0.57414
1403638219345096960 2.18531 -0.00149 0.29948 0.08969 0.79771 -0.12958 0.58208
1403638219445096960 2.15530 0.01284 0.29342 0.09464 0.79014 -0.12730 0.59204
1403638219545097216 2.12737 0.02690 0.29009 0.09569 0.78816 -0.12667 0.59464
1403638219645096960 2.09348 0.04243 0.29222 0.09160 0.79054 -0.12907 0.59161
1403638219745096960 2.04990 0.06135 0.29680 0.08478 0.79317 -0.13338 0.58813
1403638219845096960 2.00286 0.07921 0.29638 0.07568 0.79627 -0.13926 0.58380
1403638219945096960 1.95458 0.09271 0.29007 0.06735 0.79840 -0.14483 0.58055
1403638220045097216 1.90097 0.10541 0.27535 0.06207 0.80068 -0.14838 0.57709
1403638220145096960 1.84671 0.11151 0.26025 0.06422 0.80293 -0.14684 0.57412
1403638220245096960 1.79250 0.11284 0.25378 0.07801 0.80528 -0.13768 0.57139
1403638220345096960 1.73543 0.11106 0.25416 0.08983 0.80740 -0.12942 0.56858
1403638220445096960 1.68023 0.11130 0.26100 0.09491 0.80813 -0.12626 0.56742
1403638220545097216 1.62214 0.11435 0.27554 0.09664 0.80758 -0.12560 0.56806
1403638220645096960 1.56852 0.11880 0.28760 0.09824 0.80729 -0.12601 0.56811
1403638220745096960 1.51451 0.12538 0.29343 0.09847 0.80710 -0.12748 0.56801
1403638220845096960 1.45884 0.13133 0.29377 0.09764 0.80653 -0.12919 0.56858
1403638220945096960 1.40461 0.14166 0.28477 0.09730 0.80714 -0.13104 0.56735
1403638221045097216 1.35132 0.15162 0.27113 0.09746 0.80771 -0.13158 0.56639
1403638221145096960 1.29211 0.16337 0.25608 0.09796 0.80842 -0.13238 0.56511
1403638221245096960 1.24028 0.17803 0.24682 0.09727 0.80979 -0.13351 0.56299
1403638221345096960 1.18748 0.19278 0.25007 0.09524 0.81123 -0.13550 0.56078
1403638221445096960 1.14186 0.20545 0.24606 0.09253 0.81170 -0.13804 0.55993
1403638221545097216 1.08649 0.21885 0.24511 0.09018 0.81150 -0.14007 0.56011
1403638221645096960 1.04032 0.23180 0.23646 0.08998 0.81039 -0.14086 0.56154
1403638221745096960 0.99644 0.24241 0.22730 0.08820 0.80772 -0.14238 0.56527
1403638221845096960 0.95408 0.25194 0.22243 0.08748 0.80668 -0.14211 0.56694
1403638221945096960 0.91279 0.25946 0.22534 0.09146 0.80550 -0.13859 0.56886
1403638222045097216 0.87308 0.26634 0.23549 0.09474 0.80590 -0.13603 0.56837
1403638222145096960 0.83440 0.27388 0.24691 0.09607 0.80917 -0.13499 0.56373
1403638222245096960 0.79490 0.28195 0.25250 0.09567 0.81283 -0.13564 0.55836
1403638222345096960 0.75934 0.29034 0.25375 0.09458 0.81618 -0.13658 0.55340
1403638222445096960 0.72466 0.29649 0.25536 0.09380 0.81887 -0.13728 0.54937
1403638222545097216 0.69438 0.30615 0.24675 0.09359 0.81848 -0.13739 0.54996
1403638222645096960 0.66964 0.31033 0.23747 0.09349 0.81286 -0.13712 0.55832
1403638222745096960 0.64790 0.31731 0.22413 0.09430 0.80921 -0.13664 0.56358
1403638222845096960 0.62916 0.32397 0.20840 0.09514 0.80666 -0.13593 0.56725
1403638222945096960 0.61838 0.32835 0.19137 0.09567 0.79912 -0.13498 0.57796
1403638223045097216 0.59467 0.33858 0.17604 0.09509 0.79872 -0.13488 0.57863
1403638223145096960 0.57404 0.34872 0.16503 0.09539 0.80453 -0.13505 0.57044
1403638223245096960 0.54414 0.36073 0.15868 0.08863 0.81429 -0.14034 0.55622
1403638223345096960 0.52242 0.36843 0.15178 0.08547 0.81645 -0.14275 0.55293
1403638223445096960 0.49714 0.37570 0.14404 0.07908 0.81276 -0.14721 0.55812
1403638223545097216 0.47450 0.37936 0.13567 0.07070 0.80800 -0.15309 0.56454
1403638223645096960 0.45485 0.37778 0.12602 0.07807 0.80714 -0.14815 0.56611
1403638223745096960 0.43831 0.37078 0.11453 0.08959 0.80803 -0.14018 0.56517
1403638223845096960 0.41765 0.36666 0.10212 0.09707 0.80919 -0.13499 0.56353
1403638223945096960 0.40277 0.36190 0.08900 0.10214 0.80954 -0.13139 0.56298
1403638224045097216 0.38289 0.36029 0.07213 0.10337 0.81176 -0.13043 0.55978
1403638224145096960 0.36640 0.36122 0.05307 0.10065 0.81735 -0.13196 0.55173
1403638224245096960 0.36025 0.36435 0.03668 0.09872 0.82069 -0.13343 0.54673
1403638224345096960 0.35679 0.37017 0.02428 0.09907 0.81645 -0.13335 0.55301
1403638224445096960 0.35478 0.37448 0.01055 0.09318 0.81004 -0.13788 0.56226
1403638224545097216 0.35308 0.37885 -0.00322 0.09363 0.80275 -0.13739 0.57266
1403638224645096960 0.34096 0.38136 -0.01804 0.09479 0.80508 -0.13609 0.56951
1403638224745096960 0.33748 0.38870 -0.03233 0.09353 0.81527 -0.13726 0.55475
1403638224845096960 0.33983 0.39731 -0.04106 0.09267 0.81804 -0.13794 0.55063
1403638224945096960 0.34869 0.40280 -0.04168 0.08604 0.81069 -0.14209 0.56142
1403638225045097216 0.35795 0.40752 -0.03875 0.08017 0.80413 -0.14510 0.57088
1403638225145096960 0.37522 0.40800 -0.02933 0.08456 0.80369 -0.14132 0.57181
1403638225245096960 0.36065 0.41313 -0.03843 0.08862 0.81019 -0.13748 0.56289
1403638225345096960 0.41274 0.40622 -0.01030 0.09144 0.81450 -0.13551 0.55665
1403638225445096960 0.41803 0.40350 -0.00635 0.09332 0.81052 -0.13383 0.56254
1403638225545097216 0.41095 0.39938 -0.00294 0.09622 0.80028 -0.13122 0.57713
1403638225645096960 0.42130 0.40141 -0.01482 0.09898 0.78995 -0.12915 0.59119
1403638225745096960 0.41640 0.40296 -0.03631 0.09961 0.79224 -0.12852 0.58815
1403638225845096960 0.39440 0.40951 -0.07298 0.09764 0.80334 -0.12994 0.57291
1403638225945096960 0.38921 0.41684 -0.10792 0.09568 0.81350 -0.13129 0.55841
1403638226045097216 0.38672 0.42662 -0.13349 0.09069 0.82371 -0.13179 0.54397
1403638226145096960 0.39584 0.43565 -0.12020 0.06768 0.82122 -0.14583 0.54749
1403638226245096960 0.41948 0.44138 -0.12398 0.09377 0.82675 -0.13035 0.53916
1403638226345096960 0.41891 0.44720 -0.12005 0.09152 0.82284 -0.13097 0.54535
1403638226445096960 0.41203 0.45598 -0.14841 0.09200 0.82231 -0.13135 0.54598
1403638226545097216 0.41514 0.45790 -0.15368 0.09201 0.82173 -0.13088 0.54696
1403638226645096960 0.41587 0.45764 -0.15460 0.09172 0.82173 -0.13140 0.54688
1403638226745096960 0.41614 0.45753 -0.15470 0.09128 0.82222 -0.13187 0.54610
1403638226845096960 0.41649 0.45758 -0.15494 0.09143 0.82203 -0.13155 0.54645
1403638226945096960 0.41663 0.45708 -0.15451 0.09189 0.82224 -0.13138 0.54609
1403638227045097216 0.41660 0.45721 -0.15464 0.09234 0.82227 -0.13092 0.54609
1403638227145096960 0.41662 0.45685 -0.15422 0.09208 0.82241 -0.13120 0.54585
1403638227245096960 0.41641 0.45704 -0.15420 0.09174 0.82247 -0.13127 0.54580
1403638227345096960 0.41657 0.45695 -0.15392 0.09127 0.82250 -0.13162 0.54575
1403638227445096960 0.41653 0.45682 -0.15377 0.09122 0.82255 -0.13162 0.54568
1403638227545097216 0.41641 0.45653 -0.15345 0.09129 0.82258 -0.13144 0.54566
1403638227645096960 0.41621 0.45656 -0.15314 0.09142 0.82261 -0.13137 0.54562
1403638227745096960 0.41628 0.45643 -0.15310 0.09126 0.82267 -0.13146 0.54553
1403638227845096960 0.41630 0.45638 -0.15294 0.09113 0.82273 -0.13149 0.54546
1403638227945096960 0.41630 0.45632 -0.15289 0.09090 0.82274 -0.13157 0.54546
1403638228045097216 0.41627 0.45620 -0.15279 0.09083 0.82276 -0.13165 0.54542
1403638228145096960 0.41615 0.45604 -0.15249 0.09084 0.82277 -0.13161 0.54541
1403638228245096960 0.41607 0.45591 -0.15235 0.09080 0.82276 -0.13160 0.54543
1403638228345096960 0.41602 0.45586 -0.15220 0.09074 0.82280 -0.13166 0.54538
1403638228445096960 0.41609 0.45565 -0.15222 0.09069 0.82283 -0.13163 0.54535
1403638228545097216 0.41595 0.45570 -0.15203 0.09058 0.82285 -0.13166 0.54533
1403638228645096960 0.41580 0.45568 -0.15186 0.09055 0.82290 -0.13169 0.54524
1403638228745096960 0.41580 0.45564 -0.15172 0.09048 0.82293 -0.13170 0.54522
1403638228845096960 0.41578 0.45558 -0.15164 0.09046 0.82292 -0.13169 0.54523
