1403638134595097088 -0.26479 -0.13130 0.11926 -0.21206 0.78369 0.08812 0.57714
1403638134695097088 -0.35433 -0.14651 0.12118 -0.20608 0.78584 0.08370 0.57704
1403638134795097088 -0.44934 -0.19318 0.13572 -0.20451 0.79062 0.09006 0.57007
1403638134895097088 -0.55074 -0.19460 0.16667 -0.18968 0.79675 0.08311 0.56771
1403638134995096832 -0.61931 -0.22973 0.16421 -0.18587 0.79504 0.07629 0.57231
1403638135095097088 -0.67595 -0.37922 0.15379 -0.18869 0.79456 0.09068 0.56996
1403638135195097088 -0.73824 -0.50156 0.13112 -0.18538 0.79880 0.09674 0.56409
1403638135295097088 -0.77189 -0.67606 0.09939 -0.18495 0.80031 0.10038 0.56145
1403638135395097088 -0.90702 -0.80021 0.06383 -0.18227 0.79660 0.09870 0.56786
1403638135495096832 -1.03091 -1.01961 0.04400 -0.17489 0.79864 0.10223 0.56669
1403638135595097088 -1.17316 -1.27652 0.02604 -0.16742 0.80365 0.10485 0.56135
1403638135695097088 -1.25900 -1.52532 0.00025 -0.16448 0.80200 0.09335 0.56659
1403638135795097088 -1.35219 -1.78821 -0.03186 -0.16882 0.80164 0.07941 0.56795
1403638135895097088 -1.45369 -2.06352 -0.06507 -0.15788 0.80638 0.08458 0.56363
1403638135995096832 -1.41026 -2.18346 -0.04471 -0.13473 0.81542 0.08165 0.55701
1403638136095097088 -1.46549 -2.45356 -0.03996 -0.12642 0.81127 0.07193 0.56629
1403638136195097088 -1.52980 -2.75390 -0.04321 -0.13063 0.80471 0.05426 0.57657
1403638136295097088 -1.55502 -3.06110 -0.06606 -0.12329 0.80538 0.04653 0.57792
1403638136395097088 -1.57825 -3.41906 -0.10352 -0.11325 0.80952 0.04517 0.57430
1403638136495096832 -1.56296 -3.70393 -0.12958 -0.10472 0.81441 0.04148 0.56925
1403638136595097088 -1.56568 -4.06036 -0.14497 -0.11055 0.81829 0.03121 0.56321
1403638136695097088 -1.61422 -4.46384 -0.15324 -0.12626 0.81721 0.03008 0.56154
1403638136795097088 -1.68509 -4.76707 -0.16121 -0.14339 0.81498 0.03384 0.56044
1403638136895097088 -1.72210 -5.04536 -0.15801 -0.16818 0.80724 0.02871 0.56503
1403638136995096832 -1.77125 -5.33615 -0.17992 -0.18848 0.79730 0.02206 0.57298
1403638137095097088 -1.81705 -5.64546 -0.22559 -0.19476 0.79653 0.02713 0.57173
1403638137195097088 -1.89928 -6.07631 -0.29034 -0.19248 0.80185 0.04356 0.56400
1403638137295097088 -1.98432 -6.53232 -0.35274 -0.18905 0.80802 0.06079 0.55468
1403638137395097088 -2.04157 -6.91035 -0.41222 -0.18571 0.81234 0.06913 0.54848
1403638137495096832 -2.10352 -7.32467 -0.48180 -0.17481 0.81920 0.08006 0.54032
1403638137595097088 -2.16818 -7.77433 -0.54931 -0.15961 0.82629 0.09412 0.53189
1403638137695097088 -2.24062 -8.24383 -0.61219 -0.15285 0.82759 0.09479 0.53174
1403638137795097088 -2.30306 -8.71274 -0.67133 -0.15102 0.82838 0.08920 0.53200
1403638137895097088 -2.35045 -9.19846 -0.72066 -0.14347 0.83400 0.09397 0.52444
1403638137995096832 -2.41504 -9.67435 -0.78223 -0.13523 0.84132 0.10392 0.51293
1403638138095097088 -2.49537 -10.20760 -0.84106 -0.13413 0.84098 0.10741 0.51305
1403638138195097088 -2.56461 -10.75750 -0.89260 -0.13988 0.83511 0.09668 0.52314
1403638138295097088 -2.65061 -11.34815 -0.95063 -0.14388 0.83195 0.09287 0.52775
1403638138395097088 -2.69167 -11.79852 -0.99735 -0.14283 0.82825 0.08900 0.53449
1403638138495096832 -2.84265 -12.62608 -1.06632 -0.14655 0.82726 0.09251 0.53442
1403638138595097088 -2.96624 -13.35937 -1.12024 -0.14920 0.82707 0.09368 0.53378
1403638138695097088 -3.04971 -14.01395 -1.18027 -0.15096 0.82740 0.09336 0.53283
1403638138795097088 -3.12632 -14.67402 -1.23830 -0.15181 0.82770 0.09408 0.53199
1403638138895097088 -3.18390 -15.31348 -1.29426 -0.15368 0.82810 0.09293 0.53103
1403638138995096832 -3.22707 -15.94894 -1.35184 -0.15385 0.82862 0.09314 0.53014
1403638139095097088 -3.27243 -16.60635 -1.39849 -0.15431 0.82904 0.09338 0.52930
1403638139195097088 -3.30369 -17.25371 -1.44659 -0.15466 0.82945 0.09332 0.52857
1403638139295097088 -3.35641 -17.99506 -1.49211 -0.15685 0.82900 0.09472 0.52838
1403638139395097088 -3.44125 -18.76249 -1.56255 -0.15829 0.82921 0.09514 0.52754
1403638139495096832 -3.46229 -19.41584 -1.63054 -0.15859 0.82980 0.09473 0.52661
1403638139595097088 -3.49230 -20.08818 -1.67281 -0.15891 0.83017 0.09468 0.52592
1403638139695097088 -3.60752 -20.96391 -1.74559 -0.16081 0.83013 0.09563 0.52525
1403638139795097088 -3.63811 -21.68918 -1.79106 -0.16155 0.83059 0.09565 0.52428
1403638139895097088 -3.67497 -22.35977 -1.85783 -0.16156 0.83110 0.09541 0.52352
1403638139995096832 -3.69268 -23.03122 -1.91438 -0.16164 0.83172 0.09511 0.52256
1403638140095097088 -3.70831 -23.66882 -1.96724 -0.16144 0.83237 0.09461 0.52168
1403638140195097088 -3.72558 -24.35508 -2.00059 -0.16170 0.83291 0.09427 0.52080
1403638140295097088 -3.75863 -25.04975 -2.04301 -0.16194 0.83344 0.09399 0.51993
1403638140395097088 -3.78228 -25.71034 -2.08608 -0.16184 0.83408 0.09351 0.51902
1403638140495096832 -3.81118 -26.23260 -2.14853 -0.16078 0.83486 0.09248 0.51827
1403638140595097088 -3.84038 -26.81677 -2.19446 -0.16010 0.83556 0.09172 0.51748
1403638140695097088 -3.87692 -27.43133 -2.23085 -0.15950 0.83627 0.09115 0.51663
1403638140795097088 -3.90348 -28.17220 -2.24243 -0.15979 0.83682 0.09094 0.51568
1403638140895097088 -3.97703 -28.70010 -2.29176 -0.15872 0.83758 0.09003 0.51495
1403638140995096832 -4.04097 -29.26866 -2.32520 -0.15792 0.83829 0.08929 0.51415
1403638141095097088 -4.11853 -29.87091 -2.35507 -0.15736 0.83887 0.08865 0.51349
1403638141195097088 -4.18493 -30.48380 -2.38310 -0.15694 0.83949 0.08806 0.51270
1403638141295097088 -4.23846 -31.11872 -2.40300 -0.15645 0.84022 0.08761 0.51175
1403638141395097088 -4.32535 -31.75198 -2.42459 -0.15607 0.84078 0.08711 0.51102
1403638141495096832 -4.35606 -32.57501 -2.41275 -0.15676 0.84124 0.08710 0.51004
1403638141595097088 -4.42086 -33.32419 -2.42348 -0.15693 0.84179 0.08688 0.50914
1403638141695097088 -4.50188 -34.01520 -2.43646 -0.15681 0.84238 0.08649 0.50826
1403638141795097088 -4.40423 -34.83414 -2.44783 -0.15735 0.84312 0.08626 0.50690
1403638141895097088 -4.64610 -35.49714 -2.46840 -0.15697 0.84349 0.08570 0.50650
1403638141995096832 -4.81364 -35.92880 -2.50784 -0.15552 0.84426 0.08468 0.50583
1403638142095097088 -4.94406 -36.48688 -2.51663 -0.15470 0.84492 0.08407 0.50509
1403638142195097088 -4.97988 -37.33630 -2.46787 -0.15510 0.84544 0.08375 0.50414
1403638142295097088 -5.08715 -38.12250 -2.45938 -0.15499 0.84599 0.08331 0.50332
1403638142395097088 -5.26443 -38.71487 -2.51564 -0.15429 0.84660 0.08248 0.50265
1403638142495096832 -5.38275 -39.35076 -2.52847 -0.15403 0.84725 0.08174 0.50176
1403638142595097088 -5.46492 -40.03407 -2.51365 -0.15428 0.84775 0.08185 0.50082
1403638142695097088 -5.61021 -40.71596 -2.50675 -0.15390 0.84837 0.08152 0.49994
1403638142795097088 -5.68703 -41.47671 -2.48620 -0.15353 0.84897 0.08121 0.49908
1403638142895097088 -5.81226 -42.18998 -2.46115 -0.15340 0.84944 0.08130 0.49831
1403638142995096832 -5.80732 -43.12697 -2.36181 -0.15435 0.84984 0.08171 0.49726
1403638143095097088 -5.96215 -43.87573 -2.38910 -0.15436 0.85038 0.08152 0.49637
1403638143195097088 -6.10884 -44.64968 -2.38305 -0.15464 0.85081 0.08118 0.49560
1403638143295097088 -6.11787 -45.62618 -2.26963 -0.15556 0.85121 0.08131 0.49460
1403638143395097088 -6.17115 -46.57122 -2.21685 -0.15619 0.85169 0.08132 0.49358
1403638143495096832 -6.26244 -47.47435 -2.18336 -0.15652 0.85217 0.08096 0.49271
1403638143595097088 -6.48325 -48.15013 -2.21466 -0.15599 0.85270 0.08056 0.49202
1403638143695097088 -6.62553 -48.83250 -2.17575 -0.15590 0.85324 0.08022 0.49116
1403638143795097088 -6.76878 -49.58921 -2.11649 -0.15591 0.85371 0.08008 0.49037
1403638143895097088 -6.90054 -50.37865 -2.05371 -0.15591 0.85419 0.07976 0.48959
1403638143995096832 -6.98721 -51.19149 -1.97324 -0.15606 0.85470 0.07970 0.48865
1403638144095097088 -7.09369 -52.04853 -1.89728 -0.15640 0.85517 0.07973 0.48772
1403638144195097088 -7.10299 -53.07624 -1.72283 -0.15711 0.85555 0.07972 0.48683
1403638144295097088 -7.12939 -54.12162 -1.61825 -0.15790 0.85600 0.07978 0.48577
1403638144395097088 -7.17453 -55.13643 -1.52470 -0.15859 0.85643 0.07977 0.48478
1403638144495096832 -7.26417 -56.10948 -1.42291 -0.15907 0.85686 0.07982 0.48386
1403638144595097088 -7.37074 -56.92245 -1.39728 -0.15928 0.85746 0.07990 0.48272
1403638144695097088 -7.42108 -57.78462 -1.29842 -0.15966 0.85788 0.07992 0.48184
1403638144795097088 -7.44302 -58.82960 -1.08980 -0.16034 0.85825 0.07981 0.48097
1403638144895097088 -7.63062 -59.80471 -1.04949 -0.16081 0.85858 0.07998 0.48020
1403638144995096832 -7.74431 -60.64676 -0.93744 -0.16090 0.85899 0.08014 0.47940
1403638145095097088 -7.82700 -61.50840 -0.79111 -0.16114 0.85945 0.08020 0.47848
1403638145195097088 -7.93056 -62.47722 -0.65659 -0.16161 0.85981 0.08015 0.47769
1403638145295097088 -7.98899 -63.43527 -0.49762 -0.16198 0.86026 0.08025 0.47673
1403638145395097088 -8.03399 -64.35832 -0.31885 -0.16211 0.86074 0.08037 0.47580
1403638145495096832 -8.09890 -65.27813 -0.13223 -0.16234 0.86116 0.08047 0.47495
1403638145595097088 -8.16044 -66.20083 0.05956 -0.16266 0.86158 0.08061 0.47404
1403638145695097088 -8.31099 -67.12700 0.15898 -0.16294 0.86193 0.08083 0.47328
1403638145795097088 -8.39946 -68.02688 0.31240 -0.16309 0.86236 0.08092 0.47244
1403638145895097088 -8.44789 -68.97127 0.48946 -0.16358 0.86272 0.08107 0.47157
1403638145995096832 -8.50067 -69.98990 0.65829 -0.16422 0.86305 0.08116 0.47073
1403638146095097088 -8.55642 -71.01229 0.84396 -0.16479 0.86338 0.08151 0.46986
1403638146195097088 -8.59629 -72.01065 1.05254 -0.16518 0.86368 0.08175 0.46914
1403638146295097088 -8.65398 -73.00928 1.26094 -0.16537 0.86404 0.08179 0.46840
1403638146395097088 -8.70695 -74.03627 1.46839 -0.16576 0.86436 0.08192 0.46765
1403638146495096832 -8.75590 -75.11617 1.68192 -0.16627 0.86470 0.08194 0.46684
1403638146595097088 -8.76185 -76.25958 1.90283 -0.16691 0.86497 0.08197 0.46611
1403638146695097088 -8.74804 -77.45437 2.12085 -0.16770 0.86526 0.08218 0.46523
1403638146795097088 -8.65893 -78.64327 2.36959 -0.16838 0.86556 0.08226 0.46443
1403638146895097088 -8.52173 -79.84595 2.63396 -0.16898 0.86596 0.08257 0.46340
1403638146995096832 -8.34878 -81.17601 2.86690 -0.16987 0.86648 0.08234 0.46215
1403638147095097088 -8.32219 -82.55911 3.09455 -0.17063 0.86676 0.08243 0.46132
1403638147195097088 -8.87641 -83.69738 3.37947 -0.17109 0.86642 0.08568 0.46120
1403638147295097088 -8.79951 -84.52551 3.91538 -0.17161 0.86676 0.08608 0.46029
1403638147395097088 -8.87182 -85.81543 4.01917 -0.17173 0.86660 0.08613 0.46054
1403638147495096832 -9.60635 -86.40831 4.11497 -0.17133 0.86606 0.08825 0.46130
1403638147595097088 -9.89755 -86.86062 4.27747 -0.17104 0.86608 0.08791 0.46143
1403638147695097088 -10.02954 -87.37188 4.56961 -0.17061 0.86646 0.08844 0.46079
1403638147795097088 -10.16817 -88.11786 4.71131 -0.17030 0.86504 0.08666 0.46388
1403638147895097088 -9.71876 -89.06556 5.25151 -0.16999 0.86057 0.07968 0.47347
1403638147995096832 -9.58767 -90.15929 5.70368 -0.17156 0.85562 0.07640 0.48233
1403638148095097088 -6.71822 -90.54389 7.04122 -0.17366 0.85312 0.07280 0.48654
1403638148195097088 -6.81641 -91.36196 8.08343 -0.17534 0.85043 0.07649 0.49008
1403638148295097088 -6.95989 -88.60844 9.67518 -0.17251 0.85137 0.07531 0.48963
1403638148395097088 -7.92281 -85.59267 10.83496 -0.16852 0.85180 0.07505 0.49031
1403638148495096832 -9.59001 -80.37598 12.26290 -0.15929 0.85625 0.07510 0.48562
1403638148595097088 -10.73821 -77.89251 13.39598 -0.15451 0.86045 0.07666 0.47945
1403638148695097088 -10.97742 -78.18366 14.11824 -0.15440 0.86378 0.07957 0.47298
1403638148795097088 -11.01361 -78.99300 14.79794 -0.15639 0.86608 0.08137 0.46780
1403638148895097088 -10.83495 -80.37811 15.08373 -0.16042 0.86631 0.08367 0.46558
1403638148995096832 -11.45050 -79.01053 15.86158 -0.15375 0.86665 0.07994 0.46785
