1403638133595097088 -0.01470 -0.09147 0.05043 0.00921 0.80407 -0.06532 0.59086
1403638133695097088 -0.02941 -0.13321 0.03065 0.00830 0.80781 -0.08147 0.58373
1403638133795097088 -0.03586 -0.16894 0.01601 0.02230 0.80921 -0.09540 0.57930
1403638133895097088 -0.03789 -0.19891 0.00055 0.03762 0.81139 -0.10259 0.57420
1403638133995096832 -0.02842 -0.20620 -0.01145 0.04438 0.81025 -0.10784 0.57436
1403638134095097088 -0.00506 -0.19389 -0.01725 0.04720 0.81324 -0.10239 0.57090
1403638134195097088 0.02485 -0.17337 -0.01412 0.04957 0.81474 -0.09558 0.56974
1403638134295097088 0.05212 -0.14268 -0.00044 0.04581 0.80514 -0.10286 0.58230
1403638134395097088 0.08020 -0.10319 0.00985 0.03688 0.80619 -0.10755 0.58063
1403638134495096832 0.10786 -0.05949 0.02030 0.03007 0.80711 -0.11179 0.57895
1403638134595097088 0.14324 -0.01287 0.02280 0.02043 0.80539 -0.11730 0.58066
1403638134695097088 0.16917 0.03496 0.02478 0.01587 0.80901 -0.11659 0.57589
1403638134795097088 0.18562 0.08463 0.03043 0.01376 0.81631 -0.11141 0.56660
1403638134895097088 0.20141 0.13091 0.03969 0.01686 0.81853 -0.10771 0.56402
1403638134995096832 0.21910 0.16734 0.04307 0.01697 0.81461 -0.10852 0.56951
1403638135095097088 0.22722 0.20072 0.04279 0.02077 0.81873 -0.10122 0.56481
1403638135195097088 0.22268 0.21951 0.03750 0.02232 0.82317 -0.09416 0.55949
1403638135295097088 0.21244 0.22225 0.03229 0.02494 0.82485 -0.09164 0.55732
1403638135395097088 0.19302 0.20959 0.02438 0.02816 0.82203 -0.09373 0.56097
1403638135495096832 0.17583 0.18668 0.01494 0.03745 0.82423 -0.09316 0.55728
1403638135595097088 0.16137 0.15551 0.00953 0.04517 0.82876 -0.09355 0.54987
1403638135695097088 0.14966 0.11752 0.00913 0.05049 0.82417 -0.10322 0.55456
1403638135795097088 0.13242 0.08372 0.00626 0.04801 0.82048 -0.11616 0.55769
1403638135895097088 0.10782 0.05229 0.00514 0.05811 0.82576 -0.11199 0.54973
1403638135995096832 0.07300 0.02329 0.01639 0.06952 0.83098 -0.10786 0.54130
1403638136095097088 0.05534 -0.01609 0.02604 0.07882 0.82336 -0.11351 0.55044
1403638136195097088 0.02758 -0.05588 0.03786 0.07671 0.81232 -0.12680 0.56407
1403638136295097088 0.00196 -0.09484 0.03278 0.08307 0.80940 -0.13182 0.56621
1403638136395097088 -0.02541 -0.12753 0.02858 0.09251 0.81111 -0.13285 0.56204
1403638136495096832 -0.04397 -0.14984 0.02280 0.09802 0.81345 -0.13503 0.55719
1403638136595097088 -0.05198 -0.15192 0.02694 0.09220 0.81355 -0.14581 0.55532
1403638136695097088 -0.05125 -0.13998 0.03939 0.07854 0.81231 -0.14753 0.55877
1403638136795097088 -0.04162 -0.10772 0.05275 0.06166 0.81213 -0.14352 0.56218
1403638136895097088 -0.02648 -0.06393 0.06007 0.03733 0.80477 -0.14488 0.57443
1403638136995096832 -0.02099 -0.02717 0.05964 0.01895 0.79477 -0.14771 0.58836
1403638137095097088 -0.00746 0.00984 0.03398 0.01202 0.79543 -0.14205 0.58904
1403638137195097088 0.00204 0.04281 0.00047 0.01438 0.80396 -0.12883 0.58038
1403638137295097088 -0.00076 0.07045 -0.03248 0.01847 0.81342 -0.11570 0.56975
1403638137395097088 -0.00027 0.08968 -0.07112 0.02048 0.81907 -0.10853 0.56296
1403638137495096832 -0.00021 0.10735 -0.10271 0.03092 0.82747 -0.10077 0.55152
1403638137595097088 -0.00094 0.11489 -0.12765 0.04510 0.83658 -0.08997 0.53852
1403638137695097088 -0.00248 0.12024 -0.14641 0.05371 0.83730 -0.09046 0.53652
1403638137795097088 -0.00271 0.12299 -0.16437 0.05671 0.83633 -0.09623 0.53673
1403638137895097088 -0.00117 0.12521 -0.17984 0.06303 0.84214 -0.09322 0.52739
1403638137995096832 -0.00023 0.12739 -0.18906 0.06848 0.85105 -0.08602 0.51345
1403638138095097088 0.00196 0.12901 -0.19271 0.07029 0.85150 -0.08267 0.51300
1403638138195097088 -0.01023 0.12867 -0.19601 0.06717 0.84311 -0.08991 0.52589
1403638138295097088 -0.01037 0.12861 -0.19899 0.06546 0.83919 -0.09284 0.53185
1403638138395097088 -0.01058 0.12922 -0.20050 0.06637 0.83456 -0.09356 0.53884
1403638138495096832 -0.01178 0.12936 -0.20170 0.06729 0.83431 -0.09266 0.53927
1403638138595097088 -0.01186 0.12935 -0.20236 0.06699 0.83420 -0.09280 0.53945
1403638138695097088 -0.01065 0.12944 -0.20266 0.06626 0.83414 -0.09349 0.53952
1403638138795097088 -0.00954 0.12925 -0.20277 0.06634 0.83425 -0.09307 0.53941
1403638138895097088 -0.00868 0.12962 -0.20304 0.06507 0.83402 -0.09416 0.53972
1403638138995096832 -0.00904 0.12951 -0.20316 0.06530 0.83410 -0.09379 0.53964
1403638139095097088 -0.00873 0.12929 -0.20321 0.06554 0.83416 -0.09352 0.53956
1403638139195097088 -0.00806 0.12911 -0.20338 0.06577 0.83411 -0.09336 0.53965
1403638139295097088 -0.01250 0.12956 -0.20410 0.06572 0.83389 -0.09324 0.54001
1403638139395097088 -0.01100 0.12921 -0.20406 0.06552 0.83391 -0.09344 0.53997
1403638139495096832 -0.00958 0.12881 -0.20403 0.06531 0.83392 -0.09362 0.53996
1403638139595097088 -0.00759 0.12825 -0.20396 0.06521 0.83392 -0.09372 0.53995
1403638139695097088 -0.00535 0.12757 -0.20384 0.06518 0.83393 -0.09381 0.53991
1403638139795097088 -0.00306 0.12678 -0.20367 0.06508 0.83397 -0.09390 0.53986
1403638139895097088 -0.01306 0.12943 -0.20484 0.06519 0.83375 -0.09374 0.54020
1403638139995096832 -0.01261 0.12940 -0.20501 0.06502 0.83368 -0.09360 0.54036
1403638140095097088 -0.01233 0.12938 -0.20482 0.06479 0.83363 -0.09344 0.54049
1403638140195097088 -0.01219 0.12934 -0.20485 0.06451 0.83359 -0.09331 0.54061
1403638140295097088 -0.01203 0.12931 -0.20497 0.06437 0.83355 -0.09327 0.54070
1403638140395097088 -0.01190 0.12937 -0.20509 0.06428 0.83352 -0.09328 0.54076
1403638140495096832 -0.01148 0.12951 -0.20527 0.06404 0.83348 -0.09316 0.54087
1403638140595097088 -0.01124 0.12951 -0.20544 0.06378 0.83341 -0.09300 0.54103
1403638140695097088 -0.01181 0.12935 -0.20503 0.06355 0.83339 -0.09279 0.54112
1403638140795097088 -0.01115 0.12933 -0.20532 0.06333 0.83333 -0.09261 0.54128
1403638140895097088 -0.01075 0.12926 -0.20562 0.06306 0.83328 -0.09246 0.54141
1403638140995096832 -0.01125 0.12914 -0.20512 0.06286 0.83328 -0.09227 0.54147
1403638141095097088 -0.01125 0.12910 -0.20513 0.06263 0.83322 -0.09212 0.54161
1403638141195097088 -0.01080 0.12905 -0.20524 0.06233 0.83312 -0.09191 0.54183
1403638141295097088 -0.01055 0.12905 -0.20548 0.06212 0.83307 -0.09174 0.54195
1403638141395097088 -0.01105 0.12883 -0.20510 0.06204 0.83307 -0.09172 0.54197
1403638141495096832 -0.01129 0.12887 -0.20494 0.06169 0.83303 -0.09147 0.54211
1403638141595097088 -0.01128 0.12882 -0.20486 0.06152 0.83300 -0.09128 0.54222
1403638141695097088 -0.01129 0.12875 -0.20482 0.06128 0.83298 -0.09111 0.54229
1403638141795097088 -0.01095 0.12883 -0.20490 0.06111 0.83296 -0.09092 0.54237
1403638141895097088 -0.01042 0.12897 -0.20541 0.06087 0.83292 -0.09080 0.54249
1403638141995096832 -0.01068 0.12867 -0.20526 0.06076 0.83290 -0.09070 0.54255
1403638142095097088 -0.01119 0.12848 -0.20492 0.06070 0.83292 -0.09055 0.54255
1403638142195097088 -0.01073 0.12852 -0.20490 0.06067 0.83276 -0.09057 0.54279
1403638142295097088 -0.01065 0.12862 -0.20534 0.06074 0.83272 -0.09083 0.54281
1403638142395097088 -0.01116 0.12815 -0.20518 0.06055 0.83277 -0.09056 0.54280
1403638142495096832 -0.01179 0.12825 -0.20470 0.06018 0.83284 -0.09016 0.54280
1403638142595097088 -0.01208 0.12859 -0.20481 0.05948 0.83283 -0.08972 0.54297
1403638142695097088 -0.01251 0.12862 -0.20515 0.05963 0.83292 -0.08973 0.54281
1403638142795097088 -0.01293 0.12862 -0.20593 0.05994 0.83293 -0.08982 0.54274
1403638142895097088 -0.01254 0.12854 -0.20624 0.05984 0.83295 -0.08960 0.54276
1403638142995096832 -0.01240 0.12823 -0.20660 0.05970 0.83292 -0.08930 0.54287
1403638143095097088 -0.01394 0.12664 -0.20667 0.05968 0.83294 -0.08939 0.54283
1403638143195097088 -0.01598 0.12477 -0.20691 0.05952 0.83296 -0.08950 0.54279
1403638143295097088 -0.01328 0.12883 -0.20690 0.05959 0.83293 -0.08957 0.54282
1403638143395097088 -0.01370 0.12815 -0.20676 0.05965 0.83295 -0.08945 0.54281
1403638143495096832 -0.01403 0.12779 -0.20639 0.05974 0.83296 -0.08934 0.54279
1403638143595097088 -0.01401 0.12767 -0.20617 0.05987 0.83296 -0.08941 0.54277
1403638143695097088 -0.01362 0.12760 -0.20589 0.05970 0.83296 -0.08935 0.54280
1403638143795097088 -0.01327 0.12767 -0.20586 0.05968 0.83296 -0.08931 0.54281
1403638143895097088 -0.01232 0.12800 -0.20595 0.05970 0.83289 -0.08943 0.54289
1403638143995096832 -0.01252 0.12793 -0.20565 0.05973 0.83287 -0.08944 0.54293
1403638144095097088 -0.01288 0.12769 -0.20504 0.05968 0.83294 -0.08930 0.54284
1403638144195097088 -0.01277 0.12779 -0.20482 0.05975 0.83290 -0.08924 0.54290
1403638144295097088 -0.01293 0.12774 -0.20457 0.05968 0.83289 -0.08918 0.54294
1403638144395097088 -0.01295 0.12774 -0.20460 0.05963 0.83285 -0.08914 0.54300
1403638144495096832 -0.01255 0.12793 -0.20450 0.05968 0.83285 -0.08908 0.54301
1403638144595097088 -0.01233 0.12793 -0.20481 0.05960 0.83283 -0.08923 0.54303
1403638144695097088 -0.01299 0.12785 -0.20431 0.05957 0.83279 -0.08907 0.54312
1403638144795097088 -0.01316 0.12785 -0.20444 0.05954 0.83280 -0.08910 0.54311
1403638144895097088 -0.01284 0.12794 -0.20458 0.05956 0.83282 -0.08904 0.54308
1403638144995096832 -0.01282 0.12807 -0.20439 0.05962 0.83278 -0.08894 0.54315
1403638145095097088 -0.01278 0.12813 -0.20434 0.05957 0.83281 -0.08894 0.54311
1403638145195097088 -0.01232 0.12828 -0.20467 0.05959 0.83276 -0.08897 0.54319
1403638145295097088 -0.01223 0.12831 -0.20456 0.05956 0.83278 -0.08891 0.54316
1403638145395097088 -0.01242 0.12837 -0.20447 0.05966 0.83276 -0.08894 0.54318
1403638145495096832 -0.01260 0.12836 -0.20424 0.05965 0.83273 -0.08894 0.54323
1403638145595097088 -0.01306 0.12824 -0.20367 0.05957 0.83278 -0.08872 0.54319
1403638145695097088 -0.01314 0.12829 -0.20376 0.05953 0.83275 -0.08870 0.54324
1403638145795097088 -0.01262 0.12849 -0.20409 0.05957 0.83277 -0.08865 0.54322
1403638145895097088 -0.01331 0.12842 -0.20359 0.05955 0.83277 -0.08853 0.54324
1403638145995096832 -0.01338 0.12855 -0.20370 0.05952 0.83277 -0.08853 0.54325
1403638146095097088 -0.01362 0.12863 -0.20381 0.05946 0.83281 -0.08844 0.54320
1403638146195097088 -0.01370 0.12863 -0.20402 0.05947 0.83275 -0.08840 0.54331
1403638146295097088 -0.01324 0.12889 -0.20411 0.05956 0.83277 -0.08829 0.54327
1403638146395097088 -0.01268 0.12845 -0.20518 0.05949 0.83277 -0.08832 0.54329
1403638146495096832 -0.01355 0.12888 -0.20403 0.05965 0.83279 -0.08833 0.54323
1403638146595097088 -0.01358 0.12870 -0.20461 0.05965 0.83276 -0.08825 0.54330
1403638146695097088 -0.01345 0.12854 -0.20505 0.05969 0.83277 -0.08822 0.54327
1403638146795097088 -0.01341 0.12866 -0.20612 0.05969 0.83263 -0.08831 0.54348
1403638146895097088 -0.01411 0.12846 -0.20589 0.05985 0.83274 -0.08819 0.54331
1403638146995096832 -0.01451 0.12891 -0.20489 0.06001 0.83287 -0.08822 0.54308
1403638147095097088 -0.01388 0.12913 -0.20414 0.05997 0.83296 -0.08812 0.54297
1403638147195097088 -0.01342 0.12943 -0.20459 0.06009 0.83302 -0.08812 0.54286
1403638147295097088 -0.01423 0.12923 -0.20462 0.05998 0.83294 -0.08824 0.54298
1403638147395097088 -0.01427 0.12930 -0.20423 0.06012 0.83283 -0.08811 0.54316
1403638147495096832 -0.01370 0.12920 -0.20384 0.06010 0.83236 -0.08796 0.54391
1403638147595097088 -0.01314 0.12914 -0.20302 0.05959 0.83195 -0.08801 0.54457
1403638147695097088 -0.01293 0.12905 -0.20276 0.05922 0.83213 -0.08722 0.54447
1403638147795097088 -0.01106 0.12858 -0.20053 0.05965 0.83010 -0.08681 0.54758
1403638147895097088 -0.00567 0.12617 -0.19592 0.06239 0.82290 -0.08911 0.55768
1403638147995096832 0.00302 0.12448 -0.18601 0.06351 0.81612 -0.09118 0.56711
1403638148095097088 0.01305 0.12230 -0.16825 0.06453 0.81104 -0.09033 0.57436
1403638148195097088 0.02326 0.11978 -0.14080 0.06535 0.80833 -0.08715 0.57857
1403638148295097088 0.03176 0.11778 -0.09862 0.06374 0.80817 -0.08440 0.57937
1403638148395097088 0.03888 0.11660 -0.04780 0.06215 0.80804 -0.08143 0.58015
1403638148495096832 0.04495 0.11594 -0.01291 0.06179 0.81210 -0.07840 0.57492
1403638148595097088 0.05080 0.11633 -0.00308 0.06165 0.81626 -0.07612 0.56932
1403638148695097088 0.05791 0.11716 -0.01095 0.06074 0.82002 -0.07412 0.56425
1403638148795097088 0.06789 0.11910 -0.01927 0.05863 0.82258 -0.07301 0.56089
1403638148895097088 0.08165 0.12014 -0.01716 0.05701 0.82342 -0.07157 0.56001
1403638148995096832 0.09770 0.12190 -0.00424 0.05576 0.82165 -0.07019 0.56290
1403638149095097088 0.11540 0.12453 0.02139 0.05558 0.81800 -0.06844 0.56842
1403638149195097088 0.13441 0.13051 0.05279 0.05542 0.81571 -0.06768 0.57181
1403638149295097088 0.15345 0.13426 0.08445 0.05334 0.81442 -0.06876 0.57371
1403638149395097088 0.17350 0.14115 0.10928 0.05275 0.81309 -0.06898 0.57563
1403638149495096832 0.19272 0.14798 0.12957 0.05324 0.81233 -0.06835 0.57673
1403638149595097088 0.21310 0.15320 0.14447 0.05390 0.81229 -0.06671 0.57691
1403638149695097088 0.23201 0.16141 0.15216 0.05111 0.81270 -0.06193 0.57712
1403638149795097088 0.25353 0.16816 0.15626 0.04777 0.81321 -0.05650 0.57724
1403638149895097088 0.28155 0.16538 0.16402 0.04455 0.81344 -0.05250 0.57756
1403638149995096832 0.31158 0.17278 0.17122 0.04418 0.81411 -0.04864 0.57699
1403638150095097088 0.33140 0.18289 0.16107 0.05002 0.81442 -0.04199 0.57658
1403638150195097088 0.35707 0.19609 0.14796 0.05684 0.81486 -0.03555 0.57577
1403638150295097088 0.37702 0.21439 0.12566 0.05979 0.81601 -0.03282 0.57400
1403638150395097088 0.41691 0.24027 0.11788 0.05641 0.82030 -0.03368 0.56815
1403638150495096832 0.45182 0.26912 0.11948 0.04565 0.82588 -0.03451 0.56093
1403638150595097088 0.49534 0.30449 0.12723 0.03862 0.82955 -0.03115 0.55622
1403638150695097088 0.53691 0.34273 0.13448 0.03240 0.82994 -0.02697 0.55626
1403638150795097088 0.57167 0.37557 0.15193 0.02996 0.82879 -0.02098 0.55836
1403638150895097088 0.61716 0.41130 0.16582 0.02747 0.82629 -0.01252 0.56243
1403638150995096832 0.66523 0.44857 0.18011 0.02490 0.82206 -0.00485 0.56884
1403638151095097088 0.71396 0.49115 0.18616 0.01927 0.82021 0.00761 0.57169
1403638151195097088 0.76259 0.53733 0.18542 0.01004 0.81847 0.02522 0.57390
1403638151295097088 0.81161 0.58752 0.17897 -0.00420 0.81888 0.04424 0.57224
1403638151395097088 0.86058 0.63964 0.17198 -0.01975 0.81834 0.06468 0.57074
1403638151495096832 0.90902 0.69329 0.16991 -0.03500 0.81682 0.08377 0.56970
1403638151595097088 0.95815 0.74648 0.17334 -0.04706 0.81535 0.10008 0.56831
1403638151695097088 1.00902 0.80421 0.18206 -0.05535 0.81349 0.11222 0.56795
1403638151795097088 1.06084 0.86331 0.19817 -0.05995 0.81321 0.12054 0.56618
1403638151895097088 1.10984 0.92616 0.22305 -0.06305 0.81297 0.12535 0.56515
1403638151995096832 1.16057 0.99014 0.25204 -0.06299 0.81315 0.12912 0.56405
1403638152095097088 1.21112 1.05727 0.27882 -0.06312 0.81353 0.12996 0.56329
1403638152195097088 1.25790 1.12990 0.30073 -0.06238 0.81342 0.13026 0.56345
1403638152295097088 1.30497 1.20129 0.31598 -0.05965 0.81299 0.13150 0.56409
1403638152395097088 1.35954 1.27638 0.32199 -0.05576 0.81291 0.13241 0.56438
1403638152495096832 1.41405 1.35463 0.32099 -0.05190 0.81343 0.13286 0.56389
1403638152595097088 1.46882 1.43908 0.31597 -0.05161 0.81353 0.13197 0.56400
1403638152695097088 1.52243 1.52833 0.30853 -0.05684 0.81531 0.12998 0.56138
1403638152795097088 1.57912 1.62265 0.30845 -0.06427 0.81394 0.13315 0.56182
1403638152895097088 1.63346 1.71773 0.31631 -0.07508 0.81020 0.13919 0.56441
1403638152995096832 1.68359 1.81165 0.33009 -0.08538 0.80665 0.15039 0.56516
1403638153095097088 1.73470 1.90735 0.35106 -0.09381 0.80754 0.16224 0.55924
1403638153195097088 1.78918 2.00898 0.37364 -0.09915 0.80854 0.17174 0.55401
1403638153295097088 1.84557 2.10519 0.39054 -0.10243 0.80810 0.18021 0.55137
1403638153395097088 1.90581 2.20478 0.40169 -0.10858 0.80680 0.19058 0.54861
1403638153495096832 1.96693 2.30485 0.41099 -0.11078 0.80392 0.20711 0.54640
1403638153595097088 2.02421 2.40468 0.42688 -0.11391 0.80030 0.22602 0.54356
1403638153695097088 2.07532 2.50756 0.44909 -0.12399 0.79500 0.24405 0.54133
1403638153795097088 2.13789 2.62359 0.46826 -0.13705 0.78917 0.25731 0.54058
1403638153895097088 2.20107 2.74219 0.48194 -0.14767 0.78362 0.26701 0.54115
1403638153995096832 2.25531 2.86147 0.49421 -0.15815 0.77842 0.27214 0.54313
1403638154095097088 2.31510 2.98524 0.49567 -0.16375 0.77471 0.27500 0.54533
1403638154195097088 2.36356 3.11199 0.49687 -0.16718 0.76924 0.27769 0.55064
1403638154295097088 2.41760 3.23701 0.49013 -0.16748 0.76508 0.27898 0.55567
1403638154395097088 2.45971 3.35780 0.48139 -0.17144 0.75925 0.27767 0.56307
1403638154495096832 2.50793 3.48415 0.46681 -0.17372 0.75573 0.27505 0.56837
1403638154595097088 2.54978 3.61042 0.45464 -0.17580 0.75687 0.27474 0.56636
1403638154695097088 2.58297 3.73426 0.44970 -0.17911 0.75962 0.27919 0.55942
1403638154795097088 2.61386 3.86112 0.45176 -0.17883 0.76106 0.28895 0.55256
1403638154895097088 2.62269 3.97185 0.46076 -0.17895 0.75969 0.29861 0.54926
1403638154995096832 2.63693 4.09186 0.47737 -0.18073 0.75641 0.30821 0.54789
1403638155095097088 2.64766 4.21751 0.50052 -0.18700 0.75140 0.31845 0.54682
1403638155195097088 2.62153 4.31451 0.52373 -0.19756 0.74562 0.32720 0.54585
1403638155295097088 2.62380 4.44259 0.54095 -0.20468 0.73955 0.33244 0.54833
1403638155395097088 2.62059 4.57152 0.55186 -0.21005 0.73266 0.33973 0.55106
1403638155495096832 2.61137 4.70087 0.55597 -0.21485 0.72634 0.34968 0.55136
1403638155595097088 2.59434 4.83010 0.55380 -0.22911 0.72127 0.35693 0.54761
1403638155695097088 2.57360 4.96122 0.54777 -0.24761 0.71316 0.36539 0.54460
1403638155795097088 2.54672 5.08888 0.53703 -0.26273 0.70569 0.37853 0.53823
1403638155895097088 2.50954 5.20593 0.52249 -0.27643 0.70001 0.39498 0.52685
1403638155995096832 2.46778 5.31754 0.50945 -0.28710 0.69657 0.41624 0.50903
1403638156095097088 2.40910 5.39321 0.50079 -0.29742 0.69162 0.43908 0.49032
1403638156195097088 2.36320 5.49489 0.50399 -0.30993 0.68464 0.45551 0.47720
1403638156295097088 2.31808 5.59511 0.51313 -0.31851 0.67822 0.47198 0.46455
1403638156395097088 2.27535 5.69502 0.52119 -0.32529 0.67377 0.48397 0.45387
1403638156495096832 2.22345 5.76067 0.52003 -0.33027 0.67055 0.49220 0.44613
1403638156595097088 2.16704 5.80427 0.51670 -0.33718 0.66547 0.49919 0.44075
1403638156695097088 2.12418 5.87168 0.50858 -0.34040 0.66318 0.50317 0.43719
1403638156795097088 2.09083 5.95761 0.49604 -0.34170 0.66170 0.50518 0.43610
1403638156895097088 2.05688 6.05282 0.47857 -0.34091 0.66202 0.50514 0.43628
1403638156995096832 2.03110 6.15953 0.46354 -0.33904 0.66351 0.50390 0.43691
1403638157095097088 2.01141 6.27339 0.45598 -0.33655 0.66653 0.50292 0.43536
1403638157195097088 1.98336 6.38600 0.45545 -0.33296 0.66950 0.50340 0.43300
1403638157295097088 1.96895 6.50678 0.46049 -0.33392 0.66960 0.50240 0.43327
1403638157395097088 1.94039 6.62698 0.47292 -0.33347 0.66528 0.50570 0.43643
1403638157495096832 1.92515 6.76037 0.48181 -0.33510 0.65944 0.50870 0.44053
1403638157595097088 1.91287 6.88984 0.48430 -0.34127 0.65067 0.51384 0.44286
1403638157695097088 1.88243 7.05360 0.47770 -0.34829 0.63744 0.52267 0.44629
1403638157795097088 1.87026 7.18108 0.48228 -0.35636 0.62346 0.53592 0.44397
1403638157895097088 1.85863 7.28722 0.49837 -0.36954 0.61044 0.54885 0.43540
1403638157995096832 1.83718 7.40759 0.51786 -0.38012 0.59900 0.56094 0.42668
1403638158095097088 1.81643 7.52706 0.53209 -0.38999 0.59393 0.56931 0.41357
1403638158195097088 1.79738 7.64831 0.54119 -0.39912 0.59048 0.57342 0.40401
1403638158295097088 1.77920 7.77837 0.54510 -0.40272 0.58599 0.57739 0.40132
1403638158395097088 1.76828 7.89270 0.54630 -0.40194 0.58232 0.58171 0.40121
1403638158495096832 1.75381 8.01653 0.54178 -0.39960 0.57778 0.58502 0.40526
1403638158595097088 1.73771 8.14278 0.53340 -0.39764 0.57513 0.58633 0.40905
1403638158695097088 1.71942 8.26782 0.52391 -0.39871 0.57549 0.58461 0.40997
1403638158795097088 1.69792 8.39074 0.51415 -0.39991 0.57995 0.58268 0.40524
1403638158895097088 1.67673 8.51257 0.51035 -0.39899 0.58620 0.58144 0.39887
1403638158995096832 1.65559 8.63575 0.51519 -0.39706 0.59114 0.58118 0.39386
1403638159095097088 1.63385 8.75854 0.52824 -0.39029 0.59733 0.58428 0.38663
1403638159195097088 1.61402 8.88444 0.54275 -0.38105 0.60456 0.58899 0.37735
1403638159295097088 1.59976 9.01941 0.55236 -0.38186 0.60467 0.58721 0.37914
1403638159395097088 1.58824 9.15938 0.55865 -0.39572 0.59813 0.57731 0.39032
1403638159495096832 1.57701 9.30208 0.56644 -0.41369 0.58970 0.56424 0.40342
1403638159595097088 1.56970 9.43989 0.57960 -0.43382 0.58666 0.54970 0.40677
1403638159695097088 1.56910 9.56848 0.60088 -0.44788 0.58629 0.53953 0.40567
1403638159795097088 1.57711 9.69028 0.62985 -0.45099 0.58491 0.53770 0.40666
1403638159895097088 1.59645 9.79305 0.66822 -0.44378 0.57897 0.54374 0.41497
1403638159995096832 1.62447 9.86836 0.71624 -0.43388 0.57341 0.55174 0.42253
1403638160095097088 1.66573 9.85846 0.77417 -0.42776 0.57161 0.55780 0.42326
1403638160195097088 1.69706 9.88050 0.83458 -0.41854 0.57536 0.56654 0.41571
1403638160295097088 1.72850 9.92147 0.90377 -0.40761 0.58209 0.57575 0.40439
1403638160395097088 1.75775 9.98284 0.98045 -0.39928 0.58586 0.58235 0.39776
1403638160495096832 1.78940 10.04207 1.05374 -0.39727 0.58766 0.58393 0.39478
1403638160595097088 1.81984 10.10926 1.12418 -0.39618 0.58839 0.58465 0.39373
1403638160695097088 1.84970 10.17652 1.18952 -0.39643 0.58864 0.58422 0.39374
1403638160795097088 1.87943 10.24840 1.25175 -0.40494 0.58865 0.57744 0.39508
1403638160895097088 1.91176 10.32341 1.31208 -0.41589 0.58977 0.56301 0.40278
1403638160995096832 1.94999 10.39059 1.36533 -0.41884 0.59358 0.54824 0.41432
1403638161095097088 1.99434 10.44469 1.41200 -0.41450 0.60190 0.53481 0.42413
1403638161195097088 2.03904 10.50025 1.45898 -0.40148 0.61385 0.52340 0.43365
1403638161295097088 2.08942 10.52976 1.49394 -0.38614 0.62908 0.50969 0.44201
1403638161395097088 2.13867 10.57584 1.53695 -0.36946 0.64526 0.49720 0.44714
1403638161495096832 2.18841 10.61789 1.57681 -0.35318 0.65902 0.49025 0.44790
1403638161595097088 2.24018 10.65351 1.61209 -0.34346 0.66831 0.48386 0.44864
1403638161695097088 2.29349 10.69709 1.64321 -0.34010 0.67540 0.47684 0.44810
1403638161795097088 2.34779 10.74331 1.67020 -0.34092 0.67865 0.46934 0.45048
1403638161895097088 2.40502 10.78955 1.69405 -0.34006 0.67967 0.46099 0.45813
1403638161995096832 2.46518 10.83166 1.71216 -0.33605 0.68302 0.45334 0.46372
1403638162095097088 2.52408 10.87435 1.73779 -0.33294 0.68633 0.44796 0.46629
1403638162195097088 2.58849 10.91841 1.76834 -0.33129 0.69168 0.44404 0.46331
1403638162295097088 2.65560 10.96031 1.79695 -0.32993 0.69592 0.44144 0.46041
1403638162395097088 2.72693 10.99791 1.82410 -0.33274 0.69796 0.43750 0.45906
1403638162495096832 2.80274 11.03854 1.84248 -0.33365 0.69676 0.43586 0.46177
1403638162595097088 2.88286 11.07291 1.86694 -0.33019 0.69492 0.43869 0.46434
1403638162695097088 2.96528 11.10945 1.88979 -0.32590 0.69276 0.44287 0.46663
1403638162795097088 3.05049 11.14051 1.92603 -0.32422 0.69415 0.44376 0.46487
1403638162895097088 3.13844 11.17123 1.96633 -0.32544 0.69737 0.43765 0.46499
1403638162995096832 3.23054 11.20095 2.01333 -0.33078 0.69664 0.42842 0.47089
1403638163095097088 3.32435 11.23274 2.05007 -0.33470 0.69487 0.41913 0.47903
1403638163195097088 3.42418 11.26007 2.07106 -0.32865 0.69846 0.41297 0.48333
1403638163295097088 3.52535 11.28247 2.07760 -0.31619 0.70375 0.40734 0.48871
1403638163395097088 3.63383 11.30484 2.07950 -0.30313 0.70909 0.39872 0.49632
1403638163495096832 3.74827 11.32607 2.08200 -0.29290 0.71548 0.38815 0.50164
1403638163595097088 3.85923 11.34283 2.09076 -0.28645 0.72060 0.37974 0.50447
1403638163695097088 3.96787 11.35835 2.10832 -0.28109 0.72303 0.37501 0.50753
1403638163795097088 4.07072 11.36681 2.13421 -0.27824 0.72404 0.37209 0.50980
1403638163895097088 4.17016 11.37024 2.16747 -0.27978 0.72504 0.36842 0.51021
1403638163995096832 4.26893 11.37149 2.20659 -0.28303 0.72774 0.36560 0.50659
1403638164095097088 4.36865 11.36931 2.25219 -0.28688 0.72928 0.36407 0.50329
1403638164195097088 4.47110 11.36424 2.29926 -0.29202 0.72909 0.36201 0.50209
1403638164295097088 4.57402 11.35385 2.34628 -0.29598 0.72716 0.36122 0.50315
1403638164395097088 4.68089 11.33614 2.38666 -0.29874 0.72557 0.36117 0.50386
1403638164495096832 4.79136 11.31502 2.42116 -0.30091 0.72517 0.36172 0.50273
1403638164595097088 4.90111 11.28807 2.45060 -0.30411 0.72571 0.36022 0.50110
1403638164695097088 5.02433 11.26461 2.47124 -0.30163 0.72773 0.35712 0.50189
1403638164795097088 5.14246 11.22814 2.49327 -0.29174 0.72561 0.35686 0.51091
1403638164895097088 5.27249 11.19022 2.51238 -0.27805 0.72025 0.36020 0.52362
1403638164995096832 5.40013 11.15388 2.52483 -0.27469 0.71802 0.35718 0.53048
1403638165095097088 5.51821 11.11392 2.53189 -0.28115 0.72052 0.34392 0.53246
1403638165195097088 5.62721 11.07243 2.52822 -0.27872 0.72826 0.33691 0.52768
1403638165295097088 5.73264 11.01275 2.52544 -0.27132 0.73987 0.33518 0.51637
1403638165395097088 5.84120 10.95260 2.51947 -0.27066 0.74676 0.32926 0.51056
1403638165495096832 5.94997 10.88527 2.51144 -0.26940 0.74437 0.32565 0.51700
1403638165595097088 6.05943 10.81482 2.49995 -0.26891 0.73640 0.32223 0.53063
1403638165695097088 6.17032 10.73009 2.49005 -0.26745 0.72691 0.32130 0.54483
1403638165795097088 6.27584 10.63970 2.47128 -0.26333 0.72355 0.32318 0.55017
1403638165895097088 6.36726 10.54771 2.44598 -0.25782 0.72930 0.32712 0.54281
1403638165995096832 6.45201 10.44791 2.42895 -0.25268 0.73553 0.33139 0.53416
1403638166095097088 6.53657 10.34416 2.42359 -0.24686 0.74096 0.33653 0.52611
1403638166195097088 6.62153 10.25147 2.42652 -0.24234 0.74249 0.34181 0.52264
1403638166295097088 6.70379 10.15777 2.45106 -0.24086 0.74164 0.34557 0.52205
1403638166395097088 6.78977 10.08650 2.49107 -0.23880 0.74089 0.34926 0.52160
1403638166495096832 6.85967 10.01261 2.54226 -0.23770 0.74092 0.35148 0.52057
1403638166595097088 6.93270 9.94276 2.58641 -0.23928 0.74038 0.35179 0.52041
1403638166695097088 7.00136 9.87904 2.62376 -0.24243 0.74149 0.35074 0.51808
1403638166795097088 7.06475 9.81540 2.65268 -0.24989 0.74628 0.34655 0.51041
1403638166895097088 7.14017 9.74985 2.66811 -0.25611 0.75692 0.34304 0.49376
1403638166995096832 7.21212 9.68463 2.68100 -0.25484 0.76534 0.34383 0.48072
1403638167095097088 7.29620 9.62109 2.69303 -0.24951 0.76821 0.34770 0.47614
1403638167195097088 7.38379 9.56626 2.71354 -0.24374 0.76654 0.35184 0.47876
1403638167295097088 7.47912 9.51849 2.74212 -0.23918 0.76366 0.35504 0.48328
1403638167395097088 7.58186 9.47726 2.77630 -0.23826 0.76209 0.35524 0.48606
1403638167495096832 7.68882 9.44199 2.80864 -0.24123 0.75996 0.35247 0.48994
1403638167595097088 7.80574 9.41018 2.83259 -0.24780 0.75691 0.34698 0.49527
1403638167695097088 7.92240 9.37909 2.84993 -0.25553 0.75733 0.33631 0.49805
1403638167795097088 8.04128 9.34685 2.86202 -0.25872 0.76037 0.32276 0.50073
1403638167895097088 8.16651 9.31086 2.87212 -0.25658 0.76530 0.30830 0.50343
1403638167995096832 8.29726 9.27578 2.87523 -0.24996 0.76989 0.29445 0.50802
1403638168095097088 8.43245 9.23943 2.88076 -0.24445 0.77337 0.28197 0.51249
1403638168195097088 8.57039 9.19638 2.89318 -0.23605 0.77638 0.27174 0.51737
1403638168295097088 8.70993 9.14783 2.91056 -0.22204 0.78031 0.26277 0.52227
1403638168395097088 8.85091 9.09338 2.93490 -0.20976 0.78305 0.25073 0.52911
1403638168495096832 8.99471 9.03758 2.96593 -0.19271 0.78714 0.24541 0.53202
1403638168595097088 9.13646 8.98288 2.98839 -0.17381 0.79258 0.24624 0.53006
1403638168695097088 9.28067 8.92980 3.00442 -0.15898 0.79630 0.24798 0.52833
1403638168795097088 9.42598 8.88357 3.01497 -0.15240 0.79831 0.24824 0.52712
1403638168895097088 9.57234 8.84690 3.01855 -0.14825 0.79980 0.24926 0.52556
1403638168995096832 9.71774 8.81590 3.01624 -0.14835 0.79969 0.25020 0.52525
1403638169095097088 9.86542 8.79299 3.01027 -0.15466 0.79398 0.24912 0.53256
1403638169195097088 10.01115 8.77240 2.99704 -0.16568 0.79017 0.24568 0.53649
1403638169295097088 10.15902 8.75832 2.97965 -0.17948 0.78822 0.23535 0.53955
1403638169395097088 10.30933 8.74196 2.95913 -0.19457 0.78618 0.21605 0.54533
1403638169495096832 10.46011 8.71637 2.93803 -0.19864 0.78500 0.19754 0.55254
1403638169595097088 10.60987 8.68057 2.92441 -0.19155 0.78554 0.18237 0.55945
1403638169695097088 10.75967 8.63313 2.91844 -0.17279 0.78927 0.17130 0.56379
1403638169795097088 10.90483 8.57650 2.91981 -0.14876 0.79293 0.16058 0.56864
1403638169895097088 11.04081 8.51517 2.92683 -0.12006 0.79588 0.15036 0.57406
1403638169995096832 11.17876 8.45023 2.94795 -0.09537 0.79271 0.13678 0.58635
1403638170095097088 11.30500 8.39050 2.96751 -0.08146 0.79007 0.11568 0.59647
1403638170195097088 11.42112 8.33235 2.97884 -0.07229 0.79223 0.09040 0.59915
1403638170295097088 11.53378 8.27664 2.98184 -0.06482 0.79564 0.06417 0.59887
1403638170395097088 11.63876 8.21659 2.97789 -0.05509 0.80082 0.03952 0.59506
1403638170495096832 11.73701 8.15420 2.96954 -0.04600 0.80473 0.01543 0.59165
1403638170595097088 11.83491 8.08895 2.96613 -0.04164 0.80353 -0.00999 0.59372
1403638170695097088 11.92813 8.01661 2.97139 -0.03212 0.79964 -0.03162 0.59879
1403638170795097088 12.01182 7.93935 2.98143 -0.01991 0.79826 -0.05006 0.59990
1403638170895097088 12.08583 7.85607 2.99262 -0.00554 0.79773 -0.06670 0.59929
1403638170995096832 12.14901 7.76738 2.99813 0.00916 0.79663 -0.08351 0.59860
1403638171095097088 12.20395 7.67521 2.99898 0.02071 0.79374 -0.09952 0.59971
1403638171195097088 12.23835 7.58096 2.99758 0.02838 0.79082 -0.11236 0.60097
1403638171295097088 12.26669 7.48312 2.99434 0.03370 0.78847 -0.12121 0.60207
1403638171395097088 12.28023 7.38346 2.99003 0.03677 0.78599 -0.12765 0.60380
1403638171495096832 12.28932 7.27803 2.98484 0.04009 0.78344 -0.13478 0.60535
1403638171595097088 12.28347 7.17048 2.97670 0.04209 0.78017 -0.14192 0.60780
1403638171695097088 12.27375 7.05515 2.96718 0.04336 0.77659 -0.15204 0.60985
1403638171795097088 12.25200 6.93487 2.95732 0.04704 0.77359 -0.16266 0.61065
1403638171895097088 12.21615 6.80971 2.95168 0.04880 0.76848 -0.17268 0.61420
1403638171995096832 12.16277 6.67905 2.95313 0.05745 0.76474 -0.17600 0.61717
1403638172095097088 12.09437 6.54408 2.96030 0.06526 0.76375 -0.17770 0.61714
1403638172195097088 12.01769 6.40449 2.96468 0.06890 0.76419 -0.17922 0.61575
1403638172295097088 11.92958 6.26329 2.95939 0.07246 0.76515 -0.17884 0.61426
1403638172395097088 11.83072 6.12080 2.94345 0.07353 0.76498 -0.17837 0.61448
1403638172495096832 11.72593 5.97050 2.91898 0.07170 0.76295 -0.17803 0.61731
1403638172595097088 11.61193 5.82319 2.88330 0.06947 0.76098 -0.17732 0.62020
1403638172695097088 11.48994 5.66417 2.84185 0.06460 0.76062 -0.17688 0.62129
1403638172795097088 11.35258 5.50891 2.79382 0.06202 0.76108 -0.17529 0.62143
1403638172895097088 11.20453 5.34935 2.74155 0.05791 0.76122 -0.17439 0.62192
1403638172995096832 11.04210 5.19163 2.68416 0.05020 0.76389 -0.17526 0.61906
1403638173095097088 10.86706 5.02884 2.62248 0.04293 0.76890 -0.17562 0.61328
1403638173195097088 10.68422 4.85835 2.55386 0.04176 0.77402 -0.17349 0.60750
1403638173295097088 10.49359 4.68199 2.47868 0.04765 0.77795 -0.16758 0.60369
1403638173395097088 10.29686 4.49851 2.39918 0.05940 0.78179 -0.15897 0.60000
1403638173495096832 10.09571 4.31771 2.30845 0.07297 0.78642 -0.15001 0.59474
1403638173595097088 9.89507 4.13660 2.21169 0.08252 0.78798 -0.14438 0.59282
1403638173695097088 9.69438 3.95400 2.11187 0.08432 0.78826 -0.14399 0.59228
1403638173795097088 9.49207 3.77566 2.00788 0.08366 0.78889 -0.14544 0.59118
1403638173895097088 9.28781 3.59552 1.90782 0.08464 0.79030 -0.14559 0.58912
1403638173995096832 9.08085 3.42348 1.81417 0.08416 0.78944 -0.14661 0.59010
1403638174095097088 8.86795 3.24860 1.72729 0.08326 0.79003 -0.14726 0.58927
1403638174195097088 8.65350 3.07648 1.64300 0.08435 0.79325 -0.14668 0.58492
1403638174295097088 8.43871 2.90868 1.55392 0.08303 0.79901 -0.14679 0.57718
1403638174395097088 8.22751 2.74286 1.45997 0.08224 0.80258 -0.14672 0.57234
1403638174495096832 8.01973 2.56914 1.36614 0.08094 0.80569 -0.14588 0.56835
1403638174595097088 7.81873 2.40772 1.27679 0.08277 0.80940 -0.14374 0.56334
1403638174695097088 7.62207 2.24687 1.19365 0.08469 0.81390 -0.14205 0.55697
1403638174795097088 7.43008 2.08432 1.11927 0.08504 0.81802 -0.14146 0.55100
1403638174895097088 7.24424 1.91914 1.05282 0.08690 0.82002 -0.13972 0.54818
1403638174995096832 7.06938 1.76464 0.99057 0.08722 0.82128 -0.14029 0.54609
1403638175095097088 6.90339 1.61190 0.93476 0.08838 0.81998 -0.14052 0.54779
1403638175195097088 6.74773 1.46063 0.88530 0.09149 0.81972 -0.14023 0.54774
1403638175295097088 6.60224 1.30982 0.84159 0.09364 0.82174 -0.14048 0.54428
1403638175395097088 6.46368 1.16505 0.80616 0.09585 0.82706 -0.14049 0.53577
1403638175495096832 6.33159 1.02027 0.77695 0.09935 0.83319 -0.13891 0.52596
1403638175595097088 6.20701 0.87300 0.75500 0.09964 0.84063 -0.13851 0.51403
1403638175695097088 6.10330 0.73246 0.74063 0.09751 0.84773 -0.13935 0.50242
1403638175795097088 6.01917 0.59545 0.73009 0.09603 0.85184 -0.13953 0.49566
1403638175895097088 5.95182 0.46273 0.71079 0.09816 0.85384 -0.13695 0.49251
1403638175995096832 5.90675 0.33005 0.67971 0.10563 0.85272 -0.12994 0.49480
1403638176095097088 5.88168 0.20916 0.65490 0.11385 0.84426 -0.12259 0.50914
1403638176195097088 5.86335 0.08925 0.63339 0.11634 0.82879 -0.11969 0.53408
1403638176295097088 5.85348 -0.02624 0.61720 0.11432 0.81620 -0.12095 0.55328
1403638176395097088 5.84570 -0.13389 0.60521 0.11460 0.81067 -0.12128 0.56123
1403638176495096832 5.84235 -0.23279 0.59798 0.11652 0.81032 -0.12063 0.56148
1403638176595097088 5.84364 -0.32089 0.59607 0.11717 0.81167 -0.12110 0.55928
1403638176695097088 5.84995 -0.40207 0.60051 0.11827 0.81242 -0.12113 0.55796
1403638176795097088 5.85828 -0.47910 0.60990 0.11686 0.81277 -0.12217 0.55751
1403638176895097088 5.86607 -0.55317 0.62597 0.11189 0.81296 -0.12567 0.55749
1403638176995096832 5.87571 -0.61914 0.63888 0.11269 0.81338 -0.12517 0.55682
1403638177095097088 5.88998 -0.68013 0.64601 0.11524 0.81459 -0.12351 0.55490
1403638177195097088 5.90611 -0.73473 0.64599 0.11844 0.81504 -0.12165 0.55397
1403638177295097088 5.92499 -0.78248 0.63946 0.11988 0.81507 -0.12084 0.55379
1403638177395097088 5.94638 -0.83659 0.62687 0.12019 0.81496 -0.12069 0.55391
1403638177495096832 5.97218 -0.87738 0.61086 0.11618 0.81494 -0.12452 0.55396
1403638177595097088 6.00121 -0.90514 0.59024 0.10317 0.81338 -0.13462 0.55647
1403638177695097088 6.03213 -0.93986 0.56528 0.09394 0.81188 -0.14273 0.55825
1403638177795097088 6.06427 -0.96712 0.53803 0.08677 0.80738 -0.15182 0.56352
1403638177895097088 6.09713 -1.00627 0.51112 0.08330 0.79955 -0.15742 0.57358
1403638177995096832 6.12623 -1.03757 0.48886 0.08431 0.79372 -0.15969 0.58086
1403638178095097088 6.14846 -1.07249 0.47420 0.09297 0.79018 -0.16066 0.58409
1403638178195097088 6.16474 -1.11119 0.46749 0.10198 0.78674 -0.16839 0.58504
1403638178295097088 6.17237 -1.15188 0.46840 0.11154 0.78160 -0.18230 0.58602
1403638178395097088 6.16991 -1.19871 0.47611 0.12293 0.77622 -0.19976 0.58520
1403638178495096832 6.16276 -1.23875 0.48029 0.13372 0.77306 -0.22213 0.57893
1403638178595097088 6.15120 -1.27893 0.47863 0.14354 0.77172 -0.24648 0.56841
1403638178695097088 6.13480 -1.31840 0.47350 0.15351 0.76764 -0.26954 0.56082
1403638178795097088 6.11185 -1.36138 0.46644 0.16579 0.76171 -0.28968 0.55534
1403638178895097088 6.08944 -1.40986 0.45590 0.17675 0.75958 -0.30609 0.54600
1403638178995096832 6.06376 -1.46107 0.44180 0.18368 0.76040 -0.31811 0.53559
1403638179095097088 6.03389 -1.51502 0.42730 0.19048 0.76293 -0.32463 0.52562
1403638179195097088 6.01578 -1.57694 0.40246 0.19903 0.76425 -0.33022 0.51697
1403638179295097088 5.99711 -1.64294 0.37590 0.20806 0.76513 -0.33638 0.50807
1403638179395097088 5.98109 -1.71365 0.34761 0.21867 0.76068 -0.34578 0.50397
1403638179495096832 5.96748 -1.78871 0.31985 0.22912 0.74681 -0.35968 0.51031
1403638179595097088 5.95774 -1.86351 0.28672 0.24195 0.73291 -0.37575 0.51294
1403638179695097088 5.93882 -1.93644 0.25787 0.25475 0.72056 -0.39280 0.51148
1403638179795097088 5.92815 -2.01517 0.23472 0.26804 0.70970 -0.41047 0.50595
1403638179895097088 5.91136 -2.08987 0.21960 0.28076 0.69942 -0.42778 0.49899
1403638179995096832 5.89581 -2.16662 0.20930 0.28733 0.69490 -0.44379 0.48745
1403638180095097088 5.87293 -2.24644 0.20658 0.28960 0.69129 -0.45671 0.47924
1403638180195097088 5.84600 -2.32894 0.20965 0.29358 0.68776 -0.46339 0.47546
1403638180295097088 5.81769 -2.41416 0.20966 0.29521 0.68632 -0.46767 0.47234
1403638180395097088 5.79483 -2.50125 0.19876 0.29632 0.68603 -0.46956 0.47019
1403638180495096832 5.77572 -2.58979 0.18267 0.29962 0.68729 -0.46804 0.46776
1403638180595097088 5.75645 -2.68357 0.16100 0.30224 0.68906 -0.46543 0.46607
1403638180695097088 5.73612 -2.77819 0.14442 0.30217 0.69290 -0.46356 0.46227
1403638180795097088 5.71938 -2.87625 0.13081 0.29839 0.69742 -0.46333 0.45814
1403638180895097088 5.70698 -2.98056 0.12800 0.29498 0.69923 -0.46224 0.45870
1403638180995096832 5.69726 -3.08924 0.12252 0.29228 0.69885 -0.46110 0.46214
1403638181095097088 5.68929 -3.20130 0.11658 0.28983 0.69820 -0.45969 0.46605
1403638181195097088 5.68055 -3.31845 0.09954 0.28759 0.69573 -0.45902 0.47176
1403638181295097088 5.67182 -3.43870 0.07954 0.28785 0.68769 -0.46054 0.48180
1403638181395097088 5.65853 -3.56447 0.05496 0.29134 0.67666 -0.46774 0.48834
1403638181495096832 5.64431 -3.68500 0.02418 0.29687 0.66180 -0.48095 0.49252
1403638181595097088 5.62161 -3.81049 -0.00713 0.31127 0.64089 -0.49277 0.49955
1403638181695097088 5.58756 -3.93020 -0.03349 0.32816 0.62944 -0.50466 0.49136
1403638181795097088 5.54316 -4.04839 -0.04968 0.34345 0.62205 -0.51773 0.47649
1403638181895097088 5.49406 -4.16599 -0.05893 0.35809 0.61734 -0.53045 0.45747
1403638181995096832 5.44297 -4.27197 -0.06238 0.36525 0.61186 -0.54408 0.44293
1403638182095097088 5.38879 -4.38196 -0.05575 0.36628 0.60858 -0.55620 0.43139
1403638182195097088 5.33424 -4.49665 -0.04166 0.36661 0.60589 -0.56498 0.42343
1403638182295097088 5.28141 -4.60546 -0.03417 0.36134 0.60237 -0.57420 0.42058
1403638182395097088 5.22676 -4.71684 -0.03005 0.35639 0.60042 -0.57999 0.41964
1403638182495096832 5.16995 -4.83575 -0.02111 0.35924 0.60506 -0.57849 0.41255
1403638182595097088 5.11014 -4.94959 -0.00603 0.36531 0.61195 -0.57333 0.40418
1403638182695097088 5.05365 -5.06779 0.01992 0.36651 0.61586 -0.57033 0.40138
1403638182795097088 5.00022 -5.17424 0.05427 0.36594 0.61639 -0.56868 0.40342
1403638182895097088 4.94653 -5.30136 0.07595 0.36649 0.61561 -0.56605 0.40779
1403638182995096832 4.89329 -5.42941 0.09562 0.36944 0.61277 -0.56198 0.41498
1403638183095097088 4.84644 -5.56283 0.10791 0.37464 0.61063 -0.55663 0.42064
1403638183195097088 4.80061 -5.69693 0.11455 0.37991 0.61113 -0.55176 0.42160
1403638183295097088 4.75476 -5.83424 0.11194 0.37956 0.61596 -0.55096 0.41590
1403638183395097088 4.71180 -5.96200 0.10787 0.37345 0.62041 -0.55469 0.40982
1403638183495096832 4.67064 -6.10420 0.09866 0.37036 0.62525 -0.55651 0.40272
1403638183595097088 4.63322 -6.24133 0.08723 0.36907 0.62768 -0.55713 0.39926
1403638183695097088 4.60002 -6.38436 0.07991 0.37489 0.62513 -0.55305 0.40351
1403638183795097088 4.57157 -6.53119 0.08289 0.38281 0.62009 -0.54771 0.41105
1403638183895097088 4.54921 -6.66693 0.09021 0.39045 0.61546 -0.54264 0.41750
1403638183995096832 4.53319 -6.80898 0.09638 0.39143 0.61451 -0.54252 0.41813
1403638184095097088 4.51959 -6.94426 0.10975 0.38720 0.61627 -0.54599 0.41494
1403638184195097088 4.50630 -7.06807 0.12891 0.38075 0.61992 -0.55131 0.40839
1403638184295097088 4.50670 -7.20906 0.13383 0.37782 0.62119 -0.55440 0.40499
1403638184395097088 4.49776 -7.33728 0.14433 0.38072 0.61900 -0.55282 0.40777
1403638184495096832 4.49410 -7.47787 0.14348 0.38510 0.61708 -0.55004 0.41032
1403638184595097088 4.49604 -7.61088 0.14324 0.38693 0.61518 -0.54934 0.41238
1403638184695097088 4.46565 -7.74912 0.18916 0.38686 0.61493 -0.54876 0.41360
1403638184795097088 4.47889 -7.86960 0.19247 0.38663 0.61330 -0.54966 0.41503
1403638184895097088 4.48776 -7.99800 0.19772 0.38781 0.61382 -0.54948 0.41340
1403638184995096832 4.51716 -8.13130 0.18243 0.38928 0.61209 -0.54915 0.41502
1403638185095097088 4.52298 -8.25868 0.19717 0.38883 0.61293 -0.54918 0.41416
1403638185195097088 4.53982 -8.39232 0.20156 0.38944 0.61416 -0.54829 0.41293
1403638185295097088 4.56259 -8.50681 0.21630 0.39266 0.61642 -0.54578 0.40984
1403638185395097088 4.58615 -8.63023 0.22777 0.39652 0.61788 -0.54149 0.40961
1403638185495096832 4.61976 -8.74821 0.23448 0.39948 0.62137 -0.53192 0.41397
1403638185595097088 4.65615 -8.87404 0.24568 0.39766 0.62778 -0.52046 0.42057
1403638185695097088 4.70136 -8.98768 0.25586 0.39362 0.63283 -0.51095 0.42839
1403638185795097088 4.75034 -9.10116 0.26666 0.38141 0.63438 -0.50940 0.43886
1403638185895097088 4.79858 -9.23205 0.27529 0.35896 0.63334 -0.51757 0.44962
1403638185995096832 4.85378 -9.29782 0.26043 0.34492 0.63287 -0.52290 0.45507
1403638186095097088 4.89949 -9.39237 0.25298 0.34459 0.63799 -0.52042 0.45099
1403638186195097088 4.93613 -9.51530 0.24861 0.34898 0.64260 -0.51575 0.44642
1403638186295097088 4.98494 -9.61357 0.23753 0.35200 0.64456 -0.51358 0.44370
1403638186395097088 5.03073 -9.70255 0.23674 0.35417 0.64586 -0.51258 0.44124
1403638186495096832 5.06999 -9.78079 0.22019 0.35609 0.64504 -0.51146 0.44219
1403638186595097088 5.11213 -9.86442 0.22068 0.35890 0.64620 -0.51040 0.43943
1403638186695097088 5.15442 -9.95066 0.20856 0.36304 0.64793 -0.50818 0.43605
1403638186795097088 5.20192 -9.88887 0.18255 0.36997 0.65074 -0.50205 0.43313
1403638186895097088 5.24598 -10.08855 0.17542 0.36843 0.65939 -0.49205 0.43284
1403638186995096832 5.33448 -10.18061 0.18758 0.36254 0.66744 -0.48261 0.43610
1403638187095097088 5.41206 -10.26444 0.18021 0.34821 0.67391 -0.46930 0.45205
1403638187195097088 5.47725 -10.32343 0.19260 0.33325 0.68051 -0.45078 0.47186
1403638187295097088 5.55784 -10.41316 0.20461 0.31967 0.68745 -0.42894 0.49116
1403638187395097088 5.63941 -10.50973 0.22138 0.30896 0.69363 -0.40875 0.50631
1403638187495096832 5.74221 -10.66442 0.20989 0.29996 0.69968 -0.39347 0.51541
1403638187595097088 5.85464 -10.77538 0.22070 0.29136 0.70774 -0.38632 0.51475
1403638187695097088 5.92908 -10.85304 0.23262 0.28449 0.71527 -0.38314 0.51054
1403638187795097088 5.99867 -10.92625 0.23611 0.28364 0.72009 -0.37933 0.50708
1403638187895097088 6.06478 -11.01343 0.24113 0.28815 0.72267 -0.37428 0.50461
1403638187995096832 6.13955 -11.07031 0.24080 0.29579 0.72116 -0.36985 0.50561
1403638188095097088 6.21593 -11.11967 0.23656 0.30462 0.71923 -0.36549 0.50629
1403638188195097088 6.31655 -11.22965 0.21030 0.31147 0.71653 -0.36215 0.50835
1403638188295097088 6.39218 -11.29271 0.19205 0.31108 0.70637 -0.36295 0.52206
1403638188395097088 6.47547 -11.34067 0.17339 0.31026 0.69343 -0.36416 0.53877
1403638188495096832 6.55323 -11.37592 0.14958 0.30894 0.68371 -0.36562 0.55083
1403638188595097088 6.62297 -11.38636 0.12460 0.30766 0.67836 -0.36574 0.55804
1403638188695097088 6.65625 -11.34787 0.08685 0.30296 0.68224 -0.36310 0.55761
1403638188795097088 6.65015 -11.27013 0.05103 0.29393 0.69179 -0.35999 0.55267
1403638188895097088 6.62174 -11.16895 0.02832 0.28598 0.69942 -0.35670 0.54936
1403638188995096832 6.59717 -11.05977 0.02797 0.28017 0.70527 -0.35398 0.54663
1403638189095097088 6.53195 -10.91712 0.03655 0.27158 0.70933 -0.34813 0.54945
1403638189195097088 6.50664 -10.77537 0.06085 0.26177 0.71410 -0.33965 0.55333
1403638189295097088 6.49482 -10.64015 0.07545 0.24919 0.72200 -0.32865 0.55553
1403638189395097088 6.41008 -10.49699 0.07655 0.23313 0.73635 -0.31593 0.55102
1403638189495096832 6.38187 -10.38076 0.07472 0.22022 0.75099 -0.30795 0.54100
1403638189595097088 6.29349 -10.23121 0.08382 0.20926 0.75996 -0.30038 0.53707
1403638189695097088 6.25604 -10.11307 0.09586 0.20048 0.76643 -0.29821 0.53241
1403638189795097088 6.21843 -9.99803 0.10387 0.19252 0.77177 -0.29942 0.52694
1403638189895097088 6.18152 -9.88707 0.10556 0.18957 0.77715 -0.29956 0.51997
1403638189995096832 6.14738 -9.78152 0.10272 0.18971 0.77852 -0.29941 0.51795
1403638190095097088 6.11614 -9.68126 0.09615 0.19378 0.77317 -0.29731 0.52560
1403638190195097088 6.08674 -9.58484 0.08415 0.20097 0.76554 -0.29385 0.53592
1403638190295097088 5.87427 -9.70176 0.13778 0.20439 0.76202 -0.27410 0.54992
1403638190395097088 5.84505 -9.62132 0.13625 0.21760 0.75951 -0.25846 0.55587
1403638190495096832 5.79482 -9.53738 0.11756 0.22227 0.76139 -0.24557 0.55729
1403638190595097088 5.75766 -9.37107 0.08648 0.21879 0.76378 -0.24201 0.55695
1403638190695097088 5.72334 -9.23680 0.06739 0.21320 0.76526 -0.24082 0.55761
1403638190795097088 5.68058 -9.07836 0.05933 0.20608 0.76512 -0.24188 0.56001
1403638190895097088 5.62784 -8.94689 0.04480 0.19477 0.76555 -0.24592 0.56171
1403638190995096832 5.56634 -8.79678 0.04227 0.18958 0.76543 -0.24712 0.56313
1403638191095097088 5.51690 -8.57884 0.06965 0.19055 0.76184 -0.24745 0.56750
1403638191195097088 5.45424 -8.39361 0.09209 0.18900 0.76548 -0.24929 0.56229
1403638191295097088 5.38375 -8.23382 0.10751 0.18440 0.77271 -0.25303 0.55217
1403638191395097088 5.31072 -8.07241 0.12561 0.18470 0.77743 -0.25359 0.54514
1403638191495096832 5.23718 -7.91078 0.13933 0.18384 0.77876 -0.25542 0.54267
1403638191595097088 5.16427 -7.74989 0.14742 0.18613 0.77880 -0.25499 0.54204
1403638191695097088 5.15486 -7.60784 0.19296 0.19152 0.77951 -0.25442 0.53940
1403638191795097088 5.09206 -7.44615 0.19225 0.19754 0.78065 -0.25102 0.53717
1403638191895097088 5.05515 -7.31115 0.20112 0.20001 0.78120 -0.25012 0.53588
1403638191995096832 5.04965 -7.21477 0.22154 0.19942 0.78134 -0.25093 0.53551
1403638192095097088 5.00188 -7.05771 0.22671 0.20092 0.78130 -0.24997 0.53546
1403638192195097088 5.01293 -6.94333 0.26148 0.19922 0.77970 -0.25174 0.53759
1403638192295097088 4.99547 -6.80719 0.30512 0.19759 0.77501 -0.25243 0.54461
1403638192395097088 4.95184 -6.65645 0.35263 0.19658 0.77073 -0.25187 0.55126
1403638192495096832 4.93514 -6.50779 0.39267 0.19605 0.76848 -0.25204 0.55451
1403638192595097088 4.90109 -6.34766 0.44322 0.19761 0.76494 -0.25084 0.55937
1403638192695097088 4.86476 -6.17946 0.48159 0.19905 0.75743 -0.25017 0.56930
1403638192795097088 4.82324 -6.01163 0.52499 0.19978 0.75021 -0.24975 0.57871
1403638192895097088 4.77448 -5.83857 0.56324 0.19677 0.74177 -0.25127 0.58985
1403638192995096832 4.71599 -5.66049 0.59812 0.18899 0.72928 -0.25473 0.60625
1403638193095097088 4.60544 -5.44619 0.63177 0.17983 0.72658 -0.25382 0.61263
1403638193195097088 4.49774 -5.25862 0.67181 0.17467 0.73668 -0.24681 0.60488
1403638193295097088 4.36545 -5.06359 0.71982 0.17223 0.74574 -0.23856 0.59774
1403638193395097088 4.23615 -4.86676 0.77737 0.17536 0.75184 -0.22916 0.59285
1403638193495096832 3.97984 -4.69979 0.83437 0.17369 0.75325 -0.21984 0.59508
1403638193595097088 3.82323 -4.50052 0.88883 0.17261 0.75520 -0.21696 0.59398
1403638193695097088 3.65888 -4.29701 0.93489 0.16926 0.76292 -0.21754 0.58478
1403638193795097088 3.48793 -4.09063 0.97369 0.16390 0.77043 -0.22023 0.57538
1403638193895097088 3.31215 -3.88277 1.00704 0.16237 0.77465 -0.22154 0.56963
1403638193995096832 3.13364 -3.67407 1.03537 0.16068 0.77698 -0.22308 0.56632
1403638194095097088 2.95384 -3.46550 1.05956 0.16322 0.77487 -0.22222 0.56881
1403638194195097088 2.77234 -3.25685 1.07866 0.16611 0.76933 -0.22122 0.57584
1403638194295097088 2.60114 -2.95450 1.13213 0.16956 0.76544 -0.22284 0.57939
1403638194395097088 2.41319 -2.72236 1.14399 0.16722 0.76902 -0.22552 0.57427
1403638194495096832 2.22019 -2.50186 1.16212 0.16396 0.77292 -0.22863 0.56871
1403638194595097088 2.02248 -2.27726 1.18684 0.16350 0.77664 -0.22992 0.56323
1403638194695097088 1.82166 -2.05433 1.19167 0.16188 0.78229 -0.23190 0.55502
1403638194795097088 1.62176 -1.82965 1.21658 0.16200 0.78630 -0.23301 0.54881
1403638194895097088 1.42383 -1.60829 1.23487 0.16241 0.78937 -0.23391 0.54388
1403638194995096832 1.22817 -1.38913 1.24750 0.16245 0.79098 -0.23428 0.54136
1403638195095097088 1.03499 -1.17216 1.25434 0.16271 0.79213 -0.23416 0.53965
1403638195195097088 0.84521 -0.95732 1.25563 0.16028 0.79550 -0.23620 0.53452
1403638195295097088 0.68738 -0.72075 1.21901 0.15588 0.80340 -0.24023 0.52205
1403638195395097088 0.51057 -0.51192 1.21054 0.15468 0.80583 -0.24105 0.51827
1403638195495096832 0.34115 -0.30891 1.20257 0.15812 0.79696 -0.23882 0.53180
1403638195595097088 0.17553 -0.10882 1.19150 0.16195 0.78734 -0.23592 0.54609
1403638195695097088 0.04044 0.17517 1.18922 0.16451 0.78430 -0.23584 0.54972
1403638195795097088 -0.10353 0.40097 1.17923 0.16297 0.78606 -0.23711 0.54711
1403638195895097088 -0.25557 0.60868 1.17476 0.16161 0.79110 -0.23770 0.53994
1403638195995096832 -0.37608 0.84548 1.17668 0.16006 0.79553 -0.23957 0.53303
1403638196095097088 -0.47794 1.10153 1.19913 0.16158 0.79548 -0.24029 0.53232
1403638196195097088 -0.55871 1.34612 1.22997 0.16533 0.79073 -0.23910 0.53875
1403638196295097088 -0.69592 1.54179 1.25926 0.16746 0.78570 -0.23713 0.54626
1403638196395097088 -0.82409 1.74682 1.28504 0.16761 0.78400 -0.23697 0.54872
1403638196495096832 -0.95205 1.95206 1.30323 0.16704 0.78447 -0.23781 0.54786
1403638196595097088 -1.07990 2.15710 1.31356 0.16429 0.78757 -0.24046 0.54307
1403638196695097088 -1.20695 2.36028 1.31661 0.16065 0.79366 -0.24387 0.53368
1403638196795097088 -1.23311 2.55826 1.34960 0.16125 0.79618 -0.24543 0.52901
1403638196895097088 -1.33687 2.75114 1.35520 0.16262 0.79374 -0.24494 0.53249
1403638196995096832 -1.31474 2.91671 1.41723 0.16634 0.78880 -0.24410 0.53902
1403638197095097088 -1.40948 3.10639 1.43292 0.16816 0.78521 -0.24305 0.54414
1403638197195097088 -1.52698 3.18865 1.50418 0.16941 0.78451 -0.23985 0.54619
1403638197295097088 -1.60075 3.33725 1.55351 0.17684 0.78244 -0.23428 0.54921
1403638197395097088 -1.69934 3.51921 1.59357 0.18570 0.77998 -0.22805 0.55239
1403638197495096832 -1.79391 3.70288 1.64130 0.18932 0.77789 -0.22539 0.55520
1403638197595097088 -1.89020 3.89253 1.69484 0.18827 0.77659 -0.22571 0.55724
1403638197695097088 -1.98736 4.08713 1.75327 0.18841 0.77641 -0.22537 0.55758
1403638197795097088 -2.10504 4.24876 1.83055 0.18699 0.77659 -0.22487 0.55801
1403638197895097088 -2.20669 4.44869 1.88210 0.18281 0.77299 -0.22697 0.56352
1403638197995096832 -2.31025 4.65228 1.92501 0.18188 0.76377 -0.22659 0.57640
1403638198095097088 -2.41864 4.85967 1.94859 0.18081 0.76124 -0.22695 0.57992
1403638198195097088 -2.36723 5.03653 1.97629 0.17904 0.76425 -0.23049 0.57510
1403638198295097088 -2.48002 5.25727 1.96532 0.17873 0.76769 -0.23075 0.57050
1403638198395097088 -2.56459 5.44631 1.95656 0.17989 0.77168 -0.22981 0.56510
1403638198495096832 -2.59590 5.56414 1.95277 0.18508 0.77548 -0.22605 0.55972
1403638198595097088 -2.66547 5.71578 1.93797 0.19769 0.77826 -0.21651 0.55530
1403638198695097088 -2.79304 5.95329 1.90902 0.21483 0.77765 -0.20382 0.55459
1403638198795097088 -2.86265 6.11792 1.88284 0.22717 0.77612 -0.19392 0.55535
1403638198895097088 -2.96335 6.35388 1.87494 0.22985 0.77571 -0.19117 0.55578
1403638198995096832 -3.06531 6.61323 1.87572 0.22727 0.77687 -0.19303 0.55458
1403638199095097088 -3.16522 6.88751 1.88639 0.22388 0.77751 -0.19573 0.55411
1403638199195097088 -3.26241 7.17550 1.90841 0.22145 0.77635 -0.19809 0.55588
1403638199295097088 -3.35769 7.47656 1.94169 0.22001 0.77276 -0.19900 0.56111
1403638199395097088 -3.45286 7.79011 1.98070 0.22239 0.77160 -0.19778 0.56220
1403638199495096832 -3.54961 8.11691 2.02635 0.22636 0.77387 -0.19613 0.55806
1403638199595097088 -3.64384 8.45655 2.07802 0.22669 0.77809 -0.19256 0.55327
1403638199695097088 -3.73564 8.80958 2.13478 0.21744 0.78069 -0.18841 0.55476
1403638199795097088 -3.21795 8.15174 1.96313 0.19322 0.78779 -0.18912 0.55343
1403638199895097088 -3.09072 8.10012 1.94881 0.17541 0.79143 -0.19019 0.55380
1403638199995096832 -2.97965 8.19935 1.95862 0.16514 0.79368 -0.18854 0.55431
1403638200095097088 -2.90383 8.37862 1.98242 0.15932 0.79667 -0.17953 0.55471
1403638200195097088 -2.88925 8.59489 2.00930 0.15818 0.79722 -0.16221 0.55956
1403638200295097088 -2.89036 8.81897 2.04380 0.15089 0.79498 -0.14516 0.56936
1403638200395097088 -2.88493 9.03681 2.08788 0.14203 0.79389 -0.12824 0.57716
1403638200495096832 -2.87934 9.24648 2.14046 0.13992 0.79718 -0.11011 0.57689
1403638200595097088 -2.88114 9.47861 2.19702 0.13660 0.80076 -0.09445 0.57551
1403638200695097088 -2.88285 9.72324 2.25979 0.13536 0.80352 -0.07550 0.57475
1403638200795097088 -2.88453 9.98263 2.32203 0.13008 0.80789 -0.06372 0.57125
1403638200895097088 -2.88389 10.25177 2.37882 0.12211 0.81158 -0.05935 0.56825
1403638200995096832 -2.88203 10.52721 2.42905 0.10589 0.81211 -0.06464 0.57016
1403638201095097088 -2.88126 10.80958 2.47157 0.09391 0.81153 -0.07004 0.57245
1403638201195097088 -2.87999 11.09294 2.50660 0.08832 0.81119 -0.07382 0.57334
1403638201295097088 -2.87785 11.38061 2.53362 0.08629 0.81074 -0.07699 0.57387
1403638201395097088 -2.87643 11.66448 2.55545 0.08889 0.81115 -0.07691 0.57290
1403638201495096832 -2.87608 11.94838 2.56899 0.08954 0.80989 -0.07894 0.57431
1403638201595097088 -2.87848 12.23373 2.57392 0.09310 0.80835 -0.07900 0.57590
1403638201695097088 -2.88200 12.51747 2.56917 0.09284 0.80686 -0.08097 0.57776
1403638201795097088 -2.88128 12.79304 2.55816 0.09455 0.80681 -0.08144 0.57748
1403638201895097088 -2.88758 13.07711 2.54181 0.09277 0.80687 -0.08293 0.57747
1403638201995096832 -2.88777 13.33400 2.52046 0.08834 0.80808 -0.07829 0.57712
1403638202095097088 -2.90023 13.60391 2.50470 0.07757 0.80977 -0.07578 0.57664
1403638202195097088 -2.91821 13.87222 2.49479 0.06551 0.81362 -0.07567 0.57272
1403638202295097088 -2.93593 14.13592 2.49012 0.05745 0.81863 -0.07459 0.56655
1403638202395097088 -2.94940 14.38361 2.48877 0.05331 0.82032 -0.07281 0.56474
1403638202495096832 -2.96255 14.64176 2.48779 0.05074 0.82108 -0.07152 0.56403
1403638202595097088 -2.96535 14.87068 2.47214 0.04603 0.82186 -0.07306 0.56310
1403638202695097088 -2.96855 15.10346 2.45416 0.04495 0.82316 -0.07344 0.56125
1403638202795097088 -2.96717 15.33170 2.43084 0.04622 0.82270 -0.07287 0.56189
1403638202895097088 -2.96571 15.55727 2.40536 0.04800 0.82140 -0.07214 0.56373
1403638202995096832 -2.96793 15.78230 2.38418 0.04698 0.82054 -0.07358 0.56488
1403638203095097088 -2.96270 15.98836 2.36112 0.04637 0.81986 -0.07404 0.56586
1403638203195097088 -2.95746 16.19609 2.34953 0.04996 0.81720 -0.07195 0.56966
1403638203295097088 -2.95862 16.40341 2.34860 0.05079 0.81428 -0.07123 0.57384
1403638203395097088 -2.96155 16.60605 2.34943 0.04922 0.81299 -0.07198 0.57572
1403638203495096832 -2.95098 16.80159 2.33465 0.04763 0.81304 -0.07332 0.57561
1403638203595097088 -2.95431 16.99426 2.32461 0.04470 0.81329 -0.07538 0.57523
1403638203695097088 -2.95876 17.18115 2.31815 0.04421 0.81445 -0.07545 0.57361
1403638203795097088 -2.93522 17.34907 2.30093 0.04569 0.81449 -0.07431 0.57358
1403638203895097088 -2.93893 17.52259 2.30694 0.04607 0.81407 -0.07321 0.57429
1403638203995096832 -2.94406 17.69063 2.31840 0.04443 0.81467 -0.07301 0.57359
1403638204095097088 -2.95132 17.85598 2.33472 0.04257 0.81696 -0.07286 0.57049
1403638204195097088 -2.96660 18.03345 2.34833 0.03711 0.81943 -0.07570 0.56695
1403638204295097088 -2.98309 18.20480 2.37384 0.02809 0.82275 -0.08206 0.56175
1403638204395097088 -2.98945 18.35507 2.40521 0.01730 0.82692 -0.09067 0.55470
1403638204495096832 -3.01184 18.52921 2.43181 0.01341 0.82799 -0.09538 0.55240
1403638204595097088 -3.04019 18.71035 2.45634 0.01227 0.82590 -0.09621 0.55541
1403638204695097088 -3.05663 18.86512 2.47344 0.01228 0.82595 -0.08883 0.55656
1403638204795097088 -3.08468 19.00232 2.48762 0.01456 0.82685 -0.07166 0.55764
1403638204895097088 -3.09784 19.12037 2.49328 0.01803 0.82584 -0.04457 0.56185
1403638204995096832 -3.10921 19.23072 2.49043 0.01066 0.82565 -0.01474 0.56390
1403638205095097088 -3.11117 19.34259 2.48164 -0.00373 0.82481 0.02003 0.56504
1403638205195097088 -3.11299 19.45050 2.47400 -0.02917 0.82214 0.05669 0.56571
1403638205295097088 -3.11414 19.55587 2.47278 -0.05702 0.81695 0.09712 0.56561
1403638205395097088 -3.12175 19.65852 2.47773 -0.08536 0.80792 0.13775 0.56657
1403638205495096832 -3.12470 19.75612 2.48959 -0.10416 0.79678 0.17631 0.56852
