1403638130245096960 -0.00762 0.00359 0.18059 -0.04377 0.82034 0.00456 0.57018
1403638130345096960 -0.01491 0.00124 0.21823 -0.05446 0.81254 -0.00227 0.58035
1403638130445096960 -0.02431 -0.00106 0.25807 -0.06497 0.80743 -0.00668 0.58633
1403638130545097216 -0.03883 -0.00487 0.29482 -0.06041 0.80911 0.00447 0.58452
1403638130645096960 -0.05528 -0.01044 0.33089 -0.05802 0.80517 0.00589 0.59016
1403638130745096960 -0.07676 -0.02009 0.36501 -0.07136 0.79575 -0.00697 0.60137
1403638130845096960 -0.10262 -0.03288 0.39296 -0.08434 0.79106 -0.01380 0.60574
1403638130945096960 -0.12751 -0.05192 0.40669 -0.08811 0.78525 -0.01687 0.61265
1403638131045097216 -0.15745 -0.06716 0.41059 -0.08628 0.77318 -0.02571 0.62777
1403638131145096960 -0.18331 -0.08536 0.38118 -0.08102 0.77421 -0.02336 0.62729
1403638131245096960 -0.21080 -0.09482 0.33286 -0.06718 0.78658 -0.00982 0.61374
1403638131345096960 -0.22157 -0.08781 0.26833 -0.05881 0.79461 -0.00312 0.60426
1403638131445096960 -0.21029 -0.07923 0.18616 -0.05487 0.79569 -0.00679 0.60318
1403638131545097216 -0.18548 -0.06694 0.11859 -0.04419 0.79977 -0.00503 0.59866
1403638131645096960 -0.18491 -0.06189 0.06507 -0.03932 0.80416 -0.00234 0.59310
1403638131745096960 -0.16210 -0.05136 0.02251 -0.03240 0.80592 0.00001 0.59113
1403638131845096960 -0.12555 -0.03770 -0.00916 -0.01819 0.80952 0.00477 0.58679
1403638131945096960 -0.11212 -0.03064 -0.02649 -0.01011 0.81186 0.00678 0.58373
1403638132045097216 -0.08339 -0.02673 -0.02162 -0.00005 0.81792 0.01917 0.57502
1403638132145096960 -0.07645 -0.02331 0.00429 0.00677 0.82415 0.03227 0.56542
1403638132245096960 -0.07690 -0.02250 0.03121 -0.00000 0.81951 0.03014 0.57228
1403638132345096960 -0.02895 -0.01143 0.14547 -0.00940 0.81402 0.02287 0.58031
1403638132445096960 -0.02728 -0.00715 0.20777 -0.02641 0.80989 0.01598 0.58577
1403638132545097216 -0.02665 -0.00484 0.26571 -0.04748 0.79685 0.00145 0.60231
1403638132645096960 -0.02417 -0.00043 0.31415 -0.06087 0.78714 -0.00821 0.61370
1403638132745096960 -0.02204 0.00828 0.34692 -0.06437 0.79388 -0.00854 0.60459
1403638132845096960 -0.02150 0.01684 0.36844 -0.06757 0.79276 -0.01299 0.60563
1403638132945096960 -0.02582 0.01757 0.37179 -0.07551 0.78338 -0.02082 0.61659
1403638133045097216 -0.02675 0.01256 0.35893 -0.07502 0.78287 -0.01180 0.61753
1403638133145096960 -0.02758 -0.00481 0.33775 -0.06435 0.78926 -0.00167 0.61068
1403638133245096960 -0.02524 -0.03141 0.31539 -0.05169 0.79115 -0.00768 0.60939
1403638133345096960 -0.02845 -0.06896 0.29206 -0.03333 0.79515 -0.01653 0.60528
1403638133445096960 -0.03490 -0.11265 0.27002 -0.01354 0.80065 -0.02577 0.59842
1403638133545097216 -0.04526 -0.15634 0.25178 0.00102 0.80137 -0.04604 0.59639
1403638133645096960 -0.05988 -0.19920 0.23374 0.00236 0.80412 -0.06644 0.59074
1403638133745096960 -0.07633 -0.23621 0.21728 0.00990 0.80708 -0.08226 0.58460
1403638133845096960 -0.08956 -0.26839 0.20006 0.02757 0.80851 -0.09260 0.58050
1403638133945096960 -0.09202 -0.28644 0.18679 0.03839 0.80968 -0.10012 0.57700
1403638134045097216 -0.07967 -0.28494 0.18101 0.04259 0.80925 -0.10118 0.57711
1403638134145096960 -0.05345 -0.26967 0.18040 0.04548 0.81422 -0.09176 0.57145
1403638134245096960 -0.02258 -0.24373 0.18483 0.04477 0.80831 -0.09391 0.57950
1403638134345096960 0.01196 -0.20716 0.19054 0.03858 0.80397 -0.10094 0.58477
1403638134445096960 0.04824 -0.16770 0.19348 0.02964 0.80707 -0.10414 0.58044
1403638134545097216 0.08162 -0.12778 0.19649 0.02138 0.80592 -0.10937 0.58145
1403638134645096960 0.10433 -0.08352 0.19668 0.01205 0.80607 -0.11117 0.58117
1403638134745096960 0.12339 -0.04065 0.20450 0.00703 0.81204 -0.10703 0.57366
1403638134845096960 0.13404 0.00397 0.21367 0.00864 0.81820 -0.10101 0.56593
1403638134945096960 0.14691 0.04049 0.22055 0.00923 0.81586 -0.09952 0.56955
1403638135045097216 0.15320 0.07106 0.22244 0.01003 0.81537 -0.09638 0.57077
1403638135145096960 0.15385 0.09479 0.22013 0.01181 0.82079 -0.08711 0.56442
1403638135245096960 0.14988 0.10534 0.21160 0.01334 0.82476 -0.08198 0.55936
1403638135345096960 0.14320 0.10044 0.20084 0.01523 0.82297 -0.08172 0.56197
1403638135445096960 0.13145 0.08592 0.18909 0.02254 0.82269 -0.08254 0.56201
1403638135545097216 0.11829 0.06354 0.18095 0.02849 0.82713 -0.08205 0.55525
1403638135645096960 0.10860 0.03341 0.17773 0.03783 0.82788 -0.08456 0.55321
1403638135745096960 0.09374 -0.00326 0.17606 0.03733 0.82181 -0.09918 0.55982
1403638135845096960 0.07513 -0.03607 0.17112 0.03859 0.82312 -0.10346 0.55703
1403638135945096960 0.04918 -0.06470 0.17219 0.05125 0.83098 -0.09638 0.54549
1403638136045097216 0.02595 -0.09715 0.18649 0.06277 0.83037 -0.09672 0.54515
1403638136145096960 0.00007 -0.13593 0.20600 0.06567 0.81974 -0.10861 0.55849
1403638136245096960 -0.02791 -0.17848 0.21524 0.06493 0.81293 -0.11882 0.56640
1403638136345096960 -0.05354 -0.21834 0.21190 0.07636 0.81283 -0.12072 0.56471
1403638136445096960 -0.07471 -0.24589 0.20385 0.08383 0.81564 -0.12128 0.55946
1403638136545097216 -0.08680 -0.25557 0.20233 0.08388 0.81723 -0.12960 0.55525
1403638136645096960 -0.08848 -0.24543 0.21176 0.07362 0.81582 -0.13653 0.55712
1403638136745096960 -0.08163 -0.21947 0.22853 0.05962 0.81581 -0.13462 0.55926
1403638136845096960 -0.07104 -0.18036 0.24173 0.03822 0.81255 -0.13220 0.56642
1403638136945096960 -0.05783 -0.14043 0.24384 0.01455 0.80189 -0.13626 0.58154
1403638137045097216 -0.04574 -0.09914 0.23013 0.00097 0.79646 -0.13575 0.58925
1403638137145096960 -0.03566 -0.06355 0.20014 0.00149 0.80189 -0.12543 0.58415
1403638137245096960 -0.02983 -0.03320 0.16133 0.00461 0.81212 -0.11071 0.57287
1403638137345096960 -0.02614 -0.00985 0.12076 0.00512 0.81874 -0.10071 0.56524
1403638137445096960 -0.02521 0.00574 0.08106 0.01218 0.82522 -0.09350 0.55688
1403638137545097216 -0.02365 0.01702 0.04562 0.02402 0.83464 -0.08301 0.54397
1403638137645096960 -0.02148 0.02564 0.01753 0.03650 0.83978 -0.07608 0.53633
1403638137745096960 -0.02148 0.02773 -0.00406 0.04236 0.83789 -0.07997 0.53828
1403638137845096960 -0.02324 0.02991 -0.02102 0.04497 0.84025 -0.08206 0.53406
1403638137945096960 -0.02423 0.03211 -0.03418 0.05246 0.84895 -0.07514 0.52046
1403638138045097216 -0.02403 0.03412 -0.04240 0.05539 0.85414 -0.06857 0.51252
1403638138145096960 -0.02571 0.03423 -0.04354 0.05388 0.84836 -0.07205 0.52172
1403638138245096960 -0.02637 0.03347 -0.04545 0.05080 0.84331 -0.07754 0.52938
1403638138345096960 -0.02740 0.03369 -0.04517 0.05135 0.83943 -0.07858 0.53531
1403638138445096960 -0.02886 0.03380 -0.04472 0.05180 0.83658 -0.07854 0.53971
1403638138545097216 -0.02873 0.03375 -0.04481 0.05150 0.83636 -0.07860 0.54006
1403638138645096960 -0.02878 0.03386 -0.04491 0.05110 0.83639 -0.07884 0.54002
1403638138745096960 -0.02869 0.03388 -0.04510 0.05086 0.83637 -0.07879 0.54008
1403638138845096960 -0.02870 0.03387 -0.04506 0.05085 0.83647 -0.07824 0.54000
1403638138945096960 -0.02866 0.03395 -0.04526 0.05045 0.83652 -0.07863 0.53992
1403638139045097216 -0.02858 0.03408 -0.04535 0.04995 0.83640 -0.07880 0.54012
1403638139145096960 -0.02857 0.03420 -0.04540 0.04952 0.83637 -0.07897 0.54018
1403638139245096960 -0.02855 0.03426 -0.04549 0.04924 0.83633 -0.07915 0.54024
1403638139345096960 -0.02856 0.03424 -0.04549 0.04921 0.83635 -0.07905 0.54022
1403638139445096960 -0.02840 0.03414 -0.04560 0.04929 0.83637 -0.07887 0.54022
1403638139545097216 -0.02843 0.03412 -0.04562 0.04927 0.83635 -0.07881 0.54027
1403638139645096960 -0.02842 0.03412 -0.04565 0.04921 0.83635 -0.07877 0.54027
1403638139745096960 -0.02840 0.03411 -0.04568 0.04913 0.83632 -0.07876 0.54032
1403638139845096960 -0.02841 0.03412 -0.04569 0.04907 0.83633 -0.07874 0.54032
1403638139945096960 -0.02840 0.03414 -0.04570 0.04889 0.83631 -0.07881 0.54036
1403638140045097216 -0.02839 0.03415 -0.04570 0.04870 0.83633 -0.07880 0.54035
1403638140145096960 -0.02838 0.03415 -0.04572 0.04863 0.83630 -0.07873 0.54041
1403638140245096960 -0.02837 0.03415 -0.04575 0.04849 0.83625 -0.07872 0.54049
1403638140345096960 -0.02837 0.03415 -0.04574 0.04834 0.83622 -0.07865 0.54057
1403638140445096960 -0.02837 0.03416 -0.04578 0.04830 0.83623 -0.07863 0.54055
1403638140545097216 -0.02838 0.03416 -0.04578 0.04818 0.83622 -0.07861 0.54058
1403638140645096960 -0.02838 0.03417 -0.04579 0.04808 0.83619 -0.07861 0.54064
1403638140745096960 -0.02837 0.03417 -0.04581 0.04799 0.83615 -0.07857 0.54071
1403638140845096960 -0.02838 0.03417 -0.04581 0.04795 0.83614 -0.07853 0.54074
1403638140945096960 -0.02837 0.03418 -0.04579 0.04786 0.83615 -0.07845 0.54075
1403638141045097216 -0.02837 0.03419 -0.04579 0.04781 0.83610 -0.07841 0.54084
1403638141145096960 -0.02838 0.03419 -0.04581 0.04771 0.83605 -0.07835 0.54094
1403638141245096960 -0.02837 0.03419 -0.04581 0.04764 0.83604 -0.07831 0.54096
1403638141345096960 -0.02837 0.03419 -0.04581 0.04753 0.83602 -0.07830 0.54101
1403638141445096960 -0.02837 0.03419 -0.04580 0.04745 0.83600 -0.07826 0.54104
1403638141545097216 -0.02837 0.03419 -0.04579 0.04739 0.83598 -0.07821 0.54108
