1403638130795097088 -0.00114 0.02079 0.09540 -0.10305 0.80225 0.03843 0.58676
1403638130895097088 -0.00436 0.02323 0.13931 -0.10997 0.80033 0.03668 0.58825
1403638130995096832 -0.00920 0.02187 0.16510 -0.10913 0.79061 0.02860 0.60184
1403638131095097088 -0.01418 0.02034 0.15549 -0.10649 0.78390 0.02388 0.61122
1403638131195097088 -0.01915 0.02495 0.14194 -0.09673 0.79153 0.03371 0.60249
1403638131295097088 -0.02196 0.02374 0.10785 -0.08475 0.80191 0.04806 0.58945
1403638131395097088 -0.02347 0.02254 0.09832 -0.08209 0.80461 0.04927 0.58603
1403638131495096832 -0.01990 0.02241 0.06950 -0.07563 0.80483 0.05017 0.58653
1403638131595097088 -0.02509 0.02444 0.03567 -0.07205 0.80873 0.05192 0.58144
1403638131695097088 -0.02880 0.02536 -0.00463 -0.06805 0.80999 0.05555 0.57983
1403638131795097088 -0.02664 0.02372 -0.03139 -0.06069 0.81070 0.05972 0.57924
1403638131895097088 -0.03747 0.02185 -0.07786 -0.05117 0.81185 0.06335 0.57816
1403638131995096832 -0.04612 0.02979 -0.11680 -0.04376 0.81325 0.06923 0.57612
1403638132095097088 -0.04001 0.02943 -0.13216 -0.03419 0.81842 0.08550 0.56720
1403638132195097088 -0.04512 0.03377 -0.12343 -0.03348 0.81859 0.09202 0.56597
1403638132295097088 -0.04740 0.03343 -0.08885 -0.04690 0.81083 0.08429 0.57728
1403638132395097088 -0.05641 0.03569 -0.04186 -0.06012 0.80650 0.07878 0.58288
1403638132495096832 -0.05501 0.03514 0.00640 -0.08065 0.79869 0.06759 0.59247
1403638132595097088 -0.05641 0.03632 0.05560 -0.10026 0.78543 0.05228 0.60853
1403638132695097088 -0.05492 0.04099 0.09265 -0.10700 0.78596 0.04804 0.60705
1403638132795097088 -0.05128 0.05057 0.11733 -0.10867 0.79197 0.04630 0.59902
1403638132895097088 -0.06106 0.05935 0.12587 -0.11463 0.78494 0.03716 0.60775
1403638132995096832 -0.05646 0.05722 0.12354 -0.12167 0.77884 0.03591 0.61426
1403638133095097088 -0.04578 0.04907 0.11095 -0.11166 0.78366 0.05012 0.60901
1403638133195097088 -0.04774 0.02836 0.08320 -0.09990 0.78803 0.05185 0.60526
1403638133295097088 -0.03753 -0.00107 0.06258 -0.08427 0.79066 0.04176 0.60498
1403638133395097088 -0.03116 -0.03940 0.03978 -0.06618 0.79764 0.03480 0.59848
1403638133495096832 -0.02846 -0.08713 0.01878 -0.04655 0.80205 0.02115 0.59506
1403638133595097088 -0.03049 -0.13549 0.00194 -0.03853 0.80520 -0.00097 0.59175
1403638133695097088 -0.03849 -0.18010 -0.01390 -0.03691 0.80986 -0.01823 0.58518
1403638133795097088 -0.04931 -0.22210 -0.02870 -0.02302 0.81268 -0.03186 0.58138
1403638133895097088 -0.05382 -0.25221 -0.04371 -0.00671 0.81562 -0.03952 0.57719
1403638133995096832 -0.04181 -0.26176 -0.04949 0.00122 0.81548 -0.04614 0.57694
1403638134095097088 -0.02375 -0.24921 -0.05195 0.00512 0.81842 -0.04146 0.57310
1403638134195097088 0.00133 -0.22406 -0.04943 0.00860 0.81979 -0.03557 0.57150
1403638134295097088 0.02795 -0.18974 -0.04300 0.00413 0.81100 -0.04383 0.58339
1403638134395097088 0.06053 -0.14300 -0.03994 -0.00370 0.81297 -0.04925 0.58021
1403638134495096832 0.08938 -0.09925 -0.03810 -0.01068 0.81466 -0.05308 0.57741
1403638134595097088 0.10635 -0.05368 -0.03461 -0.02077 0.81335 -0.05853 0.57845
1403638134695097088 0.11788 -0.00845 -0.02960 -0.02545 0.81705 -0.05735 0.57315
1403638134795097088 0.12187 0.03951 -0.02352 -0.02702 0.82387 -0.05165 0.56378
1403638134895097088 0.13551 0.08220 -0.01792 -0.02432 0.82613 -0.04746 0.56095
1403638134995096832 0.13881 0.11926 -0.01202 -0.02512 0.82239 -0.04828 0.56631
1403638135145096960 0.13207 0.16276 -0.01280 -0.02077 0.82831 -0.03594 0.55873
1403638135345096960 0.11474 0.16986 -0.02973 -0.01611 0.83024 -0.03141 0.55628
1403638135445096960 0.11243 0.15530 -0.04146 -0.00861 0.83022 -0.03252 0.55641
1403638135795097088 0.06137 0.04287 -0.04655 0.00633 0.82978 -0.05499 0.55534
1403638135895097088 0.05826 0.01156 -0.05967 0.01561 0.83506 -0.04966 0.54769
1403638135995096832 0.04350 -0.01962 -0.05440 0.02745 0.84014 -0.04506 0.53979
1403638136395097088 -0.02832 -0.17881 -0.02839 0.04856 0.82299 -0.07104 0.56149
1403638136545097216 -0.04256 -0.20289 -0.03856 0.05076 0.82675 -0.07747 0.55489
1403638136645096960 -0.03939 -0.19398 -0.03326 0.03843 0.82594 -0.08302 0.55628
1403638136945096960 -0.02653 -0.08694 -0.00374 -0.02416 0.81200 -0.08260 0.57727
1403638137095097088 -0.01957 -0.02757 -0.03284 -0.04084 0.80795 -0.07700 0.58277
1403638137195097088 -0.01790 0.00040 -0.06768 -0.03802 0.81530 -0.06303 0.57435
1403638137295097088 -0.01973 0.02519 -0.10661 -0.03430 0.82334 -0.04843 0.56444
1403638137695097088 -0.02990 0.07389 -0.24078 0.00187 0.84427 -0.01956 0.53556
1403638137845096960 -0.03217 0.07356 -0.26833 0.00596 0.84540 -0.02339 0.53359
1403638137945096960 -0.02818 0.07102 -0.28283 0.01347 0.85340 -0.01518 0.52086
1403638138195097088 -0.02872 0.07823 -0.29207 0.01303 0.84951 -0.01600 0.52717
1403638138345096960 -0.02864 0.07835 -0.29635 0.01070 0.84380 -0.01891 0.53621
1403638138445096960 -0.03199 0.07974 -0.29751 0.01048 0.84075 -0.01884 0.54100
1403638138745096960 -0.01361 0.07572 -0.29952 0.00903 0.84048 -0.01877 0.54144
1403638138845096960 -0.01240 0.07244 -0.30085 0.00861 0.84033 -0.01781 0.54172
1403638138995096832 -0.01176 0.07382 -0.30166 0.00716 0.84013 -0.01864 0.54202
1403638139095097088 -0.01131 0.07393 -0.30243 0.00727 0.84006 -0.01822 0.54213
1403638139345096960 -0.01027 0.07533 -0.30463 0.00685 0.83986 -0.01839 0.54244
1403638139445096960 -0.00778 0.07698 -0.30506 0.00688 0.83977 -0.01820 0.54260
1403638139545097216 -0.00659 0.07800 -0.30589 0.00692 0.83971 -0.01812 0.54269
1403638139795097088 -0.00315 0.08078 -0.30715 0.00672 0.83965 -0.01833 0.54277
1403638139895097088 -0.00165 0.08225 -0.30751 0.00679 0.83960 -0.01833 0.54285
1403638139995096832 0.00007 0.08341 -0.30788 0.00675 0.83959 -0.01832 0.54288
1403638140245096960 0.00185 0.08486 -0.30938 0.00662 0.83953 -0.01845 0.54297
1403638140345096960 0.00244 0.08584 -0.31000 0.00658 0.83951 -0.01851 0.54298
1403638140445096960 0.00303 0.08615 -0.31036 0.00660 0.83947 -0.01851 0.54305
1403638140545097216 0.00125 0.08559 -0.31100 0.00652 0.83944 -0.01854 0.54309
1403638140795097088 0.00336 0.08787 -0.31326 0.00645 0.83935 -0.01868 0.54323
1403638140895097088 0.00527 0.08922 -0.31326 0.00643 0.83934 -0.01873 0.54324
1403638140995096832 0.00704 0.08917 -0.31357 0.00639 0.83933 -0.01872 0.54326
1403638141095097088 0.00846 0.08923 -0.31446 0.00634 0.83927 -0.01871 0.54335
1403638141345096960 0.00960 0.09308 -0.31700 0.00622 0.83917 -0.01879 0.54351
1403638141445096960 0.00726 0.09235 -0.31796 0.00612 0.83916 -0.01882 0.54353
1403638141545097216 0.00599 0.09051 -0.31838 0.00604 0.83913 -0.01880 0.54357
1403638141745096960 0.00571 0.09070 -0.32051 0.00593 0.83906 -0.01885 0.54368
1403638141845096960 0.00567 0.09347 -0.32173 0.00588 0.83905 -0.01883 0.54370
1403638141945096960 0.00908 0.09591 -0.32266 0.00592 0.83903 -0.01889 0.54373
1403638142145096960 0.00739 0.09487 -0.32373 0.00563 0.83895 -0.01877 0.54386
1403638142245096960 0.00379 0.09146 -0.32333 0.00592 0.83895 -0.01913 0.54383
1403638142395097088 0.00290 0.09278 -0.32581 0.00608 0.83888 -0.01920 0.54394
1403638142495096832 0.00464 0.09399 -0.32589 0.00568 0.83892 -0.01911 0.54388
1403638142695097088 0.00049 0.09446 -0.32792 0.00518 0.83886 -0.01857 0.54400
1403638142795097088 0.00599 0.09416 -0.32502 0.00556 0.83892 -0.01885 0.54390
1403638142895097088 0.00912 0.09526 -0.32496 0.00550 0.83893 -0.01875 0.54389
1403638143145096960 0.00181 0.09373 -0.32801 0.00522 0.83882 -0.01856 0.54408
1403638143245096960 0.00199 0.09283 -0.32609 0.00508 0.83882 -0.01844 0.54407
1403638143345096960 0.00327 0.09450 -0.32805 0.00513 0.83881 -0.01837 0.54410
1403638143495096832 0.00323 0.09745 -0.33198 0.00518 0.83876 -0.01859 0.54415
1403638143695097088 0.00384 0.09814 -0.33289 0.00520 0.83878 -0.01880 0.54412
1403638143795097088 0.00435 0.09763 -0.33164 0.00505 0.83878 -0.01874 0.54413
1403638143895097088 0.00265 0.09603 -0.33208 0.00501 0.83876 -0.01880 0.54415
1403638144145096960 0.00142 0.09613 -0.33395 0.00513 0.83874 -0.01881 0.54418
1403638144245096960 0.00699 0.10018 -0.33259 0.00502 0.83872 -0.01882 0.54421
1403638144345096960 0.00573 0.09982 -0.33284 0.00487 0.83869 -0.01878 0.54426
1403638144445096960 0.00236 0.10081 -0.33471 0.00485 0.83865 -0.01882 0.54432
1403638144645096960 -0.00017 0.10092 -0.33579 0.00486 0.83859 -0.01886 0.54441
1403638144745096960 0.00357 0.09899 -0.33453 0.00474 0.83859 -0.01877 0.54441
1403638144845096960 0.00447 0.10064 -0.33772 0.00466 0.83856 -0.01878 0.54446
1403638145095097088 -0.00261 0.10379 -0.34070 0.00476 0.83850 -0.01890 0.54456
1403638145195097088 0.00168 0.10728 -0.33942 0.00469 0.83850 -0.01897 0.54456
1403638145295097088 0.00354 0.10578 -0.33908 0.00465 0.83853 -0.01899 0.54450
1403638145495096832 -0.00236 0.10368 -0.34129 0.00476 0.83845 -0.01898 0.54463
1403638145595097088 0.00079 0.10699 -0.34234 0.00461 0.83844 -0.01899 0.54464
1403638145695097088 0.00218 0.10759 -0.34235 0.00460 0.83841 -0.01902 0.54468
1403638145795097088 -0.00045 0.10825 -0.34221 0.00463 0.83843 -0.01894 0.54466
1403638145995096832 -0.00240 0.10814 -0.34340 0.00462 0.83836 -0.01904 0.54476
1403638146095097088 0.00202 0.10748 -0.34292 0.00440 0.83838 -0.01892 0.54474
1403638146245096960 0.00306 0.10469 -0.34207 0.00443 0.83835 -0.01883 0.54479
1403638146345096960 0.00226 0.10890 -0.34638 0.00439 0.83831 -0.01899 0.54484
1403638146545097216 -0.00620 0.11189 -0.34910 0.00465 0.83827 -0.01905 0.54491
1403638146645096960 0.00080 0.11382 -0.34682 0.00460 0.83829 -0.01907 0.54487
1403638146795097088 -0.00146 0.10879 -0.34722 0.00451 0.83816 -0.01900 0.54507
1403638146895097088 -0.00122 0.10716 -0.34811 0.00453 0.83818 -0.01884 0.54505
1403638147045097216 -0.00336 0.10896 -0.34698 0.00477 0.83835 -0.01890 0.54479
1403638147195097088 -0.00563 0.10643 -0.34540 0.00462 0.83851 -0.01868 0.54455
1403638147345096960 -0.01105 0.10843 -0.34771 0.00468 0.83829 -0.01878 0.54489
1403638147445096960 -0.00568 0.11007 -0.34837 0.00456 0.83824 -0.01893 0.54495
1403638147545097216 0.00055 0.10574 -0.34608 0.00434 0.83784 -0.01905 0.54557
1403638147795097088 -0.00389 0.11245 -0.34451 0.00444 0.83546 -0.01879 0.54921
1403638147895097088 0.00744 0.12120 -0.34218 0.00657 0.82846 -0.02244 0.55955
1403638147995096832 -0.00788 0.08485 -0.34433 0.00614 0.82169 -0.02342 0.56942
1403638148095097088 0.01123 0.10788 -0.30385 0.00726 0.81695 -0.02312 0.57620
1403638148345096960 0.02284 0.08016 -0.19834 0.00472 0.81300 -0.01489 0.58206
1403638148445096960 0.03955 0.07977 -0.13807 0.00416 0.81446 -0.01157 0.58010
1403638148545097216 0.04581 0.07900 -0.11484 0.00552 0.81919 -0.00836 0.57343
1403638148645096960 0.05345 0.08004 -0.11468 0.00527 0.82327 -0.00587 0.56759
1403638148945096960 0.08791 0.08993 -0.11588 0.00095 0.82720 -0.00185 0.56190
1403638149045097216 0.11381 0.09446 -0.08962 -0.00001 0.82410 -0.00039 0.56645
1403638149145096960 0.13948 0.09568 -0.04945 -0.00016 0.82093 0.00088 0.57103
1403638149245096960 0.15646 0.10269 -0.01939 -0.00096 0.81920 0.00060 0.57350
1403638149445096960 0.19557 0.11927 0.03726 -0.00359 0.81718 -0.00068 0.57637
1403638149545097216 0.21608 0.12616 0.06071 -0.00234 0.81658 0.00042 0.57723
1403638149695097088 0.25906 0.14304 0.08262 -0.00454 0.81645 0.00608 0.57737
1403638149795097088 0.27801 0.15540 0.08903 -0.00778 0.81644 0.01146 0.57727
1403638149945096960 0.31283 0.17323 0.09956 -0.01097 0.81648 0.01698 0.57702
1403638150245096960 0.38919 0.23106 0.09693 0.00543 0.81588 0.03469 0.57715
1403638150345096960 0.41114 0.25557 0.07638 0.00603 0.81882 0.03444 0.57298
1403638150445096960 0.44172 0.28959 0.06509 -0.00165 0.82495 0.03298 0.56424
1403638150645096960 0.49121 0.36642 0.05657 -0.01837 0.83100 0.04016 0.55452
1403638150945096960 0.60086 0.49968 0.09449 -0.03046 0.82395 0.06172 0.56247
1403638151045097216 0.64667 0.54616 0.10517 -0.03547 0.82028 0.07074 0.56646
1403638151145096960 0.68985 0.59646 0.10717 -0.04234 0.81622 0.08567 0.56978
1403638151245096960 0.72898 0.64391 0.10220 -0.05504 0.81448 0.10375 0.56819
1403638151645096960 0.87368 0.88979 0.09314 -0.11081 0.80288 0.17571 0.55878
1403638151795097088 0.92517 0.98589 0.11870 -0.11944 0.80039 0.18993 0.55591
1403638151995096832 0.99437 1.11989 0.17331 -0.12219 0.79968 0.19834 0.55340
1403638152095097088 1.03281 1.18572 0.19867 -0.12197 0.80019 0.19896 0.55248
1403638152445096960 1.15633 1.44515 0.23779 -0.11272 0.79998 0.20094 0.55404
1403638152595097088 1.20683 1.57128 0.23117 -0.10985 0.80058 0.20039 0.55394
1403638152795097088 1.27579 1.75466 0.21918 -0.12220 0.80090 0.20138 0.55053
1403638152895097088 1.31190 1.85277 0.22787 -0.13299 0.79670 0.20689 0.55206
1403638153095097088 1.37804 2.04383 0.26146 -0.15123 0.79205 0.22960 0.54504
1403638153395097088 1.48297 2.33314 0.30679 -0.16510 0.78872 0.25781 0.53310
1403638153545097216 1.53312 2.47750 0.32484 -0.16781 0.78168 0.28390 0.52935
1403638153645096960 1.56477 2.57559 0.34189 -0.17379 0.77562 0.30202 0.52630
1403638153795097088 1.61504 2.73173 0.37067 -0.19287 0.76523 0.32251 0.52269
1403638154145096960 1.72857 3.13758 0.38862 -0.22055 0.74703 0.33888 0.52770
1403638154295097088 1.76801 3.31278 0.38522 -0.22217 0.74034 0.34028 0.53548
1403638154495096832 1.81841 3.55067 0.36281 -0.22763 0.73208 0.33444 0.54809
1403638154595097088 1.83269 3.66395 0.35311 -0.22946 0.73324 0.33423 0.54588
1403638154745096960 1.84250 3.82702 0.35361 -0.23186 0.73618 0.34384 0.53484
1403638155045097216 1.83344 4.15044 0.39397 -0.23463 0.72746 0.37174 0.52683
1403638155145096960 1.81208 4.25199 0.42294 -0.24220 0.72121 0.38104 0.52537
1403638155245096960 1.79055 4.35148 0.44495 -0.25092 0.71546 0.38664 0.52504
1403638155545097216 1.70496 4.66773 0.46793 -0.27138 0.69497 0.40828 0.52600
1403638155645096960 1.66001 4.76107 0.46561 -0.28805 0.68808 0.41525 0.52071
1403638155745096960 1.61293 4.85682 0.45688 -0.30509 0.67880 0.42533 0.51503
1403638155845096960 1.56097 4.94205 0.44503 -0.31924 0.67054 0.43938 0.50537
1403638156145096960 1.38440 5.17039 0.42232 -0.34751 0.65114 0.50002 0.45302
1403638156295097088 1.29541 5.26712 0.43575 -0.36121 0.63930 0.52290 0.43288
1403638156395097088 1.23878 5.33364 0.44402 -0.36713 0.63383 0.53446 0.42169
1403638156695097088 1.09906 5.56465 0.43337 -0.37413 0.62671 0.54775 0.40894
1403638156845096960 1.04104 5.69879 0.40769 -0.37320 0.62661 0.54829 0.40922
1403638157195097088 0.92176 6.03930 0.37490 -0.36355 0.63511 0.54615 0.40765
1403638157295097088 0.88776 6.14768 0.38099 -0.36468 0.63511 0.54515 0.40799
1403638157395097088 0.85247 6.26194 0.39264 -0.36407 0.63084 0.54788 0.41149
1403638157545097216 0.81369 6.43594 0.40270 -0.36846 0.62106 0.55214 0.41674
1403638157645096960 0.78795 6.55219 0.40422 -0.37578 0.60950 0.55827 0.41909
1403638157895097088 0.71455 6.84206 0.41572 -0.39958 0.57349 0.58704 0.40843
1403638158195097088 0.61499 7.18112 0.45741 -0.42661 0.55214 0.60992 0.37569
1403638158295097088 0.58737 7.29277 0.45912 -0.43013 0.54734 0.61362 0.37266
1403638158545097216 0.51928 7.56919 0.44831 -0.42625 0.53695 0.62120 0.37961
1403638158645096960 0.49148 7.67584 0.43752 -0.42551 0.53553 0.62117 0.38248
1403638158745096960 0.45604 7.78513 0.42880 -0.42736 0.53824 0.61883 0.38041
1403638158945096960 0.39117 7.99416 0.42252 -0.42609 0.54999 0.61676 0.36818
1403638159045097216 0.36054 8.09904 0.43210 -0.42077 0.55552 0.61896 0.36227
1403638159345096960 0.26942 8.44362 0.46405 -0.41425 0.56355 0.61932 0.35672
1403638159495096832 0.23083 8.63042 0.47482 -0.44062 0.55240 0.60024 0.37473
1403638159595097088 0.21009 8.75633 0.49361 -0.46076 0.55037 0.58550 0.37681
1403638159895097088 0.20167 9.08011 0.58149 -0.47101 0.54322 0.57903 0.38443
1403638160145096960 0.25090 9.27727 0.71022 -0.45042 0.53638 0.59610 0.39254
1403638160245096960 0.27341 9.34379 0.77481 -0.43761 0.54254 0.60646 0.38257
1403638160345096960 0.29447 9.40878 0.84641 -0.42733 0.54753 0.61460 0.37399
1403638160445096960 0.31667 9.46694 0.92137 -0.42251 0.54996 0.61846 0.36952
1403638160645096960 0.35776 9.62439 1.06220 -0.41992 0.55247 0.61989 0.36631
1403638160995096832 0.44473 9.86888 1.25857 -0.44419 0.55879 0.58384 0.38676
1403638161145096960 0.49939 9.96461 1.33165 -0.43470 0.57360 0.56587 0.40227
1403638161245096960 0.54044 10.01675 1.36670 -0.42009 0.58856 0.55461 0.41174
1403638161445096960 0.62762 10.12225 1.45002 -0.38816 0.62142 0.53242 0.42391
1403638161745096960 0.76726 10.28021 1.55081 -0.36775 0.64717 0.51403 0.42627
1403638161895097088 0.84696 10.36987 1.58880 -0.36771 0.65035 0.50202 0.43567
1403638162095097088 0.96072 10.48316 1.63087 -0.36107 0.65783 0.48948 0.44419
1403638162195097088 1.02283 10.53875 1.65750 -0.35925 0.66338 0.48595 0.44128
1403638162595097088 1.30300 10.74388 1.75740 -0.35813 0.66694 0.48077 0.44249
1403638162795097088 1.46493 10.83391 1.82060 -0.35226 0.66584 0.48577 0.44339
1403638162895097088 1.55301 10.88182 1.85908 -0.35350 0.66942 0.47990 0.44340
1403638163195097088 1.83449 11.00823 1.96863 -0.35771 0.67203 0.45520 0.46175
1403638163295097088 1.93434 11.04016 1.97846 -0.34565 0.67764 0.44979 0.46800
1403638163395097088 2.03792 11.06972 1.98209 -0.33305 0.68347 0.44145 0.47652
1403638163545097216 2.19698 11.11220 1.98684 -0.31972 0.69291 0.42639 0.48565
1403638163845096960 2.50138 11.17663 2.04779 -0.30939 0.70087 0.41345 0.49206
1403638163995096832 2.65201 11.20284 2.10225 -0.31333 0.70412 0.40935 0.48834
1403638164095097088 2.75462 11.21687 2.14627 -0.31702 0.70574 0.40802 0.48471
1403638164445096960 3.12916 11.23167 2.30226 -0.32963 0.70122 0.40586 0.48467
1403638164595097088 3.29815 11.21866 2.34987 -0.33405 0.70247 0.40414 0.48126
1403638164795097088 3.53995 11.18398 2.39683 -0.32224 0.70260 0.40069 0.49189
1403638164895097088 3.66483 11.16321 2.41349 -0.30924 0.69711 0.40356 0.50551
1403638165145096960 3.95302 11.07848 2.43629 -0.31306 0.70213 0.38238 0.51264
1403638165395097088 4.22804 10.96717 2.42461 -0.30094 0.72541 0.37407 0.49324
1403638165495096832 4.33744 10.91735 2.41309 -0.29989 0.72337 0.37020 0.49975
1403638165795097088 4.67761 10.73459 2.36163 -0.29538 0.70311 0.36634 0.53309
1403638165895097088 4.78337 10.66711 2.33364 -0.28952 0.70870 0.37079 0.52577
1403638165995096832 4.88329 10.59102 2.31237 -0.28394 0.71473 0.37554 0.51722
1403638166345096960 5.21461 10.31323 2.34848 -0.27052 0.71939 0.39236 0.50532
1403638166545097216 5.39385 10.16737 2.44678 -0.27076 0.71816 0.39626 0.50391
1403638166645096960 5.47664 10.10018 2.48997 -0.27227 0.71773 0.39682 0.50326
1403638166945096960 5.70039 9.92929 2.57003 -0.28652 0.73883 0.38929 0.46956
1403638167095097088 5.83503 9.84244 2.59177 -0.27892 0.74504 0.39461 0.45978
1403638167195097088 5.93113 9.80439 2.61544 -0.27335 0.74316 0.39870 0.46264
1403638167445096960 6.19933 9.72185 2.69717 -0.26971 0.73753 0.40072 0.47194
1403638167545097216 6.31231 9.70568 2.72366 -0.27407 0.73481 0.39695 0.47683
1403638167645096960 6.42701 9.69154 2.74294 -0.28341 0.73411 0.38781 0.47997
1403638167745096960 6.55009 9.67376 2.75641 -0.28823 0.73635 0.37630 0.48281
1403638168045097216 6.94347 9.61238 2.78064 -0.27828 0.75227 0.33538 0.49414
1403638168195097088 7.15955 9.56983 2.80225 -0.26816 0.75802 0.31930 0.50155
1403638168295097088 7.30626 9.53372 2.82270 -0.25458 0.76252 0.31061 0.50723
1403638168545097216 7.67995 9.43295 2.89752 -0.21633 0.77274 0.29409 0.51921
1403638168695097088 7.90584 9.37706 2.92658 -0.19224 0.77940 0.29706 0.51705
1403638168795097088 8.05522 9.34438 2.93907 -0.18563 0.78132 0.29742 0.51635
1403638169045097216 8.43153 9.29978 2.94783 -0.18307 0.77997 0.30003 0.51780
1403638169195097088 8.65785 9.29640 2.93689 -0.19945 0.77332 0.29443 0.52488
1403638169345096960 8.88096 9.29894 2.91349 -0.22246 0.77144 0.27437 0.52926
1403638169445096960 9.03096 9.30183 2.89218 -0.23277 0.77075 0.25492 0.53551
1403638169695097088 9.40394 9.25637 2.85791 -0.20767 0.77721 0.21978 0.55183
1403638169795097088 9.55216 9.22364 2.85676 -0.18369 0.78164 0.20925 0.55813
1403638169895097088 9.69562 9.18655 2.86578 -0.15513 0.78538 0.19919 0.56519
1403638170145096960 10.02565 9.08154 2.90820 -0.11290 0.78347 0.15168 0.59196
1403638170295097088 10.20348 9.02338 2.91525 -0.10086 0.79056 0.11285 0.59338
1403638170395097088 10.31978 8.98651 2.91078 -0.09063 0.79734 0.08852 0.59009
1403638170545097216 10.47493 8.91511 2.90054 -0.07966 0.80322 0.05148 0.58809
1403638170845096960 10.73985 8.72697 2.92791 -0.04886 0.80034 -0.01009 0.59746
1403638170945096960 10.81869 8.65407 2.93485 -0.03377 0.80092 -0.02644 0.59723
1403638171045097216 10.87960 8.57044 2.93761 -0.02026 0.79924 -0.04335 0.59911
1403638171345096960 11.02373 8.29282 2.93511 -0.00184 0.79395 -0.07570 0.60325
1403638171445096960 11.04962 8.19120 2.92933 0.00169 0.79185 -0.08248 0.60512
1403638171545097216 11.06775 8.08403 2.92174 0.00232 0.78907 -0.09003 0.60766
1403638171795097088 11.07631 7.78785 2.89670 0.00902 0.78254 -0.11429 0.61195
1403638171895097088 11.05150 7.65651 2.88926 0.01047 0.77805 -0.12459 0.61563
1403638172045097216 10.99554 7.44572 2.89067 0.02257 0.77361 -0.12956 0.61987
1403638172145096960 10.94830 7.29556 2.89641 0.02902 0.77358 -0.13036 0.61947
1403638172445096960 10.73811 6.82872 2.86556 0.03454 0.77415 -0.12986 0.61858
1403638172545097216 10.65393 6.66566 2.83571 0.03149 0.77186 -0.13009 0.62154
1403638172645096960 10.56177 6.49776 2.79662 0.02712 0.77024 -0.12975 0.62382
1403638172995096832 10.13066 5.88381 2.61714 0.01146 0.77366 -0.12729 0.62058
1403638173095097088 9.98202 5.69327 2.55708 0.00435 0.77868 -0.12725 0.61436
1403638173295097088 9.65745 5.29461 2.41745 0.00947 0.78717 -0.11849 0.60517
1403638173395097088 9.48299 5.08637 2.34064 0.02138 0.79043 -0.10957 0.60229
1403638173545097216 9.21356 4.76913 2.20717 0.04040 0.79495 -0.09687 0.59753
1403638173795097088 8.76429 4.25018 1.96218 0.04599 0.79648 -0.09525 0.59534
1403638173895097088 8.57357 4.05066 1.86679 0.04736 0.79779 -0.09536 0.59346
1403638174045097216 8.28447 3.75996 1.73410 0.04749 0.79828 -0.09639 0.59263
1403638174395097088 7.59581 3.10607 1.43442 0.04697 0.80994 -0.09614 0.57667
1403638174595097088 7.21733 2.74900 1.25554 0.04855 0.81652 -0.09305 0.56770
1403638174795097088 6.85828 2.39942 1.10107 0.05180 0.82495 -0.09029 0.55555
1403638174895097088 6.69122 2.22696 1.03805 0.05396 0.82686 -0.08848 0.55278
1403638175145096960 6.31658 1.80846 0.90159 0.05786 0.82649 -0.08872 0.55289
1403638175395097088 5.99876 1.41221 0.81071 0.06351 0.83400 -0.08878 0.54085
1403638175495096832 5.89378 1.26244 0.78854 0.06758 0.84009 -0.08685 0.53117
1403638175745096960 5.69051 0.91194 0.76542 0.06603 0.85673 -0.08709 0.50405
1403638175895097088 5.62650 0.72179 0.75189 0.06854 0.86078 -0.08386 0.49732
1403638175995096832 5.60391 0.59825 0.73093 0.07576 0.85924 -0.07689 0.50006
1403638176245096960 5.58961 0.29095 0.67326 0.08011 0.82796 -0.07009 0.55059
1403638176345096960 5.59423 0.16511 0.65676 0.07942 0.81901 -0.07012 0.56391
1403638176445096960 5.60086 0.06122 0.64626 0.08096 0.81668 -0.06978 0.56711
1403638176745096960 5.63115 -0.20631 0.64780 0.08315 0.81853 -0.06987 0.56410
1403638177045097216 5.68471 -0.42909 0.68357 0.07821 0.82051 -0.07303 0.56152
1403638177145096960 5.70883 -0.49527 0.68551 0.08141 0.82097 -0.07102 0.56066
1403638177245096960 5.73261 -0.55265 0.68083 0.08382 0.82119 -0.06927 0.56020
1403638177345096960 5.76139 -0.59670 0.67059 0.08469 0.82109 -0.06873 0.56028
1403638177445096960 5.79527 -0.63832 0.65466 0.08414 0.82176 -0.06981 0.55925
1403638177595097088 5.84445 -0.68194 0.62523 0.06746 0.82054 -0.08287 0.56151
1403638177895097088 5.95416 -0.76354 0.54304 0.04663 0.80821 -0.10653 0.57730
1403638177995096832 5.99387 -0.80198 0.51827 0.04697 0.80266 -0.10913 0.58449
1403638178395097088 6.07767 -0.95140 0.50086 0.08555 0.78786 -0.15015 0.59111
1403638178495096832 6.08387 -0.99228 0.50428 0.09676 0.78615 -0.17264 0.58549
1403638178595097088 6.08790 -1.04123 0.50208 0.10732 0.78651 -0.19699 0.57540
1403638178695097088 6.08284 -1.08669 0.49698 0.11781 0.78393 -0.22028 0.56837
1403638178995096832 6.03695 -1.23337 0.46128 0.14994 0.77966 -0.26941 0.54504
1403638179145096960 6.01305 -1.31949 0.43035 0.16163 0.78352 -0.27890 0.53121
1403638179295097088 5.99137 -1.41390 0.39261 0.17620 0.78529 -0.28759 0.51920
1403638179395097088 5.98846 -1.48807 0.36768 0.18686 0.78153 -0.29725 0.51569
1403638179745096960 5.96952 -1.74799 0.26801 0.22911 0.73947 -0.35568 0.52362
1403638179845096960 5.96302 -1.82744 0.25062 0.24309 0.72945 -0.37315 0.51921
1403638179945096960 5.95790 -1.90666 0.23784 0.25285 0.72326 -0.39074 0.51018
1403638180245096960 5.93398 -2.14734 0.21713 0.26483 0.71504 -0.42109 0.49119
1403638180395097088 5.92025 -2.27831 0.19997 0.26645 0.71463 -0.42520 0.48735
1403638180495096832 5.91108 -2.37061 0.18236 0.26971 0.71586 -0.42355 0.48519
1403638180745096960 5.89243 -2.60663 0.13718 0.27121 0.72418 -0.41818 0.47660
1403638180845096960 5.88781 -2.70501 0.12997 0.26742 0.72692 -0.41755 0.47510
1403638180995096832 5.88540 -2.86189 0.12900 0.26259 0.72686 -0.41586 0.47936
1403638181095097088 5.88900 -2.97440 0.11862 0.25986 0.72610 -0.41438 0.48326
1403638181245096960 5.89766 -3.15077 0.09802 0.25677 0.72065 -0.41403 0.49327
1403638181445096960 5.90527 -3.39161 0.05265 0.26124 0.69895 -0.43089 0.50750
1403638181545097216 5.90022 -3.51814 0.02583 0.27046 0.68063 -0.44514 0.51522
1403638181645096960 5.88493 -3.63836 -0.00055 0.28741 0.66440 -0.45749 0.51640
1403638181795097088 5.84473 -3.82128 -0.02517 0.31276 0.65385 -0.47720 0.49694
1403638182045097216 5.75355 -4.11194 -0.02940 0.33733 0.64431 -0.51090 0.45831
1403638182145096960 5.71678 -4.22853 -0.01728 0.33907 0.64179 -0.52141 0.44864
1403638182245096960 5.67783 -4.33736 -0.00402 0.33693 0.63890 -0.53080 0.44333
1403638182395097088 5.61591 -4.49860 0.01091 0.32947 0.63597 -0.54093 0.44089
1403638182695097088 5.48629 -4.86478 0.06655 0.34048 0.65093 -0.53018 0.42341
1403638182795097088 5.44727 -4.99708 0.09800 0.33943 0.65158 -0.52832 0.42558
1403638182895097088 5.41004 -5.12821 0.12607 0.33964 0.65065 -0.52575 0.42998
1403638182995096832 5.37432 -5.26245 0.14652 0.34208 0.64757 -0.52194 0.43727
1403638183245096960 5.28856 -5.60681 0.17438 0.35258 0.64808 -0.51017 0.44205
1403638183345096960 5.25772 -5.73912 0.17593 0.34878 0.65258 -0.51216 0.43610
1403638183445096960 5.23030 -5.87726 0.17495 0.34420 0.65772 -0.51490 0.42872
1403638183545097216 5.20502 -6.01627 0.17361 0.34321 0.66209 -0.51521 0.42238
1403638183695097088 5.17591 -6.23055 0.16648 0.34793 0.65965 -0.51188 0.42635
1403638183895097088 5.15190 -6.52326 0.17592 0.36237 0.64944 -0.50200 0.44148
1403638184045097216 5.14161 -6.73710 0.20203 0.36142 0.64893 -0.50327 0.44158
1403638184145096960 5.14163 -6.86859 0.22645 0.35683 0.65325 -0.50716 0.43442
1403638184245096960 5.14580 -6.99560 0.24147 0.35114 0.65614 -0.51207 0.42892
1403638184495096832 5.16762 -7.32952 0.26797 0.35735 0.65199 -0.50913 0.43358
1403638184595097088 5.18383 -7.45948 0.27395 0.35909 0.65005 -0.50854 0.43574
1403638184695097088 5.20245 -7.59625 0.28399 0.35972 0.64939 -0.50829 0.43650
1403638184845096960 5.23339 -7.79092 0.29369 0.35863 0.64823 -0.50974 0.43743
1403638185095097088 5.30237 -8.11406 0.32009 0.36096 0.64796 -0.50841 0.43746
1403638185345096960 5.39191 -8.42716 0.34685 0.36690 0.65196 -0.50335 0.43241
1403638185445096960 5.43135 -8.55264 0.36182 0.37016 0.65350 -0.49631 0.43541
1403638185545097216 5.48091 -8.68059 0.37831 0.37079 0.65835 -0.48465 0.44069
1403638185645096960 5.53677 -8.79613 0.39329 0.36781 0.66433 -0.47277 0.44707
1403638185745096960 5.59851 -8.91147 0.40870 0.35961 0.66643 -0.46657 0.45701
1403638185945096960 5.72764 -9.12590 0.43304 0.31853 0.66628 -0.47980 0.47371
1403638186045097216 5.78644 -9.23675 0.44195 0.31273 0.66898 -0.47982 0.47374
1403638186145096960 5.84561 -9.34951 0.44268 0.31587 0.67357 -0.47588 0.46912
1403638186245096960 5.89995 -9.45372 0.44069 0.31937 0.67666 -0.47262 0.46557
1403638186495096832 6.03428 -9.70918 0.46557 0.32521 0.67833 -0.46909 0.46267
1403638186595097088 6.09022 -9.80600 0.48225 0.32821 0.67943 -0.46806 0.45997
1403638186745096960 6.17436 -9.96216 0.49335 0.33547 0.68258 -0.46285 0.45531
1403638186845096960 6.23686 -10.06237 0.49492 0.33900 0.68754 -0.45404 0.45411
1403638187095097088 6.42178 -10.30753 0.49358 0.31483 0.70520 -0.42436 0.47275
1403638187195097088 6.50476 -10.40854 0.50578 0.29829 0.71057 -0.40566 0.49148
1403638187295097088 6.58976 -10.50521 0.52216 0.28343 0.71591 -0.38348 0.50999
1403638187445096960 6.71376 -10.63302 0.56273 0.26784 0.72272 -0.35414 0.52965
1403638187545097216 6.78940 -10.70813 0.59580 0.25886 0.72871 -0.34267 0.53343
1403638187645096960 6.86559 -10.78701 0.62408 0.24985 0.73683 -0.33809 0.52948
1403638187845096960 7.00780 -10.91804 0.67145 0.24936 0.74507 -0.33025 0.52309
1403638187945096960 7.07455 -10.97274 0.69009 0.25607 0.74569 -0.32540 0.52201
1403638188145096960 7.21492 -11.06322 0.71733 0.27431 0.74136 -0.31652 0.52436
1403638188245096960 7.28788 -11.09284 0.72646 0.27780 0.73493 -0.31639 0.53161
1403638188345096960 7.35975 -11.11249 0.72732 0.27510 0.72195 -0.31916 0.54886
1403638188445096960 7.42873 -11.12182 0.72534 0.27455 0.71024 -0.32084 0.56325
1403638188645096960 7.54395 -11.10461 0.71681 0.27024 0.70181 -0.32134 0.57548
1403638188745096960 7.58604 -11.07409 0.72096 0.26266 0.70854 -0.31861 0.57226
1403638188845096960 7.61876 -11.03300 0.73294 0.25551 0.71811 -0.31553 0.56523
1403638188995096832 7.65755 -10.95991 0.77133 0.24700 0.72751 -0.31144 0.55921
1403638189095097088 7.67532 -10.90371 0.80628 0.23903 0.73159 -0.30628 0.56020
1403638189195097088 7.69336 -10.84285 0.83809 0.22822 0.73640 -0.29741 0.56319
1403638189295097088 7.70931 -10.77668 0.86267 0.21453 0.74407 -0.28558 0.56460
1403638189445096960 7.71634 -10.66599 0.89053 0.19387 0.76484 -0.26953 0.55207
1403638189545097216 7.72268 -10.59286 0.90478 0.18277 0.77633 -0.26239 0.54319
1403638189645096960 7.71867 -10.51784 0.93023 0.17477 0.78274 -0.25735 0.53902
1403638189745096960 7.72031 -10.44515 0.95305 0.16557 0.78898 -0.25741 0.53277
1403638189845096960 7.71702 -10.37878 0.97653 0.16012 0.79417 -0.25766 0.52656
1403638189945096960 7.71954 -10.31444 0.98955 0.15884 0.79850 -0.25731 0.52053
1403638190045097216 7.73051 -10.25615 0.99776 0.16188 0.79586 -0.25597 0.52429
1403638190145096960 7.74789 -10.20551 1.00650 0.16704 0.78884 -0.25351 0.53438
1403638190295097088 7.77708 -10.13257 1.00827 0.18372 0.77810 -0.24151 0.54998
1403638190395097088 7.79719 -10.07965 0.99540 0.19564 0.77507 -0.22507 0.55707
1403638190495096832 7.81843 -10.02306 0.97713 0.20023 0.77642 -0.21215 0.55863
1403638190595097088 7.83937 -9.95821 0.95445 0.19442 0.77931 -0.20731 0.55847
1403638190695097088 7.86013 -9.88547 0.93610 0.18760 0.78100 -0.20545 0.55914
1403638190795097088 7.87913 -9.80561 0.91919 0.17914 0.78117 -0.20598 0.56148
1403638190895097088 7.89635 -9.72018 0.90940 0.16784 0.78176 -0.21014 0.56260
1403638190995096832 7.91383 -9.63211 0.91020 0.16254 0.78183 -0.21148 0.56357
1403638191095097088 7.92684 -9.54106 0.91874 0.16126 0.77880 -0.21103 0.56827
1403638191295097088 7.93817 -9.35559 0.94931 0.15501 0.78997 -0.21551 0.55270
1403638191395097088 7.94564 -9.26327 0.97622 0.15585 0.79469 -0.21580 0.54554
1403638191495096832 7.95711 -9.17971 0.99871 0.15527 0.79616 -0.21761 0.54283
1403638191595097088 7.96619 -9.09154 1.01330 0.15759 0.79619 -0.21720 0.54229
1403638191795097088 8.00053 -8.92097 1.03083 0.16768 0.79800 -0.21205 0.53862
1403638191895097088 8.02440 -8.82989 1.02948 0.17025 0.79839 -0.21111 0.53760
1403638191995096832 8.06035 -8.74374 1.03471 0.16979 0.79840 -0.21189 0.53743
1403638192095097088 8.08929 -8.65158 1.03802 0.17128 0.79832 -0.21094 0.53745
1403638192195097088 8.12999 -8.56235 1.05635 0.16900 0.79672 -0.21250 0.53993
1403638192295097088 8.17027 -8.47078 1.07951 0.16695 0.79208 -0.21342 0.54699
1403638192395097088 8.21647 -8.37846 1.11587 0.16610 0.78781 -0.21359 0.55330
1403638192595097088 8.30397 -8.18224 1.20219 0.16663 0.78198 -0.21297 0.56159
1403638192695097088 8.34580 -8.07456 1.24706 0.16750 0.77463 -0.21295 0.57144
1403638192795097088 8.38425 -7.96505 1.28456 0.16780 0.76744 -0.21315 0.58090
1403638192895097088 8.42186 -7.85787 1.31248 0.16431 0.75911 -0.21543 0.59191
1403638193145096960 8.45603 -7.58494 1.38048 0.14371 0.74888 -0.21610 0.60978
1403638193245096960 8.44417 -7.47589 1.41150 0.14125 0.75884 -0.20783 0.60085
1403638193345096960 8.41689 -7.36345 1.45401 0.14184 0.76657 -0.19914 0.59380
1403638193445096960 8.37779 -7.25162 1.50584 0.14525 0.76940 -0.19041 0.59218
1403638193645096960 8.28699 -7.02248 1.60230 0.14316 0.77430 -0.18451 0.58815
1403638193745096960 8.21593 -6.91801 1.63195 0.13737 0.78267 -0.18649 0.57774
1403638193845096960 8.14673 -6.80930 1.65857 0.13532 0.78845 -0.18735 0.57004
1403638193945096960 8.07897 -6.69989 1.68209 0.13404 0.79211 -0.18845 0.56488
1403638194095097088 7.98040 -6.53242 1.70918 0.13484 0.79055 -0.18885 0.56673
1403638194295097088 7.85024 -6.30863 1.72867 0.13851 0.78184 -0.18808 0.57807
1403638194395097088 7.77744 -6.19833 1.73034 0.13608 0.78553 -0.19054 0.57282
1403638194495096832 7.70284 -6.08684 1.73700 0.13308 0.78942 -0.19352 0.56715
1403638194595097088 7.62726 -5.97863 1.75097 0.13276 0.79312 -0.19465 0.56165
1403638194795097088 7.47976 -5.76440 1.78500 0.13194 0.80273 -0.19730 0.54708
1403638194895097088 7.40883 -5.65971 1.79637 0.13257 0.80578 -0.19800 0.54216
1403638194995096832 7.34554 -5.56064 1.80015 0.13273 0.80737 -0.19834 0.53963
1403638195245096960 7.20634 -5.32572 1.78638 0.12903 0.81599 -0.20138 0.52626
1403638195345096960 7.16671 -5.23869 1.77081 0.12524 0.82253 -0.20421 0.51580
1403638195445096960 7.13643 -5.16066 1.75418 0.12660 0.81912 -0.20351 0.52116
1403638195545097216 7.11329 -5.09037 1.73418 0.12933 0.80860 -0.20146 0.53745
1403638195745096960 7.07880 -4.95760 1.69059 0.13167 0.80182 -0.19906 0.54783
1403638195845096960 7.06882 -4.90182 1.67444 0.13001 0.80528 -0.19975 0.54288
1403638195945096960 7.06212 -4.84504 1.66624 0.12847 0.81065 -0.20013 0.53506
1403638196045097216 7.06167 -4.79057 1.66593 0.12750 0.81330 -0.20060 0.53109
1403638196145096960 7.06655 -4.74090 1.67820 0.12927 0.81122 -0.19935 0.53429
1403638196445096960 7.10209 -4.60216 1.72669 0.13214 0.80149 -0.19699 0.54896
1403638196545097216 7.10868 -4.55406 1.73108 0.13016 0.80277 -0.19901 0.54683
1403638196645096960 7.12181 -4.51296 1.73113 0.12814 0.80851 -0.20101 0.53804
1403638196745096960 7.14026 -4.47706 1.72374 0.12538 0.81289 -0.20356 0.53109
1403638196895097088 7.17735 -4.42809 1.70966 0.12714 0.81105 -0.20313 0.53365
1403638197145096960 7.25908 -4.36369 1.70211 0.13172 0.80117 -0.20000 0.54843
1403638197245096960 7.29778 -4.34435 1.70844 0.13577 0.80010 -0.19702 0.55008
1403638197395097088 7.35789 -4.31365 1.73601 0.14994 0.79588 -0.18716 0.55593
1403638197495096832 7.39825 -4.29209 1.75886 0.15342 0.79368 -0.18463 0.55897
1403638197595097088 7.43829 -4.26660 1.79219 0.15225 0.79250 -0.18508 0.56082
1403638197845096960 7.53196 -4.18626 1.87496 0.14963 0.79093 -0.18595 0.56344
1403638197945096960 7.56695 -4.14979 1.90213 0.14613 0.78447 -0.18753 0.57278
1403638198045097216 7.59898 -4.11247 1.91319 0.14501 0.77662 -0.18787 0.58356
1403638198145096960 7.62523 -4.07111 1.90131 0.14245 0.77825 -0.18974 0.58140
1403638198295097088 7.65853 -4.00493 1.85678 0.14121 0.78337 -0.19065 0.57449
1403638198495096832 7.69349 -3.90462 1.77912 0.14845 0.79040 -0.18536 0.56469
1403638198595097088 7.71821 -3.84768 1.73941 0.16170 0.79250 -0.17575 0.56116
1403638198695097088 7.74402 -3.78833 1.69724 0.17898 0.79150 -0.16321 0.56112
1403638198845096960 7.76780 -3.67711 1.64338 0.19393 0.78870 -0.15133 0.56342
1403638199095097088 7.82388 -3.42137 1.59890 0.18872 0.79074 -0.15556 0.56117
1403638199195097088 7.86592 -3.29940 1.60157 0.18633 0.78989 -0.15812 0.56245
1403638199345096960 7.91445 -3.08949 1.62058 0.18433 0.78547 -0.15986 0.56878
1403638199445096960 7.93773 -2.93622 1.64063 0.18909 0.78599 -0.15718 0.56724
1403638199545097216 7.96305 -2.77054 1.66733 0.19307 0.78995 -0.15449 0.56110
1403638199795097088 8.03825 -2.30452 1.75645 0.16351 0.79676 -0.15149 0.56168
1403638199895097088 8.07412 -2.10515 1.79292 0.14804 0.79937 -0.15392 0.56160
1403638199995096832 8.11183 -1.90518 1.82223 0.13866 0.80093 -0.15283 0.56208
1403638200245096960 8.19160 -1.39622 1.88589 0.12853 0.80062 -0.11949 0.57290
1403638200495096832 8.26388 -0.86322 1.98125 0.11552 0.79957 -0.07682 0.58433
1403638200595097088 8.28367 -0.64287 2.03469 0.11279 0.80230 -0.06150 0.58294
1403638200695097088 8.29749 -0.41453 2.09361 0.11201 0.80403 -0.04285 0.58237
1403638200795097088 8.30674 -0.17494 2.15180 0.10716 0.80772 -0.03115 0.57890
1403638200895097088 8.31420 0.07220 2.20437 0.09946 0.81106 -0.02675 0.57583
1403638201145096960 8.33901 0.71895 2.30163 0.06821 0.81178 -0.03916 0.57864
1403638201245096960 8.33567 0.98174 2.32639 0.06303 0.80984 -0.04372 0.58162
1403638201395097088 8.33595 1.37433 2.34958 0.06608 0.81060 -0.04439 0.58017
1403638201495096832 8.32264 1.63528 2.35277 0.06654 0.80916 -0.04645 0.58195
1403638201695097088 8.30707 2.15430 2.33870 0.06957 0.80599 -0.04856 0.58582
1403638201795097088 8.28400 2.40784 2.31442 0.07129 0.80572 -0.04911 0.58593
1403638201895097088 8.26095 2.66467 2.28474 0.06954 0.80567 -0.05064 0.58609
1403638202095097088 8.21125 3.18866 2.23703 0.05509 0.80799 -0.04380 0.58497
1403638202195097088 8.17932 3.45364 2.21993 0.04358 0.81176 -0.04372 0.58072
1403638202295097088 8.14247 3.71555 2.20959 0.03609 0.81665 -0.04256 0.57443
1403638202395097088 8.11305 3.97138 2.20679 0.03241 0.81824 -0.04096 0.57250
1403638202645096960 8.04366 4.59511 2.17808 0.02540 0.82084 -0.04169 0.56906
1403638202745096960 8.02785 4.83614 2.15742 0.02554 0.82097 -0.04200 0.56885
1403638202845096960 8.01462 5.06826 2.13026 0.02729 0.81994 -0.04154 0.57028
1403638202995096832 7.99198 5.41019 2.08894 0.02753 0.81854 -0.04266 0.57220
1403638203345096960 7.92129 6.16738 2.04372 0.03085 0.81188 -0.04140 0.58153
1403638203445096960 7.90488 6.37752 2.02898 0.02897 0.81035 -0.04249 0.58369
1403638203545097216 7.88488 6.58030 2.00948 0.02746 0.81115 -0.04371 0.58255
1403638203845096960 7.80660 7.16300 1.97761 0.02665 0.81225 -0.04397 0.58105
1403638203995096832 7.76534 7.43637 1.98429 0.02600 0.81266 -0.04294 0.58057
1403638204095097088 7.73940 7.60929 1.99757 0.02429 0.81507 -0.04271 0.57727
1403638204195097088 7.71500 7.76907 2.02095 0.01874 0.81789 -0.04532 0.57328
1403638204545097216 7.61708 8.28742 2.12450 -0.00575 0.82734 -0.06519 0.55788
1403638204645096960 7.60032 8.40793 2.14979 -0.00746 0.82586 -0.06224 0.56038
1403638204795097088 7.56749 8.58746 2.16958 -0.00477 0.82633 -0.03998 0.56175
1403638204895097088 7.54261 8.70009 2.17148 -0.00128 0.82432 -0.01302 0.56598
1403638205045097216 7.51858 8.85714 2.16301 -0.01440 0.82193 0.03364 0.56842
1403638205345096960 7.47951 9.18166 2.15022 -0.09037 0.80601 0.14776 0.56599
1403638205495096832 7.46045 9.34312 2.16658 -0.12207 0.78797 0.20631 0.56713
1403638205645096960 7.43177 9.50750 2.19782 -0.13096 0.76948 0.24979 0.57302
1403638205745096960 7.40315 9.62307 2.22392 -0.13436 0.75852 0.26881 0.57822
1403638205945096960 7.31659 9.86639 2.29480 -0.15772 0.74777 0.30101 0.57039
1403638206245096960 7.11712 10.25606 2.43602 -0.20842 0.72745 0.34970 0.55235
1403638206395097088 6.99322 10.44568 2.50019 -0.23752 0.71947 0.36194 0.54309
1403638206495096832 6.90563 10.56456 2.53892 -0.25157 0.71572 0.36459 0.53994
1403638206845096960 6.55960 10.95674 2.60249 -0.27459 0.70556 0.37917 0.53199
1403638206945096960 6.44950 11.04741 2.60590 -0.28090 0.70169 0.38204 0.53177
1403638207045097216 6.33939 11.14078 2.60681 -0.28631 0.69841 0.38299 0.53251
1403638207145096960 6.22140 11.20949 2.59743 -0.28891 0.69583 0.38402 0.53374
1403638207495096832 5.80507 11.42186 2.51699 -0.31630 0.67313 0.41037 0.52768
1403638207595097088 5.66756 11.45615 2.50430 -0.32418 0.66757 0.42606 0.51743
1403638207695097088 5.53212 11.47959 2.49543 -0.33042 0.66865 0.43853 0.50141
1403638207995096832 5.15976 11.53897 2.51107 -0.33570 0.67468 0.45654 0.47296
1403638208095097088 5.04027 11.54679 2.52275 -0.33659 0.67350 0.45665 0.47389
1403638208195097088 4.91998 11.54789 2.53112 -0.34152 0.67072 0.45253 0.47825
1403638208295097088 4.80753 11.54981 2.53021 -0.34097 0.66967 0.45090 0.48163
1403638208595097088 4.48206 11.53842 2.50113 -0.33798 0.67130 0.46260 0.47024
1403638208745096960 4.32995 11.52594 2.50369 -0.34854 0.66348 0.47297 0.46325
1403638209045097216 4.02481 11.48689 2.51789 -0.35874 0.65030 0.48679 0.45983
1403638209145096960 3.91727 11.47613 2.50788 -0.36007 0.64911 0.48862 0.45855
1403638209245096960 3.81781 11.46045 2.49120 -0.36080 0.64879 0.48931 0.45769
1403638209345096960 3.71573 11.43763 2.46925 -0.36174 0.64978 0.48905 0.45580
1403638209495096832 3.58678 11.40280 2.42618 -0.36467 0.64925 0.48720 0.45621
1403638209595097088 3.49327 11.37555 2.38315 -0.36623 0.64796 0.48536 0.45874
1403638209695097088 3.40996 11.34882 2.32222 -0.36555 0.64974 0.48447 0.45771
1403638209945096960 3.21807 11.27255 2.10588 -0.36151 0.64495 0.48539 0.46664
1403638210195097088 3.02520 11.15267 1.86158 -0.37019 0.63512 0.47844 0.48030
1403638210295097088 2.94260 11.09303 1.77312 -0.37088 0.63552 0.47764 0.48003
1403638210395097088 2.86479 11.02518 1.68669 -0.37003 0.63619 0.47788 0.47955
1403638210495096832 2.79591 10.95364 1.59969 -0.37097 0.63643 0.47702 0.47937
1403638210745096960 2.61055 10.73900 1.36145 -0.37316 0.63624 0.47400 0.48090
1403638210895097088 2.50142 10.58793 1.22922 -0.37276 0.63957 0.47426 0.47652
1403638210995096832 2.43054 10.47303 1.15132 -0.37031 0.64297 0.47635 0.47175
1403638211195097088 2.30043 10.23464 1.01986 -0.36826 0.64864 0.47888 0.46295
1403638211495096832 2.13477 9.87556 0.86209 -0.35765 0.65975 0.46747 0.46722
1403638211845096960 1.98556 9.42005 0.63944 -0.32996 0.70114 0.40459 0.48563
1403638211945096960 1.95223 9.27908 0.57690 -0.31779 0.71395 0.38252 0.49291
1403638212045097216 1.92439 9.13741 0.52071 -0.30454 0.72559 0.36163 0.50000
1403638212145096960 1.90077 8.99521 0.47266 -0.28809 0.73484 0.34334 0.50905
1403638212245096960 1.87906 8.84700 0.43318 -0.27121 0.74308 0.32466 0.51853
1403638212345096960 1.85873 8.69655 0.40192 -0.25547 0.75161 0.30589 0.52559
1403638212445096960 1.84144 8.54357 0.37717 -0.23865 0.75888 0.28729 0.53349
1403638212645096960 1.81060 8.22314 0.35141 -0.21241 0.77392 0.24425 0.54430
1403638212745096960 1.79207 8.05605 0.34638 -0.19451 0.78155 0.22485 0.54844
1403638213045097216 1.75133 7.54434 0.37373 -0.14576 0.80036 0.15239 0.56121
1403638213145096960 1.73776 7.36641 0.38836 -0.13041 0.80698 0.12495 0.56229
1403638213295097088 1.72576 7.09889 0.40458 -0.11142 0.82148 0.08065 0.55340
1403638213395097088 1.72624 6.92598 0.41043 -0.10103 0.83050 0.04928 0.54556
1403638213695097088 1.76086 6.35674 0.40111 -0.05141 0.82518 -0.00924 0.56246
1403638213795097088 1.78524 6.16141 0.40647 -0.03204 0.81831 -0.01011 0.57379
1403638214195097088 1.87197 5.37862 0.46815 -0.01436 0.82869 -0.00536 0.55950
1403638214295097088 1.90115 5.18839 0.48823 -0.01607 0.83392 -0.00213 0.55165
1403638214395097088 1.93295 5.00048 0.50183 -0.01737 0.83726 0.00190 0.54652
1403638214645096960 2.03282 4.53937 0.51359 -0.02107 0.82545 0.01158 0.56396
1403638214745096960 2.07415 4.36048 0.50890 -0.02251 0.81900 0.01495 0.57315
1403638215095097088 2.21659 3.76071 0.44963 -0.02536 0.81168 0.02276 0.58311
1403638215195097088 2.25884 3.59745 0.42019 -0.02508 0.81294 0.02374 0.58132
1403638215295097088 2.29653 3.43234 0.38906 -0.02157 0.81485 0.02623 0.57867
1403638215395097088 2.32716 3.26872 0.35891 -0.01737 0.81540 0.02876 0.57793
1403638215495096832 2.36475 3.10916 0.33353 -0.01365 0.81498 0.03156 0.57847
1403638215695097088 2.42543 2.80757 0.30710 -0.01560 0.81307 0.03023 0.58118
1403638215795097088 2.45227 2.66725 0.30034 -0.01838 0.81271 0.02631 0.58178
1403638215995096832 2.49700 2.39278 0.26856 -0.01591 0.81296 0.01576 0.58189
1403638216095097088 2.51419 2.26075 0.24749 -0.01238 0.81281 0.01358 0.58225
1403638216295097088 2.54272 2.02017 0.21701 -0.00735 0.81176 0.01084 0.58384
1403638216395097088 2.55374 1.89854 0.21385 -0.00554 0.81041 0.01036 0.58575
1403638216645096960 2.56655 1.61565 0.20877 -0.00079 0.81173 0.01144 0.58392
1403638216745096960 2.56950 1.50247 0.19477 0.00163 0.81297 0.01342 0.58215
1403638216995096832 2.56463 1.24780 0.14201 0.01065 0.80728 -0.00150 0.59006
1403638217095097088 2.55463 1.15844 0.11425 0.01497 0.80950 -0.01634 0.58670
1403638217345096960 2.51903 0.94791 0.04572 0.03149 0.81375 -0.04334 0.57874
1403638217445096960 2.50039 0.85345 0.03389 0.03533 0.81481 -0.04853 0.57662
1403638217645096960 2.46147 0.70748 0.03120 0.04966 0.81631 -0.04661 0.57359
1403638217745096960 2.43821 0.63940 0.04170 0.05721 0.81697 -0.04232 0.57228
1403638218145096960 2.36375 0.45480 0.09292 0.06177 0.81347 -0.03322 0.57736
1403638218245096960 2.35121 0.41561 0.08991 0.06005 0.81072 -0.03177 0.58148
1403638218345096960 2.33514 0.39018 0.08653 0.05507 0.80703 -0.03236 0.58705
1403638218545097216 2.29064 0.36790 0.09668 0.04594 0.80762 -0.03459 0.58689
1403638218645096960 2.26722 0.36028 0.10987 0.04297 0.80969 -0.03548 0.58421
1403638219045097216 2.14724 0.39206 0.13880 0.03526 0.81755 -0.07190 0.57026
1403638219145096960 2.12288 0.40296 0.13702 0.03271 0.81537 -0.07969 0.57249
1403638219245096960 2.10260 0.40979 0.12710 0.04084 0.81118 -0.07773 0.57816
1403638219395097088 2.05737 0.42357 0.11435 0.05081 0.80050 -0.07406 0.59256
1403638219495096832 2.02954 0.43382 0.10819 0.05473 0.79527 -0.07198 0.59948
1403638219745096960 1.92788 0.46383 0.11081 0.04400 0.80052 -0.07876 0.59247
1403638219845096960 1.87810 0.47404 0.11101 0.03524 0.80400 -0.08444 0.58755
1403638220145096960 1.71384 0.48324 0.07740 0.02456 0.81120 -0.09150 0.57704
1403638220245096960 1.65975 0.47540 0.07062 0.03847 0.81292 -0.08220 0.57526
1403638220445096960 1.54644 0.45292 0.08093 0.05551 0.81495 -0.07059 0.57254
1403638220545097216 1.48997 0.44796 0.09172 0.05723 0.81440 -0.07002 0.57322
1403638220845096960 1.32169 0.44246 0.10883 0.05826 0.81350 -0.07377 0.57392
1403638220945096960 1.26881 0.44377 0.10027 0.05802 0.81423 -0.07555 0.57268
1403638221245096960 1.11107 0.45965 0.05959 0.05845 0.81711 -0.07792 0.56819
1403638221345096960 1.05831 0.46625 0.05601 0.05659 0.81863 -0.07984 0.56593
1403638221595097088 0.92918 0.48925 0.05145 0.05142 0.81856 -0.08548 0.56570
1403638221695097088 0.88404 0.49309 0.04492 0.05061 0.81688 -0.08604 0.56811
1403638222145096960 0.69293 0.50549 0.05630 0.05753 0.81649 -0.07959 0.56894
1403638222245096960 0.65397 0.50974 0.06119 0.05756 0.82018 -0.08000 0.56355
1403638222345096960 0.61397 0.50874 0.06211 0.05664 0.82356 -0.08054 0.55862
1403638222645096960 0.52363 0.52263 0.04066 0.05537 0.82031 -0.08145 0.56338
1403638222745096960 0.51312 0.52440 0.02487 0.05576 0.81663 -0.08133 0.56867
1403638222995096832 0.45433 0.53745 -0.01261 0.05581 0.80542 -0.08042 0.58457
1403638223095097088 0.43343 0.54220 -0.02735 0.05608 0.80819 -0.07998 0.58077
1403638223395097088 0.34926 0.56632 -0.04547 0.04580 0.82314 -0.08859 0.55902
1403638223495096832 0.33146 0.56442 -0.05075 0.03521 0.81830 -0.09577 0.56566
1403638223745096960 0.28630 0.55313 -0.07747 0.05114 0.81567 -0.08529 0.56990
1403638223845096960 0.26607 0.54498 -0.08948 0.05865 0.81648 -0.08000 0.56879
1403638223945096960 0.25597 0.53774 -0.10408 0.06375 0.81656 -0.07626 0.56863
1403638224045097216 0.24512 0.53560 -0.12484 0.06525 0.81872 -0.07522 0.56550
1403638224145096960 0.22932 0.54040 -0.14414 0.06324 0.82437 -0.07647 0.55729
1403638224245096960 0.21459 0.53520 -0.16338 0.06139 0.82780 -0.07761 0.55224
1403638224345096960 0.21004 0.53216 -0.18213 0.06108 0.82352 -0.07763 0.55862
1403638224445096960 0.20802 0.53641 -0.19648 0.05460 0.81745 -0.08260 0.56742
