1403638131095097088 0.01799 0.01278 0.44135 -0.08305 0.79091 -0.00703 0.60623
1403638131195097088 0.01525 0.02361 0.40637 -0.07184 0.79898 0.00149 0.59704
1403638131295097088 0.01539 0.02700 0.38310 -0.06008 0.80988 0.01532 0.58331
1403638131395097088 0.01489 0.02415 0.35484 -0.05802 0.81222 0.01705 0.58021
1403638131495096832 0.01449 0.02254 0.32261 -0.05167 0.81200 0.01825 0.58107
1403638131595097088 0.01382 0.02250 0.28546 -0.04871 0.81573 0.01998 0.57603
1403638131695097088 0.01382 0.02095 0.24452 -0.04526 0.81703 0.02377 0.57433
1403638131795097088 0.00576 0.01198 0.19812 -0.03887 0.81699 0.02898 0.57461
1403638131895097088 0.00540 0.01074 0.15123 -0.02942 0.81852 0.03249 0.57280
1403638131995096832 0.00582 0.01155 0.11621 -0.02265 0.82027 0.03872 0.57021
1403638132095097088 -0.00018 0.00564 0.09642 -0.01422 0.82547 0.05523 0.56156
1403638132195097088 0.00193 0.00781 0.11072 -0.01396 0.82600 0.06189 0.56009
1403638132295097088 -0.00001 0.00434 0.14953 -0.02723 0.81776 0.05467 0.57231
1403638132395097088 0.00111 0.00708 0.20464 -0.04032 0.81328 0.04942 0.57837
1403638132495096832 0.00294 0.00698 0.26480 -0.06039 0.80491 0.03850 0.58906
1403638132595097088 0.00019 0.01056 0.31722 -0.07946 0.79080 0.02402 0.60643
1403638132695097088 -0.00035 0.01909 0.35659 -0.08634 0.79080 0.02035 0.60561
1403638132795097088 -0.00464 0.03061 0.37542 -0.08860 0.79601 0.01887 0.59847
1403638132895097088 -0.00622 0.03861 0.38544 -0.09469 0.78852 0.01028 0.60758
1403638132995096832 -0.00689 0.03954 0.38007 -0.10153 0.78186 0.00954 0.61505
1403638133095097088 -0.00465 0.03028 0.35968 -0.09199 0.78649 0.02404 0.61024
1403638133195097088 -0.00487 0.00709 0.33154 -0.08071 0.79070 0.02594 0.60631
1403638133295097088 -0.00257 -0.02664 0.30676 -0.06545 0.79251 0.01607 0.60613
1403638133395097088 -0.00449 -0.06823 0.28471 -0.04779 0.79889 0.00897 0.59951
1403638133495096832 -0.01221 -0.11341 0.26593 -0.02823 0.80252 -0.00506 0.59594
1403638133595097088 -0.02468 -0.16003 0.24909 -0.02043 0.80450 -0.02731 0.59297
1403638133695097088 -0.03926 -0.20163 0.23376 -0.01890 0.80836 -0.04482 0.58667
1403638133795097088 -0.05397 -0.24259 0.21847 -0.00523 0.81060 -0.05845 0.58265
1403638133895097088 -0.06056 -0.27236 0.20437 0.01094 0.81331 -0.06614 0.57796
1403638133995096832 -0.05553 -0.28103 0.19529 0.01795 0.81249 -0.07194 0.57824
1403638134095097088 -0.03721 -0.26980 0.19323 0.02109 0.81538 -0.06664 0.57469
1403638134195097088 -0.01076 -0.24528 0.19530 0.02405 0.81667 -0.06034 0.57344
1403638134295097088 0.01998 -0.21274 0.20167 0.01987 0.80765 -0.06833 0.58535
1403638134395097088 0.05543 -0.17073 0.20644 0.01117 0.80922 -0.07323 0.58281
1403638134495096832 0.08774 -0.12621 0.20854 0.00396 0.81057 -0.07691 0.58056
1403638134595097088 0.11092 -0.08191 0.21212 -0.00658 0.80898 -0.08192 0.58206
1403638134695097088 0.13023 -0.03544 0.21428 -0.01124 0.81244 -0.08091 0.57730
1403638134795097088 0.14064 0.01184 0.21845 -0.01358 0.81956 -0.07494 0.56791
1403638134895097088 0.15463 0.05408 0.22434 -0.01111 0.82162 -0.07074 0.56552
1403638134995096832 0.16105 0.09230 0.23017 -0.01171 0.81765 -0.07146 0.57114
1403638135095097088 0.16252 0.12250 0.23051 -0.00789 0.82143 -0.06391 0.56665
1403638135195097088 0.16123 0.14129 0.22542 -0.00642 0.82571 -0.05630 0.56124
1403638135295097088 0.15691 0.14440 0.21691 -0.00419 0.82744 -0.05324 0.55901
1403638135395097088 0.15128 0.13772 0.20342 -0.00131 0.82491 -0.05534 0.56255
1403638135495096832 0.13958 0.11817 0.19336 0.00806 0.82721 -0.05452 0.55919
1403638135595097088 0.12884 0.09070 0.18818 0.01601 0.83187 -0.05454 0.55206
1403638135695097088 0.11816 0.05487 0.18705 0.02116 0.82775 -0.06456 0.55698
1403638135795097088 0.10100 0.02058 0.18107 0.01812 0.82472 -0.07747 0.55992
1403638135895097088 0.08129 -0.01278 0.18064 0.02841 0.82989 -0.07301 0.55240
1403638135995096832 0.05803 -0.04530 0.19049 0.04021 0.83514 -0.06864 0.54426
1403638136095097088 0.03936 -0.08439 0.20900 0.04891 0.82798 -0.07444 0.55364
1403638136195097088 0.01884 -0.12766 0.22273 0.04627 0.81780 -0.08827 0.56681
1403638136295097088 -0.00403 -0.17485 0.22241 0.05239 0.81528 -0.09337 0.56908
1403638136395097088 -0.02543 -0.21030 0.21253 0.06214 0.81707 -0.09442 0.56535
1403638136495096832 -0.04072 -0.23072 0.20494 0.06820 0.81944 -0.09677 0.56081
1403638136595097088 -0.04736 -0.23052 0.20853 0.06257 0.81998 -0.10761 0.55870
1403638136695097088 -0.04523 -0.21132 0.22009 0.04926 0.81871 -0.10962 0.56148
1403638136795097088 -0.04026 -0.17736 0.23624 0.03233 0.81824 -0.10573 0.56415
1403638136895097088 -0.03135 -0.13893 0.24648 0.00751 0.81091 -0.10757 0.57515
1403638136995096832 -0.02365 -0.10061 0.24215 -0.01109 0.80096 -0.11118 0.58820
1403638137095097088 -0.01661 -0.06173 0.22001 -0.01773 0.80133 -0.10568 0.58854
1403638137195097088 -0.01170 -0.02840 0.18496 -0.01447 0.80930 -0.09242 0.57990
1403638137295097088 -0.01066 -0.00094 0.14627 -0.01073 0.81799 -0.07829 0.56978
1403638137395097088 -0.01085 0.01972 0.10665 -0.00807 0.82334 -0.07109 0.56302
1403638137495096832 -0.01148 0.03350 0.06948 0.00252 0.83122 -0.06258 0.55240
1403638137595097088 -0.01003 0.04251 0.03744 0.01752 0.83979 -0.05135 0.54020
1403638137695097088 -0.00826 0.04923 0.01317 0.02581 0.84050 -0.05141 0.53874
1403638137795097088 -0.00632 0.05657 -0.00544 0.02864 0.83980 -0.05702 0.53913
1403638137895097088 -0.00843 0.06106 -0.01955 0.03512 0.84542 -0.05345 0.53025
1403638137995096832 -0.00656 0.07200 -0.03026 0.04127 0.85395 -0.04576 0.51669
1403638138095097088 -0.00361 0.06003 -0.03497 0.04211 0.85418 -0.04151 0.51661
1403638138195097088 -0.00781 0.05730 -0.03639 0.03842 0.84632 -0.04925 0.52900
1403638138295097088 -0.01039 0.05706 -0.03794 0.03621 0.84251 -0.05214 0.53492
1403638138395097088 -0.01280 0.05722 -0.03834 0.03659 0.83789 -0.05291 0.54204
1403638138495096832 -0.01341 0.05683 -0.03785 0.03739 0.83761 -0.05196 0.54250
1403638138595097088 -0.01379 0.05763 -0.03776 0.03691 0.83753 -0.05200 0.54266
1403638138695097088 -0.01401 0.05800 -0.03787 0.03611 0.83747 -0.05266 0.54274
1403638138795097088 -0.01407 0.05797 -0.03790 0.03614 0.83755 -0.05218 0.54266
1403638138895097088 -0.01348 0.05821 -0.03791 0.03488 0.83739 -0.05329 0.54288
1403638138995096832 -0.01307 0.05813 -0.03785 0.03515 0.83749 -0.05294 0.54275
1403638139095097088 -0.01300 0.05772 -0.03807 0.03536 0.83753 -0.05265 0.54270
1403638139195097088 -0.01258 0.05757 -0.03809 0.03558 0.83749 -0.05249 0.54276
1403638139295097088 -0.01206 0.05745 -0.03821 0.03562 0.83748 -0.05250 0.54277
1403638139395097088 -0.01365 0.05784 -0.03881 0.03530 0.83743 -0.05257 0.54286
1403638139495096832 -0.01367 0.05782 -0.03887 0.03502 0.83744 -0.05267 0.54286
1403638139595097088 -0.01366 0.05788 -0.03904 0.03481 0.83742 -0.05265 0.54291
1403638139695097088 -0.01330 0.05762 -0.03903 0.03475 0.83742 -0.05269 0.54291
1403638139795097088 -0.01327 0.05744 -0.03912 0.03461 0.83742 -0.05269 0.54292
1403638139895097088 -0.01366 0.05766 -0.03918 0.03459 0.83740 -0.05259 0.54296
1403638139995096832 -0.01375 0.05752 -0.03923 0.03438 0.83743 -0.05250 0.54293
1403638140095097088 -0.01359 0.05747 -0.03926 0.03421 0.83745 -0.05242 0.54292
1403638140195097088 -0.01354 0.05737 -0.03924 0.03396 0.83744 -0.05230 0.54296
1403638140295097088 -0.01346 0.05729 -0.03931 0.03381 0.83744 -0.05223 0.54298
1403638140395097088 -0.01347 0.05730 -0.03936 0.03356 0.83744 -0.05215 0.54300
1403638140495096832 -0.01370 0.05731 -0.03925 0.03334 0.83745 -0.05206 0.54300
1403638140595097088 -0.01370 0.05724 -0.03921 0.03310 0.83745 -0.05194 0.54304
1403638140695097088 -0.01362 0.05719 -0.03919 0.03292 0.83746 -0.05176 0.54305
1403638140795097088 -0.01364 0.05722 -0.03915 0.03270 0.83746 -0.05167 0.54307
1403638140895097088 -0.01360 0.05725 -0.03903 0.03245 0.83749 -0.05154 0.54305
1403638140995096832 -0.01352 0.05738 -0.03895 0.03221 0.83751 -0.05137 0.54305
1403638141095097088 -0.01342 0.05751 -0.03890 0.03196 0.83749 -0.05121 0.54311
1403638141195097088 -0.01311 0.05729 -0.03912 0.03183 0.83749 -0.05123 0.54312
1403638141295097088 -0.01333 0.05782 -0.03861 0.03118 0.83754 -0.05069 0.54312
1403638141395097088 -0.01329 0.05780 -0.03859 0.03080 0.83754 -0.05047 0.54317
1403638141495096832 -0.01312 0.05812 -0.03826 0.03008 0.83762 -0.04997 0.54314
1403638141595097088 -0.01321 0.05814 -0.03822 0.02989 0.83761 -0.04983 0.54316
1403638141695097088 -0.01303 0.05844 -0.03789 0.02909 0.83768 -0.04931 0.54316
1403638141795097088 -0.01296 0.05857 -0.03775 0.02865 0.83770 -0.04898 0.54317
1403638141895097088 -0.01270 0.05869 -0.03751 0.02798 0.83774 -0.04851 0.54319
1403638141995096832 -0.01250 0.05893 -0.03744 0.02741 0.83777 -0.04811 0.54320
1403638142095097088 -0.01270 0.05903 -0.03739 0.02722 0.83780 -0.04797 0.54318
1403638142195097088 -0.01258 0.05908 -0.03731 0.02685 0.83780 -0.04786 0.54321
1403638142295097088 -0.01239 0.05912 -0.03729 0.02679 0.83785 -0.04795 0.54314
1403638142395097088 -0.01230 0.05910 -0.03717 0.02683 0.83790 -0.04778 0.54307
1403638142495096832 -0.01257 0.05897 -0.03713 0.02639 0.83796 -0.04755 0.54302
1403638142595097088 -0.01263 0.05917 -0.03699 0.02572 0.83799 -0.04700 0.54305
1403638142695097088 -0.01279 0.05926 -0.03699 0.02591 0.83808 -0.04708 0.54290
1403638142795097088 -0.01303 0.05904 -0.03717 0.02636 0.83810 -0.04735 0.54283
1403638142895097088 -0.01318 0.05888 -0.03693 0.02628 0.83811 -0.04721 0.54281
1403638142995096832 -0.01312 0.05903 -0.03677 0.02615 0.83812 -0.04678 0.54284
1403638143095097088 -0.01338 0.05910 -0.03686 0.02617 0.83817 -0.04679 0.54276
1403638143195097088 -0.01344 0.05902 -0.03677 0.02609 0.83823 -0.04693 0.54267
1403638143295097088 -0.01342 0.05901 -0.03673 0.02607 0.83819 -0.04704 0.54272
1403638143395097088 -0.01344 0.05907 -0.03675 0.02618 0.83819 -0.04707 0.54272
1403638143495096832 -0.01333 0.05908 -0.03663 0.02628 0.83820 -0.04710 0.54269
1403638143595097088 -0.01338 0.05900 -0.03672 0.02642 0.83820 -0.04724 0.54268
1403638143695097088 -0.01319 0.05889 -0.03666 0.02628 0.83820 -0.04724 0.54268
1403638143795097088 -0.01342 0.05887 -0.03670 0.02623 0.83819 -0.04722 0.54270
1403638143895097088 -0.01345 0.05895 -0.03659 0.02620 0.83818 -0.04724 0.54271
1403638143995096832 -0.01373 0.05825 -0.03669 0.02627 0.83815 -0.04738 0.54274
1403638144095097088 -0.01352 0.05883 -0.03658 0.02620 0.83820 -0.04728 0.54268
1403638144195097088 -0.01346 0.05886 -0.03658 0.02624 0.83816 -0.04726 0.54273
1403638144295097088 -0.01354 0.05883 -0.03655 0.02617 0.83814 -0.04719 0.54279
1403638144395097088 -0.01335 0.05869 -0.03671 0.02615 0.83812 -0.04723 0.54280
1403638144495096832 -0.01329 0.05864 -0.03676 0.02621 0.83811 -0.04729 0.54282
1403638144595097088 -0.01337 0.05877 -0.03655 0.02617 0.83812 -0.04730 0.54281
1403638144695097088 -0.01340 0.05877 -0.03649 0.02609 0.83806 -0.04716 0.54290
1403638144795097088 -0.01344 0.05875 -0.03651 0.02607 0.83807 -0.04720 0.54289
1403638144895097088 -0.01348 0.05871 -0.03658 0.02612 0.83809 -0.04722 0.54285
1403638144995096832 -0.01353 0.05869 -0.03657 0.02615 0.83805 -0.04718 0.54292
1403638145095097088 -0.01382 0.05800 -0.03664 0.02616 0.83805 -0.04730 0.54291
1403638145195097088 -0.01349 0.05866 -0.03645 0.02619 0.83805 -0.04720 0.54291
1403638145295097088 -0.01334 0.05859 -0.03645 0.02618 0.83806 -0.04719 0.54290
1403638145395097088 -0.01353 0.05855 -0.03638 0.02625 0.83804 -0.04715 0.54294
1403638145495096832 -0.01371 0.05856 -0.03626 0.02624 0.83802 -0.04713 0.54296
1403638145595097088 -0.01361 0.05856 -0.03624 0.02614 0.83804 -0.04705 0.54295
1403638145695097088 -0.01346 0.05834 -0.03634 0.02616 0.83801 -0.04709 0.54298
1403638145795097088 -0.01353 0.05848 -0.03621 0.02620 0.83803 -0.04699 0.54296
1403638145895097088 -0.01357 0.05852 -0.03623 0.02622 0.83800 -0.04703 0.54300
1403638145995096832 -0.01364 0.05849 -0.03631 0.02620 0.83799 -0.04707 0.54302
1403638146095097088 -0.01365 0.05845 -0.03621 0.02617 0.83802 -0.04699 0.54297
1403638146195097088 -0.01363 0.05834 -0.03634 0.02623 0.83796 -0.04705 0.54307
1403638146295097088 -0.01359 0.05836 -0.03630 0.02633 0.83797 -0.04705 0.54305
1403638146395097088 -0.01361 0.05828 -0.03636 0.02640 0.83798 -0.04704 0.54302
1403638146495096832 -0.01381 0.05821 -0.03635 0.02647 0.83801 -0.04714 0.54298
1403638146595097088 -0.01382 0.05830 -0.03629 0.02658 0.83797 -0.04713 0.54303
1403638146695097088 -0.01385 0.05829 -0.03631 0.02667 0.83799 -0.04716 0.54298
1403638146795097088 -0.01387 0.05833 -0.03643 0.02667 0.83791 -0.04715 0.54311
1403638146895097088 -0.01391 0.05830 -0.03639 0.02683 0.83797 -0.04711 0.54301
1403638146995096832 -0.01397 0.05826 -0.03626 0.02697 0.83809 -0.04719 0.54282
1403638147095097088 -0.01409 0.05799 -0.03629 0.02689 0.83815 -0.04715 0.54274
1403638147195097088 -0.01388 0.05829 -0.03634 0.02697 0.83824 -0.04696 0.54260
1403638147295097088 -0.01397 0.05836 -0.03632 0.02689 0.83819 -0.04703 0.54268
1403638147395097088 -0.01367 0.05856 -0.03629 0.02699 0.83807 -0.04700 0.54286
1403638147495096832 -0.01356 0.05855 -0.03607 0.02688 0.83763 -0.04686 0.54356
1403638147595097088 -0.01365 0.05837 -0.03590 0.02634 0.83720 -0.04704 0.54423
1403638147695097088 -0.01333 0.05830 -0.03603 0.02598 0.83735 -0.04627 0.54409
1403638147795097088 -0.01107 0.05803 -0.03419 0.02653 0.83518 -0.04677 0.54735
1403638147895097088 -0.00637 0.05678 -0.02936 0.02897 0.82813 -0.04978 0.55757
1403638147995096832 0.00222 0.05550 -0.01928 0.02937 0.82155 -0.05200 0.56700
1403638148095097088 0.01240 0.05416 -0.00204 0.03025 0.81637 -0.05143 0.57445
1403638148195097088 0.02312 0.05292 0.02437 0.03091 0.81351 -0.04836 0.57871
1403638148295097088 0.03198 0.05188 0.06541 0.02923 0.81321 -0.04554 0.57945
1403638148395097088 0.03998 0.05145 0.11496 0.02764 0.81291 -0.04262 0.58016
1403638148495096832 0.04547 0.05100 0.14878 0.02762 0.81674 -0.03953 0.57499
1403638148595097088 0.05095 0.05140 0.15741 0.02768 0.82076 -0.03702 0.56940
1403638148695097088 0.06072 0.05246 0.15044 0.02719 0.82440 -0.03488 0.56428
1403638148795097088 0.07373 0.05431 0.14593 0.02533 0.82688 -0.03369 0.56079
1403638148895097088 0.08848 0.05730 0.14775 0.02383 0.82761 -0.03224 0.55987
1403638148995096832 0.10950 0.05953 0.16717 0.02260 0.82578 -0.03102 0.56269
1403638149095097088 0.12692 0.06730 0.19253 0.02246 0.82200 -0.02958 0.56828
1403638149195097088 0.14850 0.07364 0.22555 0.02215 0.81969 -0.02905 0.57163
1403638149295097088 0.17540 0.08087 0.26243 0.02089 0.81838 -0.03076 0.57347
1403638149395097088 0.19671 0.08907 0.28959 0.02008 0.81706 -0.03086 0.57537
1403638149495096832 0.21744 0.09784 0.31101 0.02054 0.81627 -0.03030 0.57651
1403638149595097088 0.24041 0.10597 0.33072 0.02130 0.81614 -0.02878 0.57675
1403638149695097088 0.26231 0.11534 0.34393 0.01853 0.81629 -0.02406 0.57684
1403638149795097088 0.28528 0.12441 0.35523 0.01626 0.81640 -0.01930 0.57694
1403638149895097088 0.30648 0.13277 0.36031 0.01409 0.81629 -0.01592 0.57726
1403638149995096832 0.33538 0.14285 0.36686 0.01447 0.81670 -0.01258 0.57675
1403638150095097088 0.35584 0.15469 0.36034 0.02113 0.81665 -0.00646 0.57671
1403638150195097088 0.38290 0.17207 0.35502 0.02860 0.81672 -0.00046 0.57632
1403638150295097088 0.40280 0.19282 0.33717 0.03165 0.81775 0.00231 0.57469
1403638150395097088 0.42397 0.21922 0.31661 0.02835 0.82199 0.00176 0.56879
1403638150495096832 0.45151 0.25020 0.30740 0.01688 0.82773 0.00182 0.56087
1403638150595097088 0.48303 0.28697 0.30628 0.00876 0.83140 0.00621 0.55557
1403638150695097088 0.51398 0.32740 0.31024 0.00252 0.83156 0.01043 0.55534
1403638150795097088 0.55444 0.36883 0.32523 -0.00105 0.83030 0.01708 0.55706
1403638150895097088 0.59566 0.40851 0.34117 -0.00451 0.82758 0.02602 0.56073
1403638150995096832 0.64134 0.45334 0.34672 -0.00802 0.82307 0.03385 0.56687
1403638151095097088 0.68645 0.50074 0.35407 -0.01392 0.82066 0.04611 0.56939
1403638151195097088 0.72750 0.55432 0.35747 -0.02325 0.81808 0.06345 0.57112
1403638151295097088 0.76692 0.60873 0.35410 -0.03702 0.81756 0.08206 0.56876
1403638151395097088 0.80812 0.66385 0.34673 -0.05220 0.81596 0.10219 0.56660
1403638151495096832 0.84824 0.72139 0.34327 -0.06824 0.81337 0.12162 0.56478
1403638151595097088 0.88937 0.77990 0.34613 -0.08093 0.81095 0.13820 0.56277
1403638151695097088 0.93027 0.83979 0.35472 -0.09000 0.80832 0.15069 0.56198
1403638151795097088 0.97049 0.90084 0.37210 -0.09521 0.80744 0.15939 0.55997
1403638151895097088 1.01030 0.96326 0.39737 -0.09855 0.80692 0.16433 0.55871
1403638151995096832 1.05137 1.02817 0.42653 -0.09818 0.80706 0.16792 0.55752
1403638152095097088 1.09319 1.09453 0.45155 -0.09818 0.80749 0.16873 0.55663
1403638152195097088 1.13364 1.16440 0.47179 -0.09759 0.80745 0.16912 0.55668
1403638152295097088 1.17352 1.23502 0.48490 -0.09484 0.80706 0.17031 0.55737
1403638152395097088 1.21471 1.31005 0.49088 -0.09097 0.80695 0.17121 0.55789
1403638152495096832 1.25533 1.38890 0.48910 -0.08711 0.80748 0.17173 0.55758
1403638152595097088 1.28996 1.46910 0.48292 -0.08700 0.80757 0.17085 0.55774
1403638152695097088 1.32995 1.55574 0.47406 -0.09219 0.80942 0.16901 0.55478
1403638152795097088 1.36962 1.64572 0.47217 -0.09998 0.80783 0.17233 0.55472
1403638152895097088 1.40837 1.73641 0.47940 -0.11153 0.80371 0.17846 0.55657
1403638152995096832 1.44154 1.82636 0.49344 -0.12265 0.79946 0.18992 0.55655
1403638153095097088 1.47182 1.91629 0.51358 -0.13202 0.79949 0.20272 0.54981
1403638153195097088 1.50664 2.00725 0.53387 -0.13809 0.79980 0.21305 0.54394
1403638153295097088 1.54603 2.09834 0.54970 -0.14150 0.79880 0.22169 0.54107
1403638153395097088 1.58822 2.19061 0.56019 -0.14765 0.79680 0.23213 0.53798
1403638153495096832 1.63113 2.28468 0.56912 -0.14974 0.79297 0.24850 0.53575
1403638153595097088 1.67191 2.37893 0.58545 -0.15252 0.78836 0.26706 0.53283
1403638153695097088 1.71466 2.48178 0.60559 -0.16117 0.78238 0.28390 0.53038
1403638153795097088 1.74361 2.57833 0.62783 -0.17564 0.77530 0.29780 0.52856
1403638153895097088 1.78147 2.68569 0.64173 -0.18643 0.76905 0.30722 0.52860
1403638153995096832 1.81803 2.79842 0.64784 -0.19620 0.76377 0.31145 0.53025
1403638154095097088 1.84736 2.90914 0.65167 -0.20312 0.75951 0.31483 0.53176
1403638154195097088 1.88075 3.02368 0.64955 -0.20558 0.75441 0.31637 0.53714
1403638154295097088 1.90891 3.14369 0.64966 -0.20678 0.75005 0.31779 0.54191
1403638154395097088 1.93933 3.26571 0.64534 -0.20973 0.74487 0.31529 0.54935
1403638154495096832 1.96225 3.37617 0.63148 -0.21223 0.74152 0.31242 0.55453
1403638154595097088 1.98612 3.50121 0.62478 -0.21407 0.74271 0.31218 0.55235
1403638154695097088 1.99563 3.60781 0.62076 -0.21685 0.74521 0.31671 0.54528
1403638154795097088 2.00903 3.72195 0.62288 -0.21619 0.74610 0.32662 0.53843
1403638154895097088 2.01269 3.82722 0.63291 -0.21534 0.74459 0.33590 0.53515
1403638154995096832 2.01174 3.93306 0.65141 -0.21689 0.74093 0.34536 0.53357
1403638155095097088 2.00484 4.03789 0.67553 -0.22310 0.73542 0.35539 0.53205
1403638155195097088 1.99300 4.14219 0.69933 -0.23139 0.73004 0.36264 0.53103
1403638155295097088 1.97710 4.24779 0.71688 -0.23858 0.72372 0.36749 0.53316
1403638155395097088 1.95582 4.35429 0.72787 -0.24404 0.71650 0.37436 0.53565
1403638155495096832 1.92929 4.46010 0.73144 -0.24880 0.70971 0.38385 0.53579
1403638155595097088 1.89610 4.56830 0.72743 -0.26290 0.70423 0.39077 0.53126
1403638155695097088 1.85508 4.66970 0.72174 -0.28124 0.69559 0.39874 0.52732
1403638155795097088 1.80878 4.76788 0.71082 -0.29618 0.68732 0.41148 0.52014
1403638155895097088 1.75866 4.85964 0.69591 -0.30925 0.68074 0.42758 0.50808
1403638155995096832 1.70438 4.94681 0.68292 -0.31901 0.67610 0.44864 0.48974
1403638156095097088 1.64888 5.02884 0.67779 -0.32766 0.67036 0.47086 0.47068
1403638156195097088 1.59485 5.11068 0.68073 -0.33941 0.66255 0.48683 0.45696
1403638156295097088 1.54241 5.19091 0.69021 -0.34719 0.65536 0.50285 0.44397
1403638156395097088 1.49363 5.27155 0.69804 -0.35334 0.65034 0.51453 0.43298
1403638156495096832 1.44825 5.35230 0.69962 -0.35705 0.64735 0.52217 0.42520
1403638156595097088 1.40655 5.43658 0.69456 -0.36006 0.64448 0.52612 0.42214
1403638156695097088 1.36887 5.52104 0.68431 -0.36074 0.64371 0.52801 0.42038
1403638156795097088 1.33431 5.60988 0.66953 -0.36057 0.64317 0.52868 0.42051
1403638156895097088 1.30246 5.70297 0.65213 -0.35933 0.64384 0.52836 0.42093
1403638156995096832 1.27169 5.79638 0.63703 -0.35744 0.64543 0.52708 0.42172
1403638157095097088 1.24029 5.89752 0.63129 -0.35507 0.64832 0.52632 0.42022
1403638157195097088 1.21594 6.00197 0.63098 -0.35063 0.65183 0.52632 0.41853
1403638157295097088 1.18876 6.10970 0.63827 -0.35177 0.65182 0.52532 0.41884
1403638157395097088 1.16913 6.22263 0.64909 -0.35093 0.64778 0.52818 0.42220
1403638157495096832 1.14986 6.33985 0.65666 -0.35250 0.64200 0.53081 0.42641
1403638157595097088 1.12851 6.46045 0.66038 -0.35858 0.63318 0.53544 0.42872
1403638157695097088 1.10761 6.58241 0.66048 -0.36603 0.61951 0.54414 0.43144
1403638157795097088 1.08360 6.70507 0.66606 -0.37395 0.60511 0.55676 0.42897
1403638157895097088 1.05703 6.82740 0.67926 -0.38636 0.59191 0.56887 0.42041
1403638157995096832 1.02545 6.95215 0.70297 -0.39671 0.58003 0.58052 0.41130
1403638158095097088 0.99649 7.06836 0.71839 -0.40608 0.57468 0.58866 0.39790
1403638158195097088 0.96942 7.18289 0.72907 -0.41479 0.57113 0.59257 0.38811
1403638158295097088 0.94555 7.30076 0.73366 -0.41829 0.56653 0.59638 0.38523
1403638158395097088 0.92360 7.41567 0.73351 -0.41724 0.56291 0.60041 0.38543
1403638158495096832 0.90282 7.52865 0.72980 -0.41500 0.55835 0.60350 0.38962
1403638158595097088 0.88148 7.64046 0.72201 -0.41319 0.55566 0.60473 0.39347
1403638158695097088 0.85712 7.75234 0.71331 -0.41424 0.55616 0.60297 0.39435
1403638158795097088 0.83036 7.86217 0.70517 -0.41521 0.56073 0.60116 0.38959
1403638158895097088 0.79948 7.97895 0.70427 -0.41390 0.56718 0.59999 0.38341
1403638158995096832 0.77260 8.08872 0.71091 -0.41182 0.57209 0.59990 0.37846
1403638159095097088 0.74706 8.20534 0.72466 -0.40474 0.57828 0.60317 0.37144
1403638159195097088 0.72351 8.32125 0.73820 -0.39511 0.58539 0.60812 0.36249
1403638159295097088 0.70184 8.44273 0.74880 -0.39590 0.58567 0.60626 0.36429
1403638159395097088 0.68267 8.56710 0.75632 -0.41006 0.57957 0.59608 0.37502
1403638159495096832 0.66642 8.69551 0.76458 -0.42843 0.57163 0.58272 0.38746
1403638159595097088 0.65412 8.83570 0.77932 -0.44850 0.56925 0.56802 0.39007
1403638159695097088 0.64975 8.95022 0.80116 -0.46255 0.56920 0.55788 0.38837
1403638159795097088 0.65460 9.06983 0.83168 -0.46568 0.56792 0.55603 0.38914
1403638159895097088 0.67030 9.18136 0.87139 -0.45866 0.56195 0.56189 0.39765
1403638159995096832 0.69145 9.26603 0.91829 -0.44884 0.55627 0.56972 0.40563
1403638160095097088 0.71655 9.33590 0.97366 -0.44200 0.55477 0.57567 0.40677
1403638160195097088 0.74355 9.40855 1.03623 -0.43202 0.55863 0.58414 0.40008
1403638160295097088 0.77040 9.46944 1.10781 -0.42057 0.56513 0.59357 0.38914
1403638160395097088 0.79710 9.53829 1.18626 -0.41186 0.56880 0.60016 0.38294
1403638160495096832 0.82577 9.59436 1.25786 -0.40986 0.57050 0.60180 0.37999
1403638160595097088 0.85336 9.66413 1.32839 -0.40873 0.57120 0.60252 0.37899
1403638160695097088 0.88055 9.73886 1.39297 -0.40896 0.57148 0.60210 0.37900
1403638160795097088 0.90834 9.81399 1.45368 -0.41749 0.57171 0.59529 0.38010
1403638160895097088 0.93768 9.89111 1.51342 -0.42861 0.57333 0.58088 0.38750
1403638160995096832 0.97147 9.95714 1.56427 -0.43190 0.57764 0.56622 0.39900
1403638161095097088 1.01167 10.01280 1.61212 -0.42801 0.58629 0.55316 0.40875
1403638161195097088 1.05635 10.06283 1.65678 -0.41545 0.59848 0.54226 0.41853
1403638161295097088 1.10512 10.11283 1.69933 -0.40013 0.61428 0.52889 0.42760
1403638161395097088 1.15564 10.15962 1.74129 -0.38366 0.63079 0.51701 0.43314
1403638161495096832 1.20702 10.20655 1.78111 -0.36742 0.64473 0.51057 0.43433
1403638161595097088 1.26291 10.25601 1.81895 -0.35777 0.65420 0.50457 0.43524
1403638161695097088 1.31522 10.30750 1.85013 -0.35433 0.66150 0.49780 0.43482
1403638161795097088 1.36990 10.35774 1.87563 -0.35524 0.66497 0.49038 0.43719
1403638161895097088 1.42562 10.41155 1.90068 -0.35457 0.66627 0.48207 0.44495
1403638161995096832 1.48542 10.46239 1.91979 -0.35068 0.66988 0.47451 0.45069
1403638162095097088 1.54671 10.51363 1.94239 -0.34761 0.67340 0.46919 0.45339
1403638162195097088 1.61111 10.56180 1.97182 -0.34588 0.67884 0.46542 0.45048
1403638162295097088 1.67825 10.60963 2.00301 -0.34436 0.68319 0.46285 0.44770
1403638162395097088 1.75041 10.65677 2.03045 -0.34706 0.68539 0.45896 0.44626
1403638162495096832 1.82739 10.70270 2.05320 -0.34808 0.68424 0.45726 0.44897
1403638162595097088 1.90879 10.74662 2.07642 -0.34467 0.68233 0.46004 0.45166
1403638162695097088 1.99330 10.78892 2.10392 -0.34048 0.68003 0.46413 0.45412
1403638162795097088 2.08043 10.82936 2.14008 -0.33874 0.68139 0.46508 0.45240
1403638162895097088 2.17087 10.87047 2.17748 -0.33996 0.68478 0.45911 0.45246
1403638162995096832 2.26543 10.90928 2.22258 -0.34539 0.68438 0.44980 0.45826
1403638163095097088 2.36570 10.95230 2.24942 -0.34961 0.68284 0.44044 0.46638
1403638163195097088 2.46762 10.98533 2.27010 -0.34364 0.68659 0.43433 0.47102
1403638163295097088 2.57468 11.01592 2.27624 -0.33143 0.69196 0.42885 0.47690
1403638163395097088 2.68451 11.04271 2.27804 -0.31854 0.69752 0.42030 0.48511
1403638163495096832 2.79383 11.06553 2.27804 -0.30828 0.70425 0.40976 0.49101
1403638163595097088 2.90507 11.08719 2.28561 -0.30185 0.70957 0.40144 0.49420
1403638163695097088 3.01498 11.10750 2.30416 -0.29652 0.71210 0.39674 0.49758
1403638163795097088 3.12101 11.12329 2.33133 -0.29369 0.71321 0.39385 0.49997
1403638163895097088 3.22429 11.13432 2.36601 -0.29523 0.71431 0.39027 0.50030
1403638163995096832 3.32705 11.14190 2.40672 -0.29840 0.71706 0.38758 0.49656
1403638164095097088 3.43173 11.14710 2.45417 -0.30216 0.71864 0.38613 0.49311
1403638164195097088 3.54068 11.14908 2.50652 -0.30726 0.71851 0.38414 0.49170
1403638164295097088 3.64761 11.14653 2.55395 -0.31125 0.71661 0.38329 0.49263
1403638164395097088 3.75658 11.13838 2.59486 -0.31400 0.71506 0.38319 0.49321
1403638164495096832 3.86749 11.12523 2.62950 -0.31604 0.71470 0.38367 0.49205
1403638164595097088 3.98140 11.10672 2.65993 -0.31916 0.71532 0.38214 0.49034
1403638164695097088 4.09966 11.08225 2.68535 -0.31660 0.71744 0.37901 0.49132
1403638164795097088 4.22433 11.05174 2.70672 -0.30703 0.71536 0.37865 0.50062
1403638164895097088 4.35075 11.01812 2.72804 -0.29356 0.71002 0.38168 0.51382
1403638164995096832 4.47175 10.98300 2.74441 -0.29017 0.70802 0.37842 0.52087
1403638165095097088 4.58835 10.94276 2.75431 -0.29658 0.71098 0.36515 0.52270
1403638165195097088 4.70075 10.89465 2.75783 -0.29407 0.71887 0.35829 0.51805
1403638165295097088 4.80952 10.84123 2.75414 -0.28630 0.73057 0.35687 0.50690
1403638165395097088 4.92001 10.78643 2.74414 -0.28545 0.73769 0.35108 0.50108
1403638165495096832 5.03078 10.72895 2.73246 -0.28419 0.73553 0.34728 0.50757
1403638165595097088 5.14262 10.66949 2.71557 -0.28400 0.72776 0.34361 0.52119
1403638165695097088 5.25229 10.60319 2.69678 -0.28255 0.71854 0.34221 0.53549
1403638165795097088 5.35836 10.52888 2.67231 -0.27841 0.71526 0.34399 0.54088
1403638165895097088 5.45747 10.44958 2.64449 -0.27273 0.72094 0.34823 0.53348
1403638165995096832 5.55286 10.36735 2.62206 -0.26731 0.72712 0.35277 0.52478
1403638166095097088 5.64636 10.28260 2.61069 -0.26123 0.73245 0.35811 0.51675
1403638166195097088 5.74018 10.20147 2.61092 -0.25670 0.73381 0.36356 0.51328
1403638166295097088 5.82876 10.11932 2.63313 -0.25526 0.73283 0.36730 0.51273
1403638166395097088 5.91143 10.04254 2.67523 -0.25332 0.73174 0.37083 0.51271
1403638166495096832 5.98442 9.97085 2.72764 -0.25233 0.73157 0.37301 0.51187
1403638166595097088 6.05830 9.90007 2.77412 -0.25419 0.73085 0.37339 0.51170
1403638166695097088 6.12818 9.83537 2.81282 -0.25726 0.73189 0.37223 0.50951
1403638166795097088 6.20176 9.76850 2.84098 -0.26482 0.73659 0.36834 0.50162
1403638166895097088 6.27422 9.70035 2.85956 -0.27052 0.74725 0.36499 0.48499
1403638166995096832 6.35023 9.64007 2.87261 -0.26891 0.75562 0.36600 0.47199
1403638167095097088 6.43343 9.58329 2.88587 -0.26333 0.75840 0.36983 0.46767
1403638167195097088 6.52685 9.53091 2.90661 -0.25778 0.75653 0.37399 0.47046
1403638167295097088 6.62715 9.48732 2.93547 -0.25344 0.75351 0.37718 0.47511
1403638167395097088 6.73261 9.45145 2.96960 -0.25263 0.75192 0.37736 0.47790
1403638167495096832 6.84308 9.42069 3.00203 -0.25577 0.74984 0.37454 0.48171
1403638167595097088 6.95625 9.39427 3.02836 -0.26238 0.74702 0.36886 0.48689
1403638167695097088 7.07287 9.36837 3.04784 -0.27019 0.74778 0.35817 0.48942
1403638167795097088 7.19995 9.33571 3.06198 -0.27368 0.75117 0.34477 0.49191
1403638167895097088 7.32963 9.30309 3.07142 -0.27156 0.75655 0.33040 0.49469
1403638167995096832 7.46016 9.27072 3.07658 -0.26497 0.76155 0.31660 0.49958
1403638168095097088 7.59619 9.23669 3.08498 -0.25957 0.76539 0.30420 0.50425
1403638168195097088 7.73632 9.19611 3.10080 -0.25130 0.76871 0.29406 0.50938
1403638168295097088 7.88420 9.14521 3.12309 -0.23755 0.77286 0.28523 0.51469
1403638168395097088 8.02810 9.09694 3.15309 -0.22545 0.77602 0.27337 0.52176
1403638168495096832 8.17481 9.04660 3.18554 -0.20855 0.78026 0.26824 0.52512
1403638168595097088 8.32184 8.99691 3.21083 -0.18973 0.78566 0.26937 0.52362
1403638168695097088 8.47173 8.95392 3.22599 -0.17488 0.78931 0.27127 0.52231
1403638168795097088 8.62048 8.91412 3.23449 -0.16835 0.79125 0.27163 0.52135
1403638168895097088 8.76662 8.88238 3.23761 -0.16419 0.79261 0.27268 0.52005
1403638168995096832 8.91351 8.85868 3.23610 -0.16426 0.79246 0.27362 0.51977
1403638169095097088 9.05931 8.84628 3.23015 -0.17071 0.78675 0.27236 0.52698
1403638169195097088 9.20626 8.83378 3.21869 -0.18177 0.78306 0.26878 0.53059
1403638169295097088 9.35313 8.82398 3.20360 -0.19576 0.78127 0.25843 0.53339
1403638169395097088 9.50056 8.81424 3.18314 -0.21101 0.77972 0.23907 0.53885
1403638169495096832 9.64618 8.79978 3.16192 -0.21512 0.77910 0.22043 0.54602
1403638169595097088 9.79570 8.77143 3.14662 -0.20823 0.78010 0.20525 0.55313
1403638169695097088 9.94725 8.73471 3.13660 -0.18964 0.78421 0.19429 0.55794
1403638169795097088 10.09145 8.68750 3.13599 -0.16556 0.78826 0.18364 0.56348
1403638169895097088 10.23288 8.63468 3.14365 -0.13703 0.79159 0.17361 0.56962
1403638169995096832 10.36653 8.58071 3.15934 -0.11259 0.78885 0.15988 0.58265
1403638170095097088 10.49755 8.53106 3.17596 -0.09884 0.78692 0.13871 0.59309
1403638170195097088 10.61594 8.48249 3.18482 -0.08970 0.78983 0.11360 0.59600
1403638170295097088 10.72704 8.43172 3.18694 -0.08217 0.79395 0.08745 0.59602
1403638170395097088 10.83023 8.37849 3.18216 -0.07223 0.79979 0.06293 0.59258
1403638170495096832 10.92989 8.32375 3.17281 -0.06295 0.80438 0.03895 0.58949
1403638170595097088 11.02848 8.26698 3.16747 -0.05850 0.80388 0.01342 0.59175
1403638170695097088 11.12229 8.20318 3.17227 -0.04902 0.80059 -0.00835 0.59715
1403638170795097088 11.20023 8.13070 3.18493 -0.03681 0.79967 -0.02686 0.59870
1403638170895097088 11.26979 8.05300 3.19863 -0.02237 0.79957 -0.04353 0.59857
1403638170995096832 11.33459 7.97287 3.20390 -0.00762 0.79901 -0.06026 0.59824
1403638171095097088 11.38516 7.88449 3.20729 0.00382 0.79654 -0.07633 0.59973
1403638171195097088 11.42848 7.79221 3.20744 0.01113 0.79411 -0.08900 0.60112
1403638171295097088 11.46496 7.69575 3.20540 0.01618 0.79211 -0.09773 0.60229
1403638171395097088 11.49071 7.59506 3.20183 0.01892 0.78994 -0.10405 0.60399
1403638171495096832 11.50436 7.48834 3.19670 0.02191 0.78765 -0.11116 0.60562
1403638171595097088 11.51125 7.37678 3.18964 0.02361 0.78471 -0.11831 0.60801
1403638171695097088 11.50810 7.25926 3.18062 0.02466 0.78148 -0.12847 0.61006
1403638171795097088 11.49317 7.13224 3.16937 0.02791 0.77887 -0.13894 0.61097
1403638171895097088 11.46760 6.99858 3.16183 0.02916 0.77413 -0.14883 0.61459
1403638171995096832 11.43004 6.85997 3.16147 0.03760 0.77058 -0.15219 0.61777
1403638172095097088 11.37792 6.71631 3.16710 0.04535 0.76971 -0.15389 0.61791
1403638172195097088 11.31354 6.56853 3.17108 0.04891 0.77022 -0.15535 0.61663
1403638172295097088 11.23729 6.41832 3.16587 0.05237 0.77118 -0.15487 0.61527
1403638172395097088 11.15034 6.26557 3.15033 0.05328 0.77101 -0.15432 0.61554
1403638172495096832 11.05618 6.10941 3.12410 0.05151 0.76894 -0.15417 0.61832
1403638172595097088 10.95406 5.95074 3.08868 0.04910 0.76694 -0.15352 0.62114
1403638172695097088 10.84116 5.78694 3.04588 0.04444 0.76652 -0.15332 0.62206
1403638172795097088 10.71785 5.61214 3.00042 0.04131 0.76697 -0.15147 0.62218
1403638172895097088 10.57972 5.44229 2.94818 0.03722 0.76705 -0.15057 0.62255
1403638172995096832 10.42921 5.26284 2.89345 0.02915 0.76971 -0.15106 0.61958
1403638173095097088 10.26772 5.08232 2.83127 0.02200 0.77470 -0.15126 0.61358
1403638173195097088 10.09827 4.89517 2.76226 0.02101 0.77973 -0.14901 0.60777
1403638173295097088 9.92001 4.70041 2.68798 0.02697 0.78343 -0.14293 0.60422
1403638173395097088 9.73596 4.50223 2.60802 0.03889 0.78697 -0.13422 0.60096
1403638173495096832 9.54596 4.30309 2.51795 0.05262 0.79127 -0.12509 0.59622
1403638173595097088 9.35554 4.10416 2.42270 0.06221 0.79261 -0.11938 0.59468
1403638173695097088 9.15732 3.90948 2.32664 0.06421 0.79278 -0.11908 0.59431
1403638173795097088 8.96110 3.71543 2.22581 0.06360 0.79342 -0.12048 0.59323
1403638173895097088 8.76562 3.52403 2.12727 0.06480 0.79480 -0.12068 0.59121
1403638173995096832 8.56636 3.33623 2.03577 0.06427 0.79396 -0.12171 0.59219
1403638174095097088 8.35984 3.15309 1.95120 0.06360 0.79453 -0.12245 0.59134
1403638174195097088 8.14613 2.97094 1.87185 0.06491 0.79769 -0.12172 0.58708
1403638174295097088 7.93382 2.79052 1.78657 0.06389 0.80343 -0.12160 0.57934
1403638174395097088 7.72203 2.60746 1.69671 0.06316 0.80702 -0.12127 0.57447
1403638174495096832 7.51557 2.42913 1.60577 0.06217 0.81015 -0.12043 0.57034
1403638174595097088 7.31690 2.25394 1.51957 0.06411 0.81382 -0.11812 0.56537
1403638174695097088 7.11959 2.07913 1.44073 0.06611 0.81831 -0.11619 0.55901
1403638174795097088 6.92020 1.90568 1.37247 0.06659 0.82251 -0.11541 0.55293
1403638174895097088 6.73922 1.73659 1.30718 0.06870 0.82447 -0.11372 0.55009
1403638174995096832 6.56599 1.57131 1.24743 0.06908 0.82575 -0.11421 0.54801
1403638175095097088 6.40320 1.40756 1.19603 0.07008 0.82462 -0.11436 0.54956
1403638175195097088 6.25021 1.24541 1.14951 0.07313 0.82444 -0.11396 0.54951
1403638175295097088 6.10656 1.08518 1.10854 0.07534 0.82652 -0.11404 0.54606
1403638175395097088 5.97108 0.92714 1.07458 0.07770 0.83190 -0.11371 0.53757
1403638175495096832 5.84692 0.76847 1.04713 0.08137 0.83809 -0.11174 0.52772
1403638175595097088 5.73510 0.61290 1.02923 0.08202 0.84561 -0.11109 0.51564
1403638175695097088 5.63629 0.46523 1.01842 0.08023 0.85270 -0.11172 0.50396
1403638175795097088 5.55535 0.32152 1.00960 0.07898 0.85678 -0.11180 0.49718
1403638175895097088 5.49258 0.18096 0.99198 0.08114 0.85867 -0.10920 0.49414
1403638175995096832 5.44669 0.04395 0.96641 0.08846 0.85728 -0.10227 0.49677
1403638176095097088 5.41879 -0.08816 0.94037 0.09604 0.84854 -0.09520 0.51156
1403638176195097088 5.41381 -0.20605 0.92259 0.09772 0.83302 -0.09302 0.53654
1403638176295097088 5.41171 -0.32171 0.90785 0.09510 0.82050 -0.09478 0.55566
1403638176395097088 5.40810 -0.43274 0.89614 0.09513 0.81498 -0.09532 0.56362
1403638176495096832 5.41302 -0.53049 0.89075 0.09705 0.81467 -0.09473 0.56385
1403638176595097088 5.42235 -0.62160 0.88985 0.09761 0.81615 -0.09514 0.56154
1403638176695097088 5.42840 -0.70750 0.89385 0.09875 0.81686 -0.09512 0.56030
1403638176795097088 5.43880 -0.78566 0.90568 0.09739 0.81725 -0.09615 0.55980
1403638176895097088 5.45311 -0.85805 0.92165 0.09251 0.81760 -0.09966 0.55950
1403638176995096832 5.46779 -0.92361 0.93688 0.09334 0.81804 -0.09915 0.55880
1403638177095097088 5.48788 -0.98853 0.94438 0.09587 0.81927 -0.09739 0.55689
1403638177195097088 5.50724 -1.04250 0.94628 0.09915 0.81967 -0.09554 0.55604
1403638177295097088 5.53164 -1.09511 0.93804 0.10050 0.81975 -0.09466 0.55583
1403638177395097088 5.55697 -1.13630 0.92643 0.10105 0.81962 -0.09460 0.55594
1403638177495096832 5.59254 -1.17576 0.90316 0.09708 0.81979 -0.09842 0.55573
1403638177595097088 5.62539 -1.20354 0.88192 0.08399 0.81857 -0.10858 0.55775
1403638177695097088 5.66413 -1.23096 0.85494 0.07479 0.81739 -0.11675 0.55915
1403638177795097088 5.70376 -1.26038 0.82617 0.06735 0.81330 -0.12602 0.56403
1403638177895097088 5.73882 -1.28848 0.79836 0.06377 0.80563 -0.13195 0.57401
1403638177995096832 5.77503 -1.31996 0.77362 0.06451 0.79996 -0.13447 0.58123
1403638178095097088 5.80468 -1.35514 0.75722 0.07305 0.79653 -0.13558 0.58465
1403638178195097088 5.83468 -1.39501 0.74489 0.08200 0.79355 -0.14348 0.58564
1403638178295097088 5.85103 -1.43554 0.74392 0.09157 0.78894 -0.15750 0.58684
1403638178395097088 5.86206 -1.47698 0.75121 0.10323 0.78425 -0.17512 0.58620
1403638178495096832 5.86601 -1.51803 0.75618 0.11435 0.78192 -0.19754 0.58009
1403638178595097088 5.86156 -1.55834 0.75494 0.12470 0.78135 -0.22190 0.56983
1403638178695097088 5.85242 -1.59994 0.74936 0.13507 0.77802 -0.24503 0.56249
1403638178795097088 5.83871 -1.64396 0.74043 0.14769 0.77275 -0.26535 0.55734
1403638178895097088 5.82351 -1.68964 0.72989 0.15922 0.77110 -0.28192 0.54824
1403638178995096832 5.80483 -1.73913 0.71482 0.16667 0.77223 -0.29395 0.53804
1403638179095097088 5.78389 -1.79106 0.69611 0.17408 0.77481 -0.30052 0.52826
1403638179195097088 5.76439 -1.84714 0.67311 0.18289 0.77617 -0.30600 0.52007
1403638179295097088 5.74806 -1.90833 0.64715 0.19229 0.77713 -0.31212 0.51155
1403638179395097088 5.73665 -1.97762 0.62193 0.20293 0.77299 -0.32154 0.50786
1403638179495096832 5.72768 -2.04759 0.59453 0.21326 0.75952 -0.33584 0.51465
1403638179595097088 5.71965 -2.11875 0.56369 0.22592 0.74615 -0.35217 0.51788
1403638179695097088 5.70960 -2.19142 0.53497 0.23874 0.73439 -0.36952 0.51684
1403638179795097088 5.69621 -2.26505 0.51288 0.25209 0.72405 -0.38728 0.51207
1403638179895097088 5.68215 -2.33575 0.49780 0.26499 0.71432 -0.40475 0.50567
1403638179995096832 5.66654 -2.40743 0.48724 0.27184 0.71028 -0.42074 0.49456
1403638180095097088 5.65313 -2.48080 0.47991 0.27458 0.70698 -0.43382 0.48640
1403638180195097088 5.63856 -2.55679 0.47650 0.27886 0.70358 -0.44067 0.48273
1403638180295097088 5.62133 -2.63551 0.47164 0.28072 0.70219 -0.44503 0.47966
1403638180395097088 5.60577 -2.71729 0.46046 0.28189 0.70197 -0.44690 0.47756
1403638180495096832 5.59180 -2.80234 0.44393 0.28511 0.70326 -0.44520 0.47533
1403638180595097088 5.57975 -2.88983 0.42384 0.28776 0.70493 -0.44248 0.47380
1403638180695097088 5.56852 -2.97973 0.40660 0.28776 0.70872 -0.44047 0.47000
1403638180795097088 5.55971 -3.07272 0.39618 0.28401 0.71325 -0.44002 0.46582
1403638180895097088 5.55124 -3.17053 0.39412 0.28042 0.71508 -0.43875 0.46640
1403638180995096832 5.54732 -3.27237 0.39168 0.27753 0.71467 -0.43751 0.46989
1403638181095097088 5.54576 -3.37710 0.38412 0.27490 0.71400 -0.43601 0.47384
1403638181195097088 5.54566 -3.48597 0.37095 0.27248 0.71156 -0.43539 0.47945
1403638181295097088 5.54500 -3.59909 0.35368 0.27234 0.70362 -0.43712 0.48957
1403638181395097088 5.53442 -3.72030 0.33232 0.27544 0.69292 -0.44445 0.49645
1403638181495096832 5.52288 -3.84058 0.30548 0.28059 0.67860 -0.45798 0.50103
1403638181595097088 5.50448 -3.96432 0.27809 0.29464 0.65814 -0.47037 0.50872
1403638181695097088 5.47691 -4.08812 0.25393 0.31166 0.64715 -0.48256 0.50121
1403638181795097088 5.44233 -4.20026 0.23740 0.32755 0.64009 -0.49589 0.48691
1403638181895097088 5.40088 -4.31380 0.23192 0.34281 0.63578 -0.50874 0.46845
1403638181995096832 5.35617 -4.43274 0.23652 0.35008 0.63097 -0.52248 0.45424
1403638182095097088 5.31174 -4.53771 0.24461 0.35159 0.62805 -0.53474 0.44271
1403638182195097088 5.26824 -4.64147 0.26101 0.35231 0.62556 -0.54370 0.43467
1403638182295097088 5.22400 -4.74882 0.26977 0.34707 0.62242 -0.55301 0.43164
1403638182395097088 5.17864 -4.85997 0.27670 0.34201 0.62077 -0.55884 0.43055
1403638182495096832 5.13039 -4.97336 0.28624 0.34509 0.62536 -0.55713 0.42360
1403638182595097088 5.08366 -5.08696 0.30468 0.35140 0.63210 -0.55175 0.41537
1403638182695097088 5.03516 -5.21552 0.32877 0.35234 0.63612 -0.54847 0.41278
1403638182795097088 4.98893 -5.34249 0.35582 0.35133 0.63683 -0.54663 0.41499
1403638182895097088 4.94593 -5.47253 0.37857 0.35169 0.63599 -0.54401 0.41939
1403638182995096832 4.90437 -5.60526 0.39591 0.35437 0.63303 -0.54007 0.42663
1403638183095097088 4.86302 -5.73899 0.40896 0.35914 0.63085 -0.53458 0.43275
1403638183195097088 4.81785 -5.87467 0.41919 0.36400 0.63136 -0.52943 0.43427
1403638183295097088 4.77869 -6.00507 0.42305 0.36376 0.63624 -0.52837 0.42861
1403638183395097088 4.74269 -6.13705 0.42020 0.35781 0.64084 -0.53188 0.42237
1403638183495096832 4.70968 -6.27078 0.41455 0.35505 0.64573 -0.53352 0.41513
1403638183595097088 4.67924 -6.40812 0.40811 0.35384 0.64824 -0.53400 0.41163
1403638183695097088 4.65101 -6.54982 0.40934 0.35943 0.64562 -0.52999 0.41605
1403638183795097088 4.63050 -6.69228 0.41073 0.36707 0.64040 -0.52478 0.42398
1403638183895097088 4.61326 -6.83308 0.41995 0.37431 0.63572 -0.51982 0.43075
1403638183995096832 4.59886 -6.96907 0.43525 0.37510 0.63491 -0.51968 0.43141
1403638184095097088 4.58680 -7.10414 0.45941 0.37089 0.63695 -0.52309 0.42792
1403638184195097088 4.58182 -7.23188 0.47773 0.36469 0.64076 -0.52824 0.42117
1403638184295097088 4.57940 -7.35833 0.49254 0.36177 0.64227 -0.53109 0.41781
1403638184395097088 4.58019 -7.48952 0.50372 0.36454 0.64014 -0.52960 0.42054
1403638184495096832 4.58454 -7.62318 0.51038 0.36885 0.63815 -0.52691 0.42318
1403638184595097088 4.59168 -7.75832 0.51830 0.37051 0.63630 -0.52625 0.42532
1403638184695097088 4.60260 -7.89000 0.52463 0.37120 0.63562 -0.52595 0.42612
1403638184795097088 4.61571 -8.01985 0.53075 0.37040 0.63433 -0.52662 0.42790
1403638184895097088 4.63134 -8.15469 0.54004 0.37151 0.63498 -0.52634 0.42631
1403638184995096832 4.65101 -8.28331 0.54799 0.37253 0.63354 -0.52591 0.42810
1403638185095097088 4.67292 -8.41033 0.55808 0.37233 0.63424 -0.52605 0.42705
1403638185195097088 4.69725 -8.54166 0.57057 0.37304 0.63549 -0.52519 0.42564
1403638185295097088 4.72446 -8.66692 0.58266 0.37609 0.63778 -0.52237 0.42298
1403638185395097088 4.75751 -8.79048 0.59403 0.37997 0.63906 -0.51804 0.42292
1403638185495096832 4.79522 -8.91869 0.60848 0.38261 0.64233 -0.50829 0.42740
1403638185595097088 4.84039 -9.03667 0.62226 0.38061 0.64823 -0.49663 0.43392
1403638185695097088 4.89147 -9.15282 0.63574 0.37621 0.65297 -0.48686 0.44166
1403638185795097088 4.94715 -9.27029 0.64839 0.36356 0.65448 -0.48523 0.45170
1403638185895097088 5.00524 -9.37967 0.65815 0.34098 0.65355 -0.49356 0.46152
1403638185995096832 5.06079 -9.49422 0.66624 0.32588 0.65370 -0.49881 0.46655
1403638186095097088 5.11195 -9.60712 0.66748 0.32557 0.65879 -0.49618 0.46238
1403638186195097088 5.16148 -9.71285 0.66601 0.33055 0.66300 -0.49159 0.45773
1403638186295097088 5.20838 -9.81769 0.66666 0.33319 0.66512 -0.48913 0.45536
1403638186395097088 5.25625 -9.92562 0.67581 0.33513 0.66653 -0.48803 0.45304
1403638186495096832 5.30400 -10.02598 0.68802 0.33713 0.66572 -0.48724 0.45360
1403638186595097088 5.35260 -10.12584 0.70046 0.34003 0.66687 -0.48622 0.45084
1403638186695097088 5.40264 -10.22819 0.70822 0.34436 0.66856 -0.48406 0.44735
1403638186795097088 5.45702 -10.32822 0.70996 0.34949 0.67248 -0.47714 0.44493
1403638186895097088 5.51649 -10.42712 0.70693 0.34984 0.67951 -0.46774 0.44395
1403638186995096832 5.58318 -10.52720 0.70409 0.34225 0.68780 -0.45685 0.44843
1403638187095097088 5.65550 -10.63447 0.71276 0.32706 0.69376 -0.44313 0.46408
1403638187195097088 5.73387 -10.72798 0.72409 0.31114 0.69960 -0.42458 0.48319
1403638187295097088 5.81137 -10.82121 0.74602 0.29672 0.70556 -0.40252 0.50211
1403638187395097088 5.88976 -10.90655 0.77306 0.28552 0.71083 -0.38226 0.51679
1403638187495096832 5.96463 -10.98932 0.80850 0.27687 0.71596 -0.36708 0.52536
1403638187595097088 6.03557 -11.06640 0.83976 0.26795 0.72370 -0.35925 0.52478
1403638187695097088 6.10267 -11.13529 0.86915 0.26148 0.73100 -0.35587 0.52021
1403638187795097088 6.16862 -11.20263 0.89301 0.26123 0.73550 -0.35209 0.51655
1403638187895097088 6.23319 -11.26398 0.91289 0.26664 0.73755 -0.34725 0.51414
1403638187995096832 6.29975 -11.31979 0.92767 0.27422 0.73590 -0.34286 0.51546
1403638188095097088 6.36695 -11.36964 0.94008 0.28296 0.73385 -0.33853 0.51652
1403638188195097088 6.43562 -11.41113 0.94784 0.29040 0.73065 -0.33541 0.51896
1403638188295097088 6.50593 -11.44410 0.95217 0.29034 0.72020 -0.33706 0.53236
1403638188395097088 6.57585 -11.46550 0.95050 0.28922 0.70714 -0.33884 0.54909
1403638188495096832 6.64534 -11.48642 0.95109 0.28763 0.69738 -0.34080 0.56107
1403638188595097088 6.70182 -11.48357 0.94748 0.28605 0.69204 -0.34117 0.56821
1403638188695097088 6.74991 -11.46598 0.94684 0.28154 0.69599 -0.33877 0.56706
1403638188795097088 6.78936 -11.43536 0.95474 0.27340 0.70554 -0.33610 0.56080
1403638188895097088 6.82030 -11.39420 0.97261 0.26637 0.71322 -0.33342 0.55606
1403638188995096832 6.84799 -11.34647 0.99875 0.26097 0.71920 -0.33107 0.55231
1403638189095097088 6.86863 -11.28966 1.02988 0.25315 0.72326 -0.32617 0.55355
1403638189195097088 6.88334 -11.22479 1.06257 0.24242 0.72826 -0.31741 0.55688
1403638189295097088 6.89170 -11.15584 1.08733 0.22863 0.73623 -0.30573 0.55877
1403638189395097088 6.89427 -11.08253 1.10492 0.21432 0.74984 -0.29454 0.55232
1403638189495096832 6.89728 -11.00646 1.12136 0.20161 0.76417 -0.28616 0.54177
1403638189595097088 6.89884 -10.93086 1.14622 0.19218 0.77262 -0.28042 0.53618
1403638189695097088 6.90602 -10.85682 1.17330 0.18370 0.77892 -0.27828 0.53112
1403638189795097088 6.91417 -10.78704 1.19758 0.17602 0.78419 -0.27950 0.52530
1403638189895097088 6.92246 -10.72134 1.21547 0.17334 0.78950 -0.27953 0.51818
1403638189995096832 6.93449 -10.65858 1.22350 0.17371 0.79078 -0.27940 0.51617
1403638190095097088 6.95310 -10.60395 1.23005 0.17779 0.78538 -0.27759 0.52394
1403638190195097088 6.97148 -10.55551 1.23528 0.18465 0.77781 -0.27429 0.53449
1403638190295097088 7.00483 -10.50988 1.23199 0.19885 0.77114 -0.26395 0.54417
1403638190395097088 7.02536 -10.45611 1.21819 0.21086 0.76850 -0.24735 0.55114
1403638190495096832 7.05162 -10.39993 1.20269 0.21552 0.77020 -0.23456 0.55256
1403638190595097088 7.07877 -10.33489 1.18201 0.20973 0.77322 -0.22991 0.55252
1403638190695097088 7.10255 -10.26282 1.16337 0.20290 0.77492 -0.22811 0.55344
1403638190795097088 7.12652 -10.18354 1.14764 0.19448 0.77508 -0.22865 0.55601
1403638190895097088 7.14785 -10.09848 1.13807 0.18320 0.77555 -0.23282 0.55746
1403638190995096832 7.17242 -10.00999 1.14020 0.17796 0.77560 -0.23419 0.55851
1403638191095097088 7.18951 -9.91853 1.14803 0.17683 0.77260 -0.23360 0.56325
1403638191195097088 7.20224 -9.82597 1.16094 0.17448 0.77644 -0.23484 0.55816
1403638191295097088 7.21779 -9.73548 1.18411 0.17026 0.78371 -0.23852 0.54765
1403638191395097088 7.22623 -9.64360 1.20526 0.17066 0.78839 -0.23891 0.54059
1403638191495096832 7.24290 -9.55951 1.22941 0.16992 0.78983 -0.24080 0.53787
1403638191595097088 7.25874 -9.47245 1.24348 0.17225 0.78988 -0.24039 0.53724
1403638191695097088 7.27740 -9.38779 1.25265 0.17603 0.79074 -0.23869 0.53551
1403638191795097088 7.29946 -9.30278 1.25532 0.18202 0.79186 -0.23516 0.53341
1403638191895097088 7.32917 -9.21931 1.25475 0.18447 0.79230 -0.23422 0.53232
1403638191995096832 7.36841 -9.13938 1.25824 0.18383 0.79233 -0.23495 0.53218
1403638192095097088 7.41042 -9.05706 1.26736 0.18542 0.79232 -0.23413 0.53200
1403638192195097088 7.45149 -8.96911 1.28069 0.18307 0.79067 -0.23543 0.53470
1403638192295097088 7.49942 -8.88344 1.30578 0.18127 0.78600 -0.23629 0.54176
1403638192395097088 7.55032 -8.79691 1.33877 0.18049 0.78175 -0.23622 0.54817
1403638192495096832 7.60647 -8.70779 1.37720 0.17980 0.77947 -0.23650 0.55151
1403638192595097088 7.65810 -8.61228 1.41998 0.18142 0.77588 -0.23555 0.55643
1403638192695097088 7.70732 -8.51625 1.46386 0.18254 0.76858 -0.23519 0.56626
1403638192795097088 7.75374 -8.41290 1.50035 0.18324 0.76135 -0.23516 0.57573
1403638192895097088 7.79315 -8.30450 1.53096 0.18013 0.75293 -0.23710 0.58688
1403638192995096832 7.82485 -8.18410 1.55461 0.17218 0.74042 -0.24131 0.60325
1403638193095097088 7.83696 -8.07781 1.57891 0.16296 0.73808 -0.24089 0.60882
1403638193195097088 7.83168 -7.96556 1.60988 0.15818 0.74785 -0.23392 0.60082
1403638193295097088 7.81296 -7.84996 1.64952 0.15622 0.75662 -0.22590 0.59338
1403638193395097088 7.78541 -7.73559 1.70077 0.15941 0.76248 -0.21639 0.58854
1403638193495096832 7.74460 -7.62299 1.75492 0.16125 0.76357 -0.20982 0.58901
1403638193595097088 7.70115 -7.50711 1.80336 0.16010 0.76543 -0.20692 0.58794
1403638193695097088 7.65123 -7.38822 1.84295 0.15682 0.77300 -0.20739 0.57867
1403638193795097088 7.59589 -7.26813 1.87515 0.15156 0.78038 -0.20998 0.56916
1403638193895097088 7.53774 -7.14804 1.90252 0.15006 0.78451 -0.21130 0.56337
1403638193995096832 7.47943 -7.02800 1.92469 0.14843 0.78680 -0.21289 0.56000
1403638194095097088 7.42171 -6.90952 1.94276 0.15090 0.78473 -0.21205 0.56255
1403638194195097088 7.35737 -6.79832 1.95123 0.15335 0.77928 -0.21100 0.56981
1403638194295097088 7.29706 -6.68007 1.95794 0.15460 0.77607 -0.21090 0.57387
1403638194395097088 7.23377 -6.56124 1.96002 0.15219 0.77973 -0.21344 0.56860
1403638194495096832 7.16723 -6.44287 1.96829 0.14912 0.78358 -0.21653 0.56292
1403638194595097088 7.09785 -6.32542 1.98208 0.14877 0.78727 -0.21772 0.55738
1403638194695097088 7.02876 -6.20967 1.99902 0.14741 0.79282 -0.21957 0.54909
1403638194795097088 6.96185 -6.09771 2.01345 0.14756 0.79684 -0.22051 0.54281
1403638194895097088 6.89831 -5.98907 2.02223 0.14808 0.79987 -0.22137 0.53785
1403638194995096832 6.83812 -5.88405 2.02549 0.14815 0.80146 -0.22169 0.53532
1403638195095097088 6.78201 -5.78365 2.02404 0.14842 0.80259 -0.22150 0.53362
1403638195195097088 6.73163 -5.68504 2.01720 0.14610 0.80593 -0.22347 0.52839
1403638195295097088 6.68735 -5.59115 2.00517 0.14135 0.81384 -0.22673 0.51602
1403638195395097088 6.65171 -5.50593 1.99210 0.14020 0.81624 -0.22747 0.51220
1403638195495096832 6.63060 -5.43132 1.97710 0.14347 0.80749 -0.22549 0.52586
1403638195595097088 6.61094 -5.35591 1.95839 0.14709 0.79798 -0.22287 0.54029
1403638195695097088 6.60367 -5.29813 1.93263 0.14807 0.79542 -0.22162 0.54431
1403638195795097088 6.59775 -5.23896 1.91317 0.14619 0.79728 -0.22245 0.54174
1403638195895097088 6.58801 -5.17410 1.90214 0.14490 0.80223 -0.22281 0.53458
1403638195995096832 6.58539 -5.11623 1.89788 0.14281 0.80665 -0.22392 0.52800
1403638196095097088 6.59335 -5.06849 1.90285 0.14293 0.80684 -0.22359 0.52781
1403638196195097088 6.60519 -5.02108 1.91795 0.14522 0.80224 -0.22158 0.53500
1403638196295097088 6.62141 -4.97828 1.93785 0.14737 0.79728 -0.21989 0.54247
1403638196395097088 6.63741 -4.93430 1.95382 0.14746 0.79563 -0.21976 0.54492
1403638196495096832 6.65507 -4.89190 1.96310 0.14690 0.79616 -0.22053 0.54397
1403638196595097088 6.67357 -4.85215 1.96477 0.14427 0.79930 -0.22304 0.53904
1403638196695097088 6.69375 -4.81563 1.95865 0.14083 0.80537 -0.22622 0.52949
1403638196795097088 6.71844 -4.78283 1.94844 0.14084 0.80762 -0.22687 0.52579
1403638196895097088 6.74479 -4.75653 1.94036 0.14204 0.80520 -0.22636 0.52937
1403638196995096832 6.77899 -4.73321 1.93099 0.14419 0.80007 -0.22448 0.53732
1403638197095097088 6.81476 -4.71263 1.92835 0.14589 0.79649 -0.22361 0.54251
1403638197195097088 6.85023 -4.69709 1.93271 0.14893 0.79527 -0.22147 0.54435
1403638197295097088 6.89020 -4.68120 1.94272 0.15642 0.79295 -0.21598 0.54783
1403638197395097088 6.92994 -4.66314 1.96420 0.16527 0.79045 -0.20980 0.55123
1403638197495096832 6.97029 -4.64218 1.98864 0.16882 0.78832 -0.20725 0.55417
1403638197595097088 7.00524 -4.61580 2.02152 0.16774 0.78699 -0.20761 0.55625
1403638197695097088 7.04448 -4.58768 2.05650 0.16788 0.78680 -0.20730 0.55658
1403638197795097088 7.08129 -4.55592 2.08874 0.16721 0.78681 -0.20729 0.55678
1403638197895097088 7.11867 -4.52195 2.11515 0.16294 0.78325 -0.20956 0.56219
1403638197995096832 7.15552 -4.48718 2.13392 0.16175 0.77408 -0.20956 0.57508
1403638198095097088 7.18895 -4.44836 2.13348 0.16064 0.77152 -0.21013 0.57861
1403638198195097088 7.21864 -4.40576 2.11490 0.15747 0.77440 -0.21245 0.57477
1403638198295097088 7.24072 -4.36042 2.08163 0.15734 0.77777 -0.21266 0.57017
1403638198395097088 7.25977 -4.31264 2.04284 0.15867 0.78163 -0.21152 0.56493
1403638198495096832 7.28645 -4.26176 2.00494 0.16431 0.78496 -0.20764 0.56012
1403638198595097088 7.31999 -4.20525 1.96776 0.17743 0.78737 -0.19813 0.55615
1403638198695097088 7.33774 -4.14719 1.92277 0.19459 0.78665 -0.18548 0.55579
1403638198795097088 7.37308 -4.07718 1.88634 0.20748 0.78472 -0.17595 0.55697
1403638198895097088 7.39490 -3.99348 1.85620 0.21022 0.78423 -0.17326 0.55746
1403638198995096832 7.44573 -3.89450 1.83867 0.20796 0.78558 -0.17537 0.55575
1403638199095097088 7.47179 -3.78307 1.82623 0.20460 0.78626 -0.17807 0.55517
1403638199195097088 7.51331 -3.65829 1.82651 0.20230 0.78522 -0.18058 0.55668
1403638199295097088 7.54535 -3.52221 1.83732 0.20077 0.78166 -0.18165 0.56187
1403638199395097088 7.58471 -3.37529 1.85401 0.20318 0.78054 -0.18053 0.56293
1403638199495096832 7.62442 -3.21649 1.87680 0.20728 0.78283 -0.17888 0.55876
1403638199595097088 7.66711 -3.04702 1.90650 0.20775 0.78699 -0.17525 0.55387
1403638199695097088 7.71025 -2.86529 1.94202 0.19850 0.78943 -0.17124 0.55504
1403638199795097088 7.75726 -2.67544 1.98320 0.17939 0.79233 -0.17439 0.55643
1403638199895097088 7.79837 -2.47965 2.01705 0.16388 0.79478 -0.17681 0.55696
1403638199995096832 7.84015 -2.28339 2.04804 0.15450 0.79628 -0.17578 0.55782
1403638200095097088 7.87819 -2.08470 2.07553 0.14917 0.79858 -0.16729 0.55859
1403638200195097088 7.91615 -1.88407 2.10232 0.14840 0.79855 -0.15041 0.56362
1403638200295097088 7.95499 -1.67713 2.13282 0.14147 0.79579 -0.13385 0.57340
1403638200395097088 7.99224 -1.46597 2.17130 0.13316 0.79417 -0.11747 0.58118
1403638200495096832 8.02720 -1.25071 2.21631 0.13196 0.79685 -0.09997 0.58105
1403638200595097088 8.05847 -1.02741 2.26666 0.12920 0.80001 -0.08465 0.57977
1403638200695097088 8.09031 -0.79604 2.32233 0.12843 0.80239 -0.06597 0.57908
1403638200795097088 8.11562 -0.55494 2.37747 0.12340 0.80646 -0.05426 0.57572
1403638200895097088 8.13927 -0.30471 2.42736 0.11562 0.80994 -0.04990 0.57283
1403638200995096832 8.16265 -0.04650 2.46926 0.09949 0.81036 -0.05521 0.57478
1403638201095097088 8.18447 0.21705 2.50372 0.08756 0.80967 -0.06064 0.57713
1403638201195097088 8.20309 0.48224 2.52816 0.08204 0.80918 -0.06449 0.57821
1403638201295097088 8.22132 0.74677 2.54633 0.07996 0.80864 -0.06764 0.57890
1403638201395097088 8.22744 1.01082 2.55289 0.08258 0.80875 -0.06756 0.57839
1403638201495096832 8.23669 1.27527 2.55533 0.08327 0.80731 -0.06967 0.58006
1403638201595097088 8.24496 1.53855 2.55093 0.08680 0.80562 -0.06977 0.58187
1403638201695097088 8.25084 1.80257 2.53887 0.08656 0.80400 -0.07181 0.58390
1403638201795097088 8.25564 2.06631 2.51858 0.08844 0.80381 -0.07242 0.58379
1403638201895097088 8.25389 2.32887 2.49060 0.08659 0.80375 -0.07393 0.58397
1403638201995096832 8.24930 2.59658 2.46467 0.08264 0.80472 -0.06955 0.58374
1403638202095097088 8.23901 2.86575 2.44370 0.07212 0.80633 -0.06712 0.58320
1403638202195097088 8.22381 3.13542 2.42921 0.06032 0.81017 -0.06705 0.57921
1403638202295097088 8.20823 3.40515 2.42229 0.05263 0.81521 -0.06608 0.57298
1403638202395097088 8.19599 3.66849 2.42138 0.04889 0.81687 -0.06454 0.57111
1403638202495096832 8.18392 3.92649 2.41691 0.04646 0.81764 -0.06333 0.57035
1403638202595097088 8.17753 4.18318 2.40666 0.04224 0.81840 -0.06519 0.56937
1403638202695097088 8.17168 4.43076 2.38894 0.04142 0.81973 -0.06572 0.56746
1403638202795097088 8.17462 4.67585 2.36657 0.04294 0.81937 -0.06534 0.56791
1403638202895097088 8.17301 4.91075 2.33959 0.04482 0.81814 -0.06468 0.56961
1403638202995096832 8.17143 5.14026 2.31314 0.04381 0.81737 -0.06613 0.57062
1403638203095097088 8.17073 5.36422 2.28919 0.04342 0.81672 -0.06670 0.57152
1403638203195097088 8.17137 5.58380 2.27330 0.04707 0.81410 -0.06466 0.57519
1403638203295097088 8.16716 5.79782 2.26336 0.04787 0.81124 -0.06396 0.57923
1403638203395097088 8.15801 6.00848 2.25808 0.04628 0.81000 -0.06475 0.58101
1403638203495096832 8.14828 6.21487 2.24577 0.04461 0.81006 -0.06600 0.58091
1403638203595097088 8.13512 6.41719 2.23087 0.04168 0.81037 -0.06806 0.58046
1403638203695097088 8.11898 6.61483 2.21967 0.04122 0.81156 -0.06814 0.57881
1403638203795097088 8.10091 6.80649 2.21631 0.04280 0.81145 -0.06697 0.57900
1403638203895097088 8.08159 6.99373 2.21917 0.04320 0.81108 -0.06596 0.57960
1403638203995096832 8.06221 7.17843 2.22803 0.04156 0.81186 -0.06588 0.57864
1403638204095097088 8.03586 7.35890 2.24325 0.03973 0.81419 -0.06577 0.57550
1403638204195097088 8.00809 7.53259 2.26660 0.03418 0.81681 -0.06851 0.57181
1403638204295097088 7.98131 7.69979 2.29576 0.02504 0.82033 -0.07471 0.56644
1403638204395097088 7.95545 7.85476 2.32804 0.01409 0.82466 -0.08318 0.55931
1403638204495096832 7.93518 7.99974 2.35962 0.00980 0.82601 -0.08765 0.55672
1403638204595097088 7.91827 8.13611 2.38540 0.00811 0.82421 -0.08816 0.55932
1403638204695097088 7.90281 8.26607 2.40280 0.00788 0.82435 -0.08064 0.56026
1403638204795097088 7.89273 8.38481 2.41261 0.01022 0.82531 -0.06354 0.56099
1403638204895097088 7.88416 8.49841 2.41533 0.01383 0.82413 -0.03657 0.56505
1403638204995096832 7.87933 8.61348 2.40533 0.00684 0.82370 -0.00698 0.56694
1403638205095097088 7.87372 8.72735 2.39262 -0.00729 0.82257 0.02772 0.56794
1403638205195097088 7.86464 8.84057 2.37980 -0.03247 0.81959 0.06434 0.56840
1403638205295097088 7.85746 8.95742 2.37887 -0.06000 0.81418 0.10466 0.56795
1403638205395097088 7.85070 9.07536 2.38620 -0.08792 0.80504 0.14500 0.56847
1403638205495096832 7.84080 9.18710 2.39466 -0.10643 0.79364 0.18341 0.57024
1403638205595097088 7.82582 9.29893 2.41351 -0.11390 0.78261 0.21517 0.57292
1403638205695097088 7.80541 9.41548 2.44119 -0.11641 0.77068 0.23797 0.57954
1403638205795097088 7.77612 9.53619 2.47335 -0.12292 0.76265 0.25483 0.58165
1403638205895097088 7.73312 9.66132 2.51044 -0.13410 0.75828 0.27139 0.57739
1403638205995096832 7.67982 9.79146 2.55224 -0.15228 0.75418 0.28702 0.57065
1403638206095097088 7.61681 9.92015 2.60175 -0.16933 0.74836 0.30436 0.56449
1403638206195097088 7.54426 10.04818 2.65306 -0.18578 0.74049 0.32127 0.56031
1403638206295097088 7.46767 10.18186 2.70038 -0.20289 0.73275 0.33549 0.55620
1403638206395097088 7.38233 10.30243 2.74458 -0.22332 0.72863 0.34174 0.54994
1403638206495096832 7.29319 10.42596 2.78034 -0.23750 0.72489 0.34457 0.54718
1403638206595097088 7.19909 10.54088 2.80897 -0.24574 0.72197 0.34651 0.54617
1403638206695097088 7.10212 10.65373 2.83006 -0.25339 0.71901 0.34893 0.54503
1403638206795097088 6.99758 10.75019 2.84612 -0.25989 0.71636 0.35599 0.54089
1403638206895097088 6.89459 10.85311 2.85425 -0.26436 0.71298 0.36150 0.53953
1403638206995096832 6.78833 10.94828 2.85602 -0.27064 0.70939 0.36282 0.54025
1403638207095097088 6.67901 11.04374 2.85312 -0.27354 0.70603 0.36407 0.54235
1403638207195097088 6.56646 11.12772 2.84072 -0.27754 0.70464 0.36435 0.54195
1403638207295097088 6.44988 11.20631 2.82114 -0.28183 0.70049 0.36961 0.54155
1403638207395097088 6.32821 11.27752 2.79622 -0.29095 0.69332 0.37746 0.54054
1403638207495096832 6.19919 11.33973 2.77519 -0.30180 0.68404 0.39084 0.53688
1403638207595097088 6.06918 11.39081 2.75908 -0.30989 0.67903 0.40670 0.52678
1403638207695097088 5.93555 11.43041 2.75054 -0.31648 0.68056 0.41916 0.51086
1403638207795097088 5.80530 11.46226 2.74813 -0.32203 0.68168 0.42707 0.49922
1403638207895097088 5.67834 11.48797 2.75372 -0.32321 0.68555 0.43329 0.48766
1403638207995096832 5.55281 11.51030 2.76555 -0.32241 0.68716 0.43697 0.48262
1403638208095097088 5.43071 11.52849 2.77702 -0.32320 0.68604 0.43711 0.48356
1403638208195097088 5.31060 11.54424 2.78305 -0.32786 0.68325 0.43304 0.48802
1403638208295097088 5.19278 11.55716 2.78089 -0.32705 0.68228 0.43129 0.49144
1403638208395097088 5.07747 11.56596 2.77107 -0.32317 0.68559 0.43211 0.48868
1403638208495096832 4.96489 11.57006 2.75828 -0.32162 0.68691 0.43509 0.48520
1403638208595097088 4.85277 11.57131 2.75065 -0.32425 0.68444 0.44275 0.47997
1403638208695097088 4.73238 11.57460 2.75050 -0.33068 0.67916 0.45008 0.47626
1403638208795097088 4.61852 11.57328 2.75762 -0.33735 0.67471 0.45597 0.47228
1403638208895097088 4.51492 11.56619 2.76628 -0.34117 0.66942 0.46168 0.47152
1403638208995096832 4.41303 11.55645 2.76970 -0.34383 0.66548 0.46592 0.47100
1403638209095097088 4.31600 11.54318 2.76563 -0.34668 0.66376 0.46824 0.46903
1403638209195097088 4.22269 11.52681 2.75425 -0.34720 0.66284 0.47020 0.46798
1403638209295097088 4.13088 11.50808 2.73664 -0.34916 0.66292 0.47004 0.46656
1403638209395097088 4.04341 11.48737 2.71268 -0.35037 0.66341 0.46977 0.46524
1403638209495096832 3.95833 11.46565 2.68282 -0.35217 0.66280 0.46860 0.46592
1403638209595097088 3.87156 11.44347 2.64205 -0.35365 0.66145 0.46690 0.46842
1403638209695097088 3.78198 11.42006 2.58182 -0.35297 0.66325 0.46587 0.46742
1403638209795097088 3.70523 11.39230 2.50322 -0.34995 0.66214 0.46728 0.46985
1403638209895097088 3.61887 11.36175 2.40890 -0.34815 0.66013 0.46766 0.47363
1403638209995096832 3.54589 11.32767 2.30942 -0.34972 0.65623 0.46613 0.47936
1403638210095097088 3.47305 11.29059 2.21052 -0.35317 0.65206 0.46321 0.48531
1403638210195097088 3.39948 11.24658 2.11816 -0.35697 0.64855 0.46034 0.48993
1403638210295097088 3.32062 11.19110 2.02903 -0.35771 0.64890 0.45963 0.48961
1403638210395097088 3.24460 11.12736 1.94405 -0.35689 0.64958 0.45995 0.48900
1403638210495096832 3.16961 11.05801 1.85611 -0.35783 0.64978 0.45905 0.48889
1403638210595097088 3.08241 10.97246 1.75943 -0.35770 0.64925 0.45837 0.49033
1403638210695097088 3.00571 10.88985 1.66207 -0.36011 0.64959 0.45609 0.49024
1403638210795097088 2.92793 10.79756 1.56575 -0.36002 0.64961 0.45574 0.49061
1403638210895097088 2.85057 10.69779 1.47762 -0.35965 0.65278 0.45615 0.48626
1403638210995096832 2.77496 10.59168 1.39671 -0.35721 0.65629 0.45816 0.48143
1403638211095097088 2.69800 10.47606 1.32765 -0.35566 0.65917 0.45971 0.47714
1403638211195097088 2.62672 10.36045 1.26630 -0.35528 0.66205 0.46054 0.47262
1403638211295097088 2.55767 10.24352 1.21332 -0.35362 0.66319 0.46117 0.47165
1403638211395097088 2.49398 10.12620 1.16683 -0.35026 0.66628 0.45721 0.47365
1403638211495096832 2.43438 10.00676 1.11194 -0.34443 0.67283 0.44888 0.47663
1403638211595097088 2.37622 9.88380 1.05206 -0.33831 0.68152 0.43572 0.48086
1403638211695097088 2.32042 9.75701 0.98417 -0.33111 0.69144 0.41775 0.48761
1403638211795097088 2.27048 9.62736 0.91416 -0.32051 0.70495 0.39676 0.49286
1403638211895097088 2.22673 9.49112 0.84855 -0.31047 0.71880 0.37337 0.49752
1403638211995096832 2.18736 9.35362 0.78903 -0.29677 0.73064 0.35166 0.50441
1403638212095097088 2.15471 9.21047 0.74037 -0.28191 0.74032 0.33169 0.51228
1403638212195097088 2.12495 9.06527 0.69894 -0.26442 0.74794 0.31373 0.52177
1403638212295097088 2.09602 8.91469 0.66726 -0.24858 0.75596 0.29410 0.52938
1403638212395097088 2.06801 8.76025 0.64229 -0.23141 0.76292 0.27564 0.53706
1403638212495096832 2.04268 8.60266 0.62438 -0.21706 0.76956 0.25503 0.54371
1403638212595097088 2.01608 8.43836 0.61044 -0.20278 0.77692 0.23422 0.54811
1403638212695097088 1.99228 8.27421 0.60546 -0.18881 0.78402 0.21244 0.55185
1403638212795097088 1.96755 8.10375 0.60561 -0.17184 0.78987 0.19150 0.55669
1403638212895097088 1.94261 7.92649 0.60586 -0.15685 0.79631 0.16752 0.55966
1403638212995096832 1.91981 7.75016 0.61441 -0.13886 0.80228 0.14351 0.56255
1403638213095097088 1.89885 7.57408 0.63104 -0.12201 0.80726 0.11717 0.56543
1403638213195097088 1.87953 7.39609 0.64481 -0.10761 0.81442 0.08868 0.56328
1403638213295097088 1.86553 7.21696 0.65138 -0.09611 0.82367 0.05820 0.55583
1403638213395097088 1.85736 7.03807 0.65463 -0.08601 0.83181 0.02659 0.54771
1403638213495096832 1.85396 6.85459 0.65498 -0.07689 0.83594 -0.00480 0.54339
1403638213595097088 1.85646 6.66152 0.65033 -0.05941 0.83362 -0.02532 0.54855
1403638213695097088 1.86695 6.46396 0.65009 -0.03594 0.82488 -0.03179 0.56327
1403638213795097088 1.87838 6.26346 0.65367 -0.01628 0.81794 -0.03257 0.57414
1403638213895097088 1.89363 6.06428 0.66390 -0.00555 0.81497 -0.03305 0.57853
1403638213995096832 1.90921 5.86673 0.67789 -0.00095 0.81564 -0.03282 0.57762
1403638214095097088 1.92351 5.66968 0.69491 0.00162 0.82154 -0.03070 0.56932
1403638214195097088 1.93697 5.47365 0.71662 0.00078 0.82847 -0.02819 0.55932
1403638214295097088 1.95728 5.28009 0.73598 -0.00120 0.83378 -0.02515 0.55153
1403638214395097088 1.98113 5.08533 0.74995 -0.00280 0.83722 -0.02117 0.54645
1403638214495096832 2.00972 4.88896 0.75720 -0.00440 0.83519 -0.01662 0.54969
1403638214595097088 2.04111 4.69560 0.76028 -0.00547 0.82895 -0.01264 0.55915
1403638214695097088 2.07510 4.50788 0.75806 -0.00699 0.82238 -0.00921 0.56883
1403638214795097088 2.10666 4.31733 0.75049 -0.00896 0.81714 -0.00601 0.57634
1403638214895097088 2.13731 4.13181 0.73728 -0.01010 0.81406 -0.00309 0.58068
1403638214995096832 2.16396 3.94358 0.71775 -0.01126 0.81222 -0.00115 0.58324
1403638215095097088 2.19060 3.76645 0.69350 -0.01098 0.81206 0.00076 0.58347
1403638215195097088 2.21444 3.59150 0.66499 -0.01073 0.81328 0.00173 0.58178
1403638215295097088 2.24043 3.42076 0.63352 -0.00722 0.81531 0.00417 0.57896
1403638215395097088 2.26594 3.25166 0.60226 -0.00306 0.81601 0.00668 0.57799
1403638215495096832 2.28952 3.08773 0.57788 0.00074 0.81566 0.00953 0.57845
1403638215595097088 2.31337 2.93158 0.56333 0.00220 0.81447 0.01030 0.58011
1403638215695097088 2.33347 2.78117 0.55489 -0.00094 0.81377 0.00820 0.58112
1403638215795097088 2.35297 2.63589 0.54914 -0.00373 0.81333 0.00427 0.58177
1403638215895097088 2.36852 2.49233 0.53590 -0.00264 0.81348 -0.00151 0.58159
1403638215995096832 2.38138 2.35252 0.51727 -0.00121 0.81329 -0.00626 0.58183
1403638216095097088 2.39111 2.21807 0.49490 0.00237 0.81307 -0.00848 0.58209
1403638216195097088 2.39751 2.08860 0.47742 0.00491 0.81306 -0.01007 0.58208
1403638216295097088 2.40094 1.96233 0.46560 0.00745 0.81190 -0.01117 0.58364
1403638216395097088 2.40260 1.84076 0.46075 0.00941 0.81044 -0.01161 0.58562
1403638216495096832 2.40196 1.72174 0.46112 0.01001 0.80994 -0.01208 0.58630
1403638216595097088 2.39789 1.60831 0.45874 0.01220 0.81069 -0.01150 0.58524
1403638216695097088 2.39124 1.49924 0.44798 0.01514 0.81250 -0.00997 0.58268
1403638216795097088 2.38348 1.39431 0.43067 0.01860 0.81163 -0.00847 0.58381
1403638216895097088 2.37644 1.29156 0.41052 0.02267 0.80787 -0.01292 0.58878
1403638216995096832 2.36572 1.19311 0.38689 0.02613 0.80692 -0.02341 0.58962
1403638217095097088 2.35136 1.09793 0.35965 0.03025 0.80876 -0.03820 0.58612
1403638217195097088 2.33427 1.00596 0.33075 0.03639 0.81063 -0.05267 0.58205
1403638217295097088 2.31425 0.92066 0.30322 0.04316 0.81198 -0.06200 0.57877
1403638217395097088 2.29310 0.83937 0.28414 0.04872 0.81311 -0.06833 0.57602
1403638217495096832 2.26931 0.76139 0.27575 0.05375 0.81358 -0.07131 0.57455
1403638217595097088 2.24689 0.68790 0.27294 0.06068 0.81456 -0.07074 0.57255
1403638217695097088 2.22363 0.62081 0.27978 0.06923 0.81490 -0.06675 0.57157
1403638217795097088 2.19736 0.56032 0.29253 0.07557 0.81636 -0.06218 0.56919
1403638217895097088 2.17411 0.50706 0.31104 0.07795 0.81684 -0.05965 0.56845
1403638217995096832 2.15168 0.46070 0.32627 0.07897 0.81463 -0.05685 0.57176
1403638218095097088 2.13121 0.42300 0.33510 0.07924 0.81317 -0.05476 0.57400
1403638218195097088 2.11184 0.39165 0.33738 0.07681 0.81145 -0.05438 0.57680
1403638218295097088 2.09386 0.36614 0.33446 0.07449 0.80784 -0.05296 0.58227
1403638218395097088 2.07317 0.35031 0.33337 0.06778 0.80568 -0.05486 0.58590
1403638218495096832 2.05094 0.33949 0.33807 0.06232 0.80596 -0.05653 0.58595
1403638218595097088 2.02457 0.33619 0.35175 0.06004 0.80707 -0.05678 0.58464
1403638218695097088 1.99363 0.34032 0.36836 0.05768 0.81090 -0.05868 0.57936
1403638218795097088 1.96131 0.34538 0.38105 0.06081 0.81529 -0.06418 0.57226
1403638218895097088 1.93555 0.34831 0.38748 0.06441 0.81729 -0.07193 0.56809
1403638218995096832 1.91173 0.35852 0.38825 0.05499 0.81664 -0.08684 0.56793
1403638219095097088 1.88351 0.37113 0.38635 0.04757 0.81404 -0.09885 0.57036
1403638219195097088 1.86126 0.38096 0.38086 0.05131 0.81156 -0.10105 0.57317
1403638219295097088 1.83416 0.38989 0.37423 0.06034 0.80592 -0.09809 0.58071
1403638219395097088 1.80432 0.39958 0.36689 0.06668 0.79838 -0.09530 0.59081
1403638219495096832 1.78394 0.40863 0.35892 0.07069 0.79324 -0.09289 0.59761
1403638219595097088 1.75436 0.42116 0.35611 0.06835 0.79394 -0.09440 0.59672
1403638219695097088 1.71211 0.43719 0.35978 0.06265 0.79643 -0.09796 0.59344
1403638219795097088 1.66350 0.45311 0.36368 0.05533 0.79981 -0.10267 0.58881
1403638219895097088 1.61309 0.46636 0.35934 0.04665 0.80276 -0.10837 0.58452
1403638219995096832 1.56181 0.47594 0.34881 0.03939 0.80512 -0.11340 0.58084
1403638220095097088 1.50620 0.48099 0.33395 0.03723 0.80739 -0.11484 0.57754
1403638220195097088 1.45089 0.48124 0.32217 0.04550 0.80963 -0.10948 0.57484
1403638220295097088 1.39637 0.47645 0.31851 0.06075 0.81210 -0.09911 0.57183
1403638220395097088 1.33974 0.47188 0.32429 0.06960 0.81263 -0.09344 0.57102
1403638220495096832 1.27983 0.46833 0.33644 0.07305 0.81285 -0.09114 0.57064
1403638220595097088 1.22359 0.46740 0.35063 0.07391 0.81226 -0.09159 0.57131
1403638220695097088 1.16802 0.46826 0.36056 0.07486 0.81181 -0.09245 0.57167
1403638220795097088 1.11234 0.47070 0.36322 0.07417 0.81196 -0.09443 0.57123
1403638220895097088 1.05467 0.47295 0.35901 0.07433 0.81178 -0.09563 0.57127
1403638220995096832 1.00121 0.47892 0.34763 0.07343 0.81258 -0.09748 0.56993
1403638221095097088 0.94877 0.48434 0.33223 0.07357 0.81300 -0.09839 0.56916
1403638221195097088 0.89597 0.49252 0.31981 0.07366 0.81432 -0.09907 0.56714
1403638221295097088 0.84451 0.50186 0.31391 0.07214 0.81572 -0.10063 0.56504
1403638221395097088 0.78702 0.50917 0.31486 0.06985 0.81679 -0.10290 0.56337
1403638221495096832 0.73810 0.52037 0.31479 0.06766 0.81707 -0.10495 0.56285
1403638221595097088 0.69021 0.53107 0.30836 0.06616 0.81628 -0.10697 0.56380
1403638221695097088 0.64484 0.53986 0.29801 0.06546 0.81456 -0.10751 0.56626
1403638221795097088 0.60153 0.54536 0.28951 0.06319 0.81245 -0.10875 0.56931
1403638221895097088 0.56181 0.54710 0.28978 0.06510 0.81136 -0.10676 0.57102
1403638221995096832 0.52052 0.55160 0.29672 0.06896 0.81076 -0.10339 0.57203
1403638222095097088 0.48003 0.55598 0.30967 0.07232 0.81247 -0.10093 0.56963
1403638222195097088 0.43803 0.56283 0.31761 0.07271 0.81632 -0.10091 0.56405
1403638222295097088 0.40614 0.56597 0.32335 0.07174 0.81979 -0.10205 0.55891
1403638222395097088 0.36778 0.56785 0.32571 0.07085 0.82272 -0.10285 0.55456
1403638222495096832 0.33724 0.57335 0.31929 0.07057 0.82500 -0.10286 0.55119
1403638222595097088 0.31325 0.57570 0.31228 0.07064 0.82130 -0.10253 0.55674
1403638222695097088 0.29341 0.58108 0.30078 0.06962 0.81597 -0.10319 0.56453
1403638222795097088 0.27147 0.58632 0.28613 0.07048 0.81361 -0.10267 0.56792
1403638222895097088 0.25315 0.59120 0.27036 0.07182 0.80805 -0.10133 0.57587
1403638222995096832 0.23198 0.59836 0.25401 0.07089 0.80339 -0.10145 0.58244
1403638223095097088 0.21343 0.60248 0.23858 0.07098 0.80616 -0.10107 0.57866
1403638223195097088 0.18452 0.61233 0.23120 0.06866 0.81517 -0.10320 0.56580
1403638223295097088 0.15650 0.62209 0.22570 0.06303 0.82277 -0.10749 0.55454
1403638223395097088 0.13374 0.62767 0.22012 0.06007 0.82089 -0.10992 0.55718
1403638223495096832 0.12191 0.62891 0.21053 0.04978 0.81588 -0.11701 0.56406
1403638223595097088 0.10059 0.62864 0.20053 0.04868 0.81339 -0.11786 0.56757
1403638223695097088 0.08163 0.62269 0.19025 0.05944 0.81317 -0.11059 0.56832
1403638223795097088 0.06351 0.61555 0.17932 0.07015 0.81422 -0.10343 0.56695
1403638223895097088 0.04338 0.61012 0.16572 0.07553 0.81483 -0.09942 0.56609
1403638223995096832 0.02838 0.60395 0.15348 0.07918 0.81523 -0.09665 0.56550
1403638224095097088 0.01072 0.60258 0.13561 0.07845 0.81922 -0.09695 0.55975
1403638224195097088 -0.00493 0.60398 0.11633 0.07621 0.82554 -0.09850 0.55043
1403638224295097088 -0.01042 0.60466 0.10322 0.07553 0.82495 -0.09872 0.55137
1403638224395097088 -0.01291 0.60917 0.09287 0.07300 0.81880 -0.10114 0.56037
1403638224495096832 -0.01845 0.61341 0.07821 0.06795 0.81119 -0.10445 0.57135
1403638224595097088 -0.02279 0.61653 0.06447 0.06965 0.80787 -0.10287 0.57612
1403638224695097088 -0.02740 0.62218 0.04870 0.07028 0.81534 -0.10248 0.56549
1403638224795097088 -0.03160 0.62799 0.03528 0.06992 0.82404 -0.10311 0.55266
1403638224895097088 -0.03040 0.63537 0.02903 0.06582 0.82028 -0.10562 0.55825
1403638224995096832 -0.02418 0.63954 0.03177 0.05779 0.81234 -0.11024 0.56974
1403638225095097088 -0.02143 0.64245 0.03418 0.05694 0.80853 -0.10987 0.57530
1403638225195097088 -0.01604 0.64129 0.04292 0.06235 0.81199 -0.10509 0.57074
1403638225295097088 -0.01462 0.64083 0.04816 0.06563 0.81933 -0.10190 0.56037
1403638225395097088 -0.00868 0.63983 0.05539 0.06798 0.81856 -0.09971 0.56160
1403638225495096832 -0.00158 0.63973 0.05599 0.07025 0.81048 -0.09812 0.57320
1403638225595097088 0.00368 0.63961 0.05013 0.07299 0.79974 -0.09646 0.58804
1403638225695097088 0.00495 0.64128 0.03585 0.07405 0.79464 -0.09545 0.59494
1403638225795097088 0.00198 0.64570 0.00961 0.07326 0.80183 -0.09601 0.58522
1403638225895097088 -0.00154 0.65259 -0.02312 0.07287 0.81435 -0.09659 0.56763
1403638225995096832 -0.00685 0.65949 -0.05898 0.06876 0.82265 -0.09936 0.55556
1403638226095097088 -0.00182 0.67005 -0.05707 0.04927 0.82604 -0.10941 0.55069
1403638226195097088 0.00604 0.67756 -0.05465 0.04970 0.83121 -0.10671 0.54335
1403638226295097088 0.00433 0.68615 -0.05968 0.06252 0.82296 -0.10560 0.55468
1403638226395097088 -0.00089 0.69478 -0.07372 0.06872 0.82747 -0.09466 0.54918
1403638226495096832 -0.00028 0.69626 -0.07544 0.06837 0.82740 -0.09680 0.54897
1403638226595097088 0.00717 0.69866 -0.08316 0.06928 0.82702 -0.09661 0.54945
1403638226695097088 0.00737 0.69855 -0.08342 0.06922 0.82737 -0.09641 0.54898
1403638226795097088 0.01071 0.69726 -0.08509 0.06937 0.82724 -0.09639 0.54916
1403638226895097088 0.01094 0.69705 -0.08508 0.06904 0.82743 -0.09653 0.54888
1403638226995096832 0.01108 0.69713 -0.08496 0.06812 0.82757 -0.09728 0.54866
1403638227095097088 0.01129 0.69707 -0.08506 0.06795 0.82752 -0.09737 0.54873
1403638227195097088 0.01151 0.69682 -0.08487 0.06814 0.82756 -0.09717 0.54868
1403638227295097088 0.01124 0.69705 -0.08468 0.06835 0.82764 -0.09693 0.54858
1403638227395097088 0.01120 0.69687 -0.08453 0.06847 0.82769 -0.09678 0.54851
1403638227495096832 0.01113 0.69670 -0.08431 0.06830 0.82776 -0.09689 0.54842
1403638227595097088 0.01097 0.69656 -0.08413 0.06805 0.82776 -0.09694 0.54843
1403638227695097088 0.01098 0.69644 -0.08399 0.06787 0.82784 -0.09705 0.54832
1403638227795097088 0.01098 0.69630 -0.08391 0.06780 0.82785 -0.09707 0.54831
1403638227895097088 0.01107 0.69627 -0.08385 0.06780 0.82790 -0.09698 0.54825
1403638227995096832 0.01103 0.69608 -0.08376 0.06777 0.82790 -0.09700 0.54825
1403638228095097088 0.01094 0.69591 -0.08367 0.06776 0.82795 -0.09693 0.54819
1403638228195097088 0.01086 0.69568 -0.08346 0.06768 0.82796 -0.09697 0.54818
1403638228295097088 0.01076 0.69550 -0.08336 0.06758 0.82795 -0.09703 0.54820
1403638228395097088 0.01087 0.69535 -0.08340 0.06748 0.82797 -0.09711 0.54816
1403638228495096832 0.01065 0.69530 -0.08323 0.06745 0.82797 -0.09708 0.54816
1403638228595097088 0.01046 0.69530 -0.08309 0.06735 0.82804 -0.09702 0.54809
1403638228695097088 0.01053 0.69513 -0.08305 0.06737 0.82802 -0.09703 0.54811
1403638228795097088 0.01047 0.69480 -0.08295 0.06732 0.82808 -0.09702 0.54804
