1403638130795097088 -0.01397 0.02236 0.09661 -0.10371 0.80214 0.03578 0.58697
1403638130895097088 -0.01485 0.03377 0.14321 -0.10949 0.80065 0.03351 0.58809
1403638130995096832 -0.02040 0.02867 0.17140 -0.10888 0.79088 0.02596 0.60165
1403638131095097088 -0.02727 0.02955 0.15143 -0.10594 0.78401 0.02110 0.61127
1403638131195097088 -0.03131 0.02985 0.14170 -0.09653 0.79178 0.03131 0.60232
1403638131295097088 -0.03317 0.02674 0.10498 -0.08467 0.80218 0.04568 0.58927
1403638131395097088 -0.03072 0.02531 0.09100 -0.08177 0.80516 0.04697 0.58551
1403638131495096832 -0.02701 0.02763 0.06619 -0.07495 0.80542 0.04784 0.58600
1403638131595097088 -0.03320 0.02926 0.02900 -0.07134 0.80914 0.04959 0.58116
1403638131695097088 -0.03855 0.02816 -0.01779 -0.06754 0.81019 0.05322 0.57983
1403638131795097088 -0.03579 0.02720 -0.04599 -0.06001 0.81095 0.05738 0.57919
1403638131895097088 -0.04643 0.02479 -0.09278 -0.05048 0.81210 0.06094 0.57813
1403638131995096832 -0.05501 0.03185 -0.13282 -0.04309 0.81349 0.06681 0.57612
1403638132095097088 -0.05051 0.02955 -0.14592 -0.03366 0.81872 0.08301 0.56716
1403638132195097088 -0.05619 0.03315 -0.13736 -0.03299 0.81892 0.08943 0.56594
1403638132295097088 -0.06355 0.04253 -0.10053 -0.04567 0.81095 0.08121 0.57765
1403638132395097088 -0.06526 0.04027 -0.05578 -0.05916 0.80680 0.07598 0.58293
1403638132495096832 -0.06391 0.03359 -0.00895 -0.07989 0.79903 0.06491 0.59241
1403638132595097088 -0.06707 0.03510 0.03689 -0.09923 0.78570 0.04952 0.60859
1403638132695097088 -0.06751 0.04008 0.07151 -0.10576 0.78622 0.04515 0.60716
1403638132795097088 -0.06444 0.05044 0.09419 -0.10729 0.79226 0.04327 0.59911
1403638132895097088 -0.07468 0.05847 0.10205 -0.11318 0.78523 0.03405 0.60782
1403638132995096832 -0.07042 0.05774 0.09819 -0.12006 0.77920 0.03276 0.61430
1403638133095097088 -0.06018 0.04974 0.08415 -0.11010 0.78412 0.04700 0.60895
1403638133195097088 -0.06317 0.02858 0.05558 -0.09840 0.78855 0.04871 0.60509
1403638133295097088 -0.05344 0.00010 0.03492 -0.08275 0.79123 0.03860 0.60466
1403638133395097088 -0.04887 -0.03858 0.00875 -0.06477 0.79795 0.03162 0.59840
1403638133495096832 -0.04545 -0.08564 -0.01095 -0.04520 0.80249 0.01805 0.59468
1403638133595097088 -0.04747 -0.13375 -0.02791 -0.03725 0.80566 -0.00399 0.59119
1403638133695097088 -0.05510 -0.17841 -0.04178 -0.03536 0.81058 -0.02142 0.58416
1403638133795097088 -0.06659 -0.21948 -0.05717 -0.02100 0.81355 -0.03547 0.58004
1403638133895097088 -0.07054 -0.25106 -0.07208 -0.00488 0.81650 -0.04299 0.57572
1403638133995096832 -0.06005 -0.25904 -0.07954 0.00311 0.81631 -0.04964 0.57546
1403638134095097088 -0.04186 -0.24619 -0.08235 0.00699 0.81934 -0.04498 0.57150
1403638134195097088 -0.01634 -0.22144 -0.08055 0.01031 0.82081 -0.03899 0.56977
1403638134295097088 0.00994 -0.18701 -0.07432 0.00589 0.81199 -0.04724 0.58172
1403638134395097088 0.04353 -0.14115 -0.07213 -0.00213 0.81404 -0.05254 0.57842
1403638134495096832 0.07325 -0.09751 -0.07088 -0.00928 0.81581 -0.05628 0.57551
1403638134595097088 0.09023 -0.05172 -0.06780 -0.01954 0.81455 -0.06163 0.57648
1403638134695097088 0.10285 -0.00628 -0.06331 -0.02445 0.81834 -0.06032 0.57103
1403638134795097088 0.10666 0.04226 -0.05707 -0.02608 0.82513 -0.05464 0.56169
1403638134895097088 0.12189 0.08579 -0.05227 -0.02361 0.82751 -0.05032 0.55869
1403638134995096832 0.12660 0.12422 -0.04645 -0.02454 0.82389 -0.05108 0.56391
1403638135095097088 0.12189 0.15657 -0.04585 -0.02068 0.82742 -0.04342 0.55952
1403638135195097088 0.11592 0.17788 -0.05154 -0.01903 0.83153 -0.03590 0.55398
1403638135295097088 0.11662 0.18186 -0.06152 -0.01711 0.83353 -0.03278 0.55123
1403638135395097088 0.10434 0.17277 -0.07151 -0.01474 0.83123 -0.03466 0.55465
1403638135495096832 0.10057 0.15266 -0.08342 -0.00623 0.83382 -0.03324 0.55099
1403638135595097088 0.08379 0.12677 -0.08211 0.00195 0.83844 -0.03312 0.54398
1403638135695097088 0.08376 0.08569 -0.08866 0.00542 0.83488 -0.04218 0.54878
1403638135795097088 0.07268 0.04743 -0.09239 0.00223 0.83232 -0.05494 0.55156
1403638135895097088 0.05629 0.01406 -0.09533 0.01145 0.83742 -0.04926 0.54422
1403638135995096832 0.03689 -0.01739 -0.08907 0.02236 0.84255 -0.04375 0.53638
1403638136095097088 0.02027 -0.05453 -0.07260 0.03010 0.83569 -0.04929 0.54615
1403638136195097088 0.00078 -0.09837 -0.05848 0.02702 0.82604 -0.06339 0.55939
1403638136295097088 -0.01922 -0.14220 -0.05820 0.03241 0.82375 -0.06808 0.56192
1403638136395097088 -0.03712 -0.17672 -0.06856 0.04137 0.82560 -0.06850 0.55855
1403638136495096832 -0.05204 -0.19543 -0.07588 0.04692 0.82798 -0.07021 0.55437
1403638136595097088 -0.05939 -0.19282 -0.07284 0.04087 0.82879 -0.08070 0.55221
1403638136695097088 -0.05954 -0.17189 -0.06047 0.02702 0.82748 -0.08260 0.55473
1403638136795097088 -0.05670 -0.14167 -0.04792 0.00929 0.82672 -0.07848 0.55703
1403638136895097088 -0.04921 -0.10417 -0.04173 -0.01675 0.81929 -0.08029 0.56749
1403638136995096832 -0.04189 -0.06554 -0.04786 -0.03710 0.80924 -0.08362 0.58032
1403638137195097088 -0.03800 0.00980 -0.10721 -0.04155 0.81634 -0.06373 0.57254
1403638137295097088 -0.03593 0.03257 -0.14818 -0.03860 0.82417 -0.04844 0.56295
1403638137495096832 -0.03951 0.06217 -0.22713 -0.02586 0.83640 -0.03122 0.54663
1403638137595097088 -0.03848 0.06973 -0.25894 -0.01134 0.84412 -0.01877 0.53570
1403638137795097088 -0.04084 0.07900 -0.29844 -0.00107 0.84406 -0.02381 0.53572
1403638137895097088 -0.03991 0.08353 -0.31276 0.00540 0.84936 -0.01958 0.52742
1403638138145096960 -0.03769 0.09333 -0.32527 0.01144 0.85300 -0.01242 0.52164
1403638138245096960 -0.03150 0.09879 -0.32906 0.00779 0.84824 -0.01820 0.52923
1403638138445096960 -0.03196 0.10177 -0.32791 0.00791 0.84139 -0.01952 0.54002
1403638138545097216 -0.02972 0.10237 -0.32943 0.00734 0.84099 -0.01934 0.54065
1403638138695097088 -0.02616 0.10540 -0.33318 0.00647 0.84084 -0.01957 0.54089
1403638138795097088 -0.02592 0.10534 -0.33316 0.00627 0.84071 -0.01878 0.54112
1403638139195097088 -0.02051 0.10998 -0.33646 0.00541 0.84040 -0.01879 0.54161
1403638139295097088 -0.01872 0.10871 -0.33986 0.00517 0.84021 -0.01848 0.54192
1403638139395097088 -0.01747 0.10976 -0.34104 0.00478 0.84008 -0.01843 0.54213
1403638139545097216 -0.01502 0.11207 -0.34339 0.00443 0.83993 -0.01838 0.54237
1403638139645096960 -0.01746 0.11305 -0.34393 0.00433 0.83981 -0.01823 0.54256
1403638139795097088 -0.01860 0.11383 -0.34467 0.00400 0.83969 -0.01833 0.54274
1403638139895097088 -0.01830 0.11428 -0.34698 0.00402 0.83960 -0.01826 0.54288
1403638140045097216 -0.01936 0.11541 -0.34828 0.00386 0.83956 -0.01826 0.54295
1403638140145096960 -0.01975 0.11758 -0.34960 0.00386 0.83948 -0.01821 0.54307
1403638140295097088 -0.02047 0.12059 -0.35189 0.00376 0.83939 -0.01824 0.54321
1403638140395097088 -0.02221 0.12113 -0.35462 0.00366 0.83931 -0.01824 0.54333
1403638140495096832 -0.02133 0.12242 -0.35519 0.00358 0.83925 -0.01825 0.54342
1403638140595097088 -0.01886 0.12419 -0.35580 0.00351 0.83919 -0.01825 0.54352
1403638140795097088 -0.01818 0.12615 -0.35849 0.00339 0.83909 -0.01829 0.54367
1403638140895097088 -0.01591 0.12728 -0.35954 0.00334 0.83906 -0.01832 0.54372
1403638140995096832 -0.01377 0.12781 -0.36129 0.00326 0.83903 -0.01830 0.54377
1403638141095097088 -0.01745 0.13009 -0.36259 0.00326 0.83896 -0.01835 0.54388
1403638141245096960 -0.01836 0.13212 -0.36439 0.00319 0.83888 -0.01835 0.54399
1403638141345096960 -0.01745 0.13403 -0.36635 0.00311 0.83884 -0.01840 0.54405
1403638141495096832 -0.01592 0.13417 -0.36892 0.00294 0.83877 -0.01839 0.54416
1403638141595097088 -0.01728 0.13335 -0.37096 0.00288 0.83871 -0.01837 0.54426
1403638141795097088 -0.02157 0.13516 -0.37086 0.00283 0.83867 -0.01845 0.54432
1403638141895097088 -0.02063 0.13635 -0.37231 0.00271 0.83862 -0.01837 0.54440
1403638142045097216 -0.02001 0.13677 -0.37369 0.00255 0.83856 -0.01833 0.54450
1403638142145096960 -0.02205 0.13816 -0.37492 0.00245 0.83852 -0.01836 0.54456
1403638142245096960 -0.02190 0.13935 -0.37646 0.00287 0.83853 -0.01884 0.54452
1403638142495096832 -0.02274 0.14501 -0.37839 0.00285 0.83849 -0.01898 0.54457
1403638142595097088 -0.02468 0.14539 -0.37887 0.00216 0.83843 -0.01840 0.54470
1403638142745096960 -0.02784 0.14509 -0.37908 0.00241 0.83841 -0.01858 0.54472
1403638142845096960 -0.02492 0.14808 -0.38008 0.00254 0.83844 -0.01873 0.54466
1403638142995096832 -0.02389 0.14910 -0.38228 0.00244 0.83840 -0.01837 0.54474
1403638143095097088 -0.02202 0.14954 -0.38299 0.00240 0.83841 -0.01837 0.54473
1403638143195097088 -0.02458 0.14755 -0.38286 0.00221 0.83839 -0.01837 0.54476
1403638143295097088 -0.02676 0.14654 -0.38290 0.00212 0.83833 -0.01840 0.54486
1403638143395097088 -0.02337 0.14653 -0.38278 0.00216 0.83831 -0.01843 0.54487
1403638143545097216 -0.02245 0.14654 -0.38379 0.00225 0.83826 -0.01851 0.54495
1403638143645096960 -0.01987 0.14779 -0.38510 0.00218 0.83831 -0.01872 0.54487
1403638143745096960 -0.01996 0.14942 -0.38666 0.00220 0.83828 -0.01876 0.54491
1403638143845096960 -0.02098 0.15029 -0.38653 0.00212 0.83827 -0.01872 0.54493
1403638144045097216 -0.02080 0.14926 -0.38719 0.00211 0.83824 -0.01875 0.54497
1403638144145096960 -0.01699 0.15368 -0.38866 0.00217 0.83822 -0.01877 0.54501
1403638144245096960 -0.01729 0.15475 -0.38836 0.00213 0.83820 -0.01881 0.54503
1403638144345096960 -0.01786 0.15572 -0.38831 0.00205 0.83818 -0.01884 0.54506
1403638144495096832 -0.02290 0.15523 -0.38989 0.00211 0.83815 -0.01889 0.54511
1403638144595097088 -0.01789 0.15639 -0.38996 0.00205 0.83818 -0.01898 0.54507
1403638144745096960 -0.01691 0.15565 -0.39092 0.00203 0.83810 -0.01892 0.54519
1403638144845096960 -0.01733 0.15636 -0.39331 0.00192 0.83804 -0.01892 0.54527
1403638145145096960 -0.02816 0.15674 -0.39368 0.00215 0.83805 -0.01895 0.54525
1403638145245096960 -0.01905 0.16016 -0.39475 0.00201 0.83801 -0.01903 0.54531
1403638145345096960 -0.02010 0.16066 -0.39552 0.00198 0.83798 -0.01911 0.54537
1403638145445096960 -0.02079 0.16404 -0.39444 0.00220 0.83796 -0.01924 0.54539
1403638145545097216 -0.01609 0.16544 -0.39562 0.00208 0.83791 -0.01924 0.54547
1403638145645096960 -0.01641 0.16476 -0.39678 0.00197 0.83796 -0.01925 0.54539
1403638145745096960 -0.02246 0.16587 -0.39577 0.00197 0.83791 -0.01928 0.54546
1403638145845096960 -0.01930 0.16732 -0.39591 0.00199 0.83787 -0.01925 0.54552
1403638145945096960 -0.01639 0.16771 -0.39779 0.00200 0.83788 -0.01932 0.54551
1403638146045097216 -0.01677 0.16868 -0.39791 0.00187 0.83783 -0.01932 0.54559
1403638146145096960 -0.01622 0.16803 -0.39886 0.00183 0.83781 -0.01930 0.54561
1403638146345096960 -0.02435 0.16568 -0.40057 0.00192 0.83778 -0.01928 0.54566
1403638146445096960 -0.01903 0.17112 -0.40148 0.00195 0.83772 -0.01945 0.54576
1403638146695097088 -0.02476 0.17060 -0.39942 0.00230 0.83780 -0.01949 0.54562
1403638146795097088 -0.01746 0.17234 -0.40147 0.00205 0.83763 -0.01947 0.54589
1403638146895097088 -0.02066 0.17161 -0.40351 0.00215 0.83764 -0.01935 0.54588
1403638146995096832 -0.02050 0.17241 -0.40113 0.00222 0.83779 -0.01944 0.54564
1403638147095097088 -0.02212 0.17438 -0.39878 0.00217 0.83787 -0.01938 0.54553
1403638147295097088 -0.03229 0.17246 -0.40066 0.00224 0.83791 -0.01937 0.54545
1403638147395097088 -0.02496 0.17487 -0.40461 0.00217 0.83772 -0.01939 0.54575
1403638147545097216 -0.02789 0.16815 -0.40551 0.00198 0.83723 -0.01950 0.54650
1403638147645096960 -0.02465 0.17156 -0.40561 0.00183 0.83715 -0.01886 0.54664
1403638147795097088 -0.02170 0.17799 -0.40269 0.00190 0.83487 -0.01936 0.55011
1403638147895097088 -0.01220 0.17507 -0.40217 0.00392 0.82785 -0.02272 0.56047
1403638148045097216 -0.01174 0.16902 -0.38548 0.00523 0.81845 -0.02456 0.57402
1403638148145096960 -0.01120 0.10752 -0.36416 0.00416 0.81448 -0.02055 0.57982
1403638148295097088 -0.00246 0.13073 -0.28545 0.00318 0.81319 -0.01672 0.58175
1403638148395097088 0.00216 0.12606 -0.22915 0.00157 0.81290 -0.01356 0.58225
1403638148595097088 0.01517 0.12105 -0.16532 0.00259 0.82094 -0.00753 0.57095
1403638148695097088 0.02854 0.12083 -0.16424 0.00258 0.82463 -0.00533 0.56565
1403638148845096960 0.05386 0.11436 -0.16418 -0.00020 0.82766 -0.00322 0.56122
1403638148945096960 0.07047 0.11402 -0.15329 -0.00093 0.82715 -0.00206 0.56197
1403638149095097088 0.10561 0.11645 -0.10486 -0.00177 0.82237 0.00012 0.56895
1403638149195097088 0.12542 0.12602 -0.07018 -0.00179 0.82000 0.00031 0.57235
1403638149445096960 0.18031 0.14567 0.00665 -0.00510 0.81720 -0.00112 0.57632
1403638149545097216 0.20163 0.15216 0.02805 -0.00359 0.81655 -0.00020 0.57726
1403638149645096960 0.22894 0.16359 0.04827 -0.00365 0.81662 0.00272 0.57715
1403638149745096960 0.25054 0.17798 0.06015 -0.00633 0.81623 0.00829 0.57763
1403638149845096960 0.27177 0.19119 0.07010 -0.00928 0.81652 0.01272 0.57710
1403638149995096832 0.31039 0.20855 0.08262 -0.01096 0.81642 0.01817 0.57707
1403638150095097088 0.33154 0.22319 0.07964 -0.00480 0.81618 0.02466 0.57725
1403638150345096960 0.40215 0.29026 0.05723 0.00573 0.81878 0.03361 0.57309
1403638150445096960 0.42734 0.32303 0.04255 -0.00195 0.82489 0.03218 0.56437
1403638150645096960 0.48495 0.40409 0.03406 -0.01869 0.83099 0.03930 0.55458
1403638150745096960 0.52382 0.44842 0.04330 -0.02289 0.83003 0.04383 0.55553
1403638150995096832 0.62229 0.56273 0.07064 -0.03345 0.82115 0.06483 0.56604
1403638151095097088 0.66492 0.60926 0.07483 -0.03923 0.81827 0.07690 0.56831
1403638151245096960 0.72858 0.69202 0.06999 -0.05547 0.81445 0.10330 0.56827
1403638151345096960 0.77157 0.75078 0.06392 -0.06918 0.81285 0.12282 0.56516
1403638151745096960 0.91687 1.00426 0.07851 -0.11758 0.80084 0.18553 0.55715
1403638151845096960 0.95220 1.06619 0.09993 -0.12168 0.80020 0.19213 0.55494
1403638152295097088 1.10668 1.38389 0.20320 -0.11921 0.79973 0.20033 0.55325
1403638152395097088 1.13869 1.45321 0.21381 -0.11522 0.79971 0.20101 0.55388
1403638152495096832 1.17176 1.53552 0.21172 -0.11122 0.80025 0.20138 0.55378
1403638152695097088 1.23461 1.71080 0.19657 -0.11600 0.80240 0.19870 0.55065
1403638152795097088 1.26586 1.80455 0.19495 -0.12357 0.80073 0.20175 0.55033
1403638153045097216 1.34731 2.04765 0.22658 -0.14903 0.79148 0.22433 0.54866
1403638153145096960 1.37364 2.13789 0.24937 -0.15574 0.79206 0.23534 0.54129
1403638153395097088 1.45821 2.37922 0.28929 -0.16679 0.78851 0.25821 0.53269
1403638153495096832 1.49393 2.47487 0.29891 -0.16903 0.78417 0.27447 0.53026
1403638153745096960 1.58218 2.73261 0.34445 -0.18816 0.76879 0.31563 0.52339
1403638153845096960 1.61801 2.83898 0.35955 -0.19908 0.76229 0.32731 0.52168
1403638154045097216 1.68614 3.06809 0.37264 -0.21731 0.75216 0.33607 0.52354
1403638154145096960 1.71925 3.18651 0.37432 -0.22088 0.74746 0.33817 0.52741
1403638154395097088 1.78934 3.48191 0.35742 -0.22538 0.73577 0.33667 0.54268
1403638154495096832 1.80761 3.59410 0.34923 -0.22798 0.73256 0.33371 0.54775
1403638154845096960 1.83192 3.98754 0.34020 -0.23060 0.73597 0.35274 0.52986
1403638154945096960 1.82635 4.09484 0.35403 -0.23018 0.73316 0.36192 0.52775
1403638155145096960 1.79881 4.31811 0.40257 -0.24206 0.72172 0.37979 0.52563
1403638155245096960 1.77357 4.41526 0.42600 -0.25079 0.71595 0.38539 0.52535
1403638155445096960 1.71793 4.62676 0.44797 -0.26144 0.70142 0.39890 0.52965
1403638155545097216 1.68092 4.73349 0.44880 -0.27115 0.69549 0.40695 0.52647
1403638155745096960 1.58832 4.93854 0.43527 -0.30425 0.67952 0.42351 0.51606
1403638155845096960 1.53419 5.03037 0.42112 -0.31819 0.67133 0.43743 0.50668
1403638155995096832 1.44677 5.16670 0.39969 -0.33275 0.66307 0.46713 0.48105
1403638156095097088 1.38498 5.24878 0.39276 -0.34078 0.65676 0.48903 0.46194
1403638156345096960 1.23576 5.44955 0.41109 -0.36210 0.63791 0.52716 0.42901
1403638156445096960 1.18354 5.52749 0.41634 -0.36704 0.63373 0.53638 0.41948
1403638156795097088 1.02060 5.83201 0.38909 -0.37200 0.62801 0.54593 0.41133
1403638156895097088 0.98074 5.92439 0.36934 -0.37080 0.62862 0.54569 0.41179
1403638156995096832 0.94282 6.02117 0.35400 -0.36887 0.63025 0.54450 0.41260
1403638157195097088 0.87453 6.23267 0.34595 -0.36181 0.63682 0.54378 0.40971
1403638157295097088 0.84480 6.33861 0.35166 -0.36289 0.63691 0.54282 0.40990
1403638157495096832 0.78527 6.56744 0.37093 -0.36409 0.62668 0.54823 0.41732
1403638157595097088 0.75812 6.69005 0.37454 -0.37021 0.61776 0.55265 0.41939
1403638157845096960 0.68605 6.98713 0.38047 -0.39145 0.58206 0.57950 0.41491
1403638157945096960 0.65745 7.10049 0.39500 -0.40350 0.56920 0.59109 0.40475
1403638158195097088 0.57850 7.37778 0.42814 -0.42517 0.55401 0.60830 0.37720
1403638158295097088 0.55410 7.49129 0.42837 -0.42864 0.54925 0.61203 0.37417
1403638158495096832 0.49698 7.72291 0.42169 -0.42551 0.54080 0.61893 0.37867
1403638158595097088 0.46982 7.83163 0.41350 -0.42391 0.53804 0.62008 0.38251
1403638158745096960 0.41891 8.00074 0.40004 -0.42595 0.54015 0.61724 0.38187
1403638158845096960 0.38575 8.10681 0.39313 -0.42576 0.54637 0.61590 0.37533
1403638159195097088 0.27752 8.48469 0.42577 -0.40536 0.56728 0.62456 0.35186
1403638159295097088 0.24949 8.61032 0.43321 -0.40622 0.56758 0.62271 0.35366
1403638159545097216 0.18384 8.93075 0.45721 -0.44961 0.55220 0.59102 0.37898
1403638159645096960 0.16685 9.05176 0.47518 -0.46713 0.55229 0.57821 0.37741
1403638159895097088 0.16643 9.32821 0.55634 -0.46958 0.54515 0.57729 0.38606
1403638159995096832 0.18854 9.40738 0.60560 -0.46007 0.53932 0.58488 0.39418
1403638160195097088 0.22592 9.56502 0.72273 -0.44300 0.54142 0.59925 0.38925
1403638160295097088 0.24816 9.62361 0.79307 -0.43128 0.54780 0.60863 0.37878
1403638160745096960 0.34565 9.92868 1.11012 -0.42298 0.55393 0.61484 0.36908
1403638160845096960 0.36575 9.97639 1.16493 -0.43417 0.55447 0.60409 0.37300
1403638160945096960 0.39307 10.04162 1.21855 -0.44297 0.55789 0.58844 0.38246
1403638161145096960 0.46244 10.16472 1.31639 -0.43375 0.57550 0.56374 0.40357
1403638161245096960 0.50446 10.22225 1.35905 -0.41903 0.59054 0.55237 0.41299
1403638161495096832 0.62007 10.35447 1.46075 -0.37920 0.62978 0.52768 0.42560
1403638161595097088 0.67351 10.42037 1.49921 -0.36935 0.63960 0.52180 0.42685
1403638161845096960 0.80104 10.56295 1.56986 -0.36643 0.65143 0.50415 0.43268
1403638161945096960 0.85802 10.62406 1.59207 -0.36444 0.65417 0.49552 0.44013
1403638162245096960 1.03661 10.78162 1.66623 -0.35677 0.66775 0.48212 0.44090
1403638162345096960 1.10224 10.83902 1.69217 -0.35726 0.67155 0.47906 0.43805
1403638162595097088 1.28753 10.96785 1.74187 -0.35650 0.66904 0.47822 0.44340
1403638162695097088 1.36809 11.01097 1.76899 -0.35243 0.66660 0.48221 0.44601
1403638162945096960 1.58249 11.12271 1.86403 -0.35511 0.67263 0.47247 0.44524
1403638163045097216 1.67620 11.16996 1.91084 -0.36003 0.67011 0.46357 0.45434
1403638163245096960 1.87552 11.24788 1.95319 -0.35022 0.67652 0.45039 0.46563
1403638163345096960 1.98096 11.28450 1.95575 -0.33772 0.68228 0.44357 0.47295
1403638163545097216 2.19111 11.34640 1.96251 -0.31766 0.69473 0.42400 0.48648
1403638163645096960 2.29949 11.37788 1.97514 -0.31176 0.69942 0.41833 0.48849
1403638163845096960 2.50044 11.41984 2.02470 -0.30725 0.70256 0.41119 0.49288
1403638163945096960 2.59844 11.43682 2.06047 -0.30835 0.70427 0.40909 0.49150
1403638164095097088 2.74675 11.45311 2.12687 -0.31475 0.70734 0.40561 0.48588
1403638164195097088 2.84870 11.45892 2.17660 -0.31984 0.70724 0.40354 0.48443
1403638164445096960 3.11567 11.46177 2.28344 -0.32732 0.70279 0.40336 0.48605
1403638164545097216 3.22919 11.45553 2.31479 -0.33053 0.70339 0.40239 0.48381
1403638164995096832 3.75948 11.35532 2.41032 -0.30363 0.69656 0.39781 0.51416
1403638165095097088 3.87178 11.32055 2.41966 -0.31021 0.69977 0.38467 0.51587
1403638165195097088 3.98693 11.28018 2.42283 -0.30775 0.70772 0.37824 0.51122
1403638165495096832 4.31990 11.13622 2.40004 -0.29785 0.72448 0.36807 0.50093
1403638165595097088 4.43433 11.08109 2.38561 -0.29814 0.71674 0.36426 0.51450
1403638165795097088 4.65599 10.95582 2.34325 -0.29325 0.70418 0.36438 0.53419
1403638165895097088 4.76254 10.88660 2.31702 -0.28746 0.70975 0.36885 0.52685
1403638165995096832 4.86014 10.81393 2.29602 -0.28179 0.71581 0.37359 0.51830
1403638166195097088 5.05269 10.65629 2.28949 -0.27097 0.72213 0.38454 0.50718
1403638166295097088 5.14889 10.58734 2.31007 -0.26949 0.72112 0.38833 0.50652
1403638166595097088 5.39886 10.36819 2.44865 -0.26885 0.71863 0.39481 0.50539
1403638166695097088 5.47974 10.30045 2.48768 -0.27218 0.71952 0.39391 0.50303
1403638166945096960 5.67001 10.15205 2.54542 -0.28460 0.73995 0.38726 0.47064
1403638167045097216 5.75437 10.09602 2.55885 -0.27949 0.74537 0.39065 0.46228
1403638167295097088 6.00338 9.99244 2.61658 -0.26727 0.74122 0.39979 0.46832
1403638167395097088 6.11564 9.96744 2.64915 -0.26655 0.73968 0.39992 0.47106
1403638167645096960 6.40118 9.91179 2.71691 -0.28169 0.73523 0.38589 0.48081
1403638167745096960 6.52355 9.88940 2.73190 -0.28652 0.73743 0.37435 0.48369
1403638167945096960 6.77553 9.85115 2.75031 -0.28384 0.74826 0.34598 0.48974
1403638168045097216 6.91407 9.82170 2.75699 -0.27667 0.75318 0.33337 0.49501
1403638168145096960 7.05664 9.79349 2.76944 -0.26996 0.75714 0.32294 0.49957
1403638168295097088 7.27290 9.74132 2.80230 -0.25283 0.76340 0.30854 0.50804
1403638168395097088 7.42219 9.69843 2.82861 -0.24116 0.76685 0.29678 0.51546
1403638168645096960 7.79842 9.59708 2.89663 -0.19732 0.77856 0.29402 0.51814
1403638168745096960 7.94986 9.55938 2.91294 -0.18632 0.78132 0.29543 0.51724
1403638168995096832 8.32705 9.49833 2.92749 -0.18003 0.78335 0.29739 0.51527
1403638169095097088 8.47912 9.49129 2.92719 -0.18673 0.77771 0.29604 0.52216
1403638169245096960 8.70528 9.49376 2.91199 -0.20491 0.77339 0.28817 0.52616
1403638169345096960 8.85151 9.49601 2.89667 -0.22063 0.77234 0.27227 0.52979
1403638169695097088 9.37082 9.44011 2.84393 -0.20588 0.77786 0.21773 0.55240
1403638169795097088 9.51503 9.40563 2.84349 -0.18192 0.78224 0.20716 0.55865
1403638169895097088 9.65493 9.36516 2.85060 -0.15340 0.78590 0.19706 0.56568
1403638170045097216 9.85830 9.30199 2.87487 -0.12189 0.78239 0.17291 0.58575
1403638170145096960 9.98785 9.26511 2.88822 -0.11094 0.78399 0.14947 0.59221
1403638170495096832 10.36558 9.10868 2.88554 -0.07956 0.80269 0.06241 0.58777
1403638170595097088 10.47174 9.06124 2.87972 -0.07521 0.80298 0.03697 0.59008
1403638170695097088 10.57359 9.00211 2.88373 -0.06600 0.80034 0.01515 0.59571
1403638170795097088 10.66600 8.93524 2.89345 -0.05399 0.79999 -0.00336 0.59757
1403638170945096960 10.78134 8.82095 2.91175 -0.03246 0.80076 -0.02839 0.59743
1403638171045097216 10.84449 8.73621 2.91623 -0.01895 0.79905 -0.04518 0.59927
1403638171395097088 10.99748 8.40603 2.91095 0.00113 0.79233 -0.08069 0.60473
1403638171495096832 11.01862 8.30098 2.90323 0.00426 0.79018 -0.08792 0.60652
1403638171695097088 11.04452 8.07475 2.88432 0.00706 0.78448 -0.10551 0.61107
1403638171795097088 11.03673 7.95325 2.87213 0.01071 0.78212 -0.11636 0.61207
1403638171895097088 11.01726 7.82446 2.86525 0.01227 0.77761 -0.12675 0.61571
1403638172145096960 10.91994 7.46441 2.87198 0.03071 0.77319 -0.13251 0.61941
1403638172245096960 10.85862 7.31044 2.87249 0.03391 0.77422 -0.13321 0.61781
1403638172345096960 10.78664 7.15521 2.86316 0.03650 0.77467 -0.13254 0.61724
1403638172495096832 10.66324 6.91594 2.82883 0.03452 0.77251 -0.13215 0.62014
1403638172595097088 10.57553 6.74869 2.79368 0.03181 0.77055 -0.13139 0.62288
1403638172945096960 10.16174 6.14388 2.62305 0.01640 0.77198 -0.12901 0.62221
1403638173045097216 10.01377 5.96074 2.56478 0.01055 0.77579 -0.12860 0.61766
1403638173145096960 9.85517 5.77061 2.50342 0.00512 0.78096 -0.12803 0.61130
1403638173295097088 9.60682 5.46929 2.39730 0.01100 0.78680 -0.12032 0.60526
1403638173395097088 9.42924 5.26599 2.32230 0.02300 0.79010 -0.11135 0.60234
1403638173795097088 8.71725 4.43630 1.93973 0.04766 0.79629 -0.09719 0.59515
1403638173895097088 8.52414 4.23547 1.84486 0.04895 0.79761 -0.09721 0.59328
1403638173995096832 8.32416 4.03810 1.75874 0.04835 0.79671 -0.09802 0.59440
1403638174145096960 8.02275 3.75161 1.63613 0.04997 0.79827 -0.09744 0.59226
1403638174245096960 7.81557 3.56497 1.55629 0.05056 0.80271 -0.09672 0.58630
1403638174545097216 7.22806 3.01625 1.28503 0.04675 0.81434 -0.09686 0.57033
1403638174645096960 7.03856 2.83239 1.20246 0.05015 0.81866 -0.09372 0.56436
1403638174895097088 6.59944 2.39421 1.02528 0.05487 0.82663 -0.08966 0.55284
1403638174995096832 6.43664 2.21793 0.96689 0.05519 0.82796 -0.09001 0.55076
1403638175395097088 5.88314 1.56827 0.79501 0.06433 0.83377 -0.08980 0.54095
1403638175495096832 5.77373 1.41342 0.77347 0.06832 0.83988 -0.08781 0.53124
1403638175695097088 5.60222 1.12586 0.75071 0.06796 0.85462 -0.08752 0.50730
1403638175795097088 5.54891 0.99462 0.74930 0.06688 0.85880 -0.08751 0.50033
1403638175895097088 5.50980 0.86646 0.73815 0.06912 0.86069 -0.08482 0.49723
1403638175995096832 5.47741 0.73084 0.71437 0.07616 0.85915 -0.07772 0.50001
1403638176095097088 5.45629 0.59707 0.68816 0.08311 0.85022 -0.07067 0.51500
1403638176495096832 5.46613 0.14501 0.62932 0.08220 0.81625 -0.07062 0.56744
1403638176595097088 5.47915 0.05805 0.62919 0.08281 0.81766 -0.07096 0.56527
1403638176745096960 5.50046 -0.06623 0.63630 0.08372 0.81855 -0.07097 0.56386
1403638176845096960 5.51481 -0.13745 0.65050 0.07976 0.81860 -0.07377 0.56400
1403638176945096960 5.52757 -0.21722 0.66250 0.07717 0.81924 -0.07551 0.56320
1403638177095097088 5.55405 -0.30904 0.67749 0.08076 0.82076 -0.07306 0.56080
1403638177195097088 5.57848 -0.36685 0.67522 0.08390 0.82114 -0.07113 0.56003
1403638177395097088 5.63950 -0.45783 0.65306 0.08564 0.82110 -0.07022 0.55994
1403638177495096832 5.67665 -0.49231 0.63339 0.08169 0.82137 -0.07407 0.55963
1403638177695097088 5.75327 -0.54779 0.58586 0.05912 0.81956 -0.09242 0.56240
1403638177795097088 5.78854 -0.57568 0.55921 0.05156 0.81564 -0.10177 0.56719
1403638178095097088 5.89384 -0.66710 0.48994 0.05652 0.79907 -0.11171 0.58806
1403638178195097088 5.91770 -0.70251 0.48008 0.06544 0.79614 -0.11965 0.58955
1403638178295097088 5.94047 -0.74339 0.47885 0.07493 0.79195 -0.13369 0.59103
1403638178445096960 5.95010 -0.80248 0.48992 0.09155 0.78632 -0.16273 0.58893
1403638178545097216 5.95475 -0.84653 0.49131 0.10328 0.78600 -0.18600 0.58047
1403638178845096960 5.92252 -0.97700 0.47116 0.13795 0.77796 -0.25100 0.55924
1403638178945096960 5.90535 -1.02999 0.45918 0.14755 0.77790 -0.26523 0.55023
1403638179345096960 5.84177 -1.26124 0.36989 0.18281 0.78393 -0.29305 0.51591
1403638179445096960 5.84433 -1.33449 0.34593 0.19276 0.77495 -0.30569 0.51850
1403638179545097216 5.84388 -1.40900 0.31775 0.20397 0.76111 -0.32158 0.52507
1403638179645096960 5.84133 -1.48514 0.28753 0.21605 0.74961 -0.33921 0.52568
1403638179745096960 5.83800 -1.56187 0.26250 0.23015 0.73888 -0.35686 0.52320
1403638179995096832 5.81432 -1.74637 0.22780 0.25711 0.72124 -0.39982 0.50383
1403638180095097088 5.80962 -1.82551 0.22068 0.26003 0.71840 -0.41303 0.49567
1403638180395097088 5.77929 -2.06793 0.19806 0.26778 0.71364 -0.42646 0.48698
1403638180495096832 5.76726 -2.15612 0.18000 0.27098 0.71486 -0.42483 0.48484
1403638180645096960 5.75370 -2.29314 0.15022 0.27440 0.71847 -0.42069 0.48117
1403638180745096960 5.74826 -2.38705 0.13516 0.27237 0.72323 -0.41948 0.47622
1403638180845096960 5.74453 -2.48469 0.13021 0.26847 0.72603 -0.41890 0.47469
1403638181145096960 5.75353 -2.80393 0.11006 0.25879 0.72432 -0.41619 0.48496
1403638181245096960 5.75858 -2.92167 0.09459 0.25784 0.71979 -0.41534 0.49286
1403638181345096960 5.76268 -3.04007 0.07513 0.25953 0.71002 -0.42023 0.50192
1403638181445096960 5.76073 -3.16019 0.05269 0.26214 0.69810 -0.43226 0.50705
1403638181545097216 5.75240 -3.27854 0.02730 0.27139 0.67970 -0.44646 0.51480
1403638181795097088 5.69420 -3.57652 -0.02527 0.31359 0.65281 -0.47852 0.49652
1403638181895097088 5.66170 -3.70905 -0.03127 0.32928 0.64899 -0.49144 0.47841
1403638181995096832 5.62663 -3.82339 -0.02939 0.33734 0.64438 -0.50545 0.46421
1403638182095097088 5.58718 -3.92902 -0.01860 0.33920 0.64173 -0.51781 0.45277
1403638182195097088 5.54934 -4.04217 -0.00480 0.34016 0.63948 -0.52685 0.44473
1403638182295097088 5.51039 -4.15367 0.00525 0.33501 0.63658 -0.53630 0.44148
1403638182395097088 5.47041 -4.26915 0.01245 0.33003 0.63503 -0.54219 0.44028
1403638182745096960 5.32036 -4.69031 0.08266 0.34013 0.65037 -0.53082 0.42375
1403638182845096960 5.28220 -4.82283 0.10887 0.33990 0.65058 -0.52852 0.42647
1403638182945096960 5.24398 -4.96343 0.13397 0.34055 0.64855 -0.52572 0.43247
1403638183045097216 5.20749 -5.10327 0.15139 0.34421 0.64504 -0.52106 0.44037
1403638183145096960 5.17269 -5.23548 0.16351 0.35087 0.64442 -0.51475 0.44345
1403638183445096960 5.07802 -5.64839 0.16769 0.34470 0.65678 -0.51637 0.42799
1403638183545097216 5.05264 -5.78714 0.16351 0.34369 0.66113 -0.51669 0.42169
1403638183645096960 5.03107 -5.93155 0.15735 0.34369 0.66006 -0.51677 0.42326
1403638183745096960 5.01579 -6.07933 0.15478 0.35117 0.65499 -0.51158 0.43122
1403638183845096960 5.00202 -6.22785 0.16240 0.36035 0.65079 -0.50498 0.43774
1403638184045097216 4.98748 -6.50455 0.19148 0.36198 0.64796 -0.50478 0.44081
1403638184145096960 4.98512 -6.63172 0.21326 0.35735 0.65227 -0.50862 0.43377
1403638184295097088 4.99022 -6.83744 0.23839 0.35064 0.65540 -0.51465 0.42735
1403638184395097088 4.99825 -6.96798 0.24948 0.35340 0.65319 -0.51327 0.43013
1403638184495096832 5.01060 -7.11025 0.25808 0.35767 0.65113 -0.51065 0.43282
1403638184595097088 5.02593 -7.23396 0.26235 0.35943 0.64917 -0.51004 0.43502
1403638184695097088 5.04356 -7.36754 0.26650 0.36013 0.64843 -0.50979 0.43585
1403638184895097088 5.08731 -7.62994 0.27805 0.36056 0.64767 -0.51032 0.43600
1403638184995096832 5.11369 -7.76611 0.28859 0.36151 0.64623 -0.50993 0.43780
1403638185095097088 5.14308 -7.89009 0.29817 0.36143 0.64689 -0.51009 0.43670
1403638185195097088 5.17460 -8.01992 0.31198 0.36222 0.64807 -0.50927 0.43526
1403638185295097088 5.20930 -8.14202 0.32253 0.36542 0.65023 -0.50643 0.43267
1403638185395097088 5.24893 -8.26211 0.33433 0.36938 0.65134 -0.50210 0.43268
1403638185495096832 5.29565 -8.38486 0.35092 0.37204 0.65431 -0.49231 0.43715
1403638185645096960 5.37507 -8.55858 0.37073 0.36871 0.66308 -0.47457 0.44628
1403638185745096960 5.43344 -8.67109 0.38606 0.36053 0.66521 -0.46828 0.45632
1403638185945096960 5.55796 -8.88494 0.41092 0.31943 0.66501 -0.48148 0.47319
1403638186045097216 5.62074 -8.99876 0.41808 0.31369 0.66769 -0.48154 0.47318
1403638186295097088 5.75862 -9.26291 0.42072 0.32217 0.67651 -0.47276 0.46372
1403638186395097088 5.81197 -9.36602 0.42914 0.32417 0.67789 -0.47159 0.46150
1403638186495096832 5.86694 -9.47200 0.44596 0.32611 0.67709 -0.47090 0.46201
1403638186595097088 5.92148 -9.56932 0.46043 0.32909 0.67823 -0.46986 0.45928
1403638186695097088 5.97848 -9.66807 0.47038 0.33355 0.67983 -0.46771 0.45588
1403638186795097088 6.03581 -9.76624 0.47832 0.33866 0.68359 -0.46070 0.45362
1403638186895097088 6.10108 -9.86543 0.47723 0.33905 0.69041 -0.45113 0.45262
1403638187045097216 6.21178 -10.01209 0.47703 0.32372 0.70106 -0.43405 0.46403
1403638187145096960 6.28988 -10.11139 0.48595 0.30809 0.70653 -0.41709 0.48160
1403638187245096960 6.37843 -10.21204 0.49788 0.29114 0.71201 -0.39726 0.50046
1403638187345096960 6.46533 -10.30323 0.51879 0.27824 0.71776 -0.37519 0.51636
1403638187595097088 6.66557 -10.50234 0.59098 0.25565 0.73181 -0.34191 0.53121
1403638187695097088 6.73795 -10.57309 0.61755 0.24927 0.73900 -0.33835 0.52656
1403638187795097088 6.80667 -10.63940 0.64199 0.24911 0.74336 -0.33447 0.52297
1403638187895097088 6.87292 -10.70197 0.66111 0.25452 0.74529 -0.32950 0.52077
1403638187995096832 6.94244 -10.75646 0.67669 0.26206 0.74353 -0.32517 0.52226
1403638188145096960 7.04925 -10.82581 0.69129 0.27558 0.74041 -0.31869 0.52372
1403638188245096960 7.12038 -10.85697 0.70056 0.27910 0.73395 -0.31848 0.53102
1403638188395097088 7.22478 -10.88756 0.70134 0.27631 0.71462 -0.32189 0.55620
1403638188495096832 7.28950 -10.89086 0.69807 0.27456 0.70483 -0.32401 0.56820
1403638188595097088 7.34116 -10.88006 0.69333 0.27277 0.69952 -0.32444 0.57534
1403638188695097088 7.38329 -10.85332 0.69315 0.26828 0.70341 -0.32184 0.57416
1403638188795097088 7.41952 -10.81936 0.69957 0.26031 0.71290 -0.31892 0.56772
1403638188895097088 7.44100 -10.77057 0.71892 0.25332 0.72054 -0.31595 0.56287
1403638189045097216 7.47231 -10.69070 0.76398 0.24417 0.72882 -0.31149 0.55872
1403638189145096960 7.48624 -10.63429 0.79613 0.23553 0.73293 -0.30396 0.56120
1403638189245096960 7.49932 -10.57002 0.82383 0.22254 0.73893 -0.29391 0.56398
1403638189345096960 7.50644 -10.50028 0.84244 0.20834 0.74885 -0.28136 0.56273
1403638189445096960 7.50462 -10.42473 0.85844 0.19479 0.76394 -0.27151 0.55202
1403638189645096960 7.49663 -10.27323 0.90561 0.17572 0.78185 -0.25941 0.53902
1403638189745096960 7.50133 -10.20284 0.92857 0.16665 0.78807 -0.25971 0.53266
1403638189845096960 7.50353 -10.13264 0.94606 0.16166 0.79307 -0.26034 0.52643
1403638189945096960 7.50810 -10.06597 0.95700 0.16054 0.79734 -0.26016 0.52038
1403638190045097216 7.51854 -10.00549 0.96460 0.16368 0.79467 -0.25890 0.52410
1403638190145096960 7.53435 -9.95451 0.97339 0.16889 0.78765 -0.25643 0.53416
1403638190245096960 7.55554 -9.90629 0.97562 0.17806 0.77965 -0.25146 0.54518
1403638190345096960 7.57764 -9.85357 0.96831 0.19217 0.77524 -0.23699 0.55309
1403638190445096960 7.60297 -9.79891 0.95516 0.20185 0.77453 -0.22049 0.55745
1403638190545097216 7.62552 -9.73807 0.93672 0.19978 0.77653 -0.21272 0.55842
1403638190645096960 7.64952 -9.67163 0.91816 0.19362 0.77929 -0.20929 0.55804
1403638190745096960 7.66972 -9.59910 0.90273 0.18735 0.78050 -0.20750 0.55916
1403638190845096960 7.68903 -9.51659 0.88951 0.17530 0.78069 -0.21179 0.56119
1403638191045097216 7.72042 -9.33747 0.89097 0.16399 0.77901 -0.21469 0.56583
1403638191145096960 7.73426 -9.24803 0.90279 0.16275 0.77904 -0.21498 0.56604
1403638191245096960 7.74362 -9.15485 0.91989 0.16010 0.78543 -0.21702 0.55711
1403638191345096960 7.74648 -9.06144 0.94136 0.15765 0.79182 -0.21898 0.54792
1403638191445096960 7.75444 -8.97320 0.96666 0.15796 0.79488 -0.22018 0.54289
1403638191545097216 7.76869 -8.88818 0.98634 0.15843 0.79526 -0.22149 0.54167
1403638191645096960 7.77962 -8.80045 0.99758 0.16105 0.79522 -0.22085 0.54121
1403638191745096960 7.79481 -8.71232 1.00266 0.16689 0.79663 -0.21761 0.53868
1403638191845096960 7.82199 -8.62972 1.00817 0.17177 0.79782 -0.21499 0.53644
1403638191945096960 7.84489 -8.54003 1.00524 0.17219 0.79745 -0.21539 0.53669
1403638192045097216 7.88052 -8.45356 1.00726 0.17328 0.79717 -0.21469 0.53703
1403638192145096960 7.91270 -8.36322 1.01666 0.17202 0.79672 -0.21540 0.53781
1403638192245096960 7.95573 -8.27421 1.03806 0.17060 0.79407 -0.21626 0.54183
1403638192395097088 8.01880 -8.13666 1.08256 0.16816 0.78680 -0.21715 0.55273
1403638192495096832 8.06691 -8.04123 1.12084 0.16743 0.78449 -0.21756 0.55607
1403638192595097088 8.11428 -7.94426 1.16359 0.16897 0.78089 -0.21675 0.56097
1403638192695097088 8.15729 -7.84594 1.20741 0.16981 0.77358 -0.21656 0.57083
1403638192795097088 8.20236 -7.74640 1.24094 0.17025 0.76639 -0.21672 0.58025
1403638192895097088 8.24167 -7.64083 1.26980 0.16685 0.75808 -0.21895 0.59121
1403638193195097088 8.27835 -7.31619 1.35458 0.14477 0.75316 -0.21578 0.60435
1403638193295097088 8.25866 -7.20399 1.39056 0.14297 0.76178 -0.20755 0.59681
1403638193395097088 8.22826 -7.09245 1.43456 0.14624 0.76741 -0.19793 0.59205
1403638193495096832 8.18634 -6.98976 1.48446 0.14801 0.76839 -0.19130 0.59251
1403638193595097088 8.13748 -6.87888 1.53006 0.14678 0.77016 -0.18837 0.59146
1403638193745096960 8.05466 -6.70891 1.58245 0.14019 0.78175 -0.19018 0.57710
1403638193845096960 7.99555 -6.59452 1.61162 0.13834 0.78755 -0.19120 0.56927
1403638193995096832 7.89749 -6.42806 1.64182 0.13556 0.79174 -0.19347 0.56333
1403638194095097088 7.83448 -6.32013 1.65717 0.13782 0.78963 -0.19272 0.56600
1403638194195097088 7.77305 -6.21077 1.66871 0.14035 0.78411 -0.19205 0.57323
1403638194295097088 7.70843 -6.09804 1.67551 0.14148 0.78088 -0.19198 0.57737
1403638194445096960 7.60372 -5.93388 1.68108 0.13741 0.78653 -0.19591 0.56931
1403638194545097216 7.53325 -5.82299 1.69120 0.13658 0.79048 -0.19758 0.56342
1403638194695097088 7.41861 -5.66401 1.71479 0.13446 0.79782 -0.20014 0.55258
1403638194795097088 7.34872 -5.55879 1.73099 0.13477 0.80186 -0.20101 0.54630
1403638194995096832 7.21437 -5.35483 1.74604 0.13545 0.80646 -0.20211 0.53891
1403638195095097088 7.15710 -5.25905 1.74613 0.13581 0.80761 -0.20194 0.53717
1403638195195097088 7.10116 -5.16434 1.73869 0.13365 0.81090 -0.20393 0.53197
1403638195295097088 7.05487 -5.07409 1.72431 0.12923 0.81891 -0.20705 0.51944
1403638195445096960 7.00837 -4.95578 1.70180 0.12915 0.81805 -0.20771 0.52056
1403638195545097216 6.98729 -4.88806 1.68428 0.13189 0.80757 -0.20566 0.53679
1403638195695097088 6.96003 -4.78457 1.65128 0.13532 0.80031 -0.20269 0.54782
1403638195795097088 6.95320 -4.73126 1.63159 0.13350 0.80219 -0.20348 0.54522
1403638195995096832 6.94186 -4.62338 1.61631 0.13038 0.81163 -0.20477 0.53134
1403638196095097088 6.94268 -4.57084 1.62079 0.13057 0.81175 -0.20448 0.53122
1403638196195097088 6.94815 -4.52113 1.63611 0.13266 0.80704 -0.20263 0.53855
1403638196345096960 6.95850 -4.44480 1.66333 0.13645 0.80018 -0.19992 0.54875
1403638196445096960 6.96968 -4.39736 1.67534 0.13467 0.80029 -0.20133 0.54851
1403638196645096960 6.99954 -4.31388 1.67639 0.13071 0.80730 -0.20554 0.53752
1403638196745096960 7.01923 -4.27786 1.66930 0.12795 0.81165 -0.20818 0.53059
1403638196995096832 7.09047 -4.20348 1.64440 0.13178 0.80461 -0.20597 0.54112
1403638197095097088 7.12270 -4.17860 1.64531 0.13339 0.80105 -0.20511 0.54631
1403638197195097088 7.15658 -4.15887 1.64849 0.13649 0.79973 -0.20305 0.54825
1403638197295097088 7.19421 -4.14082 1.65916 0.14391 0.79728 -0.19763 0.55188
1403638197395097088 7.23134 -4.11898 1.68118 0.15276 0.79462 -0.19165 0.55545
1403638197495096832 7.27023 -4.09580 1.70562 0.15629 0.79241 -0.18916 0.55846
1403638197595097088 7.30744 -4.06808 1.73596 0.15529 0.79104 -0.18964 0.56051
1403638197945096960 7.43132 -3.95034 1.84206 0.14935 0.78299 -0.19192 0.57253
1403638198045097216 7.46565 -3.91347 1.85041 0.14831 0.77510 -0.19231 0.58330
1403638198145096960 7.49400 -3.87576 1.83838 0.14575 0.77678 -0.19412 0.58111
1403638198245096960 7.51837 -3.83161 1.81220 0.14421 0.78040 -0.19537 0.57620
1403638198395097088 7.54595 -3.75695 1.75864 0.14604 0.78571 -0.19395 0.56896
1403638198495096832 7.56839 -3.70484 1.71843 0.15182 0.78892 -0.19006 0.56429
1403638198595097088 7.59339 -3.64862 1.67612 0.16509 0.79106 -0.18057 0.56068
1403638198745096960 7.61623 -3.55483 1.61119 0.19012 0.78929 -0.16212 0.56089
1403638198845096960 7.64722 -3.47320 1.58214 0.19751 0.78740 -0.15632 0.56263
1403638198995096832 7.68637 -3.32505 1.54870 0.19578 0.78862 -0.15794 0.56108
1403638199095097088 7.70471 -3.21156 1.53643 0.19248 0.78934 -0.16066 0.56042
1403638199295097088 7.77259 -2.94881 1.54921 0.18853 0.78489 -0.16449 0.56687
1403638199395097088 7.79640 -2.80058 1.56637 0.19089 0.78370 -0.16335 0.56807
1403638199545097216 7.85635 -2.55466 1.60352 0.19697 0.78852 -0.15985 0.56026
1403638199645096960 7.88023 -2.37661 1.63686 0.19284 0.79158 -0.15542 0.55862
1403638199895097088 7.96893 -1.88807 1.72545 0.15191 0.79784 -0.15929 0.56125
1403638199995096832 8.01297 -1.68807 1.75611 0.14255 0.79942 -0.15830 0.56174
1403638200095097088 8.05206 -1.48457 1.78030 0.13725 0.80163 -0.14976 0.56225
1403638200245096960 8.10315 -1.17771 1.82130 0.13253 0.79938 -0.12501 0.57254
1403638200345096960 8.13098 -0.96813 1.85876 0.12385 0.79700 -0.10868 0.58107
1403638200495096832 8.17013 -0.64392 1.92383 0.11969 0.79851 -0.08247 0.58417
1403638200595097088 8.19153 -0.42134 1.97706 0.11696 0.80133 -0.06718 0.58282
1403638200845096960 8.24071 0.17602 2.11852 0.10819 0.80891 -0.03344 0.57692
1403638200945096960 8.25412 0.43002 2.16751 0.09501 0.81113 -0.03495 0.57603
1403638201045097216 8.26177 0.68885 2.21023 0.07968 0.81095 -0.04117 0.57821
1403638201145096960 8.27096 0.95289 2.24185 0.07229 0.81111 -0.04473 0.57869
1403638201295097088 8.27755 1.35180 2.27128 0.06763 0.80966 -0.05001 0.58084
1403638201395097088 8.27193 1.61707 2.28106 0.07023 0.80982 -0.04990 0.58032
1403638201545097216 8.26644 2.01305 2.28427 0.07232 0.80760 -0.05203 0.58296
1403638201645096960 8.25120 2.27315 2.27339 0.07389 0.80552 -0.05292 0.58556
1403638201945096960 8.21662 3.06309 2.21053 0.07233 0.80534 -0.05489 0.58581
1403638202045097216 8.18485 3.32434 2.18520 0.06571 0.80614 -0.04957 0.58598
1403638202245096960 8.12494 3.85528 2.15570 0.04273 0.81337 -0.04938 0.57807
1403638202345096960 8.09230 4.11786 2.14971 0.03612 0.81637 -0.04848 0.57436
1403638202545097216 8.03590 4.62961 2.13540 0.03152 0.81876 -0.04634 0.57140
1403638202645096960 8.01618 4.87944 2.11589 0.02945 0.82020 -0.04737 0.56935
1403638202745096960 8.00201 5.12428 2.09364 0.02962 0.82030 -0.04770 0.56917
1403638202895097088 7.98478 5.47464 2.05150 0.03256 0.81862 -0.04683 0.57149
1403638202995096832 7.97696 5.70146 2.02371 0.03163 0.81793 -0.04835 0.57241
1403638203195097088 7.94724 6.14185 1.98881 0.03484 0.81452 -0.04699 0.57718
1403638203295097088 7.93170 6.35932 1.97863 0.03570 0.81160 -0.04647 0.58126
1403638203545097216 7.88212 6.87749 1.94931 0.03158 0.81059 -0.04926 0.58269
1403638203645096960 7.86593 7.07958 1.92702 0.03048 0.81228 -0.05028 0.58030
1403638203845096960 7.81186 7.46279 1.91331 0.03068 0.81173 -0.04952 0.58112
1403638203945096960 7.79347 7.64069 1.91697 0.03070 0.81223 -0.04845 0.58051
1403638204245096960 7.70378 8.15107 1.97297 0.01907 0.81898 -0.05309 0.57104
1403638204345096960 7.66969 8.31226 2.00415 0.00740 0.82312 -0.06179 0.56445
1403638204445096960 7.64811 8.45389 2.03697 0.00001 0.82659 -0.06815 0.55866
1403638204595097088 7.62041 8.65592 2.07938 -0.00299 0.82529 -0.07030 0.56030
1403638204695097088 7.60646 8.77670 2.09878 -0.00327 0.82531 -0.06278 0.56117
1403638205095097088 7.53799 9.22852 2.10516 -0.01866 0.82133 0.04575 0.56831
1403638205195097088 7.51834 9.33022 2.09478 -0.04396 0.81763 0.08246 0.56811
1403638205295097088 7.50331 9.43203 2.09187 -0.07161 0.81135 0.12279 0.56701
1403638205395097088 7.49015 9.53574 2.09620 -0.09965 0.80133 0.16306 0.56688
1403638205495096832 7.47280 9.64048 2.10879 -0.11823 0.78918 0.20123 0.56809
1403638205745096960 7.40876 9.92215 2.17263 -0.13048 0.76011 0.26396 0.57925
1403638205845096960 7.36998 10.04347 2.20360 -0.14004 0.75398 0.27983 0.57758
1403638206145096960 7.19466 10.43091 2.33333 -0.18922 0.73767 0.32907 0.55834
1403638206245096960 7.11992 10.55662 2.38303 -0.20474 0.72956 0.34506 0.55386
1403638206645096960 6.76567 11.05686 2.51895 -0.25905 0.71366 0.36257 0.54049
1403638206745096960 6.66546 11.16492 2.54027 -0.26546 0.71076 0.36834 0.53729
1403638206945096960 6.45384 11.36703 2.55604 -0.27722 0.70420 0.37743 0.53367
1403638207045097216 6.33552 11.44513 2.55632 -0.28285 0.70073 0.37852 0.53451
1403638207295097088 6.04676 11.64032 2.52360 -0.29239 0.69285 0.38489 0.53509
1403638207395097088 5.92361 11.68920 2.49703 -0.30179 0.68531 0.39278 0.53385
1403638207595097088 5.66670 11.78317 2.45865 -0.32073 0.67024 0.42186 0.51956
1403638207695097088 5.53268 11.81235 2.44910 -0.32704 0.67144 0.43436 0.50354
1403638207945096960 5.21481 11.86894 2.45627 -0.33308 0.67740 0.45078 0.47643
1403638208045097216 5.08784 11.88067 2.46822 -0.33235 0.67811 0.45293 0.47388
1403638208145096960 4.96371 11.89028 2.47513 -0.33606 0.67587 0.44995 0.47729
1403638208295097088 4.78109 11.89758 2.47457 -0.33729 0.67264 0.44639 0.48427
1403638208395097088 4.66090 11.89868 2.46351 -0.33330 0.67584 0.44726 0.48177
1403638208695097088 4.33101 11.89027 2.44121 -0.34093 0.66877 0.46553 0.46882
1403638208795097088 4.20548 11.88476 2.44751 -0.34730 0.66429 0.47111 0.46492
1403638208895097088 4.09812 11.87412 2.45455 -0.35105 0.65891 0.47657 0.46421
1403638208995096832 4.00027 11.86119 2.45704 -0.35368 0.65488 0.48070 0.46364
1403638209095097088 3.90523 11.84435 2.45175 -0.35650 0.65309 0.48298 0.46165
1403638209295097088 3.72716 11.80340 2.42160 -0.35897 0.65217 0.48476 0.45915
1403638209395097088 3.64069 11.78287 2.39793 -0.36003 0.65273 0.48445 0.45785
1403638209595097088 3.47728 11.73595 2.32503 -0.36342 0.65081 0.48155 0.46096
1403638209695097088 3.39804 11.70914 2.26349 -0.36281 0.65255 0.48067 0.45989
1403638209895097088 3.23947 11.64706 2.08936 -0.35807 0.64937 0.48240 0.46627
1403638209995096832 3.16227 11.60964 1.99039 -0.35975 0.64549 0.48071 0.47206
1403638210345096960 2.90160 11.43947 1.66714 -0.36675 0.63796 0.47464 0.48293
1403638210445096960 2.82535 11.37385 1.58197 -0.36636 0.63914 0.47465 0.48165
1403638210545097216 2.74672 11.29964 1.49032 -0.36758 0.63912 0.47322 0.48216
1403638210645096960 2.67492 11.21934 1.39519 -0.36877 0.63849 0.47182 0.48346
1403638210745096960 2.59468 11.12556 1.29965 -0.37004 0.63906 0.47038 0.48313
1403638210945096960 2.45202 10.92735 1.12572 -0.36741 0.64410 0.47228 0.47655
1403638211045097216 2.37911 10.81216 1.05029 -0.36654 0.64733 0.47340 0.47170
1403638211295097088 2.21796 10.52462 0.90276 -0.36334 0.65282 0.47572 0.46422
1403638211395097088 2.16529 10.40269 0.85644 -0.36025 0.65594 0.47184 0.46620
1403638211795097088 1.97751 9.90304 0.61238 -0.33110 0.69590 0.41222 0.48597
1403638211895097088 1.94097 9.76724 0.54573 -0.32108 0.71027 0.38911 0.49094
1403638211995096832 1.91071 9.62139 0.49074 -0.30769 0.72253 0.36765 0.49811
1403638212145096960 1.87357 9.40204 0.42223 -0.28474 0.73701 0.33893 0.51075
1403638212245096960 1.84906 9.25223 0.38440 -0.26777 0.74512 0.32016 0.52019
1403638212495096832 1.79616 8.87007 0.32316 -0.22877 0.76349 0.27173 0.53935
1403638212595097088 1.77191 8.70048 0.30707 -0.21453 0.77131 0.25099 0.54411
1403638212845096960 1.72524 8.28060 0.30590 -0.17551 0.78857 0.19697 0.55548
1403638212945096960 1.70255 8.10212 0.31062 -0.15969 0.79498 0.17241 0.55927
1403638213295097088 1.65217 7.48190 0.36226 -0.10765 0.82178 0.07518 0.55447
1403638213395097088 1.64601 7.30613 0.36957 -0.09736 0.83055 0.04369 0.54663
1403638213645096960 1.65853 6.83588 0.36358 -0.05848 0.82933 -0.01231 0.55555
1403638213745096960 1.67719 6.63976 0.36637 -0.03698 0.82086 -0.01538 0.56972
1403638213995096832 1.71791 6.14007 0.38865 -0.01278 0.81558 -0.01598 0.57828
1403638214095097088 1.73791 5.94579 0.40573 -0.00997 0.82148 -0.01365 0.56998
1403638214345096960 1.79085 5.46709 0.45746 -0.01317 0.83565 -0.00606 0.54907
1403638214445096960 1.82679 5.28044 0.46806 -0.01430 0.83713 -0.00145 0.54681
1403638214545097216 1.86369 5.09745 0.47479 -0.01573 0.83184 0.00251 0.55479
1403638214795097088 1.96604 4.64492 0.46476 -0.01961 0.81681 0.01081 0.57647
1403638214895097088 2.01367 4.47182 0.44970 -0.02075 0.81375 0.01363 0.58068
1403638215095097088 2.09211 4.12849 0.40394 -0.02150 0.81177 0.01734 0.58332
1403638215195097088 2.12927 3.95854 0.37346 -0.02130 0.81301 0.01837 0.58157
1403638215345096960 2.18271 3.70818 0.32309 -0.01595 0.81553 0.02186 0.57807
1403638215445096960 2.21666 3.54691 0.29368 -0.01062 0.81497 0.02563 0.57884
1403638215745096960 2.30644 3.09359 0.25150 -0.01421 0.81288 0.02292 0.58181
1403638215845096960 2.33042 2.94167 0.24257 -0.01518 0.81308 0.01720 0.58170
1403638215945096960 2.34871 2.80591 0.22730 -0.01270 0.81300 0.01257 0.58199
1403638216145096960 2.38088 2.54185 0.18599 -0.00786 0.81310 0.00677 0.58203
1403638216245096960 2.39544 2.41797 0.17039 -0.00495 0.81193 0.00580 0.58370
1403638216545097216 2.41718 2.06128 0.16461 -0.00042 0.81035 0.00446 0.58593
1403638216645096960 2.41746 1.95079 0.16065 0.00290 0.81177 0.00595 0.58395
1403638216795097088 2.41258 1.79332 0.13937 0.00718 0.81165 0.00802 0.58404
1403638216895097088 2.41166 1.69145 0.11791 0.01120 0.80800 0.00348 0.58907
1403638217145096960 2.38494 1.46223 0.05483 0.02194 0.81060 -0.02974 0.58443
1403638217245096960 2.36906 1.37463 0.02662 0.02920 0.81246 -0.04114 0.58084
1403638217445096960 2.33337 1.21476 -0.01112 0.03947 0.81445 -0.05421 0.57634
1403638217545097216 2.31651 1.13940 -0.01987 0.04643 0.81531 -0.05482 0.57455
1403638217795097088 2.26631 0.97692 -0.00141 0.06430 0.81736 -0.04567 0.57070
1403638217895097088 2.24741 0.92316 0.01494 0.06671 0.81779 -0.04309 0.57001
1403638217995096832 2.22972 0.88003 0.02983 0.06770 0.81550 -0.04040 0.57336
1403638218195097088 2.19610 0.81079 0.04060 0.06543 0.81228 -0.03803 0.57834
1403638218295097088 2.18001 0.78329 0.03720 0.06299 0.80860 -0.03677 0.58382
1403638218545097216 2.12821 0.75307 0.04279 0.05027 0.80736 -0.03998 0.58655
1403638218645096960 2.10063 0.75178 0.05795 0.04739 0.80937 -0.04092 0.58396
1403638218895097088 2.02872 0.75722 0.08349 0.05318 0.81841 -0.05550 0.56947
1403638218995096832 1.99903 0.76833 0.08766 0.04372 0.81803 -0.07046 0.56917
1403638219245096960 1.93671 0.78895 0.07585 0.04487 0.81064 -0.08296 0.57790
1403638219345096960 1.91059 0.79720 0.06820 0.05318 0.80437 -0.07967 0.58635
1403638219645096960 1.81175 0.82571 0.06164 0.05449 0.79713 -0.07968 0.59604
1403638219745096960 1.77038 0.83580 0.06424 0.04781 0.80006 -0.08371 0.59212
1403638219845096960 1.72442 0.84531 0.06126 0.03896 0.80349 -0.08932 0.58729
1403638220095097088 1.58956 0.86145 0.03289 0.02557 0.80944 -0.09838 0.57833
1403638220195097088 1.53521 0.85403 0.02221 0.03373 0.81157 -0.09281 0.57585
1403638220395097088 1.42492 0.83669 0.02354 0.05787 0.81420 -0.07674 0.57257
1403638220495096832 1.36888 0.83219 0.03430 0.06141 0.81442 -0.07452 0.57218
1403638220945096960 1.11748 0.83438 0.05502 0.06195 0.81379 -0.08079 0.57217
1403638221045097216 1.06353 0.83820 0.04106 0.06223 0.81439 -0.08130 0.57121
1403638221145096960 1.00510 0.84653 0.02847 0.06295 0.81516 -0.08209 0.56993
1403638221345096960 0.90276 0.86274 0.01670 0.06048 0.81812 -0.08507 0.56549
1403638221445096960 0.85274 0.87000 0.01751 0.05785 0.81877 -0.08761 0.56445
1403638221895097088 0.64453 0.90067 -0.00700 0.05418 0.81313 -0.09069 0.57242
1403638221995096832 0.60193 0.90004 0.00247 0.05795 0.81248 -0.08727 0.57349
1403638222095097088 0.56177 0.90143 0.01435 0.06132 0.81413 -0.08478 0.57118
1403638222295097088 0.48322 0.90904 0.02647 0.06099 0.82145 -0.08580 0.56049
1403638222395097088 0.44773 0.91382 0.02574 0.06028 0.82439 -0.08662 0.55610
1403638222645096960 0.38441 0.92302 0.00816 0.05922 0.81994 -0.08701 0.56269
1403638222745096960 0.35479 0.92890 -0.00398 0.05973 0.81628 -0.08675 0.56798
1403638223045097216 0.29365 0.94364 -0.05239 0.05961 0.80571 -0.08566 0.58304
1403638223145096960 0.26936 0.94823 -0.06523 0.06030 0.81153 -0.08545 0.57487
1403638223395097088 0.20734 0.96779 -0.07824 0.04958 0.82274 -0.09404 0.55839
1403638223495096832 0.18779 0.96969 -0.08232 0.03917 0.81788 -0.10136 0.56504
1403638223945096960 0.08499 0.95281 -0.11843 0.06790 0.81640 -0.08185 0.56761
1403638224045097216 0.09103 0.94937 -0.15019 0.06935 0.81852 -0.08079 0.56452
1403638224145096960 0.07512 0.94898 -0.16980 0.06713 0.82419 -0.08198 0.55631
1403638224245096960 0.06320 0.95062 -0.18858 0.06549 0.82758 -0.08323 0.55126
1403638224345096960 0.05630 0.95394 -0.20330 0.06538 0.82333 -0.08330 0.55760
1403638224445096960 0.05329 0.95914 -0.21805 0.05895 0.81720 -0.08824 0.56650
