1403638130245096960 -0.00760 0.00360 0.18054 -0.04376 0.82034 0.00455 0.57018
1403638130345096960 -0.01346 0.00183 0.21839 -0.05397 0.81271 -0.00261 0.58016
1403638130445096960 -0.02436 -0.00116 0.25826 -0.06503 0.80747 -0.00657 0.58628
1403638130545097216 -0.03872 -0.00490 0.29494 -0.06045 0.80915 0.00456 0.58446
1403638130645096960 -0.05517 -0.01044 0.33102 -0.05805 0.80522 0.00598 0.59010
1403638130745096960 -0.07659 -0.02006 0.36516 -0.07139 0.79579 -0.00688 0.60131
1403638130845096960 -0.09802 -0.03212 0.39165 -0.08418 0.79155 -0.01360 0.60513
1403638130945096960 -0.12311 -0.04980 0.40740 -0.08773 0.78577 -0.01674 0.61204
1403638131045097216 -0.15204 -0.06526 0.41138 -0.08603 0.77370 -0.02546 0.62717
1403638131145096960 -0.17699 -0.08261 0.38241 -0.08068 0.77474 -0.02312 0.62669
1403638131245096960 -0.19183 -0.07902 0.33179 -0.06538 0.78781 -0.01007 0.61236
1403638131345096960 -0.20498 -0.07889 0.26948 -0.05774 0.79566 -0.00288 0.60298
1403638131445096960 -0.19314 -0.07170 0.19304 -0.05399 0.79667 -0.00638 0.60196
1403638131545097216 -0.16954 -0.06023 0.12991 -0.04349 0.80066 -0.00453 0.59752
1403638131645096960 -0.15539 -0.05126 0.08416 -0.03804 0.80562 -0.00175 0.59120
1403638131745096960 -0.13542 -0.04166 0.04528 -0.03140 0.80726 0.00060 0.58936
1403638131845096960 -0.10476 -0.03096 0.01638 -0.01774 0.81069 0.00551 0.58519
1403638131945096960 -0.09481 -0.02555 -0.00200 -0.00999 0.81285 0.00758 0.58235
1403638132045097216 -0.07175 -0.02289 0.00007 -0.00023 0.81864 0.02007 0.57396
1403638132145096960 -0.06665 -0.02019 0.02176 0.00642 0.82467 0.03322 0.56461
1403638132245096960 -0.05174 -0.01708 0.07129 0.00005 0.82082 0.03092 0.57035
1403638132345096960 -0.02695 -0.01071 0.15431 -0.01011 0.81432 0.02414 0.57982
1403638132445096960 -0.02596 -0.00661 0.21367 -0.02719 0.80998 0.01725 0.58557
1403638132545097216 -0.02539 -0.00427 0.27120 -0.04830 0.79693 0.00270 0.60213
1403638132645096960 -0.02287 0.00020 0.31980 -0.06170 0.78723 -0.00698 0.61352
1403638132745096960 -0.02074 0.00896 0.35278 -0.06518 0.79397 -0.00730 0.60441
1403638132845096960 -0.02025 0.01752 0.37429 -0.06838 0.79285 -0.01176 0.60546
1403638132945096960 -0.02450 0.01829 0.37770 -0.07632 0.78348 -0.01961 0.61640
1403638133045097216 -0.02518 0.01330 0.36507 -0.07582 0.78298 -0.01060 0.61732
1403638133145096960 -0.02601 -0.00413 0.34391 -0.06515 0.78934 -0.00045 0.61049
1403638133245096960 -0.02351 -0.03059 0.32164 -0.05247 0.79124 -0.00645 0.60921
1403638133345096960 -0.02682 -0.06829 0.29812 -0.03413 0.79524 -0.01530 0.60514
1403638133445096960 -0.03323 -0.11191 0.27599 -0.01432 0.80076 -0.02452 0.59832
1403638133545097216 -0.04362 -0.15551 0.25780 0.00025 0.80150 -0.04480 0.59632
1403638133645096960 -0.05776 -0.19783 0.23980 0.00163 0.80428 -0.06520 0.59066
1403638133745096960 -0.07441 -0.23537 0.22304 0.00912 0.80724 -0.08099 0.58457
1403638133845096960 -0.08765 -0.26729 0.20613 0.02684 0.80868 -0.09134 0.58050
1403638133945096960 -0.09007 -0.28557 0.19280 0.03762 0.80985 -0.09884 0.57702
1403638134045097216 -0.07782 -0.28372 0.18765 0.04183 0.80944 -0.09991 0.57713
1403638134145096960 -0.05171 -0.26879 0.18631 0.04467 0.81438 -0.09044 0.57149
1403638134245096960 -0.02090 -0.24274 0.19076 0.04396 0.80847 -0.09261 0.57953
1403638134345096960 0.01362 -0.20605 0.19658 0.03777 0.80416 -0.09965 0.58479
1403638134445096960 0.04975 -0.16664 0.19944 0.02884 0.80726 -0.10285 0.58045
1403638134545097216 0.08295 -0.12675 0.20237 0.02056 0.80611 -0.10808 0.58145
1403638134645096960 0.10392 -0.08276 0.20609 0.01125 0.80630 -0.10990 0.58110
1403638134745096960 0.12434 -0.03978 0.21032 0.00629 0.81221 -0.10577 0.57366
1403638134845096960 0.13558 0.00519 0.21813 0.00734 0.81840 -0.09926 0.56597
1403638134945096960 0.14765 0.04197 0.22650 0.00786 0.81606 -0.09773 0.56960
1403638135045097216 0.15375 0.07271 0.22852 0.00869 0.81556 -0.09463 0.57082
1403638135145096960 0.15434 0.09684 0.22513 0.01022 0.82096 -0.08512 0.56452
1403638135245096960 0.15037 0.10712 0.21767 0.01180 0.82493 -0.08003 0.55942
1403638135345096960 0.14369 0.10219 0.20688 0.01375 0.82313 -0.07981 0.56204
1403638135445096960 0.13161 0.08765 0.19605 0.02086 0.82291 -0.08050 0.56205
1403638135545097216 0.11902 0.06505 0.18701 0.02692 0.82733 -0.08006 0.55534
1403638135645096960 0.10846 0.03478 0.18479 0.03607 0.82815 -0.08247 0.55323
1403638135745096960 0.09468 -0.00183 0.18175 0.03568 0.82209 -0.09719 0.55987
1403638135845096960 0.07617 -0.03479 0.17680 0.03705 0.82339 -0.10154 0.55709
1403638135945096960 0.05030 -0.06358 0.17790 0.04985 0.83122 -0.09452 0.54558
1403638136045097216 0.02730 -0.09611 0.19220 0.06147 0.83059 -0.09492 0.54528
1403638136145096960 0.00154 -0.13506 0.21168 0.06441 0.81997 -0.10687 0.55864
1403638136245096960 -0.02627 -0.17767 0.22098 0.06371 0.81316 -0.11714 0.56656
1403638136345096960 -0.05176 -0.21754 0.21769 0.07521 0.81306 -0.11907 0.56489
1403638136445096960 -0.07280 -0.24503 0.20968 0.08275 0.81585 -0.11966 0.55966
1403638136545097216 -0.08480 -0.25461 0.20814 0.08286 0.81744 -0.12801 0.55546
1403638136645096960 -0.08641 -0.24440 0.21731 0.07265 0.81606 -0.13498 0.55727
1403638136745096960 -0.08033 -0.21831 0.23137 0.05866 0.81603 -0.13309 0.55941
1403638136845096960 -0.06946 -0.18088 0.24562 0.03717 0.81283 -0.13065 0.56644
1403638136945096960 -0.05648 -0.13992 0.24960 0.01354 0.80219 -0.13476 0.58151
1403638137045097216 -0.04452 -0.09884 0.23576 -0.00003 0.79673 -0.13426 0.58923
1403638137145096960 -0.03458 -0.06318 0.20577 0.00054 0.80211 -0.12395 0.58416
1403638137245096960 -0.02889 -0.03271 0.16701 0.00372 0.81230 -0.10923 0.57291
1403638137345096960 -0.02530 -0.00945 0.12634 0.00427 0.81888 -0.09923 0.56530
1403638137445096960 -0.02442 0.00605 0.08658 0.01137 0.82534 -0.09203 0.55697
1403638137545097216 -0.02268 0.01717 0.05120 0.02326 0.83473 -0.08153 0.54410
1403638137645096960 -0.02082 0.02608 0.02293 0.03580 0.83983 -0.07463 0.53649
1403638137745096960 -0.02082 0.02813 0.00137 0.04170 0.83795 -0.07854 0.53846
1403638137845096960 -0.02259 0.03029 -0.01562 0.04433 0.84030 -0.08063 0.53425
1403638137945096960 -0.02356 0.03246 -0.02874 0.05186 0.84899 -0.07371 0.52067
1403638138045097216 -0.02337 0.03446 -0.03696 0.05482 0.85417 -0.06713 0.51273
1403638138145096960 -0.02506 0.03456 -0.03808 0.05329 0.84839 -0.07063 0.52193
1403638138245096960 -0.02572 0.03380 -0.03998 0.05021 0.84334 -0.07613 0.52959
1403638138345096960 -0.02676 0.03401 -0.03970 0.05077 0.83946 -0.07718 0.53552
1403638138445096960 -0.02822 0.03412 -0.03923 0.05122 0.83661 -0.07715 0.53992
1403638138545097216 -0.02809 0.03406 -0.03932 0.05093 0.83639 -0.07722 0.54028
1403638138645096960 -0.02814 0.03418 -0.03943 0.05054 0.83641 -0.07747 0.54024
1403638138745096960 -0.02805 0.03419 -0.03962 0.05031 0.83639 -0.07743 0.54030
1403638138845096960 -0.02806 0.03418 -0.03959 0.05031 0.83649 -0.07687 0.54023
1403638138945096960 -0.02801 0.03426 -0.03979 0.04992 0.83653 -0.07726 0.54014
1403638139045097216 -0.02794 0.03440 -0.03988 0.04942 0.83641 -0.07744 0.54035
1403638139145096960 -0.02793 0.03451 -0.03993 0.04900 0.83638 -0.07761 0.54041
1403638139245096960 -0.02791 0.03457 -0.04002 0.04872 0.83634 -0.07779 0.54047
1403638139345096960 -0.02792 0.03455 -0.04002 0.04869 0.83636 -0.07769 0.54046
1403638139445096960 -0.02776 0.03446 -0.04013 0.04877 0.83637 -0.07750 0.54046
1403638139545097216 -0.02779 0.03443 -0.04016 0.04875 0.83635 -0.07745 0.54051
1403638139645096960 -0.02778 0.03443 -0.04019 0.04869 0.83635 -0.07741 0.54051
1403638139745096960 -0.02776 0.03442 -0.04022 0.04861 0.83633 -0.07740 0.54056
1403638139845096960 -0.02777 0.03443 -0.04022 0.04854 0.83633 -0.07737 0.54057
1403638139945096960 -0.02776 0.03446 -0.04024 0.04837 0.83631 -0.07744 0.54061
1403638140045097216 -0.02775 0.03446 -0.04024 0.04817 0.83633 -0.07743 0.54060
1403638140145096960 -0.02774 0.03447 -0.04025 0.04810 0.83630 -0.07736 0.54066
1403638140245096960 -0.02773 0.03447 -0.04029 0.04796 0.83625 -0.07734 0.54075
1403638140345096960 -0.02774 0.03447 -0.04031 0.04782 0.83625 -0.07732 0.54076
1403638140445096960 -0.02773 0.03448 -0.04032 0.04779 0.83623 -0.07728 0.54080
1403638140545097216 -0.02774 0.03447 -0.04032 0.04766 0.83622 -0.07725 0.54083
1403638140645096960 -0.02774 0.03449 -0.04034 0.04755 0.83619 -0.07725 0.54089
1403638140745096960 -0.02773 0.03448 -0.04035 0.04746 0.83615 -0.07720 0.54096
1403638140845096960 -0.02774 0.03449 -0.04035 0.04741 0.83613 -0.07715 0.54100
1403638140945096960 -0.02773 0.03450 -0.04033 0.04731 0.83614 -0.07707 0.54100
1403638141045097216 -0.02773 0.03451 -0.04033 0.04726 0.83609 -0.07703 0.54109
1403638141145096960 -0.02774 0.03450 -0.04035 0.04716 0.83604 -0.07696 0.54119
1403638141245096960 -0.02773 0.03451 -0.04035 0.04708 0.83603 -0.07692 0.54121
1403638141345096960 -0.02773 0.03451 -0.04036 0.04697 0.83601 -0.07691 0.54126
1403638141445096960 -0.02773 0.03451 -0.04034 0.04689 0.83600 -0.07687 0.54129
1403638141545097216 -0.02773 0.03451 -0.04033 0.04682 0.83598 -0.07682 0.54134
1403638141645096960 -0.02772 0.03452 -0.04031 0.04676 0.83597 -0.07680 0.54135
1403638141745096960 -0.02772 0.03453 -0.04032 0.04670 0.83594 -0.07679 0.54141
1403638141845096960 -0.02771 0.03452 -0.04031 0.04665 0.83594 -0.07671 0.54144
1403638141945096960 -0.02772 0.03452 -0.04031 0.04663 0.83592 -0.07670 0.54147
1403638142045097216 -0.02771 0.03455 -0.04028 0.04652 0.83592 -0.07659 0.54148
1403638142145096960 -0.02771 0.03458 -0.04027 0.04646 0.83591 -0.07655 0.54151
1403638142245096960 -0.02775 0.03443 -0.04028 0.04690 0.83591 -0.07698 0.54141
1403638142345096960 -0.02774 0.03446 -0.04025 0.04691 0.83591 -0.07697 0.54141
1403638142445096960 -0.02773 0.03453 -0.04019 0.04695 0.83599 -0.07686 0.54131
1403638142545097216 -0.02771 0.03457 -0.04017 0.04669 0.83602 -0.07676 0.54130
1403638142645096960 -0.02767 0.03459 -0.04017 0.04638 0.83606 -0.07646 0.54130
1403638142745096960 -0.02767 0.03460 -0.04011 0.04666 0.83611 -0.07659 0.54118
1403638142845096960 -0.02769 0.03451 -0.04007 0.04691 0.83617 -0.07671 0.54104
1403638142945096960 -0.02767 0.03455 -0.04004 0.04688 0.83618 -0.07652 0.54106
1403638143045097216 -0.02766 0.03458 -0.04002 0.04686 0.83622 -0.07640 0.54102
1403638143145096960 -0.02767 0.03455 -0.04000 0.04691 0.83622 -0.07639 0.54102
1403638143245096960 -0.02766 0.03450 -0.04000 0.04692 0.83625 -0.07646 0.54096
1403638143345096960 -0.02766 0.03449 -0.04000 0.04704 0.83626 -0.07646 0.54094
1403638143445096960 -0.02766 0.03451 -0.03998 0.04717 0.83622 -0.07655 0.54097
1403638143545097216 -0.02767 0.03449 -0.03999 0.04720 0.83620 -0.07661 0.54099
1403638143645096960 -0.02766 0.03448 -0.03999 0.04718 0.83622 -0.07679 0.54094
1403638143745096960 -0.02766 0.03448 -0.03999 0.04719 0.83618 -0.07677 0.54100
1403638143845096960 -0.02764 0.03449 -0.03998 0.04714 0.83618 -0.07675 0.54100
1403638143945096960 -0.02765 0.03447 -0.04000 0.04721 0.83616 -0.07679 0.54103
1403638144045097216 -0.02763 0.03446 -0.03999 0.04712 0.83618 -0.07683 0.54101
1403638144145096960 -0.02764 0.03446 -0.03999 0.04720 0.83616 -0.07681 0.54103
1403638144245096960 -0.02764 0.03446 -0.04000 0.04717 0.83612 -0.07680 0.54109
1403638144345096960 -0.02763 0.03447 -0.04001 0.04707 0.83611 -0.07680 0.54111
1403638144445096960 -0.02763 0.03446 -0.04002 0.04708 0.83609 -0.07680 0.54115
1403638144545097216 -0.02763 0.03444 -0.04003 0.04712 0.83606 -0.07688 0.54118
1403638144645096960 -0.02764 0.03444 -0.04001 0.04705 0.83603 -0.07677 0.54125
1403638144745096960 -0.02764 0.03445 -0.03998 0.04711 0.83603 -0.07670 0.54125
1403638144845096960 -0.02762 0.03445 -0.03997 0.04705 0.83602 -0.07671 0.54128
1403638144945096960 -0.02762 0.03444 -0.03996 0.04711 0.83607 -0.07667 0.54119
1403638145045097216 -0.02761 0.03444 -0.03996 0.04709 0.83604 -0.07670 0.54123
1403638145145096960 -0.02761 0.03444 -0.03994 0.04717 0.83604 -0.07668 0.54123
1403638145245096960 -0.02760 0.03443 -0.03993 0.04713 0.83600 -0.07664 0.54130
1403638145345096960 -0.02760 0.03443 -0.03992 0.04709 0.83597 -0.07665 0.54135
1403638145445096960 -0.02760 0.03441 -0.03986 0.04723 0.83595 -0.07667 0.54136
1403638145545097216 -0.02757 0.03440 -0.03983 0.04714 0.83591 -0.07660 0.54145
1403638145645096960 -0.02757 0.03441 -0.03982 0.04704 0.83597 -0.07658 0.54137
1403638145745096960 -0.02756 0.03441 -0.03981 0.04700 0.83595 -0.07660 0.54140
1403638145845096960 -0.02755 0.03443 -0.03980 0.04703 0.83592 -0.07657 0.54145
1403638145945096960 -0.02756 0.03441 -0.03979 0.04707 0.83593 -0.07659 0.54142
1403638146045097216 -0.02755 0.03442 -0.03978 0.04699 0.83591 -0.07650 0.54147
1403638146145096960 -0.02752 0.03441 -0.03975 0.04702 0.83594 -0.07648 0.54143
1403638146245096960 -0.02752 0.03442 -0.03973 0.04712 0.83593 -0.07644 0.54145
1403638146345096960 -0.02749 0.03441 -0.03971 0.04714 0.83593 -0.07649 0.54143
1403638146445096960 -0.02749 0.03443 -0.03970 0.04718 0.83588 -0.07651 0.54150
1403638146545097216 -0.02748 0.03441 -0.03966 0.04722 0.83594 -0.07649 0.54141
1403638146645096960 -0.02747 0.03439 -0.03963 0.04733 0.83599 -0.07651 0.54132
1403638146745096960 -0.02747 0.03440 -0.03963 0.04740 0.83595 -0.07644 0.54138
1403638146845096960 -0.02744 0.03439 -0.03961 0.04749 0.83599 -0.07641 0.54132
1403638146945096960 -0.02743 0.03441 -0.03961 0.04749 0.83602 -0.07645 0.54127
1403638147045097216 -0.02740 0.03447 -0.03960 0.04764 0.83609 -0.07642 0.54115
1403638147145096960 -0.02736 0.03461 -0.03966 0.04738 0.83622 -0.07640 0.54097
1403638147245096960 -0.02736 0.03461 -0.03967 0.04740 0.83621 -0.07635 0.54099
1403638147345096960 -0.02735 0.03458 -0.03962 0.04762 0.83611 -0.07634 0.54114
1403638147445096960 -0.02735 0.03454 -0.03956 0.04757 0.83606 -0.07636 0.54121
1403638147545097216 -0.02737 0.03442 -0.03938 0.04737 0.83554 -0.07647 0.54202
1403638147645096960 -0.02712 0.03439 -0.03944 0.04709 0.83546 -0.07568 0.54228
1403638147745096960 -0.02609 0.03431 -0.03906 0.04629 0.83487 -0.07531 0.54331
1403638147845096960 -0.02272 0.03299 -0.03612 0.04856 0.83040 -0.07746 0.54962
1403638147945096960 -0.01586 0.03116 -0.02852 0.05103 0.82217 -0.07951 0.56134
1403638148045097216 -0.00616 0.02921 -0.01450 0.05209 0.81639 -0.07962 0.56961
1403638148145096960 0.00451 0.02700 0.00747 0.05255 0.81249 -0.07769 0.57538
1403638148245096960 0.01464 0.02496 0.04152 0.05117 0.81099 -0.07517 0.57795
1403638148345096960 0.02263 0.02356 0.09000 0.04966 0.81042 -0.07202 0.57928
1403638148445096960 0.02865 0.02223 0.13515 0.04860 0.81178 -0.06902 0.57782
1403638148545097216 0.03424 0.02190 0.15669 0.04924 0.81673 -0.06604 0.57111
1403638148645096960 0.04013 0.02232 0.15495 0.04840 0.82099 -0.06380 0.56530
1403638148745096960 0.04880 0.02369 0.14393 0.04641 0.82404 -0.06244 0.56117
1403638148845096960 0.06105 0.02501 0.13973 0.04442 0.82567 -0.06132 0.55905
1403638148945096960 0.07534 0.02721 0.14576 0.04333 0.82523 -0.06000 0.55993
1403638149045097216 0.09179 0.02947 0.16500 0.04244 0.82219 -0.05831 0.56463
1403638149145096960 0.11084 0.03222 0.19512 0.04239 0.81908 -0.05683 0.56928
1403638149245096960 0.13148 0.03599 0.22500 0.04150 0.81742 -0.05689 0.57172
1403638149345096960 0.15541 0.03788 0.25572 0.03915 0.81625 -0.05836 0.57340
1403638149445096960 0.17538 0.04261 0.27849 0.03910 0.81532 -0.05814 0.57475
1403638149545097216 0.19723 0.04570 0.29892 0.04038 0.81478 -0.05711 0.57554
1403638149645096960 0.21657 0.05100 0.31059 0.03996 0.81509 -0.05416 0.57541
1403638149745096960 0.23651 0.05682 0.31908 0.03699 0.81518 -0.04843 0.57600
1403638149845096960 0.25664 0.06293 0.32401 0.03376 0.81585 -0.04394 0.57560
1403638149945096960 0.28389 0.07045 0.33278 0.03191 0.81595 -0.04081 0.57579
1403638150045097216 0.30659 0.07980 0.33249 0.03529 0.81609 -0.03565 0.57575
1403638150145096960 0.33627 0.09320 0.33366 0.04262 0.81652 -0.02907 0.57501
1403638150245096960 0.36262 0.10956 0.32530 0.04973 0.81637 -0.02403 0.57488
1403638150345096960 0.39037 0.13094 0.31407 0.04993 0.81932 -0.02442 0.57064
1403638150445096960 0.42029 0.15927 0.30378 0.04155 0.82529 -0.02635 0.56256
1403638150545097216 0.44972 0.19007 0.29531 0.03177 0.82981 -0.02387 0.55663
1403638150645096960 0.48415 0.22507 0.29985 0.02457 0.83185 -0.02006 0.55409
1403638150745096960 0.52201 0.26038 0.31034 0.02029 0.83117 -0.01536 0.55544
1403638150845096960 0.56530 0.29878 0.32674 0.01655 0.82942 -0.00687 0.55833
1403638150945096960 0.61051 0.33884 0.33981 0.01313 0.82641 0.00185 0.56292
1403638151045097216 0.65824 0.38055 0.34821 0.00803 0.82343 0.01157 0.56724
1403638151145096960 0.70416 0.42473 0.35117 0.00116 0.82047 0.02709 0.57105
1403638151245096960 0.74957 0.47059 0.34650 -0.01176 0.82007 0.04544 0.57033
1403638151345096960 0.79573 0.51999 0.33880 -0.02602 0.81982 0.06534 0.56829
1403638151445096960 0.83997 0.57113 0.33307 -0.04325 0.81824 0.08468 0.56696
1403638151545097216 0.88242 0.62382 0.33301 -0.05777 0.81595 0.10358 0.56583
1403638151645096960 0.92525 0.67774 0.33816 -0.06866 0.81394 0.11827 0.56462
1403638151745096960 0.96767 0.73323 0.35081 -0.07560 0.81248 0.12894 0.56350
1403638151845096960 1.01021 0.79011 0.37237 -0.08016 0.81218 0.13577 0.56169
1403638151945096960 1.05282 0.84823 0.40010 -0.08111 0.81212 0.14026 0.56055
1403638152045097216 1.09538 0.90823 0.42750 -0.08199 0.81242 0.14198 0.55954
1403638152145096960 1.13802 0.97067 0.45013 -0.08120 0.81232 0.14330 0.55948
1403638152245096960 1.18053 1.03609 0.46642 -0.08001 0.81218 0.14384 0.55971
1403638152345096960 1.22263 1.10265 0.47644 -0.07680 0.81167 0.14492 0.56061
1403638152445096960 1.26444 1.17298 0.47827 -0.07358 0.81206 0.14555 0.56033
1403638152545097216 1.30068 1.24473 0.47246 -0.07157 0.81195 0.14624 0.56057
1403638152645096960 1.34111 1.32268 0.46389 -0.07409 0.81342 0.14438 0.55858
1403638152745096960 1.37957 1.40381 0.45810 -0.08031 0.81363 0.14583 0.55704
1403638152845096960 1.41796 1.48934 0.46185 -0.09083 0.81107 0.15033 0.55795
1403638152945096960 1.45792 1.57699 0.47462 -0.10260 0.80576 0.15905 0.56119
1403638153045097216 1.49614 1.66208 0.49235 -0.11275 0.80438 0.17165 0.55750
1403638153145096960 1.53486 1.74557 0.51307 -0.12006 0.80559 0.18273 0.55066
1403638153245096960 1.57770 1.82970 0.53125 -0.12434 0.80569 0.19101 0.54673
1403638153345096960 1.62167 1.91393 0.54468 -0.12905 0.80459 0.20044 0.54388
1403638153445096960 1.66817 2.00328 0.55600 -0.13425 0.80197 0.21360 0.54147
1403638153545097216 1.71250 2.09096 0.56961 -0.13489 0.79809 0.23257 0.53922
1403638153645096960 1.75637 2.18280 0.58947 -0.14052 0.79327 0.25074 0.53675
1403638153745096960 1.80031 2.27994 0.61075 -0.15427 0.78712 0.26502 0.53517
1403638153845096960 1.84486 2.38035 0.62746 -0.16542 0.78124 0.27716 0.53430
1403638153945096960 1.88971 2.48335 0.63897 -0.17585 0.77504 0.28368 0.53658
1403638154045097216 1.93207 2.58614 0.64369 -0.18389 0.77152 0.28677 0.53731
1403638154145096960 1.97487 2.69388 0.64451 -0.18738 0.76690 0.28935 0.54132
1403638154245096960 2.01935 2.80653 0.64265 -0.18806 0.76206 0.29082 0.54710
1403638154345096960 2.06050 2.91837 0.63647 -0.18964 0.75837 0.28957 0.55233
1403638154445096960 2.10105 3.03419 0.62836 -0.19197 0.75328 0.28666 0.55996
1403638154545097216 2.13362 3.14427 0.61554 -0.19302 0.75235 0.28466 0.56186
1403638154645096960 2.15944 3.25503 0.61131 -0.19551 0.75430 0.28650 0.55743
1403638154745096960 2.17758 3.36014 0.61081 -0.19712 0.75673 0.29408 0.54956
1403638154845096960 2.19193 3.46548 0.61983 -0.19577 0.75674 0.30386 0.54469
1403638154945096960 2.20075 3.56727 0.63580 -0.19558 0.75458 0.31327 0.54241
1403638155045097216 2.20361 3.67101 0.65862 -0.20043 0.74992 0.32255 0.54168
1403638155145096960 2.20390 3.78211 0.68451 -0.20772 0.74444 0.33197 0.54080
1403638155245096960 2.19893 3.88946 0.70587 -0.21607 0.73918 0.33769 0.54120
1403638155345096960 2.18786 3.99799 0.71991 -0.22136 0.73286 0.34350 0.54398
1403638155445096960 2.17173 4.10619 0.72733 -0.22655 0.72555 0.35219 0.54609
1403638155545097216 2.14922 4.21535 0.72775 -0.23643 0.72016 0.36051 0.54361
1403638155645096960 2.12061 4.32299 0.72326 -0.25300 0.71383 0.36760 0.53972
1403638155745096960 2.08639 4.42595 0.71518 -0.27015 0.70531 0.37813 0.53533
1403638155845096960 2.04741 4.52473 0.70231 -0.28463 0.69807 0.39261 0.52683
1403638155945096960 2.00333 4.61764 0.68777 -0.29604 0.69366 0.41179 0.51150
1403638156045097216 1.95618 4.70571 0.67837 -0.30536 0.68940 0.43439 0.49274
1403638156145096960 1.90818 4.79076 0.67812 -0.31603 0.68300 0.45441 0.47661
1403638156245096960 1.86195 4.87480 0.68621 -0.32715 0.67564 0.46990 0.46441
1403638156345096960 1.81818 4.95881 0.69703 -0.33390 0.67037 0.48488 0.45167
1403638156445096960 1.77730 5.03943 0.70293 -0.33982 0.66663 0.49464 0.44210
1403638156545097216 1.73949 5.12356 0.70270 -0.34340 0.66391 0.50027 0.43706
1403638156645096960 1.70438 5.21003 0.69608 -0.34529 0.66204 0.50314 0.43511
1403638156745096960 1.67049 5.29731 0.68344 -0.34605 0.66103 0.50463 0.43433
1403638156845096960 1.64292 5.39227 0.66802 -0.34511 0.66161 0.50469 0.43412
1403638156945096960 1.61441 5.49031 0.65135 -0.34340 0.66259 0.50407 0.43471
1403638157045097216 1.59215 5.59262 0.64122 -0.34142 0.66490 0.50253 0.43451
1403638157145096960 1.57254 5.69904 0.63858 -0.33831 0.66818 0.50194 0.43260
1403638157245096960 1.55500 5.80819 0.64157 -0.33630 0.67078 0.50087 0.43137
1403638157345096960 1.53640 5.92400 0.65282 -0.33680 0.66792 0.50230 0.43375
1403638157445096960 1.52648 6.04121 0.66286 -0.33582 0.66309 0.50546 0.43824
1403638157545097216 1.51617 6.16217 0.66805 -0.34013 0.65637 0.50883 0.44111
1403638157645096960 1.50237 6.28307 0.66919 -0.34747 0.64521 0.51564 0.44393
1403638157745096960 1.48875 6.40824 0.66920 -0.35475 0.63072 0.52742 0.44516
1403638157845096960 1.47408 6.53244 0.67578 -0.36540 0.61753 0.54061 0.43918
1403638157945096960 1.45637 6.65315 0.69182 -0.37807 0.60548 0.55289 0.42984
1403638158045097216 1.43743 6.77120 0.71112 -0.38709 0.59733 0.56363 0.41914
1403638158145096960 1.41856 6.88832 0.72583 -0.39703 0.59267 0.56936 0.40858
1403638158245096960 1.40101 7.00123 0.73426 -0.40395 0.58918 0.57305 0.40161
1403638158345096960 1.38572 7.12011 0.73654 -0.40428 0.58471 0.57786 0.40093
1403638158445096960 1.37229 7.23569 0.73541 -0.40276 0.58076 0.58119 0.40339
1403638158545097216 1.35790 7.34956 0.73008 -0.40093 0.57697 0.58323 0.40769
1403638158645096960 1.34087 7.46205 0.72296 -0.39993 0.57565 0.58317 0.41061
1403638158745096960 1.32196 7.57536 0.71598 -0.40189 0.57818 0.58069 0.40864
1403638158845096960 1.30093 7.69198 0.71153 -0.40195 0.58447 0.57885 0.40220
1403638158945096960 1.28187 7.80247 0.71290 -0.40131 0.58989 0.57778 0.39642
1403638159045097216 1.26302 7.91598 0.72412 -0.39636 0.59560 0.57959 0.39018
1403638159145096960 1.24683 8.03020 0.73978 -0.38821 0.60286 0.58347 0.38132
1403638159245096960 1.23192 8.15234 0.75241 -0.38087 0.60720 0.58692 0.37653
1403638159345096960 1.22018 8.28183 0.76132 -0.39024 0.60364 0.57955 0.38399
1403638159445096960 1.21001 8.41270 0.76794 -0.40605 0.59507 0.56803 0.39795
1403638159545097216 1.20265 8.54112 0.77887 -0.42558 0.58863 0.55380 0.40707
1403638159645096960 1.20008 8.66579 0.79522 -0.44310 0.58789 0.54104 0.40661
1403638159745096960 1.20604 8.78713 0.82052 -0.45259 0.58870 0.53437 0.40379
1403638159845096960 1.22209 8.89832 0.85402 -0.45069 0.58402 0.53616 0.41028
1403638159945096960 1.24631 8.99516 0.89626 -0.43909 0.57762 0.54516 0.41995
1403638160045097216 1.27400 9.06938 0.94765 -0.43135 0.57356 0.55191 0.42468
1403638160145096960 1.30344 9.13379 1.00562 -0.42430 0.57473 0.55835 0.42179
1403638160245096960 1.33363 9.19388 1.07195 -0.41223 0.58152 0.56832 0.41098
1403638160345096960 1.36529 9.24820 1.14381 -0.40269 0.58700 0.57616 0.40163
1403638160445096960 1.39712 9.30409 1.21921 -0.39821 0.58972 0.57980 0.39685
1403638160545097216 1.43016 9.36711 1.29013 -0.39640 0.59092 0.58103 0.39507
1403638160645096960 1.46214 9.43663 1.35772 -0.39609 0.59216 0.58116 0.39334
1403638160745096960 1.49345 9.50636 1.42046 -0.40019 0.59119 0.57838 0.39474
1403638160845096960 1.52677 9.56856 1.47709 -0.41093 0.59112 0.56761 0.39943
1403638160945096960 1.56340 9.63172 1.53152 -0.41910 0.59345 0.55185 0.40943
1403638161045097216 1.60475 9.69310 1.58202 -0.41754 0.59946 0.53812 0.42041
1403638161145096960 1.64983 9.74998 1.63018 -0.40857 0.60950 0.52613 0.42985
1403638161245096960 1.69813 9.80350 1.67527 -0.39320 0.62389 0.51381 0.43835
1403638161345096960 1.74928 9.85579 1.72021 -0.37726 0.63973 0.49905 0.44651
1403638161445096960 1.80065 9.90414 1.76324 -0.36046 0.65533 0.48954 0.44828
1403638161545097216 1.85332 9.95326 1.80339 -0.34669 0.66667 0.48380 0.44867
1403638161645096960 1.90612 9.99961 1.83829 -0.33987 0.67475 0.47704 0.44903
1403638161745096960 1.96045 10.04645 1.86743 -0.33985 0.67984 0.46956 0.44926
1403638161845096960 2.01802 10.09361 1.89221 -0.33950 0.68150 0.46209 0.45473
1403638161945096960 2.07836 10.13940 1.91194 -0.33714 0.68365 0.45327 0.46206
1403638162045097216 2.13968 10.18456 1.92988 -0.33359 0.68718 0.44659 0.46589
1403638162145096960 2.20459 10.22929 1.95571 -0.33079 0.69130 0.44242 0.46578
1403638162245096960 2.27211 10.27145 1.98734 -0.32949 0.69634 0.43910 0.46232
1403638162345096960 2.34313 10.31185 2.01570 -0.33030 0.69990 0.43571 0.45957
1403638162445096960 2.42054 10.35276 2.03923 -0.33298 0.69997 0.43247 0.46058
1403638162545097216 2.50086 10.39039 2.05984 -0.33174 0.69810 0.43300 0.46380
1403638162645096960 2.58365 10.42594 2.08284 -0.32749 0.69604 0.43669 0.46645
1403638162745096960 2.67112 10.46125 2.11411 -0.32305 0.69485 0.44113 0.46715
1403638162845096960 2.76009 10.49393 2.15164 -0.32272 0.69836 0.43822 0.46487
1403638162945096960 2.85271 10.52414 2.19693 -0.32776 0.70068 0.42891 0.46653
1403638163045097216 2.94914 10.55457 2.24250 -0.33212 0.69765 0.42011 0.47590
1403638163145096960 3.04939 10.58111 2.27530 -0.33179 0.69871 0.41170 0.48189
1403638163245096960 3.15487 10.60425 2.29023 -0.32154 0.70340 0.40642 0.48648
1403638163345096960 3.26326 10.62414 2.29646 -0.30857 0.70883 0.39916 0.49297
1403638163445096960 3.37672 10.64170 2.30044 -0.29646 0.71456 0.38867 0.50046
1403638163545097216 3.48708 10.65532 2.30481 -0.28796 0.72009 0.37884 0.50500
1403638163645096960 3.59438 10.66646 2.31592 -0.28192 0.72450 0.37271 0.50667
1403638163745096960 3.70142 10.67461 2.33678 -0.27784 0.72670 0.36865 0.50874
1403638163845096960 3.80515 10.67943 2.36638 -0.27724 0.72722 0.36534 0.51070
1403638163945096960 3.90866 10.68116 2.40243 -0.27851 0.72880 0.36311 0.50934
1403638164045097216 4.01366 10.68192 2.44406 -0.28288 0.73134 0.36033 0.50526
1403638164145096960 4.11936 10.67909 2.49357 -0.28744 0.73159 0.35862 0.50353
1403638164245096960 4.22850 10.67193 2.54183 -0.29181 0.73031 0.35747 0.50369
1403638164345096960 4.33787 10.66157 2.58572 -0.29596 0.72871 0.35643 0.50433
1403638164445096960 4.44865 10.64481 2.62157 -0.29770 0.72712 0.35745 0.50488
1403638164545097216 4.56057 10.62109 2.65391 -0.30100 0.72764 0.35640 0.50292
1403638164645096960 4.67654 10.59367 2.68061 -0.30246 0.72924 0.35388 0.50150
1403638164745096960 4.79630 10.55943 2.70311 -0.29625 0.73008 0.35094 0.50602
1403638164845096960 4.92116 10.52083 2.72286 -0.28238 0.72542 0.35401 0.51837
1403638164945096960 5.04151 10.47786 2.73926 -0.27135 0.72158 0.35566 0.52839
1403638165045097216 5.15493 10.43076 2.75136 -0.27580 0.72093 0.34575 0.53353
1403638165145096960 5.26690 10.37883 2.75689 -0.27894 0.72654 0.33398 0.53178
1403638165245096960 5.37165 10.32213 2.75606 -0.27170 0.73625 0.33117 0.52388
1403638165345096960 5.47312 10.26159 2.74857 -0.26752 0.74666 0.32725 0.51366
1403638165445096960 5.57902 10.19958 2.73867 -0.26672 0.74964 0.32251 0.51272
1403638165545097216 5.68608 10.13291 2.72674 -0.26543 0.74343 0.31890 0.52456
1403638165645096960 5.79351 10.06164 2.71158 -0.26381 0.73376 0.31698 0.53993
1403638165745096960 5.89638 9.98516 2.68828 -0.26142 0.72656 0.31656 0.55096
1403638165845096960 5.99203 9.90230 2.65994 -0.25623 0.72902 0.31988 0.54822
1403638165945096960 6.08345 9.81367 2.63543 -0.25104 0.73516 0.32406 0.53991
1403638166045097216 6.17099 9.72146 2.61915 -0.24723 0.74241 0.32783 0.52937
1403638166145096960 6.25661 9.62807 2.61516 -0.24009 0.74507 0.33441 0.52478
1403638166245096960 6.34053 9.53857 2.62840 -0.23800 0.74554 0.33869 0.52231
1403638166345096960 6.42123 9.45065 2.66173 -0.23628 0.74444 0.34264 0.52209
1403638166445096960 6.49489 9.36754 2.71279 -0.23479 0.74413 0.34545 0.52135
1403638166545097216 6.56031 9.29102 2.76356 -0.23608 0.74366 0.34629 0.52088
1403638166645096960 6.62350 9.21681 2.80774 -0.23735 0.74337 0.34663 0.52049
1403638166745096960 6.68494 9.14659 2.84328 -0.24238 0.74525 0.34404 0.51719
1403638166845096960 6.74813 9.07763 2.86865 -0.25063 0.75329 0.33903 0.50478
1403638166945096960 6.81888 9.00649 2.88451 -0.25387 0.76392 0.33731 0.48806
1403638167045097216 6.89578 8.94270 2.89724 -0.24927 0.76957 0.34034 0.47937
1403638167145096960 6.98127 8.88335 2.91404 -0.24323 0.76993 0.34485 0.47868
1403638167245096960 7.07678 8.82998 2.93802 -0.23794 0.76750 0.34882 0.48234
1403638167345096960 7.17741 8.78395 2.96905 -0.23587 0.76483 0.35020 0.48658
1403638167445096960 7.28308 8.74356 3.00263 -0.23691 0.76343 0.34869 0.48936
1403638167545097216 7.39512 8.70434 3.03240 -0.24102 0.76039 0.34515 0.49456
1403638167645096960 7.50893 8.66867 3.05503 -0.25024 0.75900 0.33611 0.49833
1403638167745096960 7.62568 8.63381 3.07073 -0.25476 0.76047 0.32442 0.50154
1403638167845096960 7.74728 8.59705 3.08165 -0.25612 0.76510 0.30984 0.50302
1403638167945096960 7.87334 8.55965 3.08885 -0.25195 0.76926 0.29545 0.50741
1403638168045097216 8.00669 8.51537 3.09495 -0.24431 0.77333 0.28252 0.51229
1403638168145096960 8.14433 8.46827 3.10736 -0.23734 0.77657 0.27187 0.51643
1403638168245096960 8.28186 8.41529 3.12701 -0.22614 0.77982 0.26215 0.52155
1403638168345096960 8.42133 8.35716 3.15263 -0.21300 0.78332 0.25149 0.52706
1403638168445096960 8.56378 8.29620 3.18485 -0.19929 0.78604 0.24126 0.53313
1403638168545097216 8.70733 8.23467 3.21424 -0.18079 0.79093 0.23973 0.53317
1403638168645096960 8.85078 8.17615 3.23580 -0.16351 0.79604 0.24141 0.53038
1403638168745096960 8.99497 8.12303 3.24985 -0.15255 0.79893 0.24265 0.52874
1403638168845096960 9.13969 8.07696 3.25816 -0.14804 0.80095 0.24277 0.52691
1403638168945096960 9.28516 8.03982 3.26126 -0.14610 0.80195 0.24350 0.52558
1403638169045097216 9.43284 8.01110 3.26018 -0.14746 0.79872 0.24505 0.52938
1403638169145096960 9.58118 7.99079 3.25404 -0.15731 0.79321 0.24192 0.53623
1403638169245096960 9.72932 7.97383 3.24087 -0.17014 0.79066 0.23568 0.53886
1403638169345096960 9.87822 7.95658 3.22175 -0.18572 0.78850 0.21998 0.54350
1403638169445096960 10.02542 7.93328 3.20066 -0.19565 0.78640 0.20061 0.55051
1403638169545097216 10.17303 7.90147 3.18237 -0.19376 0.78587 0.18374 0.55777
1403638169645096960 10.32164 7.85990 3.17185 -0.18044 0.78809 0.17005 0.56342
1403638169745096960 10.46569 7.80740 3.16537 -0.15934 0.79249 0.15874 0.56690
1403638169845096960 10.60459 7.74742 3.16849 -0.13041 0.79588 0.14969 0.57198
1403638169945096960 10.74044 7.68497 3.18085 -0.10242 0.79587 0.13820 0.58051
1403638170045097216 10.86883 7.62458 3.19953 -0.08376 0.79202 0.12010 0.59268
1403638170145096960 10.99175 7.56641 3.21501 -0.07250 0.79206 0.09660 0.59838
1403638170245096960 11.10780 7.50823 3.22146 -0.06374 0.79478 0.07094 0.59936
1403638170345096960 11.21637 7.45017 3.22099 -0.05583 0.79877 0.04489 0.59736
1403638170445096960 11.32396 7.38899 3.21278 -0.04471 0.80375 0.02123 0.59291
1403638170545097216 11.42124 7.32568 3.20574 -0.03987 0.80489 -0.00475 0.59207
1403638170645096960 11.51834 7.25558 3.20546 -0.03233 0.80169 -0.02809 0.59621
1403638170745096960 11.60187 7.18030 3.21387 -0.02137 0.79932 -0.04802 0.59861
1403638170845096960 11.67847 7.09709 3.22649 -0.00852 0.79788 -0.06589 0.59914
1403638170945096960 11.74005 7.00932 3.23643 0.00664 0.79726 -0.08235 0.59796
1403638171045097216 11.78969 6.91738 3.24096 0.02048 0.79438 -0.09919 0.59892
1403638171145096960 11.83187 6.82188 3.24251 0.03039 0.79146 -0.11320 0.59988
1403638171245096960 11.85945 6.72473 3.24047 0.03562 0.78863 -0.12467 0.60104
1403638171345096960 11.87374 6.62659 3.23719 0.03985 0.78653 -0.13172 0.60203
1403638171445096960 11.88248 6.52234 3.23202 0.04360 0.78390 -0.13841 0.60369
1403638171545097216 11.88235 6.41501 3.22578 0.04446 0.78059 -0.14581 0.60617
1403638171645096960 11.87754 6.29986 3.21641 0.04706 0.77723 -0.15356 0.60837
1403638171745096960 11.86287 6.17941 3.20513 0.04974 0.77359 -0.16449 0.60995
1403638171845096960 11.83621 6.05413 3.19510 0.05228 0.76978 -0.17471 0.61171
1403638171945096960 11.79633 5.92306 3.18981 0.05715 0.76425 -0.18177 0.61612
1403638172045097216 11.74322 5.78563 3.19090 0.06553 0.76249 -0.18432 0.61672
1403638172145096960 11.67647 5.64426 3.19548 0.07200 0.76242 -0.18526 0.61580
1403638172245096960 11.59863 5.49964 3.19429 0.07518 0.76344 -0.18610 0.61390
1403638172345096960 11.50814 5.35437 3.18337 0.07770 0.76396 -0.18548 0.61313
1403638172445096960 11.40777 5.20803 3.16280 0.07742 0.76305 -0.18489 0.61447
1403638172545097216 11.29935 5.05954 3.13213 0.07463 0.76071 -0.18499 0.61768
1403638172645096960 11.18152 4.90877 3.09350 0.07063 0.75907 -0.18465 0.62026
1403638172745096960 11.05178 4.75401 3.04784 0.06759 0.75974 -0.18334 0.62018
1403638172845096960 10.91007 4.59844 2.99678 0.06299 0.75948 -0.18293 0.62110
1403638172945096960 10.75543 4.43614 2.94325 0.05816 0.76140 -0.18196 0.61949
1403638173045097216 10.58842 4.27129 2.88574 0.05196 0.76526 -0.18186 0.61531
1403638173145096960 10.41211 4.10161 2.82097 0.04619 0.77044 -0.18181 0.60929
1403638173245096960 10.22655 3.92532 2.75035 0.04871 0.77491 -0.17744 0.60469
1403638173345096960 10.03430 3.74172 2.67391 0.05537 0.77968 -0.17138 0.59971
1403638173445096960 9.83708 3.55482 2.59045 0.07104 0.78281 -0.16098 0.59687
1403638173545097216 9.63867 3.36706 2.49616 0.08209 0.78624 -0.15387 0.59279
1403638173645096960 9.44038 3.17962 2.39934 0.08644 0.78726 -0.15155 0.59143
1403638173745096960 9.24011 2.99475 2.29781 0.08736 0.78770 -0.15161 0.59069
1403638173845096960 9.03920 2.81381 2.19606 0.08694 0.78856 -0.15345 0.58912
1403638173945096960 8.83759 2.63629 2.10007 0.08839 0.78842 -0.15320 0.58916
1403638174045097216 8.63165 2.46294 2.01032 0.08845 0.78995 -0.15378 0.58695
1403638174145096960 8.42245 2.29165 1.92668 0.08939 0.79028 -0.15329 0.58649
1403638174245096960 8.21152 2.12356 1.84232 0.08954 0.79482 -0.15302 0.58038
1403638174345096960 8.00124 1.95914 1.75194 0.08838 0.79993 -0.15315 0.57345
1403638174445096960 7.79600 1.79740 1.65736 0.08764 0.80371 -0.15294 0.56831
1403638174545097216 7.59598 1.63877 1.56614 0.08476 0.80648 -0.15407 0.56450
1403638174645096960 7.40406 1.47885 1.48105 0.08790 0.81105 -0.15145 0.55815
1403638174745096960 7.21645 1.32092 1.40160 0.08979 0.81555 -0.14988 0.55169
1403638174845096960 7.03254 1.16618 1.33116 0.09049 0.81872 -0.14921 0.54703
1403638174945096960 6.85618 1.01345 1.26594 0.09212 0.82009 -0.14857 0.54488
1403638175045097216 6.68392 0.86301 1.20688 0.09408 0.81933 -0.14788 0.54587
1403638175145096960 6.51868 0.71306 1.15333 0.09629 0.81875 -0.14835 0.54623
1403638175245096960 6.35933 0.56643 1.10531 0.09876 0.81912 -0.14826 0.54526
1403638175345096960 6.20904 0.41979 1.06409 0.09958 0.82318 -0.14951 0.53861
1403638175445096960 6.06545 0.27510 1.03024 0.10316 0.82877 -0.14816 0.52967
1403638175545097216 5.93333 0.13055 1.00489 0.10662 0.83594 -0.14602 0.51818
1403638175645096960 5.81346 -0.00867 0.98806 0.10422 0.84320 -0.14775 0.50628
1403638175745096960 5.71142 -0.14264 0.97809 0.10141 0.84839 -0.14873 0.49782
1403638175845096960 5.62964 -0.27266 0.96522 0.10186 0.85197 -0.14760 0.49193
1403638175945096960 5.56680 -0.39994 0.94236 0.10614 0.85250 -0.14344 0.49133
1403638176045097216 5.52421 -0.52355 0.91793 0.11392 0.84780 -0.13634 0.49967
1403638176145096960 5.49571 -0.64686 0.89367 0.12253 0.83582 -0.12855 0.51948
1403638176245096960 5.47867 -0.76425 0.87489 0.11955 0.82052 -0.13027 0.54359
1403638176345096960 5.46760 -0.87445 0.86082 0.12012 0.81153 -0.12989 0.55688
1403638176445096960 5.46190 -0.97560 0.85096 0.12200 0.80924 -0.12949 0.55990
1403638176545097216 5.46128 -1.06854 0.84695 0.12326 0.80934 -0.12964 0.55943
1403638176645096960 5.46384 -1.15554 0.84695 0.12414 0.81084 -0.12972 0.55705
1403638176745096960 5.46751 -1.23672 0.85359 0.12419 0.81114 -0.12990 0.55656
1403638176845096960 5.47567 -1.31531 0.86706 0.12009 0.81106 -0.13264 0.55692
1403638176945096960 5.48379 -1.38357 0.88163 0.11767 0.81153 -0.13454 0.55630
1403638177045097216 5.49533 -1.45470 0.89147 0.11918 0.81291 -0.13329 0.55426
1403638177145096960 5.50919 -1.51207 0.89536 0.12261 0.81342 -0.13144 0.55321
1403638177245096960 5.52689 -1.56593 0.89113 0.12511 0.81373 -0.12980 0.55258
1403638177345096960 5.55084 -1.61874 0.87959 0.12590 0.81371 -0.12923 0.55256
1403638177445096960 5.57550 -1.65767 0.86456 0.12546 0.81420 -0.13043 0.55167
1403638177545097216 5.60434 -1.69311 0.84512 0.11679 0.81284 -0.13757 0.55383
1403638177645096960 5.63776 -1.73032 0.82049 0.10494 0.81126 -0.14670 0.55616
1403638177745096960 5.67048 -1.76066 0.79267 0.09580 0.80885 -0.15614 0.55875
1403638177845096960 5.70751 -1.79660 0.76151 0.09020 0.80201 -0.16375 0.56731
1403638177945096960 5.73945 -1.82875 0.73412 0.08934 0.79484 -0.16754 0.57635
1403638178045097216 5.76966 -1.86769 0.71315 0.09391 0.79013 -0.16810 0.58191
1403638178145096960 5.79382 -1.90794 0.70112 0.10364 0.78740 -0.17196 0.58282
1403638178245096960 5.81051 -1.95054 0.69487 0.11222 0.78246 -0.18319 0.58447
1403638178345096960 5.82035 -1.99363 0.69842 0.12246 0.77715 -0.19903 0.58432
1403638178445096960 5.82134 -2.03338 0.70548 0.13382 0.77245 -0.21913 0.58085
1403638178545097216 5.81569 -2.07331 0.70742 0.14492 0.77039 -0.24232 0.57164
1403638178645096960 5.80378 -2.11302 0.70459 0.15404 0.76776 -0.26645 0.56198
1403638178745096960 5.78865 -2.15494 0.69864 0.16525 0.76197 -0.28812 0.55595
1403638178845096960 5.76883 -2.19989 0.68993 0.17789 0.75775 -0.30654 0.54790
1403638178945096960 5.74528 -2.24719 0.67759 0.18684 0.75667 -0.32058 0.53830
1403638179045097216 5.71962 -2.29631 0.66088 0.19321 0.75878 -0.33015 0.52719
1403638179145096960 5.69424 -2.35059 0.64148 0.20041 0.76065 -0.33580 0.51816
1403638179245096960 5.67005 -2.40983 0.61792 0.20983 0.76163 -0.34078 0.50966
1403638179345096960 5.64917 -2.47394 0.59075 0.21917 0.76080 -0.34852 0.50167
1403638179445096960 5.63228 -2.54333 0.56322 0.22934 0.75081 -0.36053 0.50369
1403638179545097216 5.61704 -2.61511 0.53333 0.24108 0.73578 -0.37538 0.50950
1403638179645096960 5.60104 -2.68769 0.50176 0.25324 0.72300 -0.39221 0.50923
1403638179745096960 5.58327 -2.76034 0.47564 0.26718 0.71097 -0.40911 0.50574
1403638179845096960 5.56342 -2.83203 0.45690 0.28094 0.69958 -0.42590 0.50027
1403638179945096960 5.54305 -2.90458 0.44408 0.29010 0.69202 -0.44306 0.49057
1403638180045097216 5.52322 -2.97776 0.43527 0.29359 0.68900 -0.45794 0.47894
1403638180145096960 5.50172 -3.05238 0.42933 0.29634 0.68431 -0.46836 0.47386
1403638180245096960 5.48258 -3.13068 0.42755 0.30070 0.68152 -0.47284 0.47067
1403638180345096960 5.46196 -3.21132 0.41864 0.30063 0.68052 -0.47679 0.46817
1403638180445096960 5.44117 -3.29533 0.40408 0.30314 0.68197 -0.47663 0.46460
1403638180545097216 5.41990 -3.38252 0.38505 0.30714 0.68299 -0.47369 0.46347
1403638180645096960 5.39939 -3.47263 0.36602 0.30849 0.68605 -0.47149 0.46030
1403638180745096960 5.38019 -3.56512 0.35135 0.30609 0.69088 -0.47062 0.45553
1403638180845096960 5.36413 -3.66220 0.34584 0.30211 0.69374 -0.47023 0.45424
1403638180945096960 5.35005 -3.76488 0.34412 0.29902 0.69443 -0.46888 0.45662
1403638181045097216 5.33722 -3.87169 0.33991 0.29639 0.69322 -0.46759 0.46148
1403638181145096960 5.32682 -3.98292 0.32806 0.29306 0.69226 -0.46741 0.46521
1403638181245096960 5.31545 -4.09757 0.31265 0.29280 0.68775 -0.46621 0.47321
1403638181345096960 5.30288 -4.21477 0.29298 0.29522 0.67764 -0.47029 0.48216
1403638181445096960 5.28361 -4.33553 0.26730 0.29821 0.66488 -0.48136 0.48713
1403638181545097216 5.25893 -4.45751 0.23979 0.30796 0.64549 -0.49422 0.49422
1403638181645096960 5.22593 -4.57607 0.21452 0.32486 0.62840 -0.50537 0.49414
1403638181745096960 5.18329 -4.69398 0.19436 0.34043 0.62012 -0.51797 0.48090
1403638181845096960 5.13415 -4.80860 0.18410 0.35581 0.61375 -0.53080 0.46364
1403638181945096960 5.08131 -4.92464 0.18191 0.36722 0.60847 -0.54413 0.44590
1403638182045097216 5.02771 -5.03289 0.18612 0.37015 0.60457 -0.55718 0.43247
1403638182145096960 4.97415 -5.13495 0.19830 0.37122 0.60130 -0.56741 0.42272
1403638182245096960 4.92048 -5.24226 0.21096 0.36865 0.59783 -0.57649 0.41756
1403638182345096960 4.86488 -5.35188 0.21851 0.36377 0.59461 -0.58356 0.41660
1403638182445096960 4.80694 -5.46257 0.22607 0.36240 0.59614 -0.58583 0.41242
1403638182545097216 4.74762 -5.57071 0.24211 0.36679 0.60255 -0.58240 0.40400
1403638182645096960 4.68889 -5.68235 0.26612 0.37042 0.60813 -0.57835 0.39810
1403638182745096960 4.62956 -5.80374 0.29398 0.36986 0.61033 -0.57618 0.39840
1403638182845096960 4.57304 -5.92841 0.32012 0.36987 0.61064 -0.57395 0.40112
1403638182945096960 4.51920 -6.05548 0.34096 0.37119 0.60871 -0.57104 0.40695
1403638183045097216 4.46305 -6.18946 0.35721 0.37543 0.60556 -0.56610 0.41458
1403638183145096960 4.41036 -6.31973 0.36902 0.38230 0.60541 -0.55976 0.41713
1403638183245096960 4.35697 -6.45361 0.37535 0.38434 0.60835 -0.55691 0.41479
1403638183345096960 4.30719 -6.58342 0.37604 0.38014 0.61268 -0.55923 0.40912
1403638183445096960 4.25830 -6.71773 0.37368 0.37498 0.61758 -0.56232 0.40221
1403638183545097216 4.21131 -6.85619 0.36866 0.37346 0.62189 -0.56292 0.39610
1403638183645096960 4.16988 -6.99551 0.36125 0.37362 0.62077 -0.56292 0.39771
1403638183745096960 4.13222 -7.13979 0.35962 0.38166 0.61608 -0.55735 0.40514
1403638183845096960 4.09825 -7.28272 0.36421 0.39134 0.61229 -0.55044 0.41105
1403638183945096960 4.06797 -7.42241 0.37497 0.39498 0.60932 -0.54821 0.41495
1403638184045097216 4.04297 -7.55561 0.39237 0.39318 0.60944 -0.55000 0.41412
1403638184145096960 4.02138 -7.68783 0.41357 0.38800 0.61349 -0.55413 0.40745
1403638184245096960 4.00803 -7.80974 0.43100 0.38200 0.61596 -0.55931 0.40230
1403638184345096960 3.99808 -7.93497 0.44295 0.38268 0.61568 -0.55977 0.40144
1403638184445096960 3.99104 -8.06365 0.45120 0.38620 0.61271 -0.55782 0.40531
1403638184545097216 3.98654 -8.19491 0.45725 0.38952 0.61079 -0.55601 0.40751
1403638184645096960 3.98456 -8.32841 0.46346 0.39104 0.60887 -0.55535 0.40983
1403638184745096960 3.98647 -8.45903 0.47038 0.39055 0.60814 -0.55616 0.41027
1403638184845096960 3.99032 -8.59085 0.47846 0.39039 0.60798 -0.55668 0.40996
1403638184945096960 3.99650 -8.72102 0.48655 0.39344 0.60750 -0.55472 0.41041
1403638185045097216 4.00518 -8.85202 0.49887 0.39213 0.60667 -0.55573 0.41152
1403638185145096960 4.01587 -8.98387 0.51318 0.39225 0.60864 -0.55532 0.40904
1403638185245096960 4.02992 -9.11085 0.52595 0.39505 0.61094 -0.55305 0.40599
1403638185345096960 4.04698 -9.23862 0.54048 0.39801 0.61227 -0.55053 0.40451
1403638185445096960 4.07058 -9.36347 0.55421 0.40170 0.61423 -0.54363 0.40721
1403638185545097216 4.09825 -9.48881 0.57130 0.40272 0.61988 -0.53234 0.41252
1403638185645096960 4.13237 -9.61250 0.58763 0.40015 0.62675 -0.52090 0.41920
1403638185745096960 4.17384 -9.72695 0.60257 0.39272 0.62931 -0.51478 0.42983
1403638185845096960 4.21878 -9.84383 0.61499 0.37319 0.62896 -0.52005 0.44123
1403638185945096960 4.26602 -9.95282 0.62307 0.35288 0.62821 -0.52796 0.44955
1403638186045097216 4.30957 -10.06351 0.62612 0.34716 0.63086 -0.52822 0.44998
1403638186145096960 4.34922 -10.17473 0.62448 0.34998 0.63572 -0.52458 0.44518
1403638186245096960 4.38662 -10.28678 0.62293 0.35320 0.63907 -0.52159 0.44134
1403638186345096960 4.42341 -10.39674 0.62654 0.35629 0.64137 -0.51913 0.43841
1403638186445096960 4.46064 -10.50564 0.63699 0.35733 0.64170 -0.51864 0.43766
1403638186545097216 4.49774 -10.61957 0.65100 0.35998 0.64194 -0.51773 0.43621
1403638186645096960 4.53593 -10.72215 0.66198 0.36265 0.64321 -0.51675 0.43329
1403638186745096960 4.57710 -10.83388 0.66803 0.36833 0.64580 -0.51228 0.42992
1403638186845096960 4.62144 -10.93731 0.66830 0.37174 0.65141 -0.50386 0.42848
1403638186945096960 4.67350 -11.04920 0.66651 0.36794 0.65972 -0.49455 0.42989
1403638187045097216 4.73391 -11.15780 0.66721 0.35625 0.66771 -0.48303 0.44038
1403638187145096960 4.79938 -11.25687 0.67630 0.34208 0.67437 -0.46642 0.45897
1403638187245096960 4.86919 -11.35482 0.69311 0.32656 0.68127 -0.44692 0.47905
1403638187345096960 4.93947 -11.45062 0.71705 0.31485 0.68861 -0.42526 0.49583
1403638187445096960 5.00753 -11.54141 0.74595 0.30679 0.69389 -0.40669 0.50893
1403638187545097216 5.07134 -11.62353 0.77613 0.29810 0.70073 -0.39570 0.51335
1403638187645096960 5.13240 -11.70372 0.80373 0.28886 0.70924 -0.39166 0.51004
1403638187745096960 5.19164 -11.78047 0.82664 0.28606 0.71518 -0.38798 0.50612
1403638187845096960 5.25056 -11.85308 0.84409 0.28785 0.71809 -0.38432 0.50377
1403638187945096960 5.31023 -11.91803 0.85907 0.29441 0.71909 -0.37952 0.50220
1403638188045097216 5.37146 -11.97815 0.87119 0.30343 0.71706 -0.37473 0.50332
1403638188145096960 5.43523 -12.03083 0.87879 0.31268 0.71548 -0.37028 0.50320
1403638188245096960 5.50074 -12.07293 0.88241 0.31667 0.70909 -0.36955 0.51024
1403638188345096960 5.56971 -12.10801 0.88089 0.31519 0.69594 -0.37138 0.52764
1403638188445096960 5.63705 -12.13191 0.87920 0.31569 0.68415 -0.37214 0.54202
1403638188545097216 5.70164 -12.14824 0.87444 0.31520 0.67565 -0.37307 0.55223
1403638188645096960 5.76026 -12.14839 0.87135 0.31233 0.67579 -0.37203 0.55439
1403638188745096960 5.80829 -12.12658 0.87222 0.30461 0.68269 -0.36988 0.55167
1403638188845096960 5.85342 -12.09781 0.88504 0.29711 0.69245 -0.36761 0.54507
1403638188945096960 5.89366 -12.06133 0.90963 0.29061 0.69911 -0.36576 0.54131
1403638189045097216 5.92828 -12.01626 0.94246 0.28451 0.70454 -0.36260 0.53963
1403638189145096960 5.95725 -11.96262 0.97659 0.27613 0.70915 -0.35543 0.54271
1403638189245096960 5.97914 -11.89568 1.00393 0.26336 0.71586 -0.34572 0.54650
1403638189345096960 5.99628 -11.82160 1.02438 0.24912 0.72663 -0.33392 0.54630
1403638189445096960 6.00717 -11.74255 1.03931 0.23484 0.74241 -0.32512 0.53663
1403638189545097216 6.01429 -11.66086 1.05831 0.22306 0.75441 -0.31870 0.52871
1403638189645096960 6.02098 -11.58036 1.08642 0.21488 0.76114 -0.31421 0.52513
1403638189745096960 6.02866 -11.50253 1.11342 0.20522 0.76736 -0.31472 0.51961
1403638189845096960 6.03832 -11.42881 1.13407 0.19968 0.77234 -0.31562 0.51381
1403638189945096960 6.05023 -11.36054 1.14866 0.19799 0.77666 -0.31565 0.50790
1403638190045097216 6.06788 -11.29994 1.15932 0.20125 0.77412 -0.31415 0.51142
1403638190145096960 6.09071 -11.24809 1.16882 0.20711 0.76729 -0.31113 0.52112
1403638190245096960 6.11382 -11.19854 1.17159 0.21689 0.75967 -0.30543 0.53157
1403638190345096960 6.13804 -11.14619 1.16464 0.23130 0.75632 -0.29057 0.53857
1403638190445096960 6.16315 -11.09057 1.15304 0.24103 0.75678 -0.27387 0.54238
1403638190545097216 6.19060 -11.02963 1.13558 0.23891 0.75936 -0.26618 0.54355
1403638190645096960 6.21992 -10.96133 1.11639 0.23268 0.76234 -0.26284 0.54371
1403638190745096960 6.25036 -10.88663 1.09871 0.22651 0.76364 -0.26114 0.54530
1403638190845096960 6.28372 -10.80766 1.08428 0.21457 0.76358 -0.26542 0.54814
1403638190945096960 6.31686 -10.72403 1.07931 0.20712 0.76444 -0.26765 0.54872
1403638191045097216 6.34600 -10.63484 1.08220 0.20354 0.76177 -0.26828 0.55344
1403638191145096960 6.37182 -10.54256 1.09115 0.20235 0.76178 -0.26852 0.55376
1403638191245096960 6.39675 -10.45020 1.10660 0.19905 0.76803 -0.27113 0.54498
1403638191345096960 6.41198 -10.35367 1.12681 0.19588 0.77429 -0.27352 0.53599
1403638191445096960 6.43600 -10.26696 1.14978 0.19576 0.77734 -0.27493 0.53089
1403638191545097216 6.45898 -10.18499 1.17015 0.19581 0.77774 -0.27600 0.52972
1403638191645096960 6.48070 -10.09494 1.17901 0.19831 0.77775 -0.27531 0.52913
1403638191745096960 6.50645 -10.00641 1.18253 0.20391 0.77939 -0.27213 0.52622
1403638191845096960 6.53819 -9.93461 1.19081 0.20820 0.78091 -0.26933 0.52372
1403638191945096960 6.57302 -9.84360 1.18436 0.20864 0.78049 -0.26972 0.52398
1403638192045097216 6.61908 -9.77512 1.19400 0.20944 0.78046 -0.26881 0.52417
1403638192145096960 6.66268 -9.68786 1.20121 0.20819 0.77997 -0.26947 0.52506
1403638192245096960 6.71957 -9.62599 1.22936 0.20663 0.77750 -0.26994 0.52909
1403638192345096960 6.77140 -9.54189 1.25817 0.20511 0.77181 -0.27029 0.53777
1403638192445096960 6.83010 -9.47035 1.29854 0.20434 0.76937 -0.27039 0.54148
1403638192545097216 6.88717 -9.38559 1.34391 0.20489 0.76659 -0.26996 0.54543
1403638192645096960 6.94443 -9.29328 1.39161 0.20812 0.76050 -0.26801 0.55362
1403638192745096960 7.00115 -9.19366 1.43394 0.20901 0.75357 -0.26811 0.56264
1403638192845096960 7.05442 -9.08698 1.46856 0.20796 0.74664 -0.26894 0.57180
1403638192945096960 7.09846 -8.97818 1.49877 0.20229 0.73428 -0.27212 0.58810
1403638193045097216 7.13336 -8.86390 1.52512 0.19381 0.72546 -0.27452 0.60065
1403638193145096960 7.15295 -8.74801 1.55536 0.18727 0.73085 -0.27013 0.59818
1403638193245096960 7.15799 -8.63404 1.59329 0.18432 0.74139 -0.26260 0.58941
1403638193345096960 7.15043 -8.51307 1.64041 0.18456 0.74973 -0.25456 0.58228
1403638193445096960 7.13209 -8.38376 1.69265 0.18800 0.75309 -0.24615 0.58044
1403638193545097216 7.10365 -8.26313 1.74510 0.18798 0.75352 -0.24139 0.58189
1403638193645096960 7.06631 -8.14130 1.78896 0.18530 0.75840 -0.24044 0.57678
1403638193745096960 7.02226 -8.01869 1.82540 0.17899 0.76667 -0.24302 0.56668
1403638193845096960 6.97165 -7.89697 1.85463 0.17632 0.77243 -0.24420 0.55913
1403638193945096960 6.91778 -7.77585 1.87958 0.17452 0.77605 -0.24534 0.55416
1403638194045097216 6.86155 -7.65822 1.89887 0.17287 0.77668 -0.24617 0.55343
1403638194145096960 6.81594 -7.53469 1.91539 0.17629 0.77184 -0.24502 0.55960
1403638194245096960 6.75863 -7.41965 1.92334 0.17896 0.76664 -0.24377 0.56640
1403638194345096960 6.70692 -7.29706 1.92756 0.17780 0.76769 -0.24508 0.56477
1403638194445096960 6.64067 -7.18359 1.92970 0.17458 0.77144 -0.24762 0.55954
1403638194545097216 6.58319 -7.06065 1.94340 0.17336 0.77528 -0.24955 0.55372
1403638194645096960 6.51806 -6.94284 1.95686 0.17169 0.77947 -0.25146 0.54747
1403638194745096960 6.45762 -6.82427 1.97330 0.17031 0.78439 -0.25349 0.53988
1403638194845096960 6.40014 -6.70796 1.98610 0.16998 0.78808 -0.25483 0.53394
1403638194945096960 6.34621 -6.59438 1.99438 0.17148 0.79028 -0.25462 0.53030
1403638195045097216 6.29682 -6.48452 1.99690 0.17127 0.79158 -0.25528 0.52811
1403638195145096960 6.25306 -6.37827 1.99366 0.17110 0.79318 -0.25544 0.52567
1403638195245096960 6.21212 -6.27799 1.98370 0.16631 0.79924 -0.25893 0.51625
1403638195345096960 6.18343 -6.18458 1.96863 0.16175 0.80557 -0.26220 0.50611
1403638195445096960 6.16485 -6.10291 1.95229 0.16337 0.80224 -0.26133 0.51131
1403638195545097216 6.15258 -6.02921 1.93528 0.16717 0.79190 -0.25863 0.52731
1403638195645096960 6.14089 -5.95671 1.91412 0.17082 0.78502 -0.25567 0.53777
1403638195745096960 6.13930 -5.89554 1.89223 0.17023 0.78536 -0.25573 0.53744
1403638195845096960 6.14235 -5.83864 1.87613 0.16823 0.78876 -0.25677 0.53256
1403638195945096960 6.13872 -5.77389 1.86922 0.16614 0.79404 -0.25751 0.52496
1403638196045097216 6.15048 -5.72439 1.86814 0.16484 0.79670 -0.25817 0.52100
1403638196145096960 6.16599 -5.67641 1.87751 0.16685 0.79472 -0.25687 0.52403
1403638196245096960 6.17865 -5.62384 1.89458 0.16977 0.78874 -0.25437 0.53326
1403638196345096960 6.19391 -5.57537 1.91237 0.17253 0.78506 -0.25241 0.53870
1403638196445096960 6.21341 -5.53279 1.92355 0.17072 0.78513 -0.25379 0.53853
1403638196545097216 6.23314 -5.49384 1.92867 0.16861 0.78632 -0.25593 0.53645
1403638196645096960 6.25035 -5.45550 1.92743 0.16590 0.79188 -0.25838 0.52786
1403638196745096960 6.27619 -5.42365 1.91940 0.16266 0.79608 -0.26130 0.52108
1403638196845096960 6.30261 -5.39619 1.91087 0.16236 0.79669 -0.26169 0.52004
1403638196945096960 6.33779 -5.37415 1.89940 0.16538 0.79211 -0.25984 0.52696
1403638197045097216 6.37261 -5.35495 1.89607 0.16786 0.78707 -0.25814 0.53451
1403638197145096960 6.41164 -5.34027 1.89566 0.17008 0.78467 -0.25683 0.53796
1403638197245096960 6.45037 -5.32715 1.90442 0.17419 0.78381 -0.25376 0.53936
1403638197345096960 6.49197 -5.31500 1.92031 0.18500 0.78122 -0.24626 0.54298
1403638197445096960 6.53416 -5.30103 1.94147 0.19174 0.77901 -0.24178 0.54582
1403638197545097216 6.57353 -5.28382 1.97211 0.19114 0.77714 -0.24169 0.54873
1403638197645096960 6.61312 -5.26231 2.00559 0.19177 0.77647 -0.24098 0.54977
1403638197745096960 6.65345 -5.23789 2.04200 0.19148 0.77717 -0.24061 0.54904
1403638197845096960 6.69385 -5.21043 2.07254 0.18889 0.77529 -0.24206 0.55195
1403638197945096960 6.73387 -5.18086 2.09762 0.18614 0.76874 -0.24304 0.56153
1403638198045097216 6.77274 -5.14773 2.10909 0.18582 0.76090 -0.24287 0.57229
1403638198145096960 6.80855 -5.11233 2.10040 0.18318 0.76251 -0.24479 0.57018
1403638198245096960 6.84022 -5.07147 2.07525 0.18133 0.76611 -0.24629 0.56528
1403638198345096960 6.87002 -5.02646 2.04180 0.18182 0.76867 -0.24588 0.56180
1403638198445096960 6.90036 -4.98016 2.00354 0.18526 0.77389 -0.24351 0.55451
1403638198545097216 6.92816 -4.92947 1.96298 0.19264 0.77712 -0.23787 0.54990
1403638198645096960 6.95021 -4.87767 1.91825 0.20996 0.77772 -0.22561 0.54788
1403638198745096960 6.97373 -4.81789 1.87593 0.22593 0.77722 -0.21347 0.54710
1403638198845096960 7.02638 -4.73977 1.84681 0.23360 0.77578 -0.20766 0.54816
1403638198945096960 7.05641 -4.65099 1.82226 0.23340 0.77637 -0.20771 0.54739
1403638199045097216 7.09835 -4.54841 1.80502 0.23024 0.77715 -0.21043 0.54658
1403638199145096960 7.13651 -4.43463 1.79912 0.22773 0.77696 -0.21298 0.54690
1403638199245096960 7.18698 -4.30868 1.80310 0.22448 0.77462 -0.21567 0.55051
1403638199345096960 7.23829 -4.17119 1.81638 0.22449 0.77162 -0.21596 0.55459
1403638199445096960 7.28874 -4.02246 1.83438 0.22918 0.77236 -0.21337 0.55264
1403638199545097216 7.34218 -3.86268 1.85933 0.23278 0.77649 -0.21104 0.54620
1403638199645096960 7.39977 -3.69227 1.89033 0.22863 0.77990 -0.20687 0.54469
1403638199745096960 7.45968 -3.51277 1.92865 0.21410 0.78196 -0.20562 0.54810
1403638199845096960 7.51729 -3.32586 1.96538 0.19508 0.78476 -0.20998 0.54954
1403638199945096960 7.57484 -3.13511 1.99722 0.18241 0.78682 -0.21143 0.55040
1403638200045097216 7.63202 -2.94126 2.02523 0.17427 0.78828 -0.20752 0.55243
1403638200145096960 7.69043 -2.74615 2.05032 0.17263 0.79107 -0.19381 0.55393
1403638200245096960 7.74863 -2.54750 2.07860 0.16913 0.78938 -0.17681 0.56303
1403638200345096960 7.80651 -2.34423 2.11365 0.16098 0.78807 -0.16028 0.57214
1403638200445096960 7.86128 -2.13628 2.15487 0.15688 0.78991 -0.14240 0.57546
1403638200545097216 7.91175 -1.92242 2.20295 0.15634 0.79308 -0.12619 0.57504
1403638200645096960 7.95936 -1.70011 2.25622 0.15341 0.79647 -0.10974 0.57451
1403638200745096960 8.00450 -1.46845 2.31324 0.15083 0.80049 -0.09385 0.57241
1403638200845096960 8.04555 -1.22713 2.36646 0.14476 0.80460 -0.08559 0.56951
1403638200945096960 8.08519 -0.97698 2.41230 0.13145 0.80667 -0.08708 0.56958
1403638201045097216 8.12361 -0.72056 2.45131 0.11623 0.80607 -0.09317 0.57277
1403638201145096960 8.16049 -0.46165 2.48108 0.10883 0.80598 -0.09670 0.57377
1403638201245096960 8.19487 -0.20232 2.50397 0.10384 0.80374 -0.10107 0.57707
1403638201345096960 8.22468 0.05745 2.51929 0.10468 0.80455 -0.10224 0.57557
1403638201445096960 8.25308 0.31734 2.52764 0.10717 0.80368 -0.10279 0.57623
1403638201545097216 8.27986 0.57702 2.52867 0.10901 0.80204 -0.10386 0.57798
1403638201645096960 8.30614 0.83646 2.52311 0.11086 0.79998 -0.10475 0.58032
1403638201745096960 8.33012 1.09681 2.50755 0.11097 0.79929 -0.10683 0.58087
1403638201845096960 8.35313 1.35875 2.48411 0.11038 0.79830 -0.10849 0.58204
1403638201945096960 8.37562 1.62419 2.45726 0.10961 0.79965 -0.10684 0.58062
1403638202045097216 8.39525 1.89370 2.43478 0.10325 0.80095 -0.10162 0.58094
1403638202145096960 8.41047 2.16235 2.41681 0.09088 0.80447 -0.10119 0.57822
1403638202245096960 8.42240 2.43230 2.40664 0.08000 0.80840 -0.10198 0.57418
1403638202345096960 8.43398 2.69669 2.40418 0.07315 0.81159 -0.10127 0.57072
1403638202445096960 8.44908 2.95724 2.40294 0.07144 0.81337 -0.09912 0.56876
1403638202545097216 8.46641 3.21285 2.39522 0.06844 0.81436 -0.09935 0.56768
1403638202645096960 8.48531 3.46305 2.38030 0.06616 0.81581 -0.10044 0.56568
1403638202745096960 8.50536 3.70482 2.35985 0.06619 0.81591 -0.10069 0.56548
1403638202845096960 8.52576 3.93950 2.33364 0.06797 0.81491 -0.10014 0.56681
1403638202945096960 8.54749 4.16878 2.30444 0.06857 0.81416 -0.10066 0.56772
1403638203045097216 8.56808 4.39177 2.27797 0.06761 0.81285 -0.10174 0.56952
1403638203145096960 8.58703 4.60727 2.25736 0.06942 0.81199 -0.10090 0.57068
1403638203245096960 8.60567 4.81861 2.24456 0.07333 0.80894 -0.09819 0.57498
1403638203345096960 8.62192 5.02489 2.23710 0.07177 0.80730 -0.09913 0.57731
1403638203445096960 8.63575 5.22695 2.22710 0.06978 0.80571 -0.09999 0.57963
1403638203545097216 8.64754 5.42302 2.21114 0.06797 0.80645 -0.10118 0.57860
1403638203645096960 8.65761 5.61481 2.19491 0.06644 0.80806 -0.10220 0.57634
1403638203745096960 8.66500 5.80202 2.18543 0.06553 0.80757 -0.10261 0.57707
1403638203845096960 8.66929 5.98483 2.18349 0.06655 0.80764 -0.10134 0.57708
1403638203945096960 8.67102 6.16469 2.18778 0.06661 0.80809 -0.10033 0.57662
1403638204045097216 8.66889 6.34194 2.19787 0.06439 0.80933 -0.10049 0.57509
1403638204145096960 8.66337 6.51539 2.21622 0.06134 0.81183 -0.10120 0.57178
1403638204245096960 8.65501 6.68422 2.24090 0.05464 0.81430 -0.10548 0.56816
1403638204345096960 8.64536 6.84385 2.27018 0.04253 0.81784 -0.11438 0.56235
1403638204445096960 8.63696 6.99450 2.30071 0.03488 0.82075 -0.12101 0.55724
1403638204545097216 8.62976 7.13429 2.32737 0.03294 0.82059 -0.12357 0.55702
1403638204645096960 8.62432 7.26651 2.34807 0.03148 0.81920 -0.12061 0.55979
1403638204745096960 8.61978 7.38912 2.36086 0.03307 0.82035 -0.10789 0.56062
1403638204845096960 8.61649 7.50291 2.36674 0.03678 0.82140 -0.08582 0.56266
1403638204945096960 8.61468 7.61148 2.36516 0.03559 0.82165 -0.05698 0.56602
1403638205045097216 8.61338 7.71847 2.35592 0.02521 0.82193 -0.02469 0.56849
1403638205145096960 8.61421 7.82391 2.34361 0.00488 0.82233 0.01093 0.56888
1403638205245096960 8.61550 7.93324 2.33732 -0.02142 0.81971 0.05036 0.57016
1403638205345096960 8.61837 8.04306 2.33878 -0.05074 0.81397 0.09040 0.57158
1403638205445096960 8.62039 8.15278 2.34813 -0.07560 0.80520 0.13042 0.57352
1403638205545097216 8.62057 8.26209 2.36423 -0.08716 0.79552 0.16692 0.57592
1403638205645096960 8.61492 8.37224 2.38767 -0.09067 0.78460 0.19479 0.58159
1403638205745096960 8.60313 8.48754 2.41695 -0.09369 0.77500 0.21455 0.58700
1403638205845096960 8.58012 8.60917 2.44965 -0.10332 0.76985 0.23081 0.58599
1403638205945096960 8.54758 8.73528 2.48666 -0.11750 0.76649 0.24749 0.58089
1403638206045097216 8.50682 8.86875 2.52949 -0.13600 0.76312 0.26398 0.57399
1403638206145096960 8.45386 9.00114 2.57750 -0.15358 0.75658 0.28110 0.57008
1403638206245096960 8.39101 9.13652 2.62628 -0.16927 0.74944 0.29759 0.56668
1403638206345096960 8.32454 9.27440 2.66863 -0.19056 0.74405 0.30738 0.56178
1403638206445096960 8.24709 9.40128 2.70785 -0.20726 0.74063 0.31204 0.55780
1403638206545097216 8.16841 9.52983 2.73896 -0.21846 0.73728 0.31425 0.55673
1403638206645096960 8.08722 9.65484 2.76336 -0.22461 0.73443 0.31630 0.55689
1403638206745096960 8.00091 9.77313 2.78073 -0.23123 0.73189 0.32228 0.55408
1403638206845096960 7.91052 9.88280 2.79136 -0.23709 0.72947 0.32877 0.55098
1403638206945096960 7.81565 9.98856 2.79545 -0.24325 0.72589 0.33178 0.55121
1403638207045097216 7.71862 10.09029 2.79346 -0.24856 0.72268 0.33292 0.55237
1403638207145096960 7.61835 10.18303 2.78431 -0.25092 0.72032 0.33404 0.55371
1403638207245096960 7.51329 10.26913 2.76773 -0.25507 0.71781 0.33658 0.55354
1403638207345096960 7.40373 10.34672 2.74437 -0.26280 0.71249 0.34296 0.55288
1403638207445096960 7.28764 10.42149 2.71946 -0.27278 0.70426 0.35416 0.55153
1403638207545097216 7.16698 10.48640 2.69954 -0.28462 0.69710 0.36895 0.54490
1403638207645096960 7.03677 10.54100 2.68742 -0.29232 0.69603 0.38335 0.53211
1403638207745096960 6.90807 10.58552 2.68098 -0.29809 0.69812 0.39386 0.51832
1403638207845096960 6.78087 10.62520 2.68286 -0.30155 0.70062 0.40086 0.50746
1403638207945096960 6.65738 10.66025 2.69219 -0.30169 0.70445 0.40595 0.49793
1403638208045097216 6.53687 10.69189 2.70397 -0.30113 0.70533 0.40812 0.49524
1403638208145096960 6.42068 10.71807 2.71251 -0.30471 0.70290 0.40538 0.49875
1403638208245096960 6.30320 10.74423 2.71277 -0.30616 0.69955 0.40275 0.50467
1403638208345096960 6.19121 10.76287 2.70577 -0.30369 0.70106 0.40260 0.50418
1403638208445096960 6.08040 10.77797 2.69259 -0.30031 0.70377 0.40418 0.50115
1403638208545097216 5.97259 10.78903 2.68163 -0.30225 0.70375 0.40862 0.49640
1403638208645096960 5.86331 10.79948 2.67627 -0.30691 0.69905 0.41801 0.49235
1403638208745096960 5.75942 10.80672 2.67893 -0.31454 0.69493 0.42456 0.48773
1403638208845096960 5.65874 10.80896 2.68661 -0.32054 0.69003 0.43031 0.48574
1403638208945096960 5.56049 10.80809 2.69223 -0.32314 0.68517 0.43622 0.48564
1403638209045097216 5.46565 10.80449 2.69093 -0.32550 0.68257 0.43955 0.48471
1403638209145096960 5.37310 10.79734 2.68225 -0.32731 0.68133 0.44169 0.48329
1403638209245096960 5.28364 10.78671 2.66709 -0.32844 0.68091 0.44262 0.48227
1403638209345096960 5.19736 10.77425 2.64526 -0.32974 0.68177 0.44253 0.48024
1403638209445096960 5.11419 10.75964 2.61750 -0.33123 0.68193 0.44215 0.47933
1403638209545097216 5.01351 10.75211 2.58604 -0.33303 0.68006 0.43992 0.48279
1403638209645096960 4.92936 10.73553 2.53501 -0.33412 0.68044 0.43808 0.48317
1403638209745096960 4.84164 10.71868 2.46415 -0.33229 0.68170 0.43792 0.48280
1403638209845096960 4.75860 10.69757 2.37769 -0.32878 0.67985 0.43966 0.48622
1403638209945096960 4.67093 10.67612 2.27998 -0.32844 0.67672 0.43886 0.49152
1403638210045097216 4.59336 10.64835 2.17894 -0.33042 0.67227 0.43702 0.49789
1403638210145096960 4.51096 10.61622 2.08290 -0.33439 0.66892 0.43374 0.50260
1403638210245096960 4.43496 10.57514 1.99360 -0.33704 0.66704 0.43178 0.50501
1403638210345096960 4.35394 10.52446 1.90815 -0.33559 0.66668 0.43255 0.50579
1403638210445096960 4.27375 10.46609 1.82252 -0.33542 0.66779 0.43252 0.50445
1403638210545097216 4.18983 10.40053 1.73223 -0.33669 0.66767 0.43111 0.50497
1403638210645096960 4.10653 10.32925 1.63712 -0.33775 0.66701 0.42968 0.50636
1403638210745096960 4.02389 10.25250 1.54046 -0.33896 0.66756 0.42826 0.50602
1403638210845096960 3.93918 10.16436 1.45043 -0.33864 0.66892 0.42823 0.50447
1403638210945096960 3.85643 10.07203 1.36629 -0.33678 0.67270 0.42983 0.49930
1403638211045097216 3.77315 9.97258 1.29224 -0.33619 0.67602 0.43081 0.49434
1403638211145096960 3.69254 9.86909 1.22821 -0.33475 0.67887 0.43236 0.49004
1403638211245096960 3.61683 9.76493 1.17171 -0.33440 0.68096 0.43300 0.48680
1403638211345096960 3.54566 9.65996 1.12228 -0.33227 0.68304 0.43165 0.48656
1403638211445096960 3.47587 9.55291 1.06992 -0.32737 0.68790 0.42501 0.48887
1403638211545097216 3.40867 9.43980 1.01152 -0.32067 0.69459 0.41450 0.49285
1403638211645096960 3.34539 9.32489 0.94826 -0.31468 0.70326 0.39816 0.49787
1403638211745096960 3.28578 9.20529 0.88036 -0.30511 0.71435 0.37831 0.50347
1403638211845096960 3.22897 9.08065 0.81145 -0.29521 0.72777 0.35443 0.50752
1403638211945096960 3.17710 8.95253 0.74861 -0.28249 0.73905 0.33143 0.51396
1403638212045097216 3.13096 8.81969 0.69410 -0.26877 0.74918 0.30979 0.52012
1403638212145096960 3.08864 8.68272 0.64795 -0.25174 0.75711 0.29091 0.52800
1403638212245096960 3.04956 8.54211 0.61139 -0.23423 0.76399 0.27176 0.53628
1403638212345096960 3.01010 8.39706 0.58340 -0.21805 0.77115 0.25243 0.54227
1403638212445096960 2.97474 8.25011 0.56159 -0.20075 0.77706 0.23342 0.54899
1403638212545097216 2.93095 8.09117 0.54652 -0.18811 0.78259 0.21105 0.55464
1403638212645096960 2.88871 7.92795 0.53545 -0.17383 0.78887 0.18938 0.55821
1403638212745096960 2.84676 7.76102 0.53056 -0.15585 0.79503 0.16960 0.56113
1403638212845096960 2.80548 7.59127 0.53285 -0.14033 0.79924 0.14638 0.56577
1403638212945096960 2.76600 7.41992 0.53918 -0.12444 0.80409 0.12162 0.56847
1403638213045097216 2.72953 7.24825 0.55284 -0.10665 0.80868 0.09620 0.57045
1403638213145096960 2.69704 7.07685 0.56892 -0.09132 0.81342 0.06844 0.57037
1403638213245096960 2.66735 6.90417 0.58026 -0.07826 0.82110 0.03899 0.56404
1403638213345096960 2.64253 6.72798 0.58553 -0.06815 0.82895 0.00750 0.55510
1403638213445096960 2.62427 6.54850 0.58576 -0.05956 0.83410 -0.02464 0.54784
1403638213545097216 2.61312 6.36175 0.58251 -0.04786 0.83442 -0.05263 0.54652
1403638213645096960 2.60792 6.16702 0.57912 -0.02439 0.82718 -0.06418 0.55772
1403638213745096960 2.60565 5.96708 0.57966 -0.00207 0.81855 -0.06676 0.57055
1403638213845096960 2.60606 5.76751 0.58626 0.01430 0.81381 -0.06666 0.57712
1403638213945096960 2.60633 5.56733 0.59757 0.02282 0.81302 -0.06622 0.57801
1403638214045097216 2.60392 5.36879 0.61334 0.02418 0.81577 -0.06616 0.57407
1403638214145096960 2.60124 5.17165 0.63258 0.02434 0.82236 -0.06443 0.56478
1403638214245096960 2.60240 4.97529 0.65351 0.02291 0.82907 -0.06140 0.55529
1403638214345096960 2.60801 4.77973 0.66818 0.02031 0.83388 -0.05841 0.54848
1403638214445096960 2.61894 4.58387 0.67703 0.01897 0.83557 -0.05390 0.54640
1403638214545097216 2.63406 4.38474 0.68024 0.01779 0.83049 -0.04945 0.55455
1403638214645096960 2.65121 4.18805 0.67834 0.01681 0.82415 -0.04544 0.56430
1403638214745096960 2.66801 3.99727 0.67249 0.01593 0.81787 -0.04155 0.57368
1403638214845096960 2.68336 3.80817 0.66081 0.01461 0.81389 -0.03831 0.57957
1403638214945096960 2.69699 3.62414 0.64326 0.01390 0.81145 -0.03590 0.58315
1403638215045097216 2.70993 3.44458 0.62049 0.01287 0.81070 -0.03470 0.58429
1403638215145096960 2.72143 3.26860 0.59331 0.01354 0.81103 -0.03298 0.58392
1403638215245096960 2.73230 3.09661 0.56319 0.01521 0.81314 -0.03169 0.58100
1403638215345096960 2.74328 2.92284 0.53130 0.01916 0.81493 -0.02921 0.57850
1403638215445096960 2.75585 2.75598 0.50222 0.02457 0.81462 -0.02548 0.57891
1403638215545097216 2.76762 2.59647 0.48195 0.02569 0.81493 -0.02501 0.57845
1403638215645096960 2.77854 2.44152 0.46983 0.02540 0.81294 -0.02504 0.58125
1403638215745096960 2.78757 2.29077 0.46258 0.02123 0.81241 -0.02808 0.58202
1403638215845096960 2.79393 2.14411 0.45321 0.02044 0.81227 -0.03381 0.58194
1403638215945096960 2.79627 2.00341 0.43709 0.02294 0.81191 -0.03840 0.58207
1403638216045097216 2.79591 1.86312 0.41604 0.02444 0.81171 -0.04240 0.58201
1403638216145096960 2.79379 1.72941 0.39430 0.02785 0.81164 -0.04412 0.58182
1403638216245096960 2.78719 1.60290 0.37973 0.03102 0.81034 -0.04500 0.58340
1403638216345096960 2.77882 1.47857 0.37201 0.03338 0.80941 -0.04560 0.58451
1403638216445096960 2.76816 1.35948 0.37131 0.03501 0.80824 -0.04616 0.58600
1403638216545097216 2.75482 1.24635 0.37287 0.03584 0.80859 -0.04639 0.58544
1403638216645096960 2.73927 1.13623 0.36779 0.03913 0.81008 -0.04499 0.58328
1403638216745096960 2.72350 1.03138 0.35343 0.04163 0.81145 -0.04320 0.58134
1403638216845096960 2.70644 0.92835 0.33683 0.04547 0.80785 -0.04456 0.58594
1403638216945096960 2.68861 0.83077 0.31343 0.05001 0.80521 -0.05165 0.58862
1403638217045097216 2.66703 0.73646 0.28867 0.05277 0.80509 -0.06512 0.58720
1403638217145096960 2.64221 0.64759 0.26096 0.05816 0.80667 -0.08062 0.58258
1403638217245096960 2.61575 0.56209 0.23191 0.06520 0.80783 -0.09217 0.57851
1403638217345096960 2.58911 0.48131 0.20822 0.07111 0.80835 -0.09991 0.57579
1403638217445096960 2.56063 0.40618 0.19376 0.07519 0.80900 -0.10547 0.57337
1403638217545097216 2.53090 0.33567 0.18698 0.08217 0.80979 -0.10626 0.57114
1403638217645096960 2.50121 0.27006 0.18892 0.08948 0.81064 -0.10375 0.56929
1403638217745096960 2.47212 0.21012 0.19823 0.09706 0.81161 -0.09957 0.56741
1403638217845096960 2.44325 0.15871 0.21397 0.10226 0.81325 -0.09567 0.56482
1403638217945096960 2.41796 0.11293 0.23209 0.10462 0.81196 -0.09262 0.56674
1403638218045097216 2.39510 0.07349 0.24316 0.10389 0.81023 -0.09073 0.56965
1403638218145096960 2.37320 0.04091 0.24814 0.10198 0.80879 -0.09023 0.57212
1403638218245096960 2.35214 0.01502 0.24755 0.10066 0.80611 -0.08864 0.57637
1403638218345096960 2.33423 -0.00553 0.24400 0.09610 0.80241 -0.08893 0.58224
1403638218445096960 2.31127 -0.01581 0.24587 0.08986 0.80200 -0.09059 0.58354
1403638218545097216 2.28985 -0.02303 0.25341 0.08687 0.80291 -0.09111 0.58265
1403638218645096960 2.26157 -0.02121 0.26829 0.08381 0.80485 -0.09214 0.58026
1403638218745096960 2.23223 -0.01563 0.28279 0.08382 0.80947 -0.09583 0.57319
1403638218845096960 2.20431 -0.00512 0.29381 0.08778 0.81258 -0.10306 0.56691
1403638218945096960 2.18139 0.00612 0.29606 0.08436 0.81257 -0.11495 0.56515
1403638219045097216 2.15943 0.02102 0.29465 0.07505 0.81026 -0.12911 0.56672
1403638219145096960 2.13463 0.03521 0.29123 0.07270 0.80751 -0.13675 0.56915
1403638219245096960 2.11425 0.04690 0.28381 0.08133 0.80345 -0.13457 0.57423
1403638219345096960 2.08755 0.05907 0.27540 0.09021 0.79735 -0.13090 0.58220
1403638219445096960 2.06436 0.07186 0.26754 0.09514 0.78983 -0.12857 0.59210
1403638219545097216 2.03580 0.08600 0.26411 0.09622 0.78783 -0.12797 0.59472
1403638219645096960 2.00134 0.10269 0.26452 0.09219 0.79017 -0.13044 0.59171
1403638219745096960 1.95828 0.12206 0.26773 0.08538 0.79279 -0.13475 0.58825
1403638219845096960 1.91142 0.14018 0.26623 0.07630 0.79585 -0.14065 0.58396
1403638219945096960 1.86036 0.15655 0.25990 0.06808 0.79790 -0.14635 0.58078
1403638220045097216 1.80773 0.16913 0.24617 0.06279 0.80019 -0.14989 0.57731
1403638220145096960 1.75248 0.17503 0.23367 0.06495 0.80249 -0.14825 0.57429
1403638220245096960 1.69828 0.17480 0.22744 0.07869 0.80485 -0.13906 0.57157
1403638220345096960 1.64025 0.17283 0.23086 0.09052 0.80704 -0.13079 0.56868
1403638220445096960 1.58113 0.17270 0.24051 0.09559 0.80774 -0.12761 0.56757
1403638220545097216 1.52488 0.17519 0.25364 0.09734 0.80725 -0.12704 0.56810
1403638220645096960 1.46548 0.18076 0.26751 0.09896 0.80688 -0.12745 0.56825
1403638220745096960 1.41157 0.18716 0.27385 0.09920 0.80670 -0.12893 0.56813
1403638220845096960 1.35714 0.19525 0.27315 0.09845 0.80613 -0.13070 0.56867
1403638220945096960 1.30334 0.20489 0.26460 0.09810 0.80674 -0.13254 0.56744
1403638221045097216 1.25106 0.21547 0.25065 0.09828 0.80731 -0.13310 0.56645
1403638221145096960 1.19508 0.22730 0.23657 0.09878 0.80803 -0.13397 0.56514
1403638221245096960 1.14592 0.24096 0.22740 0.09808 0.80941 -0.13508 0.56301
1403638221345096960 1.09611 0.25519 0.22510 0.09603 0.81081 -0.13707 0.56087
1403638221445096960 1.04389 0.26948 0.22743 0.09331 0.81126 -0.13968 0.56004
1403638221545097216 0.99804 0.28291 0.22554 0.09103 0.81111 -0.14170 0.56012
1403638221645096960 0.95413 0.29528 0.21816 0.09084 0.81000 -0.14249 0.56156
1403638221745096960 0.91326 0.30640 0.20901 0.08909 0.80733 -0.14402 0.56528
1403638221845096960 0.87401 0.31324 0.20569 0.08831 0.80627 -0.14376 0.56698
1403638221945096960 0.83284 0.32195 0.20694 0.09234 0.80509 -0.14025 0.56889
1403638222045097216 0.79371 0.32948 0.21673 0.09562 0.80549 -0.13771 0.56840
1403638222145096960 0.75462 0.33784 0.22810 0.09698 0.80876 -0.13668 0.56376
1403638222245096960 0.71555 0.34684 0.23421 0.09660 0.81240 -0.13734 0.55840
1403638222345096960 0.68029 0.35615 0.23464 0.09553 0.81575 -0.13830 0.55345
1403638222445096960 0.65199 0.36491 0.22896 0.09485 0.81839 -0.13917 0.54942
1403638222545097216 0.62365 0.37341 0.22012 0.09463 0.81801 -0.13926 0.55001
1403638222645096960 0.60327 0.38036 0.20793 0.09465 0.81235 -0.13912 0.55836
1403638222745096960 0.58239 0.38779 0.19362 0.09549 0.80870 -0.13863 0.56363
1403638222845096960 0.56278 0.39504 0.17683 0.09635 0.80613 -0.13793 0.56731
1403638222945096960 0.54752 0.40190 0.15908 0.09697 0.79857 -0.13705 0.57802
1403638223045097216 0.52459 0.41092 0.14315 0.09634 0.79819 -0.13692 0.57868
1403638223145096960 0.50343 0.41864 0.13220 0.09653 0.80405 -0.13712 0.57042
1403638223245096960 0.47496 0.43114 0.12508 0.08976 0.81379 -0.14241 0.55625
1403638223345096960 0.44900 0.43976 0.12032 0.08657 0.81598 -0.14481 0.55292
1403638223445096960 0.42006 0.44794 0.11581 0.08016 0.81231 -0.14928 0.55808
1403638223545097216 0.39994 0.45200 0.10664 0.07183 0.80752 -0.15515 0.56451
1403638223645096960 0.38066 0.45188 0.09606 0.07926 0.80668 -0.15026 0.56605
1403638223745096960 0.35875 0.44837 0.08704 0.09084 0.80762 -0.14239 0.56500
1403638223845096960 0.33772 0.44374 0.07301 0.09831 0.80879 -0.13718 0.56336
1403638223945096960 0.31745 0.44180 0.06091 0.10343 0.80915 -0.13360 0.56279
1403638224045097216 0.29797 0.44085 0.04281 0.10467 0.81136 -0.13267 0.55959
1403638224145096960 0.28143 0.44122 0.02349 0.10191 0.81695 -0.13420 0.55154
1403638224245096960 0.27321 0.44205 0.00694 0.09991 0.82029 -0.13566 0.54657
1403638224345096960 0.26916 0.44427 -0.00580 0.10017 0.81606 -0.13547 0.55286
1403638224445096960 0.27068 0.44815 -0.01712 0.09433 0.80967 -0.14002 0.56207
1403638224545097216 0.26888 0.45378 -0.02938 0.09488 0.80239 -0.13955 0.57245
1403638224645096960 0.26591 0.45937 -0.04429 0.09627 0.80475 -0.13836 0.56918
1403638224745096960 0.26155 0.46584 -0.06095 0.09489 0.81492 -0.13952 0.55447
1403638224845096960 0.26085 0.47265 -0.06924 0.09387 0.81770 -0.14014 0.55038
1403638224945096960 0.26711 0.47768 -0.06851 0.08718 0.81032 -0.14426 0.56123
1403638225045097216 0.27347 0.48151 -0.06418 0.08123 0.80372 -0.14722 0.57076
1403638225145096960 0.27850 0.48187 -0.05871 0.08549 0.80320 -0.14338 0.57184
1403638225245096960 0.28059 0.48135 -0.05412 0.08943 0.80995 -0.13956 0.56258
1403638225345096960 0.28325 0.48046 -0.04806 0.09210 0.81378 -0.13740 0.55713
1403638225445096960 0.28845 0.47937 -0.04427 0.09411 0.80978 -0.13578 0.56299
1403638225545097216 0.29448 0.47851 -0.04700 0.09745 0.79952 -0.13342 0.57746
1403638225645096960 0.29832 0.47885 -0.05672 0.10023 0.78916 -0.13126 0.59157
1403638225745096960 0.29684 0.48151 -0.07693 0.10096 0.79143 -0.13070 0.58853
1403638225845096960 0.29108 0.48686 -0.10641 0.09906 0.80276 -0.13230 0.57294
1403638225945096960 0.28535 0.49355 -0.14174 0.09700 0.81294 -0.13368 0.55843
1403638226045097216 0.28412 0.50352 -0.16726 0.09202 0.82316 -0.13421 0.54399
1403638226145096960 0.29356 0.51188 -0.15440 0.06898 0.82064 -0.14820 0.54757
1403638226245096960 0.30276 0.51752 -0.16441 0.09504 0.82606 -0.13262 0.53944
1403638226345096960 0.29866 0.53148 -0.17838 0.09343 0.82199 -0.13344 0.54570
1403638226445096960 0.30605 0.53032 -0.18166 0.09352 0.82172 -0.13370 0.54604
1403638226545097216 0.30755 0.52958 -0.18313 0.09337 0.82117 -0.13308 0.54704
1403638226645096960 0.30752 0.52955 -0.18325 0.09313 0.82120 -0.13363 0.54691
1403638226745096960 0.30737 0.52949 -0.18324 0.09272 0.82170 -0.13410 0.54610
1403638226845096960 0.30731 0.52959 -0.18330 0.09285 0.82152 -0.13378 0.54643
1403638226945096960 0.30739 0.52925 -0.18320 0.09331 0.82174 -0.13361 0.54606
1403638227045097216 0.30721 0.52925 -0.18319 0.09372 0.82179 -0.13314 0.54604
1403638227145096960 0.30716 0.52918 -0.18311 0.09345 0.82192 -0.13342 0.54581
1403638227245096960 0.30706 0.52929 -0.18313 0.09311 0.82200 -0.13349 0.54573
1403638227345096960 0.30707 0.52932 -0.18310 0.09262 0.82200 -0.13384 0.54573
1403638227445096960 0.30702 0.52932 -0.18307 0.09258 0.82206 -0.13384 0.54565
1403638227545097216 0.30697 0.52922 -0.18301 0.09266 0.82210 -0.13368 0.54562
1403638227645096960 0.30692 0.52915 -0.18293 0.09277 0.82213 -0.13359 0.54558
1403638227745096960 0.30688 0.52915 -0.18293 0.09262 0.82219 -0.13367 0.54549
1403638227845096960 0.30693 0.52913 -0.18293 0.09248 0.82224 -0.13371 0.54543
1403638227945096960 0.30690 0.52912 -0.18292 0.09227 0.82226 -0.13380 0.54541
1403638228045097216 0.30688 0.52911 -0.18289 0.09222 0.82228 -0.13386 0.54537
1403638228145096960 0.30687 0.52908 -0.18288 0.09222 0.82228 -0.13385 0.54537
1403638228245096960 0.30686 0.52904 -0.18287 0.09221 0.82230 -0.13383 0.54535
1403638228345096960 0.30689 0.52899 -0.18289 0.09217 0.82229 -0.13389 0.54536
1403638228445096960 0.30685 0.52900 -0.18290 0.09212 0.82235 -0.13388 0.54528
1403638228545097216 0.30684 0.52896 -0.18286 0.09201 0.82236 -0.13390 0.54528
1403638228645096960 0.30681 0.52898 -0.18283 0.09198 0.82241 -0.13391 0.54520
1403638228745096960 0.30680 0.52896 -0.18282 0.09192 0.82242 -0.13395 0.54519
1403638228845096960 0.30679 0.52895 -0.18278 0.09190 0.82244 -0.13396 0.54517
