1403715894034057984 -0.01680 0.02966 0.04474 0.03063 0.81805 -0.03505 0.57326
1403715894134057984 -0.02369 0.05026 0.07151 0.03548 0.82581 -0.03491 0.56174
1403715894234057984 -0.02467 0.06739 0.09612 0.04709 0.82148 -0.02846 0.56758
1403715894334057984 -0.02447 0.08387 0.12482 0.05877 0.81671 -0.02068 0.57368
1403715894434057984 -0.02535 0.10844 0.15976 0.06527 0.81486 -0.01788 0.57570
1403715894534057984 -0.02746 0.14084 0.18764 0.06311 0.81873 -0.02117 0.57031
1403715894634057984 -0.02615 0.17913 0.20806 0.06039 0.82207 -0.02472 0.56564
1403715894734057984 -0.02348 0.22196 0.22320 0.05392 0.82358 -0.02984 0.56384
1403715894834057984 -0.01814 0.26876 0.24302 0.04758 0.82059 -0.03429 0.56850
1403715894934057984 -0.00939 0.31954 0.27204 0.04515 0.81651 -0.03573 0.57445
1403715895034057984 -0.00059 0.37132 0.30438 0.04318 0.81417 -0.03680 0.57785
1403715895134057984 0.00837 0.42190 0.33311 0.04236 0.81375 -0.03789 0.57843
1403715895234057984 0.01640 0.47296 0.35829 0.03999 0.81397 -0.03999 0.57815
1403715895334057984 0.02467 0.52246 0.38214 0.03947 0.81388 -0.04055 0.57826
1403715895434057984 0.03195 0.57353 0.40436 0.03984 0.81358 -0.04073 0.57866
1403715895534057984 0.03933 0.62519 0.42686 0.03953 0.81411 -0.04131 0.57789
1403715895634057984 0.04947 0.67703 0.45056 0.03967 0.81439 -0.04181 0.57745
1403715895734057984 0.05673 0.72843 0.47251 0.03940 0.81485 -0.04251 0.57676
1403715895834057984 0.06426 0.77971 0.49375 0.03936 0.81503 -0.04298 0.57648
1403715895934057984 0.07354 0.83090 0.51478 0.03906 0.81494 -0.04313 0.57661
1403715896034057984 0.08325 0.88186 0.53484 0.03621 0.81541 -0.04523 0.57598
1403715896134057984 0.09565 0.93032 0.55264 0.02953 0.81607 -0.04919 0.57510
1403715896234057984 0.10404 0.97791 0.56943 0.01853 0.81478 -0.05673 0.57669
1403715896334057984 0.11133 1.01959 0.58663 0.00231 0.81090 -0.06767 0.58125
1403715896434057984 0.11612 1.05194 0.60419 -0.01092 0.80811 -0.07637 0.58396
1403715896534057984 0.11759 1.06943 0.62144 -0.02065 0.80503 -0.08226 0.58714
1403715896634057984 0.11584 1.07595 0.64062 -0.02687 0.80085 -0.08610 0.59203
1403715896734057984 0.10796 1.06333 0.66092 -0.03096 0.79854 -0.08785 0.59469
1403715896834057984 0.09551 1.03797 0.68073 -0.03667 0.80157 -0.09002 0.58995
1403715896934057984 0.07890 1.00019 0.69982 -0.04534 0.80430 -0.09517 0.58479
1403715897034057984 0.05858 0.94448 0.71825 -0.05883 0.80579 -0.10367 0.58007
1403715897134057984 0.03610 0.86951 0.74080 -0.06544 0.80635 -0.10823 0.57775
1403715897234057984 0.01348 0.77185 0.76570 -0.05899 0.80818 -0.10421 0.57663
1403715897334057984 -0.01114 0.65187 0.79107 -0.03557 0.81286 -0.08607 0.57497
1403715897434057984 -0.03464 0.51875 0.81571 -0.00877 0.81785 -0.06526 0.57166
1403715897534057984 -0.05490 0.37928 0.83975 0.00518 0.81950 -0.05278 0.57061
1403715897634057984 -0.07064 0.23675 0.85966 0.00175 0.81961 -0.05273 0.57049
1403715897734057984 -0.08561 0.09205 0.87719 -0.00835 0.81845 -0.05935 0.57145
1403715897834057984 -0.10043 -0.05772 0.89507 -0.01583 0.81584 -0.06459 0.57444
1403715897934057984 -0.10795 -0.21680 0.91075 -0.01626 0.81208 -0.06177 0.58003
1403715898034057984 -0.12131 -0.37985 0.92853 -0.00955 0.80788 -0.05630 0.58658
1403715898134057984 -0.13851 -0.54773 0.94597 0.00185 0.79991 -0.05155 0.59790
1403715898234057984 -0.15920 -0.71738 0.96074 0.01413 0.79375 -0.05283 0.60579
1403715898334057984 -0.18598 -0.88678 0.97016 0.02791 0.79356 -0.05963 0.60492
1403715898434057984 -0.21453 -1.05588 0.97125 0.04024 0.79839 -0.07130 0.59655
1403715898534057984 -0.24885 -1.22206 0.97070 0.05219 0.80476 -0.08747 0.58479
1403715898634057984 -0.28329 -1.38674 0.96764 0.06549 0.80837 -0.10460 0.57560
1403715898734057984 -0.31510 -1.54914 0.95568 0.07921 0.80439 -0.12232 0.57595
1403715898834057984 -0.34924 -1.70554 0.93126 0.09133 0.80340 -0.13748 0.57211
1403715898934057984 -0.37699 -1.86667 0.89496 0.09861 0.80337 -0.14856 0.56816
1403715899034057984 -0.40714 -2.01620 0.84818 0.10484 0.80272 -0.15604 0.56594
1403715899134057984 -0.43234 -2.17496 0.79366 0.10660 0.80616 -0.16124 0.55924
1403715899234057984 -0.45251 -2.32762 0.74021 0.11104 0.81370 -0.16124 0.54732
1403715899334057984 -0.46437 -2.47185 0.69579 0.11436 0.82238 -0.15803 0.53446
1403715899434057984 -0.47024 -2.60800 0.66568 0.12014 0.82924 -0.15255 0.52407
1403715899534057984 -0.46271 -2.73578 0.65063 0.11974 0.83027 -0.15022 0.52322
1403715899634057984 -0.44375 -2.85843 0.63866 0.11595 0.83038 -0.15013 0.52391
1403715899734057984 -0.41353 -2.97786 0.63006 0.11651 0.82988 -0.14637 0.52565
1403715899834057984 -0.36816 -3.09529 0.62060 0.12233 0.82652 -0.13729 0.53202
1403715899934057984 -0.31607 -3.20781 0.61421 0.13311 0.82218 -0.12542 0.53905
1403715900034057984 -0.25525 -3.31145 0.60787 0.14341 0.81966 -0.11470 0.54262
1403715900134057984 -0.18599 -3.40387 0.60167 0.14877 0.81864 -0.10859 0.54396
1403715900234057984 -0.11032 -3.48062 0.59557 0.15306 0.81784 -0.10384 0.54490
1403715900334057984 -0.02793 -3.54588 0.59089 0.15469 0.81801 -0.10152 0.54463
1403715900434057984 0.06198 -3.59282 0.58684 0.15330 0.81841 -0.10213 0.54431
1403715900534057984 0.15737 -3.62372 0.58473 0.13459 0.81454 -0.11569 0.55230
1403715900634057984 0.25782 -3.64494 0.58596 0.11891 0.80485 -0.12693 0.56742
1403715900734057984 0.35866 -3.66001 0.58847 0.10331 0.79087 -0.13809 0.58718
1403715900834057984 0.45456 -3.67151 0.59237 0.10405 0.77608 -0.13802 0.60648
1403715900934057984 0.54188 -3.67826 0.59777 0.11062 0.76646 -0.13450 0.61823
1403715901034057984 0.61549 -3.67849 0.60602 0.11474 0.75704 -0.13200 0.62953
1403715901134057984 0.67388 -3.67063 0.61704 0.11759 0.74820 -0.13051 0.63980
1403715901234057984 0.71483 -3.65380 0.63097 0.11860 0.74074 -0.13101 0.64814
1403715901334057984 0.73866 -3.62755 0.64765 0.11656 0.73947 -0.13468 0.64920
1403715901434057984 0.74571 -3.59319 0.66380 0.11052 0.74868 -0.14111 0.63824
1403715901534057984 0.73242 -3.55254 0.67784 0.10773 0.76147 -0.14564 0.62237
1403715901634057984 0.71236 -3.50764 0.69492 0.11090 0.76676 -0.14564 0.61528
1403715901734057984 0.67946 -3.45808 0.71117 0.11103 0.77089 -0.14672 0.60982
1403715901834057984 0.63802 -3.40551 0.72492 0.11026 0.77833 -0.14795 0.60012
1403715901934057984 0.59062 -3.35015 0.73717 0.10965 0.78356 -0.14808 0.59337
1403715902034057984 0.53817 -3.28922 0.74528 0.10850 0.78479 -0.14820 0.59192
1403715902134057984 0.48179 -3.22823 0.75467 0.11181 0.78379 -0.14508 0.59340
1403715902234057984 0.42160 -3.16488 0.76188 0.11809 0.78561 -0.13903 0.59122
1403715902334057984 0.35913 -3.09767 0.76683 0.12205 0.79132 -0.13479 0.58374
1403715902434057984 0.29586 -3.02539 0.77259 0.12277 0.79604 -0.13295 0.57755
1403715902534057984 0.23333 -2.94694 0.77794 0.11254 0.80020 -0.13934 0.57236
1403715902634057984 0.17272 -2.86507 0.78382 0.10076 0.80470 -0.14301 0.56731
1403715902734057984 0.11481 -2.78215 0.78743 0.08811 0.81121 -0.13976 0.56093
1403715902834057984 0.05500 -2.70488 0.78027 0.07516 0.81877 -0.12880 0.55441
1403715902934057984 0.00833 -2.62626 0.76358 0.06431 0.82570 -0.11276 0.54897
1403715903034057984 -0.03287 -2.54944 0.74418 0.05676 0.82870 -0.09050 0.54940
1403715903134057984 -0.06581 -2.47514 0.72661 0.05073 0.83009 -0.06464 0.55155
1403715903234057984 -0.09582 -2.39882 0.71094 0.04418 0.83114 -0.04363 0.55258
1403715903334057984 -0.11434 -2.32393 0.69640 0.03279 0.83583 -0.03314 0.54700
1403715903434057984 -0.12743 -2.24567 0.68613 0.01910 0.84106 -0.02413 0.54007
1403715903534057984 -0.12704 -2.16707 0.69025 0.00544 0.84367 -0.01064 0.53672
1403715903634057984 -0.11194 -2.09146 0.70986 -0.00882 0.84369 0.00816 0.53669
1403715903734057984 -0.08356 -2.02177 0.74679 -0.02390 0.83983 0.03108 0.54143
1403715903834057984 -0.04477 -1.95210 0.79537 -0.04814 0.83192 0.05196 0.55036
1403715903934057984 0.00195 -1.88663 0.85428 -0.07379 0.82179 0.07792 0.55959
1403715904034057984 0.05304 -1.82343 0.91188 -0.09912 0.81118 0.10864 0.56600
1403715904134057984 0.10432 -1.76175 0.96710 -0.12598 0.80213 0.14006 0.56666
1403715904234057984 0.15543 -1.70703 1.01839 -0.14628 0.79379 0.17698 0.56318
1403715904334057984 0.20265 -1.64942 1.06769 -0.15969 0.78108 0.21766 0.56306
1403715904434057984 0.25338 -1.59967 1.10824 -0.17514 0.76692 0.25292 0.56319
1403715904534057984 0.30407 -1.54591 1.13569 -0.18602 0.75390 0.28430 0.56233
1403715904634057984 0.34397 -1.49114 1.15360 -0.19633 0.73772 0.31560 0.56358
1403715904734057984 0.38088 -1.43452 1.15879 -0.21639 0.72389 0.34099 0.55937
1403715904834057984 0.40752 -1.37657 1.15160 -0.24754 0.71415 0.36308 0.54487
1403715904934057984 0.42377 -1.31838 1.13551 -0.27870 0.69864 0.38822 0.53246
1403715905034057984 0.44552 -1.26394 1.10414 -0.30789 0.67815 0.41545 0.52223
1403715905134057984 0.45486 -1.21563 1.06289 -0.33484 0.65254 0.44215 0.51631
1403715905234057984 0.45927 -1.17479 1.01499 -0.35386 0.62684 0.46807 0.51260
1403715905334057984 0.45865 -1.14762 0.96485 -0.36057 0.61252 0.49780 0.49699
1403715905434057984 0.44633 -1.13001 0.91570 -0.36602 0.60034 0.52551 0.47902
1403715905534057984 0.42332 -1.12421 0.86972 -0.37359 0.58831 0.55117 0.45884
1403715905634057984 0.39171 -1.12187 0.82603 -0.39074 0.57881 0.57015 0.43270
1403715905734057984 0.35313 -1.12444 0.78654 -0.41435 0.56774 0.58703 0.40173
1403715905834057984 0.31436 -1.13240 0.74795 -0.43527 0.54928 0.60831 0.37254
1403715905934057984 0.27634 -1.13942 0.70995 -0.44607 0.52757 0.63793 0.34021
1403715906034057984 0.23988 -1.14404 0.67389 -0.45106 0.49870 0.67133 0.31171
1403715906134057984 0.20506 -1.13938 0.64196 -0.46076 0.45934 0.69998 0.29451
1403715906234057984 0.16773 -1.13026 0.61542 -0.47571 0.41013 0.72285 0.28807
1403715906334057984 0.12577 -1.12176 0.58965 -0.48894 0.36586 0.74353 0.27250
1403715906434057984 0.07636 -1.11331 0.56423 0.50080 -0.32454 -0.76151 -0.25294
1403715906534057984 0.02231 -1.10759 0.53945 0.51698 -0.28465 -0.77322 -0.23202
1403715906634057984 -0.03695 -1.09773 0.52251 0.53327 -0.25207 -0.78176 -0.20232
1403715906734057984 -0.10134 -1.09349 0.51938 0.54917 -0.22233 -0.78806 -0.16718
1403715906834057984 -0.16475 -1.09324 0.52582 0.56021 -0.18980 -0.79539 -0.13223
1403715906934057984 -0.22413 -1.09682 0.52834 0.57075 -0.15189 -0.80055 -0.10141
1403715907034057984 -0.28045 -1.10220 0.52005 0.57914 -0.11006 -0.80432 -0.07453
1403715907134057984 -0.33258 -1.11018 0.50410 0.58044 -0.06052 -0.81018 -0.05510
1403715907234057984 -0.38217 -1.12256 0.49682 0.58110 -0.00991 -0.81318 -0.03101
1403715907334057984 -0.42877 -1.14117 0.50321 0.58054 0.03763 -0.81336 -0.00054
1403715907434057984 -0.46794 -1.16693 0.52255 0.58070 0.08592 -0.80913 0.02666
1403715907534057984 -0.50818 -1.19872 0.54601 0.57824 0.12995 -0.80384 0.05094
1403715907634057984 -0.53973 -1.23538 0.57015 0.57456 0.16671 -0.79760 0.07699
1403715907734057984 -0.56194 -1.27571 0.59471 0.57424 0.19652 -0.78761 0.10632
1403715907834057984 -0.58317 -1.32235 0.61631 0.57428 0.22409 -0.77567 0.13535
1403715907934057984 -0.59581 -1.37060 0.63496 0.57036 0.24877 -0.76464 0.16773
1403715908034057984 -0.60003 -1.41785 0.65144 0.56293 0.27585 -0.75296 0.20017
1403715908134057984 -0.59427 -1.45987 0.66608 0.55459 0.30672 -0.73827 0.23089
1403715908234057984 -0.58509 -1.50073 0.67675 0.54228 0.34128 -0.72272 0.25911
1403715908334057984 -0.56836 -1.53558 0.68664 0.52723 0.37693 -0.70574 0.28616
1403715908434057984 -0.54830 -1.56746 0.69695 0.51068 0.41234 -0.68679 0.31225
1403715908534057984 -0.52543 -1.59354 0.70640 -0.49412 -0.44832 0.66409 -0.33741
1403715908634057984 -0.49857 -1.61340 0.71704 -0.47788 -0.48482 0.63744 -0.36090
1403715908734057984 -0.46507 -1.62164 0.72710 -0.46334 -0.51808 0.60721 -0.38497
1403715908834057984 -0.43053 -1.62413 0.73392 -0.44544 -0.54616 0.57889 -0.41010
1403715908934057984 -0.39608 -1.62065 0.73556 0.42169 0.57549 -0.55454 0.42834
1403715909034057984 -0.36095 -1.60975 0.73549 0.39958 0.60745 -0.52820 0.43856
1403715909134057984 -0.32417 -1.59449 0.73428 0.37976 0.63652 -0.50094 0.44686
1403715909234057984 -0.28493 -1.57637 0.73026 0.35896 0.66031 -0.47565 0.45704
1403715909334057984 -0.24143 -1.55606 0.72383 0.33902 0.67934 -0.45089 0.46932
1403715909434057984 -0.19444 -1.53448 0.71541 0.32282 0.69718 -0.42458 0.47902
1403715909534057984 -0.14419 -1.50853 0.70254 0.31221 0.71476 -0.39271 0.48726
1403715909634057984 -0.08625 -1.48013 0.68684 0.29684 0.73257 -0.35952 0.49597
1403715909734057984 -0.02298 -1.44610 0.66978 0.27281 0.74729 -0.32660 0.51035
1403715909834057984 0.04513 -1.40463 0.65013 0.24277 0.76101 -0.29069 0.52671
1403715909934057984 0.11866 -1.35664 0.62924 0.20535 0.76897 -0.25180 0.55055
1403715910034057984 0.18961 -1.29984 0.60877 0.16674 0.77527 -0.20653 0.57315
1403715910134057984 0.25473 -1.24010 0.58405 0.12880 0.78479 -0.15701 0.58555
1403715910234057984 0.31488 -1.17288 0.55988 0.09321 0.79556 -0.10872 0.58870
1403715910334057984 0.36724 -1.10653 0.53527 0.06033 0.80075 -0.06471 0.59242
1403715910434057984 0.40942 -1.03798 0.51413 0.03245 0.79887 -0.02447 0.60013
1403715910534057984 0.44005 -0.96997 0.49486 0.00741 0.79311 0.01282 0.60889
1403715910634057984 0.46212 -0.89943 0.47784 -0.01743 0.78944 0.04612 0.61184
1403715910734057984 0.47491 -0.82849 0.46307 -0.04294 0.78805 0.07627 0.60935
1403715910834057984 0.47679 -0.75757 0.45209 -0.06694 0.78453 0.10578 0.60733
1403715910934057984 0.46975 -0.68648 0.44215 -0.09162 0.78066 0.13442 0.60342
1403715911034057984 0.44992 -0.61934 0.43270 -0.11765 0.77615 0.16200 0.59792
1403715911134057984 0.42050 -0.55540 0.42392 -0.14444 0.76542 0.18873 0.59803
1403715911234057984 0.38373 -0.49301 0.41426 -0.17036 0.75437 0.21660 0.59581
1403715911334057984 0.33796 -0.43535 0.40534 -0.19447 0.74637 0.24622 0.58693
1403715911434057984 0.28422 -0.38329 0.39439 -0.21779 0.73989 0.27470 0.57416
1403715911534057984 0.22439 -0.33609 0.37989 -0.23861 0.73665 0.30133 0.55643
1403715911634057984 0.15667 -0.29609 0.36687 -0.25261 0.73376 0.33057 0.53713
1403715911734057984 0.08778 -0.26574 0.35882 -0.26077 0.72558 0.36233 0.52369
1403715911834057984 0.01784 -0.23043 0.36295 -0.27003 0.71412 0.39057 0.51437
1403715911934057984 -0.05587 -0.19915 0.37984 -0.28244 0.70173 0.41355 0.50674
1403715912034057984 -0.12743 -0.16812 0.40913 -0.29673 0.69138 0.43101 0.49817
1403715912134057984 -0.20198 -0.13847 0.44274 -0.31247 0.68335 0.44344 0.48862
1403715912234057984 -0.27839 -0.11117 0.47543 -0.32666 0.67516 0.45535 0.47969
1403715912334057984 -0.35234 -0.08682 0.50620 -0.33969 0.66560 0.46760 0.47217
1403715912434057984 -0.42388 -0.06540 0.53483 -0.35053 0.65602 0.48172 0.46338
1403715912534057984 -0.49802 -0.04523 0.56154 -0.36226 0.64470 0.49703 0.45398
1403715912634057984 -0.57226 -0.02492 0.58763 -0.37527 0.63174 0.51456 0.44193
1403715912734057984 -0.64363 -0.00808 0.61317 -0.39026 0.61429 0.53474 0.42942
1403715912834057984 -0.71652 0.00726 0.63898 -0.40719 0.59256 0.55836 0.41389
1403715912934057984 -0.78829 0.01998 0.65580 -0.42512 0.56648 0.58470 0.39561
1403715913034057984 -0.85962 0.03042 0.65780 -0.44345 0.53934 0.60938 0.37566
1403715913134057984 -0.93211 0.03982 0.64751 -0.45935 0.51046 0.63320 0.35706
1403715913234057984 -1.00797 0.04702 0.63365 -0.47775 0.47979 0.65213 0.34098
1403715913334057984 -1.07582 0.04997 0.62043 -0.49202 0.44547 0.66936 0.33381
1403715913434057984 -1.14166 0.04958 0.60855 -0.49965 0.41506 0.68328 0.33346
1403715913534057984 -1.20478 0.03503 0.59805 0.50563 -0.39100 -0.69048 -0.33866
1403715913634057984 -1.26642 0.01412 0.58673 0.50364 -0.36851 -0.69705 -0.35308
1403715913734057984 -1.33478 -0.01822 0.57923 0.50134 -0.35784 -0.70059 -0.36026
1403715913834057984 -1.40883 -0.06160 0.57009 -0.49714 0.36284 0.70471 0.35296
1403715913934057984 -1.49240 -0.11960 0.56505 -0.49159 0.37388 0.70846 0.34153
1403715914034057984 -1.58229 -0.19110 0.56268 -0.48788 0.38228 0.70943 0.33548
1403715914134057984 -1.67597 -0.27051 0.56486 -0.48336 0.38643 0.70941 0.33729
1403715914234057984 -1.77565 -0.35651 0.56719 -0.48211 0.40162 0.70547 0.32952
1403715914334057984 -1.87847 -0.44640 0.57052 -0.47405 0.42656 0.70223 0.31653
1403715914434057984 -1.98212 -0.53540 0.57678 -0.45920 0.45179 0.70042 0.30731
1403715914534057984 -2.08837 -0.62143 0.58443 -0.44411 0.47261 0.69684 0.30628
1403715914634057984 -2.19748 -0.69965 0.59292 -0.43371 0.49535 0.68806 0.30512
1403715914734057984 -2.30885 -0.76840 0.59957 -0.42739 0.52543 0.67323 0.29669
1403715914834057984 -2.41755 -0.82309 0.60384 -0.42636 0.55949 0.65376 0.27890
1403715914934057984 -2.51651 -0.85976 0.60956 -0.42579 0.58426 0.63765 0.26599
1403715915034057984 -2.60277 -0.87335 0.61558 -0.42629 0.59835 0.62607 0.26133
1403715915134057984 -2.67962 -0.86821 0.62372 -0.42729 0.60547 0.61873 0.26077
1403715915234057984 -2.73975 -0.84168 0.63336 -0.43136 0.60117 0.61453 0.27363
1403715915334057984 -2.78458 -0.79639 0.64648 -0.43278 0.58203 0.61757 0.30423
1403715915434057984 -2.82049 -0.73782 0.65009 -0.43011 0.56147 0.62396 0.33231
1403715915534057984 -2.85328 -0.67209 0.63762 -0.43014 0.54843 0.62699 0.34798
1403715915634057984 -2.88191 -0.60256 0.61110 -0.42874 0.53723 0.63092 0.35987
1403715915734057984 -2.90886 -0.53124 0.58099 -0.42592 0.53088 0.63580 0.36403
1403715915834057984 -2.94012 -0.45749 0.54829 -0.42335 0.53398 0.63978 0.35541
1403715915934057984 -2.97143 -0.38120 0.51527 -0.42032 0.53753 0.64396 0.34600
1403715916034057984 -3.00189 -0.29847 0.48482 -0.42521 0.53571 0.64279 0.34502
1403715916134057984 -3.03279 -0.21272 0.45491 -0.42849 0.53532 0.63808 0.35026
1403715916234057984 -3.06038 -0.12362 0.42544 -0.42950 0.54068 0.62697 0.36070
1403715916334057984 -3.08710 -0.03301 0.39627 -0.42431 0.55225 0.61234 0.37420
1403715916434057984 -3.11311 0.05733 0.36850 -0.41834 0.56871 0.59337 0.38662
1403715916534057984 -3.13759 0.14791 0.34011 -0.40838 0.59067 0.57270 0.39541
1403715916634057984 -3.15765 0.23644 0.31477 -0.39661 0.61301 0.55012 0.40533
1403715916734057984 -3.17550 0.32609 0.28826 -0.38952 0.63514 0.52560 0.41063
1403715916834057984 -3.18717 0.41490 0.26516 -0.38579 0.65359 0.50362 0.41274
1403715916934057984 -3.19201 0.50416 0.24583 -0.38895 0.66786 0.48127 0.41359
1403715917034057984 -3.18360 0.58887 0.23241 -0.39161 0.67620 0.46405 0.41720
1403715917134057984 -3.16240 0.67312 0.22733 -0.39026 0.67039 0.45214 0.44027
1403715917234057984 -3.13118 0.75213 0.22736 -0.37375 0.65467 0.44773 0.48090
1403715917334057984 -3.09964 0.82007 0.22399 -0.35616 0.64883 0.44057 0.50801
1403715917434057984 -3.07151 0.87640 0.22078 -0.34535 0.65057 0.43370 0.51903
1403715917534057984 -3.04931 0.92072 0.21634 -0.34015 0.66458 0.42895 0.50856
1403715917634057984 -3.03069 0.95950 0.20655 -0.34207 0.67850 0.42328 0.49342
1403715917734057984 -3.01040 0.98885 0.19427 -0.35208 0.68048 0.41465 0.49098
1403715917834057984 -2.98906 1.00924 0.17682 -0.36008 0.67344 0.40940 0.49921
1403715917934057984 -2.96903 1.01454 0.16501 -0.36319 0.66512 0.40917 0.50822
1403715918034057984 -2.94731 1.00654 0.15693 -0.35830 0.65807 0.41465 0.51636
1403715918134057984 -2.92611 0.99059 0.14886 -0.34163 0.65789 0.42071 0.52295
1403715918234057984 -2.91056 0.96004 0.14327 -0.33005 0.66144 0.41593 0.52968
1403715918334057984 -2.89840 0.92534 0.13019 -0.32850 0.67451 0.39992 0.52648
1403715918434057984 -2.89066 0.87904 0.10554 -0.32646 0.69744 0.38221 0.51080
1403715918534057984 -2.88381 0.82331 0.06971 -0.32011 0.71799 0.36641 0.49777
1403715918634057984 -2.87218 0.76155 0.02536 -0.31184 0.73098 0.35384 0.49318
1403715918734057984 -2.84931 0.69805 -0.01507 -0.29581 0.73674 0.35254 0.49540
1403715918834057984 -2.82446 0.62958 -0.03950 -0.27306 0.73890 0.36088 0.49923
1403715918934057984 -2.79826 0.56105 -0.05219 -0.25178 0.74498 0.37233 0.49292
1403715919034057984 -2.76985 0.49751 -0.05123 -0.23845 0.75287 0.38035 0.48132
1403715919134057984 -2.73693 0.44402 -0.04070 -0.22541 0.75361 0.39031 0.47845
1403715919234057984 -2.70244 0.40362 -0.02520 -0.21210 0.74361 0.40267 0.48980
1403715919334057984 -2.67060 0.37855 -0.00822 -0.20427 0.72783 0.41246 0.50835
1403715919434057984 -2.64688 0.36790 -0.00067 -0.21459 0.72334 0.40768 0.51432
1403715919534057984 -2.62729 0.36672 -0.00794 -0.23071 0.72409 0.39742 0.51432
1403715919634057984 -2.61057 0.37444 -0.02900 -0.24145 0.72502 0.38954 0.51410
1403715919734057984 -2.59792 0.38569 -0.06062 -0.24299 0.72506 0.38743 0.51492
1403715919834057984 -2.58734 0.40311 -0.10034 -0.23900 0.72306 0.38928 0.51819
1403715919934057984 -2.58351 0.42370 -0.14283 -0.23614 0.72369 0.39136 0.51705
1403715920034057984 -2.58321 0.45072 -0.17822 -0.23496 0.72951 0.39321 0.50793
1403715920134057984 -2.58637 0.48426 -0.19989 -0.23620 0.73442 0.39394 0.49964
1403715920234057984 -2.59111 0.52486 -0.20701 -0.24092 0.73749 0.39275 0.49378
1403715920334057984 -2.59490 0.57446 -0.19808 -0.25425 0.73440 0.38966 0.49414
1403715920434057984 -2.59769 0.62838 -0.18037 -0.26773 0.72926 0.38687 0.49682
1403715920534057984 -2.59849 0.68442 -0.16055 -0.28064 0.72253 0.38346 0.50215
1403715920634057984 -2.60032 0.73836 -0.14188 -0.29198 0.71562 0.37930 0.50870
1403715920734057984 -2.60262 0.78744 -0.12039 -0.30146 0.70764 0.37778 0.51540
1403715920834057984 -2.60618 0.82957 -0.08837 -0.30954 0.70017 0.38225 0.51753
1403715920934057984 -2.61049 0.86154 -0.04594 -0.31721 0.69741 0.39168 0.50950
1403715921034057984 -2.61712 0.88490 0.00361 -0.32297 0.69990 0.40536 0.49144
1403715921134057984 -2.62142 0.90243 0.05814 -0.32566 0.69886 0.42158 0.47729
1403715921234057984 -2.62144 0.91682 0.11395 -0.32769 0.69424 0.43415 0.47134
1403715921334057984 -2.61775 0.93109 0.16827 -0.32439 0.68927 0.44607 0.46979
1403715921434057984 -2.61180 0.94535 0.22113 -0.31787 0.68538 0.45698 0.46944
1403715921534057984 -2.60514 0.96264 0.27712 -0.31483 0.68351 0.46220 0.46911
1403715921634057984 -2.59842 0.98236 0.34125 -0.31375 0.68205 0.46390 0.47028
1403715921734057984 -2.59252 1.00627 0.41609 -0.31442 0.68367 0.46253 0.46883
1403715921834057984 -2.58917 1.03385 0.49481 -0.32064 0.68633 0.45651 0.46662
1403715921934057984 -2.58365 1.06173 0.56179 -0.32498 0.68790 0.45138 0.46630
1403715922034057984 -2.57633 1.09043 0.61969 -0.32504 0.68855 0.44876 0.46782
1403715922134057984 -2.56833 1.11827 0.67766 -0.32654 0.68646 0.44539 0.47305
1403715922234057984 -2.55808 1.14544 0.74579 -0.33081 0.68284 0.44053 0.47982
1403715922334057984 -2.54792 1.16920 0.82572 -0.33294 0.67871 0.43811 0.48637
1403715922434057984 -2.53885 1.18783 0.90807 -0.32856 0.67531 0.44136 0.49113
1403715922534057984 -2.53069 1.20234 0.98803 -0.32939 0.67490 0.44165 0.49088
1403715922634057984 -2.52471 1.21316 1.06478 -0.33508 0.67479 0.43836 0.49012
1403715922734057984 -2.51907 1.21807 1.12988 -0.33602 0.67445 0.43814 0.49014
1403715922834057984 -2.51430 1.21995 1.18190 -0.33108 0.67309 0.44235 0.49160
1403715922934057984 -2.51138 1.21955 1.21960 -0.32610 0.67222 0.44635 0.49250
1403715923034057984 -2.51218 1.21995 1.25254 -0.32294 0.67127 0.44865 0.49378
1403715923134057984 -2.51625 1.21491 1.28215 -0.31991 0.67226 0.45079 0.49246
1403715923234057984 -2.52476 1.20742 1.31806 -0.31512 0.67588 0.45418 0.48746
1403715923334057984 -2.53687 1.19937 1.36606 -0.31581 0.68136 0.45418 0.47930
1403715923434057984 -2.55095 1.19414 1.41773 -0.32423 0.68746 0.44874 0.47000
1403715923534057984 -2.56270 1.18680 1.45614 -0.33474 0.69243 0.44149 0.46214
1403715923634057984 -2.57083 1.17938 1.48003 -0.34475 0.69525 0.43446 0.45719
1403715923734057984 -2.57431 1.16958 1.47952 -0.35192 0.69567 0.42965 0.45563
1403715923834057984 -2.57389 1.15676 1.45297 -0.35646 0.69274 0.42665 0.45937
1403715923934057984 -2.56509 1.14089 1.41707 -0.36108 0.68499 0.42367 0.47001
1403715924034057984 -2.55144 1.12122 1.36558 -0.36093 0.67746 0.42421 0.48045
1403715924134057984 -2.53648 1.09361 1.30658 -0.35534 0.67180 0.42805 0.48907
1403715924234057984 -2.52125 1.05575 1.24757 -0.34808 0.67037 0.43324 0.49168
1403715924334057984 -2.50586 1.01147 1.18984 -0.34171 0.67198 0.43758 0.49012
1403715924434057984 -2.49084 0.96304 1.13372 -0.33532 0.67680 0.44141 0.48442
1403715924534057984 -2.47557 0.91221 1.07831 -0.32783 0.68423 0.44567 0.47512
1403715924634057984 -2.45886 0.86134 1.02453 -0.32641 0.69089 0.44409 0.46787
1403715924734057984 -2.43902 0.80931 0.97127 -0.32890 0.69952 0.43225 0.46439
1403715924834057984 -2.41294 0.75704 0.91887 -0.32734 0.70762 0.41561 0.46839
1403715924934057984 -2.37913 0.70382 0.86669 -0.32040 0.71611 0.39480 0.47818
1403715925034057984 -2.33860 0.64581 0.81758 -0.30782 0.71999 0.37211 0.49839
1403715925134057984 -2.29545 0.58379 0.77997 -0.29116 0.72048 0.34925 0.52361
1403715925234057984 -2.25161 0.51553 0.75544 -0.27452 0.72683 0.32534 0.53899
1403715925334057984 -2.21194 0.44067 0.74405 -0.25913 0.74056 0.29970 0.54277
1403715925434057984 -2.17490 0.35843 0.74029 -0.24400 0.75845 0.27270 0.53930
1403715925534057984 -2.13763 0.27008 0.73866 -0.22705 0.77619 0.24684 0.53390
1403715925634057984 -2.10007 0.17540 0.73659 -0.20836 0.78848 0.22122 0.53475
1403715925734057984 -2.05793 0.07521 0.73667 -0.18963 0.79583 0.19453 0.54116
1403715925834057984 -2.01389 -0.03112 0.73535 -0.17059 0.80178 0.16703 0.54786
1403715925934057984 -1.96786 -0.14110 0.73394 -0.14840 0.80506 0.14043 0.55689
1403715926034057984 -1.92086 -0.25388 0.73145 -0.12596 0.80603 0.11224 0.56731
1403715926134057984 -1.87525 -0.37042 0.72169 -0.10799 0.80294 0.07777 0.58102
1403715926234057984 -1.83383 -0.49149 0.69686 -0.08801 0.79950 0.04208 0.59270
1403715926334057984 -1.79991 -0.61858 0.66011 -0.06400 0.79585 0.00822 0.60205
1403715926434057984 -1.77199 -0.75147 0.61805 -0.03404 0.79018 -0.02113 0.61156
1403715926534057984 -1.75323 -0.88926 0.57449 -0.00258 0.78334 -0.04779 0.61975
1403715926634057984 -1.74427 -1.02607 0.52665 0.02657 0.78498 -0.07427 0.61447
1403715926734057984 -1.74550 -1.16290 0.47940 0.05196 0.79104 -0.10176 0.60100
1403715926834057984 -1.75438 -1.29686 0.43722 0.08094 0.79732 -0.12300 0.58532
1403715926934057984 -1.77138 -1.42535 0.40866 0.10441 0.80100 -0.14304 0.57187
1403715927034057984 -1.78724 -1.54720 0.39323 0.12258 0.80061 -0.16241 0.56358
1403715927134057984 -1.80336 -1.66351 0.38406 0.14135 0.79315 -0.17906 0.56468
1403715927234057984 -1.81614 -1.77399 0.37039 0.17247 0.78431 -0.18630 0.56604
1403715927334057984 -1.82964 -1.87456 0.36046 0.20303 0.77527 -0.19180 0.56652
1403715927434057984 -1.84529 -1.95974 0.35484 0.22607 0.76072 -0.20121 0.57421
1403715927534057984 -1.86189 -2.02746 0.34916 0.23231 0.74157 -0.22334 0.58841
1403715927634057984 -1.88524 -2.07783 0.34287 0.23615 0.72211 -0.25071 0.59994
1403715927734057984 -1.91785 -2.11691 0.33512 0.24799 0.70774 -0.27899 0.59981
1403715927834057984 -1.96036 -2.14414 0.32422 0.27235 0.69894 -0.30530 0.58660
1403715927934057984 -2.01360 -2.15643 0.31195 0.30025 0.69143 -0.33288 0.56654
1403715928034057984 -2.07228 -2.15434 0.29415 0.32601 0.68235 -0.36459 0.54331
1403715928134057984 -2.13484 -2.13398 0.26484 0.34193 0.66798 -0.40502 0.52235
1403715928234057984 -2.20035 -2.09920 0.22397 0.35726 0.64757 -0.44679 0.50338
1403715928334057984 -2.26698 -2.05627 0.17471 0.38029 0.61743 -0.48066 0.49307
1403715928434057984 -2.33616 -2.00227 0.12278 0.40404 0.58634 -0.50870 0.48393
1403715928534057984 -2.40608 -1.93420 0.06603 0.41473 0.56417 -0.54018 0.46681
1403715928634057984 -2.47708 -1.85555 0.01201 -0.41759 -0.55059 0.56738 -0.44783
1403715928734057984 -2.54685 -1.76751 -0.03058 -0.41626 -0.55024 0.58645 -0.42431
1403715928834057984 -2.61720 -1.67558 -0.05551 -0.39950 -0.56367 0.60483 -0.39606
1403715928934057984 -2.68556 -1.59015 -0.05516 -0.37580 -0.58382 0.61345 -0.37631
1403715929034057984 -2.74765 -1.51622 -0.02569 -0.35086 -0.60654 0.61314 -0.36479
1403715929134057984 -2.80870 -1.46720 0.02725 0.33099 0.62653 -0.60803 0.35805
1403715929234057984 -2.86478 -1.44578 0.08189 0.31961 0.64543 -0.59818 0.35134
1403715929334057984 -2.91729 -1.45020 0.13388 0.33625 0.66172 -0.57249 0.34832
1403715929434057984 -2.96301 -1.46648 0.17820 0.37705 0.67294 -0.53239 0.34863
1403715929534057984 -2.99510 -1.49307 0.21630 0.42012 0.67847 -0.49239 0.34747
1403715929634057984 -3.00231 -1.52228 0.25271 0.45191 0.67914 -0.46481 0.34423
1403715929734057984 -2.98184 -1.54797 0.28537 0.44497 0.67056 -0.47630 0.35426
1403715929834057984 -2.93641 -1.56838 0.31451 0.42268 0.65239 -0.50138 0.37994
1403715929934057984 -2.87470 -1.59139 0.33541 0.39970 0.62565 -0.52456 0.41669
1403715930034057984 -2.80623 -1.61344 0.34544 0.38143 0.60098 -0.54167 0.44714
1403715930134057984 -2.74016 -1.63082 0.34857 0.36483 0.57989 -0.55589 0.47076
1403715930234057984 -2.68306 -1.64269 0.35117 -0.35140 -0.56383 0.56735 -0.48655
1403715930334057984 -2.64150 -1.65035 0.35330 -0.34614 -0.55698 0.57393 -0.49048
1403715930434057984 -2.61706 -1.65302 0.35371 -0.34638 -0.56610 0.57755 -0.47538
1403715930534057984 -2.60601 -1.65526 0.34386 -0.34633 -0.57896 0.58133 -0.45488
1403715930634057984 -2.60482 -1.65745 0.32557 0.34226 0.58999 -0.58689 0.43627
1403715930734057984 -2.61121 -1.66758 0.31667 0.33655 0.59408 -0.59293 0.42688
1403715930834057984 -2.63032 -1.68749 0.32073 0.33749 0.59805 -0.59429 0.41863
1403715930934057984 -2.65511 -1.71736 0.34361 0.34965 0.60843 -0.58748 0.40302
1403715931034057984 -2.68394 -1.75629 0.36915 0.35462 0.61803 -0.58466 0.38788
1403715931134057984 -2.71128 -1.80615 0.38581 0.35093 0.62489 -0.58779 0.37533
1403715931234057984 -2.73615 -1.87047 0.39902 0.34867 0.62759 -0.58945 0.37028
1403715931334057984 -2.75822 -1.95087 0.42501 0.34842 0.62544 -0.59021 0.37295
1403715931434057984 -2.77660 -2.04713 0.46483 0.35162 0.62198 -0.58790 0.37931
1403715931534057984 -2.79366 -2.15611 0.50342 0.35451 0.62006 -0.58468 0.38470
1403715931634057984 -2.80755 -2.27457 0.53043 0.35986 0.62067 -0.57863 0.38788
1403715931734057984 -2.81801 -2.39882 0.54327 0.36605 0.62291 -0.57102 0.38979
1403715931834057984 -2.82709 -2.52970 0.54631 0.36955 0.62304 -0.56482 0.39525
1403715931934057984 -2.83191 -2.66664 0.55244 0.37823 0.61811 -0.55533 0.40803
1403715932034057984 -2.83383 -2.80435 0.56067 0.38770 0.61047 -0.54555 0.42354
1403715932134057984 -2.83419 -2.93998 0.57374 0.40337 0.59919 -0.53138 0.44260
1403715932234057984 -2.83065 -3.06665 0.59336 0.42514 0.58437 -0.51319 0.46304
1403715932334057984 -2.82334 -3.17873 0.61722 0.44464 0.56610 -0.49596 0.48564
1403715932434057984 -2.81394 -3.26582 0.64204 0.45900 0.55162 -0.48280 0.50195
1403715932534057984 -2.80360 -3.32209 0.66712 0.46774 0.53972 -0.47336 0.51560
1403715932634057984 -2.79543 -3.34324 0.69595 0.47653 0.52614 -0.46326 0.53056
1403715932734057984 -2.78723 -3.32076 0.72587 0.48405 0.51565 -0.45518 0.54093
1403715932834057984 -2.78175 -3.25993 0.75518 0.48627 0.51416 -0.45496 0.54055
1403715932934057984 -2.77833 -3.15669 0.78110 0.47185 0.53289 -0.47506 0.51740
1403715933034057984 -2.77579 -3.02339 0.80479 0.44348 0.56114 -0.50659 0.48147
1403715933134057984 -2.77187 -2.87040 0.83173 0.41527 0.58577 -0.53427 0.44608
1403715933234057984 -2.76791 -2.71031 0.85612 0.38537 0.60821 -0.55913 0.41103
1403715933334057984 -2.76272 -2.55422 0.87908 0.35329 0.62639 -0.58234 0.37908
1403715933434057984 -2.75523 -2.41380 0.90041 0.31479 0.63816 -0.60845 0.35134
1403715933534057984 -2.74554 -2.30145 0.92289 0.27807 0.64569 -0.63253 0.32507
1403715933634057984 -2.74188 -2.22822 0.95120 0.25318 0.65310 -0.64674 0.30182
1403715933734057984 -2.74070 -2.20039 0.98614 0.24606 0.66128 -0.64975 0.28283
1403715933834057984 -2.74035 -2.22195 1.03179 0.25171 0.66439 -0.64730 0.27609
1403715933934057984 -2.72431 -2.29541 1.09041 0.28082 0.65058 -0.64174 0.29335
1403715934034057984 -2.72137 -2.41700 1.16265 0.33232 0.62626 -0.61733 0.34098
1403715934134057984 -2.71607 -2.55789 1.23598 0.38889 0.59293 -0.58399 0.39516
1403715934234057984 -2.70952 -2.69963 1.29264 0.43871 0.55660 -0.54883 0.44330
1403715934334057984 -2.70218 -2.82724 1.32396 0.47236 0.52904 -0.52061 0.47535
1403715934434057984 -2.69440 -2.93020 1.34516 0.49626 0.50643 -0.49715 0.50009
1403715934534057984 -2.68512 -3.00126 1.35366 0.51323 0.48781 -0.47750 0.52022
1403715934634057984 -2.67481 -3.03009 1.35533 0.52449 0.47323 -0.46143 0.53670
1403715934734057984 -2.66574 -3.00788 1.35949 0.52585 0.46571 -0.45353 0.54854
1403715934834057984 -2.66204 -2.93621 1.37416 0.51587 0.46930 -0.45797 0.55127
1403715934934057984 -2.65874 -2.81238 1.38739 0.48868 0.49998 -0.48596 0.52445
1403715935034057984 -2.65927 -2.65140 1.39951 0.45089 0.53468 -0.52178 0.48842
1403715935134057984 -2.66114 -2.46578 1.39828 0.41268 0.56688 -0.55527 0.44723
1403715935234057984 -2.66500 -2.27026 1.38815 0.37916 0.59184 -0.58164 0.40946
1403715935334057984 -2.66946 -2.07919 1.36633 0.35358 0.61021 -0.59953 0.37840
1403715935434057984 -2.67041 -1.89997 1.33677 0.33538 0.62285 -0.61200 0.35359
1403715935534057984 -2.67450 -1.74073 1.29682 0.32182 0.63249 -0.61920 0.33613
1403715935634057984 -2.67651 -1.61025 1.25191 0.31193 0.63920 -0.62400 0.32365
1403715935734057984 -2.67640 -1.51285 1.20793 0.30120 0.64560 -0.62929 0.31060
1403715935834057984 -2.67282 -1.45496 1.16777 0.29158 0.65083 -0.63431 0.29841
1403715935934057984 -2.66724 -1.43489 1.13632 0.28920 0.65237 -0.63635 0.29297
1403715936034057984 -2.65680 -1.47586 1.11726 0.30901 0.64273 -0.62849 0.31050
1403715936134057984 -2.64754 -1.54880 1.10610 0.34946 0.62242 -0.60800 0.34758
1403715936234057984 -2.63521 -1.63836 1.10139 0.39275 0.59696 -0.58297 0.38670
1403715936334057984 -2.61986 -1.73455 1.09830 0.42892 0.56978 -0.55955 0.42223
1403715936434057984 -2.60285 -1.82068 1.09018 0.44893 0.54774 -0.54615 0.44740
1403715936534057984 -2.58471 -1.88880 1.07980 -0.45795 -0.53424 0.54038 -0.46136
1403715936634057984 -2.56720 -1.93241 1.06746 -0.46097 -0.52247 0.53841 -0.47397
1403715936734057984 -2.55042 -1.95203 1.06019 -0.46031 -0.51745 0.53991 -0.47840
1403715936834057984 -2.53558 -1.94695 1.04851 -0.45355 -0.52735 0.54770 -0.46499
1403715936934057984 -2.52282 -1.92561 1.03420 -0.44585 -0.53713 0.55565 -0.45161
1403715937034057984 -2.51016 -1.89032 1.01942 -0.43588 -0.54682 0.56012 -0.44415
1403715937134057984 -2.49884 -1.84533 1.00520 -0.41891 -0.56241 0.56332 -0.43689
1403715937234057984 -2.48628 -1.79698 0.98981 0.40230 0.57971 -0.55981 0.43441
1403715937334057984 -2.47291 -1.74541 0.96600 0.38706 0.59756 -0.54928 0.43748
1403715937434057984 -2.45943 -1.69193 0.93159 0.37449 0.61369 -0.53379 0.44521
1403715937534057984 -2.44627 -1.63454 0.88292 0.35514 0.63245 -0.52560 0.44455
1403715937634057984 -2.43432 -1.58430 0.82555 0.33098 0.65650 -0.52205 0.43235
1403715937734057984 -2.41873 -1.54040 0.77141 0.31077 0.67630 -0.51565 0.42444
1403715937834057984 -2.40235 -1.50629 0.72011 0.29525 0.69179 -0.50559 0.42265
1403715937934057984 -2.38215 -1.48574 0.67296 0.28228 0.70479 -0.49347 0.42435
1403715938034057984 -2.35673 -1.47875 0.62833 0.27009 0.71830 -0.47847 0.42680
1403715938134057984 -2.32594 -1.48828 0.58954 0.25726 0.73213 -0.46201 0.42935
1403715938234057984 -2.28685 -1.52064 0.56653 0.24567 0.74474 -0.44244 0.43504
1403715938334057984 -2.23823 -1.56922 0.56319 0.24960 0.75147 -0.41000 0.45265
1403715938434057984 -2.17864 -1.61184 0.56609 0.25375 0.75406 -0.37656 0.47456
1403715938534057984 -2.11267 -1.67178 0.57670 0.24817 0.75407 -0.34958 0.49758
1403715938634057984 -2.04349 -1.73195 0.58177 0.23848 0.75574 -0.33171 0.51182
1403715938734057984 -1.97323 -1.79204 0.58327 0.22622 0.76313 -0.32407 0.51131
1403715938834057984 -1.90005 -1.85355 0.58014 0.21299 0.77721 -0.32351 0.49591
1403715938934057984 -1.82263 -1.91894 0.57616 0.20056 0.79030 -0.32539 0.47887
1403715939034057984 -1.73763 -1.99276 0.57063 0.19005 0.79988 -0.32729 0.46579
1403715939134057984 -1.64170 -2.07811 0.56417 0.18681 0.80354 -0.32527 0.46219
1403715939234057984 -1.53137 -2.17593 0.56488 0.19689 0.78897 -0.31575 0.48895
1403715939334057984 -1.41413 -2.27968 0.56786 0.21120 0.76582 -0.30337 0.52620
1403715939434057984 -1.29738 -2.38152 0.57066 0.22493 0.74042 -0.29234 0.56190
1403715939534057984 -1.18720 -2.47489 0.57219 0.23755 0.71844 -0.28268 0.58950
1403715939634057984 -1.08896 -2.55451 0.57687 0.25070 0.69437 -0.27367 0.61653
1403715939734057984 -1.00843 -2.61263 0.58843 0.26395 0.66742 -0.26478 0.64402
1403715939834057984 -0.95153 -2.64476 0.60641 0.27320 0.64887 -0.26026 0.66075
1403715939934057984 -0.92293 -2.64409 0.63277 0.27883 0.64152 -0.25944 0.66588
1403715940034057984 -0.92345 -2.61357 0.66856 0.27586 0.65732 -0.26752 0.64828
1403715940134057984 -0.94539 -2.55693 0.70746 0.26211 0.69349 -0.28434 0.60789
1403715940234057984 -0.98222 -2.48031 0.74927 0.24577 0.72807 -0.30046 0.56501
1403715940334057984 -1.02534 -2.39210 0.78966 0.22631 0.75906 -0.31564 0.52248
1403715940434057984 -1.06614 -2.30274 0.82837 0.20663 0.78589 -0.32953 0.48072
1403715940534057984 -1.09411 -2.22329 0.86512 0.18500 0.80896 -0.34389 0.43942
1403715940634057984 -1.10867 -2.15630 0.89865 0.15938 0.82882 -0.36069 0.39695
1403715940734057984 -1.10028 -2.11826 0.93473 0.13732 0.84310 -0.37349 0.36170
1403715940834057984 -1.06187 -2.11912 0.97653 0.13335 0.85198 -0.37242 0.34300
1403715940934057984 -0.98482 -2.16280 1.02592 0.14728 0.84638 -0.36595 0.35781
1403715941034057984 -0.87560 -2.24215 1.08720 0.17610 0.82084 -0.35162 0.41421
1403715941134057984 -0.74617 -2.33900 1.15346 0.21183 0.77688 -0.33259 0.49089
1403715941234057984 -0.61436 -2.43821 1.21847 0.24300 0.72706 -0.31187 0.56132
1403715941334057984 -0.49191 -2.52596 1.27628 0.25766 0.68793 -0.29930 0.60892
1403715941434057984 -0.38463 -2.59929 1.32379 0.26542 0.65936 -0.29097 0.64041
1403715941534057984 -0.29791 -2.65241 1.35594 0.26672 0.64298 -0.28731 0.65795
1403715941634057984 -0.23499 -2.69050 1.36310 0.26673 0.62771 -0.28396 0.67395
1403715941734057984 -0.20045 -2.70248 1.35687 0.26602 0.60781 -0.27990 0.69387
1403715941834057984 -0.20280 -2.68588 1.34473 0.26788 0.58989 -0.27412 0.71073
1403715941934057984 -0.24088 -2.64307 1.32804 0.27073 0.58914 -0.27168 0.71120
1403715942034057984 -0.31714 -2.56727 1.30142 0.26757 0.62025 -0.27978 0.68222
1403715942134057984 -0.42434 -2.46394 1.26381 0.25489 0.66756 -0.29537 0.63415
1403715942234057984 -0.54781 -2.34737 1.20696 0.23636 0.71316 -0.31213 0.58147
1403715942334057984 -0.67835 -2.22159 1.12537 0.21410 0.75458 -0.32971 0.52541
1403715942434057984 -0.80653 -2.09881 1.02744 0.19468 0.78118 -0.34324 0.48379
1403715942534057984 -0.92717 -1.98551 0.92143 0.17611 0.79969 -0.35438 0.45155
1403715942634057984 -1.03269 -1.89027 0.81631 0.16445 0.81658 -0.35947 0.42065
1403715942734057984 -1.11809 -1.81835 0.71550 0.15854 0.82813 -0.35988 0.39945
1403715942834057984 -1.17565 -1.77764 0.62005 0.15801 0.83249 -0.35805 0.39218
1403715942934057984 -1.20381 -1.76783 0.53080 0.16015 0.83299 -0.35398 0.39392
1403715943034057984 -1.20206 -1.78546 0.45250 0.16742 0.83145 -0.34646 0.40079
1403715943134057984 -1.16382 -1.83515 0.39256 0.18118 0.82766 -0.33573 0.41164
1403715943234057984 -1.10551 -1.90281 0.35395 0.19478 0.80891 -0.32590 0.44890
1403715943334057984 -1.02637 -1.98386 0.33343 0.21072 0.77572 -0.31143 0.50683
1403715943434057984 -0.93982 -2.06601 0.32422 0.22570 0.73959 -0.29041 0.56367
1403715943534057984 -0.86047 -2.13969 0.31412 0.23257 0.71492 -0.27379 0.59986
1403715943634057984 -0.79489 -2.19741 0.30314 0.23743 0.69887 -0.26498 0.62048
1403715943734057984 -0.74619 -2.23932 0.29247 0.24038 0.68312 -0.26268 0.63763
1403715943834057984 -0.72044 -2.26010 0.29015 0.24755 0.66553 -0.26110 0.65392
1403715943934057984 -0.72414 -2.25552 0.30033 0.25408 0.65370 -0.26122 0.66324
1403715944034057984 -0.75825 -2.22272 0.32327 0.24703 0.66451 -0.27117 0.65106
1403715944134057984 -0.81925 -2.16553 0.35075 0.22163 0.70553 -0.28925 0.60782
1403715944234057984 -0.89840 -2.09456 0.37802 0.18816 0.75207 -0.30262 0.55444
1403715944334057984 -0.97927 -2.02202 0.40033 0.15853 0.79276 -0.30409 0.50392
1403715944434057984 -1.05241 -1.95862 0.41513 0.13573 0.82278 -0.29284 0.46783
1403715944534057984 -1.11537 -1.90848 0.42597 0.11494 0.84630 -0.27441 0.44189
1403715944634057984 -1.15209 -1.87989 0.43912 0.09391 0.86191 -0.25376 0.42884
1403715944734057984 -1.15822 -1.87680 0.45829 0.07416 0.87259 -0.23146 0.42368
1403715944834057984 -1.13206 -1.89462 0.48119 0.06511 0.87832 -0.20122 0.42875
1403715944934057984 -1.05837 -1.92918 0.51567 0.08130 0.86445 -0.17273 0.46505
1403715945034057984 -0.98057 -1.98148 0.55107 0.09580 0.83516 -0.13013 0.52574
1403715945134057984 -0.90058 -2.03023 0.58681 0.10727 0.79820 -0.09710 0.58476
1403715945234057984 -0.82788 -2.07012 0.61824 0.11491 0.77008 -0.07735 0.62273
1403715945334057984 -0.76846 -2.10078 0.64843 0.11981 0.74601 -0.06770 0.65156
1403715945434057984 -0.72866 -2.11674 0.68189 0.12496 0.72133 -0.06294 0.67831
1403715945534057984 -0.71926 -2.11329 0.71422 0.12444 0.70100 -0.06442 0.69926
1403715945634057984 -0.73876 -2.09394 0.73871 0.11037 0.72411 -0.07947 0.67614
1403715945734057984 -0.78316 -2.06466 0.75856 0.09552 0.76295 -0.09580 0.63214
1403715945834057984 -0.84838 -2.02457 0.77540 0.08722 0.80093 -0.10687 0.58265
1403715945934057984 -0.90577 -1.98798 0.80343 0.07944 0.83531 -0.11638 0.53141
1403715946034057984 -0.95389 -1.94603 0.82913 0.06996 0.85996 -0.12041 0.49099
1403715946134057984 -0.98589 -1.90879 0.85514 0.05906 0.87749 -0.11724 0.46127
1403715946234057984 -0.98671 -1.87607 0.88422 0.04755 0.89193 -0.10758 0.43661
1403715946334057984 -0.95756 -1.85077 0.91418 0.03854 0.89743 -0.09217 0.42970
1403715946434057984 -0.89449 -1.83180 0.95131 0.03890 0.88575 -0.06711 0.45763
1403715946534057984 -0.80483 -1.81539 0.99298 0.03868 0.85907 -0.04605 0.50831
1403715946634057984 -0.70307 -1.79864 1.03502 0.03512 0.82429 -0.03312 0.56411
1403715946734057984 -0.59963 -1.78133 1.07486 0.03062 0.79299 -0.02488 0.60796
1403715946834057984 -0.50458 -1.76182 1.10698 0.02568 0.77287 -0.02072 0.63370
1403715946934057984 -0.42535 -1.74148 1.13416 0.02377 0.75820 -0.01723 0.65136
1403715947034057984 -0.36805 -1.71898 1.15802 0.02512 0.74451 -0.01515 0.66696
1403715947134057984 -0.33439 -1.69428 1.18144 0.02348 0.72141 -0.01768 0.69189
1403715947234057984 -0.32998 -1.66991 1.20381 0.02392 0.69420 -0.02155 0.71906
1403715947334057984 -0.36761 -1.64000 1.21546 0.02281 0.69243 -0.02822 0.72058
1403715947434057984 -0.43372 -1.61014 1.20993 0.02380 0.72481 -0.03420 0.68769
1403715947534057984 -0.52898 -1.57789 1.19238 0.01810 0.76532 -0.04130 0.64207
1403715947634057984 -0.64179 -1.54558 1.15928 0.00647 0.80301 -0.05014 0.59381
1403715947734057984 -0.75558 -1.51473 1.11609 -0.00405 0.83590 -0.05788 0.54580
1403715947834057984 -0.86647 -1.49171 1.06533 -0.00182 0.85788 -0.05517 0.51087
1403715947934057984 -0.96188 -1.47516 1.00867 0.00323 0.87594 -0.04837 0.47997
1403715948034057984 -1.03106 -1.46230 0.94894 0.00568 0.89175 -0.04163 0.45057
1403715948134057984 -1.06645 -1.45092 0.89247 0.00637 0.90351 -0.03655 0.42695
1403715948234057984 -1.05883 -1.44650 0.84356 0.00575 0.90700 -0.03204 0.41987
1403715948334057984 -1.00508 -1.44410 0.80725 0.00503 0.89554 -0.03072 0.44390
1403715948434057984 -0.91883 -1.44478 0.77882 0.00484 0.87029 -0.03047 0.49157
1403715948534057984 -0.81794 -1.44743 0.75395 0.01045 0.84070 -0.02835 0.54066
1403715948634057984 -0.71287 -1.45045 0.72842 0.01777 0.81198 -0.02778 0.58276
1403715948734057984 -0.60950 -1.45370 0.70138 0.02511 0.78576 -0.02832 0.61737
1403715948834057984 -0.51982 -1.45418 0.66901 0.03074 0.76671 -0.02955 0.64057
1403715948934057984 -0.44763 -1.45480 0.63876 0.02903 0.75244 -0.02947 0.65736
1403715949034057984 -0.39795 -1.45184 0.61204 0.02289 0.73891 -0.02398 0.67298
1403715949134057984 -0.37536 -1.44633 0.58770 0.01241 0.73530 -0.01522 0.67746
1403715949234057984 -0.38005 -1.43807 0.55956 0.00024 0.75581 -0.00241 0.65478
1403715949334057984 -0.40646 -1.42972 0.53272 -0.01313 0.78938 0.01295 0.61363
1403715949434057984 -0.44465 -1.42323 0.50801 -0.02312 0.82585 0.02780 0.56273
1403715949534057984 -0.47878 -1.41763 0.48779 -0.03107 0.85150 0.04310 0.52166
1403715949634057984 -0.49970 -1.40962 0.47057 -0.03951 0.86644 0.06123 0.49393
1403715949734057984 -0.50122 -1.39967 0.45689 -0.04974 0.87730 0.08047 0.47053
1403715949834057984 -0.47545 -1.38602 0.44813 -0.05545 0.88190 0.10422 0.45643
1403715949934057984 -0.42254 -1.36539 0.44483 -0.05745 0.87851 0.13188 0.45555
1403715950034057984 -0.34301 -1.33487 0.44673 -0.05524 0.86813 0.16256 0.46569
1403715950134057984 -0.24235 -1.29090 0.45484 -0.05994 0.84395 0.18900 0.49843
1403715950234057984 -0.13011 -1.23740 0.47422 -0.07849 0.80974 0.19746 0.54696
1403715950334057984 -0.02220 -1.17249 0.48664 -0.10391 0.77700 0.19118 0.59070
1403715950434057984 0.07573 -1.10862 0.49693 -0.12264 0.74852 0.18270 0.62554
1403715950534057984 0.15557 -1.04921 0.50788 -0.13260 0.72240 0.17543 0.65558
1403715950634057984 0.21100 -0.99813 0.52135 -0.13687 0.70784 0.17006 0.67179
1403715950734057984 0.23765 -0.95664 0.53792 -0.14066 0.69468 0.16540 0.68577
1403715950834057984 0.23107 -0.92477 0.55964 -0.14494 0.68327 0.16235 0.69698
1403715950934057984 0.19085 -0.90505 0.57890 -0.14751 0.68336 0.16253 0.69631
1403715951034057984 0.11672 -0.89926 0.59167 -0.14975 0.71478 0.16631 0.66257
1403715951134057984 0.01613 -0.90884 0.60409 -0.14586 0.75389 0.17536 0.61614
1403715951234057984 -0.10097 -0.92712 0.61524 -0.13697 0.79207 0.19179 0.56310
1403715951334057984 -0.21582 -0.94124 0.62575 -0.13315 0.82111 0.20776 0.51467
1403715951434057984 -0.32050 -0.94786 0.63947 -0.13207 0.83989 0.22464 0.47611
1403715951534057984 -0.40591 -0.94436 0.65383 -0.13396 0.85332 0.24078 0.44264
1403715951634057984 -0.46649 -0.92701 0.67113 -0.13746 0.86036 0.25780 0.41765
1403715951734057984 -0.49809 -0.89430 0.69264 -0.14300 0.86193 0.27547 0.40093
1403715951834057984 -0.49886 -0.84337 0.71692 -0.15180 0.85826 0.29116 0.39443
1403715951934057984 -0.46671 -0.77041 0.74993 -0.17345 0.83787 0.30088 0.42115
1403715952034057984 -0.40642 -0.68158 0.78689 -0.20465 0.80151 0.30735 0.47036
1403715952134057984 -0.33879 -0.58765 0.82484 -0.23981 0.75806 0.30919 0.52176
1403715952234057984 -0.26225 -0.50395 0.85656 -0.26899 0.72207 0.31317 0.55515
1403715952334057984 -0.20024 -0.43109 0.88614 -0.28987 0.69635 0.31658 0.57519
1403715952434057984 -0.14765 -0.37576 0.91494 -0.30547 0.67547 0.31878 0.59060
1403715952534057984 -0.09873 -0.34663 0.93912 -0.31742 0.65963 0.32483 0.59885
1403715952634057984 -0.07707 -0.32747 0.96730 -0.33085 0.64303 0.32904 0.60727
1403715952734057984 -0.06252 -0.34803 0.99752 -0.34565 0.62114 0.32705 0.62270
1403715952834057984 -0.06858 -0.39432 1.02770 -0.35626 0.60234 0.32410 0.63657
1403715952934057984 -0.09217 -0.47429 1.04916 -0.34881 0.61988 0.33756 0.61655
1403715953034057984 -0.13131 -0.57951 1.06237 -0.32664 0.66141 0.36575 0.56751
1403715953134057984 -0.18369 -0.70369 1.06008 -0.29972 0.70291 0.39438 0.51043
1403715953234057984 -0.22464 -0.82893 1.04883 -0.27472 0.73563 0.41549 0.45907
1403715953334057984 -0.27026 -0.94484 1.02717 -0.25749 0.75500 0.42855 0.42428
1403715953434057984 -0.30748 -1.04988 0.99661 -0.24536 0.76767 0.44244 0.39336
1403715953534057984 -0.33195 -1.13140 0.96428 -0.23960 0.77270 0.45869 0.36761
1403715953634057984 -0.33994 -1.18157 0.93949 -0.23702 0.77137 0.47850 0.34617
1403715953734057984 -0.32982 -1.19400 0.92307 -0.23662 0.76647 0.49749 0.33021
1403715953834057984 -0.29516 -1.16414 0.91700 -0.23638 0.75540 0.51541 0.32841
1403715953934057984 -0.25807 -1.08544 0.91975 -0.23084 0.73594 0.52644 0.35772
1403715954034057984 -0.19816 -0.98779 0.92259 -0.23394 0.69231 0.54387 0.41254
1403715954134057984 -0.14452 -0.86553 0.91675 -0.25362 0.65353 0.54129 0.46431
1403715954234057984 -0.10303 -0.72740 0.90760 -0.28441 0.62184 0.52367 0.50813
1403715954334057984 -0.07715 -0.59005 0.89406 -0.32035 0.60309 0.49738 0.53505
1403715954434057984 -0.07057 -0.46625 0.87474 -0.36234 0.59331 0.46597 0.54733
1403715954534057984 -0.07878 -0.36322 0.86227 -0.39450 0.57801 0.43944 0.56318
1403715954634057984 -0.10018 -0.28731 0.85985 -0.41509 0.56074 0.42139 0.57940
1403715954734057984 -0.13691 -0.24966 0.85119 -0.42480 0.55273 0.41370 0.58556
1403715954834057984 -0.18806 -0.25351 0.84188 -0.41825 0.56267 0.42110 0.57545
1403715954934057984 -0.25146 -0.28399 0.83255 -0.39971 0.58577 0.43781 0.55266
1403715955034057984 -0.32644 -0.35707 0.82394 -0.37289 0.61560 0.45852 0.52130
1403715955134057984 -0.40448 -0.44291 0.81661 -0.34906 0.64603 0.47442 0.48552
1403715955234057984 -0.48509 -0.53306 0.80910 -0.32756 0.67836 0.48611 0.44297
1403715955334057984 -0.56302 -0.62141 0.80314 -0.30569 0.70169 0.49613 0.40992
1403715955434057984 -0.63570 -0.69177 0.80011 -0.28857 0.71907 0.50222 0.38398
1403715955534057984 -0.69812 -0.73902 0.79923 -0.27968 0.73499 0.50554 0.35496
1403715955634057984 -0.74461 -0.76013 0.80289 -0.27618 0.74424 0.51246 0.32745
1403715955734057984 -0.77190 -0.74574 0.81353 -0.27677 0.73770 0.52661 0.31919
1403715955834057984 -0.78005 -0.69371 0.83848 -0.30351 0.70716 0.53497 0.34874
1403715955934057984 -0.77697 -0.61911 0.86856 -0.34468 0.66499 0.53683 0.38833
1403715956034057984 -0.76945 -0.53421 0.90015 -0.38494 0.61482 0.53940 0.42763
1403715956134057984 -0.76222 -0.45336 0.92878 -0.41467 0.56702 0.54792 0.45422
1403715956234057984 -0.76239 -0.38528 0.95329 -0.43728 0.52760 0.56057 0.46496
1403715956334057984 -0.76642 -0.33687 0.97638 -0.45906 0.49681 0.57418 0.46125
1403715956434057984 -0.77287 -0.31170 1.00341 -0.49217 0.46203 0.57812 0.45834
1403715956534057984 -0.78810 -0.31298 1.02958 0.52710 -0.42683 -0.57650 -0.45567
1403715956634057984 -0.80080 -0.34563 1.05694 0.55069 -0.40425 -0.57749 -0.44703
1403715956734057984 -0.80999 -0.41231 1.08130 0.55281 -0.40340 -0.59033 -0.42800
1403715956834057984 -0.81511 -0.51293 1.10431 0.54139 -0.41738 -0.60981 -0.40103
1403715956934057984 -0.81659 -0.63275 1.12860 0.51811 -0.43783 -0.63305 -0.37299
1403715957034057984 -0.81446 -0.76647 1.14624 -0.48473 0.46075 0.65856 0.34503
1403715957134057984 -0.81289 -0.90433 1.15103 -0.45276 0.48137 0.67856 0.32071
1403715957234057984 -0.81354 -1.03873 1.14024 -0.42286 0.50114 0.69493 0.29516
1403715957334057984 -0.81715 -1.16216 1.11544 -0.39246 0.52145 0.70926 0.26648
1403715957434057984 -0.82616 -1.26479 1.08322 -0.36216 0.53672 0.72222 0.24325
1403715957534057984 -0.84262 -1.33635 1.04639 -0.33730 0.54805 0.73148 0.22541
1403715957634057984 -0.86910 -1.36846 1.00734 -0.31869 0.55333 0.73897 0.21489
1403715957734057984 -0.90757 -1.35571 0.97124 -0.31698 0.54887 0.74145 0.22027
1403715957834057984 -0.95989 -1.29392 0.94316 -0.34962 0.53457 0.72902 0.24603
1403715957934057984 -1.02457 -1.19980 0.92508 -0.40276 0.50843 0.70687 0.28219
1403715958034057984 -1.09514 -1.09313 0.90833 -0.45579 0.47509 0.68409 0.31395
1403715958134057984 -1.17007 -0.98554 0.88278 0.50361 -0.43890 -0.66300 -0.33791
1403715958234057984 -1.24353 -0.88864 0.85671 0.54367 -0.40563 -0.64516 -0.35165
1403715958334057984 -1.30833 -0.80848 0.83071 0.57231 -0.37648 -0.63502 -0.35703
1403715958434057984 -1.36364 -0.75345 0.80369 0.60033 -0.34960 -0.62394 -0.35789
1403715958534057984 -1.40553 -0.73170 0.77821 0.62563 -0.32627 -0.61467 -0.35259
1403715958634057984 -1.42900 -0.74697 0.74870 0.63550 -0.31548 -0.62099 -0.33313
1403715958734057984 -1.42995 -0.79633 0.71775 0.63450 -0.31393 -0.63894 -0.30101
1403715958834057984 -1.41293 -0.87327 0.68750 0.62068 -0.32042 -0.66811 -0.25635
1403715958934057984 -1.37663 -0.96509 0.65622 0.59953 -0.32973 -0.69951 -0.20621
1403715959034057984 -1.32086 -1.06383 0.62596 0.57094 -0.33131 -0.73258 -0.16607
1403715959134057984 -1.25009 -1.15962 0.59674 0.54006 -0.31917 -0.76516 -0.14490
1403715959234057984 -1.18036 -1.23854 0.56917 0.51069 -0.29435 -0.79536 -0.14125
1403715959334057984 -1.11343 -1.30721 0.54085 -0.47757 0.27324 0.82434 0.13312
1403715959434057984 -1.06224 -1.36441 0.51229 -0.44067 0.26410 0.84932 0.12129
1403715959534057984 -1.03021 -1.40111 0.48674 -0.41259 0.25700 0.86697 0.10994
1403715959634057984 -1.03134 -1.41396 0.47667 -0.40174 0.24208 0.87682 0.10580
1403715959734057984 -1.08617 -1.40456 0.49184 -0.42433 0.23013 0.86883 0.11007
1403715959834057984 -1.16955 -1.37076 0.52492 -0.48068 0.21159 0.84314 0.11527
1403715959934057984 -1.26675 -1.32907 0.55938 0.54457 -0.18991 -0.80747 -0.12395
1403715960034057984 -1.36541 -1.28880 0.58877 0.60202 -0.17141 -0.76847 -0.13286
1403715960134057984 -1.44805 -1.25659 0.61110 0.64297 -0.15787 -0.73655 -0.13842
1403715960234057984 -1.50973 -1.23595 0.63143 0.67047 -0.14682 -0.71253 -0.14569
1403715960334057984 -1.54294 -1.22911 0.65033 0.68877 -0.13950 -0.69502 -0.15196
1403715960434057984 -1.54491 -1.23782 0.67137 0.70451 -0.13459 -0.67918 -0.15580
1403715960534057984 -1.51404 -1.26929 0.69136 0.70004 -0.13577 -0.68337 -0.15658
1403715960634057984 -1.44726 -1.31495 0.70713 0.66372 -0.14454 -0.71790 -0.15233
1403715960734057984 -1.36215 -1.37426 0.72069 0.61818 -0.15497 -0.75660 -0.14628
1403715960834057984 -1.26778 -1.44638 0.73566 0.56019 -0.16762 -0.79930 -0.13861
1403715960934057984 -1.16691 -1.51715 0.74731 -0.49989 0.17918 0.83736 0.12975
1403715961034057984 -1.08447 -1.58911 0.76431 -0.45424 0.18780 0.86197 0.12412
1403715961134057984 -1.02793 -1.65203 0.78098 -0.41507 0.19646 0.88055 0.11727
1403715961234057984 -1.00743 -1.70137 0.79844 -0.38740 0.20868 0.89167 0.10628
1403715961334057984 -1.02767 -1.73563 0.82786 -0.39403 0.22092 0.88710 0.09477
1403715961434057984 -1.08662 -1.74720 0.86552 -0.43246 0.22119 0.86978 0.08680
1403715961534057984 -1.17435 -1.74510 0.91092 -0.48082 0.20801 0.84772 0.08318
1403715961634057984 -1.27577 -1.73137 0.96162 0.53088 -0.18176 -0.82352 -0.08338
1403715961734057984 -1.38347 -1.71138 1.01019 0.57902 -0.14958 -0.79702 -0.08439
1403715961834057984 -1.48255 -1.69137 1.04969 0.62151 -0.11658 -0.76965 -0.08814
1403715961934057984 -1.57139 -1.67348 1.07318 0.65253 -0.09017 -0.74697 -0.09003
1403715962034057984 -1.64066 -1.66254 1.08749 0.68986 -0.06965 -0.71558 -0.08479
1403715962134057984 -1.67826 -1.66262 1.09280 0.72188 -0.05261 -0.68623 -0.07221
1403715962234057984 -1.67655 -1.67426 1.08741 0.73475 -0.03830 -0.67499 -0.05529
1403715962334057984 -1.63548 -1.69337 1.07243 0.72830 -0.02969 -0.68396 -0.03015
1403715962434057984 -1.55100 -1.71654 1.05080 0.71030 -0.02810 -0.70334 -0.00099
1403715962534057984 -1.43461 -1.73848 1.02021 0.67979 -0.03002 -0.73200 0.03413
1403715962634057984 -1.29417 -1.75286 0.97700 0.63613 -0.03187 -0.76783 0.06898
1403715962734057984 -1.14392 -1.75175 0.92194 0.59867 -0.03023 -0.79461 0.09633
1403715962834057984 -0.98782 -1.73424 0.85696 0.56229 -0.01868 -0.81950 0.10914
1403715962934057984 -0.83385 -1.70178 0.78395 0.52889 0.00632 -0.84226 0.10412
1403715963034057984 -0.68941 -1.65660 0.69850 -0.49139 -0.04600 0.86586 -0.08190
1403715963134057984 -0.56595 -1.60754 0.59679 -0.45087 -0.08023 0.88627 -0.06934
1403715963234057984 -0.46588 -1.56116 0.48418 -0.41542 -0.10773 0.90073 -0.06714
1403715963334057984 -0.39872 -1.52291 0.36267 -0.39107 -0.13139 0.90809 -0.07189
1403715963434057984 -0.37896 -1.50002 0.24937 -0.42106 -0.15259 0.88992 -0.08637
1403715963534057984 -0.39400 -1.48338 0.14877 -0.48632 -0.17387 0.84936 -0.10886
1403715963634057984 -0.42765 -1.47774 0.05586 0.54172 0.19090 -0.80794 0.13165
1403715963734057984 -0.45722 -1.47551 -0.02645 0.57547 0.20676 -0.77725 0.14821
1403715963834057984 -0.47814 -1.47178 -0.09531 0.58729 0.21681 -0.76247 0.16350
1403715963934057984 -0.48873 -1.46752 -0.14898 0.58418 0.22475 -0.76068 0.17201
1403715964034057984 -0.49151 -1.46052 -0.18927 0.56974 0.23255 -0.76859 0.17491
1403715964134057984 -0.49031 -1.45343 -0.21729 0.54002 0.25308 -0.78742 0.15589
1403715964234057984 -0.48806 -1.45345 -0.21631 0.51945 0.26476 -0.79928 0.14573
1403715964334057984 -0.49034 -1.46569 -0.18570 0.52311 0.25821 -0.79677 0.15761
1403715964434057984 -0.49378 -1.48282 -0.14543 0.53058 0.25146 -0.79174 0.16852
1403715964534057984 -0.49822 -1.50520 -0.11116 0.53541 0.25180 -0.78811 0.16976
1403715964634057984 -0.50495 -1.53287 -0.07982 0.53617 0.24934 -0.78762 0.17322
1403715964734057984 -0.51597 -1.56382 -0.04164 0.53867 0.23992 -0.78586 0.18628
1403715964834057984 -0.52970 -1.59362 0.00863 0.54383 0.22715 -0.78106 0.20641
1403715964934057984 -0.54549 -1.61841 0.06166 0.55538 0.22236 -0.77104 0.21818
1403715965034057984 -0.55946 -1.63469 0.10626 0.57092 0.22293 -0.75754 0.22468
1403715965134057984 -0.57117 -1.64176 0.13550 0.58953 0.22494 -0.74127 0.22887
1403715965234057984 -0.57508 -1.64071 0.14946 0.57490 0.23978 -0.75238 0.21428
1403715965334057984 -0.57283 -1.62954 0.15567 0.53188 0.25964 -0.78388 0.18766
1403715965434057984 -0.57236 -1.62001 0.16414 -0.48167 -0.27111 0.81682 -0.16524
1403715965534057984 -0.58406 -1.62116 0.17940 -0.44668 -0.27701 0.83794 -0.14699
1403715965634057984 -0.61523 -1.63774 0.20187 -0.44039 -0.27759 0.84221 -0.14029
1403715965734057984 -0.66731 -1.67337 0.23905 -0.48210 -0.27169 0.81919 -0.15063
1403715965834057984 -0.73081 -1.71971 0.28094 0.53990 0.25962 -0.78204 0.17183
1403715965934057984 -0.79129 -1.76643 0.32003 0.58912 0.24746 -0.74501 0.19146
1403715966034057984 -0.84024 -1.80712 0.35237 0.62087 0.24130 -0.71785 0.20244
1403715966134057984 -0.86989 -1.83629 0.38654 0.65186 0.23416 -0.68817 0.21604
1403715966234057984 -0.87329 -1.84961 0.41972 0.66120 0.23310 -0.67799 0.22094
1403715966334057984 -0.85023 -1.84507 0.44738 0.63218 0.24165 -0.70564 0.20980
1403715966434057984 -0.80491 -1.82651 0.47585 0.58771 0.25171 -0.74483 0.19094
1403715966534057984 -0.74976 -1.80302 0.50011 0.52872 0.26030 -0.79044 0.16705
1403715966634057984 -0.69682 -1.78607 0.52546 -0.47869 -0.26339 0.82463 -0.14653
1403715966734057984 -0.65705 -1.77943 0.55165 -0.44771 -0.26190 0.84447 -0.13351
1403715966834057984 -0.63732 -1.78823 0.57747 -0.42907 -0.26066 0.85587 -0.12424
1403715966934057984 -0.64346 -1.81710 0.60872 -0.45012 -0.25705 0.84582 -0.12610
1403715967034057984 -0.67144 -1.86501 0.64848 0.50018 0.25026 -0.81756 0.13704
1403715967134057984 -0.70851 -1.92355 0.69069 0.55744 0.23896 -0.78004 0.15394
1403715967234057984 -0.74057 -1.98185 0.73202 0.60894 0.22812 -0.74084 0.16829
1403715967334057984 -0.75437 -2.03175 0.77222 0.65488 0.21552 -0.70091 0.18278
1403715967434057984 -0.74077 -2.06665 0.80883 0.67407 0.20703 -0.68274 0.19140
1403715967534057984 -0.69934 -2.08608 0.84214 0.66422 0.20507 -0.69078 0.19897
1403715967634057984 -0.63065 -2.09095 0.86978 0.63230 0.21092 -0.71518 0.21032
1403715967734057984 -0.54171 -2.07656 0.89635 0.58617 0.22243 -0.74573 0.22543
1403715967834057984 -0.44795 -2.05279 0.91986 0.53161 0.23737 -0.77705 0.23925
1403715967934057984 -0.35954 -2.01854 0.93625 -0.48743 -0.25454 0.79749 -0.24825
1403715968034057984 -0.28586 -1.97859 0.94262 -0.45314 -0.28239 0.81210 -0.23542
1403715968134057984 -0.23087 -1.93982 0.94041 -0.42785 -0.31223 0.82121 -0.21228
1403715968234057984 -0.19764 -1.91189 0.93423 -0.42595 -0.32830 0.81846 -0.20226
1403715968334057984 -0.18215 -1.89818 0.92254 -0.45916 -0.32806 0.79809 -0.21118
1403715968434057984 -0.17807 -1.89086 0.90212 -0.49865 -0.32097 0.77275 -0.22623
1403715968534057984 -0.17692 -1.88581 0.86802 0.53617 0.31020 -0.74710 0.24113
1403715968634057984 -0.17755 -1.87724 0.82448 0.57017 0.30126 -0.72112 0.25325
1403715968734057984 -0.17046 -1.85973 0.77765 0.59849 0.29409 -0.69777 0.26160
1403715968834057984 -0.14999 -1.82695 0.73143 0.61900 0.28848 -0.67940 0.26840
1403715968934057984 -0.11201 -1.77506 0.68665 0.62669 0.28614 -0.67182 0.27208
1403715969034057984 -0.05764 -1.70460 0.63658 0.60730 0.29352 -0.68875 0.26580
1403715969134057984 0.01060 -1.61797 0.58153 0.55600 0.31145 -0.73115 0.24348
1403715969234057984 0.08421 -1.52396 0.52645 -0.48832 -0.33067 0.77899 -0.21300
1403715969334057984 0.14776 -1.43836 0.47959 -0.43585 -0.34191 0.81107 -0.18789
1403715969434057984 0.19504 -1.36961 0.43833 -0.39887 -0.34976 0.83112 -0.16677
1403715969534057984 0.22038 -1.32764 0.40452 -0.38290 -0.36152 0.83775 -0.14443
1403715969634057984 0.22143 -1.32065 0.38143 -0.39941 -0.38066 0.82493 -0.12270
1403715969734057984 0.20262 -1.34933 0.36454 -0.43265 -0.39553 0.80252 -0.11104
1403715969834057984 0.17200 -1.41580 0.35546 -0.47623 -0.39625 0.77567 -0.12052
1403715969934057984 0.14229 -1.50623 0.34923 0.51564 0.37480 -0.75370 0.15993
1403715970034057984 0.11894 -1.61352 0.34642 0.55189 0.34738 -0.72977 0.20538
1403715970134057984 0.10609 -1.72063 0.34422 0.58068 0.32834 -0.70627 0.23704
1403715970234057984 0.10588 -1.81809 0.34614 0.60877 0.31134 -0.68034 0.26382
1403715970334057984 0.12345 -1.89804 0.34568 0.63124 0.29551 -0.65695 0.28745
1403715970434057984 0.16116 -1.95363 0.34875 0.64085 0.28630 -0.64513 0.30192
1403715970534057984 0.21882 -1.97929 0.35087 0.62396 0.28402 -0.65763 0.31229
1403715970634057984 0.29336 -1.97647 0.35138 0.58020 0.29000 -0.69391 0.31264
1403715970734057984 0.37336 -1.94944 0.35246 0.52534 0.30081 -0.73783 0.29857
1403715970834057984 0.44991 -1.90660 0.35441 -0.45927 -0.30954 0.78482 -0.27805
1403715970934057984 0.51104 -1.86041 0.36379 -0.40107 -0.31479 0.82105 -0.25677
1403715971034057984 0.54349 -1.82160 0.38008 -0.36222 -0.32634 0.84119 -0.23389
1403715971134057984 0.53404 -1.80060 0.40503 -0.34829 -0.35176 0.84378 -0.20736
1403715971234057984 0.48178 -1.80742 0.44192 -0.36783 -0.38342 0.82532 -0.19117
1403715971334057984 0.40664 -1.85042 0.48993 -0.41425 -0.41297 0.78833 -0.19075
1403715971434057984 0.32105 -1.91861 0.54280 -0.46533 -0.43712 0.74211 -0.20412
1403715971534057984 0.24067 -2.00320 0.59306 0.50865 0.45667 -0.69367 0.22705
1403715971634057984 0.17633 -2.09672 0.64035 0.53596 0.47098 -0.65224 0.25596
1403715971734057984 0.12902 -2.19170 0.68410 0.54612 0.47907 -0.62216 0.29181
1403715971834057984 0.10201 -2.28113 0.72421 0.54128 0.48153 -0.60334 0.33334
1403715971934057984 0.08905 -2.35765 0.75975 0.52476 0.48607 -0.59365 0.36870
1403715972034057984 0.08908 -2.41975 0.79268 0.50762 0.49579 -0.58602 0.39127
1403715972134057984 0.09685 -2.46466 0.82295 0.50211 0.50078 -0.57233 0.41176
1403715972234057984 0.11109 -2.48979 0.86072 0.51037 0.49640 -0.55202 0.43402
1403715972334057984 0.13019 -2.48785 0.89752 0.52001 0.49073 -0.53480 0.45028
1403715972434057984 0.15604 -2.45523 0.93097 0.52078 0.48896 -0.52961 0.45741
1403715972534057984 0.18619 -2.39363 0.95947 0.51030 0.49708 -0.53871 0.44977
1403715972634057984 0.22185 -2.30394 0.98138 -0.48037 -0.51383 0.56591 -0.43008
1403715972734057984 0.25924 -2.19692 0.99476 -0.44330 -0.52993 0.59744 -0.40710
1403715972834057984 0.29654 -2.08654 0.99701 -0.41142 -0.54121 0.62403 -0.38524
1403715972934057984 0.33071 -1.97767 0.99303 -0.40472 -0.53895 0.63292 -0.38098
1403715973034057984 0.36074 -1.87484 0.98389 -0.40989 -0.52555 0.63374 -0.39263
1403715973134057984 0.38326 -1.77511 0.97410 -0.41604 -0.51434 0.63351 -0.40128
1403715973234057984 0.39744 -1.67369 0.96554 -0.42117 -0.51146 0.63310 -0.40025
1403715973334057984 0.40481 -1.57042 0.95729 -0.41853 -0.51070 0.63723 -0.39743
1403715973434057984 0.39820 -1.46603 0.94889 -0.40911 -0.51766 0.64412 -0.38700
1403715973534057984 0.38587 -1.36461 0.94113 -0.39754 -0.52523 0.65228 -0.37500
1403715973634057984 0.36979 -1.27080 0.93653 -0.38353 -0.52849 0.66152 -0.36877
1403715973734057984 0.34633 -1.18724 0.93268 -0.36774 -0.52933 0.67106 -0.36641
1403715973834057984 0.31052 -1.11921 0.93153 -0.35790 -0.53019 0.67626 -0.36535
1403715973934057984 0.26290 -1.06390 0.93099 -0.35328 -0.53339 0.67774 -0.36244
1403715974034057984 0.20175 -1.02702 0.93542 -0.36482 -0.53846 0.66888 -0.35995
1403715974134057984 0.13430 -1.00371 0.94285 -0.38230 -0.54063 0.65612 -0.36204
1403715974234057984 0.06120 -0.99221 0.94959 -0.39574 -0.53968 0.64578 -0.36756
1403715974334057984 -0.01395 -0.98563 0.95019 -0.40137 -0.54228 0.64033 -0.36715
1403715974434057984 -0.09055 -0.98615 0.94207 -0.40088 -0.54532 0.63911 -0.36533
1403715974534057984 -0.17024 -0.99271 0.93184 -0.40341 -0.54576 0.63623 -0.36689
1403715974634057984 -0.25001 -1.00271 0.91923 -0.40934 -0.54410 0.63139 -0.37115
1403715974734057984 -0.33062 -1.01917 0.90458 -0.41367 -0.54218 0.62777 -0.37526
1403715974834057984 -0.41137 -1.03886 0.88564 -0.41478 -0.54189 0.62610 -0.37724
1403715974934057984 -0.49123 -1.06103 0.86649 -0.41587 -0.54240 0.62404 -0.37872
1403715975034057984 -0.56975 -1.08216 0.84936 -0.41767 -0.54410 0.62085 -0.37955
1403715975134057984 -0.64672 -1.10749 0.83092 -0.41962 -0.54746 0.61684 -0.37909
1403715975234057984 -0.72249 -1.13210 0.81565 -0.42138 -0.55157 0.61303 -0.37737
1403715975334057984 -0.79465 -1.15985 0.80487 -0.42441 -0.55387 0.60810 -0.37857
1403715975434057984 -0.86345 -1.18930 0.79771 -0.43032 -0.55465 0.60137 -0.38150
1403715975534057984 -0.92755 -1.21562 0.79595 -0.43558 -0.55587 0.59538 -0.38316
1403715975634057984 -0.98466 -1.23872 0.79872 -0.43113 -0.55772 0.59700 -0.38297
1403715975734057984 -1.03575 -1.26215 0.80596 -0.42746 -0.55895 0.59878 -0.38250
1403715975834057984 -1.08209 -1.28648 0.81582 -0.42531 -0.55925 0.60026 -0.38215
1403715975934057984 -1.12718 -1.31218 0.82705 -0.42319 -0.56046 0.60186 -0.38021
1403715976034057984 -1.16521 -1.33956 0.83718 -0.42203 -0.56191 0.60328 -0.37709
1403715976134057984 -1.19986 -1.36824 0.84730 -0.42235 -0.56109 0.60421 -0.37647
1403715976234057984 -1.22997 -1.39832 0.85789 -0.42668 -0.55971 0.60302 -0.37556
1403715976334057984 -1.25747 -1.43191 0.86940 -0.43031 -0.55874 0.60235 -0.37393
1403715976434057984 -1.27786 -1.46557 0.87905 -0.43511 -0.56085 0.59866 -0.37114
1403715976534057984 -1.28892 -1.50117 0.88702 -0.43607 -0.56734 0.59215 -0.37059
1403715976634057984 -1.29294 -1.53771 0.89351 -0.43206 -0.57660 0.58353 -0.37462
1403715976734057984 -1.28809 -1.57507 0.89695 0.42181 0.58380 -0.57719 0.38484
1403715976834057984 -1.27671 -1.61295 0.89871 0.41401 0.58966 -0.57165 0.39257
1403715976934057984 -1.26251 -1.65108 0.90087 0.40908 0.59447 -0.56666 0.39768
1403715977034057984 -1.24194 -1.68898 0.90200 0.40460 0.60043 -0.56005 0.40264
1403715977134057984 -1.21490 -1.72677 0.90044 0.39839 0.60889 -0.55099 0.40860
1403715977234057984 -1.18218 -1.76598 0.89752 0.38996 0.62077 -0.53743 0.41682
1403715977334057984 -1.14371 -1.80469 0.89292 0.37905 0.63619 -0.51916 0.42668
1403715977434057984 -1.09927 -1.84130 0.88879 0.36372 0.65270 -0.49822 0.43985
1403715977534057984 -1.04956 -1.87703 0.88370 0.34752 0.67145 -0.47319 0.45219
1403715977634057984 -0.99375 -1.91129 0.87922 0.32892 0.68895 -0.44563 0.46752
1403715977734057984 -0.93376 -1.94242 0.87286 0.30686 0.70669 -0.41764 0.48166
1403715977834057984 -0.87041 -1.97079 0.86759 0.28666 0.72361 -0.38577 0.49537
1403715977934057984 -0.80398 -1.99536 0.86308 0.27134 0.73925 -0.34822 0.50856
1403715978034057984 -0.73470 -2.01268 0.85909 0.25753 0.75439 -0.30611 0.52045
1403715978134057984 -0.66201 -2.02145 0.85530 0.24358 0.76755 -0.26051 0.53260
1403715978234057984 -0.58564 -2.02033 0.84968 0.22946 0.77980 -0.21646 0.54075
1403715978334057984 -0.50505 -2.00482 0.84593 0.20939 0.78788 -0.17801 0.55110
1403715978434057984 -0.42214 -1.97432 0.84126 0.17977 0.79290 -0.14847 0.56298
1403715978534057984 -0.33804 -1.93265 0.83269 0.14049 0.79708 -0.12537 0.57376
1403715978634057984 -0.25523 -1.88166 0.82265 0.10109 0.79813 -0.09969 0.58552
1403715978734057984 -0.17807 -1.82472 0.81035 0.06677 0.80156 -0.06882 0.59018
1403715978834057984 -0.10848 -1.76314 0.79812 0.03989 0.80633 -0.03207 0.58925
1403715978934057984 -0.03983 -1.69918 0.78873 0.01509 0.81110 0.00808 0.58465
1403715979034057984 0.02728 -1.63169 0.78261 -0.00895 0.81230 0.05078 0.58096
1403715979134057984 0.08883 -1.55873 0.78143 -0.04038 0.80563 0.09027 0.58410
1403715979234057984 0.14500 -1.48262 0.78735 -0.07579 0.78995 0.12878 0.59469
1403715979334057984 0.18720 -1.40364 0.80009 -0.10507 0.76978 0.17167 0.60575
1403715979434057984 0.21584 -1.32389 0.81106 -0.12380 0.75528 0.21841 0.60540
1403715979534057984 0.22926 -1.24389 0.82231 -0.14192 0.74404 0.25990 0.59893
1403715979634057984 0.22937 -1.16350 0.83386 -0.16381 0.73461 0.29549 0.58839
1403715979734057984 0.21762 -1.07721 0.84491 -0.18838 0.72179 0.32982 0.57858
1403715979834057984 0.19058 -0.99043 0.85606 -0.21631 0.70395 0.36224 0.57136
1403715979934057984 0.14952 -0.90245 0.86872 -0.24664 0.68278 0.39294 0.56444
1403715980034057984 0.09211 -0.82013 0.88314 -0.27814 0.65823 0.42291 0.55724
1403715980134057984 0.01912 -0.74438 0.89538 -0.30613 0.63398 0.45336 0.54664
1403715980234057984 -0.06797 -0.67733 0.90599 -0.33556 0.61245 0.48203 0.52911
1403715980334057984 -0.16785 -0.62005 0.91400 -0.36314 0.59354 0.51037 0.50533
1403715980434057984 -0.27750 -0.57152 0.92209 -0.39237 0.57083 0.53669 0.48183
1403715980534057984 -0.39295 -0.53286 0.92874 -0.42565 0.54428 0.55938 0.45790
1403715980634057984 -0.51452 -0.51459 0.93448 -0.45551 0.51744 0.58323 0.42967
1403715980734057984 -0.63773 -0.50823 0.93861 -0.48014 0.48858 0.60824 0.40100
1403715980834057984 -0.75889 -0.51313 0.93939 0.50114 -0.46024 -0.63369 -0.36807
1403715980934057984 -0.87639 -0.52825 0.93996 0.52158 -0.42853 -0.65721 -0.33526
1403715981034057984 -0.98872 -0.55421 0.94112 0.54381 -0.39257 -0.67712 -0.30277
1403715981134057984 -1.09305 -0.58834 0.94194 0.56500 -0.35344 -0.69501 -0.26983
1403715981234057984 -1.18493 -0.63085 0.94246 0.58209 -0.31010 -0.71290 -0.23830
1403715981334057984 -1.26901 -0.68341 0.94532 0.59773 -0.26606 -0.72876 -0.20210
1403715981434057984 -1.33836 -0.74268 0.94976 0.61230 -0.22053 -0.74157 -0.16286
1403715981534057984 -1.39168 -0.80742 0.95622 0.62886 -0.17299 -0.74804 -0.12264
1403715981634057984 -1.42474 -0.87804 0.96423 0.64332 -0.12259 -0.75082 -0.08595
1403715981734057984 -1.43856 -0.95359 0.97050 0.64764 -0.07117 -0.75676 -0.05305
1403715981834057984 -1.43150 -1.03259 0.97281 0.63389 -0.02265 -0.77285 -0.01928
1403715981934057984 -1.41210 -1.11500 0.97407 0.61632 0.02321 -0.78705 0.01290
1403715982034057984 -1.37821 -1.19837 0.97777 0.60632 0.06684 -0.79131 0.04167
1403715982134057984 -1.33335 -1.28176 0.98238 0.60056 0.10722 -0.78931 0.06949
1403715982234057984 -1.27788 -1.36366 0.98817 0.59579 0.14567 -0.78392 0.09631
1403715982334057984 -1.21389 -1.44412 0.99340 0.58915 0.18181 -0.77752 0.12374
1403715982434057984 -1.14289 -1.52206 0.99854 0.58182 0.21739 -0.76907 0.15085
1403715982534057984 -1.06529 -1.59845 1.00283 0.57434 0.25476 -0.75761 0.17678
1403715982634057984 -0.97702 -1.67108 1.00651 0.56576 0.29257 -0.74319 0.20490
1403715982734057984 -0.88294 -1.74120 1.00953 0.55363 0.33026 -0.72765 0.23442
1403715982834057984 -0.78274 -1.80701 1.01258 0.53934 0.36831 -0.70979 0.26392
1403715982934057984 -0.67475 -1.86329 1.01608 0.52422 0.40697 -0.68970 0.28962
1403715983034057984 -0.56233 -1.91281 1.01826 0.50803 0.44058 -0.66847 0.31770
1403715983134057984 -0.44573 -1.95554 1.01945 -0.49023 -0.47341 0.64576 -0.34430
1403715983234057984 -0.32530 -1.99272 1.01972 -0.47070 -0.50489 0.62033 -0.37244
1403715983334057984 -0.20277 -2.02404 1.01983 -0.45099 -0.53729 0.59097 -0.39834
1403715983434057984 -0.07745 -2.04813 1.02070 0.42764 0.56882 -0.55963 0.42471
1403715983534057984 0.04681 -2.06430 1.02263 0.40535 0.59223 -0.52317 0.45961
1403715983634057984 0.17079 -2.07356 1.02729 0.38228 0.61034 -0.48543 0.49569
1403715983734057984 0.28605 -2.06462 1.03018 0.35654 0.62687 -0.44937 0.52723
1403715983834057984 0.39416 -2.04279 1.03363 0.32948 0.64435 -0.41591 0.55070
1403715983934057984 0.48999 -2.00542 1.03772 0.30223 0.66149 -0.38328 0.56937
1403715984034057984 0.57114 -1.95383 1.04244 0.27317 0.67868 -0.35365 0.58284
1403715984134057984 0.63359 -1.88714 1.04775 0.24280 0.69761 -0.32651 0.58973
1403715984234057984 0.68357 -1.81205 1.05389 0.21157 0.71447 -0.30086 0.59519
1403715984334057984 0.71691 -1.73050 1.06322 0.18481 0.72715 -0.27288 0.60219
1403715984434057984 0.73738 -1.64574 1.07319 0.16257 0.73777 -0.24183 0.60891
1403715984534057984 0.74124 -1.55694 1.08293 0.14061 0.75127 -0.20980 0.60976
1403715984634057984 0.72902 -1.46363 1.09153 0.11947 0.77140 -0.17519 0.59999
1403715984734057984 0.70376 -1.36766 1.09886 0.09185 0.78824 -0.13910 0.59236
1403715984834057984 0.67671 -1.27275 1.10396 0.05489 0.79565 -0.10591 0.59389
1403715984934057984 0.64581 -1.18117 1.10978 0.02149 0.79856 -0.07154 0.59726
1403715985034057984 0.60893 -1.09390 1.11447 -0.00040 0.79870 -0.03514 0.60071
1403715985134057984 0.56975 -1.01273 1.11709 -0.01223 0.79943 -0.00586 0.60061
1403715985234057984 0.51601 -0.94045 1.12515 -0.01581 0.79884 0.01485 0.60115
1403715985334057984 0.46182 -0.86804 1.13120 -0.00408 0.79887 0.03269 0.60060
1403715985434057984 0.39838 -0.79255 1.13849 0.00122 0.79931 0.03316 0.60000
1403715985534057984 0.32991 -0.71456 1.14239 0.00156 0.80602 0.01668 0.59165
1403715985634057984 0.25696 -0.63619 1.14507 0.00521 0.81985 -0.00485 0.57253
1403715985734057984 0.18382 -0.55955 1.14463 0.00774 0.83583 -0.02541 0.54835
1403715985834057984 0.11718 -0.48374 1.13671 0.00194 0.84607 -0.04901 0.53081
1403715985934057984 0.05877 -0.41019 1.12016 -0.00032 0.84573 -0.06713 0.52938
1403715986034057984 0.01277 -0.34506 1.08949 0.00020 0.83988 -0.07859 0.53705
1403715986134057984 -0.02734 -0.28348 1.04863 0.00034 0.83297 -0.08671 0.54648
1403715986234057984 -0.06412 -0.22865 1.00191 0.00039 0.82776 -0.09072 0.55370
1403715986334057984 -0.09581 -0.18364 0.95677 0.01044 0.82368 -0.08549 0.56047
1403715986434057984 -0.12749 -0.14098 0.91238 0.02356 0.81594 -0.07672 0.57254
1403715986534057984 -0.15912 -0.10302 0.86234 0.02963 0.81993 -0.07060 0.56733
1403715986634057984 -0.19707 -0.06066 0.80737 0.03151 0.83404 -0.06766 0.54663
1403715986734057984 -0.22674 -0.02360 0.75327 0.03047 0.84619 -0.06667 0.52782
1403715986834057984 -0.24181 0.00848 0.70548 0.03080 0.84800 -0.06478 0.52512
1403715986934057984 -0.24368 0.03692 0.66301 0.03138 0.84177 -0.06460 0.53503
1403715987034057984 -0.23693 0.06005 0.62448 0.03095 0.82772 -0.07300 0.55551
1403715987134057984 -0.22381 0.07806 0.58659 0.02797 0.81319 -0.09049 0.57424
1403715987234057984 -0.21565 0.09252 0.54949 0.02649 0.80080 -0.11034 0.58808
1403715987334057984 -0.21331 0.09931 0.51380 0.03109 0.79361 -0.12522 0.59459
1403715987434057984 -0.21719 0.09969 0.47899 0.04729 0.79431 -0.12600 0.59243
1403715987534057984 -0.22416 0.09646 0.44545 0.06181 0.79950 -0.12247 0.58479
1403715987634057984 -0.23425 0.09310 0.41255 0.06868 0.80484 -0.12003 0.57716
1403715987734057984 -0.24610 0.08975 0.38218 0.07242 0.80775 -0.11658 0.57332
1403715987834057984 -0.26042 0.08640 0.35240 0.07359 0.81538 -0.11340 0.56292
1403715987934057984 -0.27139 0.08364 0.32220 0.07181 0.82465 -0.11132 0.54991
1403715988034057984 -0.27700 0.07968 0.29427 0.07042 0.82935 -0.10830 0.54359
1403715988134057984 -0.27627 0.07510 0.27131 0.06940 0.82478 -0.10497 0.55128
1403715988234057984 -0.27161 0.07166 0.25112 0.07072 0.81790 -0.10063 0.56206
1403715988334057984 -0.26779 0.06973 0.23407 0.07294 0.81093 -0.09667 0.57248
1403715988434057984 -0.26380 0.07024 0.21985 0.06953 0.80582 -0.09755 0.57991
1403715988534057984 -0.26069 0.07127 0.20661 0.06085 0.80306 -0.10350 0.58368
1403715988634057984 -0.26096 0.07360 0.19467 0.05163 0.80247 -0.11093 0.58401
1403715988734057984 -0.26623 0.07276 0.18389 0.04246 0.80448 -0.11851 0.58048
1403715988834057984 -0.27511 0.06756 0.17610 0.04256 0.81057 -0.11961 0.57171
1403715988934057984 -0.28280 0.05684 0.17134 0.04953 0.81587 -0.11625 0.56426
1403715989034057984 -0.28994 0.04287 0.16900 0.05671 0.81786 -0.11286 0.56139
1403715989134057984 -0.29730 0.02722 0.16780 0.06101 0.81832 -0.11163 0.56051
1403715989234057984 -0.30286 0.01064 0.16656 0.06321 0.81882 -0.11161 0.55953
1403715989334057984 -0.30523 -0.00748 0.16555 0.06447 0.81812 -0.11217 0.56031
1403715989434057984 -0.30626 -0.02609 0.16526 0.06587 0.81799 -0.11219 0.56032
1403715989534057984 -0.30536 -0.04555 0.16537 0.06549 0.81836 -0.11315 0.55964
1403715989634057984 -0.30108 -0.06733 0.16576 0.06801 0.81492 -0.11173 0.56462
1403715989734057984 -0.29630 -0.08766 0.16536 0.07069 0.80963 -0.10957 0.57227
1403715989834057984 -0.29213 -0.10775 0.16023 0.07335 0.80671 -0.10670 0.57659
1403715989934057984 -0.29045 -0.12638 0.15174 0.07717 0.80564 -0.10272 0.57830
1403715990034057984 -0.28975 -0.14190 0.14304 0.07818 0.80650 -0.10017 0.57741
1403715990134057984 -0.29413 -0.15345 0.13447 0.07800 0.80752 -0.09887 0.57624
1403715990234057984 -0.29619 -0.16328 0.12088 0.07793 0.80940 -0.09724 0.57389
1403715990334057984 -0.29879 -0.16962 0.10686 0.07847 0.81023 -0.09559 0.57291
1403715990434057984 -0.30193 -0.17160 0.08855 0.07921 0.81146 -0.09401 0.57134
1403715990534057984 -0.30365 -0.17099 0.06319 0.07988 0.81290 -0.09289 0.56938
1403715990634057984 -0.30407 -0.16448 0.02986 0.08018 0.81547 -0.09238 0.56573
1403715990734057984 -0.30478 -0.15463 -0.00364 0.07980 0.81882 -0.09221 0.56095
1403715990834057984 -0.30479 -0.14399 -0.03893 0.07921 0.82127 -0.09194 0.55749
1403715990934057984 -0.30113 -0.12919 -0.06874 0.07947 0.82332 -0.09135 0.55451
1403715991034057984 -0.28710 -0.10691 -0.09140 0.08081 0.82186 -0.08983 0.55673
1403715991134057984 -0.26852 -0.08345 -0.10494 0.07620 0.81428 -0.09340 0.56782
1403715991234057984 -0.26562 -0.07449 -0.10566 0.08477 0.81550 -0.08569 0.56606
1403715991334057984 -0.27019 -0.07534 -0.10983 0.08389 0.81255 -0.08732 0.57018
1403715991434057984 -0.27517 -0.07978 -0.11556 0.07677 0.81256 -0.09218 0.57040
1403715991534057984 -0.28072 -0.08267 -0.11762 0.07524 0.81253 -0.09309 0.57050
1403715991634057984 -0.28757 -0.08394 -0.11742 0.07455 0.81239 -0.09360 0.57070
1403715991734057984 -0.29448 -0.08588 -0.11847 0.07409 0.81191 -0.09382 0.57141
1403715991834057984 -0.29796 -0.08884 -0.12054 0.07386 0.81228 -0.09401 0.57088
1403715991934057984 -0.29885 -0.09042 -0.12046 0.07408 0.81241 -0.09392 0.57069
1403715992034057984 -0.30021 -0.09288 -0.12139 0.07408 0.81237 -0.09395 0.57073
1403715992134057984 -0.30139 -0.09390 -0.12165 0.07423 0.81234 -0.09391 0.57076
1403715992234057984 -0.30127 -0.09475 -0.12139 0.07426 0.81259 -0.09393 0.57040
1403715992334057984 -0.30064 -0.09579 -0.12067 0.07418 0.81266 -0.09407 0.57029
1403715992434057984 -0.30099 -0.09636 -0.12029 0.07416 0.81262 -0.09423 0.57033
1403715992534057984 -0.30148 -0.09629 -0.11993 0.07413 0.81262 -0.09434 0.57031
1403715992634057984 -0.30140 -0.09648 -0.11993 0.07426 0.81269 -0.09439 0.57019
1403715992734057984 -0.30125 -0.09707 -0.12046 0.07413 0.81273 -0.09450 0.57013
1403715992834057984 -0.30138 -0.09735 -0.11982 0.07424 0.81279 -0.09464 0.57000
1403715992934057984 -0.30138 -0.09758 -0.11904 0.07423 0.81281 -0.09470 0.56997
1403715993034057984 -0.30114 -0.09782 -0.11939 0.07423 0.81290 -0.09476 0.56983
1403715993134057984 -0.30012 -0.09821 -0.11957 0.07420 0.81298 -0.09485 0.56970
1403715993234057984 -0.29955 -0.09832 -0.11938 0.07420 0.81301 -0.09487 0.56965
1403715993334057984 -0.29820 -0.09916 -0.11910 0.07419 0.81302 -0.09489 0.56964
1403715993434057984 -0.29530 -0.10083 -0.11912 0.07411 0.81307 -0.09502 0.56956
1403715993534057984 -0.29271 -0.10184 -0.11915 0.07421 0.81313 -0.09499 0.56946
1403715993634057984 -0.29144 -0.10233 -0.11940 0.07419 0.81318 -0.09505 0.56939
1403715993734057984 -0.29138 -0.10250 -0.11963 0.07452 0.81271 -0.09498 0.57002
1403715993834057984 -0.29061 -0.10345 -0.11989 0.07419 0.81281 -0.09517 0.56990
1403715993934057984 -0.28904 -0.10456 -0.11995 0.07389 0.81349 -0.09549 0.56891
