1403638130.245096922 -0.00760 0.00360 0.18054 0.82034 0.00455 0.57018 -0.04376
1403638130.345097065 -0.01346 0.00183 0.21839 0.81271 -0.00261 0.58016 -0.05397
1403638130.445096970 -0.02436 -0.00116 0.25826 0.80747 -0.00657 0.58628 -0.06503
1403638130.545097113 -0.03872 -0.00490 0.29494 0.80915 0.00456 0.58446 -0.06045
1403638130.645097017 -0.05517 -0.01044 0.33102 0.80522 0.00598 0.59010 -0.05805
1403638130.745096922 -0.07659 -0.02006 0.36516 0.79579 -0.00688 0.60131 -0.07139
1403638130.845097065 -0.09802 -0.03212 0.39165 0.79155 -0.01360 0.60513 -0.08418
1403638130.945096970 -0.12311 -0.04980 0.40740 0.78577 -0.01674 0.61204 -0.08773
1403638131.045097113 -0.15204 -0.06526 0.41138 0.77370 -0.02546 0.62717 -0.08603
1403638131.145097017 -0.17699 -0.08261 0.38241 0.77474 -0.02312 0.62669 -0.08068
1403638131.245096922 -0.19183 -0.07902 0.33179 0.78781 -0.01007 0.61236 -0.06538
1403638131.345097065 -0.20498 -0.07889 0.26948 0.79566 -0.00288 0.60298 -0.05774
1403638131.445096970 -0.19314 -0.07170 0.19304 0.79667 -0.00638 0.60196 -0.05399
1403638131.545097113 -0.16954 -0.06023 0.12991 0.80066 -0.00453 0.59752 -0.04349
1403638131.645097017 -0.15539 -0.05126 0.08416 0.80562 -0.00175 0.59120 -0.03804
1403638131.745096922 -0.13542 -0.04166 0.04528 0.80726 0.00060 0.58936 -0.03140
1403638131.845097065 -0.10476 -0.03096 0.01638 0.81069 0.00551 0.58519 -0.01774
1403638131.945096970 -0.09481 -0.02555 -0.00200 0.81285 0.00758 0.58235 -0.00999
1403638132.045097113 -0.07175 -0.02289 0.00007 0.81864 0.02007 0.57396 -0.00023
1403638132.145097017 -0.06665 -0.02019 0.02176 0.82467 0.03322 0.56461 0.00642
1403638132.245096922 -0.05174 -0.01708 0.07129 0.82082 0.03092 0.57035 0.00005
1403638132.345097065 -0.02695 -0.01071 0.15431 0.81432 0.02414 0.57982 -0.01011
1403638132.445096970 -0.02596 -0.00661 0.21367 0.80998 0.01725 0.58557 -0.02719
1403638132.545097113 -0.02539 -0.00427 0.27120 0.79693 0.00270 0.60213 -0.04830
1403638132.645097017 -0.02287 0.00020 0.31980 0.78723 -0.00698 0.61352 -0.06170
1403638132.745096922 -0.02074 0.00896 0.35278 0.79397 -0.00730 0.60441 -0.06518
1403638132.845097065 -0.02025 0.01752 0.37429 0.79285 -0.01176 0.60546 -0.06838
1403638132.945096970 -0.02450 0.01829 0.37770 0.78348 -0.01961 0.61640 -0.07632
1403638133.045097113 -0.02518 0.01330 0.36507 0.78298 -0.01060 0.61732 -0.07582
1403638133.145097017 -0.02601 -0.00413 0.34391 0.78934 -0.00045 0.61049 -0.06515
1403638133.245096922 -0.02351 -0.03059 0.32164 0.79124 -0.00645 0.60921 -0.05247
1403638133.345097065 -0.02682 -0.06829 0.29812 0.79524 -0.01530 0.60514 -0.03413
1403638133.445096970 -0.03323 -0.11191 0.27599 0.80076 -0.02452 0.59832 -0.01432
1403638133.545097113 -0.04362 -0.15551 0.25780 0.80150 -0.04480 0.59632 0.00025
1403638133.645097017 -0.05776 -0.19783 0.23980 0.80428 -0.06520 0.59066 0.00163
1403638133.745096922 -0.07441 -0.23537 0.22304 0.80724 -0.08099 0.58457 0.00912
1403638133.845097065 -0.08765 -0.26729 0.20613 0.80868 -0.09134 0.58050 0.02684
1403638133.945096970 -0.09007 -0.28557 0.19280 0.80985 -0.09884 0.57702 0.03762
1403638134.045097113 -0.07782 -0.28372 0.18765 0.80944 -0.09991 0.57713 0.04183
1403638134.145097017 -0.05171 -0.26879 0.18631 0.81438 -0.09044 0.57149 0.04467
1403638134.245096922 -0.02090 -0.24274 0.19076 0.80847 -0.09261 0.57953 0.04396
1403638134.345097065 0.01362 -0.20605 0.19658 0.80416 -0.09965 0.58479 0.03777
1403638134.445096970 0.04975 -0.16664 0.19944 0.80726 -0.10285 0.58045 0.02884
1403638134.545097113 0.08295 -0.12675 0.20237 0.80611 -0.10808 0.58145 0.02056
1403638134.645097017 0.10392 -0.08276 0.20609 0.80630 -0.10990 0.58110 0.01125
1403638134.745096922 0.12434 -0.03978 0.21032 0.81221 -0.10577 0.57366 0.00629
1403638134.845097065 0.13558 0.00519 0.21813 0.81840 -0.09926 0.56597 0.00734
1403638134.945096970 0.14765 0.04197 0.22650 0.81606 -0.09773 0.56960 0.00786
1403638135.045097113 0.15375 0.07271 0.22852 0.81556 -0.09463 0.57082 0.00869
1403638135.145097017 0.15434 0.09684 0.22513 0.82096 -0.08512 0.56452 0.01022
1403638135.245096922 0.15037 0.10712 0.21767 0.82493 -0.08003 0.55942 0.01180
1403638135.345097065 0.14369 0.10219 0.20688 0.82313 -0.07981 0.56204 0.01375
1403638135.445096970 0.13161 0.08765 0.19605 0.82291 -0.08050 0.56205 0.02086
1403638135.545097113 0.11902 0.06505 0.18701 0.82733 -0.08006 0.55534 0.02692
1403638135.645097017 0.10846 0.03478 0.18479 0.82815 -0.08247 0.55323 0.03607
1403638135.745096922 0.09468 -0.00183 0.18175 0.82209 -0.09719 0.55987 0.03568
1403638135.845097065 0.07617 -0.03479 0.17680 0.82339 -0.10154 0.55709 0.03705
1403638135.945096970 0.05030 -0.06358 0.17790 0.83122 -0.09452 0.54558 0.04985
1403638136.045097113 0.02730 -0.09611 0.19220 0.83059 -0.09492 0.54528 0.06147
1403638136.145097017 0.00154 -0.13506 0.21168 0.81997 -0.10687 0.55864 0.06441
1403638136.245096922 -0.02627 -0.17767 0.22098 0.81316 -0.11714 0.56656 0.06371
1403638136.345097065 -0.05176 -0.21754 0.21769 0.81306 -0.11907 0.56489 0.07521
1403638136.445096970 -0.07280 -0.24503 0.20968 0.81585 -0.11966 0.55966 0.08275
1403638136.545097113 -0.08480 -0.25461 0.20814 0.81744 -0.12801 0.55546 0.08286
1403638136.645097017 -0.08641 -0.24440 0.21731 0.81606 -0.13498 0.55727 0.07265
1403638136.745096922 -0.08033 -0.21831 0.23137 0.81603 -0.13309 0.55941 0.05866
1403638136.845097065 -0.06946 -0.18088 0.24562 0.81283 -0.13065 0.56644 0.03717
1403638136.945096970 -0.05648 -0.13992 0.24960 0.80219 -0.13476 0.58151 0.01354
1403638137.045097113 -0.04452 -0.09884 0.23576 0.79673 -0.13426 0.58923 -0.00003
1403638137.145097017 -0.03458 -0.06318 0.20577 0.80211 -0.12395 0.58416 0.00054
1403638137.245096922 -0.02889 -0.03271 0.16701 0.81230 -0.10923 0.57291 0.00372
1403638137.345097065 -0.02530 -0.00945 0.12634 0.81888 -0.09923 0.56530 0.00427
1403638137.445096970 -0.02442 0.00605 0.08658 0.82534 -0.09203 0.55697 0.01137
1403638137.545097113 -0.02268 0.01717 0.05120 0.83473 -0.08153 0.54410 0.02326
1403638137.645097017 -0.02082 0.02608 0.02293 0.83983 -0.07463 0.53649 0.03580
1403638137.745096922 -0.02082 0.02813 0.00137 0.83795 -0.07854 0.53846 0.04170
1403638137.845097065 -0.02259 0.03029 -0.01562 0.84030 -0.08063 0.53425 0.04433
1403638137.945096970 -0.02356 0.03246 -0.02874 0.84899 -0.07371 0.52067 0.05186
1403638138.045097113 -0.02337 0.03446 -0.03696 0.85417 -0.06713 0.51273 0.05482
1403638138.145097017 -0.02506 0.03456 -0.03808 0.84839 -0.07063 0.52193 0.05329
1403638138.245096922 -0.02572 0.03380 -0.03998 0.84334 -0.07613 0.52959 0.05021
1403638138.345097065 -0.02676 0.03401 -0.03970 0.83946 -0.07718 0.53552 0.05077
1403638138.445096970 -0.02822 0.03412 -0.03923 0.83661 -0.07715 0.53992 0.05122
1403638138.545097113 -0.02809 0.03406 -0.03932 0.83639 -0.07722 0.54028 0.05093
1403638138.645097017 -0.02814 0.03418 -0.03943 0.83641 -0.07747 0.54024 0.05054
1403638138.745096922 -0.02805 0.03419 -0.03962 0.83639 -0.07743 0.54030 0.05031
1403638138.845097065 -0.02806 0.03418 -0.03959 0.83649 -0.07687 0.54023 0.05031
1403638138.945096970 -0.02801 0.03426 -0.03979 0.83653 -0.07726 0.54014 0.04992
1403638139.045097113 -0.02794 0.03440 -0.03988 0.83641 -0.07744 0.54035 0.04942
1403638139.145097017 -0.02793 0.03451 -0.03993 0.83638 -0.07761 0.54041 0.04900
1403638139.245096922 -0.02791 0.03457 -0.04002 0.83634 -0.07779 0.54047 0.04872
1403638139.345097065 -0.02792 0.03455 -0.04002 0.83636 -0.07769 0.54046 0.04869
1403638139.445096970 -0.02776 0.03446 -0.04013 0.83637 -0.07750 0.54046 0.04877
1403638139.545097113 -0.02779 0.03443 -0.04016 0.83635 -0.07745 0.54051 0.04875
1403638139.645097017 -0.02778 0.03443 -0.04019 0.83635 -0.07741 0.54051 0.04869
1403638139.745096922 -0.02776 0.03442 -0.04022 0.83633 -0.07740 0.54056 0.04861
1403638139.845097065 -0.02777 0.03443 -0.04022 0.83633 -0.07737 0.54057 0.04854
1403638139.945096970 -0.02776 0.03446 -0.04024 0.83631 -0.07744 0.54061 0.04837
1403638140.045097113 -0.02775 0.03446 -0.04024 0.83633 -0.07743 0.54060 0.04817
1403638140.145097017 -0.02774 0.03447 -0.04025 0.83630 -0.07736 0.54066 0.04810
1403638140.245096922 -0.02773 0.03447 -0.04029 0.83625 -0.07734 0.54075 0.04796
1403638140.345097065 -0.02774 0.03447 -0.04031 0.83625 -0.07732 0.54076 0.04782
1403638140.445096970 -0.02773 0.03448 -0.04032 0.83623 -0.07728 0.54080 0.04779
1403638140.545097113 -0.02774 0.03447 -0.04032 0.83622 -0.07725 0.54083 0.04766
1403638140.645097017 -0.02774 0.03449 -0.04034 0.83619 -0.07725 0.54089 0.04755
1403638140.745096922 -0.02773 0.03448 -0.04035 0.83615 -0.07720 0.54096 0.04746
1403638140.845097065 -0.02774 0.03449 -0.04035 0.83613 -0.07715 0.54100 0.04741
1403638140.945096970 -0.02773 0.03450 -0.04033 0.83614 -0.07707 0.54100 0.04731
1403638141.045097113 -0.02773 0.03451 -0.04033 0.83609 -0.07703 0.54109 0.04726
1403638141.145097017 -0.02774 0.03450 -0.04035 0.83604 -0.07696 0.54119 0.04716
1403638141.245096922 -0.02773 0.03451 -0.04035 0.83603 -0.07692 0.54121 0.04708
1403638141.345097065 -0.02773 0.03451 -0.04036 0.83601 -0.07691 0.54126 0.04697
1403638141.445096970 -0.02773 0.03451 -0.04034 0.83600 -0.07687 0.54129 0.04689
1403638141.545097113 -0.02773 0.03451 -0.04033 0.83598 -0.07682 0.54134 0.04682
1403638141.645097017 -0.02772 0.03452 -0.04031 0.83597 -0.07680 0.54135 0.04676
1403638141.745096922 -0.02772 0.03453 -0.04032 0.83594 -0.07679 0.54141 0.04670
1403638141.845097065 -0.02771 0.03452 -0.04031 0.83594 -0.07671 0.54144 0.04665
1403638141.945096970 -0.02772 0.03452 -0.04031 0.83592 -0.07670 0.54147 0.04663
1403638142.045097113 -0.02771 0.03455 -0.04028 0.83592 -0.07659 0.54148 0.04652
1403638142.145097017 -0.02771 0.03458 -0.04027 0.83591 -0.07655 0.54151 0.04646
1403638142.245096922 -0.02775 0.03443 -0.04028 0.83591 -0.07698 0.54141 0.04690
1403638142.345097065 -0.02774 0.03446 -0.04025 0.83591 -0.07697 0.54141 0.04691
1403638142.445096970 -0.02773 0.03453 -0.04019 0.83599 -0.07686 0.54131 0.04695
1403638142.545097113 -0.02771 0.03457 -0.04017 0.83602 -0.07676 0.54130 0.04669
1403638142.645097017 -0.02767 0.03459 -0.04017 0.83606 -0.07646 0.54130 0.04638
1403638142.745096922 -0.02767 0.03460 -0.04011 0.83611 -0.07659 0.54118 0.04666
1403638142.845097065 -0.02769 0.03451 -0.04007 0.83617 -0.07671 0.54104 0.04691
1403638142.945096970 -0.02767 0.03455 -0.04004 0.83618 -0.07652 0.54106 0.04688
1403638143.045097113 -0.02766 0.03458 -0.04002 0.83622 -0.07640 0.54102 0.04686
1403638143.145097017 -0.02767 0.03455 -0.04000 0.83622 -0.07639 0.54102 0.04691
1403638143.245096922 -0.02766 0.03450 -0.04000 0.83625 -0.07646 0.54096 0.04692
1403638143.345097065 -0.02766 0.03449 -0.04000 0.83626 -0.07646 0.54094 0.04704
1403638143.445096970 -0.02766 0.03451 -0.03998 0.83622 -0.07655 0.54097 0.04717
1403638143.545097113 -0.02767 0.03449 -0.03999 0.83620 -0.07661 0.54099 0.04720
1403638143.645097017 -0.02766 0.03448 -0.03999 0.83622 -0.07679 0.54094 0.04718
1403638143.745096922 -0.02766 0.03448 -0.03999 0.83618 -0.07677 0.54100 0.04719
1403638143.845097065 -0.02764 0.03449 -0.03998 0.83618 -0.07675 0.54100 0.04714
1403638143.945096970 -0.02765 0.03447 -0.04000 0.83616 -0.07679 0.54103 0.04721
1403638144.045097113 -0.02763 0.03446 -0.03999 0.83618 -0.07683 0.54101 0.04712
1403638144.145097017 -0.02764 0.03446 -0.03999 0.83616 -0.07681 0.54103 0.04720
1403638144.245096922 -0.02764 0.03446 -0.04000 0.83612 -0.07680 0.54109 0.04717
1403638144.345097065 -0.02763 0.03447 -0.04001 0.83611 -0.07680 0.54111 0.04707
1403638144.445096970 -0.02763 0.03446 -0.04002 0.83609 -0.07680 0.54115 0.04708
1403638144.545097113 -0.02763 0.03444 -0.04003 0.83606 -0.07688 0.54118 0.04712
1403638144.645097017 -0.02764 0.03444 -0.04001 0.83603 -0.07677 0.54125 0.04705
1403638144.745096922 -0.02764 0.03445 -0.03998 0.83603 -0.07670 0.54125 0.04711
1403638144.845097065 -0.02762 0.03445 -0.03997 0.83602 -0.07671 0.54128 0.04705
1403638144.945096970 -0.02762 0.03444 -0.03996 0.83607 -0.07667 0.54119 0.04711
1403638145.045097113 -0.02761 0.03444 -0.03996 0.83604 -0.07670 0.54123 0.04709
1403638145.145097017 -0.02761 0.03444 -0.03994 0.83604 -0.07668 0.54123 0.04717
1403638145.245096922 -0.02760 0.03443 -0.03993 0.83600 -0.07664 0.54130 0.04713
1403638145.345097065 -0.02760 0.03443 -0.03992 0.83597 -0.07665 0.54135 0.04709
1403638145.445096970 -0.02760 0.03441 -0.03986 0.83595 -0.07667 0.54136 0.04723
1403638145.545097113 -0.02757 0.03440 -0.03983 0.83591 -0.07660 0.54145 0.04714
1403638145.645097017 -0.02757 0.03441 -0.03982 0.83597 -0.07658 0.54137 0.04704
1403638145.745096922 -0.02756 0.03441 -0.03981 0.83595 -0.07660 0.54140 0.04700
1403638145.845097065 -0.02755 0.03443 -0.03980 0.83592 -0.07657 0.54145 0.04703
1403638145.945096970 -0.02756 0.03441 -0.03979 0.83593 -0.07659 0.54142 0.04707
1403638146.045097113 -0.02755 0.03442 -0.03978 0.83591 -0.07650 0.54147 0.04699
1403638146.145097017 -0.02752 0.03441 -0.03975 0.83594 -0.07648 0.54143 0.04702
1403638146.245096922 -0.02752 0.03442 -0.03973 0.83593 -0.07644 0.54145 0.04712
1403638146.345097065 -0.02749 0.03441 -0.03971 0.83593 -0.07649 0.54143 0.04714
1403638146.445096970 -0.02749 0.03443 -0.03970 0.83588 -0.07651 0.54150 0.04718
1403638146.545097113 -0.02748 0.03441 -0.03966 0.83594 -0.07649 0.54141 0.04722
1403638146.645097017 -0.02747 0.03439 -0.03963 0.83599 -0.07651 0.54132 0.04733
1403638146.745096922 -0.02747 0.03440 -0.03963 0.83595 -0.07644 0.54138 0.04740
1403638146.845097065 -0.02744 0.03439 -0.03961 0.83599 -0.07641 0.54132 0.04749
1403638146.945096970 -0.02743 0.03441 -0.03961 0.83602 -0.07645 0.54127 0.04749
1403638147.045097113 -0.02740 0.03447 -0.03960 0.83609 -0.07642 0.54115 0.04764
1403638147.145097017 -0.02736 0.03461 -0.03966 0.83622 -0.07640 0.54097 0.04738
1403638147.245096922 -0.02736 0.03461 -0.03967 0.83621 -0.07635 0.54099 0.04740
1403638147.345097065 -0.02735 0.03458 -0.03962 0.83611 -0.07634 0.54114 0.04762
1403638147.445096970 -0.02735 0.03454 -0.03956 0.83606 -0.07636 0.54121 0.04757
1403638147.545097113 -0.02737 0.03442 -0.03938 0.83554 -0.07647 0.54202 0.04737
1403638147.645097017 -0.02712 0.03439 -0.03944 0.83546 -0.07568 0.54228 0.04709
1403638147.745096922 -0.02609 0.03431 -0.03906 0.83487 -0.07531 0.54331 0.04629
1403638147.845097065 -0.02272 0.03299 -0.03612 0.83040 -0.07746 0.54962 0.04856
1403638147.945096970 -0.01586 0.03116 -0.02852 0.82217 -0.07951 0.56134 0.05103
1403638148.045097113 -0.00616 0.02921 -0.01450 0.81639 -0.07962 0.56961 0.05209
1403638148.145097017 0.00451 0.02700 0.00747 0.81249 -0.07769 0.57538 0.05255
1403638148.245096922 0.01464 0.02496 0.04152 0.81099 -0.07517 0.57795 0.05117
1403638148.345097065 0.02263 0.02356 0.09000 0.81042 -0.07202 0.57928 0.04966
1403638148.445096970 0.02865 0.02223 0.13515 0.81178 -0.06902 0.57782 0.04860
1403638148.545097113 0.03424 0.02190 0.15669 0.81673 -0.06604 0.57111 0.04924
1403638148.645097017 0.04013 0.02232 0.15495 0.82099 -0.06380 0.56530 0.04840
1403638148.745096922 0.04880 0.02369 0.14393 0.82404 -0.06244 0.56117 0.04641
1403638148.845097065 0.06105 0.02501 0.13973 0.82567 -0.06132 0.55905 0.04442
1403638148.945096970 0.07534 0.02721 0.14576 0.82523 -0.06000 0.55993 0.04333
1403638149.045097113 0.09179 0.02947 0.16500 0.82219 -0.05831 0.56463 0.04244
1403638149.145097017 0.11084 0.03222 0.19512 0.81908 -0.05683 0.56928 0.04239
1403638149.245096922 0.13148 0.03599 0.22500 0.81742 -0.05689 0.57172 0.04150
1403638149.345097065 0.15541 0.03788 0.25572 0.81625 -0.05836 0.57340 0.03915
1403638149.445096970 0.17538 0.04261 0.27849 0.81532 -0.05814 0.57475 0.03910
1403638149.545097113 0.19723 0.04570 0.29892 0.81478 -0.05711 0.57554 0.04038
1403638149.645097017 0.21657 0.05100 0.31059 0.81509 -0.05416 0.57541 0.03996
1403638149.745096922 0.23651 0.05682 0.31908 0.81518 -0.04843 0.57600 0.03699
1403638149.845097065 0.25664 0.06293 0.32401 0.81585 -0.04394 0.57560 0.03376
1403638149.945096970 0.28389 0.07045 0.33278 0.81595 -0.04081 0.57579 0.03191
1403638150.045097113 0.30659 0.07980 0.33249 0.81609 -0.03565 0.57575 0.03529
1403638150.145097017 0.33627 0.09320 0.33366 0.81652 -0.02907 0.57501 0.04262
1403638150.245096922 0.36262 0.10956 0.32530 0.81637 -0.02403 0.57488 0.04973
1403638150.345097065 0.39037 0.13094 0.31407 0.81932 -0.02442 0.57064 0.04993
1403638150.445096970 0.42029 0.15927 0.30378 0.82529 -0.02635 0.56256 0.04155
1403638150.545097113 0.44972 0.19007 0.29531 0.82981 -0.02387 0.55663 0.03177
1403638150.645097017 0.48415 0.22507 0.29985 0.83185 -0.02006 0.55409 0.02457
1403638150.745096922 0.52201 0.26038 0.31034 0.83117 -0.01536 0.55544 0.02029
1403638150.845097065 0.56530 0.29878 0.32674 0.82942 -0.00687 0.55833 0.01655
1403638150.945096970 0.61051 0.33884 0.33981 0.82641 0.00185 0.56292 0.01313
1403638151.045097113 0.65824 0.38055 0.34821 0.82343 0.01157 0.56724 0.00803
1403638151.145097017 0.70416 0.42473 0.35117 0.82047 0.02709 0.57105 0.00116
1403638151.245096922 0.74957 0.47059 0.34650 0.82007 0.04544 0.57033 -0.01176
1403638151.345097065 0.79573 0.51999 0.33880 0.81982 0.06534 0.56829 -0.02602
1403638151.445096970 0.83997 0.57113 0.33307 0.81824 0.08468 0.56696 -0.04325
1403638151.545097113 0.88242 0.62382 0.33301 0.81595 0.10358 0.56583 -0.05777
1403638151.645097017 0.92525 0.67774 0.33816 0.81394 0.11827 0.56462 -0.06866
1403638151.745096922 0.96767 0.73323 0.35081 0.81248 0.12894 0.56350 -0.07560
1403638151.845097065 1.01021 0.79011 0.37237 0.81218 0.13577 0.56169 -0.08016
1403638151.945096970 1.05282 0.84823 0.40010 0.81212 0.14026 0.56055 -0.08111
1403638152.045097113 1.09538 0.90823 0.42750 0.81242 0.14198 0.55954 -0.08199
1403638152.145097017 1.13802 0.97067 0.45013 0.81232 0.14330 0.55948 -0.08120
1403638152.245096922 1.18053 1.03609 0.46642 0.81218 0.14384 0.55971 -0.08001
1403638152.345097065 1.22263 1.10265 0.47644 0.81167 0.14492 0.56061 -0.07680
1403638152.445096970 1.26444 1.17298 0.47827 0.81206 0.14555 0.56033 -0.07358
1403638152.545097113 1.30068 1.24473 0.47246 0.81195 0.14624 0.56057 -0.07157
1403638152.645097017 1.34111 1.32268 0.46389 0.81342 0.14438 0.55858 -0.07409
1403638152.745096922 1.37957 1.40381 0.45810 0.81363 0.14583 0.55704 -0.08031
1403638152.845097065 1.41796 1.48934 0.46185 0.81107 0.15033 0.55795 -0.09083
1403638152.945096970 1.45792 1.57699 0.47462 0.80576 0.15905 0.56119 -0.10260
1403638153.045097113 1.49614 1.66208 0.49235 0.80438 0.17165 0.55750 -0.11275
1403638153.145097017 1.53486 1.74557 0.51307 0.80559 0.18273 0.55066 -0.12006
1403638153.245096922 1.57770 1.82970 0.53125 0.80569 0.19101 0.54673 -0.12434
1403638153.345097065 1.62167 1.91393 0.54468 0.80459 0.20044 0.54388 -0.12905
1403638153.445096970 1.66817 2.00328 0.55600 0.80197 0.21360 0.54147 -0.13425
1403638153.545097113 1.71250 2.09096 0.56961 0.79809 0.23257 0.53922 -0.13489
1403638153.645097017 1.75637 2.18280 0.58947 0.79327 0.25074 0.53675 -0.14052
1403638153.745096922 1.80031 2.27994 0.61075 0.78712 0.26502 0.53517 -0.15427
1403638153.845097065 1.84486 2.38035 0.62746 0.78124 0.27716 0.53430 -0.16542
1403638153.945096970 1.88971 2.48335 0.63897 0.77504 0.28368 0.53658 -0.17585
1403638154.045097113 1.93207 2.58614 0.64369 0.77152 0.28677 0.53731 -0.18389
1403638154.145097017 1.97487 2.69388 0.64451 0.76690 0.28935 0.54132 -0.18738
1403638154.245096922 2.01935 2.80653 0.64265 0.76206 0.29082 0.54710 -0.18806
1403638154.345097065 2.06050 2.91837 0.63647 0.75837 0.28957 0.55233 -0.18964
1403638154.445096970 2.10105 3.03419 0.62836 0.75328 0.28666 0.55996 -0.19197
1403638154.545097113 2.13362 3.14427 0.61554 0.75235 0.28466 0.56186 -0.19302
1403638154.645097017 2.15944 3.25503 0.61131 0.75430 0.28650 0.55743 -0.19551
1403638154.745096922 2.17758 3.36014 0.61081 0.75673 0.29408 0.54956 -0.19712
1403638154.845097065 2.19193 3.46548 0.61983 0.75674 0.30386 0.54469 -0.19577
1403638154.945096970 2.20075 3.56727 0.63580 0.75458 0.31327 0.54241 -0.19558
1403638155.045097113 2.20361 3.67101 0.65862 0.74992 0.32255 0.54168 -0.20043
1403638155.145097017 2.20390 3.78211 0.68451 0.74444 0.33197 0.54080 -0.20772
1403638155.245096922 2.19893 3.88946 0.70587 0.73918 0.33769 0.54120 -0.21607
1403638155.345097065 2.18786 3.99799 0.71991 0.73286 0.34350 0.54398 -0.22136
1403638155.445096970 2.17173 4.10619 0.72733 0.72555 0.35219 0.54609 -0.22655
1403638155.545097113 2.14922 4.21535 0.72775 0.72016 0.36051 0.54361 -0.23643
1403638155.645097017 2.12061 4.32299 0.72326 0.71383 0.36760 0.53972 -0.25300
1403638155.745096922 2.08639 4.42595 0.71518 0.70531 0.37813 0.53533 -0.27015
1403638155.845097065 2.04741 4.52473 0.70231 0.69807 0.39261 0.52683 -0.28463
1403638155.945096970 2.00333 4.61764 0.68777 0.69366 0.41179 0.51150 -0.29604
1403638156.045097113 1.95618 4.70571 0.67837 0.68940 0.43439 0.49274 -0.30536
1403638156.145097017 1.90818 4.79076 0.67812 0.68300 0.45441 0.47661 -0.31603
1403638156.245096922 1.86195 4.87480 0.68621 0.67564 0.46990 0.46441 -0.32715
1403638156.345097065 1.81818 4.95881 0.69703 0.67037 0.48488 0.45167 -0.33390
1403638156.445096970 1.77730 5.03943 0.70293 0.66663 0.49464 0.44210 -0.33982
1403638156.545097113 1.73949 5.12356 0.70270 0.66391 0.50027 0.43706 -0.34340
1403638156.645097017 1.70438 5.21003 0.69608 0.66204 0.50314 0.43511 -0.34529
1403638156.745096922 1.67049 5.29731 0.68344 0.66103 0.50463 0.43433 -0.34605
1403638156.845097065 1.64292 5.39227 0.66802 0.66161 0.50469 0.43412 -0.34511
1403638156.945096970 1.61441 5.49031 0.65135 0.66259 0.50407 0.43471 -0.34340
1403638157.045097113 1.59215 5.59262 0.64122 0.66490 0.50253 0.43451 -0.34142
1403638157.145097017 1.57254 5.69904 0.63858 0.66818 0.50194 0.43260 -0.33831
1403638157.245096922 1.55500 5.80819 0.64157 0.67078 0.50087 0.43137 -0.33630
1403638157.345097065 1.53640 5.92400 0.65282 0.66792 0.50230 0.43375 -0.33680
1403638157.445096970 1.52648 6.04121 0.66286 0.66309 0.50546 0.43824 -0.33582
1403638157.545097113 1.51617 6.16217 0.66805 0.65637 0.50883 0.44111 -0.34013
1403638157.645097017 1.50237 6.28307 0.66919 0.64521 0.51564 0.44393 -0.34747
1403638157.745096922 1.48875 6.40824 0.66920 0.63072 0.52742 0.44516 -0.35475
1403638157.845097065 1.47408 6.53244 0.67578 0.61753 0.54061 0.43918 -0.36540
1403638157.945096970 1.45637 6.65315 0.69182 0.60548 0.55289 0.42984 -0.37807
1403638158.045097113 1.43743 6.77120 0.71112 0.59733 0.56363 0.41914 -0.38709
1403638158.145097017 1.41856 6.88832 0.72583 0.59267 0.56936 0.40858 -0.39703
1403638158.245096922 1.40101 7.00123 0.73426 0.58918 0.57305 0.40161 -0.40395
1403638158.345097065 1.38572 7.12011 0.73654 0.58471 0.57786 0.40093 -0.40428
1403638158.445096970 1.37229 7.23569 0.73541 0.58076 0.58119 0.40339 -0.40276
1403638158.545097113 1.35790 7.34956 0.73008 0.57697 0.58323 0.40769 -0.40093
1403638158.645097017 1.34087 7.46205 0.72296 0.57565 0.58317 0.41061 -0.39993
1403638158.745096922 1.32196 7.57536 0.71598 0.57818 0.58069 0.40864 -0.40189
1403638158.845097065 1.30093 7.69198 0.71153 0.58447 0.57885 0.40220 -0.40195
1403638158.945096970 1.28187 7.80247 0.71290 0.58989 0.57778 0.39642 -0.40131
1403638159.045097113 1.26302 7.91598 0.72412 0.59560 0.57959 0.39018 -0.39636
1403638159.145097017 1.24683 8.03020 0.73978 0.60286 0.58347 0.38132 -0.38821
1403638159.245096922 1.23192 8.15234 0.75241 0.60720 0.58692 0.37653 -0.38087
1403638159.345097065 1.22018 8.28183 0.76132 0.60364 0.57955 0.38399 -0.39024
1403638159.445096970 1.21001 8.41270 0.76794 0.59507 0.56803 0.39795 -0.40605
1403638159.545097113 1.20265 8.54112 0.77887 0.58863 0.55380 0.40707 -0.42558
1403638159.645097017 1.20008 8.66579 0.79522 0.58789 0.54104 0.40661 -0.44310
1403638159.745096922 1.20604 8.78713 0.82052 0.58870 0.53437 0.40379 -0.45259
1403638159.845097065 1.22209 8.89832 0.85402 0.58402 0.53616 0.41028 -0.45069
1403638159.945096970 1.24631 8.99516 0.89626 0.57762 0.54516 0.41995 -0.43909
1403638160.045097113 1.27400 9.06938 0.94765 0.57356 0.55191 0.42468 -0.43135
1403638160.145097017 1.30344 9.13379 1.00562 0.57473 0.55835 0.42179 -0.42430
1403638160.245096922 1.33363 9.19388 1.07195 0.58152 0.56832 0.41098 -0.41223
1403638160.345097065 1.36529 9.24820 1.14381 0.58700 0.57616 0.40163 -0.40269
1403638160.445096970 1.39712 9.30409 1.21921 0.58972 0.57980 0.39685 -0.39821
1403638160.545097113 1.43016 9.36711 1.29013 0.59092 0.58103 0.39507 -0.39640
1403638160.645097017 1.46214 9.43663 1.35772 0.59216 0.58116 0.39334 -0.39609
1403638160.745096922 1.49345 9.50636 1.42046 0.59119 0.57838 0.39474 -0.40019
1403638160.845097065 1.52677 9.56856 1.47709 0.59112 0.56761 0.39943 -0.41093
1403638160.945096970 1.56340 9.63172 1.53152 0.59345 0.55185 0.40943 -0.41910
1403638161.045097113 1.60475 9.69310 1.58202 0.59946 0.53812 0.42041 -0.41754
1403638161.145097017 1.64983 9.74998 1.63018 0.60950 0.52613 0.42985 -0.40857
1403638161.245096922 1.69813 9.80350 1.67527 0.62389 0.51381 0.43835 -0.39320
1403638161.345097065 1.74928 9.85579 1.72021 0.63973 0.49905 0.44651 -0.37726
1403638161.445096970 1.80065 9.90414 1.76324 0.65533 0.48954 0.44828 -0.36046
1403638161.545097113 1.85332 9.95326 1.80339 0.66667 0.48380 0.44867 -0.34669
1403638161.645097017 1.90612 9.99961 1.83829 0.67475 0.47704 0.44903 -0.33987
1403638161.745096922 1.96045 10.04645 1.86743 0.67984 0.46956 0.44926 -0.33985
1403638161.845097065 2.01802 10.09361 1.89221 0.68150 0.46209 0.45473 -0.33950
1403638161.945096970 2.07836 10.13940 1.91194 0.68365 0.45327 0.46206 -0.33714
1403638162.045097113 2.13968 10.18456 1.92988 0.68718 0.44659 0.46589 -0.33359
1403638162.145097017 2.20459 10.22929 1.95571 0.69130 0.44242 0.46578 -0.33079
1403638162.245096922 2.27211 10.27145 1.98734 0.69634 0.43910 0.46232 -0.32949
1403638162.345097065 2.34313 10.31185 2.01570 0.69990 0.43571 0.45957 -0.33030
1403638162.445096970 2.42054 10.35276 2.03923 0.69997 0.43247 0.46058 -0.33298
1403638162.545097113 2.50086 10.39039 2.05984 0.69810 0.43300 0.46380 -0.33174
1403638162.645097017 2.58365 10.42594 2.08284 0.69604 0.43669 0.46645 -0.32749
1403638162.745096922 2.67112 10.46125 2.11411 0.69485 0.44113 0.46715 -0.32305
1403638162.845097065 2.76009 10.49393 2.15164 0.69836 0.43822 0.46487 -0.32272
1403638162.945096970 2.85271 10.52414 2.19693 0.70068 0.42891 0.46653 -0.32776
1403638163.045097113 2.94914 10.55457 2.24250 0.69765 0.42011 0.47590 -0.33212
1403638163.145097017 3.04939 10.58111 2.27530 0.69871 0.41170 0.48189 -0.33179
1403638163.245096922 3.15487 10.60425 2.29023 0.70340 0.40642 0.48648 -0.32154
1403638163.345097065 3.26326 10.62414 2.29646 0.70883 0.39916 0.49297 -0.30857
1403638163.445096970 3.37672 10.64170 2.30044 0.71456 0.38867 0.50046 -0.29646
1403638163.545097113 3.48708 10.65532 2.30481 0.72009 0.37884 0.50500 -0.28796
1403638163.645097017 3.59438 10.66646 2.31592 0.72450 0.37271 0.50667 -0.28192
1403638163.745096922 3.70142 10.67461 2.33678 0.72670 0.36865 0.50874 -0.27784
1403638163.845097065 3.80515 10.67943 2.36638 0.72722 0.36534 0.51070 -0.27724
1403638163.945096970 3.90866 10.68116 2.40243 0.72880 0.36311 0.50934 -0.27851
1403638164.045097113 4.01366 10.68192 2.44406 0.73134 0.36033 0.50526 -0.28288
1403638164.145097017 4.11936 10.67909 2.49357 0.73159 0.35862 0.50353 -0.28744
1403638164.245096922 4.22850 10.67193 2.54183 0.73031 0.35747 0.50369 -0.29181
1403638164.345097065 4.33787 10.66157 2.58572 0.72871 0.35643 0.50433 -0.29596
1403638164.445096970 4.44865 10.64481 2.62157 0.72712 0.35745 0.50488 -0.29770
1403638164.545097113 4.56057 10.62109 2.65391 0.72764 0.35640 0.50292 -0.30100
1403638164.645097017 4.67654 10.59367 2.68061 0.72924 0.35388 0.50150 -0.30246
1403638164.745096922 4.79630 10.55943 2.70311 0.73008 0.35094 0.50602 -0.29625
1403638164.845097065 4.92116 10.52083 2.72286 0.72542 0.35401 0.51837 -0.28238
1403638164.945096970 5.04151 10.47786 2.73926 0.72158 0.35566 0.52839 -0.27135
1403638165.045097113 5.15493 10.43076 2.75136 0.72093 0.34575 0.53353 -0.27580
1403638165.145097017 5.26690 10.37883 2.75689 0.72654 0.33398 0.53178 -0.27894
1403638165.245096922 5.37165 10.32213 2.75606 0.73625 0.33117 0.52388 -0.27170
1403638165.345097065 5.47312 10.26159 2.74857 0.74666 0.32725 0.51366 -0.26752
1403638165.445096970 5.57902 10.19958 2.73867 0.74964 0.32251 0.51272 -0.26672
1403638165.545097113 5.68608 10.13291 2.72674 0.74343 0.31890 0.52456 -0.26543
1403638165.645097017 5.79351 10.06164 2.71158 0.73376 0.31698 0.53993 -0.26381
1403638165.745096922 5.89638 9.98516 2.68828 0.72656 0.31656 0.55096 -0.26142
1403638165.845097065 5.99203 9.90230 2.65994 0.72902 0.31988 0.54822 -0.25623
1403638165.945096970 6.08345 9.81367 2.63543 0.73516 0.32406 0.53991 -0.25104
1403638166.045097113 6.17099 9.72146 2.61915 0.74241 0.32783 0.52937 -0.24723
1403638166.145097017 6.25661 9.62807 2.61516 0.74507 0.33441 0.52478 -0.24009
1403638166.245096922 6.34053 9.53857 2.62840 0.74554 0.33869 0.52231 -0.23800
1403638166.345097065 6.42123 9.45065 2.66173 0.74444 0.34264 0.52209 -0.23628
1403638166.445096970 6.49489 9.36754 2.71279 0.74413 0.34545 0.52135 -0.23479
1403638166.545097113 6.56031 9.29102 2.76356 0.74366 0.34629 0.52088 -0.23608
1403638166.645097017 6.62350 9.21681 2.80774 0.74337 0.34663 0.52049 -0.23735
1403638166.745096922 6.68494 9.14659 2.84328 0.74525 0.34404 0.51719 -0.24238
1403638166.845097065 6.74813 9.07763 2.86865 0.75329 0.33903 0.50478 -0.25063
1403638166.945096970 6.81888 9.00649 2.88451 0.76392 0.33731 0.48806 -0.25387
1403638167.045097113 6.89578 8.94270 2.89724 0.76957 0.34034 0.47937 -0.24927
1403638167.145097017 6.98127 8.88335 2.91404 0.76993 0.34485 0.47868 -0.24323
1403638167.245096922 7.07678 8.82998 2.93802 0.76750 0.34882 0.48234 -0.23794
1403638167.345097065 7.17741 8.78395 2.96905 0.76483 0.35020 0.48658 -0.23587
1403638167.445096970 7.28308 8.74356 3.00263 0.76343 0.34869 0.48936 -0.23691
1403638167.545097113 7.39512 8.70434 3.03240 0.76039 0.34515 0.49456 -0.24102
1403638167.645097017 7.50893 8.66867 3.05503 0.75900 0.33611 0.49833 -0.25024
1403638167.745096922 7.62568 8.63381 3.07073 0.76047 0.32442 0.50154 -0.25476
1403638167.845097065 7.74728 8.59705 3.08165 0.76510 0.30984 0.50302 -0.25612
1403638167.945096970 7.87334 8.55965 3.08885 0.76926 0.29545 0.50741 -0.25195
1403638168.045097113 8.00669 8.51537 3.09495 0.77333 0.28252 0.51229 -0.24431
1403638168.145097017 8.14433 8.46827 3.10736 0.77657 0.27187 0.51643 -0.23734
1403638168.245096922 8.28186 8.41529 3.12701 0.77982 0.26215 0.52155 -0.22614
1403638168.345097065 8.42133 8.35716 3.15263 0.78332 0.25149 0.52706 -0.21300
1403638168.445096970 8.56378 8.29620 3.18485 0.78604 0.24126 0.53313 -0.19929
1403638168.545097113 8.70733 8.23467 3.21424 0.79093 0.23973 0.53317 -0.18079
1403638168.645097017 8.85078 8.17615 3.23580 0.79604 0.24141 0.53038 -0.16351
1403638168.745096922 8.99497 8.12303 3.24985 0.79893 0.24265 0.52874 -0.15255
1403638168.845097065 9.13969 8.07696 3.25816 0.80095 0.24277 0.52691 -0.14804
1403638168.945096970 9.28516 8.03982 3.26126 0.80195 0.24350 0.52558 -0.14610
1403638169.045097113 9.43284 8.01110 3.26018 0.79872 0.24505 0.52938 -0.14746
1403638169.145097017 9.58118 7.99079 3.25404 0.79321 0.24192 0.53623 -0.15731
1403638169.245096922 9.72932 7.97383 3.24087 0.79066 0.23568 0.53886 -0.17014
1403638169.345097065 9.87822 7.95658 3.22175 0.78850 0.21998 0.54350 -0.18572
1403638169.445096970 10.02542 7.93328 3.20066 0.78640 0.20061 0.55051 -0.19565
1403638169.545097113 10.17303 7.90147 3.18237 0.78587 0.18374 0.55777 -0.19376
1403638169.645097017 10.32164 7.85990 3.17185 0.78809 0.17005 0.56342 -0.18044
1403638169.745096922 10.46569 7.80740 3.16537 0.79249 0.15874 0.56690 -0.15934
1403638169.845097065 10.60459 7.74742 3.16849 0.79588 0.14969 0.57198 -0.13041
1403638169.945096970 10.74044 7.68497 3.18085 0.79587 0.13820 0.58051 -0.10242
1403638170.045097113 10.86883 7.62458 3.19953 0.79202 0.12010 0.59268 -0.08376
1403638170.145097017 10.99175 7.56641 3.21501 0.79206 0.09660 0.59838 -0.07250
1403638170.245096922 11.10780 7.50823 3.22146 0.79478 0.07094 0.59936 -0.06374
1403638170.345097065 11.21637 7.45017 3.22099 0.79877 0.04489 0.59736 -0.05583
1403638170.445096970 11.32396 7.38899 3.21278 0.80375 0.02123 0.59291 -0.04471
1403638170.545097113 11.42124 7.32568 3.20574 0.80489 -0.00475 0.59207 -0.03987
1403638170.645097017 11.51834 7.25558 3.20546 0.80169 -0.02809 0.59621 -0.03233
1403638170.745096922 11.60187 7.18030 3.21387 0.79932 -0.04802 0.59861 -0.02137
1403638170.845097065 11.67847 7.09709 3.22649 0.79788 -0.06589 0.59914 -0.00852
1403638170.945096970 11.74005 7.00932 3.23643 0.79726 -0.08235 0.59796 0.00664
1403638171.045097113 11.78969 6.91738 3.24096 0.79438 -0.09919 0.59892 0.02048
1403638171.145097017 11.83187 6.82188 3.24251 0.79146 -0.11320 0.59988 0.03039
1403638171.245096922 11.85945 6.72473 3.24047 0.78863 -0.12467 0.60104 0.03562
1403638171.345097065 11.87374 6.62659 3.23719 0.78653 -0.13172 0.60203 0.03985
1403638171.445096970 11.88248 6.52234 3.23202 0.78390 -0.13841 0.60369 0.04360
1403638171.545097113 11.88235 6.41501 3.22578 0.78059 -0.14581 0.60617 0.04446
1403638171.645097017 11.87754 6.29986 3.21641 0.77723 -0.15356 0.60837 0.04706
1403638171.745096922 11.86287 6.17941 3.20513 0.77359 -0.16449 0.60995 0.04974
1403638171.845097065 11.83621 6.05413 3.19510 0.76978 -0.17471 0.61171 0.05228
1403638171.945096970 11.79633 5.92306 3.18981 0.76425 -0.18177 0.61612 0.05715
1403638172.045097113 11.74322 5.78563 3.19090 0.76249 -0.18432 0.61672 0.06553
1403638172.145097017 11.67647 5.64426 3.19548 0.76242 -0.18526 0.61580 0.07200
1403638172.245096922 11.59863 5.49964 3.19429 0.76344 -0.18610 0.61390 0.07518
1403638172.345097065 11.50814 5.35437 3.18337 0.76396 -0.18548 0.61313 0.07770
1403638172.445096970 11.40777 5.20803 3.16280 0.76305 -0.18489 0.61447 0.07742
1403638172.545097113 11.29935 5.05954 3.13213 0.76071 -0.18499 0.61768 0.07463
1403638172.645097017 11.18152 4.90877 3.09350 0.75907 -0.18465 0.62026 0.07063
1403638172.745096922 11.05178 4.75401 3.04784 0.75974 -0.18334 0.62018 0.06759
1403638172.845097065 10.91007 4.59844 2.99678 0.75948 -0.18293 0.62110 0.06299
1403638172.945096970 10.75543 4.43614 2.94325 0.76140 -0.18196 0.61949 0.05816
1403638173.045097113 10.58842 4.27129 2.88574 0.76526 -0.18186 0.61531 0.05196
1403638173.145097017 10.41211 4.10161 2.82097 0.77044 -0.18181 0.60929 0.04619
1403638173.245096922 10.22655 3.92532 2.75035 0.77491 -0.17744 0.60469 0.04871
1403638173.345097065 10.03430 3.74172 2.67391 0.77968 -0.17138 0.59971 0.05537
1403638173.445096970 9.83708 3.55482 2.59045 0.78281 -0.16098 0.59687 0.07104
1403638173.545097113 9.63867 3.36706 2.49616 0.78624 -0.15387 0.59279 0.08209
1403638173.645097017 9.44038 3.17962 2.39934 0.78726 -0.15155 0.59143 0.08644
1403638173.745096922 9.24011 2.99475 2.29781 0.78770 -0.15161 0.59069 0.08736
1403638173.845097065 9.03920 2.81381 2.19606 0.78856 -0.15345 0.58912 0.08694
1403638173.945096970 8.83759 2.63629 2.10007 0.78842 -0.15320 0.58916 0.08839
1403638174.045097113 8.63165 2.46294 2.01032 0.78995 -0.15378 0.58695 0.08845
1403638174.145097017 8.42245 2.29165 1.92668 0.79028 -0.15329 0.58649 0.08939
1403638174.245096922 8.21152 2.12356 1.84232 0.79482 -0.15302 0.58038 0.08954
1403638174.345097065 8.00124 1.95914 1.75194 0.79993 -0.15315 0.57345 0.08838
1403638174.445096970 7.79600 1.79740 1.65736 0.80371 -0.15294 0.56831 0.08764
1403638174.545097113 7.59598 1.63877 1.56614 0.80648 -0.15407 0.56450 0.08476
1403638174.645097017 7.40406 1.47885 1.48105 0.81105 -0.15145 0.55815 0.08790
1403638174.745096922 7.21645 1.32092 1.40160 0.81555 -0.14988 0.55169 0.08979
1403638174.845097065 7.03254 1.16618 1.33116 0.81872 -0.14921 0.54703 0.09049
1403638174.945096970 6.85618 1.01345 1.26594 0.82009 -0.14857 0.54488 0.09212
1403638175.045097113 6.68392 0.86301 1.20688 0.81933 -0.14788 0.54587 0.09408
1403638175.145097017 6.51868 0.71306 1.15333 0.81875 -0.14835 0.54623 0.09629
1403638175.245096922 6.35933 0.56643 1.10531 0.81912 -0.14826 0.54526 0.09876
1403638175.345097065 6.20904 0.41979 1.06409 0.82318 -0.14951 0.53861 0.09958
1403638175.445096970 6.06545 0.27510 1.03024 0.82877 -0.14816 0.52967 0.10316
1403638175.545097113 5.93333 0.13055 1.00489 0.83594 -0.14602 0.51818 0.10662
1403638175.645097017 5.81346 -0.00867 0.98806 0.84320 -0.14775 0.50628 0.10422
1403638175.745096922 5.71142 -0.14264 0.97809 0.84839 -0.14873 0.49782 0.10141
1403638175.845097065 5.62964 -0.27266 0.96522 0.85197 -0.14760 0.49193 0.10186
1403638175.945096970 5.56680 -0.39994 0.94236 0.85250 -0.14344 0.49133 0.10614
1403638176.045097113 5.52421 -0.52355 0.91793 0.84780 -0.13634 0.49967 0.11392
1403638176.145097017 5.49571 -0.64686 0.89367 0.83582 -0.12855 0.51948 0.12253
1403638176.245096922 5.47867 -0.76425 0.87489 0.82052 -0.13027 0.54359 0.11955
1403638176.345097065 5.46760 -0.87445 0.86082 0.81153 -0.12989 0.55688 0.12012
1403638176.445096970 5.46190 -0.97560 0.85096 0.80924 -0.12949 0.55990 0.12200
1403638176.545097113 5.46128 -1.06854 0.84695 0.80934 -0.12964 0.55943 0.12326
1403638176.645097017 5.46384 -1.15554 0.84695 0.81084 -0.12972 0.55705 0.12414
1403638176.745096922 5.46751 -1.23672 0.85359 0.81114 -0.12990 0.55656 0.12419
1403638176.845097065 5.47567 -1.31531 0.86706 0.81106 -0.13264 0.55692 0.12009
1403638176.945096970 5.48379 -1.38357 0.88163 0.81153 -0.13454 0.55630 0.11767
1403638177.045097113 5.49533 -1.45470 0.89147 0.81291 -0.13329 0.55426 0.11918
1403638177.145097017 5.50919 -1.51207 0.89536 0.81342 -0.13144 0.55321 0.12261
1403638177.245096922 5.52689 -1.56593 0.89113 0.81373 -0.12980 0.55258 0.12511
1403638177.345097065 5.55084 -1.61874 0.87959 0.81371 -0.12923 0.55256 0.12590
1403638177.445096970 5.57550 -1.65767 0.86456 0.81420 -0.13043 0.55167 0.12546
1403638177.545097113 5.60434 -1.69311 0.84512 0.81284 -0.13757 0.55383 0.11679
1403638177.645097017 5.63776 -1.73032 0.82049 0.81126 -0.14670 0.55616 0.10494
1403638177.745096922 5.67048 -1.76066 0.79267 0.80885 -0.15614 0.55875 0.09580
1403638177.845097065 5.70751 -1.79660 0.76151 0.80201 -0.16375 0.56731 0.09020
1403638177.945096970 5.73945 -1.82875 0.73412 0.79484 -0.16754 0.57635 0.08934
1403638178.045097113 5.76966 -1.86769 0.71315 0.79013 -0.16810 0.58191 0.09391
1403638178.145097017 5.79382 -1.90794 0.70112 0.78740 -0.17196 0.58282 0.10364
1403638178.245096922 5.81051 -1.95054 0.69487 0.78246 -0.18319 0.58447 0.11222
1403638178.345097065 5.82035 -1.99363 0.69842 0.77715 -0.19903 0.58432 0.12246
1403638178.445096970 5.82134 -2.03338 0.70548 0.77245 -0.21913 0.58085 0.13382
1403638178.545097113 5.81569 -2.07331 0.70742 0.77039 -0.24232 0.57164 0.14492
1403638178.645097017 5.80378 -2.11302 0.70459 0.76776 -0.26645 0.56198 0.15404
1403638178.745096922 5.78865 -2.15494 0.69864 0.76197 -0.28812 0.55595 0.16525
1403638178.845097065 5.76883 -2.19989 0.68993 0.75775 -0.30654 0.54790 0.17789
1403638178.945096970 5.74528 -2.24719 0.67759 0.75667 -0.32058 0.53830 0.18684
1403638179.045097113 5.71962 -2.29631 0.66088 0.75878 -0.33015 0.52719 0.19321
1403638179.145097017 5.69424 -2.35059 0.64148 0.76065 -0.33580 0.51816 0.20041
1403638179.245096922 5.67005 -2.40983 0.61792 0.76163 -0.34078 0.50966 0.20983
1403638179.345097065 5.64917 -2.47394 0.59075 0.76080 -0.34852 0.50167 0.21917
1403638179.445096970 5.63228 -2.54333 0.56322 0.75081 -0.36053 0.50369 0.22934
1403638179.545097113 5.61704 -2.61511 0.53333 0.73578 -0.37538 0.50950 0.24108
1403638179.645097017 5.60104 -2.68769 0.50176 0.72300 -0.39221 0.50923 0.25324
1403638179.745096922 5.58327 -2.76034 0.47564 0.71097 -0.40911 0.50574 0.26718
1403638179.845097065 5.56342 -2.83203 0.45690 0.69958 -0.42590 0.50027 0.28094
1403638179.945096970 5.54305 -2.90458 0.44408 0.69202 -0.44306 0.49057 0.29010
1403638180.045097113 5.52322 -2.97776 0.43527 0.68900 -0.45794 0.47894 0.29359
1403638180.145097017 5.50172 -3.05238 0.42933 0.68431 -0.46836 0.47386 0.29634
1403638180.245096922 5.48258 -3.13068 0.42755 0.68152 -0.47284 0.47067 0.30070
1403638180.345097065 5.46196 -3.21132 0.41864 0.68052 -0.47679 0.46817 0.30063
1403638180.445096970 5.44117 -3.29533 0.40408 0.68197 -0.47663 0.46460 0.30314
1403638180.545097113 5.41990 -3.38252 0.38505 0.68299 -0.47369 0.46347 0.30714
1403638180.645097017 5.39939 -3.47263 0.36602 0.68605 -0.47149 0.46030 0.30849
1403638180.745096922 5.38019 -3.56512 0.35135 0.69088 -0.47062 0.45553 0.30609
1403638180.845097065 5.36413 -3.66220 0.34584 0.69374 -0.47023 0.45424 0.30211
1403638180.945096970 5.35005 -3.76488 0.34412 0.69443 -0.46888 0.45662 0.29902
1403638181.045097113 5.33722 -3.87169 0.33991 0.69322 -0.46759 0.46148 0.29639
1403638181.145097017 5.32682 -3.98292 0.32806 0.69226 -0.46741 0.46521 0.29306
1403638181.245096922 5.31545 -4.09757 0.31265 0.68775 -0.46621 0.47321 0.29280
1403638181.345097065 5.30288 -4.21477 0.29298 0.67764 -0.47029 0.48216 0.29522
1403638181.445096970 5.28361 -4.33553 0.26730 0.66488 -0.48136 0.48713 0.29821
1403638181.545097113 5.25893 -4.45751 0.23979 0.64549 -0.49422 0.49422 0.30796
1403638181.645097017 5.22593 -4.57607 0.21452 0.62840 -0.50537 0.49414 0.32486
1403638181.745096922 5.18329 -4.69398 0.19436 0.62012 -0.51797 0.48090 0.34043
1403638181.845097065 5.13415 -4.80860 0.18410 0.61375 -0.53080 0.46364 0.35581
1403638181.945096970 5.08131 -4.92464 0.18191 0.60847 -0.54413 0.44590 0.36722
1403638182.045097113 5.02771 -5.03289 0.18612 0.60457 -0.55718 0.43247 0.37015
1403638182.145097017 4.97415 -5.13495 0.19830 0.60130 -0.56741 0.42272 0.37122
1403638182.245096922 4.92048 -5.24226 0.21096 0.59783 -0.57649 0.41756 0.36865
1403638182.345097065 4.86488 -5.35188 0.21851 0.59461 -0.58356 0.41660 0.36377
1403638182.445096970 4.80694 -5.46257 0.22607 0.59614 -0.58583 0.41242 0.36240
1403638182.545097113 4.74762 -5.57071 0.24211 0.60255 -0.58240 0.40400 0.36679
1403638182.645097017 4.68889 -5.68235 0.26612 0.60813 -0.57835 0.39810 0.37042
1403638182.745096922 4.62956 -5.80374 0.29398 0.61033 -0.57618 0.39840 0.36986
1403638182.845097065 4.57304 -5.92841 0.32012 0.61064 -0.57395 0.40112 0.36987
1403638182.945096970 4.51920 -6.05548 0.34096 0.60871 -0.57104 0.40695 0.37119
1403638183.045097113 4.46305 -6.18946 0.35721 0.60556 -0.56610 0.41458 0.37543
1403638183.145097017 4.41036 -6.31973 0.36902 0.60541 -0.55976 0.41713 0.38230
1403638183.245096922 4.35697 -6.45361 0.37535 0.60835 -0.55691 0.41479 0.38434
1403638183.345097065 4.30719 -6.58342 0.37604 0.61268 -0.55923 0.40912 0.38014
1403638183.445096970 4.25830 -6.71773 0.37368 0.61758 -0.56232 0.40221 0.37498
1403638183.545097113 4.21131 -6.85619 0.36866 0.62189 -0.56292 0.39610 0.37346
1403638183.645097017 4.16988 -6.99551 0.36125 0.62077 -0.56292 0.39771 0.37362
1403638183.745096922 4.13222 -7.13979 0.35962 0.61608 -0.55735 0.40514 0.38166
1403638183.845097065 4.09825 -7.28272 0.36421 0.61229 -0.55044 0.41105 0.39134
1403638183.945096970 4.06797 -7.42241 0.37497 0.60932 -0.54821 0.41495 0.39498
1403638184.045097113 4.04297 -7.55561 0.39237 0.60944 -0.55000 0.41412 0.39318
1403638184.145097017 4.02138 -7.68783 0.41357 0.61349 -0.55413 0.40745 0.38800
1403638184.245096922 4.00803 -7.80974 0.43100 0.61596 -0.55931 0.40230 0.38200
1403638184.345097065 3.99808 -7.93497 0.44295 0.61568 -0.55977 0.40144 0.38268
1403638184.445096970 3.99104 -8.06365 0.45120 0.61271 -0.55782 0.40531 0.38620
1403638184.545097113 3.98654 -8.19491 0.45725 0.61079 -0.55601 0.40751 0.38952
1403638184.645097017 3.98456 -8.32841 0.46346 0.60887 -0.55535 0.40983 0.39104
1403638184.745096922 3.98647 -8.45903 0.47038 0.60814 -0.55616 0.41027 0.39055
1403638184.845097065 3.99032 -8.59085 0.47846 0.60798 -0.55668 0.40996 0.39039
1403638184.945096970 3.99650 -8.72102 0.48655 0.60750 -0.55472 0.41041 0.39344
1403638185.045097113 4.00518 -8.85202 0.49887 0.60667 -0.55573 0.41152 0.39213
1403638185.145097017 4.01587 -8.98387 0.51318 0.60864 -0.55532 0.40904 0.39225
1403638185.245096922 4.02992 -9.11085 0.52595 0.61094 -0.55305 0.40599 0.39505
1403638185.345097065 4.04698 -9.23862 0.54048 0.61227 -0.55053 0.40451 0.39801
1403638185.445096970 4.07058 -9.36347 0.55421 0.61423 -0.54363 0.40721 0.40170
1403638185.545097113 4.09825 -9.48881 0.57130 0.61988 -0.53234 0.41252 0.40272
1403638185.645097017 4.13237 -9.61250 0.58763 0.62675 -0.52090 0.41920 0.40015
1403638185.745096922 4.17384 -9.72695 0.60257 0.62931 -0.51478 0.42983 0.39272
1403638185.845097065 4.21878 -9.84383 0.61499 0.62896 -0.52005 0.44123 0.37319
1403638185.945096970 4.26602 -9.95282 0.62307 0.62821 -0.52796 0.44955 0.35288
1403638186.045097113 4.30957 -10.06351 0.62612 0.63086 -0.52822 0.44998 0.34716
1403638186.145097017 4.34922 -10.17473 0.62448 0.63572 -0.52458 0.44518 0.34998
1403638186.245096922 4.38662 -10.28678 0.62293 0.63907 -0.52159 0.44134 0.35320
1403638186.345097065 4.42341 -10.39674 0.62654 0.64137 -0.51913 0.43841 0.35629
1403638186.445096970 4.46064 -10.50564 0.63699 0.64170 -0.51864 0.43766 0.35733
1403638186.545097113 4.49774 -10.61957 0.65100 0.64194 -0.51773 0.43621 0.35998
1403638186.645097017 4.53593 -10.72215 0.66198 0.64321 -0.51675 0.43329 0.36265
1403638186.745096922 4.57710 -10.83388 0.66803 0.64580 -0.51228 0.42992 0.36833
1403638186.845097065 4.62144 -10.93731 0.66830 0.65141 -0.50386 0.42848 0.37174
1403638186.945096970 4.67350 -11.04920 0.66651 0.65972 -0.49455 0.42989 0.36794
1403638187.045097113 4.73391 -11.15780 0.66721 0.66771 -0.48303 0.44038 0.35625
1403638187.145097017 4.79938 -11.25687 0.67630 0.67437 -0.46642 0.45897 0.34208
1403638187.245096922 4.86919 -11.35482 0.69311 0.68127 -0.44692 0.47905 0.32656
1403638187.345097065 4.93947 -11.45062 0.71705 0.68861 -0.42526 0.49583 0.31485
1403638187.445096970 5.00753 -11.54141 0.74595 0.69389 -0.40669 0.50893 0.30679
1403638187.545097113 5.07134 -11.62353 0.77613 0.70073 -0.39570 0.51335 0.29810
1403638187.645097017 5.13240 -11.70372 0.80373 0.70924 -0.39166 0.51004 0.28886
1403638187.745096922 5.19164 -11.78047 0.82664 0.71518 -0.38798 0.50612 0.28606
1403638187.845097065 5.25056 -11.85308 0.84409 0.71809 -0.38432 0.50377 0.28785
1403638187.945096970 5.31023 -11.91803 0.85907 0.71909 -0.37952 0.50220 0.29441
1403638188.045097113 5.37146 -11.97815 0.87119 0.71706 -0.37473 0.50332 0.30343
1403638188.145097017 5.43523 -12.03083 0.87879 0.71548 -0.37028 0.50320 0.31268
1403638188.245096922 5.50074 -12.07293 0.88241 0.70909 -0.36955 0.51024 0.31667
1403638188.345097065 5.56971 -12.10801 0.88089 0.69594 -0.37138 0.52764 0.31519
1403638188.445096970 5.63705 -12.13191 0.87920 0.68415 -0.37214 0.54202 0.31569
1403638188.545097113 5.70164 -12.14824 0.87444 0.67565 -0.37307 0.55223 0.31520
1403638188.645097017 5.76026 -12.14839 0.87135 0.67579 -0.37203 0.55439 0.31233
1403638188.745096922 5.80829 -12.12658 0.87222 0.68269 -0.36988 0.55167 0.30461
1403638188.845097065 5.85342 -12.09781 0.88504 0.69245 -0.36761 0.54507 0.29711
1403638188.945096970 5.89366 -12.06133 0.90963 0.69911 -0.36576 0.54131 0.29061
1403638189.045097113 5.92828 -12.01626 0.94246 0.70454 -0.36260 0.53963 0.28451
1403638189.145097017 5.95725 -11.96262 0.97659 0.70915 -0.35543 0.54271 0.27613
1403638189.245096922 5.97914 -11.89568 1.00393 0.71586 -0.34572 0.54650 0.26336
1403638189.345097065 5.99628 -11.82160 1.02438 0.72663 -0.33392 0.54630 0.24912
1403638189.445096970 6.00717 -11.74255 1.03931 0.74241 -0.32512 0.53663 0.23484
1403638189.545097113 6.01429 -11.66086 1.05831 0.75441 -0.31870 0.52871 0.22306
1403638189.645097017 6.02098 -11.58036 1.08642 0.76114 -0.31421 0.52513 0.21488
1403638189.745096922 6.02866 -11.50253 1.11342 0.76736 -0.31472 0.51961 0.20522
1403638189.845097065 6.03832 -11.42881 1.13407 0.77234 -0.31562 0.51381 0.19968
1403638189.945096970 6.05023 -11.36054 1.14866 0.77666 -0.31565 0.50790 0.19799
1403638190.045097113 6.06788 -11.29994 1.15932 0.77412 -0.31415 0.51142 0.20125
1403638190.145097017 6.09071 -11.24809 1.16882 0.76729 -0.31113 0.52112 0.20711
1403638190.245096922 6.11382 -11.19854 1.17159 0.75967 -0.30543 0.53157 0.21689
1403638190.345097065 6.13804 -11.14619 1.16464 0.75632 -0.29057 0.53857 0.23130
1403638190.445096970 6.16315 -11.09057 1.15304 0.75678 -0.27387 0.54238 0.24103
1403638190.545097113 6.19060 -11.02963 1.13558 0.75936 -0.26618 0.54355 0.23891
1403638190.645097017 6.21992 -10.96133 1.11639 0.76234 -0.26284 0.54371 0.23268
1403638190.745096922 6.25036 -10.88663 1.09871 0.76364 -0.26114 0.54530 0.22651
1403638190.845097065 6.28372 -10.80766 1.08428 0.76358 -0.26542 0.54814 0.21457
1403638190.945096970 6.31686 -10.72403 1.07931 0.76444 -0.26765 0.54872 0.20712
1403638191.045097113 6.34600 -10.63484 1.08220 0.76177 -0.26828 0.55344 0.20354
1403638191.145097017 6.37182 -10.54256 1.09115 0.76178 -0.26852 0.55376 0.20235
1403638191.245096922 6.39675 -10.45020 1.10660 0.76803 -0.27113 0.54498 0.19905
1403638191.345097065 6.41198 -10.35367 1.12681 0.77429 -0.27352 0.53599 0.19588
1403638191.445096970 6.43600 -10.26696 1.14978 0.77734 -0.27493 0.53089 0.19576
1403638191.545097113 6.45898 -10.18499 1.17015 0.77774 -0.27600 0.52972 0.19581
1403638191.645097017 6.48070 -10.09494 1.17901 0.77775 -0.27531 0.52913 0.19831
1403638191.745096922 6.50645 -10.00641 1.18253 0.77939 -0.27213 0.52622 0.20391
1403638191.845097065 6.53819 -9.93461 1.19081 0.78091 -0.26933 0.52372 0.20820
1403638191.945096970 6.57302 -9.84360 1.18436 0.78049 -0.26972 0.52398 0.20864
1403638192.045097113 6.61908 -9.77512 1.19400 0.78046 -0.26881 0.52417 0.20944
1403638192.145097017 6.66268 -9.68786 1.20121 0.77997 -0.26947 0.52506 0.20819
1403638192.245096922 6.71957 -9.62599 1.22936 0.77750 -0.26994 0.52909 0.20663
1403638192.345097065 6.77140 -9.54189 1.25817 0.77181 -0.27029 0.53777 0.20511
1403638192.445096970 6.83010 -9.47035 1.29854 0.76937 -0.27039 0.54148 0.20434
1403638192.545097113 6.88717 -9.38559 1.34391 0.76659 -0.26996 0.54543 0.20489
1403638192.645097017 6.94443 -9.29328 1.39161 0.76050 -0.26801 0.55362 0.20812
1403638192.745096922 7.00115 -9.19366 1.43394 0.75357 -0.26811 0.56264 0.20901
1403638192.845097065 7.05442 -9.08698 1.46856 0.74664 -0.26894 0.57180 0.20796
1403638192.945096970 7.09846 -8.97818 1.49877 0.73428 -0.27212 0.58810 0.20229
1403638193.045097113 7.13336 -8.86390 1.52512 0.72546 -0.27452 0.60065 0.19381
1403638193.145097017 7.15295 -8.74801 1.55536 0.73085 -0.27013 0.59818 0.18727
1403638193.245096922 7.15799 -8.63404 1.59329 0.74139 -0.26260 0.58941 0.18432
1403638193.345097065 7.15043 -8.51307 1.64041 0.74973 -0.25456 0.58228 0.18456
1403638193.445096970 7.13209 -8.38376 1.69265 0.75309 -0.24615 0.58044 0.18800
1403638193.545097113 7.10365 -8.26313 1.74510 0.75352 -0.24139 0.58189 0.18798
1403638193.645097017 7.06631 -8.14130 1.78896 0.75840 -0.24044 0.57678 0.18530
1403638193.745096922 7.02226 -8.01869 1.82540 0.76667 -0.24302 0.56668 0.17899
1403638193.845097065 6.97165 -7.89697 1.85463 0.77243 -0.24420 0.55913 0.17632
1403638193.945096970 6.91778 -7.77585 1.87958 0.77605 -0.24534 0.55416 0.17452
1403638194.045097113 6.86155 -7.65822 1.89887 0.77668 -0.24617 0.55343 0.17287
1403638194.145097017 6.81594 -7.53469 1.91539 0.77184 -0.24502 0.55960 0.17629
1403638194.245096922 6.75863 -7.41965 1.92334 0.76664 -0.24377 0.56640 0.17896
1403638194.345097065 6.70692 -7.29706 1.92756 0.76769 -0.24508 0.56477 0.17780
1403638194.445096970 6.64067 -7.18359 1.92970 0.77144 -0.24762 0.55954 0.17458
1403638194.545097113 6.58319 -7.06065 1.94340 0.77528 -0.24955 0.55372 0.17336
1403638194.645097017 6.51806 -6.94284 1.95686 0.77947 -0.25146 0.54747 0.17169
1403638194.745096922 6.45762 -6.82427 1.97330 0.78439 -0.25349 0.53988 0.17031
1403638194.845097065 6.40014 -6.70796 1.98610 0.78808 -0.25483 0.53394 0.16998
1403638194.945096970 6.34621 -6.59438 1.99438 0.79028 -0.25462 0.53030 0.17148
1403638195.045097113 6.29682 -6.48452 1.99690 0.79158 -0.25528 0.52811 0.17127
1403638195.145097017 6.25306 -6.37827 1.99366 0.79318 -0.25544 0.52567 0.17110
1403638195.245096922 6.21212 -6.27799 1.98370 0.79924 -0.25893 0.51625 0.16631
1403638195.345097065 6.18343 -6.18458 1.96863 0.80557 -0.26220 0.50611 0.16175
1403638195.445096970 6.16485 -6.10291 1.95229 0.80224 -0.26133 0.51131 0.16337
1403638195.545097113 6.15258 -6.02921 1.93528 0.79190 -0.25863 0.52731 0.16717
1403638195.645097017 6.14089 -5.95671 1.91412 0.78502 -0.25567 0.53777 0.17082
1403638195.745096922 6.13930 -5.89554 1.89223 0.78536 -0.25573 0.53744 0.17023
1403638195.845097065 6.14235 -5.83864 1.87613 0.78876 -0.25677 0.53256 0.16823
1403638195.945096970 6.13872 -5.77389 1.86922 0.79404 -0.25751 0.52496 0.16614
1403638196.045097113 6.15048 -5.72439 1.86814 0.79670 -0.25817 0.52100 0.16484
1403638196.145097017 6.16599 -5.67641 1.87751 0.79472 -0.25687 0.52403 0.16685
1403638196.245096922 6.17865 -5.62384 1.89458 0.78874 -0.25437 0.53326 0.16977
1403638196.345097065 6.19391 -5.57537 1.91237 0.78506 -0.25241 0.53870 0.17253
1403638196.445096970 6.21341 -5.53279 1.92355 0.78513 -0.25379 0.53853 0.17072
1403638196.545097113 6.23314 -5.49384 1.92867 0.78632 -0.25593 0.53645 0.16861
1403638196.645097017 6.25035 -5.45550 1.92743 0.79188 -0.25838 0.52786 0.16590
1403638196.745096922 6.27619 -5.42365 1.91940 0.79608 -0.26130 0.52108 0.16266
1403638196.845097065 6.30261 -5.39619 1.91087 0.79669 -0.26169 0.52004 0.16236
1403638196.945096970 6.33779 -5.37415 1.89940 0.79211 -0.25984 0.52696 0.16538
1403638197.045097113 6.37261 -5.35495 1.89607 0.78707 -0.25814 0.53451 0.16786
1403638197.145097017 6.41164 -5.34027 1.89566 0.78467 -0.25683 0.53796 0.17008
1403638197.245096922 6.45037 -5.32715 1.90442 0.78381 -0.25376 0.53936 0.17419
1403638197.345097065 6.49197 -5.31500 1.92031 0.78122 -0.24626 0.54298 0.18500
1403638197.445096970 6.53416 -5.30103 1.94147 0.77901 -0.24178 0.54582 0.19174
1403638197.545097113 6.57353 -5.28382 1.97211 0.77714 -0.24169 0.54873 0.19114
1403638197.645097017 6.61312 -5.26231 2.00559 0.77647 -0.24098 0.54977 0.19177
1403638197.745096922 6.65345 -5.23789 2.04200 0.77717 -0.24061 0.54904 0.19148
1403638197.845097065 6.69385 -5.21043 2.07254 0.77529 -0.24206 0.55195 0.18889
1403638197.945096970 6.73387 -5.18086 2.09762 0.76874 -0.24304 0.56153 0.18614
1403638198.045097113 6.77274 -5.14773 2.10909 0.76090 -0.24287 0.57229 0.18582
1403638198.145097017 6.80855 -5.11233 2.10040 0.76251 -0.24479 0.57018 0.18318
1403638198.245096922 6.84022 -5.07147 2.07525 0.76611 -0.24629 0.56528 0.18133
1403638198.345097065 6.87002 -5.02646 2.04180 0.76867 -0.24588 0.56180 0.18182
1403638198.445096970 6.90036 -4.98016 2.00354 0.77389 -0.24351 0.55451 0.18526
1403638198.545097113 6.92816 -4.92947 1.96298 0.77712 -0.23787 0.54990 0.19264
1403638198.645097017 6.95021 -4.87767 1.91825 0.77772 -0.22561 0.54788 0.20996
1403638198.745096922 6.97373 -4.81789 1.87593 0.77722 -0.21347 0.54710 0.22593
1403638198.845097065 7.02638 -4.73977 1.84681 0.77578 -0.20766 0.54816 0.23360
1403638198.945096970 7.05641 -4.65099 1.82226 0.77637 -0.20771 0.54739 0.23340
1403638199.045097113 7.09835 -4.54841 1.80502 0.77715 -0.21043 0.54658 0.23024
1403638199.145097017 7.13651 -4.43463 1.79912 0.77696 -0.21298 0.54690 0.22773
1403638199.245096922 7.18698 -4.30868 1.80310 0.77462 -0.21567 0.55051 0.22448
1403638199.345097065 7.23829 -4.17119 1.81638 0.77162 -0.21596 0.55459 0.22449
1403638199.445096970 7.28874 -4.02246 1.83438 0.77236 -0.21337 0.55264 0.22918
1403638199.545097113 7.34218 -3.86268 1.85933 0.77649 -0.21104 0.54620 0.23278
1403638199.645097017 7.39977 -3.69227 1.89033 0.77990 -0.20687 0.54469 0.22863
1403638199.745096922 7.45968 -3.51277 1.92865 0.78196 -0.20562 0.54810 0.21410
1403638199.845097065 7.51729 -3.32586 1.96538 0.78476 -0.20998 0.54954 0.19508
1403638199.945096970 7.57484 -3.13511 1.99722 0.78682 -0.21143 0.55040 0.18241
1403638200.045097113 7.63202 -2.94126 2.02523 0.78828 -0.20752 0.55243 0.17427
1403638200.145097017 7.69043 -2.74615 2.05032 0.79107 -0.19381 0.55393 0.17263
1403638200.245096922 7.74863 -2.54750 2.07860 0.78938 -0.17681 0.56303 0.16913
1403638200.345097065 7.80651 -2.34423 2.11365 0.78807 -0.16028 0.57214 0.16098
1403638200.445096970 7.86128 -2.13628 2.15487 0.78991 -0.14240 0.57546 0.15688
1403638200.545097113 7.91175 -1.92242 2.20295 0.79308 -0.12619 0.57504 0.15634
1403638200.645097017 7.95936 -1.70011 2.25622 0.79647 -0.10974 0.57451 0.15341
1403638200.745096922 8.00450 -1.46845 2.31324 0.80049 -0.09385 0.57241 0.15083
1403638200.845097065 8.04555 -1.22713 2.36646 0.80460 -0.08559 0.56951 0.14476
1403638200.945096970 8.08519 -0.97698 2.41230 0.80667 -0.08708 0.56958 0.13145
1403638201.045097113 8.12361 -0.72056 2.45131 0.80607 -0.09317 0.57277 0.11623
1403638201.145097017 8.16049 -0.46165 2.48108 0.80598 -0.09670 0.57377 0.10883
1403638201.245096922 8.19487 -0.20232 2.50397 0.80374 -0.10107 0.57707 0.10384
1403638201.345097065 8.22468 0.05745 2.51929 0.80455 -0.10224 0.57557 0.10468
1403638201.445096970 8.25308 0.31734 2.52764 0.80368 -0.10279 0.57623 0.10717
1403638201.545097113 8.27986 0.57702 2.52867 0.80204 -0.10386 0.57798 0.10901
1403638201.645097017 8.30614 0.83646 2.52311 0.79998 -0.10475 0.58032 0.11086
1403638201.745096922 8.33012 1.09681 2.50755 0.79929 -0.10683 0.58087 0.11097
1403638201.845097065 8.35313 1.35875 2.48411 0.79830 -0.10849 0.58204 0.11038
1403638201.945096970 8.37562 1.62419 2.45726 0.79965 -0.10684 0.58062 0.10961
1403638202.045097113 8.39525 1.89370 2.43478 0.80095 -0.10162 0.58094 0.10325
1403638202.145097017 8.41047 2.16235 2.41681 0.80447 -0.10119 0.57822 0.09088
1403638202.245096922 8.42240 2.43230 2.40664 0.80840 -0.10198 0.57418 0.08000
1403638202.345097065 8.43398 2.69669 2.40418 0.81159 -0.10127 0.57072 0.07315
1403638202.445096970 8.44908 2.95724 2.40294 0.81337 -0.09912 0.56876 0.07144
1403638202.545097113 8.46641 3.21285 2.39522 0.81436 -0.09935 0.56768 0.06844
1403638202.645097017 8.48531 3.46305 2.38030 0.81581 -0.10044 0.56568 0.06616
1403638202.745096922 8.50536 3.70482 2.35985 0.81591 -0.10069 0.56548 0.06619
1403638202.845097065 8.52576 3.93950 2.33364 0.81491 -0.10014 0.56681 0.06797
1403638202.945096970 8.54749 4.16878 2.30444 0.81416 -0.10066 0.56772 0.06857
1403638203.045097113 8.56808 4.39177 2.27797 0.81285 -0.10174 0.56952 0.06761
1403638203.145097017 8.58703 4.60727 2.25736 0.81199 -0.10090 0.57068 0.06942
1403638203.245096922 8.60567 4.81861 2.24456 0.80894 -0.09819 0.57498 0.07333
1403638203.345097065 8.62192 5.02489 2.23710 0.80730 -0.09913 0.57731 0.07177
1403638203.445096970 8.63575 5.22695 2.22710 0.80571 -0.09999 0.57963 0.06978
1403638203.545097113 8.64754 5.42302 2.21114 0.80645 -0.10118 0.57860 0.06797
1403638203.645097017 8.65761 5.61481 2.19491 0.80806 -0.10220 0.57634 0.06644
1403638203.745096922 8.66500 5.80202 2.18543 0.80757 -0.10261 0.57707 0.06553
1403638203.845097065 8.66929 5.98483 2.18349 0.80764 -0.10134 0.57708 0.06655
1403638203.945096970 8.67102 6.16469 2.18778 0.80809 -0.10033 0.57662 0.06661
1403638204.045097113 8.66889 6.34194 2.19787 0.80933 -0.10049 0.57509 0.06439
1403638204.145097017 8.66337 6.51539 2.21622 0.81183 -0.10120 0.57178 0.06134
1403638204.245096922 8.65501 6.68422 2.24090 0.81430 -0.10548 0.56816 0.05464
1403638204.345097065 8.64536 6.84385 2.27018 0.81784 -0.11438 0.56235 0.04253
1403638204.445096970 8.63696 6.99450 2.30071 0.82075 -0.12101 0.55724 0.03488
1403638204.545097113 8.62976 7.13429 2.32737 0.82059 -0.12357 0.55702 0.03294
1403638204.645097017 8.62432 7.26651 2.34807 0.81920 -0.12061 0.55979 0.03148
1403638204.745096922 8.61978 7.38912 2.36086 0.82035 -0.10789 0.56062 0.03307
1403638204.845097065 8.61649 7.50291 2.36674 0.82140 -0.08582 0.56266 0.03678
1403638204.945096970 8.61468 7.61148 2.36516 0.82165 -0.05698 0.56602 0.03559
1403638205.045097113 8.61338 7.71847 2.35592 0.82193 -0.02469 0.56849 0.02521
1403638205.145097017 8.61421 7.82391 2.34361 0.82233 0.01093 0.56888 0.00488
1403638205.245096922 8.61550 7.93324 2.33732 0.81971 0.05036 0.57016 -0.02142
1403638205.345097065 8.61837 8.04306 2.33878 0.81397 0.09040 0.57158 -0.05074
1403638205.445096970 8.62039 8.15278 2.34813 0.80520 0.13042 0.57352 -0.07560
1403638205.545097113 8.62057 8.26209 2.36423 0.79552 0.16692 0.57592 -0.08716
1403638205.645097017 8.61492 8.37224 2.38767 0.78460 0.19479 0.58159 -0.09067
1403638205.745096922 8.60313 8.48754 2.41695 0.77500 0.21455 0.58700 -0.09369
1403638205.845097065 8.58012 8.60917 2.44965 0.76985 0.23081 0.58599 -0.10332
1403638205.945096970 8.54758 8.73528 2.48666 0.76649 0.24749 0.58089 -0.11750
1403638206.045097113 8.50682 8.86875 2.52949 0.76312 0.26398 0.57399 -0.13600
1403638206.145097017 8.45386 9.00114 2.57750 0.75658 0.28110 0.57008 -0.15358
1403638206.245096922 8.39101 9.13652 2.62628 0.74944 0.29759 0.56668 -0.16927
1403638206.345097065 8.32454 9.27440 2.66863 0.74405 0.30738 0.56178 -0.19056
1403638206.445096970 8.24709 9.40128 2.70785 0.74063 0.31204 0.55780 -0.20726
1403638206.545097113 8.16841 9.52983 2.73896 0.73728 0.31425 0.55673 -0.21846
1403638206.645097017 8.08722 9.65484 2.76336 0.73443 0.31630 0.55689 -0.22461
1403638206.745096922 8.00091 9.77313 2.78073 0.73189 0.32228 0.55408 -0.23123
1403638206.845097065 7.91052 9.88280 2.79136 0.72947 0.32877 0.55098 -0.23709
1403638206.945096970 7.81565 9.98856 2.79545 0.72589 0.33178 0.55121 -0.24325
1403638207.045097113 7.71862 10.09029 2.79346 0.72268 0.33292 0.55237 -0.24856
1403638207.145097017 7.61835 10.18303 2.78431 0.72032 0.33404 0.55371 -0.25092
1403638207.245096922 7.51329 10.26913 2.76773 0.71781 0.33658 0.55354 -0.25507
1403638207.345097065 7.40373 10.34672 2.74437 0.71249 0.34296 0.55288 -0.26280
1403638207.445096970 7.28764 10.42149 2.71946 0.70426 0.35416 0.55153 -0.27278
1403638207.545097113 7.16698 10.48640 2.69954 0.69710 0.36895 0.54490 -0.28462
1403638207.645097017 7.03677 10.54100 2.68742 0.69603 0.38335 0.53211 -0.29232
1403638207.745096922 6.90807 10.58552 2.68098 0.69812 0.39386 0.51832 -0.29809
1403638207.845097065 6.78087 10.62520 2.68286 0.70062 0.40086 0.50746 -0.30155
1403638207.945096970 6.65738 10.66025 2.69219 0.70445 0.40595 0.49793 -0.30169
1403638208.045097113 6.53687 10.69189 2.70397 0.70533 0.40812 0.49524 -0.30113
1403638208.145097017 6.42068 10.71807 2.71251 0.70290 0.40538 0.49875 -0.30471
1403638208.245096922 6.30320 10.74423 2.71277 0.69955 0.40275 0.50467 -0.30616
1403638208.345097065 6.19121 10.76287 2.70577 0.70106 0.40260 0.50418 -0.30369
1403638208.445096970 6.08040 10.77797 2.69259 0.70377 0.40418 0.50115 -0.30031
1403638208.545097113 5.97259 10.78903 2.68163 0.70375 0.40862 0.49640 -0.30225
1403638208.645097017 5.86331 10.79948 2.67627 0.69905 0.41801 0.49235 -0.30691
1403638208.745096922 5.75942 10.80672 2.67893 0.69493 0.42456 0.48773 -0.31454
1403638208.845097065 5.65874 10.80896 2.68661 0.69003 0.43031 0.48574 -0.32054
1403638208.945096970 5.56049 10.80809 2.69223 0.68517 0.43622 0.48564 -0.32314
1403638209.045097113 5.46565 10.80449 2.69093 0.68257 0.43955 0.48471 -0.32550
1403638209.145097017 5.37310 10.79734 2.68225 0.68133 0.44169 0.48329 -0.32731
1403638209.245096922 5.28364 10.78671 2.66709 0.68091 0.44262 0.48227 -0.32844
1403638209.345097065 5.19736 10.77425 2.64526 0.68177 0.44253 0.48024 -0.32974
1403638209.445096970 5.11419 10.75964 2.61750 0.68193 0.44215 0.47933 -0.33123
1403638209.545097113 5.01351 10.75211 2.58604 0.68006 0.43992 0.48279 -0.33303
1403638209.645097017 4.92936 10.73553 2.53501 0.68044 0.43808 0.48317 -0.33412
1403638209.745096922 4.84164 10.71868 2.46415 0.68170 0.43792 0.48280 -0.33229
1403638209.845097065 4.75860 10.69757 2.37769 0.67985 0.43966 0.48622 -0.32878
1403638209.945096970 4.67093 10.67612 2.27998 0.67672 0.43886 0.49152 -0.32844
1403638210.045097113 4.59336 10.64835 2.17894 0.67227 0.43702 0.49789 -0.33042
1403638210.145097017 4.51096 10.61622 2.08290 0.66892 0.43374 0.50260 -0.33439
1403638210.245096922 4.43496 10.57514 1.99360 0.66704 0.43178 0.50501 -0.33704
1403638210.345097065 4.35394 10.52446 1.90815 0.66668 0.43255 0.50579 -0.33559
1403638210.445096970 4.27375 10.46609 1.82252 0.66779 0.43252 0.50445 -0.33542
1403638210.545097113 4.18983 10.40053 1.73223 0.66767 0.43111 0.50497 -0.33669
1403638210.645097017 4.10653 10.32925 1.63712 0.66701 0.42968 0.50636 -0.33775
1403638210.745096922 4.02389 10.25250 1.54046 0.66756 0.42826 0.50602 -0.33896
1403638210.845097065 3.93918 10.16436 1.45043 0.66892 0.42823 0.50447 -0.33864
1403638210.945096970 3.85643 10.07203 1.36629 0.67270 0.42983 0.49930 -0.33678
1403638211.045097113 3.77315 9.97258 1.29224 0.67602 0.43081 0.49434 -0.33619
1403638211.145097017 3.69254 9.86909 1.22821 0.67887 0.43236 0.49004 -0.33475
1403638211.245096922 3.61683 9.76493 1.17171 0.68096 0.43300 0.48680 -0.33440
1403638211.345097065 3.54566 9.65996 1.12228 0.68304 0.43165 0.48656 -0.33227
1403638211.445096970 3.47587 9.55291 1.06992 0.68790 0.42501 0.48887 -0.32737
1403638211.545097113 3.40867 9.43980 1.01152 0.69459 0.41450 0.49285 -0.32067
1403638211.645097017 3.34539 9.32489 0.94826 0.70326 0.39816 0.49787 -0.31468
1403638211.745096922 3.28578 9.20529 0.88036 0.71435 0.37831 0.50347 -0.30511
1403638211.845097065 3.22897 9.08065 0.81145 0.72777 0.35443 0.50752 -0.29521
1403638211.945096970 3.17710 8.95253 0.74861 0.73905 0.33143 0.51396 -0.28249
1403638212.045097113 3.13096 8.81969 0.69410 0.74918 0.30979 0.52012 -0.26877
1403638212.145097017 3.08864 8.68272 0.64795 0.75711 0.29091 0.52800 -0.25174
1403638212.245096922 3.04956 8.54211 0.61139 0.76399 0.27176 0.53628 -0.23423
1403638212.345097065 3.01010 8.39706 0.58340 0.77115 0.25243 0.54227 -0.21805
1403638212.445096970 2.97474 8.25011 0.56159 0.77706 0.23342 0.54899 -0.20075
1403638212.545097113 2.93095 8.09117 0.54652 0.78259 0.21105 0.55464 -0.18811
1403638212.645097017 2.88871 7.92795 0.53545 0.78887 0.18938 0.55821 -0.17383
1403638212.745096922 2.84676 7.76102 0.53056 0.79503 0.16960 0.56113 -0.15585
1403638212.845097065 2.80548 7.59127 0.53285 0.79924 0.14638 0.56577 -0.14033
1403638212.945096970 2.76600 7.41992 0.53918 0.80409 0.12162 0.56847 -0.12444
1403638213.045097113 2.72953 7.24825 0.55284 0.80868 0.09620 0.57045 -0.10665
1403638213.145097017 2.69704 7.07685 0.56892 0.81342 0.06844 0.57037 -0.09132
1403638213.245096922 2.66735 6.90417 0.58026 0.82110 0.03899 0.56404 -0.07826
1403638213.345097065 2.64253 6.72798 0.58553 0.82895 0.00750 0.55510 -0.06815
1403638213.445096970 2.62427 6.54850 0.58576 0.83410 -0.02464 0.54784 -0.05956
1403638213.545097113 2.61312 6.36175 0.58251 0.83442 -0.05263 0.54652 -0.04786
1403638213.645097017 2.60792 6.16702 0.57912 0.82718 -0.06418 0.55772 -0.02439
1403638213.745096922 2.60565 5.96708 0.57966 0.81855 -0.06676 0.57055 -0.00207
1403638213.845097065 2.60606 5.76751 0.58626 0.81381 -0.06666 0.57712 0.01430
1403638213.945096970 2.60633 5.56733 0.59757 0.81302 -0.06622 0.57801 0.02282
1403638214.045097113 2.60392 5.36879 0.61334 0.81577 -0.06616 0.57407 0.02418
1403638214.145097017 2.60124 5.17165 0.63258 0.82236 -0.06443 0.56478 0.02434
1403638214.245096922 2.60240 4.97529 0.65351 0.82907 -0.06140 0.55529 0.02291
1403638214.345097065 2.60801 4.77973 0.66818 0.83388 -0.05841 0.54848 0.02031
1403638214.445096970 2.61894 4.58387 0.67703 0.83557 -0.05390 0.54640 0.01897
1403638214.545097113 2.63406 4.38474 0.68024 0.83049 -0.04945 0.55455 0.01779
1403638214.645097017 2.65121 4.18805 0.67834 0.82415 -0.04544 0.56430 0.01681
1403638214.745096922 2.66801 3.99727 0.67249 0.81787 -0.04155 0.57368 0.01593
1403638214.845097065 2.68336 3.80817 0.66081 0.81389 -0.03831 0.57957 0.01461
1403638214.945096970 2.69699 3.62414 0.64326 0.81145 -0.03590 0.58315 0.01390
1403638215.045097113 2.70993 3.44458 0.62049 0.81070 -0.03470 0.58429 0.01287
1403638215.145097017 2.72143 3.26860 0.59331 0.81103 -0.03298 0.58392 0.01354
1403638215.245096922 2.73230 3.09661 0.56319 0.81314 -0.03169 0.58100 0.01521
1403638215.345097065 2.74328 2.92284 0.53130 0.81493 -0.02921 0.57850 0.01916
1403638215.445096970 2.75585 2.75598 0.50222 0.81462 -0.02548 0.57891 0.02457
1403638215.545097113 2.76762 2.59647 0.48195 0.81493 -0.02501 0.57845 0.02569
1403638215.645097017 2.77854 2.44152 0.46983 0.81294 -0.02504 0.58125 0.02540
1403638215.745096922 2.78757 2.29077 0.46258 0.81241 -0.02808 0.58202 0.02123
1403638215.845097065 2.79393 2.14411 0.45321 0.81227 -0.03381 0.58194 0.02044
1403638215.945096970 2.79627 2.00341 0.43709 0.81191 -0.03840 0.58207 0.02294
1403638216.045097113 2.79591 1.86312 0.41604 0.81171 -0.04240 0.58201 0.02444
1403638216.145097017 2.79379 1.72941 0.39430 0.81164 -0.04412 0.58182 0.02785
1403638216.245096922 2.78719 1.60290 0.37973 0.81034 -0.04500 0.58340 0.03102
1403638216.345097065 2.77882 1.47857 0.37201 0.80941 -0.04560 0.58451 0.03338
1403638216.445096970 2.76816 1.35948 0.37131 0.80824 -0.04616 0.58600 0.03501
1403638216.545097113 2.75482 1.24635 0.37287 0.80859 -0.04639 0.58544 0.03584
1403638216.645097017 2.73927 1.13623 0.36779 0.81008 -0.04499 0.58328 0.03913
1403638216.745096922 2.72350 1.03138 0.35343 0.81145 -0.04320 0.58134 0.04163
1403638216.845097065 2.70644 0.92835 0.33683 0.80785 -0.04456 0.58594 0.04547
1403638216.945096970 2.68861 0.83077 0.31343 0.80521 -0.05165 0.58862 0.05001
1403638217.045097113 2.66703 0.73646 0.28867 0.80509 -0.06512 0.58720 0.05277
1403638217.145097017 2.64221 0.64759 0.26096 0.80667 -0.08062 0.58258 0.05816
1403638217.245096922 2.61575 0.56209 0.23191 0.80783 -0.09217 0.57851 0.06520
1403638217.345097065 2.58911 0.48131 0.20822 0.80835 -0.09991 0.57579 0.07111
1403638217.445096970 2.56063 0.40618 0.19376 0.80900 -0.10547 0.57337 0.07519
1403638217.545097113 2.53090 0.33567 0.18698 0.80979 -0.10626 0.57114 0.08217
1403638217.645097017 2.50121 0.27006 0.18892 0.81064 -0.10375 0.56929 0.08948
1403638217.745096922 2.47212 0.21012 0.19823 0.81161 -0.09957 0.56741 0.09706
1403638217.845097065 2.44325 0.15871 0.21397 0.81325 -0.09567 0.56482 0.10226
1403638217.945096970 2.41796 0.11293 0.23209 0.81196 -0.09262 0.56674 0.10462
1403638218.045097113 2.39510 0.07349 0.24316 0.81023 -0.09073 0.56965 0.10389
1403638218.145097017 2.37320 0.04091 0.24814 0.80879 -0.09023 0.57212 0.10198
1403638218.245096922 2.35214 0.01502 0.24755 0.80611 -0.08864 0.57637 0.10066
1403638218.345097065 2.33423 -0.00553 0.24400 0.80241 -0.08893 0.58224 0.09610
1403638218.445096970 2.31127 -0.01581 0.24587 0.80200 -0.09059 0.58354 0.08986
1403638218.545097113 2.28985 -0.02303 0.25341 0.80291 -0.09111 0.58265 0.08687
1403638218.645097017 2.26157 -0.02121 0.26829 0.80485 -0.09214 0.58026 0.08381
1403638218.745096922 2.23223 -0.01563 0.28279 0.80947 -0.09583 0.57319 0.08382
1403638218.845097065 2.20431 -0.00512 0.29381 0.81258 -0.10306 0.56691 0.08778
1403638218.945096970 2.18139 0.00612 0.29606 0.81257 -0.11495 0.56515 0.08436
1403638219.045097113 2.15943 0.02102 0.29465 0.81026 -0.12911 0.56672 0.07505
1403638219.145097017 2.13463 0.03521 0.29123 0.80751 -0.13675 0.56915 0.07270
1403638219.245096922 2.11425 0.04690 0.28381 0.80345 -0.13457 0.57423 0.08133
1403638219.345097065 2.08755 0.05907 0.27540 0.79735 -0.13090 0.58220 0.09021
1403638219.445096970 2.06436 0.07186 0.26754 0.78983 -0.12857 0.59210 0.09514
1403638219.545097113 2.03580 0.08600 0.26411 0.78783 -0.12797 0.59472 0.09622
1403638219.645097017 2.00134 0.10269 0.26452 0.79017 -0.13044 0.59171 0.09219
1403638219.745096922 1.95828 0.12206 0.26773 0.79279 -0.13475 0.58825 0.08538
1403638219.845097065 1.91142 0.14018 0.26623 0.79585 -0.14065 0.58396 0.07630
1403638219.945096970 1.86036 0.15655 0.25990 0.79790 -0.14635 0.58078 0.06808
1403638220.045097113 1.80773 0.16913 0.24617 0.80019 -0.14989 0.57731 0.06279
1403638220.145097017 1.75248 0.17503 0.23367 0.80249 -0.14825 0.57429 0.06495
1403638220.245096922 1.69828 0.17480 0.22744 0.80485 -0.13906 0.57157 0.07869
1403638220.345097065 1.64025 0.17283 0.23086 0.80704 -0.13079 0.56868 0.09052
1403638220.445096970 1.58113 0.17270 0.24051 0.80774 -0.12761 0.56757 0.09559
1403638220.545097113 1.52488 0.17519 0.25364 0.80725 -0.12704 0.56810 0.09734
1403638220.645097017 1.46548 0.18076 0.26751 0.80688 -0.12745 0.56825 0.09896
1403638220.745096922 1.41157 0.18716 0.27385 0.80670 -0.12893 0.56813 0.09920
1403638220.845097065 1.35714 0.19525 0.27315 0.80613 -0.13070 0.56867 0.09845
1403638220.945096970 1.30334 0.20489 0.26460 0.80674 -0.13254 0.56744 0.09810
1403638221.045097113 1.25106 0.21547 0.25065 0.80731 -0.13310 0.56645 0.09828
1403638221.145097017 1.19508 0.22730 0.23657 0.80803 -0.13397 0.56514 0.09878
1403638221.245096922 1.14592 0.24096 0.22740 0.80941 -0.13508 0.56301 0.09808
1403638221.345097065 1.09611 0.25519 0.22510 0.81081 -0.13707 0.56087 0.09603
1403638221.445096970 1.04389 0.26948 0.22743 0.81126 -0.13968 0.56004 0.09331
1403638221.545097113 0.99804 0.28291 0.22554 0.81111 -0.14170 0.56012 0.09103
1403638221.645097017 0.95413 0.29528 0.21816 0.81000 -0.14249 0.56156 0.09084
1403638221.745096922 0.91326 0.30640 0.20901 0.80733 -0.14402 0.56528 0.08909
1403638221.845097065 0.87401 0.31324 0.20569 0.80627 -0.14376 0.56698 0.08831
1403638221.945096970 0.83284 0.32195 0.20694 0.80509 -0.14025 0.56889 0.09234
1403638222.045097113 0.79371 0.32948 0.21673 0.80549 -0.13771 0.56840 0.09562
1403638222.145097017 0.75462 0.33784 0.22810 0.80876 -0.13668 0.56376 0.09698
1403638222.245096922 0.71555 0.34684 0.23421 0.81240 -0.13734 0.55840 0.09660
1403638222.345097065 0.68029 0.35615 0.23464 0.81575 -0.13830 0.55345 0.09553
1403638222.445096970 0.65199 0.36491 0.22896 0.81839 -0.13917 0.54942 0.09485
1403638222.545097113 0.62365 0.37341 0.22012 0.81801 -0.13926 0.55001 0.09463
1403638222.645097017 0.60327 0.38036 0.20793 0.81235 -0.13912 0.55836 0.09465
1403638222.745096922 0.58239 0.38779 0.19362 0.80870 -0.13863 0.56363 0.09549
1403638222.845097065 0.56278 0.39504 0.17683 0.80613 -0.13793 0.56731 0.09635
1403638222.945096970 0.54752 0.40190 0.15908 0.79857 -0.13705 0.57802 0.09697
1403638223.045097113 0.52459 0.41092 0.14315 0.79819 -0.13692 0.57868 0.09634
1403638223.145097017 0.50343 0.41864 0.13220 0.80405 -0.13712 0.57042 0.09653
1403638223.245096922 0.47496 0.43114 0.12508 0.81379 -0.14241 0.55625 0.08976
1403638223.345097065 0.44900 0.43976 0.12032 0.81598 -0.14481 0.55292 0.08657
1403638223.445096970 0.42006 0.44794 0.11581 0.81231 -0.14928 0.55808 0.08016
1403638223.545097113 0.39994 0.45200 0.10664 0.80752 -0.15515 0.56451 0.07183
1403638223.645097017 0.38066 0.45188 0.09606 0.80668 -0.15026 0.56605 0.07926
1403638223.745096922 0.35875 0.44837 0.08704 0.80762 -0.14239 0.56500 0.09084
1403638223.845097065 0.33772 0.44374 0.07301 0.80879 -0.13718 0.56336 0.09831
1403638223.945096970 0.31745 0.44180 0.06091 0.80915 -0.13360 0.56279 0.10343
1403638224.045097113 0.29797 0.44085 0.04281 0.81136 -0.13267 0.55959 0.10467
1403638224.145097017 0.28143 0.44122 0.02349 0.81695 -0.13420 0.55154 0.10191
1403638224.245096922 0.27321 0.44205 0.00694 0.82029 -0.13566 0.54657 0.09991
1403638224.345097065 0.26916 0.44427 -0.00580 0.81606 -0.13547 0.55286 0.10017
1403638224.445096970 0.27068 0.44815 -0.01712 0.80967 -0.14002 0.56207 0.09433
1403638224.545097113 0.26888 0.45378 -0.02938 0.80239 -0.13955 0.57245 0.09488
1403638224.645097017 0.26591 0.45937 -0.04429 0.80475 -0.13836 0.56918 0.09627
1403638224.745096922 0.26155 0.46584 -0.06095 0.81492 -0.13952 0.55447 0.09489
1403638224.845097065 0.26085 0.47265 -0.06924 0.81770 -0.14014 0.55038 0.09387
1403638224.945096970 0.26711 0.47768 -0.06851 0.81032 -0.14426 0.56123 0.08718
1403638225.045097113 0.27347 0.48151 -0.06418 0.80372 -0.14722 0.57076 0.08123
1403638225.145097017 0.27850 0.48187 -0.05871 0.80320 -0.14338 0.57184 0.08549
1403638225.245096922 0.28059 0.48135 -0.05412 0.80995 -0.13956 0.56258 0.08943
1403638225.345097065 0.28325 0.48046 -0.04806 0.81378 -0.13740 0.55713 0.09210
1403638225.445096970 0.28845 0.47937 -0.04427 0.80978 -0.13578 0.56299 0.09411
1403638225.545097113 0.29448 0.47851 -0.04700 0.79952 -0.13342 0.57746 0.09745
1403638225.645097017 0.29832 0.47885 -0.05672 0.78916 -0.13126 0.59157 0.10023
1403638225.745096922 0.29684 0.48151 -0.07693 0.79143 -0.13070 0.58853 0.10096
1403638225.845097065 0.29108 0.48686 -0.10641 0.80276 -0.13230 0.57294 0.09906
1403638225.945096970 0.28535 0.49355 -0.14174 0.81294 -0.13368 0.55843 0.09700
1403638226.045097113 0.28412 0.50352 -0.16726 0.82316 -0.13421 0.54399 0.09202
1403638226.145097017 0.29356 0.51188 -0.15440 0.82064 -0.14820 0.54757 0.06898
1403638226.245096922 0.30276 0.51752 -0.16441 0.82606 -0.13262 0.53944 0.09504
1403638226.345097065 0.29866 0.53148 -0.17838 0.82199 -0.13344 0.54570 0.09343
1403638226.445096970 0.30605 0.53032 -0.18166 0.82172 -0.13370 0.54604 0.09352
1403638226.545097113 0.30755 0.52958 -0.18313 0.82117 -0.13308 0.54704 0.09337
1403638226.645097017 0.30752 0.52955 -0.18325 0.82120 -0.13363 0.54691 0.09313
1403638226.745096922 0.30737 0.52949 -0.18324 0.82170 -0.13410 0.54610 0.09272
1403638226.845097065 0.30731 0.52959 -0.18330 0.82152 -0.13378 0.54643 0.09285
1403638226.945096970 0.30739 0.52925 -0.18320 0.82174 -0.13361 0.54606 0.09331
1403638227.045097113 0.30721 0.52925 -0.18319 0.82179 -0.13314 0.54604 0.09372
1403638227.145097017 0.30716 0.52918 -0.18311 0.82192 -0.13342 0.54581 0.09345
1403638227.245096922 0.30706 0.52929 -0.18313 0.82200 -0.13349 0.54573 0.09311
1403638227.345097065 0.30707 0.52932 -0.18310 0.82200 -0.13384 0.54573 0.09262
1403638227.445096970 0.30702 0.52932 -0.18307 0.82206 -0.13384 0.54565 0.09258
1403638227.545097113 0.30697 0.52922 -0.18301 0.82210 -0.13368 0.54562 0.09266
1403638227.645097017 0.30692 0.52915 -0.18293 0.82213 -0.13359 0.54558 0.09277
1403638227.745096922 0.30688 0.52915 -0.18293 0.82219 -0.13367 0.54549 0.09262
1403638227.845097065 0.30693 0.52913 -0.18293 0.82224 -0.13371 0.54543 0.09248
1403638227.945096970 0.30690 0.52912 -0.18292 0.82226 -0.13380 0.54541 0.09227
1403638228.045097113 0.30688 0.52911 -0.18289 0.82228 -0.13386 0.54537 0.09222
1403638228.145097017 0.30687 0.52908 -0.18288 0.82228 -0.13385 0.54537 0.09222
1403638228.245096922 0.30686 0.52904 -0.18287 0.82230 -0.13383 0.54535 0.09221
1403638228.345097065 0.30689 0.52899 -0.18289 0.82229 -0.13389 0.54536 0.09217
1403638228.445096970 0.30685 0.52900 -0.18290 0.82235 -0.13388 0.54528 0.09212
1403638228.545097113 0.30684 0.52896 -0.18286 0.82236 -0.13390 0.54528 0.09201
1403638228.645097017 0.30681 0.52898 -0.18283 0.82241 -0.13391 0.54520 0.09198
1403638228.745096922 0.30680 0.52896 -0.18282 0.82242 -0.13395 0.54519 0.09192
1403638228.845097065 0.30679 0.52895 -0.18278 0.82244 -0.13396 0.54517 0.09190
