1413394888.905760527 0.28568 0.25059 0.46611 0.81506 0.00157 0.57920 -0.01428
1413394889.005760431 0.33825 0.28121 0.47660 0.81242 -0.00115 0.58279 -0.01828
1413394889.105760574 0.38488 0.30772 0.47953 0.80979 -0.00375 0.58633 -0.02101
1413394889.205760479 0.42913 0.32648 0.49005 0.80612 -0.00022 0.59153 -0.01615
1413394889.305760384 0.47093 0.34233 0.50806 0.78765 0.00261 0.61600 -0.01180
1413394889.405760527 0.50266 0.35706 0.53129 0.75602 0.00503 0.65447 -0.00886
1413394889.505760431 0.51279 0.37060 0.55493 0.73272 0.00742 0.68047 -0.00518
1413394889.605760574 0.49510 0.38063 0.57423 0.75123 0.00859 0.65998 -0.00192
1413394889.705760479 0.45970 0.39163 0.59390 0.79106 0.00781 0.61169 0.00035
1413394889.805760384 0.41722 0.40382 0.61467 0.83012 0.00641 0.55755 0.00161
1413394889.905760527 0.38062 0.41779 0.63582 0.85773 0.00311 0.51410 0.00123
1413394890.005760431 0.35811 0.43028 0.64832 0.87658 0.00011 0.48125 0.00021
1413394890.105760574 0.35891 0.44246 0.65476 0.88847 -0.00386 0.45891 -0.00240
1413394890.205760479 0.38761 0.45180 0.65693 0.87876 -0.00871 0.47713 -0.00729
1413394890.305760384 0.44111 0.45973 0.65561 0.85250 -0.01686 0.52217 -0.01734
1413394890.405760527 0.50714 0.46373 0.64858 0.81833 -0.02344 0.57364 -0.02692
1413394890.505760431 0.57676 0.46017 0.63835 0.78330 -0.02358 0.62041 -0.03119
1413394890.605760574 0.63417 0.45183 0.62519 0.75475 -0.01860 0.65511 -0.02900
1413394890.705760479 0.66969 0.43661 0.61457 0.73751 -0.00961 0.67499 -0.01954
1413394890.805760384 0.67845 0.41466 0.59937 0.74594 -0.00011 0.66594 -0.01029
1413394890.905760527 0.66336 0.38955 0.57980 0.78203 0.00355 0.62318 -0.00822
1413394891.005760431 0.63342 0.36483 0.56084 0.82364 0.00650 0.56706 -0.00373
1413394891.105760574 0.60510 0.34113 0.54608 0.85473 0.00836 0.51900 -0.00052
1413394891.205760479 0.58339 0.31893 0.53201 0.87268 0.00787 0.48823 0.00076
1413394891.305760384 0.59133 0.29782 0.52214 0.88043 0.00899 0.47409 0.00295
1413394891.405760527 0.62493 0.28107 0.51815 0.87354 0.01291 0.48651 0.00854
1413394891.505760431 0.68780 0.26780 0.52377 0.85522 0.01433 0.51794 0.01117
1413394891.605760574 0.76598 0.25697 0.53122 0.83537 0.01718 0.54924 0.01371
1413394891.705760479 0.84866 0.24848 0.53911 0.82257 0.01951 0.56811 0.01583
1413394891.805760384 0.93431 0.24306 0.54780 0.81683 0.01979 0.57628 0.01712
1413394891.905760527 1.01837 0.24336 0.56972 0.80324 0.02281 0.59491 0.01925
1413394892.005760431 1.09821 0.25123 0.60413 0.78583 0.02549 0.61760 0.01972
1413394892.105760574 1.16877 0.26574 0.64218 0.77348 0.03172 0.63283 0.01569
1413394892.205760479 1.22863 0.28693 0.67554 0.76917 0.04592 0.63736 0.00697
1413394892.305760384 1.27526 0.31515 0.70588 0.76756 0.06483 0.63763 -0.00848
1413394892.405760527 1.31250 0.34602 0.72010 0.76713 0.08707 0.63499 -0.02689
1413394892.505760431 1.33442 0.38115 0.71937 0.76620 0.11137 0.63104 -0.04832
1413394892.605760574 1.34171 0.41840 0.71440 0.76911 0.13909 0.61961 -0.07218
1413394892.705760479 1.33848 0.45755 0.71344 0.77345 0.17010 0.60262 -0.09842
1413394892.805760384 1.32724 0.49836 0.71921 0.77577 0.20361 0.58414 -0.12451
1413394892.905760527 1.31112 0.53956 0.72966 0.77481 0.23736 0.56667 -0.14907
1413394893.005760431 1.29098 0.58202 0.73868 0.77562 0.27004 0.54543 -0.16736
1413394893.105760574 1.27142 0.62799 0.75132 0.76970 0.30313 0.53208 -0.18047
1413394893.205760479 1.24799 0.67629 0.76248 0.76013 0.33463 0.52242 -0.19313
1413394893.305760384 1.22803 0.73055 0.77579 0.74906 0.35673 0.51788 -0.20845
1413394893.405760527 1.20697 0.78939 0.79224 0.73319 0.37183 0.52561 -0.21885
1413394893.505760431 1.18812 0.85426 0.80832 0.71835 0.38571 0.53552 -0.22004
1413394893.605760574 1.15076 0.91620 0.81662 0.70578 0.39665 0.54528 -0.21727
1413394893.705760479 1.10306 0.98024 0.81684 0.69200 0.40668 0.55879 -0.20857
1413394893.805760384 1.04479 1.04907 0.81276 0.68310 0.40882 0.56998 -0.20338
1413394893.905760527 0.96558 1.11295 0.80652 0.68138 0.40584 0.57198 -0.20941
1413394894.005760431 0.86922 1.18437 0.80184 0.67864 0.40334 0.57152 -0.22392
1413394894.105760574 0.76813 1.26343 0.78891 0.67325 0.40440 0.57015 -0.24110
1413394894.205760479 0.64372 1.33546 0.77406 0.67182 0.40593 0.55599 -0.27342
1413394894.305760384 0.51519 1.40571 0.75288 0.67176 0.41263 0.53326 -0.30678
1413394894.405760527 0.37675 1.46209 0.73258 0.66614 0.42787 0.51132 -0.33427
1413394894.505760431 0.24287 1.51233 0.70603 0.66020 0.44773 0.49086 -0.35031
1413394894.605760574 0.10950 1.55736 0.67600 0.65147 0.46775 0.47468 -0.36259
1413394894.705760479 -0.02067 1.59704 0.64428 0.63785 0.48566 0.46693 -0.37317
1413394894.805760384 -0.15004 1.63373 0.61141 0.62592 0.50167 0.46403 -0.37580
1413394894.905760527 -0.27521 1.66585 0.57889 0.62155 0.51298 0.45594 -0.37769
1413394895.005760431 -0.39786 1.69608 0.54743 0.62580 0.51484 0.44234 -0.38425
1413394895.105760574 -0.51607 1.71821 0.51939 0.63081 0.51477 0.43235 -0.38752
1413394895.205760479 -0.62896 1.73685 0.49621 0.63584 0.51393 0.42648 -0.38690
1413394895.305760384 -0.73508 1.75485 0.47977 0.63719 0.51097 0.43016 -0.38453
1413394895.405760527 -0.83421 1.77287 0.46869 0.62972 0.51761 0.44825 -0.36688
1413394895.505760431 -0.93400 1.79654 0.46655 0.62667 0.52196 0.46010 -0.35092
1413394895.605760574 -1.03630 1.81774 0.47725 0.62898 0.52122 0.46392 -0.34278
1413394895.705760479 -1.13881 1.83968 0.50371 0.63707 0.51488 0.45746 -0.34608
1413394895.805760384 -1.24308 1.86154 0.54247 0.64320 0.50972 0.45061 -0.35132
1413394895.905760527 -1.34645 1.88517 0.57869 0.64484 0.50710 0.44810 -0.35528
1413394896.005760431 -1.44526 1.91250 0.60340 0.64353 0.50684 0.44814 -0.35798
1413394896.105760574 -1.54508 1.93915 0.61444 0.64255 0.50773 0.44692 -0.36000
1413394896.205760479 -1.64191 1.97064 0.61544 0.64248 0.50894 0.44541 -0.36029
1413394896.305760384 -1.74011 2.00552 0.60948 0.64994 0.49934 0.43277 -0.37543
1413394896.405760527 -1.83257 2.03809 0.59756 0.66046 0.48653 0.41563 -0.39285
1413394896.505760431 -1.91217 2.06846 0.58655 0.66890 0.47563 0.40085 -0.40702
1413394896.605760574 -1.97685 2.09642 0.56882 0.67793 0.46239 0.38454 -0.42278
1413394896.705760479 -2.01901 2.12416 0.54090 0.68623 0.44702 0.36834 -0.43998
1413394896.805760384 -2.03917 2.14541 0.50617 0.69379 0.43168 0.35352 -0.45534
1413394896.905760527 -2.02748 2.15865 0.46991 0.69424 0.42013 0.35298 -0.46575
1413394897.005760431 -1.97996 2.16326 0.43685 0.69530 0.41314 0.34969 -0.47285
1413394897.105760574 -1.89023 2.16237 0.40989 0.69771 0.41222 0.34649 -0.47246
1413394897.205760479 -1.76501 2.14850 0.39220 0.69473 0.41916 0.35432 -0.46487
1413394897.305760384 -1.60254 2.13257 0.38166 0.68263 0.44480 0.38172 -0.43641
1413394897.405760527 -1.41719 2.11260 0.37821 0.66269 0.47314 0.41785 -0.40296
1413394897.505760431 -1.22232 2.09032 0.37810 0.64696 0.49101 0.44140 -0.38147
1413394897.605760574 -1.02654 2.06675 0.38049 0.63987 0.50056 0.45063 -0.37006
1413394897.705760479 -0.83338 2.04270 0.38735 0.63391 0.50222 0.45747 -0.36967
1413394897.805760384 -0.64470 2.01615 0.39874 0.62800 0.50220 0.46403 -0.37159
1413394897.905760527 -0.46118 1.98680 0.41518 0.62345 0.50096 0.46875 -0.37500
1413394898.005760431 -0.28352 1.95327 0.43593 0.62006 0.50060 0.47255 -0.37633
1413394898.105760574 -0.11411 1.91624 0.45839 0.62019 0.50463 0.47209 -0.37128
1413394898.205760479 0.04717 1.87445 0.48371 0.61701 0.51177 0.47401 -0.36427
1413394898.305760384 0.19794 1.83108 0.51278 0.60675 0.52303 0.48369 -0.35262
1413394898.405760527 0.33445 1.78612 0.54212 0.59241 0.53945 0.49116 -0.34177
1413394898.505760431 0.45115 1.74160 0.57136 0.57819 0.55889 0.48893 -0.33806
1413394898.605760574 0.54820 1.69416 0.60194 0.56325 0.58042 0.48135 -0.33788
1413394898.705760479 0.62471 1.64952 0.63391 0.55368 0.59717 0.47138 -0.33856
1413394898.805760384 0.68014 1.60945 0.66659 0.55364 0.60943 0.45543 -0.33861
1413394898.905760527 0.71685 1.57356 0.70248 0.54680 0.62206 0.45228 -0.33090
1413394899.005760431 0.73564 1.53702 0.73912 0.54025 0.63203 0.45393 -0.32035
1413394899.105760574 0.73030 1.51098 0.76807 0.54597 0.63585 0.44489 -0.31574
1413394899.205760479 0.70267 1.49735 0.78568 0.55335 0.63731 0.43506 -0.31362
1413394899.305760384 0.65645 1.49073 0.79469 0.55274 0.63818 0.43515 -0.31282
1413394899.405760527 0.59095 1.49449 0.79453 0.55892 0.62948 0.42824 -0.32860
1413394899.505760431 0.50887 1.50764 0.78322 0.56846 0.61877 0.40937 -0.35552
1413394899.605760574 0.41595 1.53141 0.76428 0.56478 0.62071 0.39354 -0.37534
1413394899.705760479 0.31481 1.56252 0.74337 0.55085 0.63335 0.37974 -0.38888
1413394899.805760384 0.20574 1.60328 0.72464 0.52975 0.64962 0.36625 -0.40400
1413394899.905760527 0.09094 1.65102 0.70814 0.50313 0.66355 0.35548 -0.42450
1413394900.005760431 -0.02993 1.70442 0.69760 0.48031 0.67210 0.33792 -0.45100
1413394900.105760574 -0.15470 1.76084 0.70200 0.45573 0.67952 0.32287 -0.47574
1413394900.205760479 -0.27970 1.81491 0.71707 -0.43262 -0.68373 -0.30779 0.50062
1413394900.305760384 -0.40105 1.86843 0.72849 -0.40964 -0.69000 -0.29675 0.51773
1413394900.405760527 -0.51744 1.91536 0.73352 -0.38269 -0.69797 -0.29223 0.53008
1413394900.505760431 -0.62972 1.95627 0.73038 -0.35246 -0.71462 -0.29309 0.52838
1413394900.605760574 -0.74122 1.98825 0.72101 -0.32268 -0.73098 -0.29602 0.52336
1413394900.705760479 -0.85569 2.01116 0.70902 -0.29181 -0.74274 -0.29962 0.52288
1413394900.805760384 -0.97531 2.01743 0.70380 -0.26404 -0.75395 -0.29426 0.52465
1413394900.905760527 -1.10452 2.00554 0.71287 -0.24152 -0.76368 -0.27691 0.53084
1413394901.005760431 -1.24270 1.97292 0.74157 -0.21389 -0.77108 -0.25905 0.54090
1413394901.105760574 -1.38658 1.92150 0.77790 -0.18591 -0.77558 -0.23796 0.55433
1413394901.205760479 -1.53151 1.85368 0.80850 -0.16352 -0.77473 -0.20623 0.57492
1413394901.305760384 -1.67330 1.77375 0.83071 -0.15062 -0.77068 -0.16420 0.59700
1413394901.405760527 -1.80816 1.68483 0.84620 -0.14228 -0.76428 -0.11874 0.61768
1413394901.505760431 -1.93269 1.59446 0.85609 -0.12998 -0.75497 -0.08432 0.63719
1413394901.605760574 -2.04211 1.50377 0.85526 -0.11333 -0.75802 -0.05950 0.63955
1413394901.705760479 -2.13659 1.41365 0.84388 -0.08653 -0.77274 -0.04580 0.62713
1413394901.805760384 -2.21522 1.32140 0.83229 -0.04822 -0.78334 -0.04036 0.61841
1413394901.905760527 -2.28081 1.22675 0.82686 -0.00450 -0.78532 -0.03222 0.61823
1413394902.005760431 -2.33559 1.12769 0.82751 0.03516 -0.78428 -0.01640 0.61919
1413394902.105760574 -2.38075 1.02257 0.83281 0.06767 -0.78281 0.00475 0.61855
1413394902.205760479 -2.41916 0.90924 0.83743 0.09470 -0.77888 0.02702 0.61939
1413394902.305760384 -2.44557 0.79334 0.83482 0.12008 -0.76994 0.04843 0.62484
1413394902.405760527 -2.45697 0.67525 0.82739 0.14271 -0.75638 0.06610 0.63494
1413394902.505760431 -2.45247 0.55657 0.81556 0.15045 -0.75188 0.09885 0.63425
1413394902.605760574 -2.43133 0.44139 0.80586 0.14393 -0.75292 0.13908 0.62694
1413394902.705760479 -2.39973 0.33907 0.79692 0.13239 -0.76062 0.17399 0.61127
1413394902.805760384 -2.36353 0.25372 0.79058 0.12233 -0.76946 0.19617 0.59539
1413394902.905760527 -2.32386 0.18902 0.78649 0.12294 -0.77937 0.19508 0.58259
1413394903.055760384 -2.26326 0.12461 0.76803 0.12426 -0.79063 0.17659 0.57295
1413394903.255760431 -2.18632 0.08870 0.69975 0.09699 -0.82325 0.15605 0.53712
1413394903.455760479 -2.14415 0.08724 0.61747 0.07380 -0.82511 0.10845 0.54953
1413394903.605760574 -2.13345 0.10287 0.58592 0.06407 -0.81241 0.08253 0.57365
1413394903.705760479 -2.13189 0.11404 0.58509 0.06254 -0.80775 0.06818 0.58222
1413394903.805760384 -2.13758 0.13799 0.60490 0.06548 -0.80633 0.05633 0.58512
1413394903.905760527 -2.14262 0.15600 0.63422 0.07415 -0.80720 0.03767 0.58439
1413394904.005760431 -2.14512 0.17078 0.65435 0.06889 -0.81007 0.02509 0.58173
1413394904.105760574 -2.14361 0.18543 0.66076 0.04316 -0.81781 0.02525 0.57331
1413394904.205760479 -2.14240 0.19595 0.65678 0.00965 -0.82742 0.02239 0.56106
1413394904.305760384 -2.14519 0.21090 0.64234 -0.02339 -0.83689 0.00841 0.54680
1413394904.405760527 -2.15985 0.23140 0.62290 -0.05829 -0.84275 -0.01318 0.53498
1413394904.505760431 -2.18050 0.25679 0.59818 -0.09176 -0.84103 -0.04342 0.53137
1413394904.605760574 -2.21221 0.28401 0.57609 -0.12628 -0.82718 -0.07560 0.54232
1413394904.705760479 -2.24866 0.31558 0.55922 -0.16226 -0.80891 -0.10451 0.55535
1413394904.805760384 -2.28790 0.34731 0.54641 -0.19533 -0.79216 -0.13469 0.56231
1413394904.905760527 -2.32720 0.37761 0.53665 -0.22743 -0.77320 -0.16530 0.56843
1413394905.005760431 -2.36131 0.40622 0.53469 -0.25762 -0.74653 -0.19521 0.58156
1413394905.105760574 -2.38895 0.42830 0.53356 -0.28789 -0.71703 -0.22083 0.59517
1413394905.205760479 -2.40380 0.44036 0.53466 -0.32292 -0.70111 -0.23246 0.59172
1413394905.305760384 -2.40687 0.44306 0.52585 -0.36402 -0.71187 -0.22555 0.55665
1413394905.405760527 -2.40231 0.44277 0.51727 -0.40099 -0.73929 -0.20637 0.50007
1413394905.505760431 -2.40142 0.45667 0.50984 0.42412 0.76424 0.19179 -0.44641
1413394905.605760574 -2.41710 0.49959 0.50732 0.43244 0.77958 0.18858 -0.41193
1413394905.705760479 -2.44259 0.56947 0.52093 0.41416 0.77102 0.21999 -0.43082
1413394905.805760384 -2.47969 0.65755 0.54471 0.38644 0.73923 0.25932 -0.48677
1413394905.905760527 -2.51992 0.74282 0.57256 -0.35660 -0.69761 -0.29239 0.54835
1413394906.005760431 -2.55583 0.81294 0.60027 -0.33473 -0.66157 -0.30927 0.59551
1413394906.105760574 -2.57760 0.85762 0.62877 -0.32543 -0.63416 -0.30835 0.62997
1413394906.205760479 -2.57654 0.87688 0.65911 -0.33844 -0.62693 -0.28676 0.64046
1413394906.305760384 -2.55359 0.88011 0.68809 -0.36923 -0.65182 -0.25850 0.60989
1413394906.405760527 -2.50962 0.87265 0.70910 -0.40149 -0.68230 -0.24277 0.56066
1413394906.505760431 -2.45402 0.86341 0.71947 0.42808 0.71581 0.24474 -0.49443
1413394906.605760574 -2.39600 0.85991 0.72097 0.45321 0.73457 0.25186 -0.43768
1413394906.705760479 -2.34742 0.87719 0.72083 0.46890 0.72958 0.27532 -0.41479
1413394906.805760384 -2.31326 0.90930 0.72183 0.47041 0.69675 0.31860 -0.43788
1413394906.905760527 -2.28523 0.94548 0.71704 0.45917 0.65159 0.36838 -0.47843
1413394907.005760431 -2.26185 0.97074 0.71256 -0.44154 -0.60496 -0.41176 0.51915
1413394907.105760574 -2.23987 0.97232 0.71138 -0.42748 -0.56472 -0.43599 0.55521
1413394907.205760479 -2.21256 0.94147 0.70462 -0.43827 -0.56206 -0.42678 0.55666
1413394907.305760384 -2.17433 0.88020 0.69500 -0.47109 -0.59151 -0.39168 0.52419
1413394907.405760527 -2.12898 0.80529 0.68470 0.51773 0.62476 0.33390 -0.47973
1413394907.505760431 -2.08217 0.72332 0.66695 0.57306 0.63214 0.26483 -0.44930
1413394907.605760574 -2.02294 0.65913 0.64525 0.61364 0.62776 0.22445 -0.42308
1413394907.705760479 -1.94639 0.62668 0.62514 0.62366 0.62679 0.23900 -0.40132
1413394907.805760384 -1.85678 0.64987 0.60559 0.59352 0.62206 0.31125 -0.40485
1413394907.905760527 -1.76264 0.66606 0.58359 0.54880 0.60333 0.38901 -0.42836
1413394908.005760431 -1.67629 0.68111 0.55654 0.51340 0.58285 0.43715 -0.45343
1413394908.105760574 -1.59576 0.69289 0.52000 0.49894 0.58117 0.44620 -0.46283
1413394908.205760479 -1.52337 0.68747 0.47680 0.51731 0.60601 0.41808 -0.43629
1413394908.305760384 -1.45667 0.67209 0.43143 0.54100 0.63769 0.38035 -0.39498
1413394908.405760527 -1.40183 0.66736 0.39382 0.56139 0.65964 0.34308 -0.36332
1413394908.505760431 -1.35722 0.67774 0.37024 0.57892 0.66733 0.31065 -0.35074
1413394908.605760574 -1.31835 0.71590 0.37502 0.56826 0.66363 0.32025 -0.36621
1413394908.705760479 -1.29728 0.78262 0.40623 0.53268 0.64317 0.36544 -0.41115
1413394908.805760384 -1.27934 0.84470 0.45046 0.49331 0.61587 0.40990 -0.45753
1413394908.905760527 -1.26564 0.88831 0.50514 0.46440 0.58873 0.43695 -0.49679
1413394909.005760431 -1.25638 0.90719 0.56759 -0.45255 -0.56539 -0.44045 0.53060
1413394909.105760574 -1.24337 0.90233 0.62479 -0.47237 -0.57497 -0.41265 0.52535
1413394909.205760479 -1.22585 0.88738 0.67487 0.50820 0.60249 0.37226 -0.49006
1413394909.305760384 -1.19839 0.86590 0.71379 0.54639 0.62654 0.33914 -0.44032
1413394909.405760527 -1.16558 0.85244 0.74289 0.58132 0.62635 0.32058 -0.40863
1413394909.505760431 -1.13033 0.85427 0.76472 0.60245 0.60384 0.33059 -0.40390
1413394909.605760574 -1.09086 0.87152 0.78406 0.61081 0.56734 0.35650 -0.42184
1413394909.705760479 -1.04381 0.89161 0.80788 0.60779 0.53467 0.38797 -0.44068
1413394909.805760384 -0.99140 0.90729 0.83754 0.58748 0.51038 0.43308 -0.45478
1413394909.905760527 -0.92795 0.91398 0.87233 0.56439 0.49390 0.47055 -0.46489
1413394910.005760431 -0.86236 0.89742 0.89694 0.56534 0.50691 0.47508 -0.44467
1413394910.105760574 -0.80290 0.86246 0.91505 0.58573 0.53668 0.45249 -0.40515
1413394910.205760479 -0.74774 0.82392 0.92550 0.61233 0.56175 0.41507 -0.37040
1413394910.305760384 -0.70024 0.78657 0.92206 0.63449 0.58024 0.37836 -0.34291
1413394910.405760527 -0.65565 0.76473 0.91039 0.64815 0.59052 0.35192 -0.32762
1413394910.505760431 -0.61039 0.76290 0.89473 0.64724 0.59352 0.34912 -0.32698
1413394910.605760574 -0.56017 0.78289 0.88413 0.61953 0.57975 0.38912 -0.35869
1413394910.705760479 -0.51101 0.81962 0.87663 0.58109 0.55033 0.43889 -0.40847
1413394910.805760384 -0.46644 0.84705 0.86968 0.55194 0.52010 0.46899 -0.45267
1413394910.905760527 -0.42117 0.85554 0.85741 0.53822 0.50194 0.47716 -0.48030
1413394911.005760431 -0.37548 0.83667 0.84358 0.53700 0.49400 0.46955 -0.49711
1413394911.105760574 -0.32613 0.79162 0.82325 0.55702 0.51844 0.44437 -0.47274
1413394911.205760479 -0.27301 0.72795 0.79873 0.58367 0.55964 0.41346 -0.41855
1413394911.305760384 -0.21886 0.66271 0.77220 0.60653 0.58874 0.38316 -0.37242
1413394911.405760527 -0.16463 0.60862 0.74222 0.62269 0.60385 0.36313 -0.34024
1413394911.505760431 -0.11399 0.57527 0.70743 0.62951 0.60858 0.35653 -0.32593
1413394911.605760574 -0.06814 0.56445 0.66967 0.62479 0.59704 0.37385 -0.33678
1413394911.705760479 -0.02653 0.57432 0.63608 0.60331 0.56859 0.41758 -0.37196
1413394911.805760384 0.00904 0.58704 0.60932 0.57353 0.53583 0.46358 -0.41116
1413394911.905760527 0.03717 0.58402 0.59334 0.55306 0.51222 0.49242 -0.43505
1413394912.005760431 0.05841 0.56470 0.58189 0.56305 0.51737 0.48663 -0.42248
1413394912.105760574 0.07468 0.53395 0.57602 0.59545 0.54093 0.45121 -0.38632
1413394912.205760479 0.08805 0.49689 0.57608 0.62664 0.55800 0.41825 -0.34789
1413394912.305760384 0.09916 0.46907 0.57997 0.64885 0.56040 0.40344 -0.31964
1413394912.405760527 0.10781 0.45963 0.58629 0.66685 0.54926 0.40189 -0.30349
1413394912.505760431 0.11443 0.47220 0.60081 0.68252 0.52551 0.40967 -0.30029
1413394912.605760574 0.12221 0.49889 0.62214 0.69011 0.49149 0.43038 -0.31138
1413394912.705760479 0.13142 0.53704 0.64495 0.69467 0.45517 0.45306 -0.32404
1413394912.805760384 0.14485 0.57941 0.67239 0.70091 0.42673 0.46763 -0.32855
1413394912.905760527 0.16166 0.62025 0.69525 0.70530 0.41199 0.47635 -0.32544
1413394913.005760431 0.18101 0.66000 0.71881 0.70439 0.41312 0.48819 -0.30797
1413394913.105760574 0.19935 0.69987 0.74378 0.70137 0.41654 0.49836 -0.29362
1413394913.205760479 0.21331 0.74278 0.76884 0.69691 0.42255 0.50212 -0.28922
1413394913.305760384 0.22178 0.78844 0.79502 0.68608 0.43404 0.50239 -0.29750
1413394913.405760527 0.22392 0.83728 0.82115 0.66756 0.45182 0.50146 -0.31426
1413394913.505760431 0.21850 0.88615 0.83798 0.64416 0.47974 0.49600 -0.32998
1413394913.605760574 0.20379 0.93348 0.84365 0.61476 0.51560 0.49059 -0.33992
1413394913.705760479 0.17870 0.97680 0.83632 0.58628 0.55359 0.47797 -0.34838
1413394913.805760384 0.14083 1.01809 0.81516 0.56636 0.58774 0.45012 -0.36219
1413394913.905760527 0.09105 1.05824 0.78240 0.55197 0.61233 0.41455 -0.38540
1413394914.005760431 0.03462 1.10123 0.74352 0.53495 0.62989 0.38265 -0.41310
1413394914.105760574 -0.02619 1.14775 0.70091 0.51097 0.64787 0.36058 -0.43492
1413394914.205760479 -0.09101 1.19491 0.66754 0.47801 0.66930 0.34883 -0.44930
1413394914.305760384 -0.16070 1.24326 0.64853 0.44296 0.69107 0.33746 -0.46080
1413394914.405760527 -0.23985 1.28931 0.64559 0.40810 0.71069 0.32637 -0.47102
1413394914.505760431 -0.32859 1.33116 0.65716 0.37713 0.72599 0.31416 -0.48167
1413394914.605760574 -0.42604 1.36825 0.67422 0.36119 0.73434 0.29246 -0.49472
1413394914.705760479 -0.52941 1.40026 0.68384 -0.35171 -0.73832 -0.26930 0.50859
1413394914.805760384 -0.63539 1.42837 0.68318 -0.34140 -0.74202 -0.24871 0.52058
1413394914.905760527 -0.74113 1.45243 0.67275 -0.32444 -0.74828 -0.23876 0.52708
1413394915.005760431 -0.84472 1.47017 0.64998 -0.30066 -0.75462 -0.23660 0.53307
1413394915.105760574 -0.94852 1.47581 0.62206 -0.26788 -0.76148 -0.23865 0.53984
1413394915.205760479 -1.05693 1.47212 0.59678 -0.23160 -0.77304 -0.23657 0.54112
1413394915.305760384 -1.17143 1.45523 0.57630 -0.19454 -0.78347 -0.22897 0.54396
1413394915.405760527 -1.29103 1.42225 0.55876 -0.15935 -0.78992 -0.21739 0.55079
1413394915.505760431 -1.41634 1.37241 0.54465 -0.12584 -0.79331 -0.20287 0.56006
1413394915.605760574 -1.54511 1.30187 0.53474 -0.10160 -0.79047 -0.16641 0.58063
1413394915.705760479 -1.67224 1.21362 0.52659 -0.08360 -0.78533 -0.11237 0.60302
1413394915.805760384 -1.79127 1.11404 0.52156 -0.05573 -0.77848 -0.06682 0.62161
1413394915.905760527 -1.89774 1.00940 0.52171 -0.02085 -0.76779 -0.03234 0.63954
1413394916.005760431 -1.98792 0.90242 0.52374 0.01229 -0.76218 -0.00322 0.64724
1413394916.105760574 -2.06101 0.79553 0.52757 0.03939 -0.75844 0.02387 0.65011
1413394916.205760479 -2.11998 0.68891 0.52949 0.06341 -0.76817 0.04487 0.63552
1413394916.305760384 -2.16171 0.58132 0.53219 0.08696 -0.78462 0.06267 0.61064
1413394916.405760527 -2.19273 0.47498 0.53462 0.10123 -0.79628 0.09489 0.58880
1413394916.505760431 -2.21825 0.37266 0.52844 0.10674 -0.80309 0.14087 0.56905
1413394916.605760574 -2.24371 0.27745 0.51384 0.10763 -0.79728 0.19545 0.56086
1413394916.705760479 -2.27615 0.20004 0.48671 0.12164 -0.78875 0.24243 0.55164
1413394916.855760574 -2.32843 0.12658 0.42945 0.18713 -0.78277 0.26604 0.53054
1413394917.055760384 -2.42367 0.08382 0.32164 0.29972 -0.76598 0.25952 0.50606
1413394917.255760431 -2.54898 0.05220 0.21369 -0.40463 0.73539 -0.25700 -0.47898
1413394917.455760479 -2.68618 -0.00955 0.11881 -0.46157 0.70982 -0.27186 -0.45739
1413394917.655760527 -2.83064 -0.12636 0.04373 -0.48719 0.67942 -0.27419 -0.47523
1413394917.855760574 -2.94435 -0.29168 0.01140 0.50028 -0.65666 0.26109 0.50036
1413394918.055760384 -2.99122 -0.50070 0.00236 0.52161 -0.63954 0.26031 0.50114
1413394918.255760431 -2.97197 -0.74486 -0.03038 -0.51682 0.64698 -0.32484 -0.45694
1413394918.455760479 -2.92844 -1.00378 -0.05808 -0.51212 0.65662 -0.38791 -0.39511
1413394918.655760527 -2.91704 -1.27223 -0.06753 -0.54299 0.62427 -0.41238 -0.38131
1413394918.855760574 -2.94783 -1.55360 -0.07023 0.58962 -0.56760 0.41173 0.40082
1413394919.055760384 -2.97330 -1.81993 -0.02936 0.60307 -0.51712 0.44269 0.41583
1413394919.255760431 -2.97514 -2.03260 0.07290 0.61205 -0.47889 0.48915 0.39598
1413394919.455760479 -2.96703 -2.17002 0.22066 0.64160 -0.41397 0.51033 0.39565
1413394919.655760527 -2.95046 -2.22796 0.35325 0.69899 -0.38151 0.49200 0.35185
1413394919.855760574 -2.90771 -2.25473 0.44437 0.73789 -0.38057 0.49280 0.26046
1413394920.055760384 -2.84405 -2.31758 0.50181 0.77342 -0.34004 0.49782 0.19586
1413394920.255760431 -2.75709 -2.40976 0.51153 0.80661 -0.27357 0.50253 0.14836
1413394920.455760479 -2.63786 -2.50463 0.49280 0.81962 -0.19057 0.52204 0.13921
1413394920.655760527 -2.49011 -2.59211 0.46654 0.82126 -0.12183 0.53629 0.15191
1413394920.855760574 -2.30805 -2.63560 0.45257 0.82627 -0.10389 0.53302 0.14957
1413394921.055760384 -2.08786 -2.63622 0.42164 0.82750 -0.12600 0.53175 0.12884
1413394921.255760431 -1.83112 -2.62315 0.36731 0.81032 -0.16997 0.55244 0.09648
1413394921.455760479 -1.56362 -2.62754 0.26607 0.79848 -0.23967 0.55126 0.03311
1413394921.655760527 -1.31502 -2.69586 0.14188 0.80428 -0.22597 0.54378 0.07982
1413394921.855760574 -1.07001 -2.80356 0.03367 0.79410 -0.17678 0.56259 0.14712
1413394922.055760384 -0.82068 -2.89128 -0.04294 0.76853 -0.15126 0.61237 0.10720
1413394922.255760431 -0.61879 -2.96096 -0.06364 0.78830 -0.09597 0.60389 0.06845
1413394922.455760479 -0.45451 -3.01602 -0.01989 0.81764 -0.03014 0.57062 0.07031
1413394922.655760527 -0.26005 -3.05182 0.07185 0.82334 -0.02451 0.56611 0.03229
1413394922.855760574 -0.07190 -3.06907 0.16898 0.83356 -0.03063 0.55152 0.00800
1413394923.055760384 0.11300 -3.08611 0.26207 0.84177 -0.03109 0.53889 0.00695
1413394923.255760431 0.32532 -3.10699 0.33191 0.83321 -0.01740 0.55181 0.03101
1413394923.455760479 0.56337 -3.11288 0.40899 0.83134 -0.01490 0.55499 0.02543
1413394923.655760527 0.81460 -3.09695 0.48150 0.83871 0.01292 0.54442 -0.00086
1413394923.855760574 1.08980 -3.06583 0.53129 0.82418 0.07371 0.56123 -0.01776
1413394924.055760384 1.37159 -3.00974 0.53642 0.80928 0.12955 0.57056 -0.05245
1413394924.255760431 1.63346 -2.92294 0.52529 0.79989 0.17086 0.56366 -0.11519
1413394924.455760479 1.89250 -2.82964 0.52539 0.78789 0.21709 0.54936 -0.17408
1413394924.655760527 2.15045 -2.74437 0.53502 0.76579 0.28084 0.54101 -0.20495
1413394924.855760574 2.39771 -2.65903 0.55775 0.72681 0.35091 0.54616 -0.22430
1413394924.955760479 2.51055 -2.61336 0.57527 0.70263 0.38120 0.55570 -0.22849
1413394925.055760384 2.60763 -2.56580 0.59337 0.68205 0.40443 0.56555 -0.22671
1413394925.155760527 2.68670 -2.51715 0.61148 0.67817 0.42360 0.55632 -0.22618
1413394925.255760431 2.74227 -2.46623 0.63255 0.67492 0.44466 0.54509 -0.22280
1413394925.355760574 2.77763 -2.40941 0.65264 0.66949 0.46116 0.53898 -0.22046
1413394925.455760479 2.79378 -2.34412 0.66283 0.66960 0.46436 0.53243 -0.22919
1413394925.555760384 2.79783 -2.26900 0.66283 0.67297 0.46119 0.52550 -0.24139
1413394925.655760527 2.79054 -2.18760 0.65570 0.67564 0.45866 0.51871 -0.25315
1413394925.755760431 2.77273 -2.09533 0.64115 0.68542 0.44543 0.50547 -0.27622
1413394925.855760574 2.74739 -1.99677 0.62836 0.69395 0.43346 0.49468 -0.29297
1413394925.955760479 2.72266 -1.89459 0.61607 0.69736 0.42961 0.48760 -0.30227
1413394926.055760384 2.69432 -1.79543 0.60647 0.69404 0.43766 0.48582 -0.30122
1413394926.155760527 2.66276 -1.69736 0.59736 0.68845 0.44990 0.48747 -0.29326
1413394926.255760431 2.62857 -1.59528 0.58900 0.68402 0.46020 0.48852 -0.28580
1413394926.355760574 2.58989 -1.48897 0.58149 0.68838 0.46111 0.47950 -0.28913
1413394926.455760479 2.54916 -1.37709 0.57465 0.69333 0.46128 0.46952 -0.29336
1413394926.555760384 2.50665 -1.25739 0.57056 0.69115 0.46476 0.46173 -0.30515
1413394926.655760527 2.46297 -1.13093 0.56969 0.68342 0.47181 0.44954 -0.32901
1413394926.755760431 2.42151 -1.00057 0.56897 0.67399 0.47853 0.42840 -0.36500
1413394926.855760574 2.38684 -0.87149 0.57127 0.66384 0.48617 0.40024 -0.40343
1413394926.955760479 2.36465 -0.74602 0.57193 0.65075 0.49854 0.37567 -0.43226
1413394927.055760384 2.36170 -0.61981 0.56389 0.63417 0.51566 0.36648 -0.44454
1413394927.155760527 2.37619 -0.49938 0.54582 0.60874 0.54382 0.38173 -0.43356
1413394927.255760431 2.40055 -0.37990 0.52642 0.58544 0.56679 0.40005 -0.41949
1413394927.355760574 2.42775 -0.26481 0.51823 0.57384 0.58125 0.40775 -0.40816
1413394927.455760479 2.45337 -0.14739 0.52255 0.57324 0.58683 0.40392 -0.40480
1413394927.555760384 2.47595 -0.03040 0.53998 0.57761 0.58819 0.39647 -0.40398
1413394927.655760527 2.49540 0.07729 0.57276 0.57933 0.58706 0.39340 -0.40616
1413394927.755760431 2.51390 0.19066 0.60925 0.57752 0.58819 0.39152 -0.40892
1413394927.855760574 2.53065 0.30829 0.64031 0.57150 0.59075 0.39599 -0.40938
1413394927.955760479 2.54416 0.41850 0.66363 0.57020 0.59233 0.39526 -0.40963
1413394928.055760384 2.55723 0.53201 0.67840 0.56610 0.59269 0.39912 -0.41103
1413394928.155760527 2.56794 0.64549 0.68595 0.55394 0.59416 0.41470 -0.41005
1413394928.255760431 2.57323 0.75945 0.68618 0.54024 0.59133 0.43273 -0.41378
1413394928.355760574 2.56991 0.86454 0.68681 0.53128 0.58637 0.44588 -0.41844
1413394928.455760479 2.55787 0.95967 0.68703 0.53676 0.58094 0.44035 -0.42485
1413394928.555760384 2.53861 1.04360 0.68945 0.54938 0.57520 0.42580 -0.43131
1413394928.655760527 2.51723 1.12482 0.69576 0.55895 0.57212 0.41556 -0.43308
1413394928.755760431 2.49623 1.20424 0.70375 0.56360 0.57127 0.41232 -0.43128
1413394928.855760574 2.47574 1.27862 0.70906 0.56365 0.57287 0.41526 -0.42623
1413394928.955760479 2.45402 1.34789 0.70546 0.56098 0.57601 0.42158 -0.41926
1413394929.055760384 2.42899 1.41328 0.69249 0.56092 0.57499 0.42351 -0.41881
1413394929.155760527 2.40137 1.47348 0.67636 0.55744 0.56886 0.42907 -0.42610
1413394929.255760431 2.37093 1.52544 0.66271 0.55618 0.56125 0.43082 -0.43595
1413394929.355760574 2.33998 1.56691 0.65213 0.55906 0.55306 0.42616 -0.44717
1413394929.455760479 2.31124 1.60027 0.64520 0.56439 0.55133 0.41890 -0.44946
1413394929.555760384 2.28739 1.62446 0.63929 0.57531 0.55826 0.40434 -0.44031
1413394929.655760527 2.26826 1.64439 0.63511 0.58369 0.56718 0.39402 -0.42704
1413394929.755760431 2.25207 1.66319 0.63372 0.58414 0.57403 0.39506 -0.41616
1413394929.855760574 2.23763 1.68318 0.62731 0.58134 0.57598 0.40035 -0.41232
1413394929.955760479 2.22308 1.70414 0.61339 0.57590 0.57119 0.40903 -0.41806
1413394930.055760384 2.20880 1.72265 0.58959 0.56805 0.56521 0.42075 -0.42524
1413394930.155760527 2.19328 1.73444 0.56129 0.56061 0.56023 0.43169 -0.43068
1413394930.255760431 2.17659 1.74106 0.53691 0.55223 0.55286 0.44259 -0.43989
1413394930.355760574 2.15825 1.73678 0.51714 0.55429 0.54294 0.43854 -0.45351
1413394930.455760479 2.14234 1.72170 0.49464 0.57675 0.55210 0.40882 -0.44205
1413394930.555760384 2.13163 1.70092 0.46667 0.60721 0.57055 0.36647 -0.41409
1413394930.655760527 2.12727 1.68270 0.42843 0.63330 0.58605 0.32806 -0.38452
1413394930.755760431 2.13022 1.68191 0.38871 0.63431 0.59979 0.32709 -0.36181
1413394930.855760574 2.13772 1.70549 0.35272 0.61344 0.59821 0.36230 -0.36685
1413394930.955760479 2.14497 1.74476 0.32213 0.58665 0.58218 0.40433 -0.39170
1413394931.055760384 2.14821 1.78581 0.30058 0.56530 0.56425 0.43512 -0.41560
1413394931.155760527 2.14814 1.81956 0.29105 0.55540 0.55477 0.44951 -0.42626
1413394931.255760431 2.14348 1.84084 0.29781 0.55133 0.54865 0.45628 -0.43224
1413394931.355760574 2.13414 1.84987 0.32688 0.54566 0.54029 0.46505 -0.44053
1413394931.455760479 2.12084 1.84439 0.36414 0.55161 0.54094 0.45959 -0.43805
1413394931.555760384 2.10387 1.82658 0.39149 0.56933 0.55595 0.44056 -0.41556
1413394931.655760527 2.08447 1.80300 0.40994 0.57820 0.57038 0.42753 -0.39695
1413394931.755760431 2.05849 1.77282 0.41885 0.57067 0.58970 0.42402 -0.38315
1413394931.855760574 2.02344 1.74711 0.42306 0.55240 0.61205 0.42069 -0.37852
1413394931.955760479 1.97488 1.72214 0.42053 0.53607 0.62882 0.40295 -0.39351
1413394932.055760384 1.91717 1.70725 0.42464 0.51376 0.64009 0.38223 -0.42455
1413394932.155760527 1.85066 1.69085 0.44371 0.48606 0.64775 0.35960 -0.46352
1413394932.255760431 1.77856 1.66682 0.47393 -0.46074 -0.65425 -0.32994 0.50081
1413394932.355760574 1.71151 1.64333 0.51448 -0.43001 -0.66236 -0.30471 0.53246
1413394932.455760479 1.65280 1.61738 0.55499 -0.39305 -0.67190 -0.29015 0.55666
1413394932.555760384 1.60252 1.58270 0.58641 -0.35636 -0.68234 -0.27817 0.57449
1413394932.655760527 1.56318 1.53963 0.60402 -0.32360 -0.69597 -0.26372 0.58426
1413394932.755760431 1.53214 1.48821 0.61415 -0.29706 -0.71469 -0.24451 0.58412
1413394932.855760574 1.51011 1.42719 0.62277 -0.27919 -0.73980 -0.21876 0.57174
1413394932.955760479 1.49355 1.36066 0.63166 -0.26486 -0.76251 -0.19316 0.55778
1413394933.055760384 1.47813 1.29590 0.63656 -0.24971 -0.77820 -0.17036 0.55048
1413394933.155760527 1.46264 1.23132 0.63345 -0.22946 -0.78862 -0.15240 0.54973
1413394933.255760431 1.44793 1.16867 0.62254 -0.20714 -0.79273 -0.13573 0.55701
1413394933.355760574 1.43154 1.10629 0.60128 -0.18271 -0.79481 -0.12338 0.56539
1413394933.455760479 1.41440 1.04681 0.56902 -0.16035 -0.79612 -0.11112 0.57282
1413394933.555760384 1.39818 0.98704 0.52655 -0.14016 -0.79768 -0.09765 0.57839
1413394933.655760527 1.38325 0.92850 0.48342 -0.11938 -0.79585 -0.08351 0.58771
1413394933.755760431 1.36970 0.87289 0.44483 -0.09978 -0.79007 -0.07061 0.60070
1413394933.855760574 1.36125 0.81669 0.41021 -0.08505 -0.78744 -0.06060 0.60748
1413394933.955760479 1.36053 0.75895 0.37595 -0.06960 -0.79624 -0.04996 0.59888
1413394934.055760384 1.36284 0.69983 0.34509 -0.05181 -0.80721 -0.03548 0.58691
1413394934.155760527 1.36355 0.64012 0.32269 -0.03069 -0.80478 -0.01925 0.59247
1413394934.255760431 1.36551 0.58155 0.29753 -0.00669 -0.79818 -0.00180 0.60237
1413394934.355760574 1.37207 0.52227 0.25949 0.01945 -0.79914 0.01857 0.60054
1413394934.455760479 1.38294 0.46532 0.20859 0.04030 -0.80496 0.04460 0.59028
1413394934.555760384 1.39567 0.41214 0.14741 0.05907 -0.80828 0.05982 0.58277
1413394934.655760527 1.40863 0.36394 0.08593 0.07747 -0.80915 0.06492 0.57884
1413394934.755760431 1.42483 0.31658 0.03598 0.08717 -0.80772 0.07199 0.57863
1413394934.855760574 1.44169 0.27062 0.00148 0.09157 -0.80513 0.07659 0.58095
1413394934.955760479 1.45565 0.23034 -0.01499 0.09335 -0.80378 0.07907 0.58221
1413394935.055760384 1.46514 0.19601 -0.01102 0.09153 -0.80001 0.08125 0.58738
1413394935.155760527 1.47509 0.16409 -0.00062 0.08272 -0.79570 0.08199 0.59438
1413394935.255760431 1.48913 0.13434 0.00385 0.07171 -0.79238 0.07667 0.60092
1413394935.355760574 1.50849 0.10788 -0.00128 0.06384 -0.78727 0.06837 0.60947
1413394935.455760479 1.53206 0.08230 -0.01920 0.05888 -0.78551 0.05895 0.61322
1413394935.555760384 1.56066 0.05855 -0.04815 0.05575 -0.79237 0.04995 0.60544
1413394935.655760527 1.59702 0.03674 -0.08006 0.05267 -0.79915 0.04282 0.59729
1413394935.755760431 1.63404 0.01331 -0.10138 0.04984 -0.80123 0.03728 0.59511
1413394935.855760574 1.67241 -0.00893 -0.10652 0.04692 -0.79995 0.03465 0.59722
1413394935.955760479 1.71689 -0.03056 -0.10567 0.04389 -0.80289 0.03297 0.59360
1413394936.055760384 1.76326 -0.05343 -0.11800 0.04705 -0.81314 0.03290 0.57924
1413394936.205760479 1.83170 -0.09434 -0.15625 0.07019 -0.82838 0.04717 0.55374
1413394936.305760384 1.87395 -0.12596 -0.18704 0.10141 -0.82075 0.06619 0.55831
1413394936.505760431 1.95041 -0.20116 -0.24036 0.19139 -0.78765 0.11958 0.57331
1413394936.705760479 2.03568 -0.28863 -0.27784 0.28141 -0.76394 0.17146 0.55481
1413394936.905760527 2.13224 -0.38569 -0.30282 0.34386 -0.74471 0.21389 0.53049
1413394937.105760574 2.24126 -0.50225 -0.32007 0.40676 -0.72356 0.24647 0.50026
1413394937.255760431 2.32883 -0.60644 -0.33453 -0.44544 0.70585 -0.27324 -0.47823
1413394937.355760574 2.38002 -0.68585 -0.34584 -0.45795 0.70128 -0.29258 -0.46139
1413394937.555760384 2.47892 -0.85465 -0.36029 -0.46826 0.69062 -0.31389 -0.45305
1413394937.755760431 2.50565 -1.04144 -0.36932 -0.46287 0.68664 -0.32429 -0.45729
1413394937.955760479 2.52140 -1.22993 -0.36765 -0.43992 0.70052 -0.32558 -0.45797
1413394938.155760527 2.53040 -1.41485 -0.33410 -0.40614 0.72915 -0.32236 -0.44661
1413394938.355760574 2.48707 -1.61752 -0.24981 -0.38310 0.74074 -0.29976 -0.46333
1413394938.555760384 2.40222 -1.83246 -0.12207 0.35826 -0.74124 0.26786 0.50047
1413394938.755760431 2.29806 -2.03534 -0.03138 0.32252 -0.76486 0.22077 0.51209
1413394938.955760479 2.19218 -2.24508 0.02031 0.24231 -0.79642 0.20395 0.51518
1413394939.155760527 2.06537 -2.41517 0.03726 0.13755 -0.81088 0.19411 0.53467
1413394939.355760574 1.90474 -2.54450 0.01725 0.08080 -0.81686 0.14100 0.55347
1413394939.555760384 1.72860 -2.63568 0.01570 0.08410 -0.81460 0.07064 0.56953
1413394939.755760431 1.54371 -2.72355 0.06537 0.04611 -0.81398 0.07937 0.57360
1413394939.955760479 1.35442 -2.78214 0.12823 0.00546 -0.82317 0.07419 0.56290
1413394940.155760527 1.15214 -2.80608 0.14976 -0.00436 -0.83692 0.02062 0.54692
1413394940.355760574 0.93310 -2.81495 0.12611 -0.05851 -0.82434 -0.00942 0.56299
1413394940.555760384 0.70561 -2.80673 0.07950 -0.11622 -0.80982 -0.05650 0.57227
1413394940.755760431 0.47274 -2.78990 0.05491 -0.14158 -0.80519 -0.12910 0.56121
1413394940.955760479 0.23688 -2.79417 0.07729 -0.17612 -0.79953 -0.12866 0.55963
1413394941.055760384 0.12695 -2.80119 0.10641 -0.20295 -0.79970 -0.10964 0.55432
1413394941.205760479 -0.04543 -2.79767 0.15089 -0.24279 -0.80084 -0.08628 0.54061
1413394941.405760527 -0.28563 -2.74614 0.21781 -0.25783 -0.80722 -0.09003 0.52326
1413394941.605760574 -0.53774 -2.63778 0.30131 -0.21867 -0.81331 -0.15065 0.51770
1413394941.755760431 -0.74519 -2.55111 0.36396 -0.21523 -0.80405 -0.17644 0.52540
1413394941.855760574 -0.89742 -2.49582 0.40264 -0.23222 -0.79313 -0.16943 0.53695
1413394941.955760479 -1.04759 -2.44147 0.43748 -0.26496 -0.78008 -0.13849 0.54963
1413394942.055760384 -1.19245 -2.37985 0.47181 -0.29720 -0.76764 -0.10499 0.55801
1413394942.155760527 -1.32849 -2.30267 0.51165 -0.32741 -0.75505 -0.07462 0.56315
1413394942.255760431 -1.44720 -2.20087 0.55530 -0.35413 -0.74359 -0.05868 0.56411
1413394942.355760574 -1.54560 -2.07335 0.60645 -0.37777 -0.73432 -0.05967 0.56081
1413394942.455760479 -1.62317 -1.91676 0.66121 -0.39589 -0.72619 -0.07970 0.55639
1413394942.555760384 -1.67852 -1.73705 0.70542 -0.41434 -0.71439 -0.10992 0.55307
1413394942.655760527 -1.71795 -1.53962 0.73172 -0.43457 -0.69933 -0.14407 0.54893
1413394942.755760431 -1.74525 -1.32888 0.74272 -0.44625 -0.68328 -0.19475 0.54412
1413394942.855760574 -1.75340 -1.11447 0.73908 -0.43962 -0.66647 -0.27074 0.53782
1413394942.955760479 -1.75460 -0.90351 0.71630 -0.42690 -0.64597 -0.34843 0.52828
1413394943.055760384 -1.75584 -0.70694 0.67591 -0.42664 -0.62247 -0.40449 0.51662
1413394943.155760527 -1.76149 -0.53008 0.62358 -0.43854 -0.59844 -0.44368 0.50270
1413394943.255760431 -1.77037 -0.38018 0.56352 0.45596 0.57432 0.47384 -0.48758
1413394943.355760574 -1.78399 -0.26274 0.49984 0.47837 0.55112 0.49495 -0.47165
1413394943.455760479 -1.80644 -0.18165 0.44596 0.50230 0.53367 0.51050 -0.44975
1413394943.555760384 -1.84236 -0.12932 0.40238 0.52883 0.52209 0.51891 -0.42248
1413394943.655760527 -1.89301 -0.09996 0.36880 0.56172 0.51869 0.51014 -0.39394
1413394943.755760431 -1.95310 -0.08929 0.34157 0.59430 0.51163 0.49216 -0.37792
1413394943.855760574 -2.02399 -0.08854 0.30955 0.61684 0.49822 0.47701 -0.37914
1413394943.955760479 -2.09826 -0.09419 0.26951 0.63441 0.48470 0.46084 -0.38758
1413394944.055760384 -2.16915 -0.10590 0.23042 0.64177 0.48372 0.45499 -0.38359
1413394944.155760527 -2.23701 -0.12594 0.20083 0.64279 0.48799 0.45554 -0.37573
1413394944.255760431 -2.30134 -0.15082 0.18039 0.64742 0.48825 0.45403 -0.36920
1413394944.355760574 -2.36215 -0.17537 0.17177 0.65697 0.49062 0.44671 -0.35796
1413394944.455760479 -2.41734 -0.19822 0.17810 0.66880 0.49439 0.44046 -0.33804
1413394944.555760384 -2.46792 -0.21078 0.18275 0.68617 0.48755 0.43451 -0.32041
1413394944.655760527 -2.51309 -0.22128 0.17509 0.71205 0.46880 0.42527 -0.30392
1413394944.755760431 -2.54880 -0.22006 0.15546 0.73993 0.44553 0.41773 -0.28198
1413394944.855760574 -2.57093 -0.20622 0.12746 0.76514 0.41610 0.41692 -0.26001
1413394944.955760479 -2.57896 -0.17831 0.09571 0.78480 0.38138 0.42594 -0.23918
1413394945.055760384 -2.57171 -0.13698 0.06100 0.79466 0.34617 0.44898 -0.21700
1413394945.155760527 -2.54941 -0.08302 0.02400 0.79863 0.31248 0.47752 -0.19108
1413394945.255760431 -2.51706 -0.01736 -0.01065 0.80035 0.27779 0.50457 -0.16637
1413394945.355760574 -2.47790 0.05641 -0.03968 0.79866 0.24333 0.53192 -0.14144
1413394945.455760479 -2.43630 0.13674 -0.06298 0.79026 0.20110 0.56469 -0.12718
1413394945.555760384 -2.39641 0.21955 -0.08674 0.79046 0.14545 0.58057 -0.13020
1413394945.655760527 -2.35866 0.29572 -0.10956 0.79442 0.09096 0.58657 -0.12867
1413394945.755760431 -2.32466 0.36105 -0.12934 0.79954 0.03959 0.58740 -0.11891
1413394945.855760574 -2.29093 0.41127 -0.14721 0.80285 -0.00980 0.58755 -0.10056
1413394945.955760479 -2.26315 0.44173 -0.16527 0.80309 -0.05989 0.58782 -0.07695
1413394946.055760384 -2.24070 0.45068 -0.17752 0.80223 -0.09889 0.58778 -0.03404
1413394946.205760479 -2.21770 0.44057 -0.18980 0.79462 -0.15451 0.58597 0.03674
1413394946.355760574 -2.21194 0.41198 -0.20000 0.77765 -0.22461 0.58080 0.08649
1413394946.555760384 -2.22064 0.34355 -0.21303 0.74767 -0.32112 0.56406 0.14039
1413394946.755760431 -2.27039 0.24186 -0.21459 0.70711 -0.38406 0.54452 0.23661
1413394946.955760479 -2.34870 0.13776 -0.21210 0.65739 -0.45122 0.51118 0.32082
1413394947.155760527 -2.43998 0.05090 -0.19120 0.60361 -0.51988 0.46362 0.38787
1413394947.355760574 -2.52013 -0.00904 -0.11726 -0.55049 0.57960 -0.41256 -0.43682
1413394947.555760384 -2.57338 -0.05504 0.01102 -0.51545 0.61092 -0.38648 -0.46013
1413394947.755760431 -2.59576 -0.09176 0.10489 -0.53297 0.64529 -0.34425 -0.42549
1413394947.955760479 -2.60659 -0.15709 0.17927 -0.57034 0.63928 -0.33939 -0.38840
1413394948.155760527 -2.60706 -0.29247 0.28410 -0.61235 0.61323 -0.35036 -0.35527
1413394948.355760574 -2.62281 -0.48250 0.37383 0.61835 -0.56092 0.39367 0.38476
1413394948.555760384 -2.62420 -0.68633 0.44046 0.57533 -0.49715 0.47127 0.44693
1413394948.755760431 -2.61577 -0.81337 0.50159 0.54602 -0.47096 0.50543 0.47392
1413394948.955760479 -2.58438 -0.82329 0.55856 0.58028 -0.51196 0.45759 0.43793
1413394949.155760527 -2.54850 -0.77719 0.58856 0.63191 -0.56907 0.37199 0.37211
1413394949.355760574 -2.49215 -0.74148 0.57524 0.65116 -0.59593 0.32739 0.33715
1413394949.555760384 -2.40607 -0.82158 0.55401 0.63115 -0.57976 0.35813 0.37050
1413394949.755760431 -2.29542 -0.96462 0.56571 0.57314 -0.52720 0.44253 0.44467
1413394949.955760479 -2.16815 -1.05827 0.56979 0.55311 -0.52288 0.47904 0.43725
1413394950.155760527 -2.04514 -1.07840 0.57993 0.56298 -0.52603 0.50805 0.38501
1413394950.355760574 -1.96182 -1.04728 0.58372 0.62806 -0.54417 0.45587 0.31876
1413394950.555760384 -1.90591 -1.05697 0.61402 0.68095 -0.53797 0.38710 0.31154
1413394950.755760431 -1.83476 -1.13608 0.66381 0.67375 -0.50938 0.40888 0.34557
1413394950.955760479 -1.73484 -1.24850 0.73490 0.62320 -0.43511 0.51042 0.40221
1413394951.155760527 -1.61934 -1.28774 0.79399 0.60249 -0.37756 0.57798 0.40048
1413394951.355760574 -1.54203 -1.19229 0.84761 0.66667 -0.39475 0.55118 0.30973
1413394951.555760384 -1.50152 -1.06194 0.90014 0.75322 -0.43577 0.44124 0.21925
1413394951.755760431 -1.43834 -1.00830 0.97583 0.77935 -0.45842 0.38463 0.18582
1413394951.955760479 -1.33103 -1.08680 1.10344 0.74104 -0.42183 0.45544 0.25591
1413394952.155760527 -1.15574 -1.25206 1.21172 0.67509 -0.38244 0.54474 0.31821
1413394952.355760574 -1.03885 -1.31833 1.26575 0.68447 -0.39601 0.53798 0.29200
1413394952.555760384 -0.91574 -1.38027 1.27589 0.72101 -0.40798 0.50975 0.23205
1413394952.755760431 -0.80258 -1.46743 1.33427 0.73895 -0.37228 0.50350 0.24869
1413394952.955760479 -0.68921 -1.55884 1.39873 0.69780 -0.33089 0.56869 0.28317
1413394953.155760527 -0.61340 -1.60518 1.41836 0.66107 -0.30823 0.61326 0.30314
1413394953.355760574 -0.59274 -1.56226 1.47440 0.63892 -0.29887 0.63508 0.31485
1413394953.555760384 -0.64350 -1.39988 1.53288 0.69403 -0.33327 0.56986 0.28725
1413394953.755760431 -0.71808 -1.19824 1.45707 0.76922 -0.37690 0.45685 0.23987
1413394953.955760479 -0.75492 -1.02802 1.27743 0.78464 -0.38622 0.42725 0.22942
1413394954.155760527 -0.73376 -0.90061 1.09583 0.73689 -0.35176 0.50931 0.27177
1413394954.355760574 -0.68519 -0.77162 0.92737 0.68481 -0.31708 0.58132 0.30424
1413394954.555760384 -0.67677 -0.56879 0.80327 0.70185 -0.33820 0.56226 0.27730
1413394954.755760431 -0.68612 -0.33223 0.69545 0.76405 -0.40343 0.45986 0.20495
1413394954.955760479 -0.67193 -0.15525 0.59035 0.76600 -0.40981 0.44418 0.21912
1413394955.155760527 -0.61863 -0.04755 0.47695 0.72649 -0.35219 0.52402 0.27124
1413394955.355760574 -0.54026 0.12891 0.39852 0.71260 -0.30976 0.57440 0.25751
1413394955.555760384 -0.50737 0.29332 0.33722 0.76992 -0.33759 0.52577 0.12971
1413394955.755760431 -0.48893 0.37781 0.34264 0.81798 -0.31575 0.46383 0.12676
1413394955.905760527 -0.46088 0.39259 0.36365 0.81052 -0.28213 0.48290 0.17398
1413394956.005760431 -0.38608 0.41484 0.38148 0.78874 -0.27088 0.51582 0.19608
1413394956.205760479 -0.30142 0.31690 0.44504 0.73517 -0.24287 0.59569 0.21375
1413394956.405760527 -0.23376 0.25928 0.50186 0.72686 -0.21712 0.62890 0.17035
1413394956.605760574 -0.20103 0.28874 0.50913 0.78928 -0.18330 0.57440 0.11623
1413394956.705760479 -0.17524 0.29071 0.48477 0.82767 -0.16885 0.52586 0.09960
1413394956.805760384 -0.18546 0.31309 0.50386 0.85146 -0.15815 0.49217 0.08816
1413394956.905760527 -0.17918 0.28579 0.47573 0.85022 -0.14492 0.49872 0.08601
1413394957.005760431 -0.12166 0.27583 0.48069 0.83830 -0.13618 0.52035 0.08917
1413394957.105760574 -0.05870 0.26814 0.49379 0.81717 -0.13027 0.55374 0.09292
1413394957.205760479 0.00984 0.26060 0.51066 0.78854 -0.12705 0.59413 0.09525
1413394957.305760384 0.09016 0.25202 0.52248 0.75864 -0.12549 0.63235 0.09410
1413394957.405760527 0.13325 0.25107 0.54656 0.72917 -0.12508 0.66661 0.09104
1413394957.505760431 0.15195 0.25678 0.56677 0.72730 -0.12834 0.66892 0.08434
1413394957.605760574 0.14913 0.26665 0.58122 0.75869 -0.13220 0.63383 0.07189
1413394957.705760479 0.13099 0.27876 0.59454 0.79906 -0.12847 0.58396 0.06323
1413394957.805760384 0.11698 0.28518 0.59989 0.83434 -0.12145 0.53512 0.05263
1413394957.905760527 0.10656 0.28706 0.60052 0.84566 -0.11133 0.52038 0.04084
1413394958.005760431 0.11535 0.28449 0.60434 0.83727 -0.09746 0.53741 0.02576
1413394958.105760574 0.13438 0.27832 0.61050 0.81151 -0.07758 0.57908 0.01012
1413394958.205760479 0.15321 0.26830 0.61713 0.77838 -0.05221 0.62560 -0.00507
1413394958.305760384 0.15292 0.24996 0.62246 0.75158 -0.02291 0.65899 -0.01833
1413394958.405760527 0.13119 0.22864 0.62918 0.74533 0.00475 0.66595 -0.03113
1413394958.505760431 0.08869 0.20631 0.62744 0.78263 0.02984 0.62031 -0.04260
1413394958.605760574 0.03481 0.18026 0.62685 0.82991 0.05202 0.55291 -0.05332
1413394958.705760479 -0.01639 0.15391 0.63322 0.86428 0.07120 0.49396 -0.06283
1413394958.805760384 -0.04384 0.12588 0.64318 0.87766 0.09171 0.46544 -0.06840
1413394958.905760527 -0.04245 0.10493 0.65581 0.87336 0.11660 0.46801 -0.06789
1413394959.005760431 -0.01936 0.09350 0.67964 0.84776 0.14454 0.50594 -0.06662
1413394959.105760574 0.01849 0.09117 0.70468 0.81301 0.16243 0.55354 -0.07890
1413394959.205760479 0.05973 0.09751 0.73043 0.77597 0.16905 0.59854 -0.10505
1413394959.305760384 0.09507 0.10387 0.75556 0.74026 0.17458 0.63567 -0.13212
1413394959.405760527 0.11137 0.10655 0.77503 0.74069 0.18742 0.62830 -0.14659
1413394959.505760431 0.10997 0.10467 0.78988 0.77731 0.20800 0.57489 -0.14841
1413394959.605760574 0.10918 0.10659 0.80582 0.81699 0.23068 0.50851 -0.14395
1413394959.705760479 0.11302 0.10884 0.82388 0.83906 0.25228 0.46072 -0.14169
1413394959.805760384 0.13610 0.12693 0.84215 0.83442 0.28106 0.45330 -0.13883
1413394959.905760527 0.17525 0.16119 0.85835 0.80495 0.30848 0.48520 -0.14658
1413394960.005760431 0.21984 0.21166 0.86751 0.76565 0.31538 0.53009 -0.18255
1413394960.105760574 0.26313 0.27024 0.86893 0.72120 0.31854 0.57153 -0.22749
1413394960.205760479 0.29660 0.32462 0.86701 0.69099 0.33144 0.58668 -0.26171
1413394960.305760384 0.31091 0.36922 0.86157 0.68170 0.35565 0.57305 -0.28356
1413394960.405760527 0.31573 0.40044 0.84865 0.68847 0.39057 0.53632 -0.29295
1413394960.505760431 0.31104 0.42405 0.82753 0.70296 0.43140 0.48479 -0.29106
1413394960.605760574 0.30603 0.44886 0.79809 0.71438 0.47033 0.43191 -0.28618
1413394960.705760479 0.30761 0.48835 0.76388 0.71262 0.50341 0.39782 -0.28371
1413394960.805760384 0.31643 0.54934 0.74015 0.68521 0.52373 0.40835 -0.29908
1413394960.905760527 0.32813 0.62466 0.72955 0.64770 0.52069 0.44239 -0.33714
1413394961.005760431 0.34029 0.70409 0.72225 0.61556 0.50675 0.47343 -0.37436
1413394961.105760574 0.34914 0.77473 0.71202 0.59873 0.49631 0.48839 -0.39582
1413394961.205760479 0.35383 0.83325 0.70031 0.60523 0.50086 0.47965 -0.39086
1413394961.305760384 0.35531 0.88280 0.68306 0.62959 0.52246 0.44658 -0.36223
1413394961.405760527 0.35464 0.93270 0.66636 0.65213 0.54342 0.41221 -0.33092
1413394961.505760431 0.35263 0.99312 0.65871 0.64717 0.55781 0.41664 -0.31054
1413394961.605760574 0.34595 1.06894 0.65739 0.62504 0.55632 0.44708 -0.31616
1413394961.705760479 0.33040 1.15203 0.65839 0.60480 0.53343 0.47598 -0.35088
1413394961.805760384 0.30745 1.23244 0.65954 0.58806 0.50336 0.49827 -0.39056
1413394961.905760527 0.27773 1.29869 0.66021 0.58376 0.48242 0.50468 -0.41447
1413394962.005760431 0.24483 1.34881 0.66136 0.59206 0.47623 0.49633 -0.41990
1413394962.105760574 0.20956 1.38254 0.66022 0.61561 0.49110 0.47027 -0.39835
1413394962.205760479 0.17345 1.40656 0.65990 0.63435 0.50963 0.44877 -0.36943
1413394962.305760384 0.13708 1.43251 0.66582 0.64360 0.52002 0.43862 -0.35066
1413394962.405760527 0.09924 1.46248 0.68128 0.63133 0.51331 0.45876 -0.35704
1413394962.505760431 0.05862 1.49537 0.70257 0.60168 0.48971 0.49849 -0.38687
1413394962.605760574 0.01293 1.51341 0.72435 0.58071 0.46906 0.52207 -0.41256
1413394962.705760479 -0.03788 1.50931 0.74091 0.59027 0.47191 0.50901 -0.41207
1413394962.805760384 -0.09261 1.48482 0.74841 0.61897 0.49053 0.47125 -0.39266
1413394962.905760527 -0.14756 1.45276 0.75027 0.63767 0.51515 0.43814 -0.36881
1413394963.005760431 -0.20232 1.42381 0.75254 0.63163 0.52836 0.43560 -0.36349
1413394963.105760574 -0.25532 1.39926 0.75486 0.60314 0.51969 0.46547 -0.38662
1413394963.205760479 -0.30946 1.36647 0.74581 0.57722 0.50395 0.49060 -0.41493
1413394963.305760384 -0.36638 1.32401 0.71929 0.57640 0.50634 0.48738 -0.41695
1413394963.405760527 -0.42547 1.26986 0.67571 0.59887 0.52976 0.45789 -0.38865
1413394963.505760431 -0.48659 1.21025 0.62600 0.62442 0.55317 0.42177 -0.35527
1413394963.605760574 -0.55051 1.15582 0.57742 0.63865 0.56513 0.40183 -0.33360
1413394963.705760479 -0.61370 1.11806 0.54165 0.62855 0.55525 0.42047 -0.34616
1413394963.805760384 -0.68076 1.09125 0.51376 0.60252 0.53080 0.46002 -0.37895
1413394963.905760527 -0.75089 1.06098 0.48317 0.58989 0.50800 0.47828 -0.40646
1413394964.005760431 -0.82334 1.02104 0.44333 0.60826 0.51332 0.45789 -0.39605
1413394964.105760574 -0.89591 0.97658 0.40024 0.63597 0.53397 0.42341 -0.36213
1413394964.205760479 -0.96705 0.93773 0.36479 0.65412 0.54963 0.39914 -0.33273
1413394964.305760384 -1.03565 0.91585 0.34584 0.64548 0.54802 0.41455 -0.33343
1413394964.405760527 -1.10777 0.90444 0.33731 0.62117 0.52663 0.45117 -0.36504
1413394964.505760431 -1.17962 0.89552 0.33564 0.59944 0.49960 0.47877 -0.40230
1413394964.605760574 -1.25232 0.87585 0.32755 0.60879 0.49379 0.46375 -0.41290
1413394964.705760479 -1.32386 0.84609 0.31541 0.63991 0.50869 0.41967 -0.39450
1413394964.805760384 -1.38808 0.81521 0.30731 0.66918 0.52539 0.37524 -0.36791
1413394964.905760527 -1.43890 0.79687 0.30618 0.68923 0.53189 0.34426 -0.35149
1413394965.005760431 -1.47558 0.79961 0.31472 0.69679 0.52527 0.33683 -0.35373
1413394965.105760574 -1.49718 0.82347 0.33808 0.67025 0.51566 0.38289 -0.37182
1413394965.205760479 -1.51517 0.85474 0.36690 0.62785 0.50317 0.43502 -0.40420
1413394965.305760384 -1.52980 0.88318 0.39366 0.59293 0.50511 0.46046 -0.42576
1413394965.405760527 -1.54382 0.89867 0.41584 0.57879 0.53405 0.45067 -0.42035
1413394965.505760431 -1.55889 0.90642 0.43399 0.56920 0.56396 0.42888 -0.41715
1413394965.605760574 -1.57603 0.90898 0.45984 0.54979 0.57817 0.41292 -0.43925
1413394965.705760479 -1.59410 0.90141 0.49281 0.51805 0.58167 0.40291 -0.48057
1413394965.805760384 -1.60847 0.88213 0.51750 0.49088 0.60473 0.38430 -0.49562
1413394965.905760527 -1.61963 0.85207 0.52793 0.46988 0.63920 0.36126 -0.49003
1413394966.005760431 -1.62996 0.81640 0.53727 -0.43869 -0.65120 -0.35212 0.50942
1413394966.105760574 -1.63658 0.77158 0.54216 -0.40582 -0.64707 -0.34665 0.54446
1413394966.205760479 -1.63973 0.71328 0.53174 -0.39390 -0.67167 -0.32091 0.53918
1413394966.305760384 -1.63883 0.64375 0.50922 -0.39629 -0.71446 -0.27829 0.50503
1413394966.405760527 -1.63838 0.57192 0.48096 0.40003 0.75868 0.23113 -0.45931
1413394966.505760431 -1.64713 0.51300 0.45899 0.39226 0.78286 0.20122 -0.43906
1413394966.605760574 -1.66907 0.47731 0.45207 0.36693 0.77508 0.20371 -0.47235
1413394966.705760479 -1.69896 0.45538 0.45309 -0.33273 -0.74924 -0.21993 0.52875
1413394966.805760384 -1.72615 0.43403 0.45029 -0.30217 -0.72578 -0.22585 0.57526
1413394966.905760527 -1.74820 0.40611 0.44432 -0.28259 -0.72705 -0.21598 0.58728
1413394967.005760431 -1.76255 0.37198 0.43410 -0.26952 -0.75831 -0.19582 0.56034
1413394967.105760574 -1.77532 0.33538 0.42572 -0.25750 -0.79507 -0.17172 0.52160
1413394967.205760479 -1.78944 0.30525 0.42602 -0.23691 -0.80989 -0.15542 0.51361
1413394967.305760384 -1.81745 0.27685 0.43851 -0.20980 -0.79623 -0.14861 0.54765
1413394967.405760527 -1.84950 0.24737 0.45904 -0.18041 -0.76541 -0.14484 0.60052
1413394967.505760431 -1.87435 0.21065 0.47997 -0.15951 -0.74757 -0.12836 0.63184
1413394967.605760574 -1.88317 0.16905 0.49465 -0.14594 -0.77029 -0.10149 0.61241
1413394967.705760479 -1.88066 0.12474 0.50650 -0.12958 -0.81008 -0.07931 0.56630
1413394967.805760384 -1.87701 0.08227 0.52934 -0.10820 -0.82237 -0.06212 0.55511
1413394967.905760527 -1.87827 0.04401 0.56025 -0.08010 -0.80982 -0.04975 0.57905
1413394968.005760431 -1.88262 0.00364 0.59698 -0.05008 -0.79088 -0.03453 0.60894
1413394968.105760574 -1.87891 -0.03639 0.62456 -0.02406 -0.79881 -0.01561 0.60090
1413394968.205760479 -1.86926 -0.07899 0.63425 -0.00588 -0.82262 0.00106 0.56855
1413394968.305760384 -1.86426 -0.11973 0.63695 0.00835 -0.83285 0.01179 0.55330
1413394968.405760527 -1.86434 -0.15387 0.63020 0.02420 -0.83118 0.02130 0.55507
1413394968.505760431 -1.86886 -0.19267 0.62146 0.03860 -0.82717 0.03373 0.55961
1413394968.605760574 -1.87908 -0.23113 0.61161 0.05072 -0.83153 0.04345 0.55144
1413394968.705760479 -1.89679 -0.26629 0.60647 0.06391 -0.83590 0.04224 0.54351
1413394968.805760384 -1.91960 -0.30415 0.60313 0.07912 -0.83128 0.03035 0.54936
1413394968.905760527 -1.95119 -0.34692 0.60297 0.08124 -0.82497 0.03378 0.55829
1413394969.005760431 -1.98817 -0.39494 0.60508 0.08015 -0.81499 0.05057 0.57167
1413394969.155760527 -2.04480 -0.47152 0.60394 0.08836 -0.80161 0.07541 0.58646
1413394969.355760574 -2.11190 -0.56342 0.55171 0.10127 -0.78556 0.09257 0.60338
1413394969.555760384 -2.15073 -0.63963 0.46580 0.11946 -0.77941 0.07730 0.61014
1413394969.755760431 -2.15101 -0.71516 0.38429 0.14465 -0.80086 0.03434 0.58011
1413394969.955760479 -2.13857 -0.83510 0.32321 0.13668 -0.81623 0.03700 0.56010
1413394970.155760527 -2.13923 -0.99553 0.31481 0.11377 -0.82890 0.06093 0.54431
1413394970.355760574 -2.16354 -1.16683 0.34685 0.09626 -0.80274 0.08568 0.58224
1413394970.555760384 -2.18584 -1.32321 0.34449 0.06610 -0.77585 0.13020 0.61378
1413394970.755760431 -2.18082 -1.42173 0.31067 0.05082 -0.77009 0.15031 0.61789
1413394970.955760479 -2.14820 -1.45016 0.28517 0.09558 -0.79860 0.07921 0.58892
1413394971.155760527 -2.11124 -1.47109 0.31184 0.10786 -0.82186 0.04871 0.55726
1413394971.355760574 -2.08512 -1.50901 0.34447 0.10156 -0.85389 0.04723 0.50825
1413394971.555760384 -2.13244 -1.57153 0.35408 -0.08816 0.86976 -0.05920 -0.48191
1413394971.755760431 -2.26349 -1.64316 0.38494 0.05789 -0.83832 0.09032 0.53451
1413394971.955760479 -2.42948 -1.68070 0.41997 0.02079 -0.79675 0.09203 0.59690
1413394972.155760527 -2.57333 -1.66896 0.42964 -0.02824 -0.77305 0.05524 0.63130
1413394972.355760574 -2.66338 -1.60527 0.39999 -0.10118 -0.76267 -0.00064 0.63883
1413394972.555760384 -2.69292 -1.50016 0.34317 -0.19071 -0.76925 -0.06299 0.60657
1413394972.755760431 -2.68892 -1.36670 0.31067 -0.26379 -0.77288 -0.15628 0.55556
1413394972.955760479 -2.65387 -1.21285 0.29657 -0.32444 -0.74583 -0.25260 0.52409
1413394973.055760384 -2.65345 -1.14291 0.28921 -0.36349 -0.72639 -0.28255 0.51029
1413394973.155760527 -2.63641 -1.07554 0.28451 0.40616 0.70453 0.30363 -0.49648
1413394973.255760431 -2.62452 -1.01516 0.27614 0.45088 0.68087 0.31776 -0.48182
1413394973.355760574 -2.61456 -0.95786 0.27216 0.49151 0.65504 0.33433 -0.46643
1413394973.455760479 -2.61269 -0.90027 0.26690 0.52747 0.62680 0.35490 -0.45049
1413394973.555760384 -2.60779 -0.84316 0.26213 0.56179 0.59700 0.37551 -0.43241
1413394973.655760527 -2.60149 -0.78156 0.26010 0.59353 0.56829 0.39689 -0.40895
1413394973.755760431 -2.59380 -0.72022 0.26067 0.61933 0.53596 0.42373 -0.38683
1413394973.855760574 -2.58192 -0.65629 0.25928 0.64494 0.49981 0.44662 -0.36710
1413394973.955760479 -2.56877 -0.60096 0.26055 0.67082 0.46327 0.46447 -0.34590
1413394974.055760384 -2.55995 -0.55004 0.26381 0.69404 0.42584 0.48126 -0.32459
1413394974.155760527 -2.54671 -0.49892 0.26929 0.71547 0.38669 0.49557 -0.30494
1413394974.255760431 -2.52579 -0.44692 0.27589 0.73542 0.34557 0.50748 -0.28669
1413394974.355760574 -2.50483 -0.40603 0.28425 0.75550 0.30474 0.51510 -0.26650
1413394974.455760479 -2.47904 -0.35944 0.29460 0.77358 0.26458 0.52105 -0.24510
1413394974.555760384 -2.44869 -0.31929 0.30599 0.78710 0.22546 0.52931 -0.22239
1413394974.655760527 -2.41020 -0.28571 0.32139 0.79030 0.19041 0.54794 -0.19732
1413394974.755760431 -2.36960 -0.26080 0.33561 0.79370 0.16066 0.56192 -0.16872
1413394974.855760574 -2.32791 -0.24560 0.34671 0.79995 0.13535 0.56778 -0.13922
1413394974.955760479 -2.28969 -0.24057 0.34753 0.80592 0.11478 0.57080 -0.10728
1413394975.055760384 -2.25358 -0.24057 0.33425 0.80662 0.09550 0.57760 -0.08136
1413394975.155760527 -2.21853 -0.23810 0.31177 0.80005 0.07731 0.59176 -0.06133
1413394975.255760431 -2.18678 -0.23399 0.27933 0.79465 0.05784 0.60240 -0.04798
1413394975.355760574 -2.15807 -0.22911 0.24093 0.79307 0.04099 0.60676 -0.03462
1413394975.455760479 -2.13559 -0.22360 0.20246 0.79780 0.02790 0.60198 -0.01884
1413394975.555760384 -2.11870 -0.21687 0.16673 0.80596 0.01812 0.59168 -0.00394
1413394975.655760527 -2.10476 -0.20619 0.13508 0.81402 0.01132 0.58070 0.00528
1413394975.805760384 -2.08470 -0.18096 0.09937 0.82141 0.00564 0.57019 0.01131
1413394975.955760479 -2.05970 -0.14762 0.08207 0.81392 0.00634 0.58079 0.01338
1413394976.155760527 -2.03021 -0.09185 0.07258 0.79769 0.00935 0.60289 0.01140
1413394976.355760574 -2.02443 -0.02371 0.06267 0.79593 0.01454 0.60508 0.01281
1413394976.505760431 -2.03304 0.03594 0.05586 0.78060 0.01557 0.62474 0.01083
1413394976.705760479 -2.08284 0.12629 0.05138 0.76753 0.00574 0.64095 -0.00624
1413394976.805760384 -2.13095 0.17138 0.04840 0.78175 -0.00526 0.62319 -0.02187
1413394976.905760527 -2.18776 0.21256 0.04293 0.81044 -0.01815 0.58431 -0.03792
1413394977.005760431 -2.24916 0.24470 0.04236 0.84188 -0.03036 0.53683 -0.04624
1413394977.155760527 -2.31701 0.27014 0.05196 0.87443 -0.05215 0.47933 -0.05382
1413394977.305760384 -2.32452 0.26168 0.08167 0.89056 -0.05387 0.45019 -0.03656
1413394977.505760431 -2.22553 0.21026 0.15785 0.88890 -0.01769 0.45737 0.01903
1413394977.705760479 -2.00873 0.16624 0.25287 0.88503 -0.01285 0.46438 0.03020
1413394977.905760527 -1.68694 0.14016 0.36669 0.85862 -0.00698 0.51122 0.03707
1413394978.105760574 -1.31057 0.13843 0.47756 0.82286 -0.00045 0.56639 0.04579
1413394978.205760479 -1.11780 0.14929 0.52235 0.81521 0.00266 0.57701 0.04984
1413394978.305760384 -0.92407 0.16632 0.55323 0.81242 0.00499 0.58075 0.05179
1413394978.405760527 -0.73403 0.19287 0.57856 0.81160 0.00640 0.58186 0.05201
1413394978.505760431 -0.54532 0.22715 0.59090 0.81193 0.00597 0.58183 0.04706
1413394978.605760574 -0.36179 0.26898 0.60030 0.81221 0.00204 0.58217 0.03719
1413394978.705760479 -0.18220 0.31774 0.61133 0.81294 -0.00676 0.58192 0.02128
1413394978.805760384 -0.00379 0.37170 0.62364 0.81254 -0.01549 0.58265 0.00711
1413394978.905760527 0.17019 0.42498 0.63768 0.81162 -0.02138 0.58380 -0.00041
1413394979.005760431 0.34101 0.47742 0.64965 0.80605 -0.02607 0.59127 -0.00290
1413394979.105760574 0.50311 0.52564 0.65459 0.79420 -0.03002 0.60690 -0.00286
1413394979.205760479 0.65639 0.57132 0.64639 0.77683 -0.03784 0.62850 -0.00976
1413394979.305760384 0.79658 0.61278 0.63214 0.75970 -0.04550 0.64836 -0.02032
1413394979.405760527 0.91938 0.64634 0.61871 0.74124 -0.05300 0.66829 -0.03392
1413394979.505760431 1.01323 0.66994 0.61519 0.71969 -0.05570 0.69069 -0.04348
1413394979.605760574 1.07528 0.68068 0.62459 0.70134 -0.05013 0.70978 -0.04277
1413394979.705760479 1.09862 0.67953 0.64780 0.69826 -0.03960 0.71388 -0.03515
1413394979.805760384 1.07990 0.66897 0.67694 0.72420 -0.02273 0.68911 -0.01185
1413394979.905760527 1.02984 0.65546 0.71380 0.76501 -0.00454 0.64361 0.02265
1413394980.005760431 0.96110 0.64502 0.75205 0.79186 0.00325 0.60906 0.04462
1413394980.105760574 0.88962 0.64578 0.78454 0.79981 0.00378 0.59776 0.05452
1413394980.205760479 0.81491 0.65607 0.80475 0.79332 0.00109 0.60614 0.05688
1413394980.305760384 0.73316 0.67646 0.81372 0.78428 -0.00571 0.61828 0.05097
1413394980.405760527 0.64142 0.70328 0.81311 0.78290 -0.01112 0.62037 0.04562
1413394980.505760431 0.54112 0.73627 0.80701 0.79126 -0.01773 0.61003 0.03827
1413394980.605760574 0.43974 0.77589 0.80571 0.80167 -0.02793 0.59653 0.02629
1413394980.705760479 0.32781 0.81508 0.80421 0.80802 -0.03424 0.58795 0.01610
1413394980.805760384 0.22093 0.85333 0.80921 0.81166 -0.03618 0.58291 0.01078
1413394980.905760527 0.11747 0.89033 0.81946 0.81323 -0.03721 0.58070 0.00731
1413394981.005760431 0.01690 0.92682 0.82886 0.81481 -0.03883 0.57841 0.00429
1413394981.105760574 -0.07970 0.95925 0.82638 0.81559 -0.04293 0.57703 -0.00215
1413394981.205760479 -0.17534 0.98722 0.81378 0.81697 -0.04728 0.57467 -0.00859
1413394981.305760384 -0.26704 1.00898 0.79023 0.81804 -0.05003 0.57289 -0.01057
1413394981.405760527 -0.35353 1.02246 0.76405 0.81888 -0.04501 0.57220 0.00031
1413394981.505760431 -0.43751 1.03258 0.74150 0.81918 -0.04057 0.57194 0.01355
1413394981.605760574 -0.51801 1.04229 0.72240 0.82075 -0.04177 0.56946 0.01855
1413394981.705760479 -0.59347 1.05032 0.70192 0.82604 -0.04575 0.56130 0.02249
1413394981.805760384 -0.66381 1.05636 0.68299 0.83006 -0.05825 0.55412 0.02371
1413394981.905760527 -0.72648 1.05863 0.66544 0.83065 -0.07533 0.55114 0.02445
1413394982.005760431 -0.77842 1.05308 0.65109 0.82877 -0.09601 0.55066 0.02642
1413394982.105760574 -0.82064 1.03932 0.64105 0.82318 -0.12184 0.55384 0.02824
1413394982.205760479 -0.85777 1.01604 0.63567 0.81419 -0.15070 0.55985 0.03081
1413394982.305760384 -0.89037 0.98161 0.63415 0.80532 -0.18169 0.56310 0.03695
1413394982.405760527 -0.92079 0.93302 0.63711 0.79731 -0.21072 0.56338 0.04997
1413394982.505760431 -0.95378 0.86799 0.64396 0.78743 -0.24090 0.56368 0.06467
1413394982.605760574 -0.99148 0.78641 0.65553 0.77741 -0.27052 0.56203 0.08104
1413394982.705760479 -1.03414 0.69070 0.67121 0.76797 -0.29519 0.55911 0.10239
1413394982.805760384 -1.08093 0.58147 0.69006 0.75831 -0.31751 0.55518 0.12619
1413394982.905760527 -1.13208 0.45997 0.70945 0.74884 -0.33804 0.54978 0.15072
1413394983.105760574 -1.24926 0.19263 0.75148 0.73614 -0.36017 0.53727 0.19928
1413394983.305760384 -1.37376 -0.09038 0.79687 0.73035 -0.36276 0.53294 0.22574
1413394983.505760431 -1.49917 -0.37506 0.84251 0.73889 -0.34375 0.52231 0.25112
1413394983.705760479 -1.61331 -0.64279 0.86294 0.74701 -0.32246 0.51592 0.26798
1413394983.905760527 -1.69796 -0.88351 0.83644 0.74912 -0.31254 0.51570 0.27421
1413394984.105760574 -1.74595 -1.08762 0.76964 0.75126 -0.30713 0.51907 0.26804
1413394984.305760384 -1.76665 -1.25100 0.70052 0.76087 -0.29339 0.51943 0.25531
1413394984.505760431 -1.75145 -1.36806 0.64750 0.77444 -0.28476 0.51035 0.24228
1413394984.705760479 -1.69897 -1.49058 0.59976 0.78763 -0.26025 0.51253 0.22188
1413394984.905760527 -1.60817 -1.58139 0.56681 0.79948 -0.22759 0.52200 0.19117
1413394985.105760574 -1.48115 -1.63681 0.56290 0.80545 -0.18523 0.53792 0.16609
1413394985.305760384 -1.32724 -1.68407 0.57247 0.81112 -0.16646 0.54126 0.14633
1413394985.505760431 -1.15056 -1.72519 0.62828 0.81098 -0.19240 0.54520 0.08970
1413394985.705760479 -0.95610 -1.79735 0.73795 0.81246 -0.17145 0.54622 0.11022
1413394985.905760527 -0.75258 -1.86985 0.81341 0.81457 -0.14818 0.54294 0.14046
1413394986.105760574 -0.52947 -1.92459 0.84005 0.81289 -0.14729 0.54408 0.14662
1413394986.305760384 -0.28962 -1.95168 0.87217 0.80693 -0.17721 0.55200 0.11298
1413394986.505760431 -0.04116 -1.98597 0.92181 0.80405 -0.18823 0.55456 0.10261
1413394986.705760479 0.20889 -2.03203 0.98416 0.80952 -0.16476 0.54661 0.13694
1413394986.905760527 0.47218 -2.06408 1.04800 0.80560 -0.15858 0.55152 0.14730
1413394987.105760574 0.74511 -2.07876 1.08697 0.79457 -0.18297 0.56693 0.11736
1413394987.305760384 1.00901 -2.09338 1.08615 0.78779 -0.18643 0.57542 0.11628
1413394987.505760431 1.26158 -2.10537 1.07751 0.78339 -0.15538 0.57965 0.16176
1413394987.705760479 1.50672 -2.07935 1.08987 0.77313 -0.14390 0.59183 0.17692
1413394987.905760527 1.73616 -1.99941 1.12429 0.76196 -0.14174 0.60535 0.18132
1413394988.105760574 1.92357 -1.85518 1.17238 0.75054 -0.14756 0.61960 0.17610
1413394988.305760384 2.05956 -1.65719 1.22199 0.74662 -0.18152 0.62478 0.13880
1413394988.505760431 2.12126 -1.44664 1.25204 0.73938 -0.24845 0.61510 0.11509
1413394988.705760479 2.11764 -1.26265 1.25769 0.72876 -0.31096 0.58938 0.15761
1413394988.905760527 2.05921 -1.09821 1.24008 0.71557 -0.33708 0.57112 0.21945
1413394989.105760574 1.94533 -0.92436 1.21399 0.71592 -0.34155 0.55280 0.25537
1413394989.305760384 1.85091 -0.73376 1.19777 0.72321 -0.34658 0.53934 0.25685
1413394989.505760431 1.75387 -0.53723 1.18316 0.72571 -0.35292 0.53981 0.23958
1413394989.705760479 1.64715 -0.34111 1.14113 0.73092 -0.35377 0.54167 0.21725
1413394989.905760527 1.53963 -0.15444 1.06097 0.75377 -0.32888 0.54384 0.16706
1413394990.105760574 1.42379 -0.00339 0.95755 0.78901 -0.24830 0.54621 0.13219
1413394990.205760479 1.36131 0.06101 0.89517 0.80406 -0.19801 0.54838 0.11646
1413394990.355760574 1.28610 0.15146 0.79971 0.82051 -0.12233 0.55095 0.09081
1413394990.455760479 1.23756 0.22678 0.74059 0.82802 -0.08364 0.54974 0.07191
1413394990.555760384 1.19567 0.29575 0.68480 0.83188 -0.06046 0.54918 0.05213
1413394990.655760527 1.16104 0.36477 0.63187 0.83463 -0.04844 0.54744 0.03676
1413394990.755760431 1.13891 0.42671 0.58223 0.83514 -0.04218 0.54765 0.02919
1413394990.855760574 1.12865 0.48985 0.53656 0.83545 -0.04023 0.54744 0.02686
1413394990.955760479 1.12409 0.55012 0.49488 0.83502 -0.04161 0.54796 0.02733
1413394991.055760384 1.12957 0.60989 0.45626 0.83435 -0.04390 0.54859 0.03127
1413394991.155760527 1.14363 0.67068 0.42288 0.83193 -0.05249 0.55166 0.02866
1413394991.255760431 1.16618 0.72959 0.39257 0.83014 -0.06300 0.55326 0.02844
1413394991.355760574 1.18503 0.78797 0.36515 0.82842 -0.07913 0.55351 0.03289
1413394991.455760479 1.21659 0.84067 0.33769 0.82574 -0.10055 0.55336 0.04284
1413394991.555760384 1.25164 0.88432 0.31717 0.82157 -0.12440 0.55343 0.05712
1413394991.655760527 1.29159 0.92029 0.30031 0.81510 -0.14610 0.55537 0.07636
1413394991.755760431 1.33685 0.94919 0.28700 0.80331 -0.16293 0.56426 0.09881
1413394991.855760574 1.38384 0.97610 0.27577 0.78953 -0.17776 0.57665 0.11192
1413394991.955760479 1.43036 1.00285 0.26528 0.77944 -0.19046 0.58520 0.11721
1413394992.055760384 1.47245 1.02917 0.25417 0.77433 -0.20701 0.58634 0.11734
1413394992.155760527 1.50675 1.05149 0.24264 0.77234 -0.22812 0.58176 0.11405
1413394992.255760431 1.53306 1.06868 0.23354 0.77291 -0.24790 0.57241 0.11621
1413394992.355760574 1.55408 1.07554 0.22903 0.77175 -0.26257 0.56431 0.13045
1413394992.455760479 1.56940 1.07508 0.22875 0.76954 -0.27147 0.55677 0.15529
1413394992.555760384 1.58284 1.07010 0.23126 0.76986 -0.27132 0.54672 0.18654
1413394992.655760527 1.59815 1.06717 0.23515 0.76545 -0.27479 0.54544 0.20266
1413394992.755760431 1.61285 1.06763 0.23940 0.75796 -0.28461 0.55043 0.20374
1413394992.855760574 1.62651 1.07014 0.24307 0.75089 -0.30087 0.55318 0.19911
1413394992.955760479 1.63934 1.07057 0.24513 0.74649 -0.31476 0.55265 0.19558
1413394993.055760384 1.64752 1.07029 0.24047 0.74515 -0.32143 0.54986 0.19770
1413394993.155760527 1.65367 1.06679 0.22467 0.74698 -0.32048 0.54483 0.20607
1413394993.255760431 1.65814 1.06206 0.19837 0.74988 -0.31625 0.54003 0.21455
1413394993.355760574 1.66202 1.05735 0.16593 0.75276 -0.30923 0.53601 0.22456
1413394993.455760479 1.66666 1.05542 0.13332 0.75536 -0.30250 0.53290 0.23224
1413394993.555760384 1.67579 1.05588 0.10271 0.75697 -0.29752 0.53185 0.23582
1413394993.655760527 1.68709 1.05996 0.07166 0.75678 -0.29852 0.53246 0.23380
1413394993.755760431 1.70228 1.06560 0.03851 0.75152 -0.30977 0.53512 0.23004
1413394993.855760574 1.71633 1.07414 -0.00122 0.74355 -0.32973 0.53461 0.22935
1413394993.955760479 1.72714 1.07758 -0.05035 0.73210 -0.35603 0.53282 0.23105
