1413394888.155760527 0.02499 0.06272 0.28917 0.82438 0.01129 0.56586 0.00845
1413394888.255760431 0.05216 0.08276 0.32090 0.82040 0.01258 0.57159 0.00846
1413394888.355760574 0.08131 0.10568 0.35379 0.82094 0.01433 0.57076 0.00900
1413394888.455760479 0.11290 0.13147 0.38774 0.82308 0.01530 0.56764 0.00945
1413394888.555760384 0.14803 0.15954 0.41623 0.82563 0.01241 0.56404 0.00567
1413394888.655760527 0.18575 0.18888 0.43191 0.82658 0.01012 0.56272 0.00179
1413394888.755760431 0.22801 0.21752 0.43259 0.82220 0.00733 0.56915 -0.00258
1413394888.855760574 0.27319 0.24736 0.43649 0.81605 0.00322 0.57791 -0.00874
1413394888.955760479 0.31852 0.27439 0.44177 0.81183 -0.00052 0.58371 -0.01483
1413394889.055760384 0.36198 0.29665 0.44713 0.80934 -0.00221 0.58706 -0.01793
1413394889.155760527 0.40745 0.31754 0.45578 0.80808 -0.00215 0.58879 -0.01800
1413394889.255760431 0.45086 0.33506 0.46959 0.79776 0.00120 0.60284 -0.01245
1413394889.355760574 0.48657 0.34875 0.48966 0.77100 0.00494 0.63677 -0.00766
1413394889.455760479 0.50941 0.36250 0.51480 0.73948 0.00695 0.67313 -0.00494
1413394889.555760384 0.50718 0.37346 0.53625 0.73563 0.00959 0.67731 -0.00074
1413394889.655760527 0.48331 0.38490 0.55322 0.76960 0.00880 0.63847 0.00099
1413394889.755760431 0.44433 0.39693 0.57101 0.81117 0.00769 0.58475 0.00353
1413394889.855760574 0.40175 0.40863 0.59153 0.84444 0.00485 0.53561 0.00280
1413394889.955760479 0.36939 0.42069 0.61106 0.86722 0.00079 0.49792 0.00103
1413394890.055760384 0.35635 0.43354 0.62210 0.88333 -0.00103 0.46875 0.00161
1413394890.155760527 0.36670 0.44647 0.62471 0.88621 -0.00774 0.46320 -0.00355
1413394890.255760431 0.40858 0.45786 0.62701 0.86611 -0.01418 0.49955 -0.01009
1413394890.355760574 0.46894 0.46383 0.62332 0.83516 -0.02154 0.54926 -0.01903
1413394890.455760479 0.53763 0.46494 0.61241 0.80031 -0.02546 0.59848 -0.02585
1413394890.555760384 0.60028 0.45837 0.59690 0.76604 -0.02408 0.64181 -0.02615
1413394890.655760527 0.64435 0.44513 0.58174 0.74343 -0.01615 0.66837 -0.01834
1413394890.755760431 0.66370 0.42553 0.56789 0.73506 -0.00816 0.67787 -0.01015
1413394890.855760574 0.65680 0.40232 0.55006 0.76067 -0.00194 0.64912 -0.00319
1413394890.955760479 0.63147 0.37791 0.53099 0.80180 0.00087 0.59759 -0.00014
1413394891.055760384 0.60093 0.35305 0.51426 0.83965 0.00259 0.54310 0.00325
1413394891.155760527 0.57863 0.32908 0.50192 0.86395 0.00301 0.50354 0.00541
1413394891.255760431 0.57371 0.30774 0.49145 0.87702 0.00392 0.48036 0.00805
1413394891.355760574 0.59879 0.28589 0.48592 0.87882 0.00576 0.47701 0.01051
1413394891.455760479 0.65078 0.26933 0.48940 0.86439 0.00894 0.50253 0.01443
1413394891.555760384 0.72016 0.25602 0.49702 0.84352 0.01107 0.53674 0.01643
1413394891.655760527 0.80021 0.24626 0.50467 0.82670 0.01508 0.56209 0.02007
1413394891.755760431 0.88488 0.23827 0.51132 0.81702 0.01729 0.57594 0.02179
1413394891.855760574 0.97033 0.23390 0.52597 0.80929 0.01828 0.58662 0.02414
1413394891.955760479 1.05004 0.23677 0.55225 0.79157 0.02012 0.61016 0.02656
1413394892.055760384 1.12382 0.24431 0.58462 0.77632 0.02390 0.62934 0.02618
1413394892.155760527 1.18645 0.26022 0.61817 0.76745 0.03355 0.63990 0.02043
1413394892.255760431 1.23796 0.28250 0.65102 0.76512 0.05108 0.64180 0.00885
1413394892.355760574 1.27874 0.31081 0.67530 0.76496 0.07170 0.64003 -0.00757
1413394892.455760479 1.30776 0.34267 0.68290 0.76373 0.09430 0.63797 -0.02843
1413394892.555760384 1.32628 0.37888 0.67906 0.76386 0.12062 0.63200 -0.05047
1413394892.655760527 1.33446 0.41789 0.67596 0.76931 0.14984 0.61658 -0.07437
1413394892.755760431 1.33463 0.46049 0.67901 0.77453 0.18212 0.59752 -0.09952
1413394892.855760574 1.32175 0.50553 0.68618 0.77420 0.21536 0.58172 -0.12581
1413394892.955760479 1.29996 0.55018 0.69423 0.77565 0.24845 0.56128 -0.14700
1413394893.055760384 1.27670 0.59611 0.70565 0.77388 0.28127 0.54365 -0.16263
1413394893.155760527 1.25694 0.64700 0.71830 0.76582 0.31535 0.53317 -0.17264
1413394893.255760431 1.23901 0.70655 0.73052 0.75688 0.34274 0.52398 -0.18735
1413394893.355760574 1.22098 0.77097 0.74535 0.74396 0.36000 0.52494 -0.20339
1413394893.455760479 1.19935 0.83941 0.76122 0.72713 0.37656 0.53528 -0.20725
1413394893.555760384 1.17206 0.91165 0.77289 0.71299 0.39006 0.54383 -0.20917
1413394893.655760527 1.13398 0.98574 0.77422 0.70054 0.40098 0.55385 -0.20425
1413394893.755760431 1.08074 1.05754 0.76933 0.68750 0.40817 0.56740 -0.19696
1413394893.855760574 1.01090 1.13503 0.76026 0.68188 0.40694 0.57505 -0.19686
1413394893.955760479 0.92384 1.21314 0.75043 0.68080 0.40317 0.57563 -0.20645
1413394894.055760384 0.81782 1.29000 0.73943 0.67498 0.40337 0.57595 -0.22357
1413394894.155760527 0.69525 1.36365 0.72506 0.67026 0.40694 0.56835 -0.24927
1413394894.255760431 0.55802 1.42348 0.70719 0.66959 0.41017 0.54749 -0.28924
1413394894.355760574 0.41286 1.47672 0.68755 0.66636 0.42271 0.52421 -0.32014
1413394894.455760479 0.27098 1.51733 0.66367 0.66078 0.44101 0.50098 -0.34337
1413394894.555760384 0.13237 1.55068 0.63622 0.65141 0.46383 0.48328 -0.35634
1413394894.655760527 -0.00186 1.58111 0.60462 0.64096 0.48278 0.46775 -0.37055
1413394894.755760431 -0.13484 1.61455 0.57096 0.62532 0.50110 0.46576 -0.37541
1413394894.855760574 -0.26565 1.64566 0.53679 0.61680 0.51503 0.46033 -0.37736
1413394894.955760479 -0.38877 1.67271 0.50180 0.61698 0.52210 0.44824 -0.38187
1413394895.055760384 -0.51063 1.69917 0.46855 0.62354 0.52085 0.43428 -0.38899
1413394895.155760527 -0.62891 1.72271 0.43925 0.62886 0.52139 0.42650 -0.38831
1413394895.255760431 -0.73473 1.74318 0.41791 0.63194 0.51844 0.42574 -0.38809
1413394895.355760574 -0.83778 1.76463 0.40205 0.62935 0.52048 0.43689 -0.37701
1413394895.455760479 -0.93589 1.78462 0.39384 0.62218 0.52659 0.45445 -0.35926
1413394895.555760384 -1.03701 1.80410 0.39682 0.62207 0.52980 0.46181 -0.34507
1413394895.655760527 -1.13510 1.82126 0.41565 0.62715 0.52502 0.46032 -0.34517
1413394895.755760431 -1.23583 1.83988 0.44922 0.63547 0.51938 0.45166 -0.34989
1413394895.855760574 -1.33622 1.85946 0.48941 0.63918 0.51497 0.44715 -0.35541
1413394895.955760479 -1.43345 1.88090 0.51913 0.63892 0.51399 0.44597 -0.35876
1413394896.055760384 -1.53019 1.90453 0.53577 0.63778 0.51429 0.44568 -0.36072
1413394896.155760527 -1.62673 1.93076 0.54044 0.63679 0.51564 0.44466 -0.36179
1413394896.255760431 -1.72369 1.95986 0.53519 0.63988 0.51251 0.43850 -0.36824
1413394896.355760574 -1.82170 1.99014 0.52308 0.65040 0.49931 0.42181 -0.38698
1413394896.455760479 -1.91200 2.02209 0.51200 0.65958 0.48798 0.40591 -0.40257
1413394896.555760384 -1.98629 2.05356 0.49790 0.66852 0.47635 0.39041 -0.41683
1413394896.655760527 -2.04524 2.08404 0.47538 0.67793 0.46177 0.37419 -0.43263
1413394896.755760431 -2.07989 2.10919 0.44363 0.68607 0.44684 0.35840 -0.44854
1413394896.855760574 -2.08480 2.12707 0.40629 0.69029 0.43293 0.34913 -0.46279
1413394896.955760479 -2.05111 2.13992 0.36910 0.69031 0.42398 0.34991 -0.47040
1413394897.055760384 -1.98354 2.13697 0.34076 0.69255 0.41885 0.34416 -0.47591
1413394897.155760527 -1.87408 2.13383 0.31792 0.69163 0.42306 0.34752 -0.47106
1413394897.255760431 -1.72851 2.11916 0.30471 0.68623 0.43689 0.36116 -0.45583
1413394897.355760574 -1.55225 2.10044 0.29999 0.66670 0.46878 0.39884 -0.42034
1413394897.455760479 -1.36041 2.08072 0.29965 0.64763 0.49146 0.42899 -0.39372
1413394897.555760384 -1.16401 2.06087 0.30190 0.63650 0.50458 0.44454 -0.37769
1413394897.655760527 -0.96924 2.04073 0.30732 0.63021 0.51055 0.45171 -0.37166
1413394897.755760431 -0.77794 2.01986 0.31754 0.62505 0.51053 0.45747 -0.37336
1413394897.855760574 -0.59113 1.99651 0.33241 0.61958 0.50926 0.46310 -0.37724
1413394897.955760479 -0.40899 1.96979 0.35205 0.61428 0.50774 0.46949 -0.38005
1413394898.055760384 -0.23323 1.93781 0.37364 0.61417 0.51052 0.46921 -0.37684
1413394898.155760527 -0.06543 1.90138 0.39764 0.61215 0.51679 0.47028 -0.37018
1413394898.255760431 0.09364 1.86218 0.42475 0.60607 0.52468 0.47586 -0.36187
1413394898.355760574 0.24039 1.82058 0.45438 0.59336 0.53813 0.48500 -0.35087
1413394898.455760479 0.36997 1.77727 0.48441 0.57867 0.55616 0.48816 -0.34281
1413394898.555760384 0.47768 1.73338 0.51522 0.56385 0.57726 0.48184 -0.34158
1413394898.655760527 0.56551 1.68948 0.54736 0.54939 0.59662 0.47471 -0.34185
1413394898.755760431 0.63193 1.65040 0.57888 0.54633 0.61066 0.45909 -0.34330
1413394898.855760574 0.67921 1.61077 0.61377 0.54376 0.62227 0.44855 -0.34045
1413394898.955760479 0.70752 1.57557 0.65131 0.53468 0.63450 0.45053 -0.32947
1413394899.055760384 0.71138 1.54971 0.68529 0.53341 0.64150 0.44822 -0.32101
1413394899.155760527 0.69707 1.52719 0.70847 0.54274 0.64402 0.43573 -0.31750
1413394899.255760431 0.66092 1.51747 0.72179 0.54425 0.64667 0.43244 -0.31402
1413394899.355760574 0.60741 1.51035 0.72705 0.54562 0.64325 0.43077 -0.32088
1413394899.455760479 0.53260 1.51938 0.71992 0.55686 0.63081 0.41530 -0.34571
1413394899.555760384 0.44418 1.53581 0.70371 0.55990 0.62631 0.39714 -0.36950
1413394899.655760527 0.34575 1.56197 0.68212 0.55000 0.63427 0.38312 -0.38525
1413394899.755760431 0.24003 1.59631 0.66189 0.53252 0.64961 0.36874 -0.39807
1413394899.855760574 0.12697 1.63860 0.64568 0.50708 0.66484 0.35702 -0.41640
1413394899.955760479 0.00669 1.68585 0.63179 0.48220 0.67532 0.34181 -0.44112
1413394900.055760384 -0.11825 1.73657 0.62853 0.45928 0.68326 0.32370 -0.46630
1413394900.155760527 -0.24483 1.78677 0.63882 0.43404 0.68862 0.30962 -0.49147
1413394900.255760431 -0.37035 1.83893 0.65087 -0.41259 -0.69343 -0.29360 0.51257
1413394900.355760574 -0.49164 1.88844 0.65625 -0.38709 -0.70029 -0.28646 0.52697
1413394900.455760479 -0.60764 1.93202 0.65385 -0.35759 -0.71195 -0.28520 0.53284
1413394900.555760384 -0.72047 1.96872 0.64409 -0.32704 -0.72891 -0.28674 0.52869
1413394900.655760527 -0.83474 1.99776 0.63014 -0.29560 -0.74288 -0.29140 0.52519
1413394900.755760431 -0.95405 2.01453 0.61924 -0.26651 -0.75263 -0.29082 0.52721
1413394900.855760574 -1.08026 2.01251 0.61997 -0.24155 -0.76343 -0.27848 0.53035
1413394900.955760479 -1.21613 1.98826 0.63843 -0.21656 -0.77183 -0.26057 0.53803
1413394901.055760384 -1.35932 1.94418 0.67298 -0.18870 -0.77824 -0.24128 0.54819
1413394901.155760527 -1.50555 1.88136 0.70680 -0.16155 -0.77993 -0.21596 0.56478
1413394901.255760431 -1.64911 1.80315 0.73282 -0.14570 -0.77646 -0.17690 0.58701
1413394901.355760574 -1.78620 1.71471 0.75018 -0.13510 -0.77171 -0.13230 0.60721
1413394901.455760479 -1.91419 1.62144 0.76244 -0.12498 -0.76209 -0.09129 0.62870
1413394901.555760384 -2.02595 1.52700 0.76518 -0.11118 -0.75714 -0.06164 0.64076
1413394901.655760527 -2.12141 1.43408 0.75631 -0.08880 -0.76742 -0.04315 0.63350
1413394901.755760431 -2.20166 1.34223 0.73981 -0.05598 -0.78064 -0.03354 0.62156
1413394901.855760574 -2.26583 1.24724 0.72955 -0.01384 -0.78674 -0.02737 0.61652
1413394901.955760479 -2.32019 1.15015 0.72867 0.02888 -0.78520 -0.01534 0.61838
1413394902.055760384 -2.36253 1.04899 0.73388 0.06426 -0.78359 0.00474 0.61792
1413394902.155760527 -2.39111 0.93971 0.74513 0.09494 -0.78076 0.02525 0.61706
1413394902.255760431 -2.41298 0.82572 0.74889 0.12078 -0.77390 0.04880 0.61977
1413394902.355760574 -2.42392 0.70841 0.74619 0.14521 -0.76137 0.06804 0.62817
1413394902.455760479 -2.41977 0.59174 0.73704 0.16261 -0.74998 0.09064 0.63472
1413394902.555760384 -2.39931 0.47856 0.72635 0.16201 -0.74859 0.12973 0.62972
1413394902.655760527 -2.36489 0.37407 0.71627 0.15248 -0.75367 0.16813 0.61681
1413394902.755760431 -2.32715 0.28055 0.70942 0.13941 -0.76309 0.19840 0.59909
1413394902.855760574 -2.28598 0.20659 0.70430 0.13457 -0.77232 0.20859 0.58473
1413394902.955760479 -2.24464 0.14598 0.69725 0.13803 -0.78158 0.19890 0.57490
1413394903.055760384 -2.20679 0.10217 0.68204 0.13713 -0.78881 0.18479 0.56994
1413394903.155760527 -2.16756 0.07219 0.65436 0.12641 -0.80244 0.17362 0.55674
1413394903.255760431 -2.13248 0.05728 0.61218 0.10981 -0.82196 0.16294 0.53458
1413394903.355760574 -2.10455 0.04989 0.56613 0.09729 -0.83026 0.13791 0.53121
1413394903.455760479 -2.09005 0.05372 0.52998 0.08678 -0.82409 0.11547 0.54773
1413394903.555760384 -2.08393 0.06140 0.50546 0.07757 -0.81546 0.09912 0.56497
1413394903.655760527 -2.08634 0.07852 0.49632 0.07572 -0.80898 0.08183 0.57717
1413394903.755760431 -2.09130 0.09959 0.50640 0.07610 -0.80653 0.06882 0.58223
1413394903.855760574 -2.09655 0.12036 0.53260 0.08228 -0.80576 0.05365 0.58404
1413394903.955760479 -2.09930 0.13876 0.55627 0.08639 -0.80740 0.03582 0.58254
1413394904.055760384 -2.09906 0.15407 0.56726 0.07030 -0.81262 0.03069 0.57773
1413394904.155760527 -2.09796 0.16822 0.56763 0.03914 -0.82175 0.03154 0.56763
1413394904.255760431 -2.09915 0.18497 0.55869 0.00526 -0.83251 0.02439 0.55344
1413394904.355760574 -2.10719 0.20441 0.54128 -0.02830 -0.84094 0.00575 0.54036
1413394904.455760479 -2.12337 0.22823 0.51696 -0.06284 -0.84403 -0.02033 0.53222
1413394904.555760384 -2.14979 0.25438 0.49415 -0.09595 -0.83601 -0.05374 0.53758
1413394904.655760527 -2.18362 0.28499 0.47476 -0.13136 -0.81929 -0.08388 0.55178
1413394904.755760431 -2.22321 0.31555 0.45941 -0.16665 -0.80313 -0.11269 0.56081
1413394904.855760574 -2.26392 0.34527 0.44820 -0.19912 -0.78612 -0.14312 0.56734
1413394904.955760479 -2.30246 0.37301 0.44210 -0.23045 -0.76386 -0.17323 0.57741
1413394905.055760384 -2.33443 0.39553 0.43997 -0.26113 -0.73475 -0.20101 0.59292
1413394905.155760527 -2.35569 0.40976 0.44154 -0.29265 -0.70929 -0.22205 0.60163
1413394905.255760431 -2.36316 0.41459 0.43737 -0.33174 -0.70720 -0.22458 0.58256
1413394905.355760574 -2.36016 0.41342 0.42914 -0.37082 -0.73053 -0.21176 0.53290
1413394905.455760479 -2.35532 0.41761 0.42296 0.40101 0.75913 0.19372 -0.47474
1413394905.555760384 -2.35904 0.44247 0.42014 0.41922 0.77943 0.18162 -0.42867
1413394905.655760527 -2.36898 0.49258 0.43076 0.41293 0.78382 0.19710 -0.41985
1413394905.755760431 -2.39793 0.56991 0.45298 0.38922 0.76167 0.23376 -0.46230
1413394905.855760574 -2.43522 0.65515 0.48124 -0.35903 -0.72207 -0.27137 0.52542
1413394905.955760479 -2.47306 0.73233 0.50861 -0.33184 -0.68262 -0.29666 0.57957
1413394906.055760384 -2.50210 0.79267 0.53486 -0.31608 -0.65020 -0.30286 0.62097
1413394906.155760527 -2.51566 0.82800 0.56037 -0.31804 -0.63119 -0.28876 0.64580
1413394906.255760431 -2.50501 0.83733 0.58818 -0.34192 -0.64187 -0.26197 0.63440
1413394906.355760574 -2.47292 0.83388 0.61415 -0.37440 -0.67235 -0.24058 0.59151
1413394906.455760479 -2.42423 0.82760 0.63021 -0.40405 -0.70534 -0.23399 0.53337
1413394906.555760384 -2.36522 0.82432 0.63677 0.42907 0.73348 0.24096 -0.46888
1413394906.655760527 -2.30927 0.83338 0.63874 0.44965 0.74255 0.25609 -0.42526
1413394906.755760431 -2.26354 0.85577 0.63901 0.45882 0.72302 0.28927 -0.42784
1413394906.855760574 -2.23420 0.89107 0.63728 0.45406 0.68222 0.33783 -0.46291
1413394906.955760479 -2.21305 0.92521 0.63417 -0.43949 -0.63353 -0.38459 0.50752
1413394907.055760384 -2.18918 0.93762 0.62985 -0.42228 -0.58861 -0.41966 0.54690
1413394907.155760527 -2.16406 0.92044 0.62548 -0.41956 -0.56177 -0.42708 0.57095
1413394907.255760431 -2.13335 0.86933 0.61466 -0.44427 -0.57990 -0.40499 0.54984
1413394907.355760574 -2.09377 0.79409 0.60195 -0.48346 -0.61645 -0.36063 0.50617
1413394907.455760479 -2.04553 0.70977 0.58445 0.53820 0.63785 0.29149 -0.46746
1413394907.555760384 -1.98655 0.63569 0.56268 0.58782 0.63717 0.23344 -0.44043
1413394907.655760527 -1.91187 0.58762 0.53839 0.61479 0.63495 0.21795 -0.41397
1413394907.755760431 -1.82372 0.57444 0.52018 0.60295 0.63402 0.26716 -0.40385
1413394907.855760574 -1.72887 0.58631 0.50626 0.56240 0.62077 0.34802 -0.42098
1413394907.955760479 -1.64021 0.60279 0.48047 0.52082 0.59842 0.41179 -0.44841
1413394908.055760384 -1.55638 0.60896 0.44780 0.49447 0.58163 0.44364 -0.46945
1413394908.155760527 -1.48143 0.59575 0.40429 0.50251 0.59205 0.43585 -0.45497
1413394908.255760431 -1.40750 0.57821 0.35701 0.52576 0.62350 0.40085 -0.41729
1413394908.355760574 -1.34355 0.55810 0.31232 0.54856 0.65101 0.36208 -0.37970
1413394908.455760479 -1.28808 0.55373 0.28068 0.56789 0.66552 0.32661 -0.35765
1413394908.555760384 -1.24445 0.57702 0.26962 0.57658 0.66761 0.30743 -0.35684
1413394908.655760527 -1.21753 0.64377 0.29274 0.54849 0.65706 0.34223 -0.38769
1413394908.755760431 -1.21812 0.72481 0.33944 0.50853 0.62987 0.39119 -0.43777
1413394908.855760574 -1.20770 0.77583 0.38642 0.47391 0.60224 0.42714 -0.47986
1413394908.955760479 -1.19653 0.80575 0.44133 -0.45178 -0.57474 -0.44361 0.51844
1413394909.055760384 -1.18667 0.81305 0.50274 -0.45606 -0.56686 -0.42990 0.53466
1413394909.155760527 -1.16616 0.79876 0.55765 -0.48711 -0.58842 -0.38984 0.51431
1413394909.255760431 -1.13811 0.77016 0.60284 0.52491 0.61795 0.35340 -0.46660
1413394909.355760574 -1.10630 0.74316 0.64002 0.56175 0.63046 0.32726 -0.42410
1413394909.455760479 -1.06827 0.72507 0.67191 0.59055 0.61882 0.32244 -0.40541
1413394909.555760384 -1.02700 0.72593 0.70275 0.60502 0.58714 0.34274 -0.41441
1413394909.655760527 -0.98029 0.73979 0.73405 0.60803 0.55085 0.37026 -0.43563
1413394909.755760431 -0.92237 0.75548 0.76834 0.59609 0.52213 0.40872 -0.45277
1413394909.855760574 -0.85587 0.76171 0.80718 0.57041 0.50162 0.45435 -0.46538
1413394909.955760479 -0.78591 0.75484 0.84075 0.55612 0.49765 0.47681 -0.46446
1413394910.055760384 -0.71434 0.72552 0.86150 0.56878 0.52420 0.46468 -0.43102
1413394910.155760527 -0.64928 0.68514 0.87343 0.59332 0.55386 0.43271 -0.39239
1413394910.255760431 -0.59042 0.64272 0.87752 0.61884 0.57609 0.39350 -0.36098
1413394910.355760574 -0.53697 0.61105 0.87371 0.63648 0.59056 0.36179 -0.33948
1413394910.455760479 -0.48488 0.59582 0.86212 0.64540 0.59906 0.34243 -0.32760
1413394910.555760384 -0.43476 0.60599 0.84912 0.63063 0.59335 0.36264 -0.34457
1413394910.655760527 -0.38655 0.63685 0.83562 0.59504 0.56921 0.41231 -0.38977
1413394910.755760431 -0.33733 0.66996 0.82538 0.55924 0.53871 0.45426 -0.43668
1413394910.855760574 -0.29148 0.68901 0.81088 0.53865 0.51339 0.47129 -0.47347
1413394910.955760479 -0.24428 0.68247 0.79707 0.53072 0.49907 0.47290 -0.49561
1413394911.055760384 -0.19607 0.65149 0.77823 0.54319 0.50496 0.45138 -0.49620
1413394911.155760527 -0.14184 0.59542 0.75318 0.56629 0.54263 0.42635 -0.45066
1413394911.255760431 -0.08538 0.52951 0.72639 0.59097 0.58063 0.39487 -0.39712
1413394911.355760574 -0.02824 0.47104 0.69512 0.61071 0.60241 0.36967 -0.35704
1413394911.455760479 0.02734 0.42696 0.66075 0.62184 0.61099 0.35687 -0.33563
1413394911.555760384 0.07691 0.40052 0.62150 0.62427 0.60932 0.35971 -0.33108
1413394911.655760527 0.12384 0.39920 0.58287 0.61127 0.58889 0.39126 -0.35564
1413394911.755760431 0.16479 0.41486 0.55231 0.58425 0.55523 0.43868 -0.39742
1413394911.855760574 0.19915 0.42005 0.53036 0.55696 0.52481 0.47865 -0.43043
1413394911.955760479 0.22775 0.40364 0.51547 0.54947 0.51532 0.49147 -0.43702
1413394912.055760384 0.25092 0.37036 0.50452 0.57283 0.53224 0.46862 -0.41106
1413394912.155760527 0.26704 0.32817 0.50010 0.60708 0.55562 0.43090 -0.37022
1413394912.255760431 0.27883 0.28896 0.50120 0.63334 0.56536 0.40763 -0.33629
1413394912.355760574 0.28509 0.26593 0.50752 0.65225 0.56127 0.40143 -0.31369
1413394912.455760479 0.28920 0.26633 0.51634 0.67164 0.54252 0.40245 -0.30430
1413394912.555760384 0.29536 0.28090 0.53721 0.68314 0.51325 0.41738 -0.30934
1413394912.655760527 0.30604 0.30584 0.56204 0.68790 0.47663 0.44191 -0.32301
1413394912.755760431 0.31241 0.34679 0.58673 0.69374 0.44390 0.46060 -0.33093
1413394912.855760574 0.32037 0.39175 0.61205 0.70046 0.42119 0.47058 -0.33241
1413394912.955760479 0.33730 0.43721 0.63413 0.70257 0.41587 0.48048 -0.32028
1413394913.055760384 0.35430 0.48592 0.65768 0.69970 0.41907 0.49233 -0.30398
1413394913.155760527 0.37061 0.53277 0.68148 0.69622 0.42356 0.49959 -0.29373
1413394913.255760431 0.38206 0.57782 0.70681 0.68966 0.43240 0.50048 -0.29482
1413394913.355760574 0.38677 0.62522 0.73376 0.67360 0.44579 0.50149 -0.30991
1413394913.455760479 0.38407 0.67467 0.75628 0.65317 0.46907 0.49678 -0.32642
1413394913.555760384 0.37353 0.72167 0.76918 0.62618 0.50128 0.49178 -0.33877
1413394913.655760527 0.35332 0.76629 0.77139 0.59493 0.53874 0.48473 -0.34763
1413394913.755760431 0.31957 0.80375 0.75383 0.57121 0.57564 0.46360 -0.35698
1413394913.855760574 0.27746 0.84269 0.72921 0.55426 0.60477 0.43034 -0.37664
1413394913.955760479 0.22496 0.88331 0.69215 0.53894 0.62531 0.39540 -0.40273
1413394914.055760384 0.16674 0.93004 0.65036 0.51902 0.64231 0.36787 -0.42746
1413394914.155760527 0.10472 0.97891 0.60888 0.49021 0.66211 0.35086 -0.44520
1413394914.255760431 0.03835 1.02667 0.58079 0.45498 0.68437 0.34045 -0.45687
1413394914.355760574 -0.03594 1.07361 0.56939 0.41980 0.70439 0.32918 -0.46823
1413394914.455760479 -0.11935 1.11785 0.57375 0.38677 0.72203 0.31610 -0.47872
1413394914.555760384 -0.21343 1.15785 0.59061 0.36127 0.73488 0.30095 -0.48874
1413394914.655760527 -0.31560 1.19392 0.60432 -0.35104 -0.73920 -0.27631 0.50399
1413394914.755760431 -0.42330 1.22524 0.60797 -0.34160 -0.74270 -0.25428 0.51677
1413394914.855760574 -0.53333 1.25223 0.60208 -0.32856 -0.74786 -0.23807 0.52543
1413394914.955760479 -0.64230 1.27397 0.58519 -0.30759 -0.75388 -0.23325 0.53165
1413394915.055760384 -0.74991 1.28783 0.55787 -0.27881 -0.76029 -0.23469 0.53771
1413394915.155760527 -0.85876 1.28967 0.52935 -0.24439 -0.76964 -0.23378 0.54155
1413394915.255760431 -0.97007 1.27573 0.50558 -0.20683 -0.78075 -0.22970 0.54303
1413394915.355760574 -1.08662 1.24766 0.48515 -0.17046 -0.78883 -0.22039 0.54783
1413394915.455760479 -1.20718 1.20252 0.46823 -0.13579 -0.79337 -0.20697 0.55614
1413394915.555760384 -1.33154 1.13831 0.45538 -0.10529 -0.79368 -0.18441 0.57007
1413394915.655760527 -1.45753 1.05524 0.44458 -0.08663 -0.78890 -0.13558 0.59308
1413394915.755760431 -1.57642 0.95668 0.43481 -0.06462 -0.78384 -0.08222 0.61209
1413394915.855760574 -1.68626 0.85136 0.43115 -0.03168 -0.77312 -0.04357 0.63197
1413394915.955760479 -1.78387 0.74338 0.43015 0.00382 -0.76437 -0.01352 0.64463
1413394916.055760384 -1.86227 0.63398 0.43113 0.03446 -0.76054 0.01488 0.64820
1413394916.155760527 -1.92301 0.52511 0.43405 0.05905 -0.76021 0.03971 0.64577
1413394916.255760431 -1.96727 0.41788 0.43641 0.08265 -0.77491 0.05885 0.62387
1413394916.355760574 -1.99775 0.31090 0.44061 0.10324 -0.79005 0.08210 0.59869
1413394916.455760479 -2.02157 0.20626 0.43924 0.11179 -0.79949 0.12312 0.57720
1413394916.555760384 -2.04219 0.10893 0.42886 0.11600 -0.80041 0.17168 0.56251
1413394916.655760527 -2.06764 0.02613 0.40826 0.11917 -0.79036 0.22821 0.55592
1413394916.755760431 -2.09826 -0.04067 0.37707 0.14859 -0.78410 0.25949 0.54385
1413394916.855760574 -2.13208 -0.08140 0.33598 0.19577 -0.78063 0.27141 0.52785
1413394916.955760479 -2.17322 -0.10584 0.28399 0.24780 -0.77664 0.27448 0.50998
1413394917.055760384 -2.22479 -0.11967 0.22748 0.30861 -0.76241 0.26503 0.50325
1413394917.155760527 -2.28558 -0.13821 0.17125 -0.36300 0.74772 -0.26325 -0.48973
1413394917.255760431 -2.35042 -0.15695 0.11761 -0.41278 0.73088 -0.26180 -0.47632
1413394917.355760574 -2.42026 -0.18518 0.06929 -0.44836 0.71552 -0.26767 -0.46407
1413394917.455760479 -2.49318 -0.22312 0.02453 -0.46942 0.70483 -0.27640 -0.45438
1413394917.555760384 -2.56670 -0.27240 -0.01362 -0.48490 0.68899 -0.27958 -0.46044
1413394917.655760527 -2.63692 -0.33860 -0.04492 -0.49491 0.67401 -0.27915 -0.47207
1413394917.755760431 -2.70075 -0.41501 -0.06788 -0.49898 0.66495 -0.27678 -0.48192
1413394917.855760574 -2.75169 -0.50409 -0.07962 -0.50777 0.65099 -0.26655 -0.49732
1413394917.955760479 -2.78289 -0.60670 -0.08284 0.52058 -0.63919 0.25895 0.50336
1413394918.055760384 -2.79327 -0.71574 -0.08897 -0.52886 0.63357 -0.26567 -0.49830
1413394918.155760527 -2.78572 -0.83381 -0.10350 -0.52636 0.63840 -0.29571 -0.47744
1413394918.255760431 -2.76816 -0.95939 -0.12068 -0.52402 0.64110 -0.32958 -0.45362
1413394918.355760574 -2.74405 -1.08871 -0.13764 -0.52024 0.64997 -0.36291 -0.41855
1413394918.455760479 -2.72271 -1.22132 -0.15101 -0.51908 0.65112 -0.39173 -0.39135
1413394918.555760384 -2.71127 -1.35719 -0.15938 -0.52816 0.63951 -0.40999 -0.37945
1413394918.655760527 -2.71254 -1.49686 -0.16407 -0.54927 0.61881 -0.41580 -0.37748
1413394918.755760431 -2.72461 -1.63884 -0.16800 -0.57487 0.59193 -0.41489 -0.38342
1413394918.855760574 -2.74091 -1.78078 -0.16737 0.59538 -0.56163 0.41538 0.39693
1413394918.955760479 -2.75537 -1.92099 -0.15617 0.60595 -0.53095 0.42499 0.41267
1413394919.055760384 -2.76299 -2.05434 -0.13063 0.60848 -0.51092 0.44647 0.41155
1413394919.155760527 -2.76670 -2.17159 -0.08710 0.61106 -0.49349 0.47048 0.40214
1413394919.255760431 -2.76634 -2.27569 -0.02920 0.61722 -0.47244 0.49289 0.39101
1413394919.355760574 -2.77064 -2.36240 0.03921 0.62867 -0.44234 0.50917 0.38711
1413394919.455760479 -2.77038 -2.42908 0.11106 0.64623 -0.40704 0.51431 0.39011
1413394919.555760384 -2.76455 -2.47755 0.17999 0.67499 -0.38210 0.50395 0.38004
1413394919.655760527 -2.74903 -2.50438 0.23911 0.70327 -0.37417 0.49506 0.34687
1413394919.755760431 -2.72949 -2.52643 0.28548 0.72457 -0.37362 0.49426 0.30185
1413394919.855760574 -2.70153 -2.54808 0.32368 0.74219 -0.37299 0.49469 0.25556
1413394919.955760479 -2.66722 -2.56528 0.35285 0.75961 -0.35824 0.49599 0.22055
1413394920.055760384 -2.62930 -2.59012 0.37481 0.77728 -0.33191 0.49912 0.19120
1413394920.155760527 -2.58443 -2.61928 0.38295 0.79388 -0.30096 0.50215 0.16439
1413394920.255760431 -2.53323 -2.65679 0.37970 0.80979 -0.26477 0.50344 0.14381
1413394920.355760574 -2.47487 -2.70636 0.36659 0.81875 -0.22185 0.51172 0.13627
1413394920.455760479 -2.40662 -2.75664 0.35109 0.82208 -0.18111 0.52289 0.13402
1413394920.555760384 -2.32909 -2.80662 0.33924 0.82263 -0.14289 0.53296 0.13717
1413394920.655760527 -2.24456 -2.84981 0.33082 0.82302 -0.11214 0.53722 0.14645
1413394920.755760431 -2.15218 -2.88026 0.32461 0.82470 -0.09389 0.53650 0.15238
1413394920.855760574 -2.05267 -2.89444 0.31782 0.82781 -0.09406 0.53397 0.14409
1413394920.955760479 -1.94376 -2.89918 0.30784 0.82885 -0.09988 0.53329 0.13650
1413394921.055760384 -1.82377 -2.89533 0.29079 0.82931 -0.11596 0.53254 0.12325
1413394921.155760527 -1.69602 -2.88491 0.26765 0.82133 -0.13627 0.54336 0.10777
1413394921.255760431 -1.56306 -2.87203 0.23558 0.81271 -0.15959 0.55303 0.09048
1413394921.355760574 -1.42647 -2.86278 0.19096 0.80694 -0.19638 0.55416 0.05652
1413394921.455760479 -1.29165 -2.86435 0.13869 0.80176 -0.22927 0.55125 0.02726
1413394921.555760384 -1.16006 -2.88614 0.07884 0.80517 -0.23645 0.54294 0.03168
1413394921.655760527 -1.03390 -2.92968 0.02089 0.80739 -0.21518 0.54440 0.07379
1413394921.755760431 -0.91006 -2.98467 -0.03467 0.80484 -0.18809 0.55036 0.11818
1413394921.855760574 -0.78589 -3.03857 -0.08721 0.79650 -0.16591 0.56423 0.14036
1413394921.955760479 -0.65814 -3.08566 -0.13301 0.78043 -0.15266 0.59249 0.12877
1413394922.055760384 -0.53841 -3.12467 -0.16935 0.77052 -0.14061 0.61371 0.09948
1413394922.155760527 -0.42865 -3.15863 -0.18864 0.77218 -0.11652 0.61996 0.07624
1413394922.255760431 -0.33070 -3.18965 -0.19419 0.78951 -0.08512 0.60474 0.06090
1413394922.355760574 -0.24030 -3.22083 -0.18590 0.80847 -0.04806 0.58338 0.06112
1413394922.455760479 -0.15296 -3.24944 -0.15608 0.81803 -0.01884 0.57140 0.06296
1413394922.555760384 -0.06403 -3.26844 -0.10478 0.82228 -0.00854 0.56687 0.04937
1413394922.655760527 0.02746 -3.27949 -0.04645 0.82364 -0.01301 0.56641 0.02489
1413394922.755760431 0.12002 -3.28740 0.01078 0.82786 -0.01712 0.56061 0.00850
1413394922.855760574 0.21646 -3.29457 0.06643 0.83406 -0.01885 0.55135 0.00071
1413394922.955760479 0.31379 -3.30245 0.12596 0.83802 -0.01872 0.54531 -0.00020
1413394923.055760384 0.42253 -3.31202 0.18109 0.84245 -0.01906 0.53843 -0.00019
1413394923.155760527 0.53843 -3.32260 0.22523 0.84293 -0.01709 0.53773 0.00518
1413394923.255760431 0.66299 -3.33126 0.26983 0.83382 -0.00562 0.55150 0.02387
1413394923.355760574 0.79140 -3.33643 0.31606 0.82735 -0.00170 0.56084 0.03085
1413394923.455760479 0.92874 -3.33087 0.35807 0.83198 -0.00326 0.55449 0.01843
1413394923.555760384 1.06971 -3.32063 0.40021 0.83934 0.00395 0.54359 0.00301
1413394923.655760527 1.21776 -3.30837 0.44157 0.83910 0.02465 0.54337 -0.00772
1413394923.755760431 1.37131 -3.29241 0.47507 0.83197 0.05529 0.55189 -0.01350
1413394923.855760574 1.52672 -3.27054 0.49778 0.82377 0.08539 0.55990 -0.02497
1413394923.955760479 1.68141 -3.24113 0.50769 0.81559 0.11390 0.56585 -0.04064
1413394924.055760384 1.83252 -3.20496 0.50586 0.80809 0.14105 0.56879 -0.05982
1413394924.155760527 1.97898 -3.16089 0.50089 0.80188 0.16339 0.56801 -0.08743
1413394924.255760431 2.12254 -3.11222 0.49892 0.79809 0.18230 0.56104 -0.12264
1413394924.355760574 2.25934 -3.06034 0.49746 0.79459 0.20143 0.55046 -0.15827
1413394924.455760479 2.39499 -3.00940 0.49841 0.78534 0.22833 0.54612 -0.18127
1413394924.555760384 2.53058 -2.96066 0.50175 0.77445 0.25647 0.54250 -0.20036
1413394924.655760527 2.66447 -2.91214 0.50624 0.76223 0.29177 0.53754 -0.21195
1413394924.755760431 2.79631 -2.86398 0.51522 0.74581 0.32716 0.53565 -0.22319
1413394924.855760574 2.92346 -2.81490 0.52728 0.72219 0.36138 0.54252 -0.23137
1413394924.955760479 3.04310 -2.76562 0.54432 0.69747 0.39143 0.55200 -0.23585
1413394925.055760384 3.15004 -2.71687 0.56402 0.67641 0.41450 0.56186 -0.23448
1413394925.155760527 3.23592 -2.66691 0.58234 0.67214 0.43369 0.55265 -0.23394
1413394925.255760431 3.29704 -2.61318 0.60442 0.66853 0.45474 0.54151 -0.23033
1413394925.355760574 3.33308 -2.55274 0.62514 0.66288 0.47111 0.53554 -0.22771
1413394925.455760479 3.33628 -2.48751 0.63507 0.66288 0.47422 0.52914 -0.23603
1413394925.555760384 3.30923 -2.41568 0.63395 0.66626 0.47086 0.52256 -0.24763
1413394925.655760527 3.29101 -2.33171 0.62504 0.66901 0.46826 0.51582 -0.25901
1413394925.755760431 3.26345 -2.24361 0.61279 0.67889 0.45522 0.50238 -0.28196
1413394925.855760574 3.23143 -2.14791 0.60228 0.68753 0.44342 0.49142 -0.29863
1413394925.955760479 3.19638 -2.04965 0.59398 0.69096 0.43958 0.48435 -0.30782
1413394926.055760384 3.16425 -1.94883 0.58640 0.68749 0.44771 0.48251 -0.30674
1413394926.155760527 3.13066 -1.84661 0.57695 0.68167 0.46002 0.48416 -0.29884
1413394926.255760431 3.09398 -1.74094 0.56758 0.67703 0.47038 0.48519 -0.29148
1413394926.355760574 3.05283 -1.62989 0.55907 0.68135 0.47152 0.47598 -0.29474
1413394926.455760479 3.00702 -1.51605 0.55104 0.68630 0.47181 0.46594 -0.29882
1413394926.555760384 2.95898 -1.39386 0.54600 0.68406 0.47534 0.45794 -0.31050
1413394926.655760527 2.90960 -1.26465 0.54274 0.67625 0.48233 0.44538 -0.33417
1413394926.755760431 2.86132 -1.13204 0.54035 0.66676 0.48895 0.42372 -0.36990
1413394926.855760574 2.82244 -0.99747 0.53834 0.65654 0.49654 0.39492 -0.40798
1413394926.955760479 2.79922 -0.86409 0.53448 0.64333 0.50880 0.36971 -0.43654
1413394927.055760384 2.79147 -0.73294 0.52428 0.62645 0.52572 0.36025 -0.44878
1413394927.155760527 2.80165 -0.60487 0.50519 0.60055 0.55353 0.37554 -0.43808
1413394927.255760431 2.82297 -0.48107 0.48515 0.57673 0.57625 0.39384 -0.42451
1413394927.355760574 2.84803 -0.36433 0.47645 0.56466 0.59070 0.40147 -0.41359
1413394927.455760479 2.86919 -0.24324 0.48207 0.56387 0.59631 0.39764 -0.41029
1413394927.555760384 2.88848 -0.12567 0.50039 0.56804 0.59784 0.39009 -0.40957
1413394927.655760527 2.90658 -0.01511 0.53331 0.56955 0.59690 0.38677 -0.41198
1413394927.755760431 2.92244 0.10024 0.57024 0.56755 0.59812 0.38472 -0.41488
1413394927.855760574 2.93547 0.22092 0.60100 0.56140 0.60065 0.38912 -0.41550
1413394927.955760479 2.94722 0.34114 0.62155 0.56009 0.60229 0.38822 -0.41573
1413394928.055760384 2.95746 0.46289 0.63288 0.55598 0.60267 0.39198 -0.41716
1413394928.155760527 2.96525 0.58437 0.63756 0.54373 0.60405 0.40748 -0.41646
1413394928.255760431 2.96756 0.70302 0.63705 0.53000 0.60103 0.42539 -0.42059
1413394928.355760574 2.96153 0.81164 0.63777 0.52107 0.59594 0.43845 -0.42557
1413394928.455760479 2.94721 0.91017 0.64145 0.52658 0.59063 0.43275 -0.43197
1413394928.555760384 2.92566 0.99313 0.64324 0.53922 0.58507 0.41817 -0.43826
1413394928.655760527 2.90169 1.07300 0.64941 0.54878 0.58211 0.40799 -0.43992
1413394928.755760431 2.87702 1.14934 0.65740 0.55340 0.58123 0.40494 -0.43811
1413394928.855760574 2.85275 1.22170 0.66224 0.55338 0.58276 0.40809 -0.43315
1413394928.955760479 2.82720 1.29016 0.65886 0.55064 0.58582 0.41461 -0.42627
1413394929.055760384 2.79887 1.35468 0.64506 0.55057 0.58473 0.41658 -0.42593
1413394929.155760527 2.76723 1.41398 0.63004 0.54719 0.57849 0.42210 -0.43332
1413394929.255760431 2.73385 1.46744 0.61482 0.54607 0.57084 0.42370 -0.44321
1413394929.355760574 2.70016 1.51038 0.60335 0.54905 0.56275 0.41882 -0.45437
1413394929.455760479 2.67031 1.54472 0.59554 0.55435 0.56114 0.41145 -0.45664
1413394929.555760384 2.64452 1.56782 0.58949 0.56516 0.56819 0.39712 -0.44727
1413394929.655760527 2.62422 1.58526 0.58611 0.57335 0.57721 0.38705 -0.43392
1413394929.755760431 2.60824 1.60192 0.58502 0.57360 0.58409 0.38817 -0.42325
1413394929.855760574 2.59396 1.61952 0.57852 0.57067 0.58606 0.39342 -0.41963
1413394929.955760479 2.57892 1.63947 0.56395 0.56523 0.58122 0.40195 -0.42560
1413394930.055760384 2.56563 1.65381 0.54045 0.55735 0.57515 0.41345 -0.43315
1413394930.155760527 2.55136 1.66579 0.51118 0.54995 0.57007 0.42417 -0.43891
1413394930.255760431 2.53457 1.67137 0.48628 0.54168 0.56251 0.43491 -0.44836
1413394930.355760574 2.51620 1.66456 0.46526 0.54390 0.55253 0.43071 -0.46192
1413394930.455760479 2.50029 1.64844 0.44110 0.56623 0.56204 0.40129 -0.44996
1413394930.555760384 2.48873 1.62651 0.41204 0.59642 0.58099 0.35958 -0.42123
1413394930.655760527 2.48114 1.60663 0.37388 0.62243 0.59681 0.32197 -0.39081
1413394930.755760431 2.48540 1.60833 0.33022 0.62315 0.61071 0.32123 -0.36814
1413394930.855760574 2.49316 1.63339 0.29260 0.60226 0.60883 0.35618 -0.37383
1413394930.955760479 2.49943 1.67382 0.26101 0.57570 0.59239 0.39760 -0.39945
1413394931.055760384 2.50209 1.71727 0.23842 0.55464 0.57415 0.42781 -0.42391
1413394931.155760527 2.50139 1.75255 0.22713 0.54487 0.56457 0.44191 -0.43485
1413394931.255760431 2.49564 1.77569 0.23004 0.54093 0.55841 0.44852 -0.44091
1413394931.355760574 2.48514 1.78876 0.25512 0.53553 0.54998 0.45711 -0.44919
1413394931.455760479 2.47145 1.78755 0.28977 0.54158 0.55078 0.45166 -0.44648
1413394931.555760384 2.45523 1.77406 0.31538 0.55910 0.56619 0.43294 -0.42357
1413394931.655760527 2.43625 1.75485 0.33251 0.56773 0.58084 0.42020 -0.40465
1413394931.755760431 2.41181 1.70620 0.35736 0.55958 0.59991 0.41712 -0.39115
1413394931.855760574 2.37632 1.67583 0.36365 0.54085 0.62187 0.41399 -0.38648
1413394931.955760479 2.33006 1.65038 0.36312 0.52424 0.63837 0.39584 -0.40120
1413394932.055760384 2.27273 1.62726 0.36795 0.50166 0.64915 0.37471 -0.43189
1413394932.155760527 2.20773 1.60568 0.38728 0.47379 0.65625 0.35141 -0.47049
1413394932.255760431 2.13887 1.58215 0.41971 -0.44820 -0.66240 -0.32081 0.50737
1413394932.355760574 2.07224 1.55441 0.46158 -0.41735 -0.66992 -0.29509 0.53847
1413394932.455760479 2.01454 1.52466 0.50274 -0.38020 -0.67878 -0.28015 0.56234
1413394932.555760384 1.96635 1.48754 0.53433 -0.34325 -0.68858 -0.26780 0.57993
1413394932.655760527 1.92927 1.44209 0.55215 -0.31016 -0.70162 -0.25315 0.58944
1413394932.755760431 1.90214 1.38725 0.56115 -0.28313 -0.71986 -0.23392 0.58900
1413394932.855760574 1.88352 1.32384 0.56929 -0.26472 -0.74467 -0.20841 0.57615
1413394932.955760479 1.87015 1.25494 0.57854 -0.24994 -0.76713 -0.18314 0.56170
1413394933.055760384 1.85845 1.18614 0.58320 -0.23445 -0.78253 -0.16055 0.55399
1413394933.155760527 1.84627 1.11840 0.58056 -0.21397 -0.79258 -0.14263 0.55289
1413394933.255760431 1.83275 1.05456 0.56822 -0.19157 -0.79631 -0.12592 0.55976
1413394933.355760574 1.82073 0.99145 0.54673 -0.16694 -0.79797 -0.11329 0.56793
1413394933.455760479 1.80891 0.92961 0.51425 -0.14439 -0.79884 -0.10080 0.57520
1413394933.555760384 1.79530 0.86959 0.47112 -0.12414 -0.80001 -0.08719 0.58049
1413394933.655760527 1.78102 0.81252 0.42627 -0.10337 -0.79783 -0.07285 0.58947
1413394933.755760431 1.76859 0.75785 0.38613 -0.08380 -0.79172 -0.05969 0.60216
1413394933.855760574 1.76156 0.70253 0.34957 -0.06902 -0.78882 -0.04948 0.60873
1413394933.955760479 1.76079 0.64590 0.31332 -0.05338 -0.79737 -0.03898 0.59986
1413394934.055760384 1.76434 0.58664 0.28009 -0.03532 -0.80802 -0.02473 0.58757
1413394934.155760527 1.76540 0.52579 0.25511 -0.01421 -0.80522 -0.00838 0.59275
1413394934.255760431 1.76780 0.46675 0.22760 0.00969 -0.79819 0.00936 0.60225
1413394934.355760574 1.77405 0.40653 0.18756 0.03582 -0.79868 0.02972 0.59995
1413394934.455760479 1.78474 0.34840 0.13511 0.05676 -0.80413 0.05562 0.58911
1413394934.555760384 1.79767 0.29477 0.07307 0.07564 -0.80711 0.07077 0.58124
1413394934.655760527 1.81016 0.24670 0.01029 0.09410 -0.80763 0.07591 0.57716
1413394934.755760431 1.82547 0.20470 -0.03984 0.10410 -0.80598 0.08343 0.57672
1413394934.855760574 1.84377 0.15978 -0.07522 0.10864 -0.80325 0.08826 0.57896
1413394934.955760479 1.85999 0.11805 -0.09363 0.11046 -0.80182 0.09080 0.58020
1413394935.055760384 1.87223 0.08409 -0.08896 0.10865 -0.79807 0.09317 0.58532
1413394935.155760527 1.88327 0.05624 -0.07590 0.09990 -0.79393 0.09428 0.59229
1413394935.255760431 1.89787 0.02886 -0.07033 0.08889 -0.79082 0.08924 0.59895
1413394935.355760574 1.91827 0.00326 -0.07583 0.08095 -0.78584 0.08119 0.60771
1413394935.455760479 1.94345 -0.02074 -0.09354 0.07604 -0.78412 0.07194 0.61172
1413394935.555760384 1.97381 -0.04304 -0.12279 0.07302 -0.79098 0.06283 0.60421
1413394935.655760527 2.01137 -0.06383 -0.15497 0.07012 -0.79779 0.05555 0.59626
1413394935.755760431 2.05116 -0.08540 -0.17598 0.06730 -0.79987 0.05003 0.59429
1413394935.855760574 2.09127 -0.10551 -0.18104 0.06436 -0.79860 0.04750 0.59652
1413394935.955760479 2.13618 -0.12427 -0.18013 0.06147 -0.80159 0.04581 0.59294
1413394936.055760384 2.18480 -0.14437 -0.19160 0.06475 -0.81174 0.04543 0.57863
1413394936.205760479 2.25481 -0.18285 -0.22996 0.08828 -0.82650 0.05912 0.55281
1413394936.255760431 2.27821 -0.19787 -0.24555 0.10221 -0.82368 0.06766 0.55365
1413394936.405760527 2.33956 -0.24911 -0.28950 0.15906 -0.80114 0.10548 0.56723
1413394936.505760431 2.38044 -0.28680 -0.31346 0.20842 -0.78312 0.13185 0.57088
1413394936.605760574 2.42411 -0.32816 -0.33225 0.25904 -0.76731 0.15519 0.56573
1413394936.705760479 2.47248 -0.37154 -0.34762 0.29788 -0.75744 0.18326 0.55133
1413394936.805760384 2.52347 -0.41777 -0.35893 0.33013 -0.74715 0.20677 0.53854
1413394936.905760527 2.57734 -0.46778 -0.36805 0.35983 -0.73692 0.22499 0.52617
1413394937.005760431 2.63266 -0.52293 -0.37825 0.39036 -0.72661 0.24099 0.51146
1413394937.105760574 2.69075 -0.58488 -0.38966 -0.42225 0.71449 -0.25687 -0.49521
1413394937.205760479 2.74937 -0.65228 -0.39855 -0.45075 0.69995 -0.27340 -0.48182
1413394937.255760431 2.77767 -0.68889 -0.40512 -0.46051 0.69603 -0.28315 -0.47255
1413394937.355760574 2.83609 -0.76489 -0.41283 -0.47303 0.69107 -0.30220 -0.45535
1413394937.455760479 2.89038 -0.84595 -0.42065 -0.47958 0.68532 -0.31558 -0.44806
1413394937.555760384 2.93750 -0.93247 -0.42816 -0.48319 0.68015 -0.32346 -0.44642
1413394937.655760527 2.97622 -1.02348 -0.43358 -0.48304 0.67666 -0.32856 -0.44816
1413394937.755760431 2.99938 -1.11803 -0.43695 -0.47853 0.67559 -0.33442 -0.45029
1413394937.855760574 3.01810 -1.21184 -0.43930 -0.47074 0.67888 -0.33683 -0.45174
1413394937.955760479 3.03265 -1.30540 -0.43925 -0.45671 0.68947 -0.33637 -0.45045
1413394938.055760384 3.04287 -1.40002 -0.43209 -0.43937 0.70466 -0.33534 -0.44493
1413394938.155760527 3.04571 -1.49543 -0.41498 -0.42380 0.71886 -0.33304 -0.43900
1413394938.255760431 3.03334 -1.58988 -0.38147 -0.40970 0.72930 -0.32725 -0.43953
1413394938.355760574 3.00739 -1.69472 -0.32870 -0.40123 0.73085 -0.31112 -0.45615
1413394938.455760479 2.97033 -1.80263 -0.26217 -0.38751 0.73045 -0.29980 -0.47582
1413394938.555760384 2.92980 -1.91372 -0.19553 -0.37654 0.73190 -0.28011 -0.49404
1413394938.655760527 2.88389 -2.02042 -0.14085 0.36250 -0.74165 0.25549 0.50327
1413394938.755760431 2.83798 -2.13231 -0.09948 0.34138 -0.75643 0.23303 0.50692
1413394938.855760574 2.78920 -2.24332 -0.06838 0.30995 -0.77366 0.21792 0.50784
1413394938.955760479 2.73740 -2.35090 -0.04752 0.26214 -0.78991 0.21630 0.51043
1413394939.055760384 2.67891 -2.45170 -0.03527 0.20706 -0.80062 0.21664 0.51884
1413394939.155760527 2.61044 -2.54014 -0.03198 0.15815 -0.80693 0.20710 0.53006
1413394939.255760431 2.53482 -2.61557 -0.03910 0.12396 -0.81159 0.18330 0.54071
1413394939.355760574 2.45298 -2.68206 -0.05221 0.10188 -0.81424 0.15475 0.55017
1413394939.455760479 2.36768 -2.73000 -0.06331 0.10035 -0.81486 0.11694 0.55880
1413394939.555760384 2.27853 -2.77837 -0.05628 0.10531 -0.81176 0.08517 0.56807
1413394939.655760527 2.18865 -2.82953 -0.03682 0.09214 -0.81027 0.08397 0.57265
1413394939.755760431 2.09907 -2.87617 -0.00748 0.06724 -0.81203 0.09402 0.57206
1413394939.855760574 2.00648 -2.91276 0.02327 0.03598 -0.81513 0.10686 0.56820
1413394939.955760479 1.91133 -2.93547 0.04736 0.02698 -0.82219 0.08895 0.56157
1413394940.055760384 1.81639 -2.94918 0.05967 0.03187 -0.83209 0.05310 0.55117
1413394940.155760527 1.71917 -2.96109 0.06212 0.01745 -0.83603 0.03514 0.54728
1413394940.255760431 1.61651 -2.97057 0.05239 -0.00760 -0.83239 0.02201 0.55370
1413394940.355760574 1.50686 -2.97601 0.03539 -0.03693 -0.82481 0.00586 0.56417
1413394940.455760479 1.39312 -2.97952 0.01201 -0.06927 -0.81782 -0.01275 0.57114
1413394940.555760384 1.27718 -2.97744 -0.01026 -0.09500 -0.81190 -0.04085 0.57457
1413394940.655760527 1.16010 -2.97193 -0.02590 -0.10971 -0.80937 -0.08081 0.57127
1413394940.755760431 1.04233 -2.96945 -0.03417 -0.12058 -0.80800 -0.11385 0.56537
1413394940.855760574 0.92152 -2.97340 -0.02849 -0.13472 -0.80554 -0.12428 0.56349
1413394940.955760479 0.80077 -2.98366 -0.00679 -0.15515 -0.80339 -0.11339 0.56359
1413394941.055760384 0.68248 -2.99299 0.02077 -0.18188 -0.80440 -0.09435 0.55764
1413394941.205760479 0.50512 -2.99747 0.06160 -0.22172 -0.80662 -0.07155 0.54322
1413394941.305760384 0.38406 -2.98636 0.09395 -0.23511 -0.80830 -0.06913 0.53534
1413394941.405760527 0.26244 -2.95858 0.12919 -0.23679 -0.81333 -0.07606 0.52597
1413394941.505760431 0.13630 -2.91487 0.16971 -0.21759 -0.81706 -0.10615 0.52326
1413394941.605760574 0.00063 -2.86472 0.21211 -0.19763 -0.81836 -0.13710 0.52194
1413394941.705760479 -0.14422 -2.81348 0.25365 -0.19191 -0.81385 -0.15760 0.52534
1413394941.755760431 -0.22280 -2.78832 0.27258 -0.19447 -0.80907 -0.16283 0.53016
1413394941.855760574 -0.37468 -2.74179 0.31028 -0.21173 -0.79856 -0.15559 0.54153
1413394941.955760479 -0.52522 -2.69607 0.34683 -0.24477 -0.78634 -0.12438 0.55343
1413394942.055760384 -0.67312 -2.64207 0.38292 -0.27720 -0.77478 -0.09061 0.56096
1413394942.155760527 -0.80968 -2.57224 0.42328 -0.30758 -0.76299 -0.06002 0.56537
1413394942.255760431 -0.92915 -2.47787 0.46804 -0.33439 -0.75224 -0.04397 0.56602
1413394942.355760574 -1.02825 -2.35539 0.51742 -0.35806 -0.74362 -0.04480 0.56286
1413394942.455760479 -1.11287 -2.20256 0.57224 -0.37637 -0.73597 -0.06496 0.55900
1413394942.555760384 -1.18115 -2.02471 0.61666 -0.39515 -0.72468 -0.09533 0.55643
1413394942.655760527 -1.23106 -1.82837 0.64414 -0.41570 -0.71016 -0.12960 0.55323
1413394942.755760431 -1.26468 -1.62024 0.65494 -0.42778 -0.69436 -0.18038 0.54984
1413394942.855760574 -1.28735 -1.40576 0.65170 -0.42156 -0.67737 -0.25665 0.54552
1413394942.955760479 -1.30154 -1.19654 0.62770 -0.40945 -0.65643 -0.33477 0.53794
1413394943.055760384 -1.31414 -1.00113 0.58669 -0.40983 -0.63288 -0.39116 0.52773
1413394943.155760527 -1.32918 -0.82531 0.53506 -0.42232 -0.60915 -0.43064 0.51490
1413394943.255760431 -1.34667 -0.67702 0.47414 -0.44040 -0.58546 -0.46122 0.50055
1413394943.355760574 -1.36569 -0.56191 0.40915 0.46341 0.56285 0.48279 -0.48514
1413394943.455760479 -1.39240 -0.48255 0.35364 0.48784 0.54608 0.49888 -0.46361
1413394943.555760384 -1.43137 -0.42963 0.31079 0.51472 0.53525 0.50794 -0.43654
1413394943.655760527 -1.48311 -0.40281 0.27696 0.54773 0.53272 0.49988 -0.40782
1413394943.755760431 -1.54634 -0.39494 0.24795 0.58051 0.52651 0.48238 -0.39128
1413394943.855760574 -1.61787 -0.40163 0.21625 0.60336 0.51362 0.46733 -0.39212
1413394943.955760479 -1.69016 -0.41256 0.17865 0.62114 0.50071 0.45083 -0.40029
1413394944.055760384 -1.76008 -0.43065 0.14031 0.62861 0.49979 0.44519 -0.39608
1413394944.155760527 -1.82720 -0.45369 0.11033 0.62940 0.50432 0.44574 -0.38837
1413394944.255760431 -1.89051 -0.48148 0.08985 0.63388 0.50496 0.44423 -0.38192
1413394944.355760574 -1.94942 -0.50857 0.08223 0.64319 0.50790 0.43699 -0.37066
1413394944.455760479 -2.00273 -0.53201 0.09146 0.65425 0.51314 0.43060 -0.35104
1413394944.555760384 -2.05208 -0.55088 0.09818 0.67194 0.50649 0.42538 -0.33320
1413394944.655760527 -2.09653 -0.56484 0.09296 0.69835 0.48851 0.41661 -0.31638
1413394944.755760431 -2.13309 -0.56890 0.07578 0.72696 0.46591 0.40980 -0.29415
1413394944.855760574 -2.15901 -0.56004 0.04988 0.75308 0.43697 0.40978 -0.27205
1413394944.955760479 -2.16990 -0.53574 0.01844 0.77370 0.40278 0.41941 -0.25151
1413394945.055760384 -2.16172 -0.49464 -0.01579 0.78449 0.36808 0.44286 -0.23017
1413394945.155760527 -2.14612 -0.44048 -0.05351 0.78945 0.33437 0.47220 -0.20493
1413394945.255760431 -2.11661 -0.37327 -0.08694 0.79215 0.29980 0.49985 -0.18101
1413394945.355760574 -2.07971 -0.29670 -0.11463 0.79144 0.26538 0.52780 -0.15694
1413394945.455760479 -2.04065 -0.21280 -0.14564 0.78420 0.22302 0.56092 -0.14371
1413394945.555760384 -2.00458 -0.12770 -0.17078 0.78600 0.16739 0.57666 -0.14713
1413394945.655760527 -1.96959 -0.04857 -0.19484 0.79150 0.11308 0.58267 -0.14573
1413394945.755760431 -1.93859 0.01899 -0.21505 0.79808 0.06191 0.58374 -0.13596
1413394945.855760574 -1.90504 0.06935 -0.23332 0.80284 0.01270 0.58431 -0.11773
1413394945.955760479 -1.87501 0.10086 -0.25324 0.80460 -0.03721 0.58511 -0.09427
1413394946.055760384 -1.84983 0.10888 -0.26715 0.80493 -0.07607 0.58621 -0.05156
1413394946.155760527 -1.82665 0.10067 -0.27758 0.80276 -0.11216 0.58565 -0.00327
1413394946.255760431 -1.81247 0.08226 -0.28588 0.79482 -0.15338 0.58592 0.03783
1413394946.355760574 -1.80250 0.05875 -0.29644 0.78448 -0.20187 0.58238 0.06833
1413394946.455760479 -1.80048 0.02436 -0.30581 0.77284 -0.25144 0.57477 0.09552
1413394946.555760384 -1.80763 -0.02055 -0.31319 0.75724 -0.29937 0.56736 0.12274
1413394946.655760527 -1.82639 -0.07469 -0.31887 0.73940 -0.33468 0.55994 0.16658
1413394946.755760431 -1.85367 -0.13544 -0.32121 0.71858 -0.36343 0.55081 0.21946
1413394946.855760574 -1.88753 -0.19658 -0.32361 0.69642 -0.39664 0.53636 0.26459
1413394946.955760479 -1.92340 -0.25499 -0.32444 0.67102 -0.43191 0.51998 0.30463
1413394947.055760384 -1.96191 -0.30787 -0.32273 0.64397 -0.46610 0.50054 0.34282
1413394947.155760527 -2.00288 -0.35380 -0.31068 0.61936 -0.50210 0.47437 0.37318
1413394947.255760431 -2.04361 -0.39373 -0.28340 0.59668 -0.53829 0.44427 0.39603
1413394947.355760574 -2.08413 -0.42606 -0.23790 0.56789 -0.56343 0.42489 0.42371
1413394947.455760479 -2.11675 -0.45530 -0.17694 -0.54462 0.58002 -0.41243 -0.44369
1413394947.555760384 -2.14330 -0.47720 -0.11041 -0.53345 0.59591 -0.39960 -0.44794
1413394947.655760527 -2.16635 -0.49408 -0.05255 -0.53816 0.61464 -0.37759 -0.43592
1413394947.755760431 -2.18454 -0.51299 -0.00839 -0.55165 0.62984 -0.35649 -0.41461
1413394947.855760574 -2.19930 -0.53904 0.02835 -0.56978 0.63292 -0.34706 -0.39283
1413394947.955760479 -2.20079 -0.56870 0.07326 -0.58795 0.62332 -0.35010 -0.37843
1413394948.055760384 -2.20164 -0.61865 0.12726 -0.60795 0.60903 -0.35754 -0.36283
1413394948.155760527 -2.20151 -0.68187 0.17941 0.62819 -0.59688 0.35985 0.34587
1413394948.255760431 -2.20089 -0.76396 0.22707 0.63898 -0.57569 0.37150 0.34966
1413394948.355760574 -2.19934 -0.86253 0.27057 0.63250 -0.54466 0.40364 0.37466
1413394948.455760479 -2.19320 -0.96369 0.30763 0.61266 -0.51168 0.44489 0.40608
1413394948.555760384 -2.18505 -1.05704 0.33873 0.58770 -0.48209 0.48259 0.43509
1413394948.655760527 -2.17530 -1.13277 0.36817 0.56887 -0.46562 0.50646 0.45065
1413394948.755760431 -2.16447 -1.17868 0.40034 0.55772 -0.45667 0.51725 0.46136
1413394948.855760574 -2.15280 -1.19712 0.43106 0.56976 -0.47092 0.50077 0.45037
1413394948.955760479 -2.13980 -1.19043 0.46402 0.59320 -0.49662 0.46875 0.42632
1413394949.055760384 -2.12304 -1.16563 0.48666 0.62231 -0.52662 0.42359 0.39493
1413394949.155760527 -2.10334 -1.13982 0.49721 0.64637 -0.55234 0.38151 0.36274
1413394949.255760431 -2.07630 -1.12308 0.50066 0.65999 -0.56866 0.35298 0.34124
1413394949.355760574 -2.04116 -1.12424 0.49650 0.66635 -0.57888 0.33571 0.32889
1413394949.455760479 -1.99519 -1.16158 0.49454 0.66455 -0.58092 0.33493 0.32973
1413394949.555760384 -1.94347 -1.21356 0.49479 0.64606 -0.56327 0.36713 0.36131
1413394949.655760527 -1.88589 -1.27589 0.49907 0.61535 -0.53537 0.41483 0.40328
1413394949.755760431 -1.82093 -1.33762 0.50870 0.58649 -0.51231 0.45345 0.43354
1413394949.855760574 -1.75307 -1.38706 0.51645 0.56942 -0.50392 0.47665 0.44117
1413394949.955760479 -1.68417 -1.41727 0.52107 0.56642 -0.50835 0.48992 0.42513
1413394950.055760384 -1.61767 -1.43358 0.52944 0.56796 -0.50837 0.50553 0.40426
1413394950.155760527 -1.55624 -1.43411 0.53855 0.57655 -0.51112 0.51766 0.37199
1413394950.255760431 -1.50657 -1.42224 0.54211 0.60245 -0.52395 0.50499 0.32789
1413394950.355760574 -1.47311 -1.40889 0.54540 0.64216 -0.52752 0.46383 0.30694
1413394950.455760479 -1.44760 -1.40284 0.55578 0.67581 -0.52304 0.42202 0.30266
1413394950.555760384 -1.42004 -1.41750 0.56928 0.69504 -0.51969 0.39507 0.30128
1413394950.655760527 -1.38904 -1.45557 0.58915 0.69982 -0.51364 0.38947 0.30781
1413394950.755760431 -1.34520 -1.50618 0.61473 0.68704 -0.49149 0.41766 0.33462
1413394950.855760574 -1.29184 -1.56225 0.64460 0.66160 -0.45805 0.46836 0.36483
1413394950.955760479 -1.23808 -1.61257 0.67559 0.63468 -0.41833 0.52083 0.38849
1413394951.055760384 -1.18204 -1.64048 0.70602 0.61621 -0.38172 0.56181 0.39868
1413394951.155760527 -1.12349 -1.63173 0.73750 0.61243 -0.36106 0.58853 0.38497
1413394951.255760431 -1.07607 -1.59966 0.76164 0.63344 -0.36017 0.59083 0.34634
1413394951.355760574 -1.04002 -1.54483 0.78345 0.67704 -0.37674 0.55908 0.29515
1413394951.455760479 -1.01957 -1.47303 0.80929 0.72761 -0.39788 0.50208 0.24533
1413394951.555760384 -0.99795 -1.40949 0.83755 0.76465 -0.41539 0.44679 0.20770
1413394951.655760527 -0.97518 -1.36711 0.87388 0.78328 -0.42927 0.41035 0.18388
1413394951.755760431 -0.93591 -1.35892 0.91834 0.79145 -0.43721 0.38938 0.17560
1413394951.855760574 -0.87217 -1.39674 0.97904 0.77912 -0.42325 0.41433 0.20533
1413394951.955760479 -0.79657 -1.45168 1.04326 0.75191 -0.40245 0.46154 0.24422
1413394952.055760384 -0.71519 -1.51564 1.10721 0.71506 -0.38108 0.51524 0.27930
1413394952.155760527 -0.62840 -1.57755 1.16069 0.68533 -0.36352 0.55325 0.30347
1413394952.255760431 -0.54596 -1.62412 1.19927 0.67672 -0.36485 0.56231 0.30453
1413394952.355760574 -0.47662 -1.66565 1.21185 0.69448 -0.37834 0.54492 0.27860
1413394952.455760479 -0.40435 -1.70483 1.20776 0.71276 -0.39070 0.53002 0.24166
1413394952.555760384 -0.34014 -1.74169 1.21491 0.73143 -0.38939 0.51511 0.21919
1413394952.655760527 -0.28016 -1.78255 1.23428 0.74680 -0.37271 0.50367 0.22291
1413394952.755760431 -0.22036 -1.83322 1.26770 0.74850 -0.35306 0.50944 0.23574
1413394952.855760574 -0.15690 -1.88722 1.29973 0.73248 -0.33231 0.53819 0.25178
1413394952.955760479 -0.10172 -1.93588 1.32600 0.70660 -0.31216 0.57588 0.26766
1413394953.055760384 -0.05168 -1.96953 1.34118 0.68418 -0.29775 0.60430 0.27940
1413394953.155760527 -0.00964 -1.98783 1.34669 0.66952 -0.28988 0.62122 0.28602
1413394953.255760431 0.01434 -1.98039 1.36567 0.65965 -0.28550 0.63144 0.29092
1413394953.355760574 0.00872 -1.93894 1.39455 0.64700 -0.28089 0.64358 0.29714
1413394953.455760479 -0.01597 -1.86939 1.44326 0.65586 -0.28855 0.63334 0.29234
1413394953.555760384 -0.05402 -1.78282 1.46602 0.70309 -0.31343 0.57790 0.27103
1413394953.655760527 -0.09152 -1.68985 1.45089 0.74871 -0.33709 0.51442 0.24734
1413394953.755760431 -0.12447 -1.59629 1.39923 0.77957 -0.35492 0.46345 0.22699
1413394953.855760574 -0.15220 -1.50748 1.31271 0.79739 -0.36510 0.43001 0.21437
1413394953.955760479 -0.15715 -1.43889 1.21933 0.79536 -0.36369 0.43350 0.21728
1413394954.055760384 -0.15533 -1.37729 1.12905 0.77435 -0.34938 0.47215 0.23536
1413394954.155760527 -0.13702 -1.32334 1.04173 0.74679 -0.33029 0.51690 0.25695
1413394954.255760431 -0.11370 -1.26210 0.96093 0.71569 -0.31185 0.56041 0.27654
1413394954.355760574 -0.09586 -1.19185 0.88374 0.69315 -0.29818 0.58948 0.28834
1413394954.455760479 -0.08963 -1.10358 0.81611 0.68823 -0.29919 0.59661 0.28441
1413394954.555760384 -0.09321 -1.00048 0.75932 0.71088 -0.31860 0.56979 0.26168
1413394954.655760527 -0.10595 -0.88453 0.70603 0.74753 -0.35041 0.51704 0.22602
1413394954.755760431 -0.11690 -0.77109 0.65474 0.77491 -0.38191 0.46559 0.19206
1413394954.855760574 -0.12596 -0.67352 0.60090 0.78594 -0.39865 0.43679 0.18051
1413394954.955760479 -0.12314 -0.60665 0.54456 0.77719 -0.38779 0.45067 0.20614
1413394955.055760384 -0.09552 -0.55402 0.49200 0.75648 -0.36275 0.49000 0.23676
1413394955.155760527 -0.06992 -0.50373 0.43636 0.73601 -0.33140 0.53188 0.25607
1413394955.255760431 -0.05087 -0.44470 0.38169 0.72072 -0.29771 0.56853 0.26213
1413394955.355760574 -0.02955 -0.37720 0.33452 0.72391 -0.28193 0.58441 0.23439
1413394955.455760479 -0.01752 -0.30150 0.29420 0.74974 -0.29327 0.56931 0.16664
1413394955.555760384 -0.00323 -0.23181 0.27174 0.78241 -0.30727 0.53072 0.10845
1413394955.655760527 -0.01331 -0.17858 0.26093 0.81185 -0.30534 0.49001 0.08690
1413394955.755760431 0.00093 -0.15831 0.27410 0.82961 -0.28321 0.46896 0.10776
1413394955.855760574 0.04165 -0.15623 0.27793 0.82762 -0.25882 0.47754 0.14145
1413394955.955760479 0.07426 -0.16162 0.30924 0.81128 -0.24414 0.50497 0.16497
1413394956.105760574 0.15147 -0.21610 0.35614 0.76822 -0.22675 0.56775 0.18995
1413394956.205760479 0.20618 -0.23456 0.38577 0.74322 -0.21597 0.60361 0.19143
1413394956.305760384 0.25338 -0.24440 0.40835 0.73027 -0.20377 0.62744 0.17749
1413394956.405760527 0.29164 -0.22927 0.42703 0.73350 -0.19173 0.63487 0.14884
1413394956.505760431 0.31263 -0.20493 0.43372 0.75862 -0.17665 0.61607 0.11730
1413394956.605760574 0.32210 -0.18195 0.42739 0.79472 -0.15588 0.57853 0.09708
1413394956.655760527 0.32189 -0.17123 0.41481 0.81488 -0.14693 0.55357 0.08914
1413394956.755760431 0.31715 -0.15449 0.42048 0.84679 -0.13398 0.50914 0.07602
1413394956.855760574 0.32668 -0.15662 0.41085 0.85830 -0.12202 0.49343 0.07039
1413394956.955760479 0.37179 -0.16631 0.41678 0.84844 -0.11221 0.51233 0.07126
1413394957.055760384 0.44823 -0.18177 0.42100 0.83273 -0.10480 0.53859 0.07417
1413394957.155760527 0.51761 -0.18575 0.43549 0.80717 -0.10171 0.57665 0.07484
1413394957.255760431 0.58229 -0.18616 0.45215 0.77799 -0.09956 0.61577 0.07514
1413394957.355760574 0.63367 -0.18391 0.46728 0.74543 -0.10033 0.65516 0.07086
1413394957.455760479 0.66195 -0.17654 0.48479 0.72699 -0.10125 0.67583 0.06702
1413394957.555760384 0.66796 -0.16675 0.49942 0.74368 -0.10531 0.65772 0.05703
1413394957.655760527 0.65680 -0.16073 0.51729 0.78225 -0.10408 0.61234 0.04779
1413394957.755760431 0.63626 -0.15451 0.52822 0.82257 -0.09696 0.55893 0.03983
1413394957.855760574 0.62329 -0.14853 0.53471 0.84620 -0.08811 0.52471 0.02939
1413394957.955760479 0.62807 -0.15600 0.54525 0.84696 -0.07556 0.52603 0.01588
1413394958.055760384 0.63874 -0.15980 0.54820 0.82840 -0.06012 0.55690 -0.00164
1413394958.155760527 0.65535 -0.16667 0.55262 0.79666 -0.03740 0.60301 -0.01750
1413394958.255760431 0.65714 -0.16873 0.56100 0.76481 -0.01179 0.64329 -0.03321
1413394958.355760574 0.65188 -0.18712 0.56677 0.74165 0.01556 0.66894 -0.04725
1413394958.455760479 0.62303 -0.21065 0.56952 0.76071 0.04276 0.64502 -0.05872
1413394958.555760384 0.57723 -0.23950 0.56640 0.80445 0.06827 0.58618 -0.06772
1413394958.655760527 0.52638 -0.26918 0.56442 0.84771 0.09071 0.51730 -0.07458
1413394958.755760431 0.48747 -0.29618 0.56953 0.87035 0.11007 0.47305 -0.08120
1413394958.855760574 0.47828 -0.32262 0.58008 0.87370 0.13241 0.46040 -0.08451
1413394958.955760479 0.50019 -0.34080 0.59842 0.85764 0.16106 0.48155 -0.08136
1413394959.055760384 0.53740 -0.34440 0.62051 0.82433 0.18292 0.52848 -0.08795
1413394959.155760527 0.58136 -0.33851 0.64132 0.78857 0.19373 0.57332 -0.10928
1413394959.255760431 0.61861 -0.32680 0.66409 0.75049 0.19722 0.61508 -0.13980
1413394959.355760574 0.64163 -0.32173 0.68824 0.72570 0.20465 0.63609 -0.16391
1413394959.455760479 0.64392 -0.32148 0.70350 0.74920 0.22361 0.60000 -0.16942
1413394959.555760384 0.63512 -0.32658 0.71592 0.79039 0.24808 0.53557 -0.16405
1413394959.655760527 0.62918 -0.33035 0.73234 0.82127 0.27097 0.47614 -0.15929
1413394959.755760431 0.63767 -0.32069 0.75109 0.83013 0.29574 0.44621 -0.15593
1413394959.855760574 0.66860 -0.28783 0.76910 0.80934 0.32682 0.46273 -0.15504
1413394959.955760479 0.70810 -0.24504 0.78553 0.77473 0.34186 0.50074 -0.17941
1413394960.055760384 0.74743 -0.18849 0.79331 0.73077 0.34302 0.54538 -0.22555
1413394960.155760527 0.77782 -0.13067 0.79419 0.69151 0.34856 0.57324 -0.26779
1413394960.255760431 0.79867 -0.08139 0.79098 0.67109 0.36727 0.57234 -0.29526
1413394960.355760574 0.80709 -0.04339 0.78553 0.66928 0.39692 0.54591 -0.31064
1413394960.455760479 0.80439 -0.01491 0.77055 0.67862 0.43595 0.50186 -0.31235
1413394960.555760384 0.80009 0.00809 0.74330 0.69243 0.47801 0.44628 -0.30477
1413394960.655760527 0.79900 0.03895 0.71051 0.69743 0.51425 0.40002 -0.29852
1413394960.755760431 0.80274 0.08555 0.68331 0.68075 0.54304 0.38772 -0.30226
1413394960.855760574 0.81146 0.15440 0.66546 0.64508 0.54988 0.41367 -0.33223
1413394960.955760479 0.82000 0.23397 0.65553 0.61017 0.53812 0.44557 -0.37360
1413394961.055760384 0.82195 0.30875 0.64908 0.58576 0.52330 0.46822 -0.40473
1413394961.155760527 0.82296 0.37170 0.63764 0.57862 0.51845 0.47317 -0.41535
1413394961.255760431 0.81924 0.42063 0.62276 0.59598 0.53380 0.45124 -0.39529
1413394961.355760574 0.81364 0.46555 0.60577 0.62140 0.55751 0.41434 -0.36245
1413394961.455760479 0.80656 0.51765 0.59368 0.63104 0.57706 0.39773 -0.33256
1413394961.555760384 0.79563 0.58335 0.58972 0.61456 0.58411 0.41896 -0.32498
1413394961.655760527 0.77969 0.66332 0.59278 0.59402 0.56969 0.44827 -0.34877
1413394961.755760431 0.75171 0.74314 0.59540 0.57457 0.54035 0.47469 -0.39059
1413394961.855760574 0.71858 0.81283 0.59575 0.56524 0.51398 0.48724 -0.42300
1413394961.955760479 0.67937 0.86175 0.59785 0.56694 0.49912 0.48667 -0.43888
1413394962.055760384 0.64210 0.90148 0.59559 0.58529 0.50379 0.46602 -0.43180
1413394962.155760527 0.60206 0.92093 0.59420 0.60548 0.52492 0.44417 -0.40070
1413394962.255760431 0.56228 0.93723 0.59727 0.61942 0.54062 0.42867 -0.37456
1413394962.355760574 0.52372 0.95681 0.60956 0.62077 0.54435 0.42937 -0.36602
1413394962.455760479 0.48080 0.97896 0.62926 0.59793 0.52612 0.46264 -0.38941
1413394962.555760384 0.43349 0.99428 0.65364 0.56844 0.50011 0.49906 -0.42155
1413394962.655760527 0.38594 1.00293 0.67524 0.56167 0.48883 0.50461 -0.43697
1413394962.755760431 0.33080 0.98515 0.68744 0.58506 0.50344 0.47458 -0.42311
1413394962.855760574 0.27454 0.95356 0.69349 0.61048 0.52714 0.43738 -0.39766
1413394962.955760479 0.22127 0.91993 0.69555 0.61627 0.54968 0.41807 -0.37852
1413394963.055760384 0.16706 0.89558 0.69779 0.59757 0.55024 0.43394 -0.38967
1413394963.155760527 0.11648 0.86133 0.69754 0.56766 0.53405 0.46382 -0.42120
1413394963.255760431 0.06657 0.81499 0.68187 0.55181 0.52444 0.47653 -0.43976
1413394963.355760574 0.01695 0.75818 0.64663 0.56417 0.54022 0.45871 -0.42362
1413394963.455760479 -0.03484 0.69441 0.59900 0.58968 0.56669 0.42366 -0.38944
1413394963.555760384 -0.08740 0.62873 0.54736 0.60983 0.58771 0.39374 -0.35732
1413394963.655760527 -0.14371 0.57464 0.50491 0.61166 0.58918 0.39274 -0.35283
1413394963.755760431 -0.20356 0.53775 0.47473 0.59177 0.57041 0.42524 -0.37898
1413394963.855760574 -0.26531 0.50343 0.44690 0.56984 0.54325 0.45703 -0.41387
1413394963.955760479 -0.33154 0.46228 0.41199 0.57497 0.53313 0.45260 -0.42466
1413394964.055760384 -0.39789 0.41353 0.37111 0.59970 0.55026 0.42394 -0.39730
1413394964.155760527 -0.46449 0.36479 0.33269 0.62318 0.57119 0.39325 -0.36159
1413394964.255760431 -0.52983 0.32884 0.30575 0.62753 0.57925 0.38892 -0.34557
1413394964.355760574 -0.59721 0.30744 0.29355 0.60978 0.56628 0.41739 -0.36507
1413394964.455760479 -0.66777 0.29747 0.29177 0.58609 0.53758 0.45048 -0.40567
1413394964.555760384 -0.73935 0.27922 0.28685 0.57768 0.51836 0.45908 -0.43225
1413394964.655760527 -0.81100 0.25064 0.27482 0.60142 0.52591 0.42528 -0.42526
1413394964.755760431 -0.87822 0.21475 0.26240 0.63232 0.54560 0.37974 -0.39785
1413394964.855760574 -0.93570 0.18499 0.25552 0.65613 0.55952 0.34318 -0.37237
1413394964.955760479 -0.97904 0.17398 0.25629 0.67356 0.55914 0.31793 -0.36413
1413394965.055760384 -1.00858 0.18583 0.26990 0.66388 0.55037 0.33937 -0.37574
1413394965.155760527 -1.02894 0.21484 0.29454 0.62704 0.53849 0.39278 -0.40320
1413394965.255760431 -1.04724 0.24551 0.32278 0.58645 0.52754 0.43208 -0.43712
1413394965.355760574 -1.06426 0.26801 0.34641 0.56043 0.54248 0.43993 -0.44509
1413394965.455760479 -1.08034 0.27969 0.36485 0.55073 0.57469 0.42007 -0.43586
1413394965.555760384 -1.09689 0.28329 0.38745 0.53552 0.59760 0.40089 -0.44202
1413394965.655760527 -1.11537 0.28006 0.41817 0.50871 0.60297 0.38726 -0.47716
1413394965.755760431 -1.13200 0.26967 0.44867 -0.47732 -0.61154 -0.37244 0.50938
1413394965.855760574 -1.14290 0.24885 0.46368 -0.45377 -0.64287 -0.34947 0.50861
1413394965.955760479 -1.15162 0.21801 0.47054 -0.42679 -0.66852 -0.33321 0.50981
1413394966.055760384 -1.15802 0.18013 0.47610 -0.39245 -0.66679 -0.32728 0.54246
1413394966.155760527 -1.15882 0.13016 0.47140 -0.36817 -0.67248 -0.31219 0.56103
1413394966.255760431 -1.15541 0.06558 0.45391 -0.36315 -0.70770 -0.27800 0.53852
1413394966.355760574 -1.14705 -0.00691 0.42546 0.36610 0.75547 0.23243 -0.49113
1413394966.455760479 -1.14259 -0.07432 0.39703 0.36351 0.79225 0.19252 -0.45070
1413394966.555760384 -1.15352 -0.12251 0.38247 0.34532 0.79792 0.18002 -0.46008
1413394966.655760527 -1.17686 -0.15072 0.37897 -0.31543 -0.77785 -0.18985 0.50933
1413394966.755760431 -1.20580 -0.17230 0.37883 -0.28260 -0.74906 -0.20062 0.56462
1413394966.855760574 -1.23010 -0.19789 0.37675 -0.25834 -0.73438 -0.19650 0.59610
1413394966.955760479 -1.24534 -0.22751 0.36933 -0.24192 -0.75200 -0.18113 0.58580
1413394967.055760384 -1.25432 -0.26204 0.35965 -0.22909 -0.78876 -0.15836 0.54799
1413394967.155760527 -1.26450 -0.29663 0.35429 -0.21109 -0.81770 -0.13941 0.51709
1413394967.255760431 -1.28603 -0.32819 0.36384 -0.18698 -0.81514 -0.12817 0.53306
1413394967.355760574 -1.31692 -0.36010 0.38410 -0.15992 -0.79034 -0.12093 0.57893
1413394967.455760479 -1.34368 -0.39557 0.40881 -0.13449 -0.75964 -0.11094 0.62655
1413394967.555760384 -1.35676 -0.44376 0.42633 -0.11926 -0.76026 -0.08573 0.63280
1413394967.655760527 -1.35673 -0.49096 0.44037 -0.10261 -0.79651 -0.06352 0.59246
1413394967.755760431 -1.34970 -0.53787 0.45723 -0.08279 -0.82443 -0.04532 0.55804
1413394967.855760574 -1.34540 -0.58037 0.48589 -0.05804 -0.82192 -0.03106 0.56578
1413394967.955760479 -1.34540 -0.62238 0.52197 -0.02891 -0.80131 -0.01662 0.59731
1413394968.055760384 -1.34250 -0.66562 0.55665 -0.00035 -0.79218 0.00138 0.61028
1413394968.155760527 -1.32968 -0.70933 0.57422 0.02302 -0.81133 0.01895 0.58383
1413394968.255760431 -1.31636 -0.75066 0.58017 0.03934 -0.82967 0.03161 0.55597
1413394968.355760574 -1.30822 -0.78925 0.57950 0.05376 -0.83110 0.04091 0.55200
1413394968.455760479 -1.31046 -0.82675 0.57169 0.06931 -0.82671 0.05205 0.55590
1413394968.555760384 -1.31461 -0.86375 0.56271 0.08336 -0.82571 0.06487 0.55412
1413394968.655760527 -1.32562 -0.89929 0.55369 0.09509 -0.83119 0.06973 0.54334
1413394968.755760431 -1.34364 -0.93798 0.54821 0.11152 -0.82988 0.06008 0.54337
1413394968.855760574 -1.36970 -0.98245 0.54554 0.11975 -0.82354 0.05533 0.55171
1413394968.955760479 -1.40169 -1.03204 0.54498 0.11817 -0.81578 0.06754 0.56212
1413394969.055760384 -1.43686 -1.08471 0.54852 0.11940 -0.80489 0.08587 0.57492
1413394969.155760527 -1.47157 -1.14041 0.54698 0.12571 -0.79674 0.10221 0.58220
1413394969.255760431 -1.50405 -1.19248 0.52794 0.13296 -0.78887 0.11279 0.58931
1413394969.355760574 -1.53136 -1.23928 0.49365 0.13795 -0.78002 0.12034 0.59838
1413394969.455760479 -1.54825 -1.27634 0.45048 0.14366 -0.76996 0.12120 0.60978
1413394969.555760384 -1.55717 -1.31115 0.40532 0.15613 -0.77276 0.10583 0.60602
1413394969.655760527 -1.55707 -1.34590 0.36070 0.17018 -0.78553 0.08354 0.58907
1413394969.755760431 -1.55050 -1.38720 0.32247 0.18239 -0.79297 0.06156 0.57804
1413394969.855760574 -1.53987 -1.43964 0.28921 0.18612 -0.79816 0.05276 0.57055
1413394969.955760479 -1.52621 -1.50433 0.26246 0.17520 -0.80870 0.06334 0.55795
1413394970.055760384 -1.51423 -1.57810 0.24860 0.16252 -0.81787 0.07635 0.54666
1413394970.155760527 -1.50776 -1.65879 0.25767 0.15301 -0.82242 0.08657 0.54104
1413394970.255760431 -1.50902 -1.74456 0.27636 0.14675 -0.81572 0.09516 0.55138
1413394970.355760574 -1.51644 -1.83119 0.29192 0.13438 -0.79712 0.11317 0.57770
1413394970.455760479 -1.52480 -1.91632 0.29804 0.11685 -0.77769 0.13786 0.60211
1413394970.555760384 -1.52755 -1.99078 0.28995 0.10307 -0.77172 0.15920 0.60703
1413394970.655760527 -1.52445 -2.05017 0.27337 0.08872 -0.77149 0.18088 0.60350
1413394970.755760431 -1.51937 -2.09100 0.25581 0.08783 -0.76670 0.17980 0.61002
1413394970.855760574 -1.50824 -2.11084 0.23775 0.11091 -0.77525 0.14451 0.60482
1413394970.955760479 -1.48651 -2.11816 0.22606 0.13407 -0.79297 0.10747 0.58453
1413394971.055760384 -1.46521 -2.12144 0.23211 0.14723 -0.80389 0.08297 0.57027
1413394971.155760527 -1.44302 -2.13136 0.25097 0.14767 -0.81549 0.07567 0.55447
1413394971.255760431 -1.42639 -2.14550 0.27044 0.14497 -0.83188 0.07404 0.53054
1413394971.355760574 -1.41685 -2.16592 0.28176 0.14315 -0.84781 0.07205 0.50551
1413394971.455760479 -1.42044 -2.19431 0.28579 -0.14121 0.85888 -0.07177 -0.48707
1413394971.555760384 -1.44516 -2.23203 0.29186 -0.13046 0.86419 -0.08277 -0.47886
1413394971.655760527 -1.49324 -2.27555 0.30617 -0.11563 0.85416 -0.10174 -0.49667
1413394971.755760431 -1.55680 -2.31651 0.32383 0.09895 -0.83412 0.11668 0.52995
1413394971.855760574 -1.63225 -2.35017 0.34284 0.08171 -0.81384 0.12164 0.56230
1413394971.955760479 -1.71333 -2.37222 0.35961 0.06000 -0.79435 0.12169 0.59212
1413394972.055760384 -1.79067 -2.37919 0.36959 0.03854 -0.78069 0.10742 0.61441
1413394972.155760527 -1.86037 -2.37198 0.36764 0.01004 -0.77315 0.08698 0.62815
1413394972.255760431 -1.91692 -2.35052 0.35577 -0.02431 -0.76926 0.06143 0.63551
1413394972.355760574 -1.95862 -2.31548 0.33766 -0.06331 -0.76650 0.03173 0.63833
1413394972.455760479 -1.98506 -2.26926 0.31486 -0.10764 -0.76714 0.00178 0.63239
1413394972.555760384 -1.99799 -2.21225 0.28608 -0.15237 -0.77764 -0.03206 0.60912
1413394972.655760527 -2.00089 -2.14794 0.26014 -0.19328 -0.78587 -0.07384 0.58275
1413394972.755760431 -1.99020 -2.07144 0.24235 -0.22493 -0.78486 -0.12745 0.56317
1413394972.855760574 -1.98341 -1.99349 0.23281 -0.25346 -0.77616 -0.18172 0.54801
1413394972.955760479 -1.97833 -1.91918 0.22535 -0.28685 -0.76106 -0.22537 0.53639
1413394973.055760384 -1.97629 -1.85024 0.21983 -0.32695 -0.74356 -0.25601 0.52411
1413394973.155760527 -1.97738 -1.78671 0.21308 -0.37052 -0.72399 -0.27791 0.51119
1413394973.255760431 -1.97605 -1.72721 0.20311 0.41610 0.70279 0.29266 -0.49729
1413394973.355760574 -1.97639 -1.66899 0.19473 0.45776 0.67921 0.30992 -0.48278
1413394973.455760479 -1.98711 -1.61122 0.18518 0.49532 0.65270 0.33160 -0.46764
1413394973.555760384 -1.98565 -1.55115 0.18204 0.53091 0.62481 0.35293 -0.45077
1413394973.655760527 -1.98343 -1.48950 0.18098 0.56398 0.59780 0.37540 -0.42853
1413394973.755760431 -1.98253 -1.42653 0.18307 0.59135 0.56691 0.40331 -0.40776
1413394973.855760574 -1.98140 -1.36303 0.18481 0.61877 0.53211 0.42719 -0.38920
1413394973.955760479 -1.97828 -1.30195 0.18826 0.64637 0.49721 0.44592 -0.36897
1413394974.055760384 -1.96991 -1.24437 0.19119 0.67137 0.46127 0.46358 -0.34869
1413394974.155760527 -1.96222 -1.18988 0.19716 0.69480 0.42325 0.47895 -0.32973
1413394974.255760431 -1.94969 -1.13849 0.20491 0.71687 0.38300 0.49203 -0.31195
1413394974.355760574 -1.93522 -1.08649 0.21345 0.73903 0.34330 0.50070 -0.29204
1413394974.455760479 -1.91376 -1.03975 0.22520 0.75912 0.30409 0.50773 -0.27108
1413394974.555760384 -1.88589 -0.99822 0.23688 0.77464 0.26574 0.51703 -0.24901
1413394974.655760527 -1.85038 -0.96384 0.25253 0.77965 0.23081 0.53690 -0.22498
1413394974.755760431 -1.81022 -0.93689 0.26673 0.78456 0.20138 0.55224 -0.19731
1413394974.855760574 -1.76859 -0.91954 0.27719 0.79210 0.17645 0.55959 -0.16825
1413394974.955760479 -1.72858 -0.90831 0.27751 0.79911 0.15624 0.56423 -0.13657
1413394975.055760384 -1.69139 -0.90428 0.26322 0.80078 0.13693 0.57244 -0.11100
1413394975.155760527 -1.65695 -0.89940 0.23919 0.79512 0.11831 0.58769 -0.09168
1413394975.255760431 -1.62627 -0.89374 0.20562 0.79070 0.09849 0.59906 -0.07888
1413394975.355760574 -1.60038 -0.88770 0.16633 0.78995 0.08143 0.60418 -0.06566
1413394975.455760479 -1.58057 -0.88118 0.12754 0.79528 0.06853 0.60032 -0.04962
1413394975.555760384 -1.56634 -0.87329 0.09165 0.80386 0.05910 0.59089 -0.03421
1413394975.655760527 -1.55469 -0.86147 0.05960 0.81220 0.05263 0.58049 -0.02442
1413394975.755760431 -1.54259 -0.84404 0.03352 0.81747 0.04871 0.57360 -0.01886
1413394975.855760574 -1.52894 -0.82211 0.01488 0.82010 0.04653 0.57005 -0.01759
1413394975.955760479 -1.51395 -0.79725 0.00540 0.81238 0.04755 0.58096 -0.01623
1413394976.055760384 -1.50154 -0.76969 -0.00010 0.80078 0.04760 0.59676 -0.01896
1413394976.155760527 -1.49174 -0.73909 -0.00544 0.79602 0.04964 0.60292 -0.01923
1413394976.255760431 -1.48665 -0.70525 -0.01177 0.79666 0.05219 0.60189 -0.01846
1413394976.355760574 -1.48486 -0.66915 -0.01697 0.79414 0.05488 0.60499 -0.01799
1413394976.455760479 -1.49308 -0.63011 -0.02147 0.78464 0.05548 0.61716 -0.01907
1413394976.605760574 -1.52311 -0.56790 -0.02505 0.76852 0.05272 0.63714 -0.02541
1413394976.705760479 -1.56124 -0.52483 -0.02588 0.76624 0.04459 0.63984 -0.03868
1413394976.755760431 -1.58611 -0.50444 -0.02745 0.77231 0.03926 0.63228 -0.04714
1413394976.855760574 -1.64496 -0.46678 -0.02965 0.79428 0.02901 0.60383 -0.06057
1413394976.955760479 -1.70986 -0.43619 -0.03122 0.82724 0.01778 0.55709 -0.07080
1413394977.105760574 -1.79134 -0.40778 -0.02541 0.86597 -0.00141 0.49406 -0.07746
1413394977.155760527 -1.81019 -0.40393 -0.01962 0.87590 -0.00777 0.47607 -0.07806
1413394977.305760384 -1.81787 -0.41390 0.00853 0.89207 -0.00863 0.44788 -0.05945
1413394977.405760527 -1.78188 -0.43504 0.04328 0.89120 0.01227 0.45265 -0.02695
1413394977.505760431 -1.71413 -0.45572 0.08567 0.88859 0.02749 0.45786 -0.00437
1413394977.605760574 -1.61553 -0.47082 0.13233 0.88656 0.03134 0.46154 0.00331
1413394977.705760479 -1.48912 -0.47952 0.18140 0.88453 0.03216 0.46534 0.00638
1413394977.805760384 -1.33377 -0.48120 0.23459 0.87578 0.03437 0.48141 0.00881
1413394977.905760527 -1.15776 -0.47489 0.29154 0.85790 0.03664 0.51240 0.01076
1413394978.005760431 -0.97160 -0.46000 0.34729 0.83814 0.03877 0.54392 0.01338
1413394978.105760574 -0.78053 -0.43670 0.40101 0.82186 0.04127 0.56795 0.01681
1413394978.155760527 -0.68458 -0.42201 0.42564 0.81701 0.04298 0.57470 0.01922
1413394978.255760431 -0.49537 -0.38753 0.46601 0.81180 0.04502 0.58180 0.02177
1413394978.355760574 -0.30940 -0.34676 0.49515 0.81062 0.04662 0.58328 0.02274
1413394978.455760479 -0.12729 -0.29855 0.51194 0.81035 0.04738 0.58367 0.02049
1413394978.555760384 0.05057 -0.24200 0.52018 0.81105 0.04512 0.58309 0.01310
1413394978.655760527 0.22503 -0.18019 0.53180 0.81186 0.03922 0.58253 0.00062
1413394978.755760431 0.39553 -0.11237 0.54396 0.81229 0.03007 0.58226 -0.01578
1413394978.855760574 0.56220 -0.04304 0.56026 0.81200 0.02271 0.58261 -0.02656
1413394978.955760479 0.72487 0.02607 0.57696 0.81007 0.01749 0.58522 -0.03151
1413394979.055760384 0.88448 0.09186 0.58867 0.80088 0.01263 0.59778 -0.03301
1413394979.155760527 1.03847 0.15484 0.58832 0.78672 0.00662 0.61618 -0.03684
1413394979.255760431 1.18263 0.21416 0.57979 0.76974 -0.00244 0.63663 -0.04680
1413394979.355760574 1.31336 0.26630 0.56821 0.75292 -0.01162 0.65523 -0.06043
1413394979.455760479 1.42297 0.30675 0.56008 0.73295 -0.01746 0.67605 -0.07372
1413394979.555760384 1.50206 0.33271 0.56280 0.71162 -0.01717 0.69785 -0.07939
1413394979.655760527 1.54559 0.34258 0.57789 0.69907 -0.01016 0.71089 -0.07631
1413394979.755760431 1.54813 0.33754 0.60302 0.70790 0.00377 0.70356 -0.06221
1413394979.855760574 1.51157 0.31932 0.63461 0.74483 0.02503 0.66619 -0.02831
1413394979.955760479 1.45154 0.29984 0.67332 0.77933 0.04093 0.62526 0.00399
1413394980.055760384 1.38190 0.28745 0.71207 0.79688 0.04499 0.60213 0.01991
1413394980.155760527 1.30288 0.28445 0.74307 0.79586 0.04360 0.60336 0.02578
1413394980.255760431 1.21995 0.29221 0.76288 0.78763 0.03825 0.61453 0.02298
1413394980.355760574 1.13211 0.30543 0.77537 0.78147 0.03090 0.62297 0.01574
1413394980.455760479 1.03339 0.32822 0.77091 0.78568 0.02631 0.61795 0.01245
1413394980.555760384 0.92712 0.35344 0.76228 0.79674 0.01717 0.60407 0.00114
1413394980.655760527 0.81666 0.38284 0.75941 0.80620 0.00918 0.59150 -0.00932
1413394980.755760431 0.70857 0.41175 0.76176 0.81089 0.00541 0.58498 -0.01505
1413394980.855760574 0.60285 0.43999 0.76712 0.81346 0.00363 0.58129 -0.01939
1413394980.955760479 0.49856 0.46765 0.77387 0.81458 0.00328 0.57965 -0.02126
1413394981.055760384 0.39823 0.49222 0.77385 0.81610 0.00035 0.57730 -0.02638
1413394981.155760527 0.30108 0.51263 0.76569 0.81740 -0.00412 0.57509 -0.03323
1413394981.255760431 0.20655 0.52682 0.74708 0.81925 -0.00786 0.57210 -0.03845
1413394981.355760574 0.11731 0.53365 0.72191 0.82004 -0.00720 0.57116 -0.03553
1413394981.455760479 0.03272 0.53486 0.69842 0.82049 -0.00101 0.57126 -0.02163
1413394981.555760384 -0.04655 0.53516 0.67904 0.82055 0.00136 0.57146 -0.01172
1413394981.655760527 -0.12206 0.53468 0.66017 0.82474 -0.00122 0.56544 -0.00851
1413394981.755760431 -0.19273 0.53304 0.64090 0.82971 -0.00843 0.55812 -0.00459
1413394981.855760574 -0.25659 0.52978 0.62261 0.83295 -0.02385 0.55282 -0.00434
1413394981.955760479 -0.31203 0.52269 0.60738 0.83317 -0.04281 0.55135 -0.00328
1413394982.055760384 -0.35525 0.50968 0.59574 0.83124 -0.06641 0.55193 -0.00147
1413394982.155760527 -0.38821 0.48901 0.58854 0.82483 -0.09413 0.55749 0.00075
1413394982.255760431 -0.41457 0.45912 0.58495 0.81703 -0.12537 0.56279 0.00384
1413394982.355760574 -0.44101 0.41677 0.58307 0.81058 -0.15514 0.56454 0.01375
1413394982.455760479 -0.46386 0.35862 0.58819 0.80299 -0.18461 0.56595 0.02879
1413394982.555760384 -0.49174 0.28464 0.59645 0.79537 -0.21414 0.56519 0.04573
1413394982.655760527 -0.52324 0.19554 0.60959 0.78603 -0.24286 0.56489 0.06387
1413394982.755760431 -0.55616 0.09198 0.62637 0.77772 -0.26725 0.56255 0.08529
1413394982.855760574 -0.59401 -0.02515 0.64475 0.76891 -0.28896 0.55953 0.11052
1413394983.005760431 -0.65895 -0.22129 0.67554 0.75764 -0.31419 0.55234 0.14898
1413394983.105760574 -0.70545 -0.36063 0.69711 0.75312 -0.32182 0.54744 0.17190
1413394983.205760479 -0.75216 -0.50378 0.72009 0.74991 -0.32416 0.54487 0.18889
1413394983.305760384 -0.79878 -0.64853 0.74261 0.74747 -0.32467 0.54448 0.19853
1413394983.405760527 -0.84502 -0.79362 0.76616 0.74873 -0.31888 0.54224 0.20904
1413394983.505760431 -0.89040 -0.93724 0.78916 0.75506 -0.30524 0.53509 0.22450
1413394983.605760574 -0.93378 -1.07562 0.80589 0.75964 -0.29381 0.53080 0.23424
1413394983.705760479 -0.97193 -1.20834 0.81132 0.76212 -0.28356 0.52947 0.24171
1413394983.805760384 -1.00370 -1.33411 0.80434 0.76346 -0.27564 0.52894 0.24775
1413394983.905760527 -1.02892 -1.45155 0.78522 0.76376 -0.27352 0.52955 0.24786
1413394984.005760431 -1.04773 -1.56010 0.75547 0.76391 -0.27271 0.53066 0.24590
1413394984.105760574 -1.05876 -1.65745 0.72008 0.76565 -0.26787 0.53270 0.24135
1413394984.205760479 -1.06274 -1.74615 0.68560 0.76930 -0.25967 0.53428 0.23515
1413394984.305760384 -1.06225 -1.82762 0.65294 0.77467 -0.25356 0.53240 0.22836
1413394984.405760527 -1.05315 -1.90104 0.62235 0.78116 -0.25024 0.52725 0.22176
1413394984.505760431 -1.03604 -1.96476 0.59599 0.78787 -0.24401 0.52290 0.21519
1413394984.605760574 -1.00935 -2.02124 0.57256 0.79383 -0.23371 0.52223 0.20615
1413394984.705760479 -0.97420 -2.06677 0.55314 0.79975 -0.21899 0.52384 0.19504
1413394984.805760384 -0.92578 -2.10858 0.53617 0.80626 -0.20197 0.52522 0.18246
1413394984.905760527 -0.86973 -2.14379 0.52276 0.80995 -0.18587 0.53156 0.16397
1413394985.005760431 -0.80672 -2.17388 0.51418 0.81150 -0.16424 0.54073 0.14867
1413394985.105760574 -0.73759 -2.20022 0.51053 0.81366 -0.14306 0.54633 0.13787
1413394985.205760479 -0.66335 -2.22061 0.51109 0.81617 -0.12892 0.54814 0.12957
1413394985.305760384 -0.58378 -2.23455 0.51992 0.81828 -0.12396 0.54877 0.11793
1413394985.405760527 -0.50026 -2.24080 0.54294 0.81876 -0.13620 0.55065 0.08871
1413394985.505760431 -0.40915 -2.25116 0.57989 0.81949 -0.14987 0.54976 0.06120
1413394985.605760574 -0.31212 -2.27103 0.63400 0.81826 -0.14552 0.55265 0.06209
1413394985.705760479 -0.21239 -2.29686 0.69193 0.81986 -0.12884 0.55187 0.08168
1413394985.805760384 -0.10977 -2.32386 0.73907 0.82072 -0.11354 0.55077 0.10088
1413394985.905760527 -0.00333 -2.34671 0.76961 0.82083 -0.10539 0.55009 0.11193
1413394986.005760431 0.10665 -2.36377 0.78711 0.82035 -0.10364 0.55025 0.11622
1413394986.105760574 0.21990 -2.37383 0.80006 0.81912 -0.10456 0.55150 0.11810
1413394986.205760479 0.33659 -2.37687 0.81471 0.81714 -0.11737 0.55464 0.10432
1413394986.305760384 0.45705 -2.37597 0.83276 0.81477 -0.13453 0.55768 0.08394
1413394986.405760527 0.58049 -2.37698 0.85569 0.81312 -0.14503 0.55914 0.07187
1413394986.505760431 0.70684 -2.38191 0.88389 0.81256 -0.14554 0.55962 0.07343
1413394986.605760574 0.83234 -2.38980 0.91690 0.81409 -0.13553 0.55763 0.08913
1413394986.705760479 0.96062 -2.39928 0.94902 0.81683 -0.12172 0.55343 0.10814
1413394986.805760384 1.09298 -2.40571 0.98042 0.81657 -0.11246 0.55311 0.12093
1413394986.905760527 1.23044 -2.40556 1.01119 0.81271 -0.11553 0.55877 0.11805
1413394987.005760431 1.36898 -2.39956 1.03522 0.80701 -0.12648 0.56723 0.10482
1413394987.105760574 1.50563 -2.39049 1.04626 0.80306 -0.14025 0.57255 0.08723
1413394987.205760479 1.64298 -2.38398 1.04513 0.79995 -0.14865 0.57629 0.07664
1413394987.305760384 1.77836 -2.38003 1.03978 0.79666 -0.14383 0.58082 0.08544
1413394987.405760527 1.91245 -2.37593 1.03411 0.79390 -0.12675 0.58428 0.11076
1413394987.505760431 2.04177 -2.36726 1.02870 0.79071 -0.11298 0.58732 0.13060
1413394987.605760574 2.16735 -2.34876 1.02735 0.78656 -0.10562 0.59200 0.14037
1413394987.705760479 2.28784 -2.31698 1.03094 0.77993 -0.10184 0.60027 0.14497
1413394987.805760384 2.39997 -2.26969 1.03893 0.77292 -0.10078 0.60912 0.14633
1413394987.905760527 2.50468 -2.20845 1.05231 0.76862 -0.10016 0.61407 0.14871
1413394988.005760431 2.59946 -2.13257 1.07129 0.76310 -0.10109 0.62072 0.14885
1413394988.105760574 2.68121 -2.04146 1.09588 0.75755 -0.10647 0.62802 0.14276
1413394988.205760479 2.75235 -1.93757 1.12133 0.75678 -0.11860 0.63022 0.12669
1413394988.305760384 2.80706 -1.82594 1.14485 0.75552 -0.14062 0.63112 0.10533
1413394988.405760527 2.84243 -1.71386 1.16440 0.75428 -0.17169 0.62762 0.08766
1413394988.505760431 2.86259 -1.60691 1.17521 0.75197 -0.20778 0.62017 0.08222
1413394988.605760574 2.86625 -1.50976 1.18105 0.74805 -0.24337 0.60996 0.09560
1413394988.705760479 2.85505 -1.42167 1.18042 0.74481 -0.27057 0.59681 0.12597
1413394988.805760384 2.83246 -1.33905 1.17351 0.73972 -0.28768 0.58695 0.15983
1413394988.905760527 2.78597 -1.26088 1.15979 0.73298 -0.29727 0.58207 0.18860
1413394989.005760431 2.70877 -1.18162 1.14459 0.73006 -0.30069 0.57622 0.21110
1413394989.105760574 2.65204 -1.09279 1.13196 0.73317 -0.30216 0.56584 0.22581
1413394989.205760479 2.58439 -1.00626 1.11747 0.73784 -0.30338 0.55699 0.23091
1413394989.305760384 2.51906 -0.91625 1.10502 0.74096 -0.30599 0.55296 0.22711
1413394989.405760527 2.45343 -0.82423 1.09316 0.74286 -0.30935 0.55218 0.21810
1413394989.505760431 2.38630 -0.73040 1.08230 0.74401 -0.31150 0.55286 0.20920
1413394989.605760574 2.31777 -0.63694 1.06539 0.74571 -0.31345 0.55298 0.19970
1413394989.705760479 2.24865 -0.54463 1.03920 0.74941 -0.31155 0.55369 0.18639
1413394989.805760384 2.18338 -0.44994 1.00485 0.75679 -0.30260 0.55551 0.16466
1413394989.905760527 2.11626 -0.36399 0.95924 0.77089 -0.28509 0.55312 0.13604
1413394990.005760431 2.05046 -0.28906 0.90802 0.78705 -0.25047 0.55192 0.11491
1413394990.105760574 1.98420 -0.22474 0.85312 0.80163 -0.20223 0.55344 0.10096
1413394990.205760479 1.92084 -0.16673 0.79101 0.81383 -0.15114 0.55460 0.08516
1413394990.355760574 1.83935 -0.07879 0.69312 0.82597 -0.07476 0.55555 0.05960
1413394990.405760527 1.81104 -0.05248 0.66212 0.82938 -0.05263 0.55394 0.05019
1413394990.505760431 1.76532 0.00402 0.60018 0.83299 -0.02179 0.55201 0.03064
1413394990.605760574 1.72665 0.06107 0.54136 0.83511 -0.00547 0.54992 0.01209
1413394990.705760479 1.69520 0.12072 0.48606 0.83642 0.00441 0.54806 0.00167
1413394990.805760384 1.67210 0.18580 0.43515 0.83631 0.00789 0.54819 -0.00363
1413394990.905760527 1.66065 0.24693 0.38775 0.83624 0.00798 0.54829 -0.00412
1413394991.005760431 1.65472 0.31213 0.34476 0.83558 0.00541 0.54934 -0.00205
1413394991.105760574 1.65407 0.38251 0.30323 0.83483 -0.00027 0.55051 -0.00114
1413394991.205760479 1.66466 0.44864 0.26950 0.83245 -0.00909 0.55402 -0.00306
1413394991.305760384 1.68101 0.51127 0.23987 0.83184 -0.02283 0.55454 -0.00146
1413394991.405760527 1.70307 0.56661 0.21550 0.83124 -0.04178 0.55430 0.00595
1413394991.505760431 1.73404 0.61565 0.19422 0.82893 -0.06448 0.55532 0.01807
1413394991.605760574 1.76781 0.65673 0.17828 0.82544 -0.08817 0.55648 0.03459
1413394991.705760479 1.80820 0.69099 0.16643 0.81786 -0.10750 0.56246 0.05638
1413394991.805760384 1.85172 0.72318 0.15537 0.80527 -0.12384 0.57512 0.07372
1413394991.905760527 1.89524 0.75585 0.14437 0.79345 -0.13844 0.58709 0.08125
1413394992.005760431 1.93644 0.78898 0.13251 0.78611 -0.15243 0.59302 0.08436
1413394992.105760574 1.97276 0.81913 0.11844 0.78401 -0.17128 0.59092 0.08245
1413394992.205760479 2.00081 0.84400 0.10740 0.78541 -0.19277 0.58261 0.08087
1413394992.305760384 2.02436 0.85746 0.09845 0.78597 -0.21040 0.57458 0.08859
1413394992.405760527 2.04351 0.86126 0.09406 0.78458 -0.22243 0.56845 0.10874
1413394992.505760431 2.05724 0.85883 0.09569 0.78457 -0.22613 0.56033 0.13913
1413394992.605760574 2.07030 0.85563 0.09988 0.78325 -0.22585 0.55495 0.16598
1413394992.705760479 2.08574 0.85545 0.10440 0.77689 -0.23254 0.55895 0.17304
1413394992.805760384 2.10036 0.85699 0.10912 0.76992 -0.24752 0.56357 0.16835
1413394992.905760527 2.11350 0.85942 0.11326 0.76485 -0.26425 0.56432 0.16345
1413394993.005760431 2.12489 0.86065 0.11266 0.76292 -0.27465 0.56221 0.16259
1413394993.105760574 2.13199 0.85905 0.10260 0.76346 -0.27636 0.55867 0.16925
1413394993.205760479 2.13805 0.85497 0.08041 0.76593 -0.27390 0.55400 0.17723
1413394993.305760384 2.14079 0.85043 0.04997 0.76843 -0.26746 0.55009 0.18807
1413394993.405760527 2.14541 0.84711 0.01621 0.77105 -0.26003 0.54684 0.19707
1413394993.505760431 2.15255 0.84726 -0.01560 0.77287 -0.25421 0.54489 0.20284
1413394993.605760574 2.16204 0.85157 -0.04598 0.77326 -0.25167 0.54532 0.20338
1413394993.705760479 2.17388 0.85894 -0.07688 0.77130 -0.25769 0.54651 0.20003
1413394993.805760384 2.18495 0.86563 -0.11331 0.76578 -0.27400 0.54771 0.19627
1413394993.905760527 2.19616 0.87354 -0.15831 0.75730 -0.29806 0.54665 0.19706
1413394994.005760431 2.20576 0.88064 -0.20863 0.74561 -0.32700 0.54468 0.20111
1413394994.105760574 2.21060 0.87996 -0.25637 0.73326 -0.35463 0.54007 0.21189
1413394994.205760479 2.20811 0.87857 -0.28897 0.71926 -0.37922 0.53435 0.23093
1413394994.305760384 2.20061 0.87358 -0.30945 0.70700 -0.40015 0.52371 0.25643
1413394994.405760527 2.18972 0.86669 -0.31715 0.69920 -0.41610 0.50640 0.28555
1413394994.505760431 2.17920 0.85993 -0.30967 0.69303 -0.42565 0.49140 0.31154
1413394994.605760574 2.17757 0.85344 -0.29017 0.68761 -0.43276 0.48146 0.32880
1413394994.705760479 2.18152 0.85119 -0.27497 0.68323 -0.43668 0.47639 0.33994
1413394994.805760384 2.19024 0.85387 -0.25467 0.67754 -0.43838 0.47804 0.34675
1413394994.905760527 2.20373 0.86187 -0.23429 0.67281 -0.44091 0.48291 0.34601
1413394995.005760431 2.22232 0.87567 -0.22386 0.66987 -0.44293 0.48795 0.34205
1413394995.105760574 2.24302 0.89387 -0.23422 0.66476 -0.44969 0.49741 0.32933
1413394995.205760479 2.26337 0.90931 -0.26447 0.66410 -0.45963 0.50124 0.31058
1413394995.305760384 2.28046 0.92947 -0.30624 0.67336 -0.46612 0.49064 0.29764
1413394995.405760527 2.29317 0.94402 -0.34899 0.68332 -0.46871 0.47811 0.29119
1413394995.505760431 2.30202 0.95207 -0.39133 0.68936 -0.46764 0.47043 0.29118
1413394995.605760574 2.30538 0.95505 -0.43134 0.69113 -0.46531 0.46866 0.29358
1413394995.705760479 2.31507 0.95180 -0.46646 0.68582 -0.46043 0.47699 0.30022
1413394995.805760384 2.32605 0.94508 -0.49460 0.67757 -0.45629 0.48886 0.30614
1413394995.905760527 2.33643 0.93885 -0.52169 0.67163 -0.45460 0.49669 0.30912
1413394996.005760431 2.34461 0.93211 -0.56266 0.67175 -0.45241 0.49361 0.31692
1413394996.105760574 2.34543 0.93837 -0.54372 0.66503 -0.44842 0.50235 0.32295
1413394996.205760479 2.34238 0.94446 -0.55355 0.67085 -0.45859 0.49755 0.30349
1413394996.305760384 2.34574 0.94874 -0.54894 0.66904 -0.44051 0.50307 0.32444
1413394996.405760527 2.34513 0.94332 -0.55457 0.67065 -0.44219 0.50107 0.32192
1413394996.505760431 2.34445 0.94670 -0.55767 0.67378 -0.44073 0.49716 0.32344
1413394996.605760574 2.34415 0.94801 -0.55833 0.67121 -0.44003 0.50083 0.32408
1413394996.705760479 2.34457 0.94775 -0.55999 0.67249 -0.44092 0.49917 0.32276
1413394996.805760384 2.34472 0.94823 -0.56044 0.67179 -0.44050 0.50017 0.32324
1413394996.905760527 2.34476 0.94813 -0.56066 0.67187 -0.44064 0.50015 0.32292
1413394997.005760431 2.34475 0.94807 -0.56079 0.67188 -0.44065 0.50029 0.32266
1413394997.105760574 2.34480 0.94814 -0.56083 0.67175 -0.44060 0.50050 0.32270
1413394997.205760479 2.34487 0.94806 -0.56094 0.67191 -0.44076 0.50033 0.32238
1413394997.305760384 2.34478 0.94806 -0.56100 0.67187 -0.44064 0.50057 0.32228
1413394997.405760527 2.34479 0.94805 -0.56108 0.67185 -0.44065 0.50060 0.32225
1413394997.505760431 2.34483 0.94810 -0.56111 0.67187 -0.44060 0.50062 0.32223
1413394997.605760574 2.34482 0.94812 -0.56117 0.67189 -0.44058 0.50067 0.32217
1413394997.705760479 2.34483 0.94812 -0.56125 0.67195 -0.44059 0.50066 0.32205
1413394997.805760384 2.34483 0.94818 -0.56129 0.67186 -0.44060 0.50073 0.32209
1413394997.905760527 2.34484 0.94815 -0.56136 0.67188 -0.44062 0.50075 0.32197
1413394998.005760431 2.34482 0.94816 -0.56139 0.67185 -0.44066 0.50081 0.32191
1413394998.105760574 2.34487 0.94806 -0.56154 0.67181 -0.44061 0.50093 0.32186
1413394998.205760479 2.34489 0.94801 -0.56162 0.67172 -0.44052 0.50116 0.32183
1413394998.305760384 2.34481 0.94803 -0.56169 0.67168 -0.44053 0.50124 0.32179
