1413394888.905760527 0.28570 0.25059 0.46611 0.81506 0.00159 0.57920 -0.01429
1413394889.005760431 0.33660 0.27931 0.47618 0.81249 -0.00110 0.58268 -0.01845
1413394889.105760574 0.38463 0.30743 0.47994 0.80985 -0.00377 0.58625 -0.02103
1413394889.205760479 0.42924 0.32595 0.49148 0.80627 -0.00020 0.59133 -0.01627
1413394889.305760384 0.47099 0.34146 0.50964 0.78782 0.00263 0.61578 -0.01193
1413394889.405760527 0.50276 0.35584 0.53328 0.75622 0.00503 0.65424 -0.00899
1413394889.505760431 0.51349 0.37020 0.55687 0.73295 0.00738 0.68022 -0.00523
1413394889.605760574 0.49530 0.38021 0.57562 0.75135 0.00854 0.65984 -0.00192
1413394889.705760479 0.45994 0.39120 0.59526 0.79117 0.00775 0.61155 0.00035
1413394889.805760384 0.41760 0.40356 0.61596 0.83018 0.00635 0.55746 0.00164
1413394889.905760527 0.38071 0.41740 0.63699 0.85778 0.00305 0.51400 0.00123
1413394890.005760431 0.35825 0.42993 0.64943 0.87663 0.00006 0.48117 0.00021
1413394890.105760574 0.35913 0.44193 0.65580 0.88852 -0.00390 0.45882 -0.00242
1413394890.205760479 0.38775 0.45123 0.65787 0.87881 -0.00874 0.47704 -0.00733
1413394890.305760384 0.44125 0.45928 0.65678 0.85254 -0.01692 0.52210 -0.01733
1413394890.405760527 0.50724 0.46329 0.64979 0.81837 -0.02344 0.57358 -0.02696
1413394890.505760431 0.57712 0.45973 0.63966 0.78336 -0.02371 0.62034 -0.03111
1413394890.605760574 0.63459 0.45130 0.62672 0.75482 -0.01867 0.65502 -0.02897
1413394890.705760479 0.67024 0.43606 0.61603 0.73758 -0.00966 0.67491 -0.01953
1413394890.805760384 0.67919 0.41395 0.60074 0.74602 -0.00012 0.66584 -0.01037
1413394890.905760527 0.66499 0.38944 0.58253 0.78223 0.00351 0.62292 -0.00819
1413394891.005760431 0.63443 0.36376 0.56226 0.82377 0.00652 0.56687 -0.00390
1413394891.105760574 0.60445 0.33999 0.54672 0.85478 0.00836 0.51892 -0.00061
1413394891.205760479 0.58381 0.31788 0.53313 0.87276 0.00789 0.48808 0.00062
1413394891.305760384 0.59365 0.29641 0.52361 0.88055 0.00911 0.47386 0.00270
1413394891.405760527 0.62548 0.28020 0.51941 0.87362 0.01294 0.48637 0.00840
1413394891.505760431 0.68903 0.26592 0.52342 0.85528 0.01526 0.51784 0.01014
1413394891.605760574 0.76747 0.25540 0.52999 0.83543 0.01810 0.54915 0.01262
1413394891.705760479 0.84963 0.24783 0.54017 0.82264 0.01969 0.56802 0.01531
1413394891.805760384 0.93519 0.24248 0.54882 0.81689 0.01992 0.57621 0.01663
1413394891.905760527 1.01924 0.24282 0.57075 0.80329 0.02292 0.59485 0.01877
1413394892.005760431 1.09834 0.25106 0.60643 0.78590 0.02553 0.61752 0.01935
1413394892.105760574 1.16961 0.26531 0.64356 0.77357 0.03174 0.63273 0.01535
1413394892.205760479 1.22865 0.28690 0.67720 0.76916 0.04599 0.63736 0.00641
1413394892.305760384 1.27538 0.31507 0.70750 0.76754 0.06491 0.63764 -0.00903
1413394892.405760527 1.31191 0.34637 0.72183 0.76705 0.08718 0.63504 -0.02750
1413394892.505760431 1.33491 0.38111 0.72088 0.76615 0.11147 0.63103 -0.04891
1413394892.605760574 1.34208 0.41924 0.71650 0.76885 0.13946 0.61972 -0.07326
1413394892.705760479 1.33852 0.45805 0.71528 0.77314 0.17049 0.60273 -0.09949
1413394892.805760384 1.32733 0.49875 0.72107 0.77548 0.20394 0.58421 -0.12545
1413394892.905760527 1.31033 0.54120 0.73117 0.77446 0.23768 0.56679 -0.14989
1413394893.005760431 1.29050 0.58271 0.74073 0.77517 0.27048 0.54554 -0.16833
1413394893.105760574 1.27079 0.62876 0.75350 0.76922 0.30357 0.53220 -0.18142
1413394893.205760479 1.24622 0.67656 0.76440 0.75959 0.33510 0.52256 -0.19410
1413394893.305760384 1.22854 0.73234 0.77899 0.74862 0.35714 0.51790 -0.20930
1413394893.405760527 1.20734 0.79103 0.79533 0.73278 0.37215 0.52565 -0.21963
1413394893.505760431 1.18790 0.85583 0.81146 0.71792 0.38600 0.53558 -0.22081
1413394893.605760574 1.14961 0.91739 0.81957 0.70538 0.39684 0.54540 -0.21795
1413394893.705760479 1.11227 0.98632 0.81817 0.69302 0.40532 0.55915 -0.20687
1413394893.805760384 1.04770 1.05222 0.81473 0.68369 0.40763 0.57057 -0.20212
1413394893.905760527 0.96815 1.11584 0.80844 0.68188 0.40484 0.57245 -0.20843
1413394894.005760431 0.87152 1.18700 0.80389 0.67907 0.40247 0.57190 -0.22316
1413394894.105760574 0.76695 1.26389 0.79241 0.67345 0.40369 0.57055 -0.24076
1413394894.205760479 0.64550 1.33792 0.77639 0.67214 0.40526 0.55630 -0.27300
1413394894.305760384 0.51577 1.40678 0.75581 0.67185 0.41224 0.53336 -0.30693
1413394894.405760527 0.37751 1.46424 0.73549 0.66633 0.42739 0.51151 -0.33421
1413394894.505760431 0.24144 1.51276 0.71004 0.66004 0.44772 0.49061 -0.35099
1413394894.605760574 0.10752 1.55756 0.68033 0.65125 0.46777 0.47440 -0.36332
1413394894.705760479 -0.02342 1.59833 0.64841 0.63768 0.48556 0.46679 -0.37376
1413394894.805760384 -0.15128 1.63566 0.61507 0.62594 0.50141 0.46408 -0.37605
1413394894.905760527 -0.27671 1.66778 0.58259 0.62158 0.51272 0.45599 -0.37792
1413394895.005760431 -0.39925 1.69838 0.55110 0.62586 0.51457 0.44240 -0.38445
1413394895.105760574 -0.51714 1.72110 0.52279 0.63099 0.51441 0.43250 -0.38753
1413394895.205760479 -0.62975 1.74001 0.49964 0.63608 0.51353 0.42666 -0.38685
1413394895.305760384 -0.73564 1.75829 0.48316 0.63746 0.51054 0.43036 -0.38443
1413394895.405760527 -0.83464 1.77607 0.47215 0.62999 0.51719 0.44843 -0.36679
1413394895.505760431 -0.93387 1.80056 0.46998 0.62702 0.52145 0.46036 -0.35071
1413394895.605760574 -1.03603 1.82186 0.48071 0.62936 0.52070 0.46416 -0.34254
1413394895.705760479 -1.13838 1.84400 0.50720 0.63746 0.51436 0.45770 -0.34581
1413394895.805760384 -1.24273 1.86612 0.54597 0.64361 0.50917 0.45087 -0.35104
1413394895.905760527 -1.34719 1.88963 0.58169 0.64524 0.50652 0.44841 -0.35501
1413394896.005760431 -1.44567 1.91708 0.60654 0.64394 0.50624 0.44847 -0.35768
1413394896.105760574 -1.54444 1.94485 0.61803 0.64299 0.50716 0.44719 -0.35968
1413394896.205760479 -1.64140 1.97643 0.61908 0.64292 0.50836 0.44570 -0.35995
1413394896.305760384 -1.73958 2.01178 0.61275 0.65047 0.49863 0.43322 -0.37494
1413394896.405760527 -1.83206 2.04435 0.60091 0.66094 0.48586 0.41604 -0.39244
1413394896.505760431 -1.91159 2.07470 0.58997 0.66932 0.47499 0.40122 -0.40672
1413394896.605760574 -1.97625 2.10271 0.57226 0.67834 0.46176 0.38491 -0.42247
1413394896.705760479 -2.01840 2.13056 0.54435 0.68663 0.44638 0.36873 -0.43969
1413394896.805760384 -2.03903 2.15149 0.50990 0.69416 0.43104 0.35391 -0.45507
1413394896.905760527 -2.02673 2.16522 0.47329 0.69464 0.41941 0.35348 -0.46542
1413394897.005760431 -1.97926 2.16950 0.44030 0.69568 0.41247 0.35012 -0.47256
1413394897.105760574 -1.88950 2.16847 0.41332 0.69808 0.41155 0.34692 -0.47218
1413394897.205760479 -1.76429 2.15440 0.39564 0.69510 0.41852 0.35472 -0.46459
1413394897.305760384 -1.60184 2.13818 0.38509 0.68303 0.44417 0.38209 -0.43610
1413394897.405760527 -1.41650 2.11789 0.38161 0.66312 0.47252 0.41820 -0.40262
1413394897.505760431 -1.22166 2.09525 0.38148 0.64740 0.49041 0.44173 -0.38110
1413394897.605760574 -1.02590 2.07133 0.38386 0.64033 0.49996 0.45095 -0.36968
1413394897.705760479 -0.83276 2.04692 0.39071 0.63437 0.50163 0.45779 -0.36928
1413394897.805760384 -0.64414 2.01993 0.40214 0.62846 0.50161 0.46436 -0.37121
1413394897.905760527 -0.46071 1.99026 0.41852 0.62390 0.50037 0.46908 -0.37461
1413394898.005760431 -0.28336 1.95703 0.43901 0.62059 0.49999 0.47289 -0.37584
1413394898.105760574 -0.11370 1.91914 0.46161 0.62067 0.50404 0.47239 -0.37089
1413394898.205760479 0.04758 1.87822 0.48665 0.61757 0.51118 0.47429 -0.36381
1413394898.305760384 0.19844 1.83340 0.51604 0.60725 0.52244 0.48401 -0.35219
1413394898.405760527 0.33505 1.79054 0.54528 0.59302 0.53888 0.49142 -0.34124
1413394898.505760431 0.45174 1.74602 0.57455 0.57882 0.55834 0.48918 -0.33754
1413394898.605760574 0.54785 1.69720 0.60490 0.56376 0.57995 0.48154 -0.33756
1413394898.705760479 0.62372 1.65368 0.63675 0.55417 0.59678 0.47149 -0.33831
1413394898.805760384 0.68067 1.61090 0.66963 0.55403 0.60903 0.45557 -0.33851
1413394898.905760527 0.71853 1.57323 0.70544 0.54715 0.62165 0.45245 -0.33087
1413394899.005760431 0.73551 1.54106 0.74182 0.54059 0.63176 0.45390 -0.32032
1413394899.105760574 0.73000 1.51459 0.77066 0.54630 0.63557 0.44489 -0.31573
1413394899.205760479 0.70312 1.49709 0.78874 0.55377 0.63687 0.43522 -0.31357
1413394899.305760384 0.65625 1.49326 0.79761 0.55332 0.63766 0.43540 -0.31251
1413394899.405760527 0.58994 1.49963 0.79688 0.55953 0.62898 0.42848 -0.32821
1413394899.505760431 0.50706 1.51446 0.78540 0.56905 0.61830 0.40962 -0.35511
1413394899.605760574 0.41565 1.53499 0.76728 0.56537 0.62016 0.39382 -0.37505
1413394899.705760479 0.31464 1.56614 0.74643 0.55147 0.63280 0.38006 -0.38859
1413394899.805760384 0.20565 1.60696 0.72765 0.53041 0.64905 0.36664 -0.40370
1413394899.905760527 0.09077 1.65533 0.71224 0.50389 0.66300 0.35597 -0.42404
1413394900.005760431 -0.02995 1.70917 0.70218 0.48113 0.67160 0.33846 -0.45046
1413394900.105760574 -0.15442 1.76562 0.70494 0.45653 0.67899 0.32346 -0.47532
1413394900.205760479 -0.27938 1.81999 0.71994 -0.43343 -0.68322 -0.30842 0.50023
1413394900.305760384 -0.40076 1.87359 0.73129 -0.41042 -0.68950 -0.29739 0.51740
1413394900.405760527 -0.51683 1.92308 0.73568 -0.38354 -0.69758 -0.29283 0.52965
1413394900.505760431 -0.62896 1.96485 0.73235 -0.35334 -0.71428 -0.29369 0.52792
1413394900.605760574 -0.74004 1.99516 0.72365 -0.32356 -0.73063 -0.29669 0.52294
1413394900.705760479 -0.85457 2.01766 0.71181 -0.29266 -0.74241 -0.30027 0.52251
1413394900.805760384 -0.97417 2.02418 0.70660 -0.26489 -0.75365 -0.29490 0.52429
1413394900.905760527 -1.10337 2.01197 0.71590 -0.24229 -0.76340 -0.27746 0.53060
1413394901.005760431 -1.24163 1.98065 0.74429 -0.21484 -0.77081 -0.25984 0.54053
1413394901.105760574 -1.38560 1.92809 0.78106 -0.18655 -0.77540 -0.23835 0.55421
1413394901.205760479 -1.53111 1.86187 0.81129 -0.16438 -0.77452 -0.20695 0.57469
1413394901.305760384 -1.67252 1.78100 0.83386 -0.15125 -0.77052 -0.16464 0.59693
1413394901.405760527 -1.80959 1.69416 0.84770 -0.14311 -0.76408 -0.11953 0.61759
1413394901.505760431 -1.93269 1.60273 0.85896 -0.13066 -0.75480 -0.08492 0.63717
1413394901.605760574 -2.04271 1.51283 0.85597 -0.11398 -0.75786 -0.06008 0.63957
1413394901.705760479 -2.13638 1.42230 0.84684 -0.08718 -0.77263 -0.04631 0.62714
1413394901.805760384 -2.21543 1.33051 0.83507 -0.04895 -0.78328 -0.04095 0.61838
1413394901.905760527 -2.28289 1.23732 0.82853 -0.00533 -0.78538 -0.03296 0.61811
1413394902.005760431 -2.33998 1.14019 0.82832 0.03420 -0.78448 -0.01730 0.61896
1413394902.105760574 -2.38368 1.03346 0.83466 0.06661 -0.78302 0.00371 0.61841
1413394902.205760479 -2.42059 0.92256 0.83993 0.09377 -0.77915 0.02618 0.61923
1413394902.305760384 -2.44725 0.80506 0.83708 0.11907 -0.77023 0.04743 0.62476
1413394902.405760527 -2.45894 0.68559 0.82950 0.14198 -0.75657 0.06537 0.63496
1413394902.505760431 -2.45330 0.56581 0.81792 0.15013 -0.75194 0.09853 0.63431
1413394902.605760574 -2.43223 0.45035 0.80834 0.14364 -0.75298 0.13881 0.62700
1413394902.705760479 -2.40066 0.34738 0.79925 0.13222 -0.76062 0.17384 0.61135
1413394902.805760384 -2.36452 0.26206 0.79291 0.12215 -0.76947 0.19602 0.59546
1413394902.905760527 -2.32377 0.19657 0.78894 0.12273 -0.77935 0.19488 0.58274
1413394903.055760384 -2.26404 0.13306 0.77043 0.12415 -0.79063 0.17651 0.57300
1413394903.255760431 -2.18702 0.09700 0.70216 0.09688 -0.82325 0.15599 0.53716
1413394903.455760479 -2.14502 0.09627 0.61979 0.07374 -0.82512 0.10842 0.54953
1413394903.605760574 -2.13438 0.11159 0.58828 0.06396 -0.81242 0.08245 0.57366
1413394903.705760479 -2.13279 0.12388 0.58730 0.06249 -0.80775 0.06817 0.58223
1413394903.805760384 -2.13782 0.14397 0.60558 0.06502 -0.80632 0.05592 0.58523
1413394903.905760527 -2.14423 0.16222 0.63569 0.07374 -0.80720 0.03729 0.58447
1413394904.005760431 -2.14235 0.17850 0.65423 0.06864 -0.81002 0.02493 0.58183
1413394904.105760574 -2.14396 0.19334 0.66285 0.04291 -0.81781 0.02510 0.57333
1413394904.205760479 -2.14192 0.20429 0.65844 0.00940 -0.82738 0.02225 0.56112
1413394904.305760384 -2.14496 0.21868 0.64448 -0.02365 -0.83687 0.00826 0.54682
1413394904.405760527 -2.15781 0.23966 0.62440 -0.05858 -0.84267 -0.01335 0.53506
1413394904.505760431 -2.18057 0.26527 0.60061 -0.09195 -0.84101 -0.04351 0.53137
1413394904.605760574 -2.21211 0.29250 0.57846 -0.12647 -0.82714 -0.07568 0.54232
1413394904.705760479 -2.24862 0.32426 0.56172 -0.16242 -0.80887 -0.10458 0.55534
1413394904.805760384 -2.28750 0.35608 0.54786 -0.19546 -0.79209 -0.13472 0.56236
1413394904.905760527 -2.32659 0.38556 0.53915 -0.22752 -0.77319 -0.16531 0.56840
1413394905.005760431 -2.36049 0.41425 0.53631 -0.25783 -0.74640 -0.19535 0.58160
1413394905.105760574 -2.38778 0.43539 0.53703 -0.28806 -0.71694 -0.22088 0.59517
1413394905.205760479 -2.40330 0.44608 0.53687 -0.32311 -0.70100 -0.23257 0.59170
1413394905.305760384 -2.40675 0.44841 0.52993 -0.36421 -0.71180 -0.22566 0.55657
1413394905.405760527 -2.40364 0.45167 0.51804 -0.40114 -0.73924 -0.20640 0.50002
1413394905.505760431 -2.40809 0.47035 0.51134 0.42407 0.76447 0.19142 -0.44621
1413394905.605760574 -2.41686 0.50815 0.50924 0.43261 0.77948 0.18857 -0.41196
1413394905.705760479 -2.44176 0.57718 0.52341 0.41440 0.77086 0.22007 -0.43083
1413394905.805760384 -2.47920 0.66442 0.54674 0.38674 0.73903 0.25952 -0.48674
1413394905.905760527 -2.51939 0.75074 0.57453 -0.35682 -0.69748 -0.29250 0.54832
1413394906.005760431 -2.55559 0.82129 0.60194 -0.33493 -0.66143 -0.30939 0.59549
1413394906.105760574 -2.57817 0.86881 0.62872 -0.32539 -0.63416 -0.30807 0.63012
1413394906.205760479 -2.57688 0.88619 0.66097 -0.33854 -0.62686 -0.28672 0.64049
1413394906.305760384 -2.55378 0.88873 0.68996 -0.36939 -0.65172 -0.25856 0.60988
1413394906.405760527 -2.50959 0.88099 0.71078 -0.40165 -0.68219 -0.24284 0.56064
1413394906.505760431 -2.45405 0.87179 0.72137 0.42825 0.71570 0.24480 -0.49442
1413394906.605760574 -2.39600 0.86816 0.72285 0.45338 0.73445 0.25190 -0.43769
1413394906.705760479 -2.34732 0.88523 0.72271 0.46907 0.72945 0.27538 -0.41478
1413394906.805760384 -2.31237 0.91751 0.72419 0.47056 0.69662 0.31863 -0.43791
1413394906.905760527 -2.28483 0.95343 0.71892 0.45935 0.65144 0.36846 -0.47840
1413394907.005760431 -2.26108 0.97963 0.71722 -0.44140 -0.60510 -0.41143 0.51937
1413394907.105760574 -2.23925 0.98055 0.71453 -0.42766 -0.56460 -0.43603 0.55517
1413394907.205760479 -2.21214 0.94931 0.70681 -0.43854 -0.56185 -0.42696 0.55651
1413394907.305760384 -2.17413 0.88782 0.69686 -0.47139 -0.59126 -0.39190 0.52404
1413394907.405760527 -2.13214 0.80671 0.68500 0.51827 0.62408 0.33463 -0.47952
1413394907.505760431 -2.08586 0.72349 0.66698 0.57362 0.63142 0.26553 -0.44918
1413394907.605760574 -2.02712 0.65796 0.64503 0.61420 0.62701 0.22512 -0.42302
1413394907.705760479 -1.95099 0.62405 0.62469 0.62423 0.62602 0.23965 -0.40125
1413394907.805760384 -1.85643 0.65203 0.60591 0.59391 0.62148 0.31161 -0.40489
1413394907.905760527 -1.76196 0.66856 0.58397 0.54916 0.60280 0.38934 -0.42833
1413394908.005760431 -1.67503 0.68366 0.55694 0.51369 0.58241 0.43741 -0.45343
1413394908.105760574 -1.59441 0.69251 0.52000 0.50000 0.58003 0.44713 -0.46221
1413394908.205760479 -1.52235 0.68358 0.47570 0.51919 0.60415 0.41959 -0.43519
1413394908.305760384 -1.45645 0.66779 0.43032 0.54310 0.63570 0.38180 -0.39389
1413394908.405760527 -1.40064 0.66158 0.39335 0.56354 0.65761 0.34440 -0.36243
1413394908.505760431 -1.35839 0.67522 0.36951 0.58116 0.66527 0.31189 -0.34984
1413394908.605760574 -1.31892 0.71235 0.37494 0.57051 0.66161 0.32153 -0.36526
1413394908.705760479 -1.29703 0.77907 0.40642 0.53484 0.64126 0.36686 -0.41006
1413394908.805760384 -1.27764 0.83920 0.44962 0.49535 0.61403 0.41154 -0.45633
1413394908.905760527 -1.26547 0.88463 0.50559 0.46639 0.58704 0.43869 -0.49540
1413394909.005760431 -1.25547 0.90311 0.56761 -0.45444 -0.56373 -0.44229 0.52922
1413394909.105760574 -1.24519 0.90138 0.62630 -0.47424 -0.57342 -0.41423 0.52412
1413394909.205760479 -1.22601 0.88391 0.67557 0.51015 0.60075 0.37386 -0.48895
1413394909.305760384 -1.19863 0.86221 0.71449 0.54843 0.62469 0.34057 -0.43932
1413394909.405760527 -1.16628 0.84667 0.74449 0.58338 0.62432 0.32201 -0.40767
1413394909.505760431 -1.13057 0.84985 0.76568 0.60444 0.60179 0.33192 -0.40292
1413394909.605760574 -1.09100 0.86701 0.78490 0.61267 0.56525 0.35787 -0.42078
1413394909.705760479 -1.04385 0.88678 0.80865 0.60954 0.53259 0.38940 -0.43952
1413394909.805760384 -0.99073 0.90200 0.83904 0.58915 0.50837 0.43453 -0.45348
1413394909.905760527 -0.92775 0.90818 0.87324 0.56603 0.49193 0.47207 -0.46342
1413394910.005760431 -0.86229 0.89110 0.89784 0.56703 0.50493 0.47656 -0.44319
1413394910.105760574 -0.80293 0.85592 0.91597 0.58755 0.53463 0.45383 -0.40371
1413394910.205760479 -0.74925 0.81480 0.92470 0.61429 0.55949 0.41645 -0.36904
1413394910.305760384 -0.69871 0.78169 0.92594 0.63646 0.57812 0.37935 -0.34175
1413394910.405760527 -0.65448 0.75897 0.91322 0.65014 0.58835 0.35289 -0.32656
1413394910.505760431 -0.60983 0.75637 0.89641 0.64924 0.59134 0.35011 -0.32593
1413394910.605760574 -0.56000 0.77823 0.88587 0.62155 0.57766 0.39016 -0.35743
1413394910.705760479 -0.51101 0.81313 0.87778 0.58300 0.54833 0.44016 -0.40706
1413394910.805760384 -0.46653 0.84173 0.86896 0.55380 0.51817 0.47042 -0.45112
1413394910.905760527 -0.42343 0.85204 0.85674 0.54014 0.49999 0.47878 -0.47858
1413394911.005760431 -0.37534 0.82815 0.84427 0.53855 0.49226 0.47108 -0.49571
1413394911.105760574 -0.32625 0.78281 0.82391 0.55865 0.51663 0.44582 -0.47143
1413394911.205760479 -0.27343 0.71877 0.79936 0.58543 0.55776 0.41474 -0.41734
1413394911.305760384 -0.21969 0.65317 0.77280 0.60838 0.58679 0.38430 -0.37131
1413394911.405760527 -0.16768 0.60118 0.74058 0.62461 0.60185 0.36414 -0.33919
1413394911.505760431 -0.11716 0.56739 0.70630 0.63147 0.60654 0.35751 -0.32487
1413394911.605760574 -0.07157 0.55748 0.66847 0.62670 0.59503 0.37485 -0.33567
1413394911.705760479 -0.02951 0.56569 0.63555 0.60514 0.56661 0.41875 -0.37070
1413394911.805760384 0.00708 0.57687 0.60947 0.57522 0.53398 0.46484 -0.40977
1413394911.905760527 0.03510 0.57396 0.59324 0.55473 0.51039 0.49379 -0.43352
1413394912.005760431 0.05658 0.55426 0.58185 0.56469 0.51555 0.48793 -0.42102
1413394912.105760574 0.07196 0.52322 0.57640 0.59720 0.53895 0.45245 -0.38492
1413394912.205760479 0.08454 0.48525 0.57656 0.62848 0.55586 0.41944 -0.34656
1413394912.305760384 0.09552 0.45818 0.58061 0.65069 0.55824 0.40449 -0.31837
1413394912.405760527 0.10038 0.44701 0.59018 0.66873 0.54688 0.40306 -0.30210
1413394912.505760431 0.11046 0.46107 0.60158 0.68426 0.52322 0.41067 -0.29898
1413394912.605760574 0.11865 0.48780 0.62274 0.69172 0.48919 0.43140 -0.31002
1413394912.705760479 0.12819 0.52596 0.64542 0.69616 0.45285 0.45411 -0.32261
1413394912.805760384 0.14201 0.56802 0.67280 0.70231 0.42440 0.46869 -0.32708
1413394912.905760527 0.15844 0.61020 0.69660 0.70672 0.40965 0.47733 -0.32386
1413394913.005760431 0.17875 0.64866 0.71930 0.70574 0.41078 0.48917 -0.30643
1413394913.105760574 0.19800 0.69033 0.74463 0.70271 0.41432 0.49922 -0.29208
1413394913.205760479 0.21159 0.73126 0.76936 0.69827 0.42028 0.50303 -0.28767
1413394913.305760384 0.22030 0.77683 0.79567 0.68748 0.43181 0.50332 -0.29594
1413394913.405760527 0.22232 0.82561 0.82283 0.66902 0.44962 0.50248 -0.31268
1413394913.505760431 0.21669 0.87435 0.84097 0.64573 0.47759 0.49710 -0.32838
1413394913.605760574 0.20323 0.92191 0.84420 0.61642 0.51359 0.49167 -0.33841
1413394913.705760479 0.17849 0.96522 0.83663 0.58804 0.55167 0.47907 -0.34692
1413394913.805760384 0.14084 1.00684 0.81567 0.56825 0.58589 0.45127 -0.36081
1413394913.905760527 0.09133 1.04736 0.78294 0.55394 0.61052 0.41578 -0.38413
1413394914.005760431 0.03520 1.09068 0.74407 0.53696 0.62813 0.38398 -0.41193
1413394914.105760574 -0.02569 1.13642 0.70168 0.51301 0.64620 0.36200 -0.43383
1413394914.205760479 -0.08957 1.18562 0.66796 0.48016 0.66772 0.35024 -0.44825
1413394914.305760384 -0.15927 1.23391 0.64917 0.44516 0.68961 0.33894 -0.45977
1413394914.405760527 -0.23809 1.28073 0.64673 0.41039 0.70936 0.32787 -0.47000
1413394914.505760431 -0.32641 1.32307 0.65797 0.37946 0.72475 0.31571 -0.48070
1413394914.605760574 -0.42345 1.36136 0.67520 0.36358 0.73315 0.29406 -0.49379
1413394914.705760479 -0.52693 1.39326 0.68449 -0.35407 -0.73715 -0.27094 0.50778
1413394914.805760384 -0.63275 1.42222 0.68383 -0.34378 -0.74088 -0.25039 0.51982
1413394914.905760527 -0.73872 1.44827 0.67345 -0.32689 -0.74721 -0.24045 0.52631
1413394915.005760431 -0.84193 1.46530 0.65064 -0.30308 -0.75362 -0.23832 0.53235
1413394915.105760574 -0.94618 1.47223 0.62268 -0.27036 -0.76059 -0.24040 0.53909
1413394915.205760479 -1.05465 1.46916 0.59743 -0.23411 -0.77226 -0.23833 0.54038
1413394915.305760384 -1.16922 1.45291 0.57694 -0.19708 -0.78282 -0.23074 0.54325
1413394915.405760527 -1.28860 1.42033 0.55949 -0.16189 -0.78938 -0.21917 0.55013
1413394915.505760431 -1.41412 1.37120 0.54542 -0.12839 -0.79287 -0.20467 0.55945
1413394915.605760574 -1.54344 1.30149 0.53548 -0.10415 -0.79011 -0.16829 0.58013
1413394915.705760479 -1.67112 1.21404 0.52732 -0.08612 -0.78503 -0.11430 0.60270
1413394915.805760384 -1.79047 1.11514 0.52203 -0.05819 -0.77825 -0.06881 0.62145
1413394915.905760527 -1.89475 1.01003 0.52134 -0.02320 -0.76762 -0.03437 0.63956
1413394916.005760431 -1.98441 0.90332 0.52317 0.01002 -0.76209 -0.00520 0.64737
1413394916.105760574 -2.05485 0.79581 0.52677 0.03722 -0.75837 0.02196 0.65039
1413394916.205760479 -2.11675 0.69040 0.53027 0.06116 -0.76825 0.04299 0.63577
1413394916.305760384 -2.16297 0.58359 0.53295 0.08458 -0.78485 0.06079 0.61087
1413394916.405760527 -2.19434 0.47743 0.53546 0.09882 -0.79655 0.09308 0.58913
1413394916.505760431 -2.22014 0.37529 0.52937 0.10432 -0.80337 0.13913 0.56953
1413394916.605760574 -2.24627 0.28015 0.51479 0.10523 -0.79757 0.19373 0.56150
1413394916.705760479 -2.27918 0.20287 0.48764 0.11927 -0.78908 0.24074 0.55242
1413394916.855760574 -2.33375 0.12814 0.43148 0.18468 -0.78336 0.26430 0.53140
1413394917.055760384 -2.42707 0.08769 0.32264 0.29752 -0.76682 0.25805 0.50684
1413394917.255760431 -2.55226 0.05760 0.21474 -0.40259 0.73649 -0.25568 -0.47972
1413394917.455760479 -2.68650 -0.00054 0.12146 -0.45985 0.71085 -0.27080 -0.45814
1413394917.655760527 -2.83471 -0.11949 0.04506 -0.48535 0.68072 -0.27290 -0.47600
1413394917.855760574 -2.94943 -0.28432 0.01235 0.49848 -0.65800 0.25973 0.50109
1413394918.055760384 -3.00041 -0.49587 0.00100 0.51979 -0.64106 0.25884 0.50185
1413394918.255760431 -2.98071 -0.73849 -0.02992 -0.51503 0.64842 -0.32356 -0.45783
1413394918.455760479 -2.93780 -0.99659 -0.05685 -0.51032 0.65801 -0.38684 -0.39617
1413394918.655760527 -2.92800 -1.26525 -0.06643 -0.54127 0.62574 -0.41134 -0.38244
1413394918.855760574 -2.96034 -1.54654 -0.06917 0.58806 -0.56921 0.41065 0.40194
1413394919.055760384 -2.98715 -1.81258 -0.02826 0.60165 -0.51876 0.44157 0.41704
1413394919.255760431 -2.99015 -2.02524 0.07399 0.61073 -0.48055 0.48808 0.39731
1413394919.455760479 -2.98310 -2.16346 0.22104 0.64046 -0.41572 0.50926 0.39704
1413394919.655760527 -2.96623 -2.22156 0.35386 0.69794 -0.38342 0.49103 0.35321
1413394919.855760574 -2.92388 -2.24767 0.44529 0.73684 -0.38257 0.49210 0.26181
1413394920.055760384 -2.85753 -2.29716 0.50307 0.77245 -0.34213 0.49729 0.19739
1413394920.255760431 -2.76875 -2.36534 0.51444 0.80581 -0.27555 0.50220 0.15009
1413394920.455760479 -2.65087 -2.48491 0.49487 0.81906 -0.19296 0.52159 0.14090
1413394920.655760527 -2.50049 -2.57521 0.48057 0.82092 -0.12427 0.53573 0.15373
1413394920.855760574 -2.32143 -2.62226 0.46591 0.82598 -0.10626 0.53253 0.15125
1413394921.055760384 -2.10427 -2.63087 0.42386 0.82716 -0.12824 0.53141 0.13029
1413394921.255760431 -1.84771 -2.61918 0.36972 0.80985 -0.17214 0.55219 0.09796
1413394921.455760479 -1.58058 -2.62474 0.26848 0.79783 -0.24180 0.55119 0.03458
1413394921.655760527 -1.33220 -2.69441 0.14403 0.80367 -0.22812 0.54357 0.08127
1413394921.855760574 -1.08790 -2.80346 0.03575 0.79362 -0.17890 0.56221 0.14861
1413394922.055760384 -0.83984 -2.89282 -0.04112 0.76811 -0.15331 0.61210 0.10880
1413394922.255760431 -0.63815 -2.96332 -0.06153 0.78803 -0.09806 0.60373 0.07004
1413394922.455760479 -0.47384 -3.01932 -0.01801 0.81755 -0.03232 0.57045 0.07181
1413394922.655760527 -0.28013 -3.05596 0.07389 0.82325 -0.02670 0.56604 0.03378
1413394922.855760574 -0.09225 -3.07415 0.17106 0.83346 -0.03285 0.55152 0.00945
1413394923.055760384 0.09312 -3.09339 0.26896 0.84170 -0.03329 0.53885 0.00830
1413394923.255760431 0.30489 -3.11444 0.33547 0.83315 -0.01960 0.55174 0.03244
1413394923.455760479 0.53854 -3.11987 0.41012 0.83123 -0.01707 0.55502 0.02688
1413394923.655760527 0.79394 -3.10677 0.48421 0.83873 0.01071 0.54445 0.00055
1413394923.855760574 1.07379 -3.07694 0.53313 0.82438 0.07154 0.56126 -0.01625
1413394924.055760384 1.35215 -3.02250 0.53924 0.80959 0.12747 0.57071 -0.05099
1413394924.255760431 1.61420 -2.93690 0.52790 0.80031 0.16880 0.56398 -0.11374
1413394924.455760479 1.87319 -2.84486 0.52790 0.78842 0.21506 0.54984 -0.17267
1413394924.655760527 2.13150 -2.76085 0.53748 0.76649 0.27887 0.54156 -0.20356
1413394924.855760574 2.37939 -2.67675 0.56046 0.72769 0.34904 0.54677 -0.22290
1413394924.955760479 2.49192 -2.63200 0.57762 0.70357 0.37940 0.55632 -0.22708
1413394925.055760384 2.58977 -2.58459 0.59608 0.68306 0.40268 0.56616 -0.22524
1413394925.155760527 2.66831 -2.53664 0.61399 0.67923 0.42186 0.55693 -0.22474
1413394925.255760431 2.72619 -2.48576 0.63512 0.67604 0.44293 0.54567 -0.22142
1413394925.355760574 2.76425 -2.42595 0.65299 0.67075 0.45941 0.53952 -0.21900
1413394925.455760479 2.78360 -2.36015 0.66317 0.67086 0.46262 0.53295 -0.22778
1413394925.555760384 2.78426 -2.28863 0.66604 0.67413 0.45947 0.52611 -0.24010
1413394925.655760527 2.77674 -2.20665 0.65807 0.67679 0.45693 0.51937 -0.25184
1413394925.755760431 2.75804 -2.11620 0.64247 0.68649 0.44371 0.50618 -0.27501
1413394925.855760574 2.73472 -2.01679 0.63058 0.69499 0.43174 0.49542 -0.29180
1413394925.955760479 2.71000 -1.91377 0.61872 0.69841 0.42786 0.48837 -0.30107
1413394926.055760384 2.68213 -1.81436 0.60914 0.69513 0.43591 0.48660 -0.30001
1413394926.155760527 2.65105 -1.71609 0.60002 0.68957 0.44816 0.48822 -0.29204
1413394926.255760431 2.61778 -1.61358 0.59187 0.68515 0.45851 0.48922 -0.28462
1413394926.355760574 2.57930 -1.50752 0.58428 0.68952 0.45938 0.48023 -0.28795
1413394926.455760479 2.53914 -1.39536 0.57738 0.69447 0.45954 0.47026 -0.29220
1413394926.555760384 2.49726 -1.27509 0.57253 0.69230 0.46305 0.46248 -0.30399
1413394926.655760527 2.45443 -1.14815 0.56988 0.68460 0.47012 0.45035 -0.32786
1413394926.755760431 2.41310 -1.01819 0.56927 0.67517 0.47684 0.42932 -0.36394
1413394926.855760574 2.37918 -0.88906 0.57372 0.66503 0.48451 0.40126 -0.40245
1413394926.955760479 2.35787 -0.76207 0.57340 0.65203 0.49687 0.37679 -0.43129
1413394927.055760384 2.35552 -0.63818 0.56636 0.63541 0.51408 0.36759 -0.44367
1413394927.155760527 2.37052 -0.51708 0.54832 0.61007 0.54231 0.38282 -0.43263
1413394927.255760431 2.39554 -0.39782 0.52902 0.58683 0.56533 0.40109 -0.41852
1413394927.355760574 2.42328 -0.28292 0.52080 0.57526 0.57982 0.40877 -0.40717
1413394927.455760479 2.44956 -0.16529 0.52592 0.57469 0.58541 0.40492 -0.40382
1413394927.555760384 2.47273 -0.04754 0.54393 0.57907 0.58678 0.39745 -0.40299
1413394927.655760527 2.49343 0.06681 0.57520 0.58089 0.58562 0.39438 -0.40506
1413394927.755760431 2.51185 0.17716 0.61121 0.57901 0.58676 0.39254 -0.40788
1413394927.855760574 2.52858 0.28766 0.64390 0.57288 0.58935 0.39701 -0.40848
1413394927.955760479 2.54309 0.40076 0.66611 0.57162 0.59094 0.39625 -0.40869
1413394928.055760384 2.55674 0.51229 0.68180 0.56749 0.59132 0.40010 -0.41012
1413394928.155760527 2.56782 0.62694 0.68837 0.55537 0.59281 0.41570 -0.40907
1413394928.255760431 2.57358 0.74101 0.68849 0.54167 0.59001 0.43374 -0.41274
1413394928.355760574 2.57090 0.84559 0.68915 0.53269 0.58507 0.44690 -0.41739
1413394928.455760479 2.55928 0.94246 0.69061 0.53817 0.57963 0.44137 -0.42378
1413394928.555760384 2.54040 1.02531 0.69205 0.55076 0.57386 0.42684 -0.43029
1413394928.655760527 2.51905 1.10533 0.69808 0.56033 0.57072 0.41667 -0.43208
1413394928.755760431 2.49707 1.17995 0.70551 0.56498 0.56975 0.41357 -0.43028
1413394928.855760574 2.47836 1.25912 0.71145 0.56501 0.57149 0.41632 -0.42525
1413394928.955760479 2.45727 1.32933 0.70802 0.56235 0.57466 0.42259 -0.41827
1413394929.055760384 2.43268 1.39366 0.69459 0.56228 0.57360 0.42452 -0.41786
1413394929.155760527 2.40490 1.45357 0.67870 0.55881 0.56745 0.43014 -0.42509
1413394929.255760431 2.37462 1.50645 0.66498 0.55754 0.55986 0.43192 -0.43492
1413394929.355760574 2.34429 1.54887 0.65471 0.56036 0.55173 0.42721 -0.44618
1413394929.455760479 2.31567 1.58195 0.64771 0.56570 0.54997 0.41997 -0.44849
1413394929.555760384 2.29209 1.60631 0.64193 0.57662 0.55690 0.40537 -0.43938
1413394929.655760527 2.27205 1.62652 0.63818 0.58508 0.56571 0.39510 -0.42608
1413394929.755760431 2.25689 1.64538 0.63633 0.58548 0.57265 0.39603 -0.41526
1413394929.855760574 2.24236 1.66610 0.62994 0.58270 0.57461 0.40131 -0.41138
1413394929.955760479 2.22809 1.68658 0.61598 0.57723 0.56983 0.41001 -0.41712
1413394930.055760384 2.21351 1.70538 0.59239 0.56939 0.56385 0.42176 -0.42425
1413394930.155760527 2.19843 1.71695 0.56391 0.56193 0.55891 0.43270 -0.42969
1413394930.255760431 2.18169 1.72330 0.53952 0.55353 0.55154 0.44363 -0.43886
1413394930.355760574 2.16343 1.71945 0.51979 0.55556 0.54163 0.43960 -0.45250
1413394930.455760479 2.14745 1.70447 0.49728 0.57804 0.55074 0.40985 -0.44111
1413394930.555760384 2.13662 1.68379 0.46926 0.60854 0.56911 0.36743 -0.41326
1413394930.655760527 2.13138 1.66543 0.43097 0.63472 0.58449 0.32902 -0.38373
1413394930.755760431 2.13507 1.66481 0.39128 0.63572 0.59828 0.32794 -0.36106
1413394930.855760574 2.14275 1.68823 0.35527 0.61484 0.59676 0.36315 -0.36602
1413394930.955760479 2.15027 1.72722 0.32487 0.58802 0.58079 0.40523 -0.39077
1413394931.055760384 2.15365 1.76854 0.30322 0.56663 0.56290 0.43609 -0.41460
1413394931.155760527 2.15369 1.80225 0.29364 0.55671 0.55344 0.45052 -0.42522
1413394931.255760431 2.14912 1.82379 0.30003 0.55262 0.54734 0.45729 -0.43118
1413394931.355760574 2.13971 1.83390 0.32873 0.54698 0.53900 0.46607 -0.43940
1413394931.455760479 2.12644 1.82944 0.36625 0.55297 0.53963 0.46059 -0.43690
1413394931.555760384 2.11006 1.81443 0.39418 0.57081 0.55464 0.44140 -0.41438
1413394931.655760527 2.09034 1.78659 0.41256 0.57955 0.56901 0.42843 -0.39597
1413394931.755760431 2.06391 1.75609 0.42146 0.57206 0.58834 0.42491 -0.38217
1413394931.855760574 2.02784 1.72799 0.42491 0.55379 0.61070 0.42167 -0.37756
1413394931.955760479 1.98001 1.70553 0.42315 0.53754 0.62755 0.40386 -0.39259
1413394932.055760384 1.92164 1.68784 0.42703 0.51519 0.63886 0.38335 -0.42364
1413394932.155760527 1.85432 1.67115 0.44566 0.48758 0.64656 0.36086 -0.46262
1413394932.255760431 1.78423 1.65285 0.47776 -0.46217 -0.65326 -0.33097 0.50010
1413394932.355760574 1.71625 1.62788 0.51762 -0.43150 -0.66138 -0.30590 0.53180
1413394932.455760479 1.65877 1.60419 0.55943 -0.39452 -0.67107 -0.29126 0.55605
1413394932.555760384 1.60740 1.56799 0.58949 -0.35783 -0.68156 -0.27940 0.57391
1413394932.655760527 1.56947 1.52636 0.60806 -0.32506 -0.69529 -0.26484 0.58376
1413394932.755760431 1.53659 1.47358 0.61704 -0.29860 -0.71402 -0.24577 0.58361
1413394932.855760574 1.51542 1.41358 0.62681 -0.28073 -0.73922 -0.21990 0.57131
1413394932.955760479 1.49962 1.34819 0.63704 -0.26640 -0.76198 -0.19420 0.55740
1413394933.055760384 1.48435 1.28294 0.64322 -0.25124 -0.77772 -0.17140 0.55014
1413394933.155760527 1.46598 1.21737 0.63753 -0.23113 -0.78813 -0.15357 0.54940
1413394933.255760431 1.45133 1.15406 0.62593 -0.20880 -0.79227 -0.13692 0.55674
1413394933.355760574 1.43476 1.09183 0.60463 -0.18438 -0.79441 -0.12458 0.56515
1413394933.455760479 1.41755 1.03255 0.57236 -0.16199 -0.79577 -0.11230 0.57262
1413394933.555760384 1.40109 0.97297 0.52985 -0.14181 -0.79737 -0.09884 0.57821
1413394933.655760527 1.38505 0.91436 0.48641 -0.12110 -0.79557 -0.08483 0.58754
1413394933.755760431 1.37134 0.85795 0.44802 -0.10152 -0.78983 -0.07201 0.60056
1413394933.855760574 1.36271 0.80121 0.41320 -0.08681 -0.78721 -0.06208 0.60738
1413394933.955760479 1.36145 0.74376 0.37895 -0.07137 -0.79607 -0.05138 0.59879
1413394934.055760384 1.36407 0.68467 0.34766 -0.05357 -0.80707 -0.03684 0.58687
1413394934.155760527 1.36479 0.62580 0.32587 -0.03242 -0.80469 -0.02054 0.59245
1413394934.255760431 1.36662 0.56610 0.30067 -0.00844 -0.79816 -0.00314 0.60238
1413394934.355760574 1.37233 0.50710 0.26244 0.01769 -0.79918 0.01720 0.60059
1413394934.455760479 1.38262 0.44801 0.21229 0.03845 -0.80508 0.04320 0.59034
1413394934.555760384 1.39587 0.39666 0.15042 0.05733 -0.80840 0.05853 0.58291
1413394934.655760527 1.40733 0.34487 0.08846 0.07553 -0.80938 0.06343 0.57894
1413394934.755760431 1.42379 0.29914 0.03843 0.08539 -0.80794 0.07067 0.57875
1413394934.855760574 1.44170 0.25468 0.00417 0.08993 -0.80532 0.07539 0.58112
1413394934.955760479 1.45531 0.21461 -0.01220 0.09172 -0.80396 0.07788 0.58238
1413394935.055760384 1.46442 0.17996 -0.00863 0.08989 -0.80019 0.08004 0.58754
1413394935.155760527 1.47445 0.14796 0.00191 0.08109 -0.79586 0.08076 0.59456
1413394935.255760431 1.48824 0.11851 0.00668 0.07009 -0.79252 0.07543 0.60109
1413394935.355760574 1.50835 0.09187 0.00192 0.06224 -0.78736 0.06709 0.60966
1413394935.455760479 1.53177 0.06655 -0.01596 0.05728 -0.78559 0.05767 0.61338
1413394935.555760384 1.56026 0.04343 -0.04475 0.05414 -0.79244 0.04871 0.60558
1413394935.655760527 1.59712 0.02218 -0.07617 0.05107 -0.79920 0.04166 0.59744
1413394935.755760431 1.63343 -0.00208 -0.09797 0.04820 -0.80130 0.03607 0.59522
1413394935.855760574 1.67234 -0.02458 -0.10324 0.04528 -0.80001 0.03346 0.59734
1413394935.955760479 1.71611 -0.04675 -0.10260 0.04226 -0.80295 0.03176 0.59369
1413394936.055760384 1.76244 -0.07010 -0.11504 0.04538 -0.81321 0.03170 0.57933
1413394936.205760479 1.83071 -0.11141 -0.15368 0.06851 -0.82851 0.04603 0.55386
1413394936.305760384 1.87297 -0.14340 -0.18410 0.09972 -0.82094 0.06503 0.55846
1413394936.505760431 1.94912 -0.21884 -0.23756 0.18978 -0.78802 0.11841 0.57357
1413394936.705760479 2.03413 -0.30685 -0.27515 0.27986 -0.76449 0.17032 0.55518
1413394936.905760527 2.12928 -0.40581 -0.30009 0.34229 -0.74544 0.21274 0.53093
1413394937.105760574 2.23946 -0.52203 -0.31780 0.40529 -0.72437 0.24544 0.50078
1413394937.255760431 2.32678 -0.62661 -0.33216 -0.44400 0.70674 -0.27225 -0.47881
1413394937.355760574 2.37961 -0.70568 -0.34271 -0.45654 0.70218 -0.29162 -0.46203
1413394937.555760384 2.47614 -0.87563 -0.35775 -0.46685 0.69157 -0.31295 -0.45371
1413394937.755760431 2.50213 -1.06286 -0.36674 -0.46146 0.68758 -0.32334 -0.45798
1413394937.955760479 2.54669 -1.25632 -0.37399 -0.43854 0.70123 -0.32448 -0.45899
1413394938.155760527 2.53152 -1.43752 -0.33192 -0.40469 0.72994 -0.32144 -0.44732
1413394938.355760574 2.48214 -1.63944 -0.24723 -0.38168 0.74148 -0.29886 -0.46392
1413394938.555760384 2.39771 -1.85433 -0.11951 0.35683 -0.74192 0.26688 0.50101
1413394938.755760431 2.29268 -2.05507 -0.02849 0.32105 -0.76546 0.21981 0.51253
1413394938.955760479 2.18444 -2.26425 0.02306 0.24081 -0.79687 0.20300 0.51556
1413394939.155760527 2.05704 -2.43362 0.03999 0.13601 -0.81113 0.19313 0.53504
1413394939.355760574 1.89593 -2.56208 0.01992 0.07926 -0.81701 0.13997 0.55374
1413394939.555760384 1.71938 -2.65298 0.01844 0.08256 -0.81475 0.06959 0.56966
1413394939.755760431 1.53423 -2.74005 0.06814 0.04457 -0.81406 0.07831 0.57375
1413394939.955760479 1.34468 -2.79802 0.13103 0.00390 -0.82318 0.07315 0.56304
1413394940.155760527 1.14231 -2.82125 0.15256 -0.00595 -0.83691 0.01961 0.54696
1413394940.355760574 0.92362 -2.82901 0.12895 -0.06007 -0.82422 -0.01047 0.56297
1413394940.555760384 0.69622 -2.81992 0.08223 -0.11776 -0.80959 -0.05756 0.57217
1413394940.755760431 0.46314 -2.80240 0.05774 -0.14310 -0.80492 -0.13014 0.56097
1413394940.955760479 0.22739 -2.80573 0.08010 -0.17763 -0.79920 -0.12969 0.55939
1413394941.055760384 0.11661 -2.81244 0.10918 -0.20446 -0.79932 -0.11066 0.55411
1413394941.205760479 -0.05519 -2.80817 0.15366 -0.24430 -0.80039 -0.08727 0.54044
1413394941.405760527 -0.29463 -2.75575 0.22058 -0.25936 -0.80674 -0.09100 0.52309
1413394941.605760574 -0.54609 -2.64644 0.30408 -0.22021 -0.81290 -0.15161 0.51742
1413394941.755760431 -0.75390 -2.55895 0.36673 -0.21674 -0.80365 -0.17741 0.52507
1413394941.855760574 -0.90517 -2.50319 0.40539 -0.23372 -0.79269 -0.17042 0.53663
1413394941.955760479 -1.05519 -2.44826 0.44024 -0.26643 -0.77958 -0.13951 0.54937
1413394942.055760384 -1.19985 -2.38601 0.47476 -0.29865 -0.76708 -0.10601 0.55782
1413394942.155760527 -1.33540 -2.30853 0.51468 -0.32884 -0.75442 -0.07567 0.56301
1413394942.255760431 -1.45516 -2.20762 0.55921 -0.35562 -0.74289 -0.05992 0.56397
1413394942.355760574 -1.55276 -2.07905 0.61011 -0.37920 -0.73359 -0.06080 0.56068
1413394942.455760479 -1.62757 -1.92164 0.66425 -0.39724 -0.72544 -0.08069 0.55626
1413394942.555760384 -1.68258 -1.74201 0.70830 -0.41569 -0.71360 -0.11095 0.55287
1413394942.655760527 -1.72116 -1.54451 0.73457 -0.43590 -0.69850 -0.14510 0.54866
1413394942.755760431 -1.74754 -1.33320 0.74538 -0.44754 -0.68243 -0.19573 0.54376
1413394942.855760574 -1.75651 -1.11778 0.74216 -0.44087 -0.66567 -0.27170 0.53731
1413394942.955760479 -1.75647 -0.90754 0.71948 -0.42813 -0.64517 -0.34942 0.52760
1413394943.055760384 -1.75692 -0.71087 0.67911 -0.42782 -0.62168 -0.40545 0.51584
1413394943.155760527 -1.76198 -0.53385 0.62691 -0.43967 -0.59763 -0.44460 0.50186
1413394943.255760431 -1.77018 -0.38626 0.56495 0.45706 0.57342 0.47483 -0.48664
1413394943.355760574 -1.78510 -0.26971 0.49976 0.47946 0.55014 0.49607 -0.47051
1413394943.455760479 -1.80562 -0.18628 0.44859 0.50332 0.53274 0.51135 -0.44876
1413394943.555760384 -1.84112 -0.13353 0.40516 0.52982 0.52112 0.51968 -0.42150
1413394943.655760527 -1.89166 -0.10418 0.37162 0.56270 0.51765 0.51086 -0.39297
1413394943.755760431 -1.95198 -0.09394 0.34417 0.59527 0.51051 0.49288 -0.37697
1413394943.855760574 -2.02251 -0.09379 0.31092 0.61775 0.49705 0.47772 -0.37830
1413394943.955760479 -2.09628 -0.09940 0.27121 0.63526 0.48352 0.46153 -0.38684
1413394944.055760384 -2.16818 -0.10898 0.23298 0.64259 0.48263 0.45565 -0.38279
1413394944.155760527 -2.23605 -0.12894 0.20350 0.64360 0.48693 0.45615 -0.37496
1413394944.255760431 -2.30012 -0.15049 0.18060 0.64804 0.48751 0.45437 -0.36868
1413394944.355760574 -2.36018 -0.17344 0.17055 0.65741 0.49012 0.44686 -0.35764
1413394944.455760479 -2.41632 -0.19748 0.18090 0.66918 0.49411 0.44051 -0.33764
1413394944.555760384 -2.46708 -0.21282 0.18512 0.68676 0.48673 0.43488 -0.31991
1413394944.655760527 -2.51239 -0.22321 0.17739 0.71262 0.46791 0.42564 -0.30340
1413394944.755760431 -2.54797 -0.22190 0.15783 0.74047 0.44463 0.41806 -0.28148
1413394944.855760574 -2.57007 -0.20813 0.12978 0.76564 0.41517 0.41722 -0.25953
1413394944.955760479 -2.57794 -0.18016 0.09801 0.78526 0.38043 0.42622 -0.23869
1413394945.055760384 -2.56959 -0.13751 0.06421 0.79510 0.34525 0.44917 -0.21647
1413394945.155760527 -2.54777 -0.08418 0.02670 0.79902 0.31153 0.47772 -0.19051
1413394945.255760431 -2.51567 -0.01931 -0.00827 0.80069 0.27682 0.50476 -0.16577
1413394945.355760574 -2.47599 0.05460 -0.03735 0.79896 0.24236 0.53207 -0.14082
1413394945.455760479 -2.43430 0.13467 -0.06075 0.79050 0.20014 0.56484 -0.12651
1413394945.555760384 -2.39379 0.21724 -0.08425 0.79066 0.14450 0.58069 -0.12952
1413394945.655760527 -2.35711 0.29330 -0.10650 0.79454 0.08996 0.58673 -0.12790
1413394945.755760431 -2.32361 0.35895 -0.12638 0.79958 0.03855 0.58757 -0.11811
1413394945.855760574 -2.28980 0.40942 -0.14424 0.80284 -0.01083 0.58769 -0.09976
1413394945.955760479 -2.26076 0.44170 -0.16194 0.80307 -0.06088 0.58786 -0.07612
1413394946.055760384 -2.23961 0.44916 -0.17449 0.80210 -0.09992 0.58783 -0.03324
1413394946.205760479 -2.21647 0.43855 -0.18669 0.79443 -0.15550 0.58591 0.03749
1413394946.355760574 -2.21069 0.40985 -0.19691 0.77738 -0.22557 0.58068 0.08722
1413394946.555760384 -2.21937 0.34142 -0.21003 0.74729 -0.32204 0.56387 0.14109
1413394946.755760431 -2.26921 0.23764 -0.21315 0.70670 -0.38488 0.54422 0.23722
1413394946.955760479 -2.34796 0.13031 -0.21217 0.65696 -0.45193 0.51081 0.32132
1413394947.155760527 -2.43413 0.04375 -0.19182 0.60323 -0.52046 0.46311 0.38829
1413394947.355760574 -2.51924 -0.01234 -0.11477 -0.54985 0.58023 -0.41204 -0.43729
1413394947.555760384 -2.57192 -0.05847 0.01348 -0.51476 0.61151 -0.38591 -0.46059
1413394947.755760431 -2.59979 -0.09154 0.11081 -0.53216 0.64594 -0.34372 -0.42594
1413394947.955760479 -2.60278 -0.16325 0.18451 -0.56971 0.63992 -0.33873 -0.38885
1413394948.155760527 -2.61063 -0.29309 0.29147 -0.61164 0.61395 -0.34987 -0.35573
1413394948.355760574 -2.62655 -0.48338 0.38111 0.61770 -0.56165 0.39314 0.38527
1413394948.555760384 -2.62850 -0.68683 0.44821 0.57477 -0.49782 0.47067 0.44753
1413394948.755760431 -2.61916 -0.81418 0.50877 0.54548 -0.47161 0.50477 0.47460
1413394948.955760479 -2.58633 -0.82289 0.56527 0.57966 -0.51266 0.45695 0.43860
1413394949.155760527 -2.55177 -0.77728 0.59806 0.63124 -0.56982 0.37148 0.37262
1413394949.355760574 -2.49441 -0.74103 0.58466 0.65044 -0.59671 0.32691 0.33762
1413394949.555760384 -2.40843 -0.82265 0.56189 0.63046 -0.58051 0.35761 0.37099
1413394949.755760431 -2.29741 -0.96577 0.57438 0.57253 -0.52787 0.44194 0.44526
1413394949.955760479 -2.17000 -1.05982 0.57872 0.55250 -0.52353 0.47846 0.43788
1413394950.155760527 -2.04776 -1.08008 0.58215 0.56236 -0.52668 0.50757 0.38565
1413394950.355760574 -1.96378 -1.05204 0.58845 0.62744 -0.54492 0.45543 0.31931
1413394950.555760384 -1.90800 -1.06051 0.62117 0.68031 -0.53879 0.38668 0.31203
1413394950.755760431 -1.83705 -1.13956 0.67113 0.67313 -0.51022 0.40841 0.34610
1413394950.955760479 -1.73296 -1.25888 0.74034 0.62269 -0.43595 0.50978 0.40290
1413394951.155760527 -1.62360 -1.28997 0.80284 0.60202 -0.37830 0.57748 0.40122
1413394951.355760574 -1.54336 -1.20049 0.85307 0.66619 -0.39562 0.55073 0.31043
1413394951.555760384 -1.50314 -1.06645 0.90834 0.75268 -0.43673 0.44093 0.21982
1413394951.755760431 -1.43684 -1.01685 0.98389 0.77876 -0.45948 0.38431 0.18634
1413394951.955760479 -1.33175 -1.09358 1.11085 0.74055 -0.42273 0.45510 0.25646
1413394952.155760527 -1.17873 -1.23832 1.22849 0.67487 -0.38250 0.54493 0.31826
1413394952.355760574 -1.04307 -1.32771 1.27409 0.68426 -0.39642 0.53779 0.29225
1413394952.555760384 -0.92193 -1.38835 1.28537 0.72079 -0.40839 0.50963 0.23226
1413394952.755760431 -0.81358 -1.48308 1.34366 0.73882 -0.37264 0.50345 0.24865
1413394952.955760479 -0.70717 -1.57761 1.40690 0.69783 -0.33098 0.56881 0.28273
1413394953.155760527 -0.62961 -1.62568 1.42708 0.66089 -0.30877 0.61314 0.30324
1413394953.355760574 -0.60893 -1.57828 1.48221 0.63865 -0.29948 0.63489 0.31519
1413394953.555760384 -0.65856 -1.42138 1.54188 0.69376 -0.33392 0.56967 0.28752
1413394953.755760431 -0.73386 -1.21992 1.46077 0.76892 -0.37761 0.45664 0.24009
1413394953.955760479 -0.77113 -1.04741 1.27968 0.78432 -0.38697 0.42703 0.22966
1413394954.155760527 -0.74320 -0.92553 1.09955 0.73658 -0.35260 0.50897 0.27218
1413394954.355760574 -0.69157 -0.79786 0.93248 0.68451 -0.31791 0.58092 0.30480
1413394954.555760384 -0.67759 -0.59768 0.80942 0.70153 -0.33910 0.56181 0.27792
1413394954.755760431 -0.68893 -0.35982 0.70183 0.76361 -0.40437 0.45955 0.20542
1413394954.955760479 -0.67441 -0.18422 0.59684 0.76555 -0.41074 0.44386 0.21958
1413394955.155760527 -0.62143 -0.07530 0.48399 0.72601 -0.35326 0.52360 0.27194
1413394955.355760574 -0.54189 0.09557 0.40597 0.71227 -0.31063 0.57407 0.25812
1413394955.555760384 -0.50830 0.25785 0.34481 0.76954 -0.33853 0.52558 0.13026
1413394955.755760431 -0.48933 0.34018 0.35034 0.81763 -0.31673 0.46365 0.12723
1413394955.905760527 -0.46173 0.35275 0.37171 0.81021 -0.28310 0.48268 0.17446
1413394956.005760431 -0.38794 0.37805 0.38753 0.78841 -0.27185 0.51559 0.19666
1413394956.205760479 -0.30492 0.26605 0.45196 0.73506 -0.24337 0.59555 0.21394
1413394956.405760527 -0.23387 0.22522 0.50821 0.72662 -0.21795 0.62870 0.17108
1413394956.605760574 -0.20137 0.25051 0.49658 0.78907 -0.18418 0.57429 0.11682
1413394956.705760479 -0.17589 0.25615 0.48864 0.82748 -0.16978 0.52575 0.10021
1413394956.805760384 -0.18510 0.27784 0.50790 0.85128 -0.15913 0.49206 0.08874
1413394956.905760527 -0.16353 0.25760 0.48264 0.85004 -0.14660 0.49834 0.08718
1413394957.005760431 -0.11933 0.24310 0.48572 0.83808 -0.13754 0.52019 0.09006
1413394957.105760574 -0.04082 0.22609 0.49367 0.81711 -0.13172 0.55335 0.09376
1413394957.205760479 0.03031 0.21995 0.51009 0.78850 -0.12848 0.59373 0.09620
1413394957.305760384 0.09628 0.21744 0.52575 0.75844 -0.12676 0.63217 0.09517
1413394957.405760527 0.13741 0.21749 0.55030 0.72895 -0.12630 0.66646 0.09220
1413394957.505760431 0.15785 0.22231 0.56961 0.72710 -0.12962 0.66874 0.08555
1413394957.605760574 0.15351 0.23283 0.58524 0.75844 -0.13350 0.63373 0.07304
1413394957.705760479 0.13555 0.24481 0.59818 0.79883 -0.12984 0.58386 0.06427
1413394957.805760384 0.12098 0.25130 0.60358 0.83412 -0.12287 0.53505 0.05357
1413394957.905760527 0.10991 0.25314 0.60367 0.84545 -0.11276 0.52034 0.04175
1413394958.005760431 0.11970 0.25069 0.60807 0.83710 -0.09889 0.53737 0.02672
1413394958.105760574 0.13161 0.24390 0.60937 0.81129 -0.07887 0.57920 0.01103
1413394958.205760479 0.15428 0.23392 0.61898 0.77824 -0.05350 0.62567 -0.00402
1413394958.305760384 0.15548 0.21595 0.62527 0.75152 -0.02422 0.65904 -0.01715
1413394958.405760527 0.13374 0.19523 0.63175 0.74532 0.00341 0.66602 -0.02988
1413394958.505760431 0.09138 0.17266 0.63003 0.78267 0.02848 0.62039 -0.04149
1413394958.605760574 0.03675 0.14703 0.62971 0.82997 0.05060 0.55303 -0.05232
1413394958.705760479 -0.01247 0.12054 0.63177 0.86441 0.06968 0.49408 -0.06191
1413394958.805760384 -0.04187 0.09436 0.64218 0.87781 0.09014 0.46560 -0.06745
1413394958.905760527 -0.04225 0.07312 0.65557 0.87354 0.11507 0.46818 -0.06700
1413394959.005760431 -0.01766 0.06023 0.67718 0.84800 0.14307 0.50608 -0.06572
1413394959.105760574 0.01794 0.05734 0.70401 0.81322 0.16109 0.55376 -0.07794
1413394959.205760479 0.05715 0.06363 0.72929 0.77616 0.16782 0.59883 -0.10401
1413394959.305760384 0.08839 0.07081 0.75621 0.74038 0.17349 0.63607 -0.13101
1413394959.405760527 0.10832 0.07356 0.77622 0.74096 0.18611 0.62866 -0.14535
1413394959.505760431 0.11048 0.07230 0.79213 0.77772 0.20656 0.57516 -0.14725
1413394959.605760574 0.10894 0.07356 0.80714 0.81740 0.22920 0.50881 -0.14297
1413394959.705760479 0.11270 0.07618 0.82475 0.83951 0.25075 0.46101 -0.14078
1413394959.805760384 0.13588 0.09358 0.84312 0.83490 0.27956 0.45359 -0.13798
1413394959.905760527 0.17542 0.12750 0.85949 0.80550 0.30703 0.48547 -0.14569
1413394960.005760431 0.22049 0.17751 0.86900 0.76621 0.31402 0.53042 -0.18159
1413394960.105760574 0.26396 0.23586 0.87035 0.72177 0.31726 0.57194 -0.22647
1413394960.205760479 0.29766 0.29007 0.86841 0.69157 0.33021 0.58714 -0.26067
1413394960.305760384 0.31237 0.33457 0.86307 0.68233 0.35446 0.57354 -0.28256
1413394960.405760527 0.31733 0.36604 0.85077 0.68918 0.38932 0.53685 -0.29197
1413394960.505760431 0.31266 0.38945 0.82915 0.70374 0.43014 0.48531 -0.29019
1413394960.605760574 0.30770 0.41418 0.79971 0.71522 0.46905 0.43243 -0.28541
1413394960.705760479 0.30944 0.45384 0.76557 0.71353 0.50213 0.39832 -0.28299
1413394960.805760384 0.31843 0.51470 0.74191 0.68615 0.52250 0.40888 -0.29835
1413394960.905760527 0.33046 0.58991 0.73133 0.64863 0.51953 0.44298 -0.33634
1413394961.005760431 0.34286 0.66916 0.72391 0.61647 0.50565 0.47409 -0.37352
1413394961.105760574 0.35199 0.73986 0.71381 0.59963 0.49524 0.48909 -0.39494
1413394961.205760479 0.35695 0.79838 0.70199 0.60613 0.49977 0.48034 -0.39001
1413394961.305760384 0.35893 0.84763 0.68376 0.63045 0.52141 0.44719 -0.36152
1413394961.405760527 0.35881 0.89662 0.66469 0.65293 0.54239 0.41274 -0.33037
1413394961.505760431 0.35821 0.95746 0.65449 0.64794 0.55683 0.41713 -0.31002
1413394961.605760574 0.34970 1.03370 0.65880 0.62594 0.55531 0.44760 -0.31543
1413394961.705760479 0.33452 1.11720 0.65835 0.60568 0.53244 0.47651 -0.35014
1413394961.805760384 0.31141 1.19708 0.66084 0.58887 0.50241 0.49892 -0.38975
1413394961.905760527 0.28234 1.26347 0.66152 0.58452 0.48150 0.50533 -0.41369
1413394962.005760431 0.24953 1.31389 0.66251 0.59282 0.47530 0.49699 -0.41912
1413394962.105760574 0.21444 1.34736 0.66160 0.61638 0.49013 0.47090 -0.39762
1413394962.205760479 0.17841 1.37278 0.66183 0.63518 0.50864 0.44933 -0.36871
1413394962.305760384 0.14225 1.39707 0.66698 0.64441 0.51901 0.43917 -0.34999
1413394962.405760527 0.10440 1.42792 0.68259 0.63214 0.51231 0.45932 -0.35632
1413394962.505760431 0.06392 1.45813 0.70488 0.60245 0.48872 0.49912 -0.38610
1413394962.605760574 0.01864 1.47839 0.72585 0.58144 0.46814 0.52271 -0.41176
1413394962.705760479 -0.03229 1.47446 0.74208 0.59101 0.47098 0.50965 -0.41127
1413394962.805760384 -0.08715 1.45069 0.74971 0.61975 0.48955 0.47186 -0.39192
1413394962.905760527 -0.14268 1.42021 0.75217 0.63854 0.51411 0.43874 -0.36805
1413394963.005760431 -0.19699 1.39000 0.75379 0.63245 0.52739 0.43615 -0.36283
1413394963.105760574 -0.25005 1.36561 0.75625 0.60394 0.51877 0.46605 -0.38592
1413394963.205760479 -0.30430 1.33315 0.74709 0.57799 0.50306 0.49124 -0.41417
1413394963.305760384 -0.36282 1.29134 0.72202 0.57720 0.50546 0.48800 -0.41617
1413394963.405760527 -0.42075 1.23683 0.67708 0.59968 0.52884 0.45849 -0.38795
1413394963.505760431 -0.48382 1.17863 0.62794 0.62531 0.55220 0.42236 -0.35451
1413394963.605760574 -0.54781 1.12546 0.57912 0.63959 0.56412 0.40237 -0.33286
1413394963.705760479 -0.60973 1.08587 0.54311 0.62937 0.55433 0.42098 -0.34554
1413394963.805760384 -0.67686 1.05912 0.51516 0.60330 0.52991 0.46058 -0.37827
1413394963.905760527 -0.74712 1.02904 0.48478 0.59063 0.50713 0.47890 -0.40575
1413394964.005760431 -0.81984 0.98926 0.44502 0.60901 0.51242 0.45850 -0.39536
1413394964.105760574 -0.89255 0.94474 0.40181 0.63674 0.53304 0.42395 -0.36152
1413394964.205760479 -0.96320 0.90631 0.36615 0.65489 0.54871 0.39961 -0.33219
1413394964.305760384 -1.03183 0.88471 0.34728 0.64625 0.54712 0.41501 -0.33285
1413394964.405760527 -1.10341 0.87457 0.33964 0.62193 0.52578 0.45165 -0.36439
1413394964.505760431 -1.17570 0.86497 0.33728 0.60014 0.49876 0.47934 -0.40163
1413394964.605760574 -1.24868 0.84481 0.32943 0.60948 0.49294 0.46432 -0.41225
1413394964.705760479 -1.31996 0.81546 0.31743 0.64062 0.50779 0.42022 -0.39392
1413394964.805760384 -1.38376 0.78539 0.30947 0.66990 0.52450 0.37570 -0.36740
1413394964.905760527 -1.43501 0.76714 0.30865 0.68992 0.53102 0.34468 -0.35103
1413394965.005760431 -1.47118 0.76989 0.31653 0.69747 0.52437 0.33727 -0.35330
1413394965.105760574 -1.48985 0.79502 0.33954 0.67091 0.51484 0.38325 -0.37139
1413394965.205760479 -1.51115 0.82485 0.36864 0.62852 0.50234 0.43555 -0.40362
1413394965.305760384 -1.52566 0.85327 0.39545 0.59360 0.50433 0.46102 -0.42515
1413394965.405760527 -1.53949 0.86885 0.41758 0.57950 0.53329 0.45122 -0.41974
1413394965.505760431 -1.55460 0.87670 0.43586 0.56996 0.56321 0.42942 -0.41657
1413394965.605760574 -1.57170 0.87930 0.46175 0.55056 0.57746 0.41348 -0.43870
1413394965.705760479 -1.59024 0.87473 0.49408 0.51893 0.58100 0.40354 -0.47991
1413394965.805760384 -1.60442 0.85293 0.51902 0.49171 0.60407 0.38496 -0.49510
1413394965.905760527 -1.61570 0.82343 0.52916 0.47076 0.63857 0.36191 -0.48953
1413394966.005760431 -1.62591 0.78706 0.53905 -0.43957 -0.65061 -0.35278 0.50895
1413394966.105760574 -1.63366 0.74211 0.54246 -0.40671 -0.64651 -0.34745 0.54396
1413394966.205760479 -1.63616 0.68396 0.53326 -0.39481 -0.67115 -0.32162 0.53875
1413394966.305760384 -1.63540 0.61438 0.51077 -0.39723 -0.71394 -0.27895 0.50467
1413394966.405760527 -1.63513 0.54266 0.48239 0.40103 0.75814 0.23173 -0.45901
1413394966.505760431 -1.64398 0.48364 0.46057 0.39329 0.78234 0.20179 -0.43880
1413394966.605760574 -1.66606 0.44803 0.45363 0.36796 0.77459 0.20432 -0.47209
1413394966.705760479 -1.69652 0.42677 0.45472 -0.33379 -0.74880 -0.22063 0.52840
1413394966.805760384 -1.72350 0.40522 0.45199 -0.30317 -0.72538 -0.22661 0.57494
1413394966.905760527 -1.74564 0.37742 0.44602 -0.28359 -0.72667 -0.21676 0.58697
1413394967.005760431 -1.76009 0.34338 0.43580 -0.27056 -0.75795 -0.19655 0.56007
1413394967.105760574 -1.77297 0.30688 0.42741 -0.25859 -0.79473 -0.17240 0.52135
1413394967.205760479 -1.78669 0.27670 0.42741 -0.23799 -0.80957 -0.15607 0.51342
1413394967.305760384 -1.81513 0.24841 0.44020 -0.21088 -0.79595 -0.14932 0.54744
1413394967.405760527 -1.84729 0.21921 0.46076 -0.18146 -0.76517 -0.14562 0.60032
1413394967.505760431 -1.87232 0.18246 0.48165 -0.16054 -0.74736 -0.12920 0.63166
1413394967.605760574 -1.88111 0.14039 0.49627 -0.14698 -0.77009 -0.10231 0.61229
1413394967.705760479 -1.87817 0.09619 0.50738 -0.13065 -0.80989 -0.08004 0.56622
1413394967.805760384 -1.87516 0.05370 0.53089 -0.10933 -0.82221 -0.06287 0.55504
1413394967.905760527 -1.87661 0.01536 0.56183 -0.08121 -0.80971 -0.05053 0.57899
1413394968.005760431 -1.88104 -0.02474 0.59857 -0.05116 -0.79080 -0.03534 0.60891
1413394968.105760574 -1.87740 -0.06477 0.62611 -0.02514 -0.79877 -0.01642 0.60089
1413394968.205760479 -1.86792 -0.10748 0.63582 -0.00701 -0.82261 0.00030 0.56856
1413394968.305760384 -1.86285 -0.14816 0.63844 0.00722 -0.83285 0.01105 0.55334
1413394968.405760527 -1.86308 -0.18238 0.63179 0.02307 -0.83120 0.02056 0.55511
1413394968.505760431 -1.86784 -0.22103 0.62296 0.03747 -0.82722 0.03298 0.55966
1413394968.605760574 -1.87782 -0.25964 0.61326 0.04959 -0.83159 0.04271 0.55152
1413394968.705760479 -1.89449 -0.29409 0.60723 0.06282 -0.83592 0.04155 0.54366
1413394968.805760384 -1.91869 -0.33246 0.60468 0.07799 -0.83138 0.02961 0.54941
1413394968.905760527 -1.95048 -0.37479 0.60424 0.08013 -0.82507 0.03304 0.55835
1413394969.005760431 -1.98755 -0.42286 0.60656 0.07904 -0.81509 0.04981 0.57175
1413394969.155760527 -2.04423 -0.49931 0.60537 0.08727 -0.80172 0.07463 0.58657
1413394969.355760574 -2.11108 -0.59136 0.55297 0.10020 -0.78568 0.09173 0.60353
1413394969.555760384 -2.15050 -0.66719 0.46715 0.11839 -0.77956 0.07646 0.61026
1413394969.755760431 -2.15159 -0.74300 0.38568 0.14355 -0.80106 0.03355 0.58015
1413394969.955760479 -2.13953 -0.86298 0.32459 0.13556 -0.81642 0.03623 0.56015
1413394970.155760527 -2.14053 -1.02324 0.31626 0.11263 -0.82905 0.06019 0.54439
1413394970.355760574 -2.16529 -1.19449 0.34826 0.09516 -0.80287 0.08488 0.58236
1413394970.555760384 -2.18797 -1.35074 0.34590 0.06503 -0.77594 0.12936 0.61396
1413394970.755760431 -2.18319 -1.44929 0.31209 0.04976 -0.77015 0.14947 0.61810
1413394970.955760479 -2.15029 -1.47825 0.28477 0.09448 -0.79872 0.07840 0.58905
1413394971.155760527 -2.11356 -1.49904 0.31303 0.10672 -0.82200 0.04794 0.55733
1413394971.355760574 -2.08749 -1.53691 0.34580 0.10038 -0.85403 0.04653 0.50832
1413394971.555760384 -2.13531 -1.59922 0.35547 -0.08697 0.86988 -0.05854 -0.48199
1413394971.755760431 -2.26638 -1.67060 0.38637 0.05674 -0.83840 0.08958 0.53464
1413394971.955760479 -2.43250 -1.70755 0.42139 0.01969 -0.79677 0.09120 0.59704
1413394972.155760527 -2.57640 -1.69543 0.43105 -0.02930 -0.77301 0.05437 0.63138
1413394972.355760574 -2.66636 -1.63151 0.40140 -0.10224 -0.76253 -0.00152 0.63883
1413394972.555760384 -2.69562 -1.52630 0.34456 -0.19176 -0.76898 -0.06382 0.60648
1413394972.755760431 -2.68357 -1.39084 0.30850 -0.26474 -0.77247 -0.15685 0.55552
1413394972.955760479 -2.65596 -1.23921 0.29780 -0.32530 -0.74545 -0.25320 0.52381
1413394973.055760384 -2.65573 -1.16929 0.29040 -0.36433 -0.72598 -0.28313 0.50996
1413394973.155760527 -2.63854 -1.10194 0.28570 0.40697 0.70406 0.30419 -0.49613
1413394973.255760431 -2.62517 -1.04142 0.27784 0.45167 0.68034 0.31830 -0.48147
1413394973.355760574 -2.61555 -0.98419 0.27364 0.49227 0.65447 0.33486 -0.46605
1413394973.455760479 -2.61425 -0.92720 0.26663 0.52820 0.62618 0.35544 -0.45007
1413394973.555760384 -2.60895 -0.86971 0.26347 0.56247 0.59635 0.37600 -0.43198
1413394973.655760527 -2.60268 -0.80829 0.26149 0.59419 0.56761 0.39736 -0.40849
1413394973.755760431 -2.59480 -0.74675 0.26382 0.61995 0.53528 0.42416 -0.38630
1413394973.855760574 -2.58257 -0.68204 0.26145 0.64551 0.49911 0.44704 -0.36655
1413394973.955760479 -2.56965 -0.62635 0.26239 0.67135 0.46253 0.46487 -0.34533
1413394974.055760384 -2.56041 -0.57493 0.26539 0.69452 0.42509 0.48161 -0.32402
1413394974.155760527 -2.54885 -0.52381 0.27151 0.71594 0.38588 0.49594 -0.30426
1413394974.255760431 -2.53201 -0.47649 0.27878 0.73587 0.34451 0.50804 -0.28584
1413394974.355760574 -2.50564 -0.43085 0.28614 0.75582 0.30395 0.51539 -0.26592
1413394974.455760479 -2.48048 -0.38907 0.29744 0.77387 0.26371 0.52132 -0.24456
1413394974.555760384 -2.44969 -0.35418 0.31078 0.78737 0.22462 0.52945 -0.22200
1413394974.655760527 -2.41147 -0.32279 0.32628 0.79054 0.18953 0.54805 -0.19689
1413394974.755760431 -2.37037 -0.30270 0.34173 0.79394 0.15986 0.56192 -0.16841
1413394974.855760574 -2.32832 -0.28687 0.35297 0.80019 0.13451 0.56774 -0.13883
1413394974.955760479 -2.28715 -0.27703 0.35510 0.80618 0.11397 0.57068 -0.10683
1413394975.055760384 -2.24931 -0.27128 0.34184 0.80687 0.09451 0.57751 -0.08065
1413394975.155760527 -2.21882 -0.26913 0.31390 0.80018 0.07608 0.59184 -0.06041
1413394975.255760431 -2.18712 -0.26505 0.28131 0.79474 0.05661 0.60246 -0.04704
1413394975.355760574 -2.16022 -0.26080 0.24288 0.79311 0.03966 0.60685 -0.03362
1413394975.455760479 -2.14196 -0.25710 0.20452 0.79772 0.02645 0.60219 -0.01786
1413394975.555760384 -2.12159 -0.24936 0.16853 0.80595 0.01677 0.59174 -0.00299
1413394975.655760527 -2.10978 -0.23955 0.13713 0.81393 0.00992 0.58085 0.00613
1413394975.805760384 -2.08554 -0.21292 0.10079 0.82143 0.00429 0.57017 0.01225
1413394975.955760479 -2.06029 -0.17956 0.08301 0.81394 0.00499 0.58075 0.01435
1413394976.155760527 -2.03026 -0.12365 0.07378 0.79772 0.00802 0.60285 0.01243
1413394976.355760574 -2.02249 -0.05511 0.06264 0.79599 0.01322 0.60501 0.01383
1413394976.505760431 -2.03195 0.00477 0.05660 0.78068 0.01426 0.62466 0.01191
1413394976.705760479 -2.08222 0.09466 0.05284 0.76755 0.00447 0.64095 -0.00517
1413394976.805760384 -2.13003 0.14002 0.04955 0.78175 -0.00656 0.62322 -0.02083
1413394976.905760527 -2.18699 0.18131 0.04435 0.81041 -0.01949 0.58437 -0.03695
1413394977.005760431 -2.24788 0.21399 0.04359 0.84183 -0.03177 0.53690 -0.04534
1413394977.155760527 -2.31593 0.23937 0.05333 0.87435 -0.05360 0.47941 -0.05301
1413394977.305760384 -2.32389 0.23017 0.08232 0.89046 -0.05533 0.45026 -0.03584
1413394977.505760431 -2.22473 0.17899 0.15917 0.88887 -0.01917 0.45734 0.01979
1413394977.705760479 -2.00809 0.13424 0.25424 0.88501 -0.01433 0.46433 0.03098
1413394977.905760527 -1.68643 0.10704 0.36812 0.85860 -0.00842 0.51116 0.03794
1413394978.105760574 -1.31011 0.10407 0.47905 0.82286 -0.00184 0.56632 0.04675
1413394978.205760479 -1.11739 0.11354 0.52376 0.81522 0.00138 0.57692 0.05070
1413394978.305760384 -0.92352 0.13093 0.55489 0.81242 0.00364 0.58067 0.05277
1413394978.405760527 -0.73317 0.15655 0.58004 0.81160 0.00506 0.58178 0.05297
1413394978.505760431 -0.54753 0.19227 0.59072 0.81190 0.00457 0.58179 0.04817
1413394978.605760574 -0.36216 0.23197 0.60143 0.81220 0.00067 0.58213 0.03821
1413394978.705760479 -0.18262 0.28008 0.61242 0.81291 -0.00813 0.58190 0.02230
1413394978.805760384 -0.00499 0.33301 0.62468 0.81250 -0.01686 0.58266 0.00811
1413394978.905760527 0.16872 0.38604 0.63866 0.81156 -0.02275 0.58383 0.00061
1413394979.005760431 0.33871 0.43783 0.65055 0.80597 -0.02743 0.59131 -0.00187
1413394979.105760574 0.50037 0.48538 0.65540 0.79412 -0.03136 0.60695 -0.00182
1413394979.205760479 0.65403 0.53044 0.64746 0.77675 -0.03914 0.62854 -0.00869
1413394979.305760384 0.79485 0.57137 0.63331 0.75962 -0.04675 0.64840 -0.01924
1413394979.405760527 0.91737 0.60449 0.61961 0.74114 -0.05424 0.66835 -0.03278
1413394979.505760431 1.01253 0.62789 0.61610 0.71960 -0.05689 0.69076 -0.04231
1413394979.605760574 1.07415 0.63804 0.62652 0.70126 -0.05128 0.70984 -0.04162
1413394979.705760479 1.09780 0.63674 0.64918 0.69821 -0.04074 0.71393 -0.03400
1413394979.805760384 1.07836 0.62604 0.67836 0.72416 -0.02391 0.68913 -0.01075
1413394979.905760527 1.02778 0.61252 0.71526 0.76499 -0.00578 0.64358 0.02367
1413394980.005760431 0.95960 0.60254 0.75353 0.79187 0.00194 0.60899 0.04561
1413394980.105760574 0.88871 0.60375 0.78536 0.79982 0.00245 0.59766 0.05552
1413394980.205760479 0.81501 0.61337 0.81079 0.79336 -0.00022 0.60601 0.05782
1413394980.305760384 0.73330 0.63470 0.81558 0.78428 -0.00698 0.61819 0.05195
1413394980.405760527 0.64169 0.66202 0.81476 0.78289 -0.01238 0.62029 0.04661
1413394980.505760431 0.54097 0.69535 0.80835 0.79122 -0.01894 0.60997 0.03920
1413394980.605760574 0.43964 0.73527 0.80700 0.80163 -0.02915 0.59649 0.02719
1413394980.705760479 0.32925 0.77529 0.80732 0.80797 -0.03563 0.58789 0.01713
1413394980.805760384 0.22517 0.81579 0.81503 0.81164 -0.03790 0.58280 0.01209
1413394980.905760527 0.12176 0.85359 0.82471 0.81322 -0.03873 0.58061 0.00856
1413394981.005760431 0.01943 0.88925 0.83113 0.81476 -0.04036 0.57837 0.00548
1413394981.105760574 -0.07864 0.92195 0.82848 0.81550 -0.04450 0.57705 -0.00099
1413394981.205760479 -0.17114 0.95144 0.81580 0.81692 -0.04885 0.57463 -0.00739
1413394981.305760384 -0.26303 0.97371 0.79272 0.81798 -0.05158 0.57285 -0.00937
1413394981.405760527 -0.35262 0.98683 0.76640 0.81877 -0.04658 0.57222 0.00145
1413394981.505760431 -0.43539 0.99562 0.74355 0.81911 -0.04204 0.57191 0.01457
1413394981.605760574 -0.51515 1.00531 0.72456 0.82068 -0.04323 0.56941 0.01955
1413394981.705760479 -0.58930 1.01359 0.70492 0.82599 -0.04723 0.56121 0.02349
1413394981.805760384 -0.65822 1.02023 0.68548 0.83000 -0.05976 0.55400 0.02474
1413394981.905760527 -0.72362 1.02226 0.66768 0.83051 -0.07680 0.55109 0.02541
1413394982.005760431 -0.77615 1.01712 0.65319 0.82859 -0.09748 0.55062 0.02738
1413394982.105760574 -0.81832 1.00359 0.64314 0.82296 -0.12330 0.55379 0.02921
1413394982.205760479 -0.85501 0.98049 0.63782 0.81392 -0.15215 0.55979 0.03180
1413394982.305760384 -0.88744 0.94623 0.63633 0.80500 -0.18313 0.56303 0.03795
1413394982.405760527 -0.91811 0.89784 0.63926 0.79693 -0.21215 0.56329 0.05097
1413394982.505760431 -0.95161 0.83296 0.64605 0.78700 -0.24230 0.56357 0.06567
1413394982.605760574 -0.98960 0.75154 0.65761 0.77693 -0.27191 0.56189 0.08204
1413394982.705760479 -1.03288 0.65637 0.67313 0.76742 -0.29658 0.55894 0.10340
1413394982.805760384 -1.07963 0.54718 0.69213 0.75774 -0.31887 0.55495 0.12720
1413394982.905760527 -1.13124 0.42598 0.71150 0.74822 -0.33939 0.54951 0.15171
1413394983.105760574 -1.24930 0.15920 0.75353 0.73549 -0.36149 0.53691 0.20026
1413394983.305760384 -1.37341 -0.12307 0.79981 0.72971 -0.36409 0.53250 0.22672
1413394983.505760431 -1.50108 -0.40751 0.84449 0.73827 -0.34507 0.52187 0.25205
1413394983.705760479 -1.61626 -0.67468 0.86505 0.74643 -0.32379 0.51545 0.26890
1413394983.905760527 -1.70157 -0.91507 0.83846 0.74855 -0.31388 0.51521 0.27513
1413394984.105760574 -1.75146 -1.11864 0.77210 0.75070 -0.30846 0.51862 0.26895
1413394984.305760384 -1.77231 -1.28085 0.70312 0.76034 -0.29474 0.51899 0.25626
1413394984.505760431 -1.76395 -1.41908 0.64420 0.77396 -0.28586 0.51030 0.24262
1413394984.705760479 -1.70691 -1.52640 0.60115 0.78716 -0.26165 0.51217 0.22269
1413394984.905760527 -1.61646 -1.61407 0.56998 0.79906 -0.22904 0.52168 0.19208
1413394985.105760574 -1.48863 -1.67703 0.56044 0.80510 -0.18665 0.53768 0.16696
1413394985.305760384 -1.33452 -1.72650 0.56896 0.81079 -0.16791 0.54106 0.14722
1413394985.505760431 -1.15699 -1.76394 0.62704 0.81062 -0.19393 0.54504 0.09070
1413394985.705760479 -0.96386 -1.83337 0.73974 0.81212 -0.17301 0.54603 0.11126
1413394985.905760527 -0.76036 -1.90725 0.81521 0.81428 -0.14974 0.54269 0.14148
1413394986.105760574 -0.53794 -1.96222 0.84224 0.81259 -0.14885 0.54381 0.14766
1413394986.305760384 -0.29799 -1.99056 0.87399 0.80658 -0.17875 0.55180 0.11402
1413394986.505760431 -0.04998 -2.02561 0.92357 0.80368 -0.18976 0.55439 0.10365
1413394986.705760479 0.19997 -2.07282 0.98581 0.80919 -0.16630 0.54637 0.13797
1413394986.905760527 0.46285 -2.10577 1.04963 0.80528 -0.16011 0.55125 0.14834
1413394987.105760574 0.73416 -2.11872 1.08779 0.79417 -0.18453 0.56673 0.11855
1413394987.305760384 0.99783 -2.13629 1.08760 0.78742 -0.18794 0.57522 0.11737
1413394987.505760431 1.25144 -2.14955 1.07978 0.78308 -0.15689 0.57935 0.16287
1413394987.705760479 1.49593 -2.12425 1.09147 0.77285 -0.14539 0.59150 0.17805
1413394987.905760527 1.72473 -2.04497 1.12724 0.76168 -0.14321 0.60502 0.18247
1413394988.105760574 1.91261 -1.90163 1.17404 0.75024 -0.14901 0.61928 0.17728
1413394988.305760384 2.04969 -1.70426 1.22372 0.74626 -0.18296 0.62452 0.13999
1413394988.505760431 2.11296 -1.49417 1.25383 0.73889 -0.24989 0.61488 0.11627
1413394988.705760479 2.11121 -1.31034 1.25942 0.72816 -0.31238 0.58906 0.15875
1413394988.905760527 2.05218 -1.14578 1.24158 0.71492 -0.33847 0.57070 0.22054
1413394989.105760574 1.92963 -0.97351 1.21598 0.71528 -0.34286 0.55240 0.25627
1413394989.305760384 1.84476 -0.78109 1.19954 0.72253 -0.34800 0.53883 0.25789
1413394989.505760431 1.74883 -0.58431 1.18490 0.72502 -0.35435 0.53934 0.24063
1413394989.705760479 1.64310 -0.38803 1.14287 0.73023 -0.35521 0.54123 0.21830
1413394989.905760527 1.54131 -0.20100 1.06236 0.75316 -0.33034 0.54346 0.16816
1413394990.105760574 1.42167 -0.05027 0.95951 0.78853 -0.24984 0.54594 0.13325
1413394990.205760479 1.35962 0.01447 0.89713 0.80367 -0.19958 0.54814 0.11752
1413394990.355760574 1.28484 0.10515 0.80176 0.82028 -0.12393 0.55077 0.09188
1413394990.455760479 1.23592 0.18145 0.74311 0.82786 -0.08524 0.54960 0.07297
1413394990.555760384 1.19482 0.25028 0.68678 0.83177 -0.06208 0.54907 0.05320
1413394990.655760527 1.16041 0.31944 0.63410 0.83454 -0.05007 0.54737 0.03783
1413394990.755760431 1.14155 0.38237 0.58298 0.83508 -0.04392 0.54753 0.03036
1413394990.855760574 1.13336 0.44441 0.53611 0.83541 -0.04201 0.54731 0.02802
1413394990.955760479 1.13169 0.50539 0.49426 0.83501 -0.04347 0.54777 0.02857
1413394991.055760384 1.13698 0.56496 0.45716 0.83433 -0.04572 0.54840 0.03250
1413394991.155760527 1.14938 0.62474 0.42460 0.83186 -0.05423 0.55153 0.02984
1413394991.255760431 1.17251 0.68350 0.39435 0.83005 -0.06473 0.55313 0.02963
1413394991.355760574 1.19006 0.74302 0.36585 0.82828 -0.08083 0.55341 0.03407
1413394991.455760479 1.22188 0.79539 0.33927 0.82555 -0.10224 0.55324 0.04402
1413394991.555760384 1.25566 0.83896 0.31820 0.82132 -0.12606 0.55331 0.05825
1413394991.655760527 1.29541 0.87483 0.30137 0.81480 -0.14774 0.55522 0.07747
1413394991.755760431 1.34042 0.90310 0.28828 0.80298 -0.16453 0.56407 0.09989
1413394991.855760574 1.38745 0.92985 0.27711 0.78916 -0.17934 0.57644 0.11304
1413394991.955760479 1.43406 0.95640 0.26663 0.77905 -0.19202 0.58498 0.11836
1413394992.055760384 1.47656 0.98259 0.25533 0.77391 -0.20858 0.58610 0.11851
1413394992.155760527 1.51123 1.00663 0.24326 0.77185 -0.22971 0.58154 0.11531
1413394992.255760431 1.53841 1.02406 0.23400 0.77238 -0.24950 0.57216 0.11749
1413394992.355760574 1.55832 1.02893 0.23021 0.77122 -0.26411 0.56405 0.13157
1413394992.455760479 1.57343 1.02820 0.23007 0.76899 -0.27300 0.55648 0.15638
1413394992.555760384 1.58730 1.02338 0.23230 0.76932 -0.27286 0.54634 0.18763
1413394992.655760527 1.60244 1.02023 0.23600 0.76489 -0.27631 0.54505 0.20373
1413394992.755760431 1.61806 1.02075 0.23981 0.75740 -0.28613 0.55002 0.20484
1413394992.855760574 1.63204 1.02328 0.24281 0.75027 -0.30238 0.55277 0.20025
1413394992.955760479 1.64508 1.02416 0.24514 0.74585 -0.31625 0.55226 0.19673
1413394993.055760384 1.65201 1.02340 0.24145 0.74451 -0.32291 0.54948 0.19878
1413394993.155760527 1.65819 1.01982 0.22560 0.74634 -0.32197 0.54443 0.20714
1413394993.255760431 1.66266 1.01510 0.19931 0.74925 -0.31775 0.53961 0.21562
1413394993.355760574 1.66651 1.01036 0.16686 0.75214 -0.31073 0.53556 0.22563
1413394993.455760479 1.67121 1.00839 0.13420 0.75475 -0.30401 0.53245 0.23330
1413394993.555760384 1.68026 1.00887 0.10367 0.75637 -0.29903 0.53138 0.23688
1413394993.655760527 1.69157 1.01326 0.07295 0.75617 -0.30005 0.53198 0.23489
1413394993.755760431 1.70675 1.01878 0.03962 0.75089 -0.31128 0.53465 0.23112
1413394993.855760574 1.72091 1.02525 -0.00079 0.74293 -0.33116 0.53420 0.23027
1413394993.955760479 1.73251 1.03163 -0.04925 0.73135 -0.35755 0.53230 0.23227
1413394994.055760384 1.74004 1.03607 -0.09841 0.71673 -0.38641 0.52929 0.23839
1413394994.155760527 1.73901 1.03790 -0.14070 0.70197 -0.41174 0.52324 0.25284
1413394994.305760384 1.72750 1.03459 -0.18072 0.68069 -0.44305 0.50713 0.28841
1413394994.505760431 1.70088 1.02586 -0.19429 0.66506 -0.46753 0.47177 0.34138
1413394994.705760479 1.69405 1.02375 -0.16235 0.65423 -0.47810 0.45520 0.36905
1413394994.905760527 1.72133 1.02694 -0.10537 0.64360 -0.48194 0.46078 0.37575
1413394995.105760574 1.76771 1.04917 -0.10651 0.63519 -0.49022 0.47619 0.35980
1413394995.305760384 1.80937 1.08528 -0.17945 0.64271 -0.50721 0.47132 0.32790
1413394995.505760431 1.83407 1.10416 -0.26455 0.65859 -0.50987 0.45137 0.32023
1413394995.705760479 1.85792 1.09299 -0.34132 0.65544 -0.50290 0.45671 0.33001
1413394995.905760527 1.88218 1.07230 -0.39442 0.64169 -0.49632 0.47560 0.34014
1413394996.105760574 1.89015 1.06204 -0.41934 0.63558 -0.48966 0.48058 0.35399
1413394996.305760384 1.89053 1.08204 -0.43552 0.63979 -0.48200 0.48135 0.35587
1413394996.505760431 1.89413 1.07753 -0.44261 0.64446 -0.48278 0.47518 0.35468
1413394996.705760479 1.89216 1.07894 -0.44553 0.64308 -0.48278 0.47748 0.35409
1413394996.905760527 1.88663 1.07928 -0.44382 0.64256 -0.48234 0.47861 0.35412
1413394997.105760574 1.88615 1.07982 -0.44427 0.64249 -0.48226 0.47896 0.35388
1413394997.305760384 1.88779 1.07996 -0.44375 0.64258 -0.48242 0.47891 0.35357
1413394997.505760431 1.89009 1.08020 -0.44276 0.64258 -0.48246 0.47883 0.35361
1413394997.705760479 1.89075 1.08022 -0.44219 0.64267 -0.48246 0.47884 0.35343
1413394997.905760527 1.88924 1.07990 -0.44196 0.64265 -0.48247 0.47897 0.35329
1413394998.105760574 1.88979 1.07990 -0.44144 0.64261 -0.48250 0.47909 0.35316
1413394998.305760384 1.88636 1.07882 -0.44146 0.64252 -0.48237 0.47949 0.35296
