1413394888805760256 0.24029 0.21496 0.41291 -0.00738 0.81785 0.00414 0.57538
1413394888905760512 0.29282 0.25297 0.43671 -0.01235 0.81326 0.00030 0.58177
1413394889005760512 0.33740 0.27759 0.44218 -0.01656 0.81059 -0.00254 0.58538
1413394889105760512 0.38265 0.30042 0.45035 -0.01961 0.80852 -0.00496 0.58813
1413394889205760512 0.42640 0.31878 0.46038 -0.01484 0.80484 -0.00141 0.59331
1413394889305760256 0.46911 0.33553 0.47719 -0.01048 0.78620 0.00149 0.61789
1413394889405760512 0.49854 0.34841 0.49889 -0.00745 0.75438 0.00402 0.65639
1413394889505760512 0.50448 0.35690 0.52175 -0.00395 0.73108 0.00650 0.68225
1413394889605760512 0.48863 0.36593 0.53809 -0.00067 0.74975 0.00752 0.66167
1413394889705760512 0.45134 0.37449 0.55380 0.00162 0.78964 0.00651 0.61353
1413394889805760256 0.40741 0.38640 0.57122 0.00298 0.82875 0.00484 0.55958
1413394889905760512 0.37339 0.40493 0.59128 0.00290 0.85646 0.00111 0.51621
1413394890005760512 0.35233 0.42271 0.60559 0.00212 0.87535 -0.00228 0.48349
1413394890105760512 0.34752 0.43448 0.61095 -0.00034 0.88719 -0.00653 0.46135
1413394890205760512 0.37010 0.44512 0.61490 -0.00470 0.87728 -0.01178 0.47980
1413394890305760256 0.41867 0.45437 0.61525 -0.01412 0.85075 -0.02018 0.52500
1413394890405760512 0.48122 0.45851 0.61009 -0.02276 0.81639 -0.02729 0.57640
1413394890505760512 0.54489 0.45377 0.59570 -0.02672 0.78118 -0.02721 0.62315
1413394890605760512 0.59420 0.44480 0.57956 -0.02332 0.75215 -0.02298 0.65817
1413394890705760512 0.62977 0.43057 0.56981 -0.01402 0.73509 -0.01359 0.67769
1413394890805760256 0.63765 0.41099 0.55834 -0.00467 0.74379 -0.00422 0.66838
1413394890905760512 0.62023 0.38847 0.54388 -0.00262 0.78017 -0.00097 0.62556
1413394891005760512 0.58915 0.36524 0.52847 0.00121 0.82227 0.00177 0.56909
1413394891105760512 0.56272 0.34238 0.51472 0.00414 0.85350 0.00335 0.52107
1413394891205760512 0.55156 0.32009 0.50271 0.00506 0.87181 0.00286 0.48981
1413394891305760256 0.56027 0.29894 0.49757 0.00729 0.87956 0.00389 0.47571
1413394891405760512 0.59136 0.27981 0.49782 0.01256 0.87275 0.00823 0.48793
1413394891505760512 0.65283 0.26702 0.50284 0.01495 0.85425 0.01033 0.51955
1413394891605760512 0.72701 0.25636 0.50755 0.01789 0.83419 0.01325 0.55103
1413394891705760512 0.80814 0.24683 0.51282 0.01958 0.82121 0.01655 0.57004
1413394891805760256 0.89319 0.24165 0.52014 0.02012 0.81537 0.01781 0.57831
1413394891905760512 0.97973 0.24213 0.54222 0.02245 0.80166 0.02079 0.59699
1413394892005760512 1.05882 0.24950 0.57610 0.02332 0.78409 0.02331 0.61977
1413394892105760512 1.12812 0.26282 0.61019 0.01929 0.77148 0.02965 0.63527
1413394892205760512 1.18243 0.28427 0.64374 0.01067 0.76693 0.04390 0.64013
1413394892305760256 1.22985 0.31027 0.67302 -0.00454 0.76534 0.06281 0.64054
1413394892405760512 1.26721 0.34076 0.68715 -0.02270 0.76491 0.08506 0.63809
1413394892505760512 1.29527 0.37610 0.68769 -0.04477 0.76399 0.10973 0.63425
1413394892605760512 1.30659 0.41579 0.68560 -0.06898 0.76697 0.13772 0.62292
1413394892705760512 1.30360 0.45746 0.68542 -0.09509 0.77147 0.16881 0.60605
1413394892805760256 1.29384 0.50282 0.68917 -0.12138 0.77372 0.20270 0.58782
1413394892905760512 1.28485 0.55004 0.69488 -0.14493 0.77310 0.23600 0.57062
1413394893005760512 1.25447 0.59340 0.70621 -0.16375 0.77394 0.26924 0.54928
1413394893105760512 1.22811 0.63919 0.71804 -0.17739 0.76796 0.30294 0.53573
1413394893205760512 1.20257 0.68837 0.73076 -0.19108 0.75813 0.33561 0.52545
1413394893305760256 1.17823 0.74363 0.74461 -0.20778 0.74650 0.35919 0.52014
1413394893405760512 1.15379 0.80428 0.76281 -0.22021 0.72970 0.37627 0.52676
1413394893505760512 1.12577 0.86931 0.77897 -0.22406 0.71333 0.39235 0.53574
1413394893605760512 1.08943 0.93444 0.78709 -0.22354 0.69980 0.40510 0.54424
1413394893705760512 1.04286 1.00228 0.78656 -0.21527 0.68599 0.41533 0.55730
1413394893805760256 0.98431 1.07046 0.78139 -0.21036 0.67714 0.41755 0.56823
1413394893905760512 0.90895 1.13638 0.77292 -0.21407 0.67653 0.41323 0.57072
1413394894005760512 0.81735 1.20841 0.76363 -0.22710 0.67454 0.41008 0.57031
1413394894105760512 0.71030 1.27998 0.75270 -0.24620 0.66843 0.41215 0.56809
1413394894205760512 0.58705 1.34748 0.73652 -0.27877 0.66694 0.41406 0.55320
1413394894305760256 0.45311 1.40442 0.71641 -0.31307 0.66627 0.42142 0.52960
1413394894405760512 0.31507 1.45760 0.69338 -0.33896 0.66108 0.43587 0.50803
1413394894505760512 0.17670 1.50133 0.66675 -0.35492 0.65483 0.45581 0.48730
1413394894605760512 0.04081 1.54388 0.63473 -0.36689 0.64592 0.47571 0.47104
1413394894705760512 -0.09352 1.58462 0.60046 -0.37673 0.63238 0.49309 0.46371
1413394894805760256 -0.22587 1.62425 0.56239 -0.37854 0.62065 0.50864 0.46129
1413394894905760512 -0.35749 1.65895 0.52670 -0.37989 0.61640 0.51943 0.45380
1413394895005760512 -0.48316 1.68789 0.49310 -0.38618 0.62071 0.52124 0.44034
1413394895105760512 -0.60523 1.70658 0.46291 -0.38921 0.62582 0.52110 0.43050
1413394895205760512 -0.72014 1.72277 0.43870 -0.38862 0.63083 0.52037 0.42455
1413394895305760256 -0.82947 1.73967 0.42143 -0.38625 0.63225 0.51735 0.42828
1413394895405760512 -0.93046 1.75886 0.40869 -0.36861 0.62479 0.52375 0.44659
1413394895505760512 -1.03487 1.78221 0.40474 -0.35264 0.62174 0.52788 0.45872
1413394895605760512 -1.13340 1.80191 0.41575 -0.34446 0.62412 0.52719 0.46248
1413394895705760512 -1.23303 1.82126 0.44219 -0.34772 0.63228 0.52099 0.45595
1413394895805760256 -1.33947 1.84444 0.48055 -0.35241 0.63880 0.51541 0.44955
1413394895905760512 -1.44125 1.86874 0.51664 -0.35605 0.64068 0.51256 0.44725
1413394896005760512 -1.53858 1.89407 0.54056 -0.35880 0.63932 0.51229 0.44731
1413394896105760512 -1.63553 1.92160 0.55116 -0.36082 0.63838 0.51322 0.44597
1413394896205760512 -1.73445 1.95265 0.55123 -0.36098 0.63837 0.51429 0.44463
1413394896305760256 -1.83420 1.98407 0.54198 -0.37630 0.64578 0.50479 0.43192
1413394896405760512 -1.92914 2.01470 0.52952 -0.39377 0.65628 0.49226 0.41463
1413394896505760512 -2.01100 2.04397 0.51821 -0.40797 0.66476 0.48149 0.39977
1413394896605760512 -2.07811 2.07162 0.49964 -0.42377 0.67384 0.46843 0.38332
1413394896705760512 -2.12274 2.09846 0.47107 -0.44094 0.68227 0.45309 0.36714
1413394896805760256 -2.14292 2.11784 0.43535 -0.45636 0.68991 0.43794 0.35210
1413394896905760512 -2.12992 2.13233 0.39783 -0.46668 0.69050 0.42638 0.35160
1413394897005760512 -2.07986 2.13809 0.36496 -0.47385 0.69160 0.41950 0.34810
1413394897105760512 -1.99012 2.13882 0.33833 -0.47350 0.69399 0.41863 0.34487
1413394897205760512 -1.86260 2.12796 0.32143 -0.46576 0.69108 0.42531 0.35296
1413394897305760256 -1.70025 2.11169 0.31280 -0.43764 0.67854 0.45093 0.38042
1413394897405760512 -1.51416 2.09310 0.31057 -0.40473 0.65809 0.47927 0.41643
1413394897505760512 -1.31928 2.07365 0.31103 -0.38365 0.64196 0.49719 0.43988
1413394897605760512 -1.12304 2.05335 0.31391 -0.37238 0.63476 0.50667 0.44911
1413394897705760512 -0.92980 2.03161 0.32184 -0.37196 0.62880 0.50828 0.45596
1413394897805760256 -0.74033 2.00704 0.33433 -0.37379 0.62292 0.50815 0.46264
1413394897905760512 -0.55664 1.97981 0.35125 -0.37717 0.61843 0.50684 0.46735
1413394898005760512 -0.37778 1.94773 0.37310 -0.37854 0.61502 0.50646 0.47112
1413394898105760512 -0.20662 1.91148 0.39643 -0.37356 0.61510 0.51048 0.47065
1413394898205760512 -0.04379 1.87173 0.42211 -0.36662 0.61188 0.51760 0.47252
1413394898305760256 0.10847 1.83112 0.45155 -0.35511 0.60152 0.52880 0.48213
1413394898405760512 0.24682 1.78776 0.48146 -0.34432 0.58700 0.54511 0.48962
1413394898505760512 0.36470 1.74260 0.51127 -0.34058 0.57256 0.56444 0.48743
1413394898605760512 0.46192 1.69741 0.54224 -0.34044 0.55738 0.58600 0.47961
1413394898705760512 0.53866 1.65528 0.57448 -0.34104 0.54767 0.60278 0.46947
1413394898805760256 0.59585 1.61515 0.60737 -0.34099 0.54752 0.61506 0.45348
1413394898905760512 0.63655 1.57701 0.64356 -0.33332 0.54053 0.62763 0.45033
1413394899005760512 0.65387 1.54519 0.68020 -0.32269 0.53392 0.63767 0.45187
1413394899105760512 0.64885 1.51908 0.70927 -0.31797 0.53959 0.64156 0.44288
1413394899205760512 0.62254 1.50134 0.72770 -0.31567 0.54701 0.64298 0.43325
1413394899305760256 0.57601 1.49707 0.73665 -0.31480 0.54639 0.64392 0.43327
1413394899405760512 0.51036 1.49962 0.73585 -0.33044 0.55274 0.63525 0.42632
1413394899505760512 0.42820 1.51322 0.72345 -0.35714 0.56236 0.62478 0.40724
1413394899605760512 0.33487 1.53342 0.70307 -0.37697 0.55868 0.62668 0.39120
1413394899705760512 0.23335 1.56316 0.68142 -0.39082 0.54433 0.63948 0.37686
1413394899805760256 0.12375 1.60076 0.66309 -0.40597 0.52296 0.65563 0.36311
1413394899905760512 0.00760 1.64476 0.64699 -0.42629 0.49629 0.66926 0.35222
1413394900005760512 -0.11422 1.69536 0.63620 -0.45262 0.47339 0.67766 0.33438
1413394900105760512 -0.24000 1.74937 0.64003 -0.47735 0.44869 0.68486 0.31903
1413394900205760512 -0.36657 1.80438 0.65364 0.50201 -0.42561 -0.68894 -0.30365
1413394900305760256 -0.48976 1.85799 0.66303 0.51904 -0.40251 -0.69506 -0.29236
1413394900405760512 -0.60782 1.90497 0.66647 0.53138 -0.37542 -0.70284 -0.28760
1413394900505760512 -0.72099 1.94407 0.66201 0.52978 -0.34482 -0.71926 -0.28827
1413394900605760512 -0.83299 1.97412 0.65179 0.52489 -0.31466 -0.73538 -0.29102
1413394900705760512 -0.94930 1.99472 0.63900 0.52438 -0.28364 -0.74682 -0.29468
1413394900805760256 -1.07170 1.99780 0.63280 0.52615 -0.25560 -0.75774 -0.28925
1413394900905760512 -1.20245 1.98294 0.64160 0.53222 -0.23292 -0.76722 -0.27178
1413394901005760512 -1.34154 1.94749 0.66965 0.54199 -0.20531 -0.77433 -0.25398
1413394901105760512 -1.48636 1.89317 0.70570 0.55522 -0.17726 -0.77857 -0.23267
1413394901205760512 -1.63156 1.82112 0.73614 0.57541 -0.15503 -0.77748 -0.20100
1413394901305760256 -1.77234 1.73593 0.75808 0.59718 -0.14203 -0.77333 -0.15865
1413394901405760512 -1.90528 1.64271 0.77313 0.61748 -0.13370 -0.76686 -0.11301
1413394901505760512 -2.02745 1.54706 0.78217 0.63676 -0.12137 -0.75741 -0.07838
1413394901605760512 -2.13467 1.45267 0.78025 0.63892 -0.10454 -0.76026 -0.05341
1413394901705760512 -2.22750 1.36062 0.76673 0.62635 -0.07745 -0.77467 -0.03969
1413394901805760256 -2.30045 1.26423 0.75482 0.61769 -0.03880 -0.78473 -0.03406
1413394901905760512 -2.36377 1.16552 0.74958 0.61742 0.00493 -0.78618 -0.02600
1413394902005760512 -2.41639 1.06369 0.74963 0.61823 0.04465 -0.78466 -0.01009
1413394902105760512 -2.46008 0.95837 0.75493 0.61735 0.07728 -0.78280 0.01130
1413394902205760512 -2.49253 0.84650 0.75988 0.61796 0.10455 -0.77849 0.03403
1413394902305760256 -2.51417 0.73188 0.75811 0.62319 0.12985 -0.76922 0.05550
1413394902405760512 -2.52014 0.61095 0.75038 0.63320 0.15281 -0.75516 0.07377
1413394902505760512 -2.51455 0.49235 0.73768 0.63210 0.16052 -0.75056 0.10650
1413394902605760512 -2.49001 0.37679 0.72738 0.62431 0.15417 -0.75163 0.14668
1413394902705760512 -2.45541 0.27425 0.71832 0.60824 0.14284 -0.75942 0.18143
1413394902805760256 -2.41421 0.19028 0.71154 0.59212 0.13312 -0.76826 0.20360
1413394902905760512 -2.37002 0.12712 0.70759 0.57941 0.13398 -0.77805 0.20241
1413394903055760384 -2.30507 0.06470 0.68862 0.57009 0.13553 -0.78920 0.18381
1413394903255760384 -2.22014 0.03365 0.61852 0.53467 0.10889 -0.82202 0.16294
1413394903455760384 -2.17312 0.04113 0.53364 0.54775 0.08614 -0.82409 0.11586
1413394903605760512 -2.15953 0.06508 0.49746 0.57224 0.07652 -0.81148 0.09053
1413394903705760512 -2.15433 0.07943 0.49058 0.58108 0.07500 -0.80678 0.07639
1413394903805760256 -2.13697 0.07126 0.49511 0.58495 0.07565 -0.80512 0.06242
1413394903905760512 -2.18217 0.11500 0.54652 0.58377 0.08551 -0.80615 0.04496
1413394904005760512 -2.19519 0.12367 0.57238 0.58126 0.07945 -0.80922 0.03145
1413394904105760512 -2.19192 0.13849 0.57692 0.57300 0.05380 -0.81718 0.03148
1413394904205760512 -2.19901 0.15278 0.57551 0.56088 0.02031 -0.82716 0.02832
1413394904305760256 -2.20367 0.17063 0.56229 0.54686 -0.01255 -0.83701 0.01420
1413394904405760512 -2.20815 0.19252 0.54770 0.53547 -0.04745 -0.84319 -0.00761
1413394904505760512 -2.23423 0.22168 0.51805 0.53228 -0.08082 -0.84186 -0.03772
1413394904605760512 -2.26256 0.25015 0.49917 0.54378 -0.11548 -0.82832 -0.06964
1413394904705760512 -2.29804 0.28014 0.48370 0.55720 -0.15173 -0.81044 -0.09844
1413394904805760256 -2.33602 0.31010 0.47251 0.56453 -0.18500 -0.79408 -0.12854
1413394904905760512 -2.37724 0.33916 0.46206 0.57103 -0.21726 -0.77553 -0.15897
1413394905005760512 -2.41278 0.36559 0.45957 0.58454 -0.24770 -0.74923 -0.18871
1413394905105760512 -2.43944 0.38487 0.46113 0.59843 -0.27827 -0.72015 -0.21408
1413394905205760512 -2.45643 0.39689 0.46183 0.59507 -0.31339 -0.70478 -0.22575
1413394905305760256 -2.45887 0.39796 0.45462 0.55991 -0.35436 -0.71610 -0.21938
1413394905405760512 -2.45690 0.40171 0.44078 0.50325 -0.39081 -0.74414 -0.20064
1413394905505760512 -2.45872 0.41323 0.43686 -0.44926 0.41366 0.76951 0.18682
1413394905605760512 -2.46264 0.44755 0.43835 -0.41512 0.42194 0.78465 0.18429
1413394905705760512 -2.48704 0.51491 0.45274 -0.43442 0.40370 0.77581 0.21546
1413394905805760256 -2.52602 0.60077 0.47613 -0.49080 0.37629 0.74363 0.25404
1413394905905760512 -2.56809 0.68566 0.50176 0.55282 -0.34680 -0.70159 -0.28615
1413394906005760512 -2.60713 0.75652 0.52686 0.60015 -0.32527 -0.66531 -0.30228
1413394906105760512 -2.62987 0.80176 0.55542 0.63459 -0.31616 -0.63792 -0.30065
1413394906205760512 -2.62861 0.81819 0.58263 0.64467 -0.32938 -0.63084 -0.27920
1413394906305760256 -2.60900 0.82317 0.60905 0.61361 -0.35995 -0.65625 -0.25150
1413394906405760512 -2.56801 0.82126 0.63039 0.56411 -0.39187 -0.68729 -0.23632
1413394906505760512 -2.51309 0.81561 0.64160 -0.49795 0.41802 0.72121 0.23910
1413394906605760512 -2.45532 0.81588 0.64432 -0.44136 0.44292 0.74033 0.24686
1413394906705760512 -2.40597 0.83182 0.64472 -0.41887 0.45866 0.73549 0.27063
1413394906805760256 -2.37122 0.86318 0.64705 -0.44261 0.46054 0.70265 0.31351
1413394906905760512 -2.34439 0.89885 0.64418 -0.48395 0.44971 0.65736 0.36253
1413394907005760512 -2.32124 0.92545 0.64051 0.52545 -0.43235 -0.61075 -0.40493
1413394907105760512 -2.29721 0.92604 0.63867 0.56145 -0.41929 -0.56994 -0.42911
1413394907205760512 -2.26719 0.89325 0.63220 0.56268 -0.43019 -0.56736 -0.42004
1413394907305760256 -2.22847 0.82687 0.62016 0.52942 -0.46301 -0.59693 -0.38601
1413394907405760512 -2.17937 0.74863 0.60683 -0.48446 0.50929 0.63062 0.32899
1413394907505760512 -2.12410 0.67169 0.58701 -0.45348 0.56432 0.63904 0.25985
1413394907605760512 -2.05744 0.61284 0.56324 -0.42691 0.60484 0.63541 0.21948
1413394907705760512 -1.97447 0.58702 0.54146 -0.40546 0.61480 0.63472 0.23398
1413394907805760256 -1.88212 0.59485 0.52690 -0.41006 0.58486 0.62906 0.30671
1413394907905760512 -1.78928 0.61658 0.50528 -0.43448 0.54026 0.60986 0.38395
1413394908005760512 -1.70095 0.63326 0.47444 -0.46016 0.50509 0.58889 0.43168
1413394908105760512 -1.61976 0.63330 0.43474 -0.46704 0.49415 0.58390 0.44356
1413394908205760512 -1.54344 0.62988 0.38852 -0.43957 0.51354 0.60807 0.41629
1413394908305760256 -1.47679 0.61938 0.34296 -0.39795 0.53722 0.63998 0.37875
1413394908405760512 -1.41759 0.60999 0.30299 -0.36622 0.55752 0.66196 0.34185
1413394908505760512 -1.37063 0.61950 0.27748 -0.35342 0.57505 0.66974 0.30960
1413394908605760512 -1.33400 0.66054 0.28051 -0.36872 0.56451 0.66597 0.31915
1413394908705760512 -1.31357 0.72530 0.31190 -0.41378 0.52900 0.64518 0.36427
1413394908805760256 -1.29689 0.78231 0.35831 -0.46024 0.48972 0.61747 0.40876
1413394908905760512 -1.28728 0.82447 0.41543 -0.49938 0.46096 0.59011 0.43578
1413394909005760512 -1.28873 0.85195 0.47718 0.53279 -0.44935 -0.56688 -0.43917
1413394909105760512 -1.28345 0.85737 0.53390 0.52741 -0.46902 -0.57697 -0.41105
1413394909205760512 -1.26496 0.84428 0.58024 -0.49198 0.50468 0.60472 0.37091
1413394909305760256 -1.23663 0.82666 0.61632 -0.44220 0.54272 0.62906 0.33793
1413394909405760512 -1.20530 0.81391 0.64404 -0.41042 0.57769 0.62903 0.31961
1413394909505760512 -1.17122 0.81719 0.66596 -0.40578 0.59894 0.60659 0.32963
1413394909605760512 -1.13320 0.83506 0.68406 -0.42403 0.60736 0.56994 0.35563
1413394909705760512 -1.08922 0.85846 0.70458 -0.44310 0.60438 0.53721 0.38704
1413394909805760256 -1.03839 0.87526 0.73220 -0.45743 0.58403 0.51309 0.43175
1413394909905760512 -0.97655 0.87613 0.76566 -0.46749 0.56112 0.49612 0.46953
1413394910005760512 -0.91269 0.85934 0.79124 -0.44740 0.56176 0.50950 0.47399
1413394910105760512 -0.85402 0.82490 0.80864 -0.40763 0.58213 0.53943 0.45162
1413394910205760512 -0.80147 0.78487 0.81688 -0.37258 0.60873 0.56459 0.41457
1413394910305760256 -0.75423 0.75097 0.81507 -0.34495 0.63079 0.58339 0.37785
1413394910405760512 -0.70918 0.73155 0.80489 -0.32960 0.64436 0.59390 0.35135
1413394910505760512 -0.66127 0.73505 0.79108 -0.32902 0.64339 0.59711 0.34823
1413394910605760512 -0.61285 0.75828 0.78024 -0.36093 0.61574 0.58321 0.38790
1413394910705760512 -0.56761 0.79738 0.77197 -0.41092 0.57744 0.55357 0.43734
1413394910805760256 -0.52332 0.82497 0.76310 -0.45541 0.54837 0.52321 0.46706
1413394910905760512 -0.47848 0.83329 0.75081 -0.48321 0.53463 0.50505 0.47497
1413394911005760512 -0.43240 0.81649 0.73753 0.50004 -0.53345 -0.49716 -0.46714
1413394911105760512 -0.38321 0.77327 0.71732 -0.47561 0.55323 0.52186 0.44204
1413394911205760512 -0.32811 0.70943 0.69382 -0.42135 0.57957 0.56330 0.41140
1413394911305760256 -0.27447 0.64623 0.66636 -0.37513 0.60225 0.59256 0.38138
1413394911405760512 -0.21550 0.59052 0.63782 -0.34296 0.61825 0.60782 0.36153
1413394911505760512 -0.16467 0.55706 0.60308 -0.32863 0.62501 0.61262 0.35506
1413394911605760512 -0.11802 0.54490 0.56604 -0.33970 0.62029 0.60104 0.37229
1413394911705760512 -0.07733 0.55466 0.53295 -0.37520 0.59894 0.57239 0.41577
1413394911805760256 -0.04370 0.57179 0.50643 -0.41457 0.56948 0.53941 0.46137
1413394911905760512 -0.01520 0.56980 0.48998 -0.43863 0.54920 0.51560 0.49004
1413394912005760512 0.00705 0.54755 0.47852 -0.42639 0.55879 0.52110 0.48416
1413394912105760512 0.02317 0.51441 0.47377 -0.39002 0.59106 0.54484 0.44909
1413394912205760512 0.03770 0.47704 0.47329 -0.35142 0.62221 0.56211 0.41641
1413394912305760256 0.04788 0.45020 0.47759 -0.32307 0.64448 0.56464 0.40182
1413394912405760512 0.05478 0.44131 0.48504 -0.30688 0.66262 0.55356 0.40041
1413394912505760512 0.05893 0.45513 0.49951 -0.30369 0.67850 0.52987 0.40822
1413394912605760512 0.06764 0.47955 0.52035 -0.31510 0.68628 0.49587 0.42877
1413394912705760512 0.07580 0.51498 0.54410 -0.32795 0.69102 0.45960 0.45134
1413394912805760256 0.08855 0.55676 0.56974 -0.33249 0.69751 0.43123 0.46580
1413394912905760512 0.10431 0.59947 0.59078 -0.32927 0.70215 0.41646 0.47448
1413394913005760512 0.12368 0.64134 0.61365 -0.31187 0.70119 0.41779 0.48633
1413394913105760512 0.14150 0.68168 0.63730 -0.29758 0.69813 0.42127 0.49658
1413394913205760512 0.15495 0.72327 0.66150 -0.29324 0.69361 0.42728 0.50035
1413394913305760256 0.16311 0.76801 0.68702 -0.30154 0.68269 0.43871 0.50054
1413394913405760512 0.16329 0.81611 0.71270 -0.31821 0.66404 0.45630 0.49958
1413394913505760512 0.15663 0.86368 0.72903 -0.33386 0.64041 0.48403 0.49409
1413394913605760512 0.14124 0.90893 0.73436 -0.34375 0.61071 0.51970 0.48865
1413394913705760512 0.11486 0.95104 0.72718 -0.35203 0.58197 0.55749 0.47602
1413394913805760256 0.07597 0.99364 0.70853 -0.36550 0.56194 0.59147 0.44811
1413394913905760512 0.02650 1.03419 0.67672 -0.38844 0.54743 0.61597 0.41232
1413394914005760512 -0.03013 1.07691 0.63772 -0.41593 0.53032 0.63340 0.38022
1413394914105760512 -0.09124 1.12255 0.59505 -0.43761 0.50624 0.65121 0.35798
1413394914205760512 -0.15593 1.16900 0.56062 -0.45192 0.47314 0.67240 0.34610
1413394914305760256 -0.22743 1.21572 0.54135 -0.46326 0.43798 0.69390 0.33476
1413394914405760512 -0.30720 1.26059 0.53904 -0.47335 0.40301 0.71331 0.32359
1413394914505760512 -0.39628 1.30182 0.54927 -0.48390 0.37196 0.72841 0.31129
1413394914605760512 -0.49496 1.33793 0.56646 -0.49675 0.35598 0.73669 0.28951
1413394914705760512 -0.60018 1.37041 0.57541 0.51045 -0.34644 -0.74065 -0.26618
1413394914805760256 -0.70722 1.39746 0.57423 0.52227 -0.33610 -0.74432 -0.24548
1413394914905760512 -0.81542 1.42244 0.56282 0.52865 -0.31912 -0.75051 -0.23542
1413394915005760512 -0.92195 1.44073 0.54011 0.53460 -0.29534 -0.75669 -0.23323
1413394915105760512 -1.02823 1.44832 0.51159 0.54132 -0.26254 -0.76338 -0.23514
1413394915205760512 -1.13580 1.44294 0.48613 0.54268 -0.22605 -0.77468 -0.23298
1413394915305760256 -1.24948 1.42439 0.46464 0.54548 -0.18883 -0.78486 -0.22537
1413394915405760512 -1.36733 1.38897 0.44662 0.55223 -0.15350 -0.79106 -0.21376
1413394915505760512 -1.49185 1.33648 0.43253 0.56137 -0.11990 -0.79424 -0.19918
1413394915605760512 -1.62025 1.26346 0.42225 0.58166 -0.09564 -0.79126 -0.16261
1413394915705760512 -1.74536 1.17208 0.41243 0.60369 -0.07758 -0.78600 -0.10841
1413394915805760256 -1.86345 1.07138 0.40686 0.62197 -0.04970 -0.77895 -0.06269
1413394915905760512 -1.96793 0.96414 0.40573 0.63969 -0.01484 -0.76798 -0.02806
1413394916005760512 -2.05937 0.85864 0.40743 0.64711 0.01824 -0.76218 0.00118
1413394916105760512 -2.13151 0.75030 0.41016 0.64981 0.04534 -0.75822 0.02826
1413394916205760512 -2.18650 0.64242 0.41288 0.63511 0.06953 -0.76771 0.04925
1413394916305760256 -2.22931 0.53482 0.41584 0.61006 0.09320 -0.78401 0.06690
1413394916405760512 -2.25967 0.42783 0.41844 0.58799 0.10755 -0.79556 0.09893
1413394916505760512 -2.28428 0.32379 0.41189 0.56792 0.11309 -0.80233 0.14470
1413394916605760512 -2.30847 0.22823 0.39807 0.55933 0.11401 -0.79651 0.19929
1413394916705760512 -2.33217 0.14937 0.37405 0.54990 0.12801 -0.78779 0.24618
1413394916855760640 -2.38067 0.07142 0.31879 0.52868 0.19338 -0.78134 0.26945
1413394917055760384 -2.47695 0.02701 0.21308 0.50405 0.30601 -0.76364 0.26295
1413394917255760384 -2.60018 -0.01233 0.10570 -0.47704 -0.41055 0.73229 -0.26006
1413394917455760384 -2.72341 -0.06732 0.01025 -0.45516 -0.46824 0.70546 -0.27552
1413394917655760640 -2.86861 -0.18379 -0.06385 -0.47280 -0.49401 0.67444 -0.27848
1413394917855760640 -2.98282 -0.35003 -0.10253 -0.49799 -0.50694 0.65149 -0.26568
1413394918055760384 -3.03202 -0.56251 -0.11255 -0.49868 -0.52803 0.63433 -0.26483
1413394918255760384 -3.01167 -0.81235 -0.15110 -0.45384 -0.52325 0.64199 -0.32877
1413394918455760384 -2.95571 -1.07086 -0.17874 -0.39145 -0.51868 0.65170 -0.39119
1413394918655760640 -2.93935 -1.34277 -0.18637 -0.37739 -0.54922 0.61915 -0.41545
1413394918855760640 -2.95746 -1.62041 -0.18666 0.39684 0.59544 -0.56184 0.41509
1413394919055760384 -2.97677 -1.89320 -0.14861 0.41149 0.60852 -0.51119 0.44617
1413394919255760384 -2.97634 -2.12096 -0.05194 0.39110 0.61721 -0.47291 0.49238
1413394919455760384 -2.97063 -2.28032 0.07883 0.39048 0.64617 -0.40775 0.51354
1413394919655760640 -2.96025 -2.34243 0.21196 0.34678 0.70324 -0.37456 0.49487
1413394919855760640 -2.92152 -2.41378 0.29229 0.25508 0.74221 -0.37331 0.49467
1413394920055760384 -2.84975 -2.45393 0.34252 0.19082 0.77721 -0.33228 0.49912
1413394920255760384 -2.75453 -2.50912 0.34169 0.14351 0.80968 -0.26506 0.50356
1413394920455760384 -2.63099 -2.59786 0.31278 0.13417 0.82186 -0.18173 0.52299
1413394920655760640 -2.47323 -2.68071 0.28611 0.14689 0.82280 -0.11290 0.53729
1413394920855760640 -2.28675 -2.72642 0.27966 0.14443 0.82760 -0.09487 0.53407
1413394921055760384 -2.06540 -2.72485 0.25293 0.12358 0.82903 -0.11679 0.53273
1413394921255760384 -1.79984 -2.71626 0.20538 0.09094 0.81233 -0.16091 0.55313
1413394921455760384 -1.54313 -2.70926 0.10795 0.02746 0.80125 -0.23039 0.55152
1413394921655760640 -1.29160 -2.77596 -0.01389 0.07422 0.80685 -0.21647 0.54463
1413394921855760640 -1.03952 -2.87994 -0.12289 0.14125 0.79609 -0.16741 0.56414
1413394922055760384 -0.79148 -2.96471 -0.20238 0.10065 0.77021 -0.14218 0.61354
1413394922255760384 -0.58705 -3.02991 -0.22166 0.06197 0.78933 -0.08672 0.60465
1413394922455760384 -0.42385 -3.08818 -0.16868 0.06389 0.81792 -0.02044 0.57141
1413394922655760640 -0.23991 -3.11529 -0.05950 0.02597 0.82356 -0.01471 0.56644
1413394922855760640 -0.03500 -3.12253 0.06576 0.00195 0.83405 -0.02064 0.55130
1413394923055760384 0.20662 -3.15151 0.17603 0.00075 0.84263 -0.02081 0.53809
1413394923255760384 0.43294 -3.17393 0.27616 0.02447 0.83397 -0.00705 0.55122
1413394923455760384 0.69920 -3.17817 0.37078 0.01888 0.83213 -0.00458 0.55423
1413394923655760640 0.98460 -3.16163 0.46276 -0.00732 0.83925 0.02331 0.54320
1413394923855760640 1.29181 -3.12627 0.52892 -0.02447 0.82401 0.08400 0.55978
1413394924055760384 1.61544 -3.08213 0.54011 -0.05984 0.80842 0.13989 0.56860
1413394924255760384 1.89389 -2.99075 0.52868 -0.12249 0.79845 0.18103 0.56099
1413394924455760384 2.14805 -2.88723 0.51774 -0.18094 0.78574 0.22692 0.54624
1413394924655760640 2.40341 -2.78966 0.52358 -0.21138 0.76278 0.29029 0.53778
1413394924855760640 2.67324 -2.69587 0.56094 -0.23075 0.72296 0.35989 0.54273
1413394924955760384 2.79569 -2.64315 0.57990 -0.23496 0.69846 0.38987 0.55222
1413394925055760384 2.90045 -2.59345 0.59970 -0.23335 0.67756 0.41289 0.56212
1413394925155760640 2.96676 -2.53248 0.60916 -0.23229 0.67350 0.43195 0.55304
1413394925255760384 3.00664 -2.47669 0.62448 -0.22850 0.66992 0.45305 0.54198
1413394925355760640 3.02324 -2.41736 0.63884 -0.22585 0.66426 0.46948 0.53604
1413394925455760384 3.01350 -2.35323 0.64093 -0.23427 0.66424 0.47264 0.52964
1413394925555760384 2.99822 -2.28147 0.63539 -0.24639 0.66746 0.46959 0.52276
1413394925655760640 2.98525 -2.19805 0.62433 -0.25800 0.67012 0.46711 0.51593
1413394925755760384 2.96460 -2.10690 0.60941 -0.28104 0.67998 0.45411 0.50242
1413394925855760640 2.93730 -2.01094 0.59623 -0.29786 0.68854 0.44236 0.49144
1413394925955760384 2.90865 -1.91157 0.58515 -0.30717 0.69191 0.43858 0.48431
1413394926055760384 2.87841 -1.81108 0.57666 -0.30609 0.68846 0.44667 0.48250
1413394926155760640 2.84618 -1.71013 0.56812 -0.29823 0.68266 0.45893 0.48416
1413394926255760384 2.81097 -1.60798 0.56106 -0.29102 0.67799 0.46920 0.48527
1413394926355760640 2.77115 -1.50003 0.55385 -0.29434 0.68228 0.47035 0.47605
1413394926455760384 2.72752 -1.38510 0.54806 -0.29837 0.68722 0.47067 0.46602
1413394926555760384 2.68194 -1.26143 0.54485 -0.30999 0.68497 0.47430 0.45799
1413394926655760640 2.63516 -1.13160 0.54364 -0.33367 0.67715 0.48140 0.44541
1413394926755760384 2.58858 -0.99751 0.54280 -0.36933 0.66765 0.48808 0.42381
1413394926855760640 2.54915 -0.86526 0.54346 -0.40737 0.65743 0.49567 0.39515
1413394926955760384 2.52153 -0.73412 0.54264 -0.43578 0.64427 0.50786 0.37026
1413394927055760384 2.51219 -0.60795 0.53479 -0.44808 0.62736 0.52482 0.36084
1413394927155760640 2.52318 -0.48474 0.51641 -0.43743 0.60144 0.55271 0.37608
1413394927255760384 2.54391 -0.36128 0.49857 -0.42372 0.57773 0.57544 0.39440
1413394927355760640 2.57143 -0.24931 0.48856 -0.41288 0.56561 0.58993 0.40199
1413394927455760384 2.59475 -0.12867 0.49174 -0.40959 0.56484 0.59556 0.39812
1413394927555760384 2.61484 -0.00923 0.50732 -0.40879 0.56908 0.59703 0.39064
1413394927655760640 2.63047 0.10826 0.53756 -0.41089 0.57080 0.59594 0.38756
1413394927755760384 2.64566 0.22011 0.57355 -0.41373 0.56881 0.59712 0.38565
1413394927855760640 2.65825 0.33783 0.60647 -0.41432 0.56267 0.59962 0.39012
1413394927955760384 2.66978 0.45563 0.62914 -0.41456 0.56139 0.60123 0.38925
1413394928055760384 2.68047 0.57451 0.64236 -0.41607 0.55725 0.60160 0.39297
1413394928155760640 2.68840 0.69097 0.64829 -0.41541 0.54499 0.60297 0.40847
1413394928255760384 2.69097 0.80137 0.64898 -0.41958 0.53123 0.59991 0.42644
1413394928355760640 2.68549 0.90926 0.65050 -0.42455 0.52230 0.59482 0.43949
1413394928455760384 2.67038 1.00475 0.65121 -0.43091 0.52785 0.58943 0.43390
1413394928555760384 2.64949 1.08929 0.65404 -0.43725 0.54046 0.58391 0.41924
1413394928655760640 2.62587 1.17191 0.65985 -0.43892 0.55003 0.58098 0.40900
1413394928755760384 2.60137 1.25060 0.66855 -0.43709 0.55464 0.58015 0.40590
1413394928855760640 2.57756 1.32322 0.67451 -0.43211 0.55461 0.58173 0.40900
1413394928955760384 2.55277 1.39247 0.67108 -0.42523 0.55187 0.58482 0.41546
1413394929055760384 2.52634 1.45576 0.65725 -0.42494 0.55171 0.58385 0.41733
1413394929155760640 2.49624 1.51420 0.64138 -0.43234 0.54823 0.57774 0.42278
1413394929255760384 2.46389 1.56392 0.62696 -0.44225 0.54699 0.57021 0.42435
1413394929355760640 2.43113 1.60456 0.61634 -0.45345 0.54992 0.56215 0.41947
1413394929455760384 2.40176 1.63538 0.60942 -0.45573 0.55521 0.56056 0.41209
1413394929555760384 2.37797 1.65648 0.60401 -0.44648 0.56592 0.56774 0.39758
1413394929655760640 2.35834 1.67506 0.60083 -0.43312 0.57413 0.57681 0.38740
1413394929755760384 2.34197 1.69381 0.59916 -0.42233 0.57446 0.58369 0.38852
1413394929855760640 2.32785 1.71294 0.59247 -0.41865 0.57154 0.58568 0.39377
1413394929955760384 2.31223 1.73249 0.57845 -0.42455 0.56615 0.58079 0.40240
1413394930055760384 2.29788 1.74812 0.55485 -0.43200 0.55828 0.57475 0.41395
1413394930155760640 2.28328 1.75980 0.52648 -0.43770 0.55094 0.56969 0.42467
1413394930255760384 2.26484 1.76429 0.50287 -0.44699 0.54275 0.56204 0.43558
1413394930355760640 2.24618 1.75815 0.48264 -0.46055 0.54499 0.55205 0.43141
1413394930455760384 2.23071 1.74258 0.45855 -0.44861 0.56734 0.56154 0.40193
1413394930555760384 2.22246 1.72196 0.42962 -0.42010 0.59740 0.58060 0.35992
1413394930655760640 2.22115 1.70608 0.38984 -0.38996 0.62318 0.59665 0.32185
1413394930755760384 2.22441 1.70693 0.34896 -0.36719 0.62399 0.61042 0.32124
1413394930855760640 2.23226 1.73251 0.31241 -0.37282 0.60315 0.60853 0.35626
1413394930955760384 2.23764 1.77224 0.28128 -0.39836 0.57662 0.59204 0.39788
1413394931055760384 2.23931 1.81490 0.25978 -0.42276 0.55558 0.57378 0.42824
1413394931155760640 2.23758 1.84891 0.24942 -0.43365 0.54581 0.56414 0.44248
1413394931255760384 2.23128 1.86984 0.25611 -0.43972 0.54184 0.55794 0.44918
1413394931355760640 2.22086 1.87964 0.28471 -0.44812 0.53631 0.54953 0.45781
1413394931455760384 2.20780 1.87237 0.32250 -0.44565 0.54214 0.55032 0.45236
1413394931555760384 2.19323 1.85250 0.35085 -0.42306 0.55944 0.56576 0.43355
1413394931655760640 2.17316 1.82571 0.36953 -0.40422 0.56803 0.58028 0.42098
1413394931755760384 2.14850 1.79323 0.38106 -0.39044 0.56011 0.59948 0.41769
1413394931855760640 2.11449 1.76608 0.38673 -0.38578 0.54143 0.62154 0.41438
1413394931955760384 2.06554 1.73758 0.38441 -0.40042 0.52482 0.63804 0.39640
1413394932055760384 2.00744 1.71711 0.38858 -0.43107 0.50230 0.64890 0.37523
1413394932155760640 1.94089 1.69725 0.40687 -0.46965 0.47451 0.65605 0.35195
1413394932255760384 1.87139 1.67365 0.43802 0.50659 -0.44891 -0.66225 -0.32137
1413394932355760640 1.80486 1.64665 0.47812 0.53779 -0.41801 -0.66983 -0.29559
1413394932455760384 1.74750 1.61722 0.51907 0.56177 -0.38081 -0.67873 -0.28056
1413394932555760384 1.69844 1.58073 0.55039 0.57939 -0.34393 -0.68853 -0.26822
1413394932655760640 1.65978 1.53656 0.56782 0.58887 -0.31095 -0.70158 -0.25361
1413394932755760384 1.63079 1.48207 0.57784 0.58843 -0.28400 -0.71982 -0.23442
1413394932855760640 1.61105 1.41944 0.58725 0.57561 -0.26565 -0.74463 -0.20887
1413394932955760384 1.59720 1.35172 0.59619 0.56119 -0.25088 -0.76710 -0.18351
1413394933055760384 1.58590 1.28447 0.60101 0.55352 -0.23536 -0.78253 -0.16080
1413394933155760640 1.57481 1.21786 0.59682 0.55254 -0.21478 -0.79259 -0.14272
1413394933255760384 1.56244 1.15309 0.58510 0.55947 -0.19231 -0.79633 -0.12597
1413394933355760640 1.54896 1.08890 0.56278 0.56765 -0.16777 -0.79797 -0.11345
1413394933455760384 1.53499 1.02775 0.53040 0.57489 -0.14531 -0.79887 -0.10100
1413394933555760384 1.52116 0.96642 0.48692 0.58019 -0.12504 -0.80006 -0.08744
1413394933655760640 1.50881 0.90601 0.44247 0.58926 -0.10427 -0.79784 -0.07317
1413394933755760384 1.49750 0.84776 0.40268 0.60197 -0.08476 -0.79173 -0.06012
1413394933855760640 1.49117 0.79078 0.36658 0.60857 -0.06999 -0.78883 -0.04998
1413394933955760384 1.49153 0.73346 0.33093 0.59971 -0.05428 -0.79740 -0.03942
1413394934055760384 1.49486 0.67612 0.29854 0.58744 -0.03620 -0.80807 -0.02504
1413394934155760640 1.49663 0.61633 0.27403 0.59266 -0.01505 -0.80527 -0.00866
1413394934255760384 1.49918 0.55610 0.24693 0.60216 0.00878 -0.79827 0.00896
1413394934355760640 1.50527 0.49641 0.20651 0.59988 0.03491 -0.79879 0.02931
1413394934455760384 1.51651 0.43752 0.15431 0.58908 0.05581 -0.80426 0.05518
1413394934555760384 1.52836 0.38349 0.09150 0.58121 0.07468 -0.80727 0.07029
1413394934655760640 1.54112 0.33409 0.02868 0.57716 0.09308 -0.80781 0.07536
1413394934755760384 1.55591 0.28742 -0.02277 0.57676 0.10283 -0.80620 0.08257
1413394934855760640 1.57234 0.24287 -0.05918 0.57898 0.10735 -0.80350 0.08744
1413394934955760384 1.58783 0.20129 -0.07791 0.58024 0.10919 -0.80206 0.09002
1413394935055760384 1.60056 0.16546 -0.07536 0.58545 0.10739 -0.79824 0.09237
1413394935155760640 1.61277 0.13781 -0.06207 0.59249 0.09870 -0.79402 0.09355
1413394935255760384 1.62765 0.11391 -0.05302 0.59915 0.08777 -0.79086 0.08863
1413394935355760640 1.64887 0.08925 -0.05721 0.60789 0.07983 -0.78587 0.08059
1413394935455760384 1.67379 0.06420 -0.07508 0.61184 0.07483 -0.78420 0.07120
1413394935555760384 1.70458 0.04246 -0.10367 0.60431 0.07179 -0.79108 0.06206
1413394935655760640 1.74272 0.02146 -0.13571 0.59635 0.06884 -0.79790 0.05472
1413394935755760384 1.78209 -0.00115 -0.15664 0.59430 0.06595 -0.80003 0.04910
1413394935855760640 1.82237 -0.02302 -0.16268 0.59646 0.06300 -0.79881 0.04651
1413394935955760384 1.86848 -0.04213 -0.16203 0.59290 0.06009 -0.80178 0.04482
1413394936055760384 1.91606 -0.06371 -0.17398 0.57850 0.06336 -0.81201 0.04441
1413394936205760512 1.98574 -0.10321 -0.21319 0.55268 0.08688 -0.82681 0.05813
1413394936305760256 2.02677 -0.13501 -0.24509 0.55678 0.11791 -0.81861 0.07721
1413394936505760512 2.10320 -0.20952 -0.30023 0.57066 0.20718 -0.78377 0.13088
1413394936705760512 2.18664 -0.29646 -0.33887 0.55107 0.29669 -0.75831 0.18237
1413394936905760512 2.28454 -0.39443 -0.36369 0.52591 0.35874 -0.73786 0.22426
1413394937105760512 2.39320 -0.50923 -0.38169 -0.49498 -0.42125 0.71543 -0.25633
1413394937255760384 2.47763 -0.61183 -0.39994 -0.47237 -0.45958 0.69694 -0.28273
1413394937355760640 2.53209 -0.68802 -0.41025 -0.45518 -0.47208 0.69200 -0.30181
1413394937555760384 2.62548 -0.85720 -0.42702 -0.44632 -0.48216 0.68119 -0.32297
1413394937755760384 2.68498 -1.04284 -0.43861 -0.45070 -0.47692 0.67694 -0.33342
1413394937955760384 2.72254 -1.22999 -0.43707 -0.45149 -0.45439 0.69112 -0.33473
1413394938155760640 2.73043 -1.40141 -0.39258 -0.44005 -0.42133 0.72032 -0.33162
1413394938355760640 2.69311 -1.59752 -0.30689 -0.45715 -0.39868 0.73226 -0.30961
1413394938555760384 2.61217 -1.80231 -0.17808 -0.49485 -0.37406 0.73313 -0.27879
1413394938755760384 2.51492 -2.00232 -0.08476 0.50749 0.33890 -0.75748 0.23198
1413394938955760384 2.43514 -2.24438 -0.03479 0.51113 0.25919 -0.79090 0.21457
1413394939155760640 2.30445 -2.43329 -0.02234 0.53072 0.15503 -0.80761 0.20510
1413394939355760640 2.14439 -2.57830 -0.04230 0.55066 0.09862 -0.81474 0.15244
1413394939555760384 1.96643 -2.67866 -0.04499 0.56826 0.10197 -0.81232 0.08257
1413394939755760384 1.78685 -2.77816 0.00710 0.57231 0.06390 -0.81242 0.09141
1413394939955760384 1.60539 -2.84669 0.07037 0.56193 0.02334 -0.82237 0.08602
1413394940155760640 1.41670 -2.86699 0.09013 0.54735 0.01367 -0.83617 0.03228
1413394940355760640 1.21294 -2.87299 0.06810 0.56416 -0.04078 -0.82465 0.00288
1413394940555760384 0.99358 -2.86981 0.02231 0.57446 -0.09881 -0.81136 -0.04391
1413394940755760384 0.76876 -2.86134 0.00091 0.56500 -0.12436 -0.80726 -0.11677
1413394940955760384 0.54342 -2.87484 0.01813 0.56338 -0.15895 -0.80237 -0.11638
1413394941055760384 0.42693 -2.88228 0.03877 0.55751 -0.18574 -0.80324 -0.09737
1413394941205760512 0.25829 -2.88424 0.07464 0.54324 -0.22555 -0.80530 -0.07429
1413394941405760512 0.01791 -2.85560 0.13721 0.52593 -0.24071 -0.81193 -0.07889
1413394941605760512 -0.22492 -2.75980 0.21739 0.52167 -0.20149 -0.81715 -0.13973
1413394941755760384 -0.43308 -2.68307 0.28031 0.52988 -0.19823 -0.80784 -0.16530
1413394941855760640 -0.58574 -2.63666 0.32115 0.54122 -0.21549 -0.79728 -0.15810
1413394941955760384 -0.74506 -2.59115 0.35826 0.55310 -0.24857 -0.78495 -0.12707
1413394942055760384 -0.87918 -2.54077 0.39938 0.56083 -0.28103 -0.77314 -0.09350
1413394942155760640 -1.00580 -2.47485 0.44087 0.56538 -0.31157 -0.76110 -0.06327
1413394942255760384 -1.11851 -2.38181 0.48489 0.56607 -0.33845 -0.75018 -0.04742
1413394942355760640 -1.21281 -2.26333 0.53566 0.56287 -0.36224 -0.74136 -0.04849
1413394942455760384 -1.30613 -2.11198 0.59173 0.55870 -0.38068 -0.73362 -0.06883
1413394942555760384 -1.36487 -1.93978 0.63802 0.55600 -0.39938 -0.72216 -0.09922
1413394942655760640 -1.40886 -1.74866 0.66513 0.55253 -0.41989 -0.70751 -0.13354
1413394942755760384 -1.43916 -1.54492 0.67666 0.54876 -0.43187 -0.69164 -0.18435
1413394942855760640 -1.46325 -1.33107 0.67260 0.54385 -0.42549 -0.67479 -0.26047
1413394942955760384 -1.47520 -1.12232 0.65011 0.53572 -0.41319 -0.65402 -0.33842
1413394943055760384 -1.48876 -0.92506 0.60943 0.52504 -0.41343 -0.63058 -0.39469
1413394943155760640 -1.50207 -0.75061 0.55798 0.51188 -0.42580 -0.60678 -0.43415
1413394943255760384 -1.51862 -0.60254 0.49774 -0.49729 0.44373 0.58301 0.46465
1413394943355760640 -1.53963 -0.48385 0.43417 -0.48176 0.46660 0.56034 0.48601
1413394943455760384 -1.56730 -0.40339 0.37961 -0.46015 0.49091 0.54345 0.50192
1413394943555760384 -1.60656 -0.35504 0.33618 -0.43301 0.51772 0.53237 0.51094
1413394943655760640 -1.66134 -0.31943 0.30397 -0.40433 0.55076 0.52978 0.50250
1413394943755760384 -1.72416 -0.31213 0.27585 -0.38790 0.58351 0.52338 0.48489
1413394943855760640 -1.79748 -0.31422 0.24269 -0.38877 0.60632 0.51046 0.46975
1413394943955760384 -1.87123 -0.32565 0.20368 -0.39697 0.62407 0.49741 0.45337
1413394944055760384 -1.93887 -0.34334 0.16749 -0.39303 0.63133 0.49669 0.44749
1413394944155760640 -2.00574 -0.36439 0.13656 -0.38541 0.63204 0.50132 0.44795
1413394944255760384 -2.06967 -0.38987 0.11546 -0.37911 0.63636 0.50214 0.44629
1413394944355760640 -2.12944 -0.41471 0.10507 -0.36803 0.64547 0.50530 0.43886
1413394944455760384 -2.18440 -0.43533 0.11208 -0.34848 0.65647 0.51064 0.43228
1413394944555760384 -2.23439 -0.45410 0.11788 -0.33063 0.67417 0.50380 0.42704
1413394944655760640 -2.27947 -0.46676 0.11114 -0.31391 0.70042 0.48580 0.41818
1413394944755760384 -2.31500 -0.46713 0.09288 -0.29176 0.72886 0.46328 0.41111
1413394944855760640 -2.33897 -0.45875 0.06577 -0.26993 0.75468 0.43445 0.41092
1413394944955760384 -2.34917 -0.43279 0.03361 -0.24941 0.77509 0.40029 0.42046
1413394945055760384 -2.34387 -0.39136 -0.00152 -0.22787 0.78579 0.36541 0.44395
1413394945155760640 -2.32457 -0.33623 -0.03842 -0.20271 0.79056 0.33188 0.47306
1413394945255760384 -2.29833 -0.27049 -0.07445 -0.17855 0.79314 0.29707 0.50080
1413394945355760640 -2.26279 -0.19380 -0.10417 -0.15428 0.79227 0.26260 0.52871
1413394945455760384 -2.22489 -0.11043 -0.12799 -0.14081 0.78490 0.22020 0.56179
1413394945555760384 -2.18979 -0.02469 -0.15138 -0.14414 0.78648 0.16456 0.57757
1413394945655760640 -2.15713 0.05512 -0.17238 -0.14266 0.79176 0.11018 0.58362
1413394945755760384 -2.12590 0.12270 -0.19069 -0.13303 0.79815 0.05904 0.58461
1413394945855760640 -2.09423 0.17357 -0.20795 -0.11485 0.80269 0.00981 0.58515
1413394945955760384 -2.06784 0.20692 -0.22472 -0.09125 0.80419 -0.04019 0.58595
1413394946055760384 -2.04477 0.21686 -0.23628 -0.04853 0.80434 -0.07906 0.58689
1413394946205760512 -2.01716 0.20616 -0.24663 0.02185 0.79830 -0.13453 0.58663
1413394946355760640 -2.00342 0.17371 -0.25841 0.07126 0.78337 -0.20471 0.58254
1413394946555760384 -1.99841 0.11048 -0.27681 0.12563 0.75604 -0.30170 0.56709
1413394946755760384 -2.04126 -0.00005 -0.28174 0.22219 0.71713 -0.36563 0.55016
1413394946955760384 -2.11139 -0.11344 -0.28369 0.30717 0.66925 -0.43398 0.51905
1413394947155760640 -2.19283 -0.20720 -0.26804 0.37538 0.61738 -0.50393 0.47327
1413394947355760640 -2.27598 -0.27230 -0.18964 0.42569 0.56569 -0.56508 0.42363
1413394960905760512 0.44180 0.13044 -0.14866 -0.12861 0.80256 0.22302 0.53816
1413394961005760512 0.51309 0.17503 -0.15889 -0.14992 0.76774 0.22252 0.58188
1413394961105760512 0.57700 0.21443 -0.16696 -0.16226 0.74808 0.21840 0.60527
1413394961205760512 0.62606 0.24656 -0.17633 -0.15882 0.75593 0.21733 0.59675
1413394961305760256 0.67561 0.27422 -0.19435 -0.14386 0.78707 0.22445 0.55628
1413394961405760512 0.70835 0.30497 -0.20553 -0.12884 0.81596 0.23334 0.51299
1413394961505760512 0.74898 0.34646 -0.20864 -0.10820 0.81701 0.24808 0.50915
1413394961605760512 0.80442 0.40402 -0.20793 -0.10093 0.79582 0.25608 0.53936
1413394961705760512 0.86647 0.47389 -0.20795 -0.12130 0.76782 0.24402 0.57982
1413394961805760256 0.90402 0.54134 -0.20344 -0.14914 0.74005 0.22407 0.61635
1413394961905760512 0.93440 0.60955 -0.20238 -0.16848 0.72753 0.20708 0.63200
1413394962005760512 0.96095 0.67593 -0.20121 -0.17621 0.73283 0.19787 0.62671
1413394962105760512 0.96371 0.72529 -0.20386 -0.16788 0.76037 0.20269 0.59378
1413394962205760512 0.95750 0.76620 -0.20471 -0.15066 0.78486 0.21253 0.56225
1413394962305760256 0.94693 0.80226 -0.19931 -0.13823 0.79725 0.21883 0.54535
1413394962405760512 0.94178 0.84580 -0.18457 -0.13635 0.78308 0.21794 0.56630
1413394962505760512 0.93650 0.89740 -0.16295 -0.14782 0.74630 0.20872 0.61451
1413394962605760512 0.92189 0.94691 -0.14279 -0.16213 0.71890 0.19887 0.64603
1413394962705760512 0.88261 0.97478 -0.12803 -0.16751 0.72886 0.19827 0.63356
1413394962805760256 0.83003 0.99836 -0.12167 -0.16521 0.76272 0.20396 0.59106
1413394962905760512 0.76822 1.01338 -0.12036 -0.15749 0.78984 0.21988 0.55046
1413394963005760512 0.71189 1.03125 -0.11885 -0.15389 0.78959 0.23455 0.54575
1413394963105760512 0.65909 1.04880 -0.11694 -0.16344 0.76003 0.23833 0.58210
1413394963205760512 0.59924 1.06913 -0.12686 -0.17930 0.73032 0.23454 0.61602
1413394963305760256 0.53050 1.08319 -0.15394 -0.18220 0.73088 0.23714 0.61349
1413394963405760512 0.45085 1.08916 -0.19719 -0.16776 0.76117 0.24935 0.57472
1413394963505760512 0.36582 1.09170 -0.24627 -0.15136 0.79408 0.26025 0.52802
1413394963605760512 0.28131 1.10023 -0.29412 -0.13956 0.81184 0.26551 0.50094
1413394963705760512 0.21111 1.12026 -0.32944 -0.14365 0.79867 0.26055 0.52307
1413394963805760256 0.14704 1.14989 -0.35713 -0.15805 0.76510 0.24888 0.57245
1413394963905760512 0.07483 1.18066 -0.38843 -0.17600 0.74461 0.23320 0.60016
1413394964005760512 -0.00251 1.20593 -0.42802 -0.17430 0.76382 0.23057 0.57709
1413394964105760512 -0.08684 1.22808 -0.47075 -0.15675 0.79750 0.23813 0.53171
1413394964205760512 -0.16449 1.25287 -0.50593 -0.13933 0.82039 0.24506 0.49749
1413394964305760256 -0.22612 1.28742 -0.52520 -0.13382 0.81181 0.24714 0.51185
1413394964405760512 -0.28480 1.33394 -0.53519 -0.14817 0.78114 0.23756 0.55806
1413394964505760512 -0.34091 1.38140 -0.53872 -0.17130 0.75066 0.22176 0.59832
1413394964605760512 -0.40579 1.42084 -0.54778 -0.18700 0.75697 0.21267 0.58889
1413394964705760512 -0.47544 1.45190 -0.55987 -0.18758 0.79144 0.21355 0.54114
1413394964805760256 -0.54240 1.47783 -0.56759 -0.18076 0.82494 0.21672 0.48973
1413394964905760512 -0.59385 1.50411 -0.56891 -0.17788 0.84596 0.21432 0.45473
1413394965005760512 -0.61573 1.53321 -0.56033 -0.18264 0.85043 0.20496 0.44878
1413394965105760512 -0.62144 1.56840 -0.53730 -0.18150 0.82214 0.20755 0.49806
1413394965205760512 -0.60486 1.59935 -0.50833 -0.19010 0.77843 0.21325 0.55896
1413394965305760256 -0.59311 1.62767 -0.48088 -0.19984 0.74730 0.22920 0.59082
1413394965405760512 -0.60061 1.65566 -0.45860 -0.19937 0.74570 0.26158 0.57944
1413394965505760512 -0.60992 1.67299 -0.44042 -0.20576 0.74866 0.29314 0.55789
1413394965605760512 -0.62279 1.68961 -0.41442 -0.23198 0.73695 0.31341 0.55214
1413394965705760512 -0.63969 1.69910 -0.38232 -0.27338 0.70984 0.32899 0.55961
1413394965805760256 -0.66190 1.69777 -0.35919 -0.29424 0.69453 0.36070 0.54858
1413394965905760512 -0.68984 1.68676 -0.35016 -0.29808 0.68927 0.40041 0.52510
1413394966005760512 -0.72287 1.67049 -0.34133 -0.31939 0.66577 0.42386 0.52449
1413394966105760512 -0.76045 1.64512 -0.33714 -0.35379 0.63421 0.43338 0.53366
1413394966205760512 -0.80407 1.60713 -0.34811 -0.35940 0.63308 0.46063 0.50780
1413394966305760256 -0.85212 1.55843 -0.37067 -0.34535 0.65212 0.49863 0.45479
1413394966405760512 -0.90286 1.50952 -0.39971 -0.32233 0.67300 0.53713 0.39327
1413394966505760512 -0.94955 1.47638 -0.42229 -0.31597 0.67528 0.56223 0.35786
1413394966605760512 -0.98801 1.46902 -0.42919 -0.34587 0.64878 0.56559 0.37359
1413394966705760512 -1.02158 1.47857 -0.42849 -0.39159 0.60688 0.55622 0.41107
1413394966805760256 -1.05405 1.48718 -0.43031 -0.43207 0.56961 0.54719 0.43525
1413394966905760512 -1.08567 1.48575 -0.43774 -0.44730 0.55209 0.55621 0.43099
1413394967005760512 -1.12050 1.47562 -0.44963 -0.43094 0.55220 0.58981 0.40185
1413394967105760512 -1.15688 1.45462 -0.46044 -0.40623 0.55440 0.62872 0.36377
1413394967205760512 -1.19314 1.44357 -0.46048 -0.40607 0.54070 0.65073 0.34542
1413394967305760256 -1.23429 1.44404 -0.44694 -0.44069 0.50995 0.64922 0.35250
1413394967405760512 -1.28063 1.44401 -0.42546 -0.49143 0.47037 0.63272 0.37001
1413394967505760512 -1.32570 1.43431 -0.40501 0.52740 -0.44371 -0.62463 -0.36717
1413394967605760512 -1.36218 1.41427 -0.38982 0.52054 -0.43999 -0.65077 -0.33458
1413394967705760512 -1.40871 1.36676 -0.38114 -0.48760 0.43986 0.69353 0.29630
1413394967805760256 -1.44410 1.33080 -0.35823 -0.48467 0.42433 0.71345 0.27573
1413394967905760512 -1.47374 1.30025 -0.32671 0.51219 -0.39270 -0.71331 -0.27319
1413394968005760512 -1.50388 1.27452 -0.28980 0.54590 -0.35743 -0.70780 -0.27066
1413394968105760512 -1.53405 1.24363 -0.26349 0.54589 -0.33677 -0.72524 -0.25024
1413394968205760512 -1.55860 1.20346 -0.25253 0.52280 -0.32932 -0.75422 -0.22221
1413394968305760256 -1.58029 1.16574 -0.25112 0.51330 -0.31988 -0.76922 -0.20617
1413394968405760512 -1.60126 1.14167 -0.25630 0.51868 -0.30461 -0.77394 -0.19799
1413394968505760512 -1.63271 1.11949 -0.26783 0.52741 -0.29044 -0.77576 -0.18888
1413394968605760512 -1.67790 1.10095 -0.27769 0.52314 -0.28231 -0.78419 -0.17800
1413394968705760512 -1.71668 1.09008 -0.28685 0.51533 -0.27203 -0.79335 -0.17617
1413394968805760256 -1.76273 1.08316 -0.29165 0.51582 -0.25638 -0.79516 -0.18952
1413394968905760512 -1.81806 1.08421 -0.29549 0.52507 -0.25264 -0.79002 -0.19065
1413394969005760512 -1.87553 1.07942 -0.29387 0.54408 -0.24967 -0.78040 -0.18058
1413394969155760640 -1.96936 1.06789 -0.29603 0.56754 -0.23691 -0.77134 -0.16374
1413394969355760640 -2.08358 1.05075 -0.34857 0.58992 -0.21886 -0.76163 -0.15494
1413394969555760384 -2.16845 1.02334 -0.43571 0.59009 -0.19976 -0.76315 -0.17174
1413394969755760384 -2.22040 0.97321 -0.51678 0.54559 -0.18504 -0.79278 -0.19899
1413394969955760384 -2.29530 0.87984 -0.57782 0.52845 -0.19838 -0.80362 -0.18863
1413394970155760640 -2.41634 0.76576 -0.59074 0.52355 -0.22459 -0.80599 -0.16072
1413394970355760640 -2.55752 0.66145 -0.56395 0.56829 -0.23034 -0.77493 -0.15320
1413394970555760384 -2.67831 0.56983 -0.56769 0.61504 -0.24729 -0.73823 -0.12482
1413394970755760384 -2.73661 0.49168 -0.61061 0.62697 -0.25903 -0.72673 -0.10807
1413394970955760384 -2.72023 0.44401 -0.63891 0.57224 -0.22931 -0.77058 -0.16179
1413394971155760640 -2.70114 0.39463 -0.61203 0.53116 -0.22739 -0.79668 -0.17737
1413394971355760640 -2.73252 0.33595 -0.58347 -0.48533 0.24636 0.82354 0.15980
1413394971555760384 -2.81445 0.34523 -0.56484 -0.46589 0.26483 0.83292 0.13803
1413394971755760384 -2.96824 0.42041 -0.52977 0.52631 -0.27979 -0.79236 -0.12992
1413394971955760384 -3.10981 0.51159 -0.49433 0.58425 -0.29744 -0.73936 -0.15338
1413394974355760640 -0.00385 -0.02096 -0.02566 0.26249 0.70304 -0.39794 0.52771
1413394974455760384 -0.01664 -0.02002 -0.01893 0.28132 0.68079 -0.43471 0.51808
1413394974555760384 -0.03709 -0.01991 -0.01015 0.30257 0.65670 -0.46723 0.50882
1413394974655760640 -0.06596 -0.02053 0.00205 0.33341 0.62924 -0.48898 0.50377
1413394974755760384 -0.10335 -0.01775 0.01318 0.36278 0.60626 -0.50772 0.49301
1413394974855760640 -2.18434 -3.10606 2.00112 0.38659 0.58871 -0.52626 0.47646
1413394974955760384 -2.42617 -5.58908 2.07873 0.41032 0.57423 -0.54250 0.45563
1413394975055760384 -2.42200 -9.13784 2.50361 0.43155 0.55972 -0.55134 0.44329
1413394979105760512 0.60586 0.01932 -0.02405 -0.05729 0.77694 -0.01577 0.62676
1413394979205760512 0.64276 -0.00566 -0.05397 -0.06827 0.75649 -0.02153 0.65007
1413394979305760256 0.66179 -0.04416 -0.09338 -0.08279 0.73601 -0.02695 0.67135
1413394979405760512 0.65826 -0.10042 -0.13659 -0.10023 0.71387 -0.03218 0.69233
1413394979505760512 0.62201 -0.17997 -0.17598 -0.11363 0.68821 -0.03296 0.71580
1413394979605760512 0.54511 -0.28597 -0.20876 -0.11624 0.66547 -0.02562 0.73687
1413394979705760512 0.42729 -0.41787 -0.23444 -0.11132 0.65854 -0.01211 0.74417
