1413394888855760640 0.21203 0.19928 0.38280 -0.01512 0.81239 0.00550 0.58289
1413394888955760384 0.29091 0.25560 0.42398 -0.01754 0.80929 -0.00063 0.58715
1413394889055760384 0.33660 0.28075 0.43336 -0.02050 0.80713 -0.00219 0.59002
1413394889155760640 0.37845 0.30006 0.44142 -0.02087 0.80566 -0.00199 0.59200
1413394889255760384 0.42198 0.31847 0.45537 -0.01528 0.79530 0.00129 0.60603
1413394889355760640 0.45833 0.33404 0.47761 -0.01018 0.76882 0.00486 0.63936
1413394889455760384 0.48121 0.34826 0.50227 -0.00743 0.73733 0.00680 0.67546
1413394889555760384 0.48187 0.36032 0.52494 -0.00305 0.73376 0.00926 0.67934
1413394889655760640 0.45849 0.37102 0.54199 -0.00163 0.76780 0.00863 0.64063
1413394889755760384 0.41752 0.38030 0.56049 0.00047 0.80953 0.00784 0.58702
1413394889855760640 0.37937 0.39318 0.58111 -0.00030 0.84324 0.00506 0.53752
1413394889955760384 0.34735 0.40371 0.59915 -0.00234 0.86612 0.00120 0.49984
1413394890055760384 0.33904 0.41815 0.60994 -0.00159 0.88252 -0.00086 0.47027
1413394890155760640 0.35040 0.42969 0.61382 -0.00698 0.88543 -0.00742 0.46466
1413394890255760384 0.39183 0.43924 0.61644 -0.01361 0.86527 -0.01400 0.50093
1413394890355760640 0.45125 0.44431 0.61110 -0.02255 0.83418 -0.02162 0.55060
1413394890455760384 0.52035 0.44384 0.60031 -0.02961 0.79926 -0.02560 0.59972
1413394890555760384 0.58450 0.43680 0.58527 -0.02990 0.76496 -0.02448 0.64292
1413394890655760640 0.63086 0.42263 0.57124 -0.02243 0.74247 -0.01642 0.66931
1413394890755760384 0.65350 0.40321 0.55897 -0.01415 0.73419 -0.00858 0.67874
1413394890855760640 0.64865 0.37964 0.54575 -0.00734 0.76003 -0.00220 0.64985
1413394890955760384 0.62505 0.35301 0.52692 -0.00444 0.80127 0.00087 0.59828
1413394891055760384 0.59415 0.32805 0.51022 -0.00111 0.83934 0.00289 0.54360
1413394891155760640 0.56079 0.30456 0.49929 0.00128 0.86340 0.00340 0.50451
1413394891255760384 0.55534 0.28095 0.49134 0.00357 0.87647 0.00460 0.48142
1413394891355760640 0.57782 0.26010 0.48807 0.00600 0.87832 0.00638 0.47799
1413394891455760384 0.62617 0.24304 0.49261 0.00964 0.86392 0.00951 0.50344
1413394891555760384 0.69362 0.22882 0.49994 0.01122 0.84314 0.01162 0.53745
1413394891655760640 0.76750 0.22632 0.50529 0.01507 0.82642 0.01510 0.56264
1413394891755760384 0.85034 0.22162 0.51009 0.01694 0.81698 0.01680 0.57617
1413394891855760640 0.93076 0.22091 0.52347 0.01797 0.80940 0.01913 0.58667
1413394891955760384 1.01024 0.22452 0.55121 0.01871 0.79188 0.02225 0.60998
1413394892055760384 1.07966 0.23980 0.58738 0.01790 0.77684 0.02600 0.62891
1413394892155760640 1.13913 0.25859 0.62282 0.01144 0.76807 0.03580 0.63927
1413394892255760384 1.18747 0.28327 0.65582 -0.00071 0.76570 0.05348 0.64097
1413394892355760640 1.22733 0.31134 0.67881 -0.01774 0.76547 0.07425 0.63893
1413394892455760384 1.25843 0.34220 0.68530 -0.03915 0.76420 0.09693 0.63646
1413394892555760384 1.27132 0.37721 0.68213 -0.06201 0.76387 0.12361 0.63037
1413394892655760640 1.28078 0.41348 0.68008 -0.08689 0.76880 0.15336 0.61472
1413394892755760384 1.26940 0.45382 0.68341 -0.11310 0.77305 0.18646 0.59568
1413394892855760640 1.26070 0.49374 0.69341 -0.14022 0.77202 0.22026 0.57949
1413394892955760384 1.24580 0.53366 0.70352 -0.16178 0.77286 0.25377 0.55867
1413394893055760384 1.22633 0.57515 0.71475 -0.17767 0.77046 0.28691 0.54083
1413394893155760640 1.20697 0.62160 0.72750 -0.18777 0.76179 0.32102 0.53045
1413394893255760384 1.18741 0.67260 0.73909 -0.20264 0.75214 0.34843 0.52136
1413394893355760640 1.16558 0.72853 0.75470 -0.21912 0.73859 0.36576 0.52220
1413394893455760384 1.14526 0.79051 0.77316 -0.22205 0.72219 0.38109 0.53283
1413394893555760384 1.11768 0.85617 0.78660 -0.22234 0.70882 0.39289 0.54202
1413394893655760640 1.07415 0.91874 0.79127 -0.21789 0.69594 0.40379 0.55240
1413394893755760384 1.02802 0.98417 0.78645 -0.20843 0.68420 0.40925 0.56653
1413394893855760640 0.96140 1.05674 0.78292 -0.20653 0.67959 0.40684 0.57444
1413394893955760384 0.88591 1.13576 0.77299 -0.21251 0.68013 0.40112 0.57564
1413394894055760384 0.79002 1.21487 0.76248 -0.22702 0.67538 0.39998 0.57649
1413394894155760640 0.67463 1.29060 0.74842 -0.25110 0.67122 0.40271 0.56941
1413394894255760384 0.55035 1.36504 0.72889 -0.28829 0.67160 0.40463 0.54965
1413394894355760640 0.40651 1.41975 0.71175 -0.32023 0.66804 0.41777 0.52597
1413394894455760384 0.27113 1.47828 0.68652 -0.34148 0.66346 0.43485 0.50410
1413394894555760384 0.13771 1.53116 0.65747 -0.35261 0.65524 0.45645 0.48783
1413394894655760640 0.00668 1.57854 0.62472 -0.36559 0.64573 0.47450 0.47354
1413394894755760384 -0.12102 1.61577 0.58777 -0.37046 0.63031 0.49294 0.47167
1413394894855760640 -0.24598 1.65245 0.55329 -0.37238 0.62206 0.50689 0.46631
1413394894955760384 -0.37092 1.68239 0.51960 -0.37721 0.62225 0.51384 0.45440
1413394895055760384 -0.49218 1.71151 0.48756 -0.38474 0.62869 0.51251 0.44052
1413394895155760640 -0.60813 1.73725 0.45944 -0.38449 0.63385 0.51315 0.43253
1413394895255760384 -0.71671 1.75757 0.43938 -0.38473 0.63658 0.51034 0.43162
1413394895355760640 -0.81593 1.77245 0.42619 -0.37452 0.63336 0.51313 0.44192
1413394895455760384 -0.91189 1.79129 0.41905 -0.35712 0.62597 0.51961 0.45894
1413394895555760384 -1.01319 1.80221 0.42460 -0.34417 0.62512 0.52386 0.46513
1413394895655760640 -1.11415 1.81824 0.44376 -0.34477 0.62987 0.51949 0.46316
1413394895755760384 -1.21820 1.83602 0.47803 -0.35006 0.63785 0.51429 0.45399
1413394895855760640 -1.32120 1.85567 0.51864 -0.35609 0.64123 0.51042 0.44889
1413394895955760384 -1.42575 1.87845 0.54695 -0.35938 0.64101 0.50927 0.44788
1413394896055760384 -1.52305 1.90351 0.56521 -0.36149 0.63979 0.50976 0.44737
1413394896155760640 -1.62029 1.93110 0.57151 -0.36274 0.63870 0.51133 0.44612
1413394896255760384 -1.71850 1.96128 0.56738 -0.36939 0.64162 0.50840 0.43978
1413394896355760640 -1.81547 1.99188 0.55614 -0.38833 0.65188 0.49540 0.42288
1413394896455760384 -1.90700 2.02242 0.54876 -0.40406 0.66087 0.48450 0.40650
1413394896555760384 -1.97932 2.05038 0.53552 -0.41853 0.66957 0.47302 0.39084
1413394896655760640 -2.03480 2.07736 0.51320 -0.43465 0.67871 0.45873 0.37416
1413394896755760384 -2.06509 2.10286 0.48063 -0.45063 0.68674 0.44388 0.35818
1413394896855760640 -2.07041 2.11994 0.44445 -0.46493 0.69086 0.42998 0.34880
1413394896955760384 -2.04011 2.13135 0.40870 -0.47264 0.69079 0.42111 0.34941
1413394897055760384 -1.96951 2.13660 0.37771 -0.47767 0.69336 0.41565 0.34398
1413394897155760640 -1.86075 2.13135 0.35501 -0.47276 0.69252 0.41967 0.34755
1413394897255760384 -1.71587 2.11638 0.34106 -0.45733 0.68737 0.43323 0.36151
1413394897355760640 -1.53907 2.09936 0.33411 -0.42142 0.66835 0.46486 0.39953
1413394897455760384 -1.34700 2.07876 0.33289 -0.39440 0.64968 0.48732 0.42998
1413394897555760384 -1.15059 2.05685 0.33462 -0.37813 0.63879 0.50032 0.44570
1413394897655760640 -0.95524 2.03594 0.33900 -0.37184 0.63267 0.50620 0.45302
1413394897755760384 -0.76359 2.01367 0.34810 -0.37340 0.62755 0.50617 0.45886
1413394897855760640 -0.57719 1.98855 0.36212 -0.37717 0.62210 0.50490 0.46454
1413394897955760384 -0.39643 1.95967 0.38161 -0.37989 0.61679 0.50342 0.47098
1413394898055760384 -0.22233 1.92510 0.40406 -0.37681 0.61661 0.50633 0.47058
1413394898155760640 -0.05591 1.88831 0.42777 -0.37008 0.61466 0.51264 0.47163
1413394898255760384 0.10149 1.84930 0.45454 -0.36165 0.60868 0.52057 0.47721
1413394898355760640 0.24707 1.80715 0.48432 -0.35067 0.59602 0.53415 0.48629
1413394898455760384 0.37574 1.76277 0.51406 -0.34283 0.58128 0.55237 0.48935
1413394898555760384 0.48312 1.72152 0.54377 -0.34163 0.56658 0.57360 0.48297
1413394898655760640 0.56994 1.67932 0.57527 -0.34195 0.55220 0.59307 0.47583
1413394898755760384 0.63649 1.63680 0.60706 -0.34367 0.54909 0.60713 0.46021
1413394898855760640 0.68431 1.59441 0.64134 -0.34103 0.54644 0.61875 0.44973
1413394898955760384 0.71039 1.56375 0.67805 -0.32998 0.53749 0.63107 0.45162
1413394899055760384 0.71413 1.54049 0.71142 -0.32157 0.53630 0.63814 0.44918
1413394899155760640 0.70201 1.51271 0.73480 -0.31852 0.54534 0.64070 0.43663
1413394899255760384 0.66622 1.50283 0.74786 -0.31514 0.54684 0.64336 0.43329
1413394899355760640 0.61257 1.49761 0.75360 -0.32197 0.54824 0.63990 0.43163
1413394899455760384 0.53906 1.50593 0.74639 -0.34687 0.55935 0.62736 0.41620
1413394899555760384 0.45107 1.52245 0.73116 -0.37071 0.56229 0.62283 0.39811
1413394899655760640 0.35310 1.54898 0.71103 -0.38649 0.55239 0.63082 0.38413
1413394899755760384 0.24824 1.58264 0.69267 -0.39923 0.53509 0.64611 0.36993
1413394899855760640 0.13555 1.62518 0.67791 -0.41735 0.50990 0.66128 0.35850
1413394899955760384 0.01709 1.67179 0.66336 -0.44204 0.48513 0.67172 0.34356
1413394900055760384 -0.10688 1.72399 0.66215 -0.46712 0.46229 0.67975 0.32563
1413394900155760640 -0.23197 1.77651 0.67510 -0.49218 0.43710 0.68525 0.31165
1413394900255760384 -0.35603 1.82371 0.68489 0.51338 -0.41565 -0.68996 -0.29603
1413394900355760640 -0.47562 1.87331 0.69295 0.52770 -0.39023 -0.69694 -0.28900
1413394900455760384 -0.59121 1.91628 0.69254 0.53355 -0.36083 -0.70861 -0.28808
1413394900555760384 -0.70412 1.95319 0.68546 0.52928 -0.33048 -0.72571 -0.28982
1413394900655760640 -0.81774 1.98209 0.67342 0.52569 -0.29919 -0.73984 -0.29459
1413394900755760384 -0.93652 1.99361 0.66310 0.52768 -0.27013 -0.74965 -0.29430
1413394900855760640 -1.06200 1.98758 0.66476 0.53109 -0.24500 -0.76053 -0.28198
1413394900955760384 -1.19708 1.96542 0.68248 0.53872 -0.22013 -0.76910 -0.26420
1413394901055760384 -1.33923 1.92283 0.71727 0.54893 -0.19228 -0.77569 -0.24496
1413394901155760640 -1.48511 1.86173 0.75141 0.56551 -0.16519 -0.77755 -0.21984
1413394901255760384 -1.62876 1.78207 0.77781 0.58802 -0.14896 -0.77424 -0.18056
1413394901355760640 -1.77097 1.69660 0.79389 0.60819 -0.13856 -0.76963 -0.13632
1413394901455760384 -1.90397 1.60411 0.80560 0.62972 -0.12846 -0.76014 -0.09554
1413394901555760384 -2.02027 1.50843 0.81341 0.64178 -0.11477 -0.75537 -0.06606
1413394901655760640 -2.12364 1.41532 0.80584 0.63448 -0.09268 -0.76587 -0.04784
1413394901755760384 -2.21363 1.32306 0.79137 0.62245 -0.06021 -0.77939 -0.03851
1413394901855760640 -2.28569 1.22942 0.78063 0.61726 -0.01824 -0.78588 -0.03242
1413394901955760384 -2.35143 1.13434 0.77573 0.61893 0.02434 -0.78480 -0.02058
1413394902055760384 -2.40280 1.03283 0.77769 0.61845 0.05957 -0.78357 -0.00069
1413394902155760640 -2.43992 0.92424 0.78608 0.61757 0.09012 -0.78109 0.01972
1413394902255760384 -2.47241 0.81255 0.78833 0.62025 0.11589 -0.77459 0.04322
1413394902355760640 -2.46897 0.68871 0.78549 0.62902 0.14126 -0.76182 0.06333
1413394902455760384 -2.46545 0.57012 0.77492 0.63561 0.15950 -0.75034 0.08686
1413394902555760384 -2.44497 0.45502 0.76306 0.63070 0.15961 -0.74877 0.12681
1413394902655760640 -2.40943 0.34799 0.75341 0.61778 0.15083 -0.75364 0.16621
1413394902755760384 -2.36632 0.25539 0.74707 0.59998 0.13853 -0.76279 0.19744
1413394902855760640 -2.32149 0.18393 0.74204 0.58552 0.13425 -0.77184 0.20835
1413394902955760384 -2.27799 0.12892 0.73596 0.57553 0.13816 -0.78101 0.19924
1413394903155760640 -2.19296 0.06848 0.69333 0.55721 0.12734 -0.80167 0.17502
1413394903355760640 -2.12501 0.06263 0.60554 0.53149 0.09911 -0.82946 0.14031
1413394903555760384 -2.09474 0.08117 0.54209 0.56541 0.07947 -0.81461 0.10204
1413394903655760640 -2.09236 0.09488 0.53104 0.57774 0.07766 -0.80807 0.08489
1413394903755760384 -2.09474 0.11447 0.53920 0.58284 0.07832 -0.80557 0.07220
1413394903855760640 -2.09706 0.14184 0.56923 0.58464 0.08526 -0.80472 0.05788
1413394903955760384 -2.10777 0.16133 0.60440 0.58301 0.08939 -0.80654 0.04005
1413394904055760384 -2.10613 0.17766 0.62051 0.57815 0.07336 -0.81188 0.03498
1413394904155760640 -2.10499 0.19162 0.62235 0.56798 0.04218 -0.82119 0.03573
1413394904255760384 -2.10442 0.20728 0.61310 0.55378 0.00825 -0.83214 0.02841
1413394904355760640 -2.09830 0.24099 0.60739 0.54072 -0.02462 -0.84077 0.01054
1413394904455760384 -2.11559 0.26180 0.58406 0.53257 -0.05928 -0.84416 -0.01580
1413394904555760384 -2.14460 0.28868 0.56423 0.53789 -0.09239 -0.83650 -0.04903
1413394904655760640 -2.17994 0.31688 0.54578 0.55212 -0.12806 -0.82004 -0.07928
1413394904755760384 -2.22464 0.34493 0.52883 0.56112 -0.16349 -0.80419 -0.10813
1413394904855760640 -2.26451 0.37506 0.51971 0.56772 -0.19610 -0.78744 -0.13847
1413394904955760384 -2.30346 0.40327 0.51453 0.57786 -0.22761 -0.76543 -0.16848
1413394905055760384 -2.33868 0.42646 0.51037 0.59341 -0.25850 -0.73660 -0.19613
1413394905155760640 -2.36254 0.44274 0.51077 0.60218 -0.29020 -0.71138 -0.21703
1413394905255760384 -2.37354 0.45012 0.50643 0.58298 -0.32925 -0.70960 -0.21954
1413394905355760640 -2.37313 0.45150 0.49733 0.53312 -0.36810 -0.73314 -0.20683
1413394905455760384 -2.36950 0.45679 0.48915 -0.47483 0.39806 0.76180 0.18904
1413394905555760384 -2.36917 0.47653 0.48116 -0.42888 0.41640 0.78177 0.17750
1413394905655760640 -2.38465 0.52917 0.48982 -0.42004 0.41016 0.78618 0.19303
1413394905755760384 -2.41791 0.60763 0.51133 -0.46264 0.38681 0.76395 0.22962
1413394905855760640 -2.46080 0.69508 0.53932 0.52588 -0.35709 -0.72429 -0.26710
1413394905955760384 -2.50325 0.77558 0.56757 0.58012 -0.33029 -0.68480 -0.29226
1413394906055760384 -2.53512 0.83665 0.59482 0.62155 -0.31487 -0.65227 -0.29845
1413394906155760640 -2.54915 0.87388 0.62316 0.64639 -0.31691 -0.63321 -0.28423
1413394906255760384 -2.53866 0.88845 0.65362 0.63503 -0.34045 -0.64402 -0.25704
1413394906355760640 -2.51080 0.88647 0.67986 0.59162 -0.37299 -0.67461 -0.23614
1413394906455760384 -2.45866 0.87967 0.69683 0.53356 -0.40225 -0.70763 -0.22972
1413394906555760384 -2.39672 0.87056 0.69782 -0.46914 0.42700 0.73574 0.23720
1413394906655760640 -2.34015 0.87462 0.69736 -0.42543 0.44757 0.74479 0.25292
1413394906755760384 -2.29836 0.90135 0.69824 -0.42805 0.45685 0.72538 0.28616
1413394906855760640 -2.26706 0.93780 0.69632 -0.46342 0.45227 0.68463 0.33463
1413394906955760384 -2.24612 0.96964 0.69230 0.50793 -0.43841 -0.63562 -0.38182
1413394907055760384 -2.22380 0.98593 0.68986 0.54780 -0.42103 -0.59098 -0.41640
1413394907155760640 -2.19742 0.97370 0.68912 0.57278 -0.41740 -0.56494 -0.42254
1413394907255760384 -2.16389 0.92762 0.68170 0.55190 -0.44153 -0.58352 -0.39995
1413394907355760640 -2.12151 0.85648 0.67027 0.50807 -0.48016 -0.62039 -0.35556
1413394907455760384 -2.07171 0.77701 0.65400 -0.46887 0.53455 0.64214 0.28648
1413394907555760384 -2.01455 0.70937 0.63331 -0.44126 0.58410 0.64177 0.22859
1413394907655760640 -1.94108 0.66581 0.61049 -0.41462 0.61102 0.63973 0.21328
1413394907755760384 -1.85277 0.65754 0.59226 -0.40499 0.59915 0.63881 0.26254
1413394907855760640 -1.75983 0.67289 0.57814 -0.42277 0.55887 0.62530 0.34342
1413394907955760384 -1.67046 0.69438 0.55275 -0.45073 0.51762 0.60267 0.40706
1413394908055760384 -1.58870 0.70618 0.51936 -0.47171 0.49190 0.58539 0.43914
1413394908155760640 -1.51422 0.70007 0.47506 -0.45744 0.49950 0.59614 0.43113
1413394908255760384 -1.44478 0.68672 0.42627 -0.41897 0.52313 0.62716 0.39683
1413394908355760640 -1.38244 0.67368 0.38200 -0.38107 0.54570 0.65477 0.35815
1413394908455760384 -1.32901 0.67866 0.35341 -0.35876 0.56488 0.66948 0.32249
1413394908555760384 -1.29108 0.70548 0.34532 -0.35768 0.57360 0.67159 0.30334
1413394908655760640 -1.26812 0.76576 0.36825 -0.38878 0.54561 0.66089 0.33821
1413394908755760384 -1.25599 0.83282 0.40831 -0.43966 0.50560 0.63342 0.38711
1413394908855760640 -1.24179 0.88950 0.45375 -0.48218 0.47117 0.60571 0.42263
1413394908955760384 -1.23163 0.92186 0.51026 0.52083 -0.44935 -0.57802 -0.43899
1413394909055760384 -1.22133 0.93137 0.57231 0.53695 -0.45371 -0.57012 -0.42520
1413394909155760640 -1.20494 0.92686 0.62610 0.51621 -0.48457 -0.59203 -0.38500
1413394909255760384 -1.17798 0.90554 0.66882 -0.46817 0.52204 0.62183 0.34873
1413394909355760640 -1.14583 0.88561 0.70286 -0.42540 0.55871 0.63458 0.32277
1413394909455760384 -1.11083 0.87560 0.73061 -0.40651 0.58757 0.62315 0.31810
1413394909555760384 -1.07261 0.88336 0.75187 -0.41560 0.60225 0.59163 0.33843
1413394909655760640 -1.02896 0.89973 0.77738 -0.43697 0.60556 0.55531 0.36603
1413394909755760384 -0.97721 0.91908 0.80501 -0.45422 0.59399 0.52640 0.40468
1413394909855760640 -0.91640 0.93010 0.84138 -0.46692 0.56866 0.50561 0.45053
1413394909955760384 -0.85179 0.92814 0.87165 -0.46562 0.55486 0.50111 0.47352
1413394910055760384 -0.78667 0.90530 0.88879 -0.43135 0.56808 0.52692 0.46215
1413394910155760640 -0.72740 0.86788 0.90226 -0.39232 0.59268 0.55629 0.43053
1413394910255760384 -0.67595 0.82679 0.90370 -0.36058 0.61820 0.57827 0.39168
1413394910355760640 -0.62955 0.79677 0.89743 -0.33890 0.63583 0.59257 0.36019
1413394910455760384 -0.58473 0.78490 0.88162 -0.32701 0.64472 0.60098 0.34092
1413394910555760384 -0.53673 0.79557 0.86953 -0.34426 0.62986 0.59526 0.36114
1413394910655760640 -0.48666 0.82783 0.86123 -0.38994 0.59420 0.57124 0.41057
1413394910755760384 -0.43916 0.86194 0.85074 -0.43726 0.55838 0.54076 0.45233
1413394910855760640 -0.39468 0.88478 0.83819 -0.47433 0.53777 0.51554 0.46909
1413394910955760384 -0.35147 0.88475 0.82490 -0.49640 0.53001 0.50111 0.47071
1413394911055760384 -0.30526 0.85906 0.80680 -0.49701 0.54240 0.50709 0.44905
1413394911155760640 -0.25069 0.80546 0.78627 -0.45150 0.56524 0.54484 0.42402
1413394911255760384 -0.19523 0.74286 0.76189 -0.39789 0.58968 0.58291 0.39266
1413394911355760640 -0.14072 0.68507 0.73346 -0.35775 0.60925 0.60472 0.36763
1413394911455760384 -0.08933 0.64667 0.69961 -0.33628 0.62033 0.61333 0.35486
1413394911555760384 -0.04430 0.62311 0.66292 -0.33174 0.62276 0.61163 0.35781
1413394911655760640 -0.00039 0.62432 0.62620 -0.35648 0.60980 0.59120 0.38929
1413394911755760384 0.03840 0.63793 0.59765 -0.39856 0.58287 0.55744 0.43666
1413394911855760640 0.07031 0.64548 0.57820 -0.43185 0.55561 0.52705 0.47646
1413394911955760384 0.09499 0.63249 0.56575 -0.43845 0.54821 0.51752 0.48929
1413394912055760384 0.11463 0.60330 0.55698 -0.41239 0.57146 0.53458 0.46646
1413394912155760640 0.12834 0.56441 0.55525 -0.37142 0.60556 0.55809 0.42882
1413394912255760384 0.14308 0.53028 0.55524 -0.33757 0.63161 0.56814 0.40538
1413394912355760640 0.15366 0.50526 0.56273 -0.31518 0.65039 0.56423 0.39912
1413394912455760384 0.16113 0.50353 0.57438 -0.30592 0.66979 0.54565 0.40007
1413394912555760384 0.16757 0.51992 0.59291 -0.31108 0.68142 0.51642 0.41498
1413394912655760640 0.17663 0.54923 0.61819 -0.32482 0.68640 0.47982 0.43945
1413394912755760384 0.18743 0.58918 0.64267 -0.33302 0.69231 0.44725 0.45802
1413394912855760640 0.20094 0.63201 0.66684 -0.33483 0.69898 0.42478 0.46784
1413394912955760384 0.21834 0.67466 0.69116 -0.32250 0.70127 0.41921 0.47799
1413394913055760384 0.23758 0.71808 0.71630 -0.30629 0.69837 0.42240 0.48994
1413394913155760640 0.25495 0.76096 0.74221 -0.29615 0.69485 0.42683 0.49729
1413394913255760384 0.26692 0.80654 0.76893 -0.29727 0.68824 0.43567 0.49815
1413394913355760640 0.27011 0.85426 0.79461 -0.31231 0.67212 0.44892 0.49919
1413394913455760384 0.26672 0.90360 0.81521 -0.32879 0.65158 0.47206 0.49447
1413394913555760384 0.25588 0.95090 0.82919 -0.34114 0.62447 0.50411 0.48942
1413394913655760640 0.23549 0.99576 0.83091 -0.34996 0.59310 0.54138 0.48237
1413394913755760384 0.20297 1.03851 0.80967 -0.35920 0.56931 0.57815 0.46109
1413394913855760640 0.15833 1.07879 0.78276 -0.37855 0.55238 0.60704 0.42788
1413394913955760384 0.10455 1.12062 0.74636 -0.40445 0.53706 0.62740 0.39288
1413394914055760384 0.04494 1.16399 0.70436 -0.42916 0.51701 0.64425 0.36533
1413394914155760640 -0.01791 1.20986 0.66425 -0.44692 0.48809 0.66386 0.34832
1413394914255760384 -0.08571 1.25491 0.63783 -0.45859 0.45277 0.68592 0.33796
1413394914355760640 -0.16122 1.29814 0.62706 -0.46997 0.41745 0.70576 0.32676
1413394914455760384 -0.24614 1.33738 0.63184 -0.48048 0.38425 0.72321 0.31379
1413394914555760384 -0.33991 1.37641 0.64964 -0.49045 0.35870 0.73599 0.29852
1413394914655760640 -0.44205 1.40783 0.66207 0.50568 -0.34837 -0.74020 -0.27392
1413394914755760384 -0.54715 1.43736 0.66778 0.51842 -0.33885 -0.74369 -0.25169
1413394914855760640 -0.65702 1.46133 0.66167 0.52704 -0.32577 -0.74877 -0.23549
1413394914955760384 -0.76343 1.48076 0.64555 0.53328 -0.30473 -0.75469 -0.23064
1413394915055760384 -0.86849 1.49231 0.61804 0.53940 -0.27586 -0.76098 -0.23207
1413394915155760640 -0.97568 1.49417 0.59053 0.54322 -0.24141 -0.77021 -0.23112
1413394915255760384 -1.08552 1.48191 0.56698 0.54471 -0.20383 -0.78116 -0.22703
1413394915355760640 -1.20256 1.45677 0.54713 0.54941 -0.16746 -0.78914 -0.21763
1413394915455760384 -1.32432 1.41240 0.53121 0.55760 -0.13289 -0.79354 -0.20425
1413394915555760384 -1.44967 1.34969 0.51960 0.57140 -0.10242 -0.79375 -0.18158
1413394915655760640 -1.57699 1.26704 0.51006 0.59415 -0.08388 -0.78888 -0.13271
1413394915755760384 -1.70031 1.16937 0.50319 0.61282 -0.06219 -0.78375 -0.07949
1413394915855760640 -1.80921 1.06416 0.50157 0.63257 -0.02930 -0.77287 -0.04080
1413394915955760384 -1.90582 0.95650 0.50409 0.64511 0.00611 -0.76399 -0.01076
1413394916055760384 -1.98399 0.84747 0.50669 0.64858 0.03672 -0.76005 0.01767
1413394916155760640 -2.04685 0.73928 0.51089 0.64602 0.06120 -0.75969 0.04234
1413394916255760384 -2.08747 0.63227 0.51458 0.62414 0.08488 -0.77426 0.06137
1413394916355760640 -2.12059 0.52584 0.51870 0.59884 0.10547 -0.78939 0.08444
1413394916455760384 -2.14362 0.42102 0.51850 0.57723 0.11401 -0.79881 0.12530
1413394916555760384 -2.15678 0.32397 0.50870 0.56253 0.11824 -0.79962 0.17374
1413394916655760640 -2.18249 0.23716 0.48950 0.55575 0.12124 -0.78965 0.22999
1413394916755760384 -2.20984 0.16954 0.46000 0.54360 0.15065 -0.78331 0.26121
1413394916955760384 -2.28292 0.09997 0.36656 0.50982 0.24951 -0.77575 0.27573
1413394917155760640 -2.39269 0.07318 0.25732 -0.48926 -0.36534 0.74623 -0.26511
1413394917355760640 -2.51806 0.03957 0.16055 -0.46342 -0.45133 0.71312 -0.27019
1413394917555760384 -2.67617 -0.06356 0.07029 -0.46002 -0.48671 0.68739 -0.28108
1413394917755760384 -2.81862 -0.21138 0.01689 -0.48114 -0.50080 0.66350 -0.27835
1413394917955760384 -2.89975 -0.40347 0.00345 0.50255 0.52231 -0.63782 0.26043
1413394918155760640 -2.90538 -0.63277 -0.02016 -0.47617 -0.52824 0.63708 -0.29725
1413394918355760640 -2.85838 -0.88586 -0.04918 -0.41682 -0.52243 0.64845 -0.36446
1413394918555760384 -2.82907 -1.15819 -0.06770 -0.37722 -0.53055 0.63784 -0.41157
1413394918755760384 -2.83409 -1.43117 -0.07150 -0.38115 -0.57731 0.58968 -0.41679
1413394918955760384 -2.85793 -1.71091 -0.05593 0.41031 0.60825 -0.52843 0.42713
1413394919155760640 -2.86673 -1.96470 0.01211 0.39974 0.61308 -0.49114 0.47236
1413394919355760640 -2.85849 -2.15038 0.14016 0.38484 0.63037 -0.44002 0.51079
1413394919555760384 -2.84710 -2.26302 0.28073 0.37781 0.67645 -0.37961 0.50555
1413394919755760384 -2.81480 -2.30126 0.39099 0.29940 0.72599 -0.37070 0.49586
1413394919955760384 -2.75132 -2.31152 0.46392 0.21814 0.76091 -0.35492 0.49746
1413394920155760640 -2.67064 -2.39709 0.49527 0.16169 0.79495 -0.29776 0.50324
1413394920355760640 -2.56202 -2.48137 0.48572 0.13380 0.81939 -0.21882 0.51266
1413394920555760384 -2.42212 -2.59053 0.45876 0.13481 0.82288 -0.14025 0.53388
1413394920755760384 -2.24945 -2.66605 0.43620 0.14997 0.82478 -0.09132 0.53750
1413394920955760384 -2.04506 -2.68059 0.41998 0.13416 0.82894 -0.09728 0.53423
1413394921155760640 -1.79653 -2.65953 0.37277 0.10561 0.82149 -0.13399 0.54411
1413394921355760640 -1.53123 -2.63529 0.29030 0.05440 0.80718 -0.19440 0.55472
1413394921555760384 -1.26709 -2.65946 0.17465 0.02954 0.80550 -0.23451 0.54341
1413394921755760384 -1.01360 -2.75136 0.06025 0.11643 0.80507 -0.18640 0.55097
1413394921955760384 -0.75652 -2.84474 -0.03599 0.12708 0.78066 -0.15104 0.59296
1413394922155760640 -0.53170 -2.91071 -0.08334 0.07433 0.77233 -0.11477 0.62033
1413394922355760640 -0.34947 -2.97066 -0.06980 0.05910 0.80845 -0.04612 0.58377
1413394922555760384 -0.17780 -3.01054 0.00270 0.04772 0.82207 -0.00667 0.56735
1413394922755760384 0.02024 -3.03207 0.10763 0.00665 0.82773 -0.01514 0.56088
1413394922955760384 0.21299 -3.04729 0.20845 -0.00217 0.83788 -0.01664 0.54560
1413394923155760640 0.40369 -3.06020 0.29910 0.00317 0.84262 -0.01489 0.53830
1413394923355760640 0.63510 -3.07176 0.37778 0.02848 0.82695 0.00073 0.56156
1413394923555760384 0.88582 -3.05940 0.45388 0.00023 0.83878 0.00683 0.54442
1413394923755760384 1.16587 -3.03261 0.52121 -0.01639 0.83114 0.05817 0.55276
1413394923955760384 1.46483 -2.98197 0.54889 -0.04353 0.81455 0.11667 0.56656
1413394924155760640 1.74787 -2.90115 0.54170 -0.09026 0.80067 0.16607 0.56850
1413394924355760640 2.00415 -2.80196 0.54185 -0.16112 0.79317 0.20414 0.55068
1413394924555760384 2.26389 -2.70406 0.55075 -0.20322 0.77287 0.25913 0.54243
1413394924755760384 2.52184 -2.61115 0.56287 -0.22610 0.74399 0.32974 0.53538
1413394924905760512 2.70174 -2.54056 0.58601 -0.23833 0.70747 0.37909 0.54678
1413394925005760512 2.80961 -2.49040 0.60523 -0.24007 0.68451 0.40497 0.55661
1413394925105760512 2.90150 -2.44049 0.62431 -0.23619 0.67193 0.42614 0.55779
1413394925205760512 2.96526 -2.38707 0.64301 -0.23386 0.66811 0.44682 0.54707
1413394925305760256 3.01239 -2.32894 0.66300 -0.23123 0.66414 0.46579 0.53712
1413394925405760512 3.04247 -2.26334 0.67696 -0.23277 0.66037 0.47627 0.53188
1413394925505760512 3.04332 -2.19134 0.67837 -0.24438 0.66322 0.47493 0.52427
1413394925605760512 3.04048 -2.10904 0.67176 -0.25564 0.66545 0.47273 0.51803
1413394925705760512 3.02489 -2.02156 0.65630 -0.27355 0.67186 0.46490 0.50758
1413394925805760256 2.99827 -1.92432 0.64439 -0.29460 0.68200 0.45123 0.49445
1413394925905760512 2.96756 -1.82706 0.63211 -0.30682 0.68859 0.44314 0.48512
1413394926005760512 2.93343 -1.72569 0.62560 -0.31125 0.68893 0.44449 0.48055
1413394926105760512 2.90032 -1.62601 0.61660 -0.30515 0.68336 0.45659 0.48107
1413394926205760512 2.86501 -1.52490 0.60832 -0.29608 0.67719 0.46873 0.48377
1413394926305760256 2.82532 -1.41955 0.60055 -0.29528 0.67711 0.47329 0.47992
1413394926405760512 2.78140 -1.30984 0.59260 -0.29868 0.68267 0.47348 0.46966
1413394926505760512 2.73422 -1.19530 0.58624 -0.30563 0.68494 0.47515 0.46009
1413394926605760512 2.68626 -1.07093 0.58210 -0.32309 0.67953 0.48075 0.45026
1413394926705760512 2.63693 -0.94326 0.58084 -0.35435 0.67040 0.48684 0.43357
1413394926805760256 2.59170 -0.81373 0.58052 -0.39055 0.66001 0.49515 0.40827
1413394926905760512 2.55676 -0.68392 0.58131 -0.42558 0.64792 0.50422 0.38057
1413394927005760512 2.53786 -0.55556 0.57656 -0.44772 0.63476 0.51737 0.35909
1413394927105760512 2.53837 -0.42812 0.56503 -0.44639 0.61084 0.54130 0.36690
1413394927205760512 2.55514 -0.31156 0.54618 -0.43400 0.58599 0.56674 0.38349
1413394927305760256 2.57854 -0.19147 0.53201 -0.42156 0.56732 0.58508 0.39764
1413394927405760512 2.60327 -0.07556 0.52887 -0.41287 0.56212 0.59601 0.39791
1413394927505760512 2.62399 0.04403 0.54056 -0.41204 0.56377 0.59866 0.39242
1413394927605760512 2.64109 0.16575 0.56595 -0.41161 0.56805 0.59883 0.38639
1413394927705760512 2.65689 0.28396 0.60146 -0.41335 0.56777 0.59966 0.38364
1413394927805760256 2.67089 0.39891 0.63925 -0.41614 0.56270 0.60093 0.38610
1413394927905760512 2.68201 0.51919 0.66564 -0.41675 0.55912 0.60275 0.38780
1413394928005760512 2.69136 0.63115 0.68535 -0.41846 0.55804 0.60328 0.38671
1413394928105760512 2.69922 0.74149 0.69797 -0.41803 0.54894 0.60484 0.39759
1413394928205760512 2.70162 0.85716 0.70155 -0.42034 0.53533 0.60333 0.41562
1413394928305760256 2.69766 0.96816 0.70340 -0.42482 0.52287 0.59921 0.43253
1413394928405760512 2.68625 1.06889 0.70582 -0.42998 0.51934 0.59453 0.43811
1413394928505760512 2.66784 1.15613 0.70658 -0.43728 0.53237 0.58870 0.42285
1413394928605760512 2.64412 1.23989 0.71178 -0.44043 0.54323 0.58511 0.41057
1413394928705760512 2.61899 1.31810 0.71904 -0.44041 0.55021 0.58305 0.40418
1413394928805760256 2.59423 1.39225 0.72595 -0.43781 0.55313 0.58302 0.40307
1413394928905760512 2.57033 1.46550 0.72640 -0.43017 0.54961 0.58654 0.41091
1413394929005760512 2.54419 1.53364 0.71672 -0.42624 0.54938 0.58769 0.41367
1413394929105760512 2.51491 1.59679 0.70086 -0.43051 0.54794 0.58376 0.41671
1413394929205760512 2.48255 1.65347 0.68552 -0.43971 0.54425 0.57648 0.42205
1413394929305760256 2.44972 1.70017 0.67268 -0.45134 0.54573 0.56783 0.41956
1413394929405760512 2.41893 1.73557 0.66373 -0.45816 0.54980 0.56274 0.41369
1413394929505760512 2.39287 1.75741 0.65850 -0.45480 0.55768 0.56564 0.40273
1413394929605760512 2.37030 1.77492 0.65393 -0.44243 0.56889 0.57456 0.38795
1413394929705760512 2.35212 1.79227 0.65248 -0.42928 0.57231 0.58288 0.38526
1413394929805760256 2.33662 1.81149 0.64956 -0.42164 0.57103 0.58755 0.38850
1413394929905760512 2.32150 1.83171 0.63882 -0.42280 0.56713 0.58619 0.39495
1413394930005760512 2.30544 1.85227 0.62031 -0.43087 0.55999 0.57959 0.40600
1413394930105760512 2.29008 1.86672 0.59252 -0.43652 0.55275 0.57483 0.41650
1413394930205760512 2.27372 1.87538 0.56524 -0.44317 0.54456 0.56909 0.42800
1413394930305760256 2.25544 1.87469 0.54349 -0.45805 0.53946 0.55772 0.43374
1413394930405760512 2.23838 1.86295 0.52157 -0.46004 0.55241 0.55682 0.41612
1413394930505760512 2.22554 1.84336 0.49662 -0.43746 0.58006 0.57312 0.37907
1413394930605760512 2.21738 1.82216 0.46342 -0.40620 0.60945 0.59171 0.33685
1413394930705760512 2.21623 1.81054 0.42164 -0.37735 0.62416 0.60730 0.31499
1413394930805760256 2.22175 1.82348 0.38235 -0.36948 0.61231 0.61327 0.33536
1413394930905760512 2.22899 1.85626 0.34731 -0.38607 0.58855 0.60336 0.37485
1413394931005760512 2.23515 1.90036 0.31975 -0.41477 0.56258 0.58395 0.41287
1413394931105760512 2.23570 1.94073 0.30224 -0.43268 0.54747 0.56970 0.43416
1413394931205760512 2.23295 1.97107 0.29791 -0.43865 0.54108 0.56325 0.44449
1413394931305760256 2.22561 1.98939 0.31208 -0.44557 0.53663 0.55655 0.45139
1413394931405760512 2.21516 1.99476 0.34918 -0.45372 0.53528 0.54888 0.45426
1413394931505760512 2.20497 1.97698 0.39231 -0.43782 0.54915 0.55955 0.44006
1413394931605760512 2.18915 1.95692 0.41542 -0.41535 0.56352 0.57501 0.42343
1413394931705760512 2.16893 1.92786 0.42964 -0.39934 0.56421 0.59123 0.41551
1413394931805760256 2.14113 1.89930 0.43808 -0.38844 0.54900 0.61290 0.41480
1413394931905760512 2.10318 1.87763 0.44005 -0.39310 0.53094 0.63272 0.40404
1413394932005760512 2.05289 1.85969 0.43934 -0.41669 0.51269 0.64600 0.38236
1413394932105760512 1.99057 1.83817 0.44861 -0.45306 0.48611 0.65385 0.36183
1413394932205760512 1.92527 1.82259 0.47567 -0.49067 0.45857 0.66064 0.33543
1413394932305760256 1.86030 1.80475 0.51439 0.52559 -0.43149 -0.66672 -0.30506
1413394932405760512 1.79389 1.77430 0.55093 0.55150 -0.39804 -0.67543 -0.28496
1413394932505760512 1.74366 1.74721 0.58795 0.57242 -0.36016 -0.68468 -0.27172
1413394932605760512 1.70227 1.70982 0.61186 0.58662 -0.32463 -0.69518 -0.25925
1413394932705760512 1.66446 1.65670 0.61756 0.59151 -0.29536 -0.71020 -0.24187
1413394932805760256 1.64278 1.60076 0.62537 0.58450 -0.27211 -0.73214 -0.21976
1413394932905760512 1.62928 1.53874 0.63503 0.56944 -0.25617 -0.75686 -0.19306
1413394933005760512 1.61908 1.47374 0.64303 0.55737 -0.24148 -0.77614 -0.16922
1413394933105760512 1.60706 1.40872 0.64466 0.55295 -0.22363 -0.78859 -0.14956
1413394933205760512 1.59348 1.34650 0.63873 0.55628 -0.20169 -0.79521 -0.13236
1413394933305760256 1.57941 1.28430 0.62280 0.56436 -0.17806 -0.79750 -0.11739
1413394933405760512 1.56469 1.22475 0.59623 0.57238 -0.15479 -0.79837 -0.10500
1413394933505760512 1.55121 1.16408 0.55861 0.57844 -0.13355 -0.79939 -0.09241
1413394933605760512 1.53800 1.10184 0.51503 0.58424 -0.11318 -0.79980 -0.07857
1413394933705760512 1.52516 1.04282 0.47476 0.59615 -0.09235 -0.79488 -0.06517
1413394933805760256 1.51606 0.98562 0.43876 0.60724 -0.07576 -0.78910 -0.05333
1413394933905760512 1.51261 0.92840 0.40521 0.60709 -0.06148 -0.79108 -0.04312
1413394934005760512 1.51302 0.87214 0.37238 0.59352 -0.04473 -0.80297 -0.03130
1413394934105760512 1.51590 0.81476 0.34536 0.58796 -0.02544 -0.80834 -0.01538
1413394934205760512 1.51862 0.75700 0.32351 0.59863 -0.00274 -0.80102 0.00179
1413394934305760256 1.52453 0.69869 0.29197 0.60304 0.02312 -0.79714 0.01950
1413394934405760512 1.53467 0.63924 0.24805 0.59473 0.04696 -0.80134 0.04402
1413394934505760512 1.54537 0.58471 0.19072 0.58459 0.06611 -0.80593 0.06599
1413394934605760512 1.55915 0.53365 0.12755 0.57892 0.08517 -0.80744 0.07512
1413394934705760512 1.57311 0.48778 0.07136 0.57705 0.10079 -0.80663 0.07872
1413394934805760256 1.59122 0.44262 0.02773 0.57767 0.10654 -0.80463 0.08670
1413394934905760512 1.60909 0.39941 0.00306 0.57954 0.10916 -0.80254 0.09022
1413394935005760512 1.62486 0.35990 -0.00531 0.58299 0.10970 -0.79980 0.09169
1413394935105760512 1.63790 0.32612 0.00390 0.58905 0.10479 -0.79572 0.09418
1413394935205760512 1.65051 0.29901 0.01364 0.59585 0.09398 -0.79224 0.09215
1413394935305760256 1.66802 0.27455 0.01558 0.60320 0.08358 -0.78850 0.08616
1413394935405760512 1.69275 0.25134 0.00421 0.61127 0.07736 -0.78384 0.07721
1413394935505760512 1.71871 0.23040 -0.01874 0.60956 0.07397 -0.78639 0.06754
1413394935605760512 1.75452 0.20968 -0.05123 0.59994 0.07108 -0.79465 0.05958
1413394935705760512 1.79291 0.19034 -0.07801 0.59452 0.06813 -0.79941 0.05337
1413394935805760256 1.83137 0.16951 -0.09232 0.59593 0.06576 -0.79890 0.04804
1413394935905760512 1.87146 0.14821 -0.09104 0.59547 0.06203 -0.79961 0.04673
1413394936005760512 1.91702 0.12788 -0.09503 0.58816 0.06146 -0.80515 0.04497
1413394936105760512 1.96474 0.10567 -0.11382 0.56750 0.06931 -0.81907 0.04753
1413394936255760384 2.02852 0.06680 -0.15581 0.55367 0.10158 -0.82372 0.06790
1413394936405760512 2.08481 0.01824 -0.20037 0.56725 0.15856 -0.80117 0.10586
1413394936605760512 2.16261 -0.05973 -0.24691 0.56567 0.25863 -0.76740 0.15562
1413394936805760256 2.25149 -0.14929 -0.27688 0.53841 0.32971 -0.74731 0.20720
1413394937005760512 2.35221 -0.25522 -0.29172 0.51130 0.38989 -0.72686 0.24132
1413394937205760512 2.46092 -0.38200 -0.30780 -0.48166 -0.45030 0.70019 -0.27381
1413394937305760256 2.51821 -0.45655 -0.32097 -0.46245 -0.46732 0.69401 -0.29343
1413394937455760384 2.60066 -0.57492 -0.33307 -0.44791 -0.47918 0.68551 -0.31597
1413394937655760640 2.67790 -0.75375 -0.34411 -0.44814 -0.48238 0.67707 -0.32871
1413394937855760640 2.73410 -0.94094 -0.34427 -0.45249 -0.46932 0.67965 -0.33625
1413394938055760384 2.75388 -1.12333 -0.32973 -0.44585 -0.43751 0.70559 -0.33459
1413394938255760384 2.74544 -1.31688 -0.27539 -0.44048 -0.40767 0.73028 -0.32630
1413394938455760384 2.68768 -1.52155 -0.15678 -0.47662 -0.38551 0.73130 -0.29901
1413394938655760640 2.60556 -1.73822 -0.03905 0.50397 0.36036 -0.74249 0.25468
1413394938855760640 2.51100 -1.94408 0.03325 0.50830 0.30779 -0.77433 0.21751
1413394939055760384 2.40184 -2.13971 0.06403 0.51911 0.20484 -0.80108 0.21642
1413394939255760384 2.25890 -2.30020 0.06221 0.54090 0.12149 -0.81195 0.18275
1413394939455760384 2.09009 -2.42267 0.03992 0.55875 0.09783 -0.81532 0.11609
1413394939655760640 1.90848 -2.52585 0.06423 0.57244 0.08975 -0.81078 0.08301
1413394939855760640 1.73050 -2.61475 0.13161 0.56809 0.03349 -0.81547 0.10564
1413394940055760384 1.54181 -2.66029 0.17813 0.55085 0.02925 -0.83249 0.05166
1413394940255760384 1.33865 -2.68113 0.17802 0.55315 -0.01016 -0.83277 0.02056
1413394940455760384 1.11386 -2.68905 0.13955 0.57048 -0.07172 -0.81805 -0.01428
1413394940655760640 0.88097 -2.68660 0.10138 0.57046 -0.11212 -0.80945 -0.08241
1413394940855760640 0.64668 -2.68762 0.09939 0.56268 -0.13698 -0.80551 -0.12565
1413394941005760512 0.46674 -2.70198 0.12935 0.56054 -0.17048 -0.80353 -0.10520
1413394941105760512 0.34607 -2.71322 0.15443 0.55185 -0.19928 -0.80530 -0.08514
1413394941305760256 0.11337 -2.70254 0.21556 0.53479 -0.23739 -0.80791 -0.07022
1413394941505760512 -0.12694 -2.63151 0.29322 0.52271 -0.22001 -0.81662 -0.10725
1413394941705760512 -0.40423 -2.52654 0.37696 0.52475 -0.19414 -0.81355 -0.15836
1413394941805760256 -0.55059 -2.47660 0.42009 0.53424 -0.20124 -0.80418 -0.16548
1413394941905760512 -0.69974 -2.42774 0.45788 0.54730 -0.22900 -0.79227 -0.14258
1413394942005760512 -0.84445 -2.37730 0.49751 0.55725 -0.26402 -0.77989 -0.10739
1413394942105760512 -0.98834 -2.31679 0.53807 0.56384 -0.29540 -0.76763 -0.07460
1413394942205760512 -1.09722 -2.23585 0.58606 0.56600 -0.32337 -0.75660 -0.05127
1413394942305760256 -1.21053 -2.12728 0.63533 0.56337 -0.34958 -0.74742 -0.04200
1413394942405760512 -1.30746 -1.98742 0.68669 0.55915 -0.37016 -0.73992 -0.05340
1413394942505760512 -1.38564 -1.81798 0.73550 0.55652 -0.38781 -0.73030 -0.08093
1413394942605760512 -1.43910 -1.63018 0.76884 0.55318 -0.40784 -0.71761 -0.11265
1413394942705760512 -1.48507 -1.42393 0.78899 0.55072 -0.42689 -0.70108 -0.15156
1413394942805760256 -1.51440 -1.20859 0.79306 0.54674 -0.42846 -0.68559 -0.21787
1413394942905760512 -1.53635 -0.99032 0.77950 0.54025 -0.41716 -0.66728 -0.29807
1413394943005760512 -1.55124 -0.78352 0.74592 0.53136 -0.41000 -0.64437 -0.36653
1413394943105760512 -1.56565 -0.59293 0.69932 0.51975 -0.41706 -0.62090 -0.41280
1413394943205760512 -1.57666 -0.43040 0.64393 0.50663 -0.43241 -0.59694 -0.44722
1413394943305760256 -1.59392 -0.29674 0.57857 -0.49160 0.45314 0.57345 0.47345
1413394943405760512 -1.61593 -0.19647 0.51787 -0.47408 0.47737 0.55319 0.49127
1413394943505760512 -1.64485 -0.13184 0.46942 -0.44947 0.50149 0.53922 0.50570
1413394943605760512 -1.68888 -0.09463 0.43056 -0.42077 0.53191 0.53257 0.50634
1413394943705760512 -1.74369 -0.07699 0.40140 -0.39817 0.56717 0.52917 0.48966
1413394943805760256 -1.80921 -0.07652 0.36980 -0.38778 0.59401 0.52085 0.47487
1413394943905760512 -1.87796 -0.08801 0.34067 -0.39520 0.61375 0.50573 0.45974
1413394944005760512 -1.94961 -0.10432 0.30024 -0.39865 0.62764 0.49764 0.44665
1413394944105760512 -2.01817 -0.13182 0.26872 -0.38985 0.63148 0.50024 0.44611
1413394944205760512 -2.08243 -0.15504 0.24216 -0.38372 0.63222 0.50281 0.44748
1413394944305760256 -2.14318 -0.18325 0.22712 -0.37479 0.64027 0.50412 0.44210
1413394944405760512 -2.19861 -0.20597 0.22660 -0.35982 0.65073 0.50864 0.43401
1413394944505760512 -2.24993 -0.22646 0.23584 -0.33857 0.66381 0.51013 0.42953
1413394944605760512 -2.29736 -0.24213 0.23356 -0.32348 0.68661 0.49547 0.42241
1413394944705760512 -2.33835 -0.25044 0.21965 -0.30366 0.71498 0.47519 0.41327
1413394944805760256 -2.36846 -0.24845 0.19534 -0.28095 0.74274 0.44926 0.40935
1413394944905760512 -2.38609 -0.22929 0.16574 -0.25974 0.76583 0.41775 0.41415
1413394945005760512 -2.38752 -0.19453 0.13260 -0.23931 0.78249 0.38186 0.42968
1413394945105760512 -2.37489 -0.14643 0.09722 -0.21536 0.78918 0.34792 0.45800
1413394945205760512 -2.35015 -0.08538 0.06186 -0.19010 0.79258 0.31462 0.48651
1413394945305760256 -2.31665 -0.01438 0.02909 -0.16534 0.79433 0.27997 0.51316
1413394945405760512 -2.27799 0.06511 0.00335 -0.14527 0.78844 0.24278 0.54619
1413394945505760512 -2.23997 0.15041 -0.02096 -0.14239 0.78561 0.19229 0.57058
1413394945605760512 -2.20683 0.23232 -0.04314 -0.14325 0.78975 0.13731 0.58045
1413394945705760512 -2.17628 0.30751 -0.06311 -0.13790 0.79548 0.08425 0.58404
1413394945805760256 -2.14619 0.36801 -0.08274 -0.12398 0.80135 0.03404 0.58421
1413394945905760512 -2.11644 0.40745 -0.10132 -0.10439 0.80390 -0.01672 0.58529
1413394946005760512 -2.09118 0.42758 -0.11704 -0.07200 0.80450 -0.06185 0.58632
1413394946155760640 -2.06064 0.42640 -0.13137 0.00047 0.80218 -0.11590 0.58572
1413394946255760384 -2.04956 0.40943 -0.13778 0.04162 0.79399 -0.15712 0.58579
1413394946455760384 -2.04354 0.35025 -0.15070 0.09908 0.77154 -0.25497 0.57437
1413394946655760640 -2.07561 0.25493 -0.15348 0.17017 0.73759 -0.33815 0.55916
1413394946855760640 -2.13399 0.14115 -0.15742 0.26819 0.69417 -0.39995 0.53501
1413394947055760384 -2.21645 0.03976 -0.15155 0.34634 0.64109 -0.46927 0.49884
1413394947255760384 -2.29947 -0.03496 -0.10692 0.39924 0.59338 -0.54119 0.44229
1413394947455760384 -2.38440 -0.08527 0.00772 -0.44658 -0.54105 0.58264 -0.41032
1413394947655760640 -2.44324 -0.11443 0.13838 -0.43841 -0.53456 0.61717 -0.37570
1413394947855760640 -2.49097 -0.15123 0.22138 -0.39484 -0.56637 0.63544 -0.34575
1413394948055760384 -2.49498 -0.25193 0.31928 -0.36373 -0.60608 0.61068 -0.35698
1413394948255760384 -2.47737 -0.39473 0.41938 0.35056 0.63748 -0.57721 0.37088
1413394948455760384 -2.48036 -0.59841 0.50349 0.40678 0.61151 -0.51295 0.44438
1413394948655760640 -2.46816 -0.77299 0.56641 0.45124 0.56791 -0.46674 0.50598
1413394948855760640 -2.44960 -0.83758 0.63354 0.45085 0.56881 -0.47199 0.50042
1413394949055760384 -2.39252 -0.79670 0.68174 0.39601 0.62086 -0.52838 0.42252
1413394949255760384 -2.34374 -0.75080 0.69297 0.34223 0.65834 -0.57058 0.35200
1413394949455760384 -2.25029 -0.78055 0.67220 0.33088 0.66265 -0.58301 0.33395
1413394949655760640 -2.13893 -0.90727 0.67827 0.40452 0.61373 -0.53733 0.41349
1413394949855760640 -1.99838 -1.05521 0.70806 0.44239 0.56815 -0.50583 0.47501
1413394950055760384 -1.85717 -1.12323 0.71991 0.40558 0.56664 -0.51045 0.50385
1413394950255760384 -1.74595 -1.12219 0.72521 0.32908 0.60105 -0.52615 0.50360
1413394950455760384 -1.68573 -1.12705 0.72621 0.30324 0.67456 -0.52534 0.42075
1413394950655760640 -1.62315 -1.15544 0.76254 0.30924 0.69764 -0.51691 0.38791
1413394950855760640 -1.52403 -1.28096 0.80607 0.36600 0.66021 -0.46067 0.46686
1413394951055760384 -1.39159 -1.35606 0.87053 0.40121 0.61464 -0.38492 0.55954
1413394951255760384 -1.28108 -1.33203 0.92576 0.34859 0.63212 -0.36336 0.58896
1413394951455760384 -1.21230 -1.22410 0.95973 0.24706 0.72612 -0.40146 0.50053
1413394951655760640 -1.16713 -1.12053 1.02217 0.18513 0.78161 -0.43292 0.40913
1413394951855760640 -1.05361 -1.15568 1.11970 0.20691 0.77729 -0.42717 0.41297
1413394952055760384 -0.88655 -1.26081 1.24350 0.28130 0.71365 -0.38428 0.51371
1413394952255760384 -0.72048 -1.38003 1.32333 0.30561 0.67598 -0.36689 0.56129
1413394952455760384 -0.58057 -1.46564 1.33483 0.24276 0.71179 -0.39293 0.52917
1413394952655760640 -0.46550 -1.54501 1.37800 0.22371 0.74587 -0.37493 0.50305
1413394952855760640 -0.33350 -1.67396 1.43604 0.25256 0.73176 -0.33453 0.53743
1413394953055760384 -0.21069 -1.76513 1.47614 0.28092 0.68344 -0.30038 0.60312
1413394953255760384 -0.17250 -1.76177 1.51252 0.29124 0.65936 -0.28680 0.63101
1413394953455760384 -0.17404 -1.67900 1.59886 0.29295 0.65570 -0.29026 0.63244
1413394953655760640 -0.29404 -1.46385 1.59934 0.24780 0.74816 -0.33871 0.51393
1413394953855760640 -0.37827 -1.26662 1.45341 0.21461 0.79673 -0.36664 0.42981
1413394954055760384 -0.39018 -1.11494 1.26634 0.23618 0.77341 -0.35134 0.47182
1413394954255760384 -0.36208 -0.98530 1.09180 0.27669 0.71529 -0.31255 0.56046
1413394954455760384 -0.34142 -0.82498 0.93971 0.28441 0.68795 -0.29967 0.59668
1413394954655760640 -0.36069 -0.59863 0.82485 0.22617 0.74717 -0.35107 0.51705
1413394959555760384 -0.03998 0.02111 0.22563 -0.15722 0.78395 0.24606 0.54787
1413394959655760640 -0.04247 0.03466 0.23963 -0.14277 0.81857 0.26391 0.48981
1413394959755760384 -0.03799 0.06828 0.25141 -0.13258 0.83166 0.28552 0.45742
1413394959855760640 0.00313 0.13024 0.28546 -0.12893 0.81222 0.31751 0.47208
1413394959955760384 0.05126 0.19655 0.30121 -0.15095 0.77897 0.33464 0.50836
1413394960055760384 0.09331 0.26055 0.30202 -0.19727 0.73511 0.33932 0.55277
1413394960155760640 0.12692 0.32337 0.29490 -0.24071 0.69585 0.34801 0.58029
1413394960255760384 0.14756 0.40079 0.29160 -0.26636 0.67711 0.36748 0.57925
1413394960355760640 0.15898 0.45652 0.28751 -0.28314 0.67616 0.39879 0.55101
1413394960455760384 0.16728 0.52178 0.26965 -0.28343 0.68822 0.43654 0.50543
1413394960555760384 0.15601 0.53563 0.24452 -0.27758 0.70184 0.47830 0.44900
1413394960655760640 0.14022 0.54435 0.21616 -0.27381 0.70607 0.51460 0.40209
1413394960755760384 0.12790 0.55899 0.19438 -0.28072 0.68813 0.54454 0.38879
1413394960855760640 0.12585 0.61819 0.18399 -0.31309 0.65180 0.55328 0.41353
1413394960955760384 0.12655 0.69383 0.18033 -0.35716 0.61624 0.54370 0.44393
1413394961055760384 0.12371 0.77291 0.17961 -0.39033 0.59107 0.53081 0.46531
1413394961155760640 0.11447 0.83659 0.17374 -0.40515 0.58126 0.52911 0.46693
1413394961255760384 0.10651 0.89783 0.15888 -0.38444 0.59833 0.54454 0.44461
1413394961355760640 0.08889 0.93976 0.14772 -0.35501 0.61994 0.57081 0.40473
1413394961455760384 0.07098 0.98944 0.14005 -0.32750 0.62686 0.59187 0.38663
1413394961555760384 0.05138 1.05748 0.13942 -0.32231 0.60896 0.59980 0.40685
1413394961655760640 0.02521 1.13792 0.14264 -0.34836 0.58820 0.58578 0.43534
1413394961755760384 -0.01193 1.22209 0.14682 -0.39216 0.56934 0.55653 0.46080
1413394961855760640 -0.05573 1.29580 0.14998 -0.42600 0.56055 0.53026 0.47236
1413394961955760384 -0.10158 1.35601 0.15364 -0.44141 0.56315 0.51543 0.47154
1413394962055760384 -0.14857 1.39723 0.15517 -0.43351 0.58155 0.52015 0.45091
1413394962155760640 -0.19399 1.42281 0.15659 -0.40182 0.60095 0.54169 0.42892
1413394962255760384 -0.23871 1.44365 0.16197 -0.37494 0.61443 0.55756 0.41356
1413394962355760640 -0.28098 1.45728 0.17576 -0.36660 0.61553 0.56138 0.41423
1413394962455760384 -0.32263 1.47347 0.19875 -0.39197 0.59319 0.54318 0.44660
1413394962555760384 -0.37360 1.49855 0.22612 -0.42464 0.56520 0.51697 0.48267
1413394962655760640 -0.41941 1.48783 0.24822 -0.44218 0.55833 0.50548 0.48706
1413394962755760384 -0.47209 1.46672 0.26098 -0.42833 0.58083 0.52050 0.45634
1413394962855760640 -0.52830 1.43968 0.26933 -0.40141 0.60556 0.54445 0.41921
1413394962955760384 -0.57865 1.40509 0.27235 -0.38207 0.61020 0.56752 0.39949
1413394963055760384 -0.62709 1.37529 0.27748 -0.39421 0.59119 0.56859 0.41448
1413394963155760640 -0.67473 1.34654 0.27892 -0.42663 0.56237 0.55216 0.44368
1413394963255760384 -0.72122 1.30371 0.26456 -0.44575 0.54715 0.54236 0.45583
1413394963355760640 -0.77446 1.25501 0.23292 -0.42858 0.55924 0.55811 0.43827
1413394963455760384 -0.82726 1.18637 0.18947 -0.39359 0.58328 0.58473 0.40369
1413394963555760384 -0.88187 1.11402 0.14251 -0.36140 0.60158 0.60606 0.37442
1413394963655760640 -0.93815 1.06219 0.10514 -0.35696 0.60298 0.60790 0.37343
1413394963755760384 -0.99642 1.02320 0.07934 -0.38450 0.58357 0.58917 0.40556
1413394963855760640 -1.05953 0.96774 0.04788 -0.42258 0.56119 0.56125 0.43760
1413394963955760384 -1.12774 0.92143 0.01543 -0.43337 0.56657 0.55083 0.43333
1413394964055760384 -1.19698 0.86574 -0.02487 -0.40519 0.59042 0.56787 0.40589
1413394964155760640 -1.26436 0.81223 -0.06237 -0.36863 0.61295 0.58888 0.37633
1413394964255760384 -1.33330 0.76677 -0.09463 -0.35224 0.61786 0.59481 0.37468
1413394964355760640 -1.40347 0.74044 -0.10833 -0.37240 0.60090 0.58040 0.40419
1413394964455760384 -1.47830 0.72058 -0.11462 -0.41357 0.57830 0.55044 0.43765
1413394964555760384 -1.55245 0.69119 -0.12367 -0.44017 0.57033 0.52994 0.44737
1413394964655760640 -1.62145 0.65693 -0.13454 -0.43233 0.59386 0.53722 0.41451
1413394964755760384 -1.68528 0.61905 -0.14446 -0.40383 0.62437 0.55696 0.36997
1413394964855760640 -1.74481 0.58919 -0.15151 -0.37616 0.64958 0.56844 0.33679
1413394964955760384 -1.78918 0.57830 -0.15101 -0.36633 0.66848 0.56606 0.31388
1413394965055760384 -1.81736 0.59065 -0.13511 -0.37767 0.65925 0.55652 0.33622
1413394965155760640 -1.84230 0.61478 -0.10954 -0.40491 0.62283 0.54367 0.39058
1413394965255760384 -1.86155 0.64210 -0.08037 -0.43871 0.58248 0.53209 0.43028
1413394965355760640 -1.87761 0.66448 -0.05592 -0.44558 0.55697 0.54618 0.43924
1413394965455760384 -1.89312 0.67483 -0.03610 -0.43521 0.54791 0.57762 0.42041
1413394965555760384 -1.90971 0.67832 -0.01330 -0.44067 0.53326 0.59998 0.40183
1413394965655760640 -1.92818 0.67594 0.01603 -0.47557 0.50671 0.60519 0.38836
1413394965755760384 -1.94433 0.66479 0.04501 0.50776 -0.47545 -0.61377 -0.37338
1413394965855760640 -1.95597 0.64253 0.05968 0.50672 -0.45214 -0.64497 -0.35045
1413394965955760384 -1.96431 0.60965 0.06876 0.50784 -0.42526 -0.67058 -0.33402
1413394966055760384 -1.97221 0.57162 0.07494 0.54028 -0.39116 -0.66887 -0.32818
1413394966155760640 -1.97151 0.51956 0.07468 0.55889 -0.36685 -0.67465 -0.31291
1413394966255760384 -1.96887 0.45569 0.05717 0.53619 -0.36195 -0.70973 -0.27886
1413394966355760640 -1.96243 0.38612 0.02864 -0.48854 0.36518 0.75728 0.23346
1413394966455760384 -1.96060 0.32147 0.00057 -0.44794 0.36282 0.79385 0.19369
1413394966555760384 -1.97388 0.27802 -0.01433 -0.45719 0.34480 0.79955 0.18115
1413394966655760640 -1.99848 0.25262 -0.01879 0.50658 -0.31480 -0.77966 -0.19080
1413394966755760384 -2.02868 0.23311 -0.01943 0.56203 -0.28186 -0.75107 -0.20140
1413394966855760640 -2.05508 0.21042 -0.02315 0.59358 -0.25770 -0.73643 -0.19730
1413394966955760384 -2.06711 0.17778 -0.02890 0.58370 -0.24048 -0.75415 -0.18089
1413394967055760384 -2.07627 0.14111 -0.03796 0.54613 -0.22683 -0.79088 -0.15746
1413394967155760640 -2.08597 0.10189 -0.04277 0.51558 -0.20769 -0.81978 -0.13782
1413394967255760384 -2.10637 0.06592 -0.03359 0.53194 -0.18283 -0.81717 -0.12592
1413394967355760640 -2.13642 0.03089 -0.01407 0.57823 -0.15544 -0.79218 -0.11806
1413394967455760384 -2.16337 -0.00767 0.00815 0.62604 -0.13010 -0.76128 -0.10773
1413394967555760384 -2.17761 -0.05186 0.02387 0.63219 -0.11496 -0.76180 -0.08240
1413394967655760640 -2.17333 -0.09676 0.03574 0.59197 -0.09742 -0.79786 -0.05922
1413394967755760384 -2.16542 -0.14080 0.04984 0.55742 -0.07715 -0.82563 -0.04084
1413394967855760640 -2.16442 -0.18126 0.07767 0.56497 -0.05274 -0.82299 -0.02679
1413394967955760384 -2.16059 -0.22276 0.11058 0.59652 -0.02360 -0.80216 -0.01201
1413394968055760384 -2.15040 -0.26886 0.14462 0.60954 0.00570 -0.79270 0.00730
1413394968155760640 -2.13550 -0.31378 0.16137 0.58299 0.02945 -0.81156 0.02506
1413394968255760384 -2.12220 -0.35571 0.16727 0.55503 0.04596 -0.82971 0.03756
1413394968355760640 -2.11343 -0.39265 0.16787 0.55087 0.06048 -0.83106 0.04703
1413394968455760384 -2.11183 -0.43297 0.15973 0.55468 0.07547 -0.82662 0.05764
1413394968555760384 -2.11448 -0.47525 0.15138 0.55281 0.08893 -0.82561 0.06976
1413394968655760640 -2.12334 -0.51649 0.14423 0.54198 0.10032 -0.83109 0.07406
1413394968755760384 -2.14221 -0.55653 0.14137 0.54196 0.11644 -0.82983 0.06408
1413394968855760640 -2.16504 -0.60276 0.14053 0.55039 0.12449 -0.82346 0.05912
1413394968955760384 -2.19278 -0.65190 0.14115 0.56084 0.12282 -0.81566 0.07121
1413394969055760384 -2.22609 -0.70624 0.14329 0.57340 0.12401 -0.80486 0.08963
1413394969255760384 -2.28795 -0.81850 0.12175 0.58765 0.13717 -0.78892 0.11604
1413394969455760384 -2.33344 -0.91009 0.04348 0.60795 0.14732 -0.77028 0.12393
1413394969655760640 -2.34521 -0.98716 -0.04588 0.58724 0.17360 -0.78592 0.08564
1413394969855760640 -2.32364 -1.07892 -0.11848 0.56892 0.18947 -0.79840 0.05466
1413394970055760384 -2.29668 -1.22452 -0.16058 0.54508 0.16564 -0.81818 0.07772
1413394970255760384 -2.29267 -1.40142 -0.14258 0.54989 0.14942 -0.81615 0.09592
1413394970455760384 -2.30266 -1.57955 -0.12633 0.60080 0.11910 -0.77828 0.13831
1413394970655760640 -2.28817 -1.71760 -0.15152 0.60238 0.09043 -0.77220 0.18075
1413394970855760640 -2.25951 -1.76593 -0.17281 0.60378 0.11226 -0.77595 0.14405
1413394971055760384 -2.21199 -1.77769 -0.17447 0.56906 0.14841 -0.80460 0.08225
1413394971255760384 -2.16390 -1.80228 -0.13510 0.52936 0.14583 -0.83258 0.07298
1413394971455760384 -2.16390 -1.85801 -0.11575 -0.48574 -0.14177 0.85967 -0.07024
1413394971655760640 -2.24706 -1.94012 -0.09566 -0.49515 -0.11602 0.85521 -0.09990
1413394971855760640 -2.39942 -2.01312 -0.05862 0.56083 0.08183 -0.81518 0.11938
1413394972055760384 -2.56472 -2.04652 -0.03451 0.61321 0.03825 -0.78204 0.10454
1413394972255760384 -2.68929 -2.03074 -0.04481 0.63444 -0.02496 -0.77040 0.05779
1413394972455760384 -2.75961 -1.96446 -0.08449 0.63131 -0.10846 -0.76791 -0.00234
1413394972655760640 -2.78948 -1.85636 -0.14189 0.58124 -0.19450 -0.78626 -0.07822
1413394972855760640 -2.78512 -1.72552 -0.17286 0.54593 -0.25488 -0.77598 -0.18668
1413394973005760512 -2.81952 -1.64270 -0.16319 0.52745 -0.30674 -0.75278 -0.24705
1413394973105760512 -2.84740 -1.59506 -0.17107 0.51493 -0.34773 -0.73434 -0.27326
1413394973205760512 -2.83308 -1.55858 -0.17495 0.50184 -0.39501 -0.71273 -0.29005
1413394973305760256 -2.80396 -1.52781 -0.17436 -0.48814 0.43918 0.68844 0.30803
1413394973405760512 -2.78757 -1.49351 -0.17613 -0.47451 0.47976 0.66127 0.32772
1413394973505760512 -2.77609 -1.45252 -0.17614 -0.45872 0.51584 0.63332 0.34985
1413394973605760512 -2.76621 -1.40783 -0.17503 -0.43910 0.55151 0.60512 0.36993
1413394973705760512 -2.76196 -1.36460 -0.17318 -0.41757 0.58121 0.57530 0.39605
1413394973805760256 -2.75748 -1.32561 -0.17131 -0.39694 0.60798 0.54211 0.42298
1413394973905760512 -2.75438 -1.28330 -0.16837 -0.37709 0.63527 0.50719 0.44385
1413394974005760512 -2.74952 -1.24133 -0.16474 -0.35641 0.66148 0.47198 0.46114
1413394974105760512 -2.74370 -1.20567 -0.15892 -0.33567 0.68603 0.43502 0.47691
1413394974205760512 -2.74074 -1.15131 -0.15483 -0.31789 0.70780 0.39601 0.49106
1413394974305760256 -2.73378 -1.10681 -0.14597 -0.29789 0.72943 0.35688 0.50182
1413394974405760512 -2.72190 -1.06487 -0.13868 -0.27827 0.75115 0.31663 0.50803
1413394974505760512 -2.70305 -1.02243 -0.12667 -0.25630 0.76867 0.27805 0.51590
1413394974605760512 -2.67630 -0.97351 -0.11266 -0.23302 0.77892 0.24192 0.52959
1413394974705760512 -2.64163 -0.91459 -0.10006 -0.20715 0.78213 0.21007 0.54884
1413394974805760256 -2.60127 -0.87220 -0.08763 -0.17873 0.78920 0.18363 0.55812
1413394974905760512 -2.56465 -0.85624 -0.07990 -0.14693 0.79628 0.16180 0.56407
1413394975005760512 -2.52943 -0.84466 -0.08636 -0.11872 0.80172 0.14123 0.56851
1413394975105760512 -2.49795 -0.84045 -0.10360 -0.09542 0.79823 0.12296 0.58190
1413394975205760512 -2.46506 -0.83187 -0.12941 -0.08037 0.79288 0.10384 0.59507
1413394975305760256 -2.43957 -0.82493 -0.16515 -0.06781 0.79028 0.08502 0.60302
1413394975405760512 -2.42095 -0.81851 -0.20269 -0.05263 0.79184 0.07051 0.60435
1413394975505760512 -2.40231 -0.81022 -0.23850 -0.03663 0.79948 0.05914 0.59666
1413394975605760512 -2.37881 -0.79688 -0.27124 -0.02412 0.80874 0.05225 0.58534
1413394975755760384 -2.36078 -0.77353 -0.30998 -0.01535 0.81778 0.04524 0.57354
1413394975855760640 -2.34538 -0.75233 -0.32827 -0.01439 0.82041 0.04328 0.56996
1413394976055760384 -2.31476 -0.69924 -0.34286 -0.01585 0.80114 0.04461 0.59660
1413394976255760384 -2.29885 -0.63560 -0.35598 -0.01538 0.79704 0.04907 0.60174
1413394976455760384 -2.30374 -0.56042 -0.36818 -0.01606 0.78500 0.05243 0.61706
1413394976605760512 -2.33310 -0.49827 -0.37195 -0.02246 0.76883 0.04976 0.63711
1413394976755760384 -2.39490 -0.43520 -0.37626 -0.04426 0.77255 0.03622 0.63237
1413394976855760640 -2.45364 -0.39743 -0.37984 -0.05788 0.79443 0.02588 0.60404
1413394976955760384 -2.51766 -0.36622 -0.38453 -0.06832 0.82732 0.01451 0.55737
1413394977105760512 -2.59911 -0.33882 -0.38069 -0.07527 0.86596 -0.00480 0.49440
1413394977205760512 -2.62866 -0.33279 -0.36837 -0.07586 0.88347 -0.01743 0.46197
1413394977405760512 -2.59029 -0.36686 -0.31065 -0.02474 0.89127 0.00862 0.45271
1413394977605760512 -2.42045 -0.40894 -0.22085 0.00537 0.88677 0.02786 0.46134
1413394977805760256 -2.14519 -0.41947 -0.11799 0.01108 0.87595 0.03083 0.48128
1413394978005760512 -1.78508 -0.39913 -0.00481 0.01605 0.83834 0.03524 0.54377
1413394978155760640 -1.49510 -0.36447 0.07161 0.02196 0.81727 0.03951 0.57448
1413394978255760384 -1.30572 -0.33187 0.11112 0.02444 0.81206 0.04161 0.58158
1413394978355760640 -1.12390 -0.28982 0.14293 0.02562 0.81086 0.04310 0.58309
1413394978455760384 -0.93996 -0.24488 0.16111 0.02321 0.81061 0.04387 0.58349
1413394978555760384 -0.75953 -0.19085 0.17132 0.01581 0.81132 0.04152 0.58291
1413394978655760640 -0.58003 -0.12787 0.18100 0.00347 0.81214 0.03546 0.58237
1413394978755760384 -0.41027 -0.06123 0.19271 -0.01283 0.81251 0.02618 0.58222
1413394978855760640 -0.24018 0.00954 0.20766 -0.02349 0.81220 0.01869 0.58260
1413394978955760384 -0.07493 0.07828 0.22136 -0.02839 0.81027 0.01339 0.58522
1413394979055760384 0.08664 0.14224 0.23072 -0.02988 0.80104 0.00853 0.59780
1413394979155760640 0.24134 0.20375 0.22873 -0.03367 0.78683 0.00254 0.61625
1413394979255760384 0.38685 0.26171 0.21703 -0.04356 0.76980 -0.00648 0.63676
1413394979355760640 0.51770 0.31280 0.20286 -0.05707 0.75292 -0.01563 0.65545
1413394979455760384 0.62639 0.35294 0.19411 -0.07017 0.73290 -0.02149 0.67637
1413394979555760384 0.70427 0.37676 0.19733 -0.07578 0.71156 -0.02115 0.69820
1413394979655760640 0.74814 0.38582 0.21307 -0.07264 0.69906 -0.01418 0.71122
1413394979755760384 0.76781 0.37570 0.23612 -0.05979 0.70823 0.00019 0.70345
1413394979855760640 0.73995 0.35967 0.26939 -0.02572 0.74533 0.02112 0.66586
1413394979955760384 0.69068 0.34240 0.30908 0.00664 0.78000 0.03668 0.62467
1413394980055760384 0.62740 0.33274 0.34706 0.02274 0.79758 0.04043 0.60142
1413394980155760640 0.55135 0.33116 0.37391 0.02888 0.79655 0.03883 0.60263
1413394980255760384 0.46239 0.33997 0.38852 0.02626 0.78816 0.03351 0.61400
1413394980355760640 0.37824 0.35579 0.39823 0.01932 0.78196 0.02598 0.62248
1413394980455760384 0.27249 0.37832 0.38974 0.01579 0.78604 0.02161 0.61759
1413394980555760384 0.17452 0.40574 0.38764 0.00481 0.79712 0.01189 0.60368
1413394980655760640 0.06495 0.43819 0.38810 -0.00562 0.80651 0.00372 0.59119
1413394980755760384 -0.03761 0.47152 0.39589 -0.01107 0.81120 -0.00043 0.58466
1413394980855760640 -0.13846 0.50399 0.40722 -0.01505 0.81377 -0.00271 0.58098
1413394980955760384 -0.23646 0.53441 0.41864 -0.01679 0.81493 -0.00321 0.57931
1413394981055760384 -0.32969 0.56310 0.42165 -0.02171 0.81647 -0.00637 0.57694
1413394981155760640 -0.43921 0.58467 0.41012 -0.02852 0.81763 -0.01116 0.57494
1413394981255760384 -0.53621 0.59994 0.38863 -0.03370 0.81941 -0.01508 0.57202
1413394981355760640 -0.63155 0.60565 0.36087 -0.03078 0.82010 -0.01456 0.57120
1413394981455760384 -0.71867 0.60724 0.33609 -0.01687 0.82053 -0.00847 0.57129
1413394981555760384 -0.79896 0.61019 0.31612 -0.00679 0.82057 -0.00631 0.57148
1413394981655760640 -0.87648 0.61219 0.29666 -0.00351 0.82469 -0.00905 0.56550
1413394981755760384 -0.94767 0.61277 0.27761 0.00046 0.82956 -0.01642 0.55817
1413394981855760640 -1.01151 0.61187 0.25907 0.00079 0.83266 -0.03200 0.55286
1413394981955760384 -1.07347 0.60636 0.24346 0.00188 0.83261 -0.05102 0.55150
1413394982055760384 -1.11962 0.59462 0.23143 0.00371 0.83043 -0.07465 0.55209
1413394982155760640 -1.15692 0.57468 0.22436 0.00597 0.82371 -0.10233 0.55766
1413394982255760384 -1.18581 0.54523 0.22049 0.00912 0.81561 -0.13353 0.56291
1413394982355760640 -1.21300 0.50314 0.21916 0.01909 0.80887 -0.16330 0.56453
1413394982455760384 -1.24051 0.44475 0.22236 0.03414 0.80097 -0.19274 0.56580
1413394982555760384 -1.27041 0.36942 0.23076 0.05098 0.79309 -0.22218 0.56484
1413394982655760640 -1.30392 0.27928 0.24463 0.06908 0.78349 -0.25085 0.56431
1413394982755760384 -1.34143 0.17379 0.26187 0.09042 0.77497 -0.27518 0.56172
1413394982855760640 -1.38211 0.05524 0.28088 0.11564 0.76598 -0.29686 0.55837
1413394983005760512 -1.45010 -0.14211 0.31163 0.15412 0.75453 -0.32208 0.55064
1413394983205760512 -1.54782 -0.42770 0.35544 0.19403 0.74673 -0.33210 0.54264
1413394983405760512 -1.64864 -0.72158 0.40550 0.21420 0.74560 -0.32693 0.53973
1413394983605760512 -1.74507 -1.00909 0.44691 0.23925 0.75676 -0.30206 0.52804
1413394983805760256 -1.82606 -1.27178 0.44576 0.25276 0.76068 -0.28400 0.52614
1413394984005760512 -1.87898 -1.50078 0.39586 0.25099 0.76108 -0.28113 0.52794
1413394984205760512 -1.89988 -1.68472 0.32347 0.24049 0.76650 -0.26824 0.53168
1413394984405760512 -1.89160 -1.83224 0.25731 0.22740 0.77835 -0.25917 0.52468
1413394984605760512 -1.84996 -1.95127 0.20643 0.21190 0.79115 -0.24285 0.51981
1413394984805760256 -1.77248 -2.04022 0.17021 0.18830 0.80387 -0.21126 0.52317
1413394985005760512 -1.65222 -2.10438 0.14825 0.15492 0.80953 -0.17381 0.53893
1413394985205760512 -1.50605 -2.14421 0.14753 0.13617 0.81466 -0.13881 0.54637
1413394985405760512 -1.33582 -2.17064 0.17874 0.09531 0.81724 -0.14624 0.54922
1413394985605760512 -1.14696 -2.20174 0.27132 0.06899 0.81659 -0.15570 0.55152
1413394985805760256 -0.94226 -2.26212 0.37366 0.10787 0.81943 -0.12385 0.54915
1413394986005760512 -0.73009 -2.30516 0.42119 0.12328 0.81906 -0.11402 0.54858
1413394986205760512 -0.49661 -2.32292 0.44783 0.11159 0.81564 -0.12787 0.55310
1413394986405760512 -0.25269 -2.32859 0.49004 0.07919 0.81121 -0.15562 0.55808
1413394986605760512 -0.00501 -2.34731 0.55296 0.09650 0.81223 -0.14625 0.55639
1413394986805760256 0.25665 -2.36849 0.61715 0.12845 0.81497 -0.12351 0.55142
1413394987005760512 0.52715 -2.36653 0.67460 0.11272 0.80509 -0.13765 0.56585
1413394987205760512 0.79740 -2.35728 0.69129 0.08478 0.79763 -0.16003 0.57532
1413394987405760512 1.06386 -2.35614 0.67987 0.11907 0.79183 -0.13821 0.58287
1413394987605760512 1.31143 -2.33783 0.67827 0.14874 0.78474 -0.11717 0.59020
1413394987805760256 1.54261 -2.26562 0.70099 0.15507 0.77113 -0.11238 0.60719
1413394988005760512 1.74667 -2.13794 0.73647 0.15779 0.76133 -0.11277 0.61868
1413394988205760512 1.89875 -1.95395 0.78589 0.13561 0.75473 -0.13026 0.62851
1413394988405760512 1.99049 -1.73957 0.83226 0.09649 0.75141 -0.18346 0.62643
1413394988605760512 2.00599 -1.54421 0.85216 0.10410 0.74406 -0.25521 0.60861
1413394988805760256 1.97015 -1.37750 0.84591 0.16815 0.73503 -0.29968 0.58451
1413394989005760512 1.87067 -1.21944 0.82789 0.21944 0.72547 -0.31248 0.57262
1413394989205760512 1.75106 -1.04949 0.80264 0.23900 0.73324 -0.31541 0.55295
1413394989405760512 1.64315 -0.86427 0.78798 0.22702 0.73779 -0.32241 0.54788
1413394989605760512 1.51698 -0.68702 0.76493 0.20887 0.74039 -0.32708 0.54883
1413394989805760256 1.39239 -0.50880 0.70353 0.17407 0.75150 -0.31684 0.55188
1413394990005760512 1.26846 -0.35785 0.60982 0.12428 0.78254 -0.26559 0.54922
1413394990155760640 1.17441 -0.26110 0.52526 0.10372 0.80481 -0.19245 0.55181
1413394990255760384 1.11727 -0.20020 0.46190 0.08740 0.81653 -0.14121 0.55290
1413394990405760512 1.03889 -0.10892 0.37105 0.06056 0.82832 -0.06965 0.55259
1413394990505760512 0.99936 -0.05223 0.31025 0.04113 0.83254 -0.03908 0.55105
1413394990605760512 0.95469 0.02684 0.25718 0.02310 0.83490 -0.02304 0.54943
1413394990705760512 0.92423 0.09118 0.20596 0.01282 0.83638 -0.01329 0.54785
1413394990805760256 0.90002 0.15935 0.16073 0.00762 0.83628 -0.00980 0.54817
1413394990905760512 0.89244 0.22032 0.11719 0.00720 0.83620 -0.00978 0.54829
1413394991005760512 0.88348 0.28506 0.07606 0.00909 0.83541 -0.01210 0.54943
1413394991105760512 0.89030 0.34615 0.03992 0.00988 0.83457 -0.01775 0.55053
1413394991205760512 0.89584 0.41059 0.00638 0.00781 0.83191 -0.02631 0.55423
1413394991305760256 0.91169 0.46843 -0.02273 0.00924 0.83098 -0.03996 0.55479
1413394991405760512 0.93450 0.52456 -0.05034 0.01678 0.82998 -0.05901 0.55441
1413394991505760512 0.96321 0.57507 -0.07345 0.02909 0.82714 -0.08182 0.55525
1413394991605760512 1.00166 0.61633 -0.09473 0.04588 0.82317 -0.10565 0.55599
1413394991705760512 1.03819 0.65360 -0.10771 0.06800 0.81510 -0.12502 0.56157
1413394991805760256 1.08124 0.68734 -0.11932 0.08582 0.80212 -0.14130 0.57383
1413394991905760512 1.12425 0.72109 -0.12984 0.09381 0.78992 -0.15586 0.58560
1413394992005760512 1.16760 0.75206 -0.14171 0.09709 0.78230 -0.16982 0.59139
1413394992105760512 1.20300 0.78174 -0.15441 0.09527 0.77973 -0.18876 0.58934
1413394992205760512 1.23043 0.80256 -0.16325 0.09336 0.78069 -0.21024 0.58104
1413394992305760256 1.25275 0.81437 -0.16907 0.10096 0.78081 -0.22803 0.57285
1413394992405760512 1.27096 0.81958 -0.17177 0.12115 0.77909 -0.24018 0.56626
1413394992505760512 1.28505 0.81742 -0.17036 0.15143 0.77898 -0.24397 0.55744
1413394992605760512 1.29913 0.81390 -0.16644 0.17818 0.77767 -0.24376 0.55142
1413394992705760512 1.31539 0.81380 -0.16147 0.18542 0.77115 -0.25045 0.55517
1413394992805760256 1.32976 0.81719 -0.15745 0.18104 0.76374 -0.26538 0.55991
1413394992905760512 1.34370 0.81931 -0.15372 0.17623 0.75826 -0.28212 0.56070
1413394993005760512 1.35517 0.81995 -0.15543 0.17537 0.75608 -0.29254 0.55858
1413394993105760512 1.36360 0.81786 -0.16651 0.18202 0.75657 -0.29435 0.55482
1413394993205760512 1.37040 0.81407 -0.18738 0.19002 0.75909 -0.29208 0.54988
1413394993305760256 1.37142 0.81055 -0.21786 0.20083 0.76170 -0.28577 0.54573
1413394993405760512 1.37695 0.80731 -0.25125 0.20986 0.76446 -0.27852 0.54221
1413394993505760512 1.38466 0.80696 -0.28269 0.21564 0.76639 -0.27283 0.54010
1413394993605760512 1.39575 0.80886 -0.31291 0.21616 0.76683 -0.27037 0.54050
1413394993705760512 1.40855 0.81534 -0.34459 0.21286 0.76471 -0.27629 0.54183
1413394993805760256 1.42215 0.82311 -0.38102 0.20945 0.75869 -0.29264 0.54302
1413394993905760512 1.43644 0.82860 -0.42710 0.21015 0.74962 -0.31646 0.54199
1413394994005760512 1.44735 0.83325 -0.47710 0.21402 0.73727 -0.34515 0.53991
1413394994105760512 1.45258 0.83495 -0.52490 0.22496 0.72406 -0.37263 0.53505
1413394994205760512 1.45018 0.83289 -0.56011 0.24381 0.70941 -0.39690 0.52893
1413394994405760512 1.42918 0.82544 -0.60069 0.29779 0.68822 -0.43330 0.49993
1413394994605760512 1.41101 0.81855 -0.59506 0.34052 0.67592 -0.44975 0.47424
1413394994805760256 1.41941 0.82021 -0.54181 0.35873 0.66553 -0.45533 0.47017
1413394995005760512 1.45216 0.84067 -0.50019 0.35427 0.65778 -0.45980 0.48000
1413394995205760512 1.49379 0.87419 -0.53875 0.32308 0.65164 -0.47638 0.49401
1413394995405760512 1.52351 0.90971 -0.62180 0.30308 0.67064 -0.48607 0.47129
1413394995605760512 1.54481 0.91754 -0.70442 0.30579 0.67834 -0.48342 0.46114
1413394995805760256 1.57849 0.89244 -0.76960 0.31891 0.66513 -0.47437 0.48049
1413394996005760512 1.58559 0.88642 -0.83182 0.32974 0.65928 -0.47026 0.48527
1413394996205760512 1.58428 0.90426 -0.81834 0.31662 0.65802 -0.47652 0.48959
1413394996405760512 1.61397 0.90506 -0.81061 0.33635 0.65791 -0.46078 0.49165
1413394996605760512 1.66388 0.88628 -0.84154 0.33913 0.65850 -0.45949 0.49014
1413394996805760256 1.66600 0.89765 -0.83558 0.33840 0.65891 -0.46003 0.48959
1413394997005760512 1.66509 0.91182 -0.80647 0.33786 0.65890 -0.46017 0.48985
1413394997205760512 1.66858 0.91408 -0.79886 0.33741 0.65892 -0.46029 0.49001
1413394997405760512 1.67265 0.91308 -0.80077 0.33712 0.65885 -0.46019 0.49039
1413394997605760512 1.67695 0.90936 -0.80256 0.33694 0.65887 -0.46016 0.49053
1413394997805760256 1.68009 0.90415 -0.80542 0.33676 0.65882 -0.46021 0.49065
1413394998005760512 1.68144 0.89507 -0.80716 0.33644 0.65883 -0.46032 0.49077
