1413394888155760640 0.02380 0.06145 0.28644 0.00836 0.82426 0.01119 0.56604
1413394888255760384 0.05152 0.08243 0.31986 0.00855 0.82036 0.01243 0.57164
1413394888355760640 0.08052 0.10521 0.35272 0.00906 0.82090 0.01420 0.57082
1413394888455760384 0.11229 0.13078 0.38501 0.00921 0.82297 0.01542 0.56780
1413394888555760384 0.14728 0.15890 0.41280 0.00508 0.82546 0.01284 0.56429
1413394888655760640 0.18545 0.18846 0.42517 0.00083 0.82633 0.01089 0.56307
1413394888755760384 0.22716 0.21804 0.42560 -0.00394 0.82187 0.00845 0.56960
1413394888855760640 0.27140 0.24709 0.42721 -0.01036 0.81564 0.00453 0.57846
1413394888955760384 0.31623 0.27449 0.43778 -0.01667 0.81139 0.00088 0.58427
1413394889055760384 0.36003 0.29777 0.44420 -0.01996 0.80887 -0.00066 0.58765
1413394889155760640 0.40400 0.31834 0.45356 -0.02031 0.80752 -0.00045 0.58949
1413394889255760384 0.44611 0.33534 0.46796 -0.01500 0.79714 0.00299 0.60360
1413394889355760640 0.48155 0.34915 0.48879 -0.01035 0.77035 0.00662 0.63750
1413394889455760384 0.50562 0.36310 0.51468 -0.00790 0.73878 0.00859 0.67384
1413394889555760384 0.51102 0.37770 0.53716 -0.00359 0.73499 0.01115 0.67797
1413394889655760640 0.48461 0.38814 0.55345 -0.00195 0.76885 0.01058 0.63934
1413394889755760384 0.44419 0.39943 0.57112 0.00051 0.81040 0.00978 0.58580
1413394889855760640 0.40140 0.41190 0.59098 -0.00013 0.84368 0.00716 0.53680
1413394889955760384 0.36945 0.42452 0.61053 -0.00183 0.86649 0.00327 0.49918
1413394890055760384 0.35604 0.43717 0.62159 -0.00119 0.88264 0.00157 0.47004
1413394890155760640 0.36483 0.44874 0.62522 -0.00660 0.88556 -0.00493 0.46444
1413394890255760384 0.40640 0.46059 0.62780 -0.01314 0.86544 -0.01159 0.50070
1413394890355760640 0.46716 0.46747 0.62423 -0.02215 0.83447 -0.01919 0.55027
1413394890455760384 0.53586 0.46925 0.61342 -0.02903 0.79960 -0.02336 0.59937
1413394890555760384 0.59813 0.46344 0.60215 -0.02960 0.76533 -0.02203 0.64258
1413394890655760640 0.64333 0.45095 0.59062 -0.02269 0.74286 -0.01346 0.66893
1413394890755760384 0.66464 0.43258 0.57978 -0.01529 0.73469 -0.00492 0.67821
1413394890855760640 0.65889 0.40991 0.55905 -0.00871 0.76059 0.00183 0.64917
1413394890955760384 0.63690 0.38737 0.54412 -0.00574 0.80204 0.00520 0.59722
1413394891055760384 0.60927 0.36444 0.52962 -0.00225 0.84016 0.00740 0.54229
1413394891155760640 0.58882 0.34154 0.51662 -0.00009 0.86467 0.00819 0.50227
1413394891255760384 0.57491 0.31542 0.49459 0.00230 0.87748 0.00951 0.47951
1413394891355760640 0.59955 0.29523 0.48981 0.00471 0.87933 0.01141 0.47605
1413394891455760384 0.65082 0.27861 0.49285 0.00806 0.86499 0.01473 0.50151
1413394891555760384 0.72090 0.26593 0.49911 0.00941 0.84428 0.01687 0.53555
1413394891655760640 0.80126 0.25730 0.50522 0.01215 0.82768 0.02115 0.56066
1413394891755760384 0.88489 0.25244 0.51050 0.01328 0.81823 0.02353 0.57426
1413394891855760640 0.96968 0.25187 0.52376 0.01408 0.81066 0.02597 0.58477
1413394891955760384 1.05139 0.25763 0.55110 0.01465 0.79316 0.02904 0.60814
1413394892055760384 1.12743 0.26691 0.58290 0.01340 0.77805 0.03296 0.62719
1413394892155760640 1.18876 0.28509 0.61584 0.00718 0.76905 0.04258 0.63773
1413394892255760384 1.24046 0.30897 0.64785 -0.00484 0.76647 0.06017 0.63944
1413394892355760640 1.27683 0.34002 0.67116 -0.02182 0.76594 0.08092 0.63743
1413394892455760384 1.31331 0.37158 0.67810 -0.04288 0.76431 0.10348 0.63505
1413394892555760384 1.32430 0.40925 0.67438 -0.06576 0.76376 0.13016 0.62881
1413394892655760640 1.32378 0.44913 0.67164 -0.09075 0.76812 0.16017 0.61328
1413394892755760384 1.33187 0.49049 0.67459 -0.11635 0.77221 0.19298 0.59407
1413394892855760640 1.32281 0.53491 0.68147 -0.14248 0.77088 0.22627 0.57814
1413394892955760384 1.30009 0.58024 0.69031 -0.16365 0.77146 0.25966 0.55736
1413394893055760384 1.27162 0.62421 0.70341 -0.17953 0.76877 0.29293 0.53941
1413394893155760640 1.25589 0.67798 0.71422 -0.18861 0.76018 0.32614 0.52933
1413394893255760384 1.23319 0.73714 0.72766 -0.20232 0.75099 0.35255 0.52037
1413394893355760640 1.21199 0.79852 0.74498 -0.21795 0.73790 0.36917 0.52126
1413394893455760384 1.18487 0.86015 0.76402 -0.22105 0.72136 0.38463 0.53183
1413394893555760384 1.15908 0.93080 0.77705 -0.22125 0.70810 0.39643 0.54083
1413394893655760640 1.12508 1.00436 0.77920 -0.21404 0.69693 0.40546 0.55143
1413394893755760384 1.07520 1.07904 0.77378 -0.20367 0.68549 0.41046 0.56581
1413394893855760640 1.01207 1.15844 0.76363 -0.20006 0.68156 0.40711 0.57420
1413394893955760384 0.93482 1.24285 0.75180 -0.20629 0.68194 0.40154 0.57548
1413394894055760384 0.83154 1.32687 0.73965 -0.22215 0.67667 0.40115 0.57606
1413394894155760640 0.71550 1.40184 0.72388 -0.24668 0.67243 0.40413 0.56892
1413394894255760384 0.58665 1.47444 0.70325 -0.28437 0.67270 0.40616 0.54922
1413394894355760640 0.43964 1.52462 0.68436 -0.31647 0.66915 0.41922 0.52568
1413394894455760384 0.30262 1.58850 0.65789 -0.33739 0.66480 0.43601 0.50408
1413394894555760384 0.16019 1.60761 0.63182 -0.35236 0.65468 0.45985 0.48557
1413394894655760640 0.02505 1.64768 0.59865 -0.36578 0.64481 0.47803 0.47107
1413394894755760384 -0.10786 1.68585 0.56406 -0.37032 0.62951 0.49614 0.46950
1413394894855760640 -0.23794 1.71854 0.52960 -0.37240 0.62106 0.51013 0.46407
1413394894955760384 -0.36216 1.73724 0.49698 -0.37851 0.62038 0.51827 0.45084
1413394895055760384 -0.48759 1.76414 0.46398 -0.38617 0.62663 0.51723 0.43667
1413394895155760640 -0.60403 1.78607 0.43579 -0.38582 0.63175 0.51793 0.42870
1413394895255760384 -0.71300 1.80589 0.41470 -0.38596 0.63454 0.51522 0.42771
1413394895355760640 -0.81868 1.82609 0.39903 -0.37535 0.63159 0.51777 0.43831
1413394895455760384 -0.91707 1.84502 0.39132 -0.35778 0.62427 0.52413 0.45559
1413394895555760384 -1.01668 1.86365 0.39527 -0.34367 0.62412 0.52745 0.46278
1413394895655760640 -1.11889 1.88106 0.41217 -0.34375 0.62917 0.52258 0.46140
1413394895755760384 -1.22483 1.89942 0.44345 -0.34860 0.63739 0.51692 0.45278
1413394895855760640 -1.32389 1.91940 0.48417 -0.35414 0.64108 0.51253 0.44824
1413394895955760384 -1.41911 1.94143 0.51544 -0.35748 0.64083 0.51160 0.44700
1413394896055760384 -1.51531 1.96507 0.53298 -0.35953 0.63963 0.51198 0.44664
1413394896155760640 -1.61109 1.99043 0.53765 -0.36080 0.63853 0.51343 0.44551
1413394896255760384 -1.70540 2.01800 0.53146 -0.36753 0.64147 0.51044 0.43920
1413394896355760640 -1.80044 2.05185 0.52177 -0.38618 0.65202 0.49721 0.42250
1413394896455760384 -1.88974 2.08372 0.51099 -0.40187 0.66113 0.48590 0.40658
1413394896555760384 -1.96385 2.11686 0.49689 -0.41591 0.67018 0.47403 0.39137
1413394896655760640 -2.02314 2.14837 0.47459 -0.43170 0.67956 0.45938 0.37524
1413394896755760384 -2.05512 2.17414 0.44182 -0.44764 0.68766 0.44443 0.35948
1413394896855760640 -2.06249 2.19260 0.40550 -0.46185 0.69186 0.43040 0.35040
1413394896955760384 -2.03060 2.20228 0.36990 -0.46967 0.69171 0.42164 0.35096
1413394897055760384 -1.96097 2.20148 0.34030 -0.47500 0.69406 0.41638 0.34537
1413394897155760640 -1.85156 2.19815 0.31720 -0.47008 0.69320 0.42054 0.34878
1413394897255760384 -1.70633 2.18264 0.30377 -0.45465 0.68793 0.43424 0.36259
1413394897355760640 -1.52985 2.16358 0.29756 -0.41867 0.66875 0.46591 0.40053
1413394897455760384 -1.33845 2.14092 0.29785 -0.39166 0.64990 0.48847 0.43084
1413394897555760384 -1.14251 2.11904 0.30061 -0.37565 0.63879 0.50170 0.44624
1413394897655760640 -0.94808 2.09728 0.30594 -0.36969 0.63248 0.50776 0.45329
1413394897755760384 -0.75707 2.07419 0.31612 -0.37132 0.62733 0.50775 0.45910
1413394897855760640 -0.57018 2.04942 0.33083 -0.37530 0.62180 0.50655 0.46467
1413394897955760384 -0.38836 2.02114 0.35045 -0.37810 0.61650 0.50506 0.47105
1413394898055760384 -0.21321 1.98772 0.37213 -0.37487 0.61642 0.50783 0.47075
1413394898155760640 -0.04550 1.95042 0.39587 -0.36825 0.61443 0.51412 0.47174
1413394898255760384 0.11332 1.91008 0.42285 -0.35993 0.60839 0.52205 0.47726
1413394898355760640 0.25922 1.86730 0.45237 -0.34891 0.59572 0.53556 0.48636
1413394898455760384 0.38848 1.82307 0.48231 -0.34086 0.58110 0.55368 0.48947
1413394898555760384 0.49586 1.78011 0.51244 -0.33966 0.56636 0.57487 0.48310
1413394898655760640 0.58292 1.73555 0.54476 -0.34000 0.55197 0.59430 0.47596
1413394898755760384 0.64932 1.69459 0.57648 -0.34153 0.54896 0.60833 0.46037
1413394898855760640 0.69514 1.65695 0.61096 -0.33867 0.54646 0.61997 0.44981
1413394898955760384 0.72149 1.62454 0.64807 -0.32765 0.53744 0.63227 0.45170
1413394899055760384 0.72532 1.59990 0.68172 -0.31924 0.53618 0.63931 0.44930
1413394899155760640 0.70972 1.57860 0.70501 -0.31587 0.54542 0.64187 0.43674
1413394899255760384 0.67617 1.56294 0.71886 -0.31238 0.54698 0.64439 0.43357
1413394899355760640 0.62282 1.55674 0.72408 -0.31937 0.54824 0.64106 0.43184
1413394899455760384 0.54795 1.56621 0.71704 -0.34431 0.55938 0.62860 0.41643
1413394899555760384 0.45899 1.58366 0.70106 -0.36813 0.56240 0.62408 0.39838
1413394899655760640 0.36215 1.60937 0.67970 -0.38387 0.55260 0.63203 0.38447
1413394899755760384 0.25671 1.64441 0.65962 -0.39666 0.53525 0.64739 0.37020
1413394899855760640 0.14403 1.68777 0.64345 -0.41495 0.50995 0.66267 0.35865
1413394899955760384 0.02412 1.73644 0.63072 -0.43965 0.48517 0.67327 0.34357
1413394900055760384 -0.10083 1.78999 0.63083 -0.46473 0.46235 0.68137 0.32555
1413394900155760640 -0.22650 1.84017 0.63874 -0.48997 0.43716 0.68681 0.31164
1413394900255760384 -0.35110 1.89246 0.64935 0.51117 -0.41573 -0.69168 -0.29574
1413394900355760640 -0.47167 1.94342 0.65573 0.52553 -0.39030 -0.69869 -0.28865
1413394900455760384 -0.58774 1.98740 0.65167 0.53157 -0.36074 -0.71041 -0.28743
1413394900555760384 -0.70027 2.02474 0.64204 0.52752 -0.33017 -0.72750 -0.28890
1413394900655760640 -0.81428 2.05450 0.62817 0.52402 -0.29878 -0.74159 -0.29355
1413394900755760384 -0.93327 2.07222 0.61728 0.52604 -0.26973 -0.75146 -0.29298
1413394900855760640 -1.06033 2.07312 0.61699 0.52911 -0.24493 -0.76239 -0.28073
1413394900955760384 -1.19567 2.04963 0.63594 0.53681 -0.22006 -0.77087 -0.26300
1413394901055760384 -1.33937 2.00736 0.67040 0.54699 -0.19233 -0.77738 -0.24391
1413394901155760640 -1.48895 1.95165 0.70255 0.56342 -0.16553 -0.77924 -0.21893
1413394901255760384 -1.63249 1.87286 0.72904 0.58586 -0.14973 -0.77582 -0.18015
1413394901355760640 -1.76898 1.78290 0.74713 0.60649 -0.13875 -0.77111 -0.13530
1413394901455760384 -1.90280 1.69508 0.75664 0.62803 -0.12881 -0.76160 -0.09461
1413394901555760384 -2.02009 1.60503 0.75715 0.64017 -0.11512 -0.75676 -0.06514
1413394901655760640 -2.11637 1.51248 0.74865 0.63302 -0.09288 -0.76712 -0.04675
1413394901755760384 -2.19085 1.41752 0.73543 0.62129 -0.05999 -0.78041 -0.03690
1413394901855760640 -2.25522 1.32342 0.72510 0.61627 -0.01787 -0.78673 -0.03066
1413394901955760384 -2.31100 1.22847 0.72266 0.61814 0.02480 -0.78546 -0.01871
1413394902055760384 -2.35981 1.13093 0.72346 0.61763 0.06004 -0.78417 0.00118
1413394902155760640 -2.38955 1.02400 0.73519 0.61684 0.09060 -0.78156 0.02155
1413394902255760384 -2.40579 0.90629 0.74319 0.61987 0.11671 -0.77465 0.04536
1413394902355760640 -2.41721 0.79173 0.74062 0.62834 0.14125 -0.76227 0.06464
1413394902455760384 -2.41428 0.67484 0.73179 0.63503 0.15875 -0.75095 0.08724
1413394902555760384 -2.39422 0.56136 0.72142 0.63024 0.15832 -0.74948 0.12651
1413394902655760640 -2.36082 0.45427 0.71111 0.61754 0.14895 -0.75444 0.16516
1413394902755760384 -2.31916 0.36288 0.70476 0.59994 0.13626 -0.76362 0.19593
1413394902855760640 -2.27937 0.28639 0.69971 0.58558 0.13145 -0.77283 0.20629
1413394902955760384 -2.24029 0.22410 0.69244 0.57567 0.13484 -0.78216 0.19660
1413394903055760384 -2.20294 0.17955 0.67718 0.57066 0.13387 -0.78939 0.18245
1413394903155760640 -2.16452 0.14878 0.64941 0.55750 0.12296 -0.80297 0.17121
1413394903255760384 -2.12960 0.13348 0.60718 0.53529 0.10625 -0.82242 0.16059
1413394903355760640 -2.10174 0.12582 0.56113 0.53181 0.09370 -0.83067 0.13558
1413394903455760384 -2.08715 0.12945 0.52497 0.54824 0.08321 -0.82446 0.11307
1413394903555760384 -2.08096 0.13718 0.50046 0.56540 0.07404 -0.81578 0.09664
1413394903655760640 -2.08324 0.15440 0.49133 0.57751 0.07224 -0.80930 0.07931
1413394903755760384 -2.08795 0.17552 0.50141 0.58252 0.07264 -0.80685 0.06629
1413394903855760640 -2.09307 0.19635 0.52763 0.58427 0.07883 -0.80610 0.05112
1413394903955760384 -2.09570 0.21480 0.55133 0.58268 0.08294 -0.80777 0.03331
1413394904055760384 -2.09533 0.23011 0.56233 0.57785 0.06684 -0.81291 0.02822
1413394904155760640 -2.09411 0.24424 0.56270 0.56775 0.03566 -0.82191 0.02912
1413394904255760384 -2.09510 0.26098 0.55375 0.55353 0.00174 -0.83253 0.02203
1413394904355760640 -2.10299 0.28043 0.53636 0.54037 -0.03185 -0.84082 0.00345
1413394904455760384 -2.11898 0.30441 0.51204 0.53211 -0.06641 -0.84376 -0.02258
1413394904555760384 -2.14536 0.33074 0.48924 0.53733 -0.09947 -0.83561 -0.05600
1413394904655760640 -2.17877 0.36166 0.46985 0.55142 -0.13482 -0.81874 -0.08621
1413394904755760384 -2.21810 0.39256 0.45450 0.56032 -0.17002 -0.80243 -0.11505
1413394904855760640 -2.25859 0.42257 0.44328 0.56672 -0.20243 -0.78528 -0.14552
1413394904955760384 -2.29557 0.45047 0.43811 0.57667 -0.23370 -0.76288 -0.17565
1413394905055760384 -2.32725 0.47320 0.43739 0.59205 -0.26424 -0.73368 -0.20342
1413394905155760640 -2.34886 0.48780 0.43826 0.60069 -0.29566 -0.70807 -0.22449
1413394905255760384 -2.35720 0.49267 0.43263 0.58157 -0.33471 -0.70582 -0.22705
1413394905355760640 -2.35435 0.49144 0.42436 0.53196 -0.37389 -0.72899 -0.21403
1413394905455760384 -2.34837 0.49439 0.41787 -0.47389 0.40426 0.75741 0.19579
1413394905555760384 -2.34859 0.51793 0.41627 -0.42795 0.42260 0.77755 0.18355
1413394905655760640 -2.36034 0.56914 0.42650 -0.41900 0.41628 0.78203 0.19896
1413394905755760384 -2.38904 0.64608 0.44886 -0.46126 0.39251 0.75997 0.23586
1413394905855760640 -2.42568 0.73033 0.47719 0.52420 -0.36217 -0.72048 -0.27378
1413394905955760384 -2.46185 0.80665 0.50528 0.57824 -0.33480 -0.68113 -0.29934
1413394906055760384 -2.48823 0.86356 0.53290 0.61960 -0.31896 -0.64870 -0.30586
1413394906155760640 -2.50094 0.90154 0.55764 0.64457 -0.32071 -0.62976 -0.29167
1413394906255760384 -2.49438 0.91469 0.58369 0.63327 -0.34462 -0.64043 -0.26466
1413394906355760640 -2.45760 0.90962 0.60974 0.59064 -0.37709 -0.67076 -0.24297
1413394906455760384 -2.41315 0.90401 0.62566 0.53239 -0.40697 -0.70366 -0.23624
1413394906555760384 -2.35266 0.89940 0.63362 -0.46790 0.43210 0.73167 0.24294
1413394906655760640 -2.29832 0.90882 0.63415 -0.42418 0.45272 0.74068 0.25788
1413394906755760384 -2.25265 0.93100 0.63436 -0.42662 0.46180 0.72112 0.29105
1413394906855760640 -2.22299 0.96599 0.63264 -0.46149 0.45687 0.68034 0.33975
1413394906955760384 -2.20157 0.99999 0.62957 0.50591 -0.44210 -0.63172 -0.38669
1413394907055760384 -2.17770 1.01237 0.62528 0.54516 -0.42469 -0.58688 -0.42192
1413394907155760640 -2.15274 0.99502 0.62094 0.56917 -0.42186 -0.56005 -0.42944
1413394907255760384 -2.12189 0.94355 0.61072 0.54820 -0.44659 -0.57811 -0.40721
1413394907355760640 -2.08350 0.86817 0.59751 0.50469 -0.48594 -0.61450 -0.36268
1413394907455760384 -2.03592 0.78343 0.58002 -0.46626 0.54077 0.63569 0.29338
1413394907555760384 -1.97745 0.70887 0.55824 -0.43947 0.59038 0.63481 0.23522
1413394907655760640 -1.90300 0.66014 0.53394 -0.41308 0.61733 0.63248 0.21962
1413394907755760384 -1.81501 0.64624 0.51573 -0.40276 0.60549 0.63160 0.26879
1413394907855760640 -1.72009 0.65735 0.50180 -0.41957 0.56489 0.61851 0.34971
1413394907955760384 -1.63132 0.67311 0.47602 -0.44674 0.52321 0.59633 0.41360
1413394908055760384 -1.54745 0.67860 0.44335 -0.46766 0.49679 0.57966 0.44553
1413394908155760640 -1.47267 0.66483 0.39983 -0.45322 0.50486 0.59005 0.43766
1413394908255760384 -1.40146 0.64198 0.35094 -0.41521 0.52886 0.62084 0.40307
1413394908355760640 -1.33588 0.62468 0.30780 -0.37797 0.55162 0.64842 0.36388
1413394908455760384 -1.27999 0.61941 0.27610 -0.35611 0.57101 0.66283 0.32830
1413394908555760384 -1.23485 0.64101 0.26497 -0.35544 0.57968 0.66489 0.30912
1413394908655760640 -1.20888 0.70922 0.28824 -0.38606 0.55158 0.65448 0.34406
1413394908755760384 -1.20892 0.79051 0.33511 -0.43588 0.51150 0.62747 0.39326
1413394908855760640 -1.19818 0.84146 0.38212 -0.47779 0.47676 0.60002 0.42941
1413394908955760384 -1.18684 0.87132 0.43699 0.51629 -0.45450 -0.57262 -0.44607
1413394909055760384 -1.17685 0.87837 0.49843 0.53259 -0.45873 -0.56473 -0.43242
1413394909155760640 -1.15673 0.86362 0.55336 0.51242 -0.48989 -0.58613 -0.39228
1413394909255760384 -1.12912 0.83459 0.59851 -0.46488 0.52783 0.61547 0.35563
1413394909355760640 -1.09769 0.80719 0.63558 -0.42250 0.56473 0.62780 0.32929
1413394909455760384 -1.05980 0.78884 0.66736 -0.40382 0.59348 0.61603 0.32438
1413394909555760384 -1.01829 0.78947 0.69816 -0.41273 0.60780 0.58429 0.34472
1413394909655760640 -0.97112 0.80280 0.72956 -0.43381 0.61063 0.54799 0.37235
1413394909755760384 -0.91287 0.81856 0.76378 -0.45077 0.59856 0.51936 0.41086
1413394909855760640 -0.84611 0.82424 0.80271 -0.46319 0.57275 0.49899 0.45652
1413394909955760384 -0.77609 0.81661 0.83637 -0.46220 0.55842 0.49512 0.47895
1413394910055760384 -0.70479 0.78687 0.85757 -0.42886 0.57115 0.52166 0.46662
1413394910155760640 -0.63980 0.74591 0.86910 -0.39044 0.59578 0.55125 0.43443
1413394910255760384 -0.58013 0.70275 0.87594 -0.35923 0.62138 0.57341 0.39503
1413394910355760640 -0.52310 0.67013 0.87793 -0.33798 0.63902 0.58785 0.36311
1413394910455760384 -0.47636 0.65495 0.85658 -0.32606 0.64804 0.59623 0.34386
1413394910555760384 -0.42811 0.66462 0.84143 -0.34287 0.63328 0.59055 0.36421
1413394910655760640 -0.37655 0.69554 0.83174 -0.38792 0.59754 0.56663 0.41399
1413394910755760384 -0.32711 0.72827 0.82150 -0.43465 0.56161 0.53630 0.45614
1413394910855760640 -0.28125 0.74715 0.80700 -0.47134 0.54094 0.51104 0.47335
1413394910955760384 -0.23572 0.74178 0.79218 -0.49333 0.53307 0.49665 0.47518
1413394911055760384 -0.18680 0.70879 0.77411 -0.49410 0.54550 0.50253 0.45361
1413394911155760640 -0.13211 0.65314 0.74941 -0.44871 0.56875 0.54012 0.42831
1413394911255760384 -0.07682 0.58633 0.72226 -0.39530 0.59360 0.57799 0.39661
1413394911355760640 -0.01969 0.52765 0.69085 -0.35533 0.61343 0.59970 0.37122
1413394911455760384 0.03601 0.48324 0.65630 -0.33400 0.62459 0.60823 0.35831
1413394911555760384 0.08467 0.45608 0.61722 -0.32942 0.62702 0.60654 0.36115
1413394911655760640 0.13147 0.45411 0.57857 -0.35383 0.61394 0.58615 0.39282
1413394911755760384 0.17277 0.46947 0.54781 -0.39541 0.58675 0.55263 0.44042
1413394911855760640 0.20739 0.47393 0.52580 -0.42826 0.55931 0.52234 0.48054
1413394911955760384 0.23556 0.45718 0.51094 -0.43474 0.55182 0.51285 0.49343
1413394912055760384 0.25762 0.42546 0.49905 -0.40875 0.57539 0.52956 0.47054
1413394912155760640 0.27313 0.38227 0.49522 -0.36809 0.60974 0.55275 0.43266
1413394912255760384 0.28413 0.34204 0.49714 -0.33426 0.63604 0.56235 0.40925
1413394912355760640 0.28966 0.31824 0.50413 -0.31169 0.65493 0.55816 0.40296
1413394912455760384 0.29484 0.31647 0.51391 -0.30234 0.67422 0.53931 0.40393
1413394912555760384 0.29987 0.33195 0.53464 -0.30727 0.68559 0.50998 0.41889
1413394912655760640 0.31062 0.35692 0.55927 -0.32083 0.69017 0.47335 0.44347
1413394912755760384 0.31747 0.39713 0.58408 -0.32868 0.69585 0.44061 0.46220
1413394912855760640 0.32601 0.44242 0.60910 -0.33014 0.70244 0.41791 0.47216
1413394912955760384 0.34359 0.48619 0.63138 -0.31794 0.70454 0.41252 0.48204
1413394913055760384 0.36137 0.53618 0.65462 -0.30163 0.70166 0.41582 0.49374
1413394913155760640 0.37831 0.58349 0.67830 -0.29135 0.69820 0.42035 0.50094
1413394913255760384 0.39020 0.62850 0.70347 -0.29244 0.69168 0.42922 0.50182
1413394913355760640 0.39546 0.67603 0.73050 -0.30753 0.67569 0.44269 0.50289
1413394913455760384 0.39285 0.72471 0.75445 -0.32405 0.65536 0.46606 0.49828
1413394913555760384 0.38311 0.77267 0.76612 -0.33643 0.62854 0.49840 0.49331
1413394913655760640 0.36253 0.81652 0.76977 -0.34529 0.59747 0.53598 0.48635
1413394913755760384 0.32984 0.85542 0.75074 -0.35477 0.57391 0.57302 0.46521
1413394913855760640 0.28803 0.89457 0.72607 -0.37459 0.55710 0.60222 0.43204
1413394913955760384 0.23465 0.93547 0.69167 -0.40078 0.54192 0.62279 0.39727
1413394914055760384 0.17574 0.97884 0.65063 -0.42570 0.52199 0.63989 0.36992
1413394914155760640 0.11405 1.02723 0.60927 -0.44352 0.49326 0.65983 0.35301
1413394914255760384 0.04715 1.07492 0.58276 -0.45518 0.45818 0.68224 0.34269
1413394914355760640 -0.02651 1.12309 0.57121 -0.46659 0.42309 0.70245 0.33144
1413394914455760384 -0.10918 1.16892 0.57592 -0.47713 0.39015 0.72025 0.31837
1413394914555760384 -0.20174 1.21157 0.59264 -0.48725 0.36470 0.73327 0.30315
1413394914655760640 -0.30284 1.24963 0.60332 0.50265 -0.35445 -0.73764 -0.27856
1413394914755760384 -0.41031 1.28184 0.60625 0.51556 -0.34500 -0.74118 -0.25656
1413394914855760640 -0.51832 1.31190 0.60245 0.52429 -0.33199 -0.74645 -0.24025
1413394914955760384 -0.62887 1.33526 0.58430 0.53047 -0.31112 -0.75253 -0.23558
1413394915055760384 -0.73716 1.35041 0.55648 0.53650 -0.28241 -0.75907 -0.23711
1413394915155760640 -0.84501 1.35056 0.52764 0.54041 -0.24795 -0.76855 -0.23623
1413394915255760384 -0.95672 1.33750 0.50381 0.54191 -0.21045 -0.77983 -0.23217
1413394915355760640 -1.07509 1.31214 0.48342 0.54671 -0.17415 -0.78811 -0.22287
1413394915455760384 -1.19531 1.26661 0.46635 0.55511 -0.13950 -0.79278 -0.20952
1413394915555760384 -1.32107 1.20371 0.45339 0.56913 -0.10901 -0.79324 -0.18703
1413394915655760640 -1.44769 1.12153 0.44252 0.59238 -0.09033 -0.78854 -0.13831
1413394915755760384 -1.56773 1.02391 0.43269 0.61165 -0.06830 -0.78358 -0.08504
1413394915855760640 -1.67900 0.91938 0.42901 0.63170 -0.03532 -0.77302 -0.04649
1413394915955760384 -1.77813 0.81229 0.42792 0.64449 0.00021 -0.76443 -0.01650
1413394916055760384 -1.85766 0.70346 0.42890 0.64820 0.03087 -0.76075 0.01190
1413394916155760640 -1.91636 0.59452 0.43190 0.64596 0.05556 -0.76046 0.03682
1413394916255760384 -1.96498 0.48793 0.43418 0.62408 0.07904 -0.77533 0.05603
1413394916355760640 -1.99528 0.38134 0.43850 0.59902 0.09957 -0.79054 0.07941
1413394916455760384 -2.02162 0.27639 0.43701 0.57769 0.10807 -0.80004 0.12053
1413394916555760384 -2.04310 0.17904 0.42665 0.56323 0.11229 -0.80097 0.16916
1413394916655760640 -2.06901 0.09633 0.40613 0.55691 0.11551 -0.79092 0.22571
1413394916755760384 -2.09974 0.03003 0.37505 0.54499 0.14496 -0.78479 0.25705
1413394916855760640 -2.13382 -0.01052 0.33397 0.52906 0.19214 -0.78154 0.26904
1413394916955760384 -2.17501 -0.03450 0.28200 0.51121 0.24420 -0.77778 0.27219
1413394917055760384 -2.22654 -0.04781 0.22551 0.50443 0.30507 -0.76382 0.26277
1413394917155760640 -2.28757 -0.06578 0.16927 -0.49091 -0.35953 0.74940 -0.26105
1413394917255760384 -2.35090 -0.08161 0.11752 -0.47745 -0.40955 0.73266 -0.25983
1413394917355760640 -2.41855 -0.10751 0.06872 -0.46525 -0.44529 0.71735 -0.26584
1413394917455760384 -2.49541 -0.14838 0.02280 -0.45560 -0.46620 0.70696 -0.27440
1413394917555760384 -2.56932 -0.19696 -0.01532 -0.46167 -0.48175 0.69119 -0.27755
1413394917655760640 -2.63987 -0.26249 -0.04637 -0.47330 -0.49183 0.67626 -0.27708
1413394917755760384 -2.70271 -0.33986 -0.07027 -0.48322 -0.49594 0.66722 -0.27451
1413394917855760640 -2.75429 -0.42995 -0.08246 -0.49859 -0.50475 0.65340 -0.26403
1413394917955760384 -2.78899 -0.53085 -0.08507 0.50450 0.51766 -0.64159 0.25665
1413394918055760384 -2.80099 -0.63967 -0.09111 -0.49943 -0.52601 0.63599 -0.26345
1413394918155760640 -2.79845 -0.76053 -0.10792 -0.47855 -0.52352 0.64088 -0.29358
1413394918255760384 -2.77904 -0.88421 -0.12302 -0.45505 -0.52108 0.64354 -0.32751
1413394918355760640 -2.75897 -1.01649 -0.14092 -0.42002 -0.51730 0.65242 -0.36101
1413394918455760384 -2.73648 -1.14708 -0.15313 -0.39309 -0.51606 0.65356 -0.38991
1413394918555760384 -2.72608 -1.28308 -0.16138 -0.38129 -0.52518 0.64200 -0.40821
1413394918655760640 -2.72808 -1.42234 -0.16578 -0.37937 -0.54637 0.62140 -0.41403
1413394918755760384 -2.74033 -1.56344 -0.16906 -0.38534 -0.57209 0.59463 -0.41309
1413394918855760640 -2.75768 -1.70449 -0.16729 0.39886 0.59274 -0.56441 0.41354
1413394918955760384 -2.77343 -1.84438 -0.15581 0.41465 0.60344 -0.53378 0.42308
1413394919055760384 -2.78239 -1.97726 -0.12985 0.41362 0.60605 -0.51376 0.44459
1413394919155760640 -2.78786 -2.09800 -0.08834 0.40431 0.60873 -0.49641 0.46857
1413394919255760384 -2.78920 -2.20178 -0.03010 0.39325 0.61501 -0.47536 0.49107
1413394919355760640 -2.79349 -2.28916 0.03798 0.38947 0.62658 -0.44533 0.50733
1413394919455760384 -2.79264 -2.35772 0.10882 0.39256 0.64430 -0.41019 0.51237
1413394919555760384 -2.78849 -2.40559 0.17824 0.38238 0.67318 -0.38534 0.50212
1413394919655760640 -2.77306 -2.43013 0.23764 0.34918 0.70150 -0.37750 0.49342
1413394919755760384 -2.75319 -2.44794 0.28553 0.30420 0.72279 -0.37701 0.49286
1413394919855760640 -2.72689 -2.47331 0.32273 0.25779 0.74045 -0.37642 0.49353
1413394919955760384 -2.69210 -2.49180 0.35145 0.22285 0.75793 -0.36182 0.49495
1413394920055760384 -2.65446 -2.51709 0.37334 0.19351 0.77571 -0.33556 0.49822
1413394920155760640 -2.60984 -2.54676 0.38149 0.16671 0.79246 -0.30471 0.50137
1413394920255760384 -2.55909 -2.58402 0.37981 0.14620 0.80853 -0.26863 0.50274
1413394920355760640 -2.50090 -2.62936 0.36920 0.13888 0.81764 -0.22589 0.51102
1413394920455760384 -2.43343 -2.68492 0.35021 0.13638 0.82126 -0.18488 0.52226
1413394920555760384 -2.35646 -2.73570 0.33822 0.13956 0.82198 -0.14665 0.53232
1413394920655760640 -2.27234 -2.77970 0.33012 0.14886 0.82252 -0.11590 0.53654
1413394920755760384 -2.18007 -2.81144 0.32543 0.15477 0.82429 -0.09765 0.53578
1413394920855760640 -2.08122 -2.82565 0.31694 0.14648 0.82738 -0.09783 0.53330
1413394920955760384 -1.97229 -2.83153 0.30701 0.13889 0.82840 -0.10366 0.53265
1413394921055760384 -1.85230 -2.82889 0.29001 0.12563 0.82879 -0.11974 0.53197
1413394921155760640 -1.72443 -2.81962 0.26687 0.11021 0.82071 -0.14002 0.54285
1413394921255760384 -1.59103 -2.80813 0.23475 0.09297 0.81199 -0.16329 0.55259
1413394921355760640 -1.45475 -2.80004 0.19024 0.05901 0.80605 -0.20006 0.55387
1413394921455760384 -1.31968 -2.80292 0.13793 0.02975 0.80072 -0.23293 0.55110
1413394921555760384 -1.18856 -2.82577 0.07819 0.03413 0.80410 -0.24011 0.54277
1413394921655760640 -1.06247 -2.87052 0.02019 0.07623 0.80642 -0.21885 0.54404
1413394921755760384 -0.93879 -2.92651 -0.03540 0.12066 0.80399 -0.19175 0.54979
1413394921855760640 -0.81481 -2.98144 -0.08796 0.14291 0.79575 -0.16955 0.56356
1413394921955760384 -0.68791 -3.02960 -0.13370 0.13145 0.77974 -0.15622 0.59188
1413394922055760384 -0.56865 -3.06962 -0.17001 0.10227 0.76988 -0.14413 0.61323
1413394922155760640 -0.45942 -3.10456 -0.18921 0.07905 0.77165 -0.12005 0.61959
1413394922255760384 -0.36164 -3.13647 -0.19474 0.06365 0.78913 -0.08874 0.60444
1413394922355760640 -0.27144 -3.16857 -0.18647 0.06377 0.80826 -0.05176 0.58307
1413394922455760384 -0.18427 -3.19810 -0.15667 0.06556 0.81796 -0.02259 0.57109
1413394922555760384 -0.09544 -3.21800 -0.10544 0.05196 0.82225 -0.01231 0.56661
1413394922655760640 -0.00398 -3.22996 -0.04709 0.02748 0.82359 -0.01679 0.56627
1413394922755760384 0.08865 -3.23872 0.01027 0.01106 0.82779 -0.02092 0.56053
1413394922855760640 0.18485 -3.24678 0.06592 0.00323 0.83399 -0.02268 0.55131
1413394922955760384 0.28165 -3.25535 0.12545 0.00229 0.83795 -0.02256 0.54528
1413394923055760384 0.39033 -3.26594 0.18065 0.00227 0.84238 -0.02293 0.53840
1413394923155760640 0.50579 -3.27729 0.22312 0.00769 0.84286 -0.02099 0.53768
1413394923255760384 0.63040 -3.28729 0.26929 0.02639 0.83381 -0.00944 0.55134
1413394923355760640 0.75949 -3.29389 0.31565 0.03341 0.82737 -0.00550 0.56063
1413394923455760384 0.89488 -3.28975 0.35764 0.02093 0.83198 -0.00705 0.55436
1413394923555760384 1.03699 -3.28057 0.39966 0.00549 0.83938 0.00011 0.54352
1413394923655760640 1.18633 -3.26968 0.44114 -0.00524 0.83924 0.02080 0.54333
1413394923755760384 1.34032 -3.25505 0.47465 -0.01098 0.83226 0.05148 0.55189
1413394923855760640 1.49556 -3.23451 0.49719 -0.02241 0.82419 0.08162 0.55995
1413394923955760384 1.65088 -3.20647 0.50711 -0.03806 0.81615 0.11016 0.56597
1413394924055760384 1.80360 -3.17166 0.50551 -0.05722 0.80878 0.13734 0.56899
1413394924155760640 1.94899 -3.12875 0.50010 -0.08483 0.80266 0.15971 0.56835
1413394924255760384 2.09411 -3.08147 0.49830 -0.12009 0.79897 0.17864 0.56153
1413394924355760640 2.23143 -3.03079 0.49680 -0.15578 0.79555 0.19779 0.55111
1413394924455760384 2.36800 -2.98105 0.49774 -0.17881 0.78642 0.22473 0.54687
1413394924555760384 2.50519 -2.93345 0.50138 -0.19793 0.77566 0.25293 0.54332
1413394924655760640 2.63890 -2.88617 0.50556 -0.20954 0.76360 0.28828 0.53842
1413394924755760384 2.77017 -2.83855 0.51325 -0.22076 0.74735 0.32373 0.53660
1413394924855760640 2.90042 -2.79072 0.52642 -0.22893 0.72389 0.35806 0.54348
1413394924955760384 3.02076 -2.74244 0.54357 -0.23336 0.69930 0.38822 0.55299
1413394925055760384 3.12838 -2.69463 0.56333 -0.23195 0.67835 0.41139 0.56285
1413394925155760640 3.21527 -2.64562 0.58193 -0.23146 0.67416 0.43061 0.55364
1413394925255760384 3.28034 -2.59081 0.60273 -0.22789 0.67069 0.45167 0.54243
1413394925355760640 3.31377 -2.53163 0.62452 -0.22529 0.66508 0.46806 0.53650
1413394925455760384 3.31739 -2.46577 0.63444 -0.23362 0.66511 0.47116 0.53015
1413394925555760384 3.28898 -2.39317 0.63311 -0.24520 0.66848 0.46775 0.52366
1413394925655760640 3.27179 -2.30890 0.62411 -0.25661 0.67122 0.46514 0.51697
1413394925755760384 3.24496 -2.22052 0.61185 -0.27963 0.68104 0.45205 0.50363
1413394925855760640 3.21381 -2.12466 0.60133 -0.29637 0.68961 0.44023 0.49274
1413394925955760384 3.17995 -2.02572 0.59284 -0.30559 0.69302 0.43638 0.48571
1413394926055760384 3.14904 -1.92400 0.58513 -0.30452 0.68959 0.44454 0.48386
1413394926155760640 3.11636 -1.82143 0.57558 -0.29662 0.68382 0.45688 0.48546
1413394926255760384 3.08065 -1.71535 0.56609 -0.28927 0.67922 0.46727 0.48646
1413394926355760640 3.04051 -1.60396 0.55764 -0.29259 0.68354 0.46840 0.47726
1413394926455760384 2.99560 -1.48981 0.54924 -0.29672 0.68849 0.46866 0.46723
1413394926555760384 2.94938 -1.36664 0.54296 -0.30847 0.68625 0.47223 0.45924
1413394926655760640 2.90314 -1.23523 0.53847 -0.33227 0.67846 0.47934 0.44668
1413394926755760384 2.85863 -1.10043 0.53513 -0.36815 0.66897 0.48607 0.42506
1413394926855760640 2.82004 -0.96653 0.53364 -0.40633 0.65878 0.49365 0.39650
1413394926955760384 2.79361 -0.83421 0.53175 -0.43487 0.64567 0.50584 0.37164
1413394927055760384 2.78670 -0.70207 0.52163 -0.44711 0.62890 0.52283 0.36226
1413394927155760640 2.79748 -0.57331 0.50303 -0.43631 0.60315 0.55074 0.37752
1413394927255760384 2.81876 -0.44753 0.48374 -0.42258 0.57950 0.57354 0.39580
1413394927355760640 2.84376 -0.32824 0.47564 -0.41155 0.56755 0.58803 0.40341
1413394927455760384 2.86606 -0.20604 0.48106 -0.40826 0.56679 0.59366 0.39955
1413394927555760384 2.88693 -0.08887 0.49883 -0.40764 0.57092 0.59519 0.39195
1413394927655760640 2.90654 0.01971 0.53177 -0.41016 0.57236 0.59428 0.38859
1413394927755760384 2.92335 0.13506 0.56899 -0.41305 0.57037 0.59550 0.38659
1413394927855760640 2.93845 0.25386 0.59957 -0.41375 0.56416 0.59810 0.39091
1413394927955760384 2.95106 0.37459 0.61977 -0.41396 0.56287 0.59974 0.39004
1413394928055760384 2.96250 0.49659 0.63107 -0.41537 0.55876 0.60014 0.39382
1413394928155760640 2.97155 0.61881 0.63582 -0.41459 0.54653 0.60157 0.40931
1413394928255760384 2.97518 0.73898 0.63545 -0.41863 0.53279 0.59863 0.42723
1413394928355760640 2.96998 0.84737 0.63647 -0.42354 0.52384 0.59357 0.44032
1413394928455760384 2.95651 0.94637 0.64042 -0.42997 0.52932 0.58824 0.43465
1413394928555760384 2.93544 1.02931 0.64214 -0.43632 0.54194 0.58261 0.42010
1413394928655760640 2.91198 1.11193 0.64772 -0.43798 0.55152 0.57962 0.40993
1413394928755760384 2.88792 1.18900 0.65488 -0.43617 0.55614 0.57872 0.40688
1413394928855760640 2.86414 1.26148 0.65883 -0.43117 0.55613 0.58024 0.41004
1413394928955760384 2.83897 1.32731 0.65663 -0.42432 0.55338 0.58329 0.41654
1413394929055760384 2.81116 1.39189 0.64261 -0.42397 0.55331 0.58220 0.41851
1413394929155760640 2.77989 1.45214 0.62737 -0.43132 0.54991 0.57597 0.42407
1413394929255760384 2.74674 1.50545 0.61186 -0.44119 0.54874 0.56832 0.42573
1413394929355760640 2.71356 1.54906 0.60029 -0.45241 0.55167 0.56022 0.42087
1413394929455760384 2.68316 1.58467 0.59253 -0.45466 0.55700 0.55857 0.41356
1413394929555760384 2.65577 1.61046 0.58585 -0.44524 0.56791 0.56552 0.39928
1413394929655760640 2.63457 1.62920 0.58248 -0.43191 0.57615 0.57452 0.38915
1413394929755760384 2.61681 1.64859 0.58147 -0.42113 0.57649 0.58138 0.39027
1413394929855760640 2.60586 1.66174 0.57620 -0.41778 0.57335 0.58350 0.39530
1413394929955760384 2.59083 1.68186 0.56161 -0.42371 0.56789 0.57868 0.40385
1413394930055760384 2.57811 1.69592 0.53817 -0.43125 0.55996 0.57267 0.41536
1413394930155760640 2.56222 1.70801 0.50925 -0.43687 0.55259 0.56757 0.42620
1413394930255760384 2.54498 1.71220 0.48430 -0.44625 0.54429 0.56001 0.43703
1413394930355760640 2.52650 1.70513 0.46312 -0.45985 0.54646 0.55003 0.43289
1413394930455760384 2.51315 1.68998 0.43860 -0.44818 0.56872 0.55957 0.40321
1413394930555760384 2.50183 1.66861 0.40934 -0.41966 0.59896 0.57842 0.36132
1413394930655760640 2.49439 1.64897 0.37082 -0.38941 0.62503 0.59414 0.32357
1413394930755760384 2.49746 1.64891 0.32834 -0.36670 0.62585 0.60797 0.32282
1413394930855760640 2.50488 1.67311 0.29043 -0.37223 0.60495 0.60617 0.35783
1413394930955760384 2.51179 1.71342 0.25850 -0.39769 0.57830 0.58986 0.39934
1413394931055760384 2.51498 1.75716 0.23561 -0.42203 0.55716 0.57174 0.42963
1413394931155760640 2.51399 1.79261 0.22396 -0.43287 0.54737 0.56219 0.44379
1413394931255760384 2.50819 1.81564 0.22667 -0.43890 0.54340 0.55605 0.45044
1413394931355760640 2.49755 1.82864 0.25155 -0.44714 0.53796 0.54765 0.45907
1413394931455760384 2.48357 1.82739 0.28598 -0.44445 0.54402 0.54842 0.45360
1413394931555760384 2.46696 1.81388 0.31137 -0.42161 0.56161 0.56374 0.43478
1413394931655760640 2.44751 1.79467 0.32829 -0.40276 0.57030 0.57836 0.42196
1413394931755760384 2.42295 1.77505 0.33902 -0.38879 0.56262 0.59768 0.41842
1413394931855760640 2.38951 1.73944 0.35266 -0.38436 0.54388 0.61970 0.41526
1413394931955760384 2.34315 1.69783 0.35845 -0.39935 0.52717 0.63607 0.39753
1413394932055760384 2.28609 1.67895 0.36322 -0.43012 0.50467 0.64698 0.37646
1413394932155760640 2.22161 1.65382 0.38221 -0.46887 0.47681 0.65414 0.35344
1413394932255760384 2.15420 1.63593 0.41590 0.50594 -0.45116 -0.66052 -0.32280
1413394932355760640 2.08909 1.61155 0.45850 0.53723 -0.42028 -0.66821 -0.29707
1413394932455760384 2.02798 1.57563 0.49776 0.56102 -0.38341 -0.67703 -0.28265
1413394932555760384 1.97911 1.53902 0.52934 0.57865 -0.34654 -0.68700 -0.27040
1413394932655760640 1.94158 1.49405 0.54702 0.58823 -0.31351 -0.70019 -0.25580
1413394932755760384 1.91386 1.43964 0.55590 0.58787 -0.28657 -0.71855 -0.23658
1413394932855760640 1.89452 1.37661 0.56396 0.57514 -0.26828 -0.74345 -0.21101
1413394932955760384 1.88031 1.30809 0.57314 0.56080 -0.25361 -0.76597 -0.18567
1413394933055760384 1.86798 1.24006 0.57844 0.55319 -0.23819 -0.78145 -0.16304
1413394933155760640 1.85486 1.17225 0.57513 0.55218 -0.21777 -0.79159 -0.14514
1413394933255760384 1.84040 1.10798 0.56409 0.55911 -0.19542 -0.79542 -0.12851
1413394933355760640 1.82783 1.04549 0.54144 0.56736 -0.17078 -0.79719 -0.11590
1413394933455760384 1.81526 0.98328 0.50911 0.57468 -0.14826 -0.79815 -0.10349
1413394933555760384 1.80104 0.92307 0.46603 0.58004 -0.12804 -0.79942 -0.08993
1413394933655760640 1.78619 0.86585 0.42125 0.58909 -0.10728 -0.79734 -0.07566
1413394933755760384 1.77332 0.81121 0.38120 0.60184 -0.08768 -0.79132 -0.06256
1413394933855760640 1.76586 0.75575 0.34468 0.60846 -0.07288 -0.78850 -0.05238
1413394933955760384 1.76459 0.69913 0.30845 0.59964 -0.05728 -0.79712 -0.04185
1413394934055760384 1.76758 0.63969 0.27523 0.58743 -0.03928 -0.80786 -0.02753
1413394934155760640 1.76808 0.57857 0.25021 0.59268 -0.01815 -0.80516 -0.01121
1413394934255760384 1.76990 0.51957 0.22276 0.60226 0.00578 -0.79825 0.00648
1413394934355760640 1.77557 0.45949 0.18285 0.60006 0.03192 -0.79886 0.02686
1413394934455760384 1.78571 0.40144 0.13054 0.58936 0.05284 -0.80441 0.05281
1413394934555760384 1.79812 0.34782 0.06867 0.58156 0.07169 -0.80748 0.06800
1413394934655760640 1.81031 0.29981 0.00610 0.57750 0.09016 -0.80809 0.07317
1413394934755760384 1.82531 0.25766 -0.04393 0.57710 0.10017 -0.80648 0.08068
1413394934855760640 1.84324 0.21196 -0.07973 0.57937 0.10470 -0.80378 0.08547
1413394934955760384 1.85928 0.16960 -0.09844 0.58062 0.10652 -0.80236 0.08799
1413394935055760384 1.87161 0.13477 -0.09432 0.58576 0.10471 -0.79860 0.09031
1413394935155760640 1.88246 0.10697 -0.08100 0.59273 0.09600 -0.79442 0.09140
1413394935255760384 1.89713 0.07919 -0.07528 0.59934 0.08504 -0.79127 0.08638
1413394935355760640 1.91702 0.05354 -0.08062 0.60806 0.07712 -0.78625 0.07828
1413394935455760384 1.94170 0.02935 -0.09824 0.61201 0.07222 -0.78451 0.06901
1413394935555760384 1.97209 0.00632 -0.12762 0.60445 0.06919 -0.79136 0.05998
1413394935655760640 2.00916 -0.01452 -0.15972 0.59647 0.06623 -0.79816 0.05269
1413394935755760384 2.04919 -0.03720 -0.18099 0.59446 0.06342 -0.80023 0.04721
1413394935855760640 2.08868 -0.05713 -0.18581 0.59669 0.06046 -0.79894 0.04463
1413394935955760384 2.13344 -0.07641 -0.18496 0.59310 0.05755 -0.80192 0.04294
1413394936055760384 2.18158 -0.09666 -0.19625 0.57879 0.06077 -0.81209 0.04261
1413394936205760512 2.25122 -0.13590 -0.23468 0.55304 0.08423 -0.82697 0.05643
1413394936255760384 2.27389 -0.15123 -0.25013 0.55389 0.09816 -0.82423 0.06495
1413394936405760512 2.33478 -0.20308 -0.29459 0.56767 0.15513 -0.80196 0.10273
1413394936505760512 2.37655 -0.24181 -0.31851 0.57147 0.20457 -0.78417 0.12905
1413394936605760512 2.41929 -0.28355 -0.33782 0.56642 0.25526 -0.76862 0.15243
1413394936705760512 2.46795 -0.32763 -0.35274 0.55217 0.29414 -0.75894 0.18055
1413394936805760256 2.51860 -0.37441 -0.36401 0.53951 0.32644 -0.74880 0.20413
1413394936905760512 2.57226 -0.42509 -0.37312 0.52723 0.35618 -0.73872 0.22240
1413394937005760512 2.62697 -0.48079 -0.38331 0.51259 0.38676 -0.72856 0.23847
1413394937105760512 2.68476 -0.54356 -0.39475 -0.49642 -0.41871 0.71660 -0.25443
1413394937205760512 2.74257 -0.61159 -0.40365 -0.48311 -0.44728 0.70220 -0.27103
1413394937255760384 2.77071 -0.64855 -0.41023 -0.47389 -0.45706 0.69833 -0.28082
1413394937355760640 2.82832 -0.72524 -0.41797 -0.45679 -0.46960 0.69343 -0.29997
1413394937455760384 2.88183 -0.80694 -0.42580 -0.44956 -0.47618 0.68771 -0.31337
1413394937555760384 2.92906 -0.89402 -0.43365 -0.44799 -0.47981 0.68256 -0.32125
1413394937655760640 2.96662 -0.98541 -0.43868 -0.44973 -0.47969 0.67907 -0.32635
1413394937755760384 2.98884 -1.08006 -0.44190 -0.45189 -0.47518 0.67797 -0.33220
1413394937855760640 3.00704 -1.17434 -0.44420 -0.45336 -0.46738 0.68123 -0.33460
1413394937955760384 3.02078 -1.26837 -0.44419 -0.45206 -0.45329 0.69175 -0.33414
1413394938055760384 3.02993 -1.36324 -0.43706 -0.44654 -0.43588 0.70685 -0.33314
1413394938155760640 3.03154 -1.45827 -0.41994 -0.44058 -0.42025 0.72097 -0.33088
1413394938255760384 3.01753 -1.55135 -0.38643 -0.44106 -0.40612 0.73132 -0.32512
1413394938355760640 2.99049 -1.65617 -0.33369 -0.45761 -0.39765 0.73284 -0.30891
1413394938455760384 2.95215 -1.76388 -0.26723 -0.47722 -0.38393 0.73237 -0.29749
1413394938555760384 2.91023 -1.87331 -0.20060 -0.49534 -0.37296 0.73376 -0.27774
1413394938655760640 2.86306 -1.97928 -0.14604 0.50443 0.35889 -0.74343 0.25309
1413394938755760384 2.81589 -2.09080 -0.10483 0.50798 0.33769 -0.75812 0.23059
1413394938855760640 2.76424 -2.19730 -0.07395 0.50876 0.30624 -0.77518 0.21559
1413394938955760384 2.71296 -2.30879 -0.05296 0.51142 0.25826 -0.79123 0.21379
1413394939055760384 2.65339 -2.40957 -0.04070 0.51984 0.20312 -0.80168 0.21406
1413394939155760640 2.58393 -2.49789 -0.03733 0.53102 0.15417 -0.80774 0.20445
1413394939255760384 2.50748 -2.57258 -0.04475 0.54155 0.11996 -0.81223 0.18060
1413394939355760640 2.42526 -2.63659 -0.05823 0.55087 0.09788 -0.81476 0.15204
1413394939455760384 2.33921 -2.68561 -0.06868 0.55933 0.09632 -0.81538 0.11413
1413394939555760384 2.24938 -2.73347 -0.06160 0.56844 0.10130 -0.81231 0.08230
1413394939655760640 2.15910 -2.78364 -0.04209 0.57301 0.08813 -0.81075 0.08108
1413394939755760384 2.06861 -2.82939 -0.01332 0.57246 0.06324 -0.81239 0.09115
1413394939855760640 1.97594 -2.86513 0.01795 0.56868 0.03196 -0.81533 0.10401
1413394939955760384 1.88086 -2.88659 0.04198 0.56196 0.02292 -0.82235 0.08614
1413394940055760384 1.78612 -2.89910 0.05427 0.55139 0.02777 -0.83226 0.05035
1413394940155760640 1.68902 -2.90994 0.05670 0.54742 0.01334 -0.83613 0.03240
1413394940255760384 1.58596 -2.91856 0.04699 0.55377 -0.01170 -0.83237 0.01925
1413394940355760640 1.47590 -2.92302 0.03001 0.56415 -0.04099 -0.82465 0.00304
1413394940455760384 1.36193 -2.92543 0.00662 0.57103 -0.07330 -0.81750 -0.01560
1413394940555760384 1.24472 -2.92250 -0.01563 0.57431 -0.09897 -0.81146 -0.04371
1413394940655760640 1.12698 -2.91592 -0.03132 0.57081 -0.11367 -0.80887 -0.08364
1413394940755760384 1.00910 -2.91221 -0.03965 0.56474 -0.12452 -0.80744 -0.11665
1413394940855760640 0.88841 -2.91486 -0.03401 0.56282 -0.13864 -0.80490 -0.12706
1413394940955760384 0.77155 -2.92290 -0.01825 0.56306 -0.15904 -0.80261 -0.11610
1413394941055760384 0.65303 -2.93237 0.00584 0.55720 -0.18582 -0.80347 -0.09712
1413394941205760512 0.47164 -2.93482 0.05464 0.54282 -0.22560 -0.80557 -0.07419
1413394941305760256 0.35156 -2.92233 0.08733 0.53496 -0.23898 -0.80719 -0.07171
1413394941405760512 0.23043 -2.89341 0.12273 0.52556 -0.24068 -0.81221 -0.07860
1413394941505760512 0.10504 -2.84919 0.16378 0.52271 -0.22152 -0.81602 -0.10873
1413394941605760512 -0.02955 -2.79717 0.20568 0.52125 -0.20155 -0.81742 -0.13962
1413394941705760512 -0.17231 -2.74473 0.24722 0.52456 -0.19581 -0.81293 -0.16014
1413394941755760384 -0.25025 -2.71884 0.26611 0.52936 -0.19834 -0.80813 -0.16541
1413394941855760640 -0.40289 -2.67058 0.30389 0.54075 -0.21553 -0.79757 -0.15818
1413394941955760384 -0.55534 -2.62324 0.34049 0.55278 -0.24851 -0.78520 -0.12703
1413394942055760384 -0.70281 -2.56776 0.37645 0.56047 -0.28087 -0.77349 -0.09326
1413394942155760640 -0.83979 -2.49767 0.41698 0.56501 -0.31128 -0.76153 -0.06285
1413394942255760384 -0.95845 -2.40094 0.46193 0.56575 -0.33798 -0.75068 -0.04667
1413394942355760640 -1.05554 -2.27784 0.51115 0.56261 -0.36159 -0.74194 -0.04748
1413394942455760384 -1.13816 -2.12434 0.56592 0.55866 -0.37986 -0.73419 -0.06762
1413394942555760384 -1.20495 -1.94586 0.61035 0.55595 -0.39857 -0.72281 -0.09797
1413394942655760640 -1.25431 -1.74844 0.63801 0.55257 -0.41905 -0.70822 -0.13221
1413394942755760384 -1.28375 -1.54120 0.64851 0.54897 -0.43107 -0.69233 -0.18301
1413394942855760640 -1.30442 -1.32665 0.64532 0.54427 -0.42477 -0.67537 -0.25927
1413394942955760384 -1.31575 -1.11783 0.62122 0.53634 -0.41256 -0.65447 -0.33735
1413394943055760384 -1.32640 -0.92251 0.58022 0.52585 -0.41282 -0.63092 -0.39369
1413394943155760640 -1.33959 -0.74670 0.52865 0.51285 -0.42520 -0.60713 -0.43311
1413394943255760384 -1.35610 -0.59826 0.46754 -0.49832 0.44318 0.58335 0.46365
1413394943355760640 -1.37422 -0.48415 0.40205 -0.48279 0.46608 0.56062 0.48517
1413394943455760384 -1.40012 -0.40306 0.34734 -0.46120 0.49043 0.54375 0.50110
1413394943555760384 -1.43859 -0.34994 0.30442 -0.43409 0.51726 0.53279 0.51005
1413394943655760640 -1.48986 -0.32589 0.26956 -0.40543 0.55025 0.53005 0.50190
1413394943755760384 -1.55313 -0.31415 0.24171 -0.38897 0.58300 0.52376 0.48425
1413394943855760640 -1.62494 -0.32025 0.20993 -0.38989 0.60578 0.51076 0.46919
1413394943955760384 -1.69746 -0.33035 0.17224 -0.39815 0.62349 0.49778 0.45272
1413394944055760384 -1.76766 -0.34764 0.13382 -0.39397 0.63094 0.49685 0.44704
1413394944155760640 -1.83480 -0.37061 0.10410 -0.38626 0.63177 0.50136 0.44757
1413394944255760384 -1.89852 -0.39779 0.08362 -0.37983 0.63623 0.50201 0.44601
1413394944355760640 -1.95771 -0.42384 0.07499 -0.36867 0.64549 0.50499 0.43865
1413394944455760384 -2.01104 -0.44725 0.08540 -0.34906 0.65658 0.51017 0.43218
1413394944555760384 -2.05891 -0.46235 0.09284 -0.33153 0.67391 0.50402 0.42650
1413394944655760640 -2.10194 -0.47294 0.08933 -0.31483 0.70014 0.48618 0.41751
1413394944755760384 -2.13892 -0.48319 0.07123 -0.29264 0.72869 0.46324 0.41082
1413394944855760640 -2.16500 -0.47358 0.04576 -0.27044 0.75476 0.43414 0.41076
1413394944955760384 -2.17471 -0.45006 0.01437 -0.24996 0.77519 0.39994 0.42029
1413394945055760384 -2.16663 -0.40904 -0.02023 -0.22850 0.78587 0.36515 0.44368
1413394945155760640 -2.15209 -0.35482 -0.05879 -0.20309 0.79073 0.33135 0.47298
1413394945255760384 -2.12285 -0.28754 -0.09646 -0.17908 0.79329 0.29675 0.50056
1413394945355760640 -2.08525 -0.21149 -0.12539 -0.15492 0.79243 0.26236 0.52842
1413394945455760384 -2.04513 -0.12781 -0.15352 -0.14154 0.78505 0.22003 0.56147
1413394945555760384 -2.00708 -0.04233 -0.17849 -0.14494 0.78664 0.16444 0.57720
1413394945655760640 -1.97285 0.03584 -0.20143 -0.14347 0.79192 0.11005 0.58323
1413394945755760384 -1.94073 0.10251 -0.22109 -0.13376 0.79832 0.05889 0.58423
1413394945855760640 -1.90784 0.15282 -0.23950 -0.11547 0.80287 0.00962 0.58478
1413394945955760384 -1.87731 0.18445 -0.25960 -0.09200 0.80444 -0.04028 0.58548
1413394946055760384 -1.85214 0.19217 -0.27345 -0.04929 0.80462 -0.07915 0.58642
1413394946155760640 -1.82911 0.18383 -0.28387 -0.00099 0.80231 -0.11523 0.58567
1413394946255760384 -1.81512 0.16533 -0.29216 0.04010 0.79421 -0.15643 0.58579
1413394946355760640 -1.80497 0.14022 -0.30004 0.07050 0.78374 -0.20481 0.58209
1413394946455760384 -1.80358 0.10729 -0.31179 0.09777 0.77186 -0.25442 0.57441
1413394946555760384 -1.81116 0.06246 -0.31919 0.12497 0.75607 -0.30229 0.56689
1413394946655760640 -1.83001 0.00932 -0.32128 0.16883 0.73808 -0.33756 0.55927
1413394946755760384 -1.85885 -0.05155 -0.32617 0.22164 0.71713 -0.36622 0.54998
1413394946855760640 -1.89350 -0.11206 -0.32838 0.26672 0.69482 -0.39935 0.53535
1413394946955760384 -1.93023 -0.16994 -0.32920 0.30670 0.66929 -0.43452 0.51883
1413394947055760384 -1.96927 -0.22233 -0.32754 0.34481 0.64210 -0.46860 0.49923
1413394947155760640 -2.01062 -0.26780 -0.31550 0.37506 0.61735 -0.50451 0.47294
1413394947255760384 -2.05231 -0.30687 -0.28833 0.39779 0.59452 -0.54062 0.44277
1413394947355760640 -2.09219 -0.33929 -0.24275 -0.42540 -0.56564 0.56565 -0.42324
1413394947455760384 -2.12484 -0.36824 -0.18180 -0.44534 -0.54232 0.58215 -0.41069
1413394947555760384 -2.15144 -0.38984 -0.11522 -0.44953 -0.53108 0.59799 -0.39785
1413394947655760640 -2.17447 -0.40656 -0.05745 -0.43743 -0.53572 0.61675 -0.37587
1413394947755760384 -2.19270 -0.42525 -0.01326 -0.41604 -0.54915 0.63200 -0.35485
1413394947855760640 -2.20755 -0.45127 0.02348 -0.39422 -0.56727 0.63516 -0.34550
1413394947955760384 -2.20922 -0.48087 0.06843 -0.37983 -0.58549 0.62563 -0.34860
1413394948055760384 -2.21803 -0.53667 0.12340 -0.36382 -0.60594 0.61108 -0.35645
1413394948155760640 -2.21098 -0.59447 0.17450 0.34730 0.62584 -0.59934 0.35847
1413394948255760384 -2.21224 -0.67812 0.22213 0.35107 0.63677 -0.57816 0.37014
1413394948355760640 -2.21205 -0.77794 0.26559 0.37614 0.63043 -0.54708 0.40222
1413394948455760384 -2.20546 -0.87751 0.30276 0.40781 0.61067 -0.51407 0.44329
1413394948555760384 -2.20011 -0.97173 0.33527 0.43686 0.58587 -0.48432 0.48098
1413394948655760640 -2.19180 -1.04752 0.36574 0.45248 0.56711 -0.46776 0.50483
1413394948755760384 -2.18215 -1.09356 0.39813 0.46320 0.55599 -0.45876 0.51562
1413394948855760640 -2.17137 -1.11126 0.43079 0.45215 0.56798 -0.47303 0.49921
1413394948955760384 -2.15430 -1.10533 0.46070 0.42811 0.59131 -0.49890 0.46709
1413394949055760384 -2.13769 -1.08193 0.48376 0.39652 0.62031 -0.52902 0.42205
1413394949155760640 -2.11725 -1.05566 0.49402 0.36420 0.64425 -0.55483 0.38008
1413394949255760384 -2.09001 -1.03909 0.49739 0.34259 0.65781 -0.57120 0.35164
1413394949355760640 -2.05478 -1.04081 0.49317 0.33017 0.66413 -0.58144 0.33441
1413394949455760384 -2.00896 -1.07886 0.49133 0.33101 0.66232 -0.58349 0.33362
1413394949555760384 -1.95763 -1.13241 0.49172 0.36269 0.64393 -0.56574 0.36571
1413394949655760640 -1.90059 -1.19363 0.49595 0.40486 0.61331 -0.53774 0.41325
1413394949755760384 -1.83591 -1.25582 0.50567 0.43529 0.58452 -0.51458 0.45174
1413394949855760640 -1.76796 -1.30636 0.51265 0.44317 0.56734 -0.50627 0.47479
1413394949955760384 -1.69885 -1.33952 0.51571 0.42718 0.56432 -0.51071 0.48809
1413394950055760384 -1.63277 -1.35424 0.52621 0.40631 0.56590 -0.51069 0.50384
1413394950155760640 -1.57116 -1.35535 0.53534 0.37409 0.57448 -0.51348 0.51610
1413394950255760384 -1.52121 -1.34400 0.53890 0.32994 0.60034 -0.52642 0.50361
1413394950355760640 -1.48746 -1.33110 0.54218 0.30882 0.64003 -0.53014 0.46254
1413394950455760384 -1.46160 -1.32550 0.55254 0.30437 0.67370 -0.52580 0.42074
1413394950555760384 -1.43375 -1.34090 0.56596 0.30289 0.69293 -0.52253 0.39379
1413394950655760640 -1.40272 -1.37943 0.58575 0.30939 0.69774 -0.51650 0.38816
1413394950755760384 -1.35810 -1.43077 0.61171 0.33634 0.68503 -0.49434 0.41621
1413394950855760640 -1.30585 -1.48699 0.64129 0.36674 0.65976 -0.46076 0.46683
1413394950955760384 -1.25267 -1.53788 0.67220 0.39058 0.63301 -0.42090 0.51922
1413394951055760384 -1.19518 -1.56462 0.70381 0.40105 0.61464 -0.38429 0.56009
1413394951155760640 -1.13788 -1.55797 0.73414 0.38734 0.61098 -0.36356 0.58693
1413394951255760384 -1.09031 -1.52580 0.75942 0.34872 0.63200 -0.36275 0.58939
1413394951355760640 -1.05343 -1.47123 0.78050 0.29741 0.67553 -0.37950 0.55785
1413394951455760384 -1.03243 -1.39960 0.80632 0.24735 0.72601 -0.40084 0.50105
1413394951555760384 -1.01022 -1.33634 0.83456 0.20950 0.76298 -0.41850 0.44591
1413394951655760640 -0.98490 -1.29384 0.86927 0.18559 0.78153 -0.43249 0.40953
1413394951755760384 -0.94625 -1.28678 0.91458 0.17718 0.78969 -0.44043 0.38862
1413394951855760640 -0.88405 -1.32244 0.97438 0.20706 0.77739 -0.42642 0.41348
1413394951955760384 -0.80899 -1.37992 1.03906 0.24603 0.75034 -0.40539 0.46055
1413394952055760384 -0.72591 -1.44487 1.10342 0.28132 0.71359 -0.38388 0.51409
1413394952155760640 -0.64215 -1.50640 1.15537 0.30599 0.68367 -0.36663 0.55185
1413394952255760384 -0.56223 -1.55447 1.19245 0.30663 0.67532 -0.36745 0.56116
1413394952355760640 -0.49164 -1.59482 1.20597 0.28079 0.69296 -0.38112 0.54379
1413394952455760384 -0.41960 -1.63477 1.20150 0.24379 0.71119 -0.39356 0.52904
1413394952555760384 -0.35559 -1.67232 1.20829 0.22126 0.72987 -0.39233 0.51422
1413394952655760640 -0.29634 -1.71366 1.22755 0.22492 0.74530 -0.37571 0.50277
1413394952755760384 -0.23686 -1.76481 1.26064 0.23778 0.74708 -0.35606 0.50848
1413394952855760640 -0.17433 -1.81921 1.29265 0.25393 0.73115 -0.33524 0.53717
1413394952955760384 -0.11877 -1.86895 1.31885 0.26996 0.70535 -0.31500 0.57479
1413394953055760384 -0.06935 -1.90260 1.33392 0.28181 0.68298 -0.30050 0.60317
1413394953155760640 -0.02770 -1.92106 1.33974 0.28851 0.66835 -0.29256 0.62006
1413394953255760384 -0.00362 -1.91373 1.35823 0.29344 0.65851 -0.28814 0.63026
1413394953355760640 -0.00933 -1.87185 1.38714 0.29970 0.64588 -0.28348 0.64239
1413394953455760384 -0.03361 -1.80200 1.43579 0.29484 0.65471 -0.29117 0.63218
1413394953555760384 -0.07074 -1.71539 1.45860 0.27332 0.70184 -0.31624 0.57682
1413394953655760640 -0.10781 -1.62181 1.44341 0.24938 0.74736 -0.34007 0.51343
1413394953755760384 -0.14014 -1.52801 1.39170 0.22882 0.77815 -0.35803 0.46254
1413394953855760640 -0.16726 -1.43890 1.30507 0.21608 0.79593 -0.36828 0.42915
1413394953955760384 -0.17029 -1.37096 1.21198 0.21903 0.79390 -0.36690 0.43259
1413394954055760384 -0.16852 -1.30891 1.12156 0.23724 0.77295 -0.35248 0.47119
1413394954155760640 -0.15032 -1.25494 1.03410 0.25898 0.74549 -0.33324 0.51587
1413394954255760384 -0.12765 -1.19341 0.95271 0.27863 0.71452 -0.31456 0.55936
1413394954355760640 -0.10939 -1.12416 0.87613 0.28992 0.69237 -0.30006 0.58868
1413394954455760384 -0.10254 -1.03573 0.80848 0.28602 0.68744 -0.30105 0.59581
1413394954555760384 -0.10576 -0.93245 0.75159 0.26321 0.71004 -0.32053 0.56906
1413394954655760640 -0.11739 -0.81640 0.69828 0.22742 0.74660 -0.35244 0.51639
1413394954755760384 -0.12782 -0.70281 0.64685 0.19332 0.77389 -0.38401 0.46504
1413394954855760640 -0.13600 -0.60544 0.59295 0.18169 0.78488 -0.40078 0.43626
1413394954955760384 -0.13198 -0.53884 0.53668 0.20736 0.77616 -0.38991 0.45006
1413394955055760384 -0.10440 -0.48626 0.48399 0.23808 0.75552 -0.36480 0.48932
1413394955155760640 -0.07903 -0.43542 0.42821 0.25751 0.73513 -0.33339 0.53115
1413394955255760384 -0.05396 -0.37771 0.37504 0.26384 0.71992 -0.29981 0.56764
1413394955355760640 -0.03239 -0.30798 0.32817 0.23627 0.72310 -0.28415 0.58358
1413394955455760384 -0.02074 -0.23077 0.28802 0.16848 0.74886 -0.29558 0.56872
1413394955555760384 -0.00916 -0.16316 0.26375 0.10992 0.78157 -0.30944 0.53038
1413394955655760640 -0.01894 -0.10965 0.25282 0.08826 0.81102 -0.30759 0.48974
1413394955755760384 -0.00610 -0.08944 0.26463 0.10903 0.82884 -0.28547 0.46866
1413394955855760640 0.02062 -0.09230 0.28307 0.14241 0.82690 -0.26082 0.47742
1413394955955760384 0.08076 -0.09124 0.27390 0.16661 0.81063 -0.24662 0.50428
1413394956105760512 0.15397 -0.13167 0.33133 0.19204 0.76752 -0.22912 0.56704
1413394956205760512 0.19997 -0.16669 0.37473 0.19285 0.74271 -0.21776 0.60313
1413394956305760256 0.24516 -0.17820 0.39893 0.17885 0.72981 -0.20544 0.62705
1413394956405760512 0.28461 -0.16236 0.41688 0.15031 0.73305 -0.19348 0.63451
1413394956505760512 0.30556 -0.13864 0.42367 0.11872 0.75821 -0.17845 0.61578
1413394956605760512 0.31504 -0.11577 0.41725 0.09841 0.79436 -0.15777 0.57829
1413394956655760640 0.31552 -0.10525 0.40490 0.09042 0.81454 -0.14887 0.55334
1413394956755760384 0.31135 -0.08810 0.41048 0.07721 0.84648 -0.13600 0.50893
1413394956855760640 0.32092 -0.09019 0.40080 0.07155 0.85802 -0.12408 0.49324
1413394956955760384 0.36579 -0.10053 0.40637 0.07245 0.84818 -0.11423 0.51215
1413394957055760384 0.42593 -0.10418 0.41895 0.07571 0.83230 -0.10688 0.53864
1413394957155760640 0.50735 -0.11752 0.42663 0.07622 0.80691 -0.10360 0.57650
1413394957255760384 0.57045 -0.11859 0.44562 0.07648 0.77775 -0.10125 0.61564
1413394957355760640 0.62348 -0.11746 0.45874 0.07231 0.74520 -0.10199 0.65501
1413394957455760384 0.65158 -0.11017 0.47619 0.06852 0.72676 -0.10287 0.67568
1413394957555760384 0.65959 -0.10061 0.49209 0.05855 0.74346 -0.10702 0.65756
1413394957655760640 0.64795 -0.09430 0.50886 0.04919 0.78203 -0.10587 0.61222
1413394957755760384 0.62268 -0.08443 0.51738 0.04123 0.82228 -0.09887 0.55892
1413394957855760640 0.61439 -0.08148 0.52612 0.03060 0.84600 -0.09005 0.52463
1413394957955760384 0.61953 -0.08919 0.53660 0.01708 0.84679 -0.07749 0.52597
1413394958055760384 0.63026 -0.09324 0.53953 -0.00039 0.82827 -0.06200 0.55689
1413394958155760640 0.64675 -0.10033 0.54399 -0.01615 0.79659 -0.03920 0.60303
1413394958255760384 0.64831 -0.10208 0.55236 -0.03175 0.76480 -0.01353 0.64335
1413394958355760640 0.64291 -0.12042 0.55814 -0.04572 0.74170 0.01385 0.66903
1413394958455760384 0.61368 -0.14189 0.55933 -0.05696 0.76083 0.04074 0.64516
1413394958555760384 0.56746 -0.17183 0.55795 -0.06628 0.80463 0.06631 0.58633
1413394958655760640 0.51656 -0.20128 0.55582 -0.07331 0.84794 0.08864 0.51746
1413394958755760384 0.48157 -0.22945 0.55634 -0.08006 0.87066 0.10793 0.47318
1413394958855760640 0.47624 -0.25572 0.56580 -0.08335 0.87414 0.13017 0.46043
1413394958955760384 0.49114 -0.27319 0.58895 -0.08019 0.85804 0.15896 0.48173
1413394959055760384 0.52837 -0.27690 0.61108 -0.08666 0.82478 0.18091 0.52867
1413394959155760640 0.57239 -0.27124 0.63189 -0.10788 0.78905 0.19180 0.57356
1413394959255760384 0.60963 -0.25974 0.65469 -0.13830 0.75099 0.19539 0.61540
1413394959355760640 0.63264 -0.25477 0.67884 -0.16236 0.72621 0.20287 0.63647
1413394959455760384 0.63479 -0.25459 0.69413 -0.16796 0.74975 0.22179 0.60039
1413394959555760384 0.62595 -0.25960 0.70654 -0.16274 0.79101 0.24615 0.53594
1413394959655760640 0.61993 -0.26332 0.72294 -0.15813 0.82194 0.26897 0.47651
1413394959755760384 0.62845 -0.25369 0.74168 -0.15484 0.83086 0.29371 0.44658
1413394959855760640 0.65957 -0.22106 0.75969 -0.15391 0.81014 0.32484 0.46309
1413394959955760384 0.69934 -0.17844 0.77612 -0.17819 0.77557 0.33997 0.50116
1413394960055760384 0.73895 -0.12205 0.78389 -0.22422 0.73161 0.34123 0.54592
1413394960155760640 0.76961 -0.06439 0.78475 -0.26640 0.69237 0.34687 0.57388
1413394960255760384 0.79068 -0.01518 0.78152 -0.29386 0.67200 0.36563 0.57304
1413394960355760640 0.79922 0.02274 0.77607 -0.30932 0.67026 0.39529 0.54665
1413394960455760384 0.79648 0.05106 0.76113 -0.31114 0.67968 0.43430 0.50260
1413394960555760384 0.79240 0.07420 0.73388 -0.30369 0.69360 0.47633 0.44700
1413394960655760640 0.79158 0.10517 0.70107 -0.29755 0.69869 0.51255 0.40073
1413394960755760384 0.79556 0.15181 0.67387 -0.30132 0.68207 0.54139 0.38844
1413394960855760640 0.80461 0.22065 0.65602 -0.33123 0.64642 0.54831 0.41446
1413394960955760384 0.81354 0.30015 0.64610 -0.37252 0.61149 0.53663 0.44647
1413394961055760384 0.81598 0.37496 0.63968 -0.40360 0.58704 0.52187 0.46919
1413394961155760640 0.81724 0.43800 0.62819 -0.41419 0.57989 0.51704 0.47417
1413394961255760384 0.81362 0.48700 0.61332 -0.39418 0.59729 0.53234 0.45219
1413394961355760640 0.80819 0.53198 0.59635 -0.36143 0.62276 0.55600 0.41521
1413394961455760384 0.80136 0.58418 0.58426 -0.33159 0.63245 0.57553 0.39852
1413394961555760384 0.79077 0.65002 0.58028 -0.32396 0.61599 0.58261 0.41973
1413394961655760640 0.77525 0.73036 0.58332 -0.34767 0.59542 0.56825 0.44909
1413394961755760384 0.74763 0.81043 0.58589 -0.38943 0.57590 0.53895 0.47563
1413394961855760640 0.71483 0.88040 0.58624 -0.42180 0.56651 0.51260 0.48825
1413394961955760384 0.67580 0.92938 0.58843 -0.43768 0.56817 0.49774 0.48773
1413394962055760384 0.63871 0.96934 0.58616 -0.43065 0.58654 0.50236 0.46706
1413394962155760640 0.59870 0.98868 0.58482 -0.39961 0.60677 0.52344 0.44514
1413394962255760384 0.55887 1.00516 0.58785 -0.37349 0.62075 0.53910 0.42958
1413394962355760640 0.52040 1.02507 0.60019 -0.36495 0.62211 0.54284 0.43025
1413394962455760384 0.47753 1.04747 0.61990 -0.38826 0.59923 0.52466 0.46358
1413394962555760384 0.43024 1.06306 0.64428 -0.42031 0.56968 0.49872 0.50008
1413394962655760640 0.38274 1.07254 0.66579 -0.43571 0.56288 0.48746 0.50567
1413394962755760384 0.32712 1.05579 0.67796 -0.42192 0.58631 0.50202 0.47561
1413394962855760640 0.27057 1.02459 0.68402 -0.39656 0.61179 0.52565 0.43835
1413394962955760384 0.21722 0.99082 0.68610 -0.37748 0.61763 0.54819 0.41897
1413394963055760384 0.16266 0.96693 0.68834 -0.38857 0.59894 0.54878 0.43489
1413394963155760640 0.11205 0.93245 0.68812 -0.42006 0.56897 0.53268 0.46483
1413394963255760384 0.06213 0.88588 0.67246 -0.43859 0.55309 0.52311 0.47758
1413394963355760640 0.01234 0.82904 0.63724 -0.42251 0.56548 0.53886 0.45972
1413394963455760384 -0.03968 0.76537 0.58960 -0.38841 0.59105 0.56527 0.42458
1413394963555760384 -0.09251 0.69971 0.53797 -0.35636 0.61125 0.58625 0.39458
1413394963655760640 -0.14917 0.64581 0.49553 -0.35187 0.61309 0.58771 0.39358
1413394963755760384 -0.20933 0.60911 0.46534 -0.37794 0.59315 0.56898 0.42614
1413394963855760640 -0.27117 0.57509 0.43752 -0.41275 0.57116 0.54188 0.45801
1413394963955760384 -0.33800 0.53398 0.40267 -0.42355 0.57627 0.53174 0.45362
1413394964055760384 -0.40542 0.48491 0.36210 -0.39625 0.60104 0.54879 0.42494
1413394964155760640 -0.47142 0.43714 0.32327 -0.36063 0.62455 0.56971 0.39411
1413394964255760384 -0.53697 0.40143 0.29632 -0.34463 0.62891 0.57776 0.38974
1413394964355760640 -0.60462 0.38022 0.28409 -0.36406 0.61114 0.56484 0.41825
1413394964455760384 -0.67539 0.37059 0.28225 -0.40457 0.58738 0.53620 0.45144
1413394964555760384 -0.74627 0.35181 0.27824 -0.43116 0.57890 0.51699 0.46010
1413394964655760640 -0.81888 0.32453 0.26537 -0.42422 0.60269 0.52449 0.42628
1413394964755760384 -0.88638 0.28903 0.25298 -0.39691 0.63363 0.54411 0.38069
1413394964855760640 -0.94414 0.25955 0.24602 -0.37152 0.65747 0.55797 0.34406
1413394964955760384 -0.98739 0.24880 0.24683 -0.36334 0.67490 0.55756 0.31878
1413394965055760384 -1.01707 0.26071 0.26044 -0.37490 0.66519 0.54881 0.34025
1413394965155760640 -1.03710 0.29001 0.28512 -0.40225 0.62832 0.53703 0.39372
1413394965255760384 -1.05500 0.32106 0.31335 -0.43609 0.58771 0.52618 0.43308
1413394965355760640 -1.07230 0.34375 0.33695 -0.44402 0.56172 0.54117 0.44096
1413394965455760384 -1.08831 0.35559 0.35539 -0.43484 0.55210 0.57341 0.42108
1413394965555760384 -1.10427 0.36102 0.37799 -0.44104 0.53695 0.59638 0.40187
1413394965655760640 -1.12323 0.35620 0.40881 -0.47623 0.51013 0.60180 0.38834
1413394965755760384 -1.13995 0.34589 0.43932 0.50849 -0.47877 -0.61044 -0.37361
1413394965855760640 -1.15096 0.32516 0.45434 0.50777 -0.45530 -0.64182 -0.35063
1413394965955760384 -1.15983 0.29426 0.46122 0.50901 -0.42837 -0.66753 -0.33438
1413394966055760384 -1.16640 0.25641 0.46677 0.54168 -0.39403 -0.66588 -0.32854
1413394966155760640 -1.16749 0.20657 0.46201 0.56028 -0.36975 -0.67163 -0.31349
1413394966255760384 -1.16438 0.14184 0.44453 0.53785 -0.36481 -0.70686 -0.27924
1413394966355760640 -1.15638 0.06929 0.41607 -0.49057 0.36788 0.75462 0.23356
1413394966455760384 -1.15225 0.00180 0.38762 -0.45024 0.36538 0.79140 0.19356
1413394966555760384 -1.16345 -0.04641 0.37307 -0.45964 0.34720 0.79712 0.18109
1413394966655760640 -1.18694 -0.07442 0.36961 0.50886 -0.31727 -0.77711 -0.19103
1413394966755760384 -1.21598 -0.09626 0.36937 0.56413 -0.28436 -0.74841 -0.20194
1413394966855760640 -1.24041 -0.12172 0.36729 0.59563 -0.26006 -0.73378 -0.19789
1413394966955760384 -1.25578 -0.15126 0.35988 0.58536 -0.24368 -0.75145 -0.18249
1413394967055760384 -1.26494 -0.18575 0.35021 0.54761 -0.23093 -0.78823 -0.15963
1413394967155760640 -1.27525 -0.22030 0.34486 0.51675 -0.21299 -0.81721 -0.14060
1413394967255760384 -1.29692 -0.25180 0.35442 0.53274 -0.18888 -0.81472 -0.12940
1413394967355760640 -1.32800 -0.28368 0.37469 0.57863 -0.16177 -0.78998 -0.12227
1413394967455760384 -1.35513 -0.31917 0.39934 0.62627 -0.13626 -0.75933 -0.11240
1413394967555760384 -1.36876 -0.36737 0.41684 0.63257 -0.12104 -0.76000 -0.08722
1413394967655760640 -1.36954 -0.41485 0.43086 0.59227 -0.10451 -0.79629 -0.06495
1413394967755760384 -1.36295 -0.46182 0.44776 0.55789 -0.08476 -0.82425 -0.04667
1413394967855760640 -1.35918 -0.50469 0.47650 0.56566 -0.06003 -0.82181 -0.03246
1413394967955760384 -1.35973 -0.54711 0.51274 0.59722 -0.03087 -0.80128 -0.01812
1413394968055760384 -1.35718 -0.59061 0.54757 0.61024 -0.00228 -0.79221 -0.00014
1413394968155760640 -1.34450 -0.63450 0.56528 0.58383 0.02104 -0.81142 0.01750
1413394968255760384 -1.33116 -0.67586 0.57125 0.55601 0.03733 -0.82979 0.03023
1413394968355760640 -1.32294 -0.71439 0.57052 0.55207 0.05177 -0.83125 0.03956
1413394968455760384 -1.32516 -0.75197 0.56266 0.55600 0.06734 -0.82689 0.05070
1413394968555760384 -1.32919 -0.78865 0.55361 0.55425 0.08144 -0.82591 0.06357
1413394968655760640 -1.34020 -0.82407 0.54455 0.54348 0.09316 -0.83142 0.06846
1413394968755760384 -1.35823 -0.86256 0.53906 0.54350 0.10960 -0.83014 0.05882
1413394968855760640 -1.38444 -0.90699 0.53638 0.55182 0.11784 -0.82382 0.05405
1413394968955760384 -1.41669 -0.95648 0.53581 0.56226 0.11628 -0.81606 0.06623
1413394969055760384 -1.45216 -1.00912 0.53934 0.57510 0.11753 -0.80517 0.08453
1413394969155760640 -1.48718 -1.06469 0.53781 0.58242 0.12386 -0.79704 0.10086
1413394969255760384 -1.51967 -1.11751 0.51887 0.58955 0.13112 -0.78921 0.11131
1413394969355760640 -1.54738 -1.16319 0.48448 0.59864 0.13615 -0.78035 0.11895
1413394969455760384 -1.56441 -1.20012 0.44130 0.61004 0.14188 -0.77030 0.11980
1413394969555760384 -1.57345 -1.23485 0.39613 0.60625 0.15435 -0.77313 0.10443
1413394969655760640 -1.57347 -1.26952 0.35153 0.58925 0.16837 -0.78593 0.08218
1413394969755760384 -1.56712 -1.31090 0.31327 0.57817 0.18056 -0.79340 0.06023
1413394969855760640 -1.55672 -1.36340 0.28001 0.57065 0.18428 -0.79860 0.05144
1413394969955760384 -1.54336 -1.42814 0.25327 0.55807 0.17333 -0.80911 0.06205
1413394970055760384 -1.53182 -1.50210 0.23931 0.54682 0.16063 -0.81826 0.07508
1413394970155760640 -1.52548 -1.58274 0.24849 0.54121 0.15113 -0.82278 0.08533
1413394970255760384 -1.52719 -1.66864 0.26708 0.55157 0.14488 -0.81606 0.09389
1413394970355760640 -1.53482 -1.75546 0.28233 0.57794 0.13255 -0.79744 0.11184
1413394970455760384 -1.54372 -1.84045 0.28871 0.60239 0.11508 -0.77798 0.13649
1413394970555760384 -1.54461 -1.91496 0.28036 0.60743 0.10126 -0.77194 0.15776
1413394970655760640 -1.54335 -1.97451 0.26371 0.60391 0.08694 -0.77170 0.17948
1413394970755760384 -1.53897 -2.01523 0.24649 0.61041 0.08609 -0.76692 0.17841
1413394970855760640 -1.52792 -2.03501 0.22847 0.60513 0.10915 -0.77551 0.14315
1413394970955760384 -1.50617 -2.04253 0.21677 0.58475 0.13227 -0.79328 0.10614
1413394971055760384 -1.48487 -2.04775 0.22220 0.57045 0.14536 -0.80424 0.08158
1413394971155760640 -1.46263 -2.05593 0.24170 0.55463 0.14583 -0.81584 0.07442
1413394971255760384 -1.44601 -2.07012 0.26119 0.53069 0.14309 -0.83222 0.07284
1413394971355760640 -1.43652 -2.09062 0.27252 0.50565 0.14123 -0.84814 0.07090
1413394971455760384 -1.44056 -2.11978 0.27586 -0.48725 -0.13921 0.85920 -0.07055
1413394971555760384 -1.46523 -2.15666 0.28262 -0.47903 -0.12852 0.86449 -0.08169
1413394971655760640 -1.51341 -2.20003 0.29695 -0.49688 -0.11371 0.85443 -0.10062
1413394971755760384 -1.57712 -2.24074 0.31463 0.53020 0.09708 -0.83434 0.11548
1413394971855760640 -1.65273 -2.27408 0.33367 0.56256 0.07989 -0.81403 0.12037
1413394971955760384 -1.73400 -2.29570 0.35042 0.59238 0.05822 -0.79449 0.12035
1413394972055760384 -1.81147 -2.30227 0.36036 0.61463 0.03680 -0.78079 0.10604
1413394972155760640 -1.88124 -2.29470 0.35836 0.62832 0.00831 -0.77319 0.08558
1413394972255760384 -1.93772 -2.27298 0.34646 0.63562 -0.02603 -0.76922 0.06001
1413394972355760640 -1.97931 -2.23778 0.32834 0.63838 -0.06502 -0.76638 0.03030
1413394972455760384 -2.00571 -2.19059 0.30606 0.63235 -0.10933 -0.76693 0.00042
1413394972555760384 -2.01834 -2.13430 0.27674 0.60903 -0.15410 -0.77732 -0.03343
1413394972655760640 -2.02087 -2.06994 0.25080 0.58257 -0.19503 -0.78545 -0.07515
1413394972755760384 -2.00989 -1.99357 0.23301 0.56286 -0.22667 -0.78437 -0.12871
1413394972855760640 -2.00272 -1.91568 0.22348 0.54759 -0.25519 -0.77560 -0.18295
1413394972955760384 -1.99729 -1.84143 0.21602 0.53587 -0.28855 -0.76042 -0.22658
1413394973055760384 -1.99814 -1.77246 0.21035 0.52343 -0.32864 -0.74286 -0.25725
1413394973155760640 -1.99608 -1.70903 0.20374 0.51056 -0.37210 -0.72319 -0.27904
1413394973255760384 -1.99449 -1.64961 0.19377 -0.49663 0.41763 0.70189 0.29377
1413394973355760640 -1.99458 -1.59146 0.18540 -0.48208 0.45924 0.67822 0.31100
1413394973455760384 -2.00507 -1.53363 0.17582 -0.46689 0.49674 0.65162 0.33265
1413394973555760384 -2.00332 -1.47363 0.17270 -0.44998 0.53227 0.62365 0.35394
1413394973655760640 -2.00051 -1.41206 0.17171 -0.42769 0.56527 0.59658 0.37636
1413394973755760384 -1.99973 -1.34896 0.17325 -0.40685 0.59258 0.56561 0.40423
1413394973855760640 -1.99903 -1.28546 0.17455 -0.38823 0.61993 0.53075 0.42809
1413394973955760384 -1.99351 -1.22560 0.17719 -0.36801 0.64746 0.49575 0.44676
1413394974055760384 -1.98595 -1.16786 0.18152 -0.34766 0.67237 0.45979 0.46437
1413394974155760640 -1.97851 -1.11340 0.18785 -0.32866 0.69572 0.42173 0.47969
1413394974255760384 -1.96710 -1.06269 0.19569 -0.31080 0.71772 0.38138 0.49278
1413394974355760640 -1.95159 -1.01446 0.20407 -0.29091 0.73978 0.34151 0.50147
1413394974455760384 -1.93113 -0.97166 0.21659 -0.26992 0.75978 0.30217 0.50850
1413394974555760384 -1.90172 -0.92511 0.22751 -0.24782 0.77522 0.26393 0.51765
1413394974655760640 -1.86662 -0.89392 0.24513 -0.22377 0.78015 0.22900 0.53745
1413394974755760384 -1.82565 -0.86360 0.25757 -0.19603 0.78501 0.19956 0.55273
1413394974855760640 -1.78409 -0.84554 0.26791 -0.16693 0.79248 0.17459 0.56002
1413394974955760384 -1.74270 -0.83348 0.27097 -0.13527 0.79948 0.15450 0.56450
1413394975055760384 -1.70280 -0.82418 0.25997 -0.10963 0.80117 0.13530 0.57255
1413394975155760640 -1.67098 -0.82350 0.23150 -0.09032 0.79541 0.11656 0.58786
1413394975255760384 -1.64115 -0.81914 0.19709 -0.07750 0.79092 0.09673 0.59923
1413394975355760640 -1.61531 -0.81335 0.15771 -0.06428 0.79013 0.07967 0.60433
1413394975455760384 -1.59550 -0.80700 0.11894 -0.04826 0.79543 0.06676 0.60043
1413394975555760384 -1.58061 -0.79886 0.08301 -0.03287 0.80400 0.05733 0.59095
1413394975655760640 -1.56904 -0.78729 0.05097 -0.02313 0.81232 0.05085 0.58053
1413394975755760384 -1.55620 -0.76938 0.02476 -0.01755 0.81760 0.04692 0.57361
1413394975855760640 -1.54306 -0.74801 0.00599 -0.01632 0.82021 0.04474 0.57008
1413394975955760384 -1.52808 -0.72321 -0.00353 -0.01493 0.81249 0.04578 0.58099
1413394976055760384 -1.51558 -0.69563 -0.00906 -0.01762 0.80089 0.04585 0.59679
1413394976155760640 -1.50565 -0.66496 -0.01450 -0.01787 0.79614 0.04790 0.60295
1413394976255760384 -1.50037 -0.63078 -0.01962 -0.01709 0.79679 0.05045 0.60191
1413394976355760640 -1.49860 -0.59495 -0.02592 -0.01663 0.79426 0.05315 0.60502
1413394976455760384 -1.50668 -0.55579 -0.03043 -0.01768 0.78477 0.05376 0.61719
1413394976605760512 -1.53647 -0.49332 -0.03397 -0.02398 0.76865 0.05105 0.63718
1413394976705760512 -1.57442 -0.44984 -0.03482 -0.03722 0.76635 0.04291 0.63991
1413394976755760384 -1.59914 -0.42930 -0.03641 -0.04570 0.77240 0.03756 0.63237
1413394976855760640 -1.65744 -0.39141 -0.03960 -0.05924 0.79435 0.02727 0.60395
1413394976955760384 -1.72190 -0.36097 -0.04245 -0.06961 0.82728 0.01599 0.55723
1413394977105760512 -1.80405 -0.33175 -0.03454 -0.07634 0.86597 -0.00331 0.49422
1413394977155760640 -1.82279 -0.32795 -0.02893 -0.07699 0.87589 -0.00968 0.47623
1413394977305760256 -1.83058 -0.33770 -0.00056 -0.05845 0.89206 -0.01058 0.44800
1413394977405760512 -1.79472 -0.35918 0.03429 -0.02595 0.89123 0.01034 0.45269
1413394977505760512 -1.72706 -0.38029 0.07673 -0.00337 0.88866 0.02558 0.45785
1413394977605760512 -1.62840 -0.39585 0.12336 0.00431 0.88664 0.02944 0.46151
1413394977705760512 -1.50205 -0.40512 0.17245 0.00738 0.88460 0.03028 0.46530
