1413394888605760512 0.15381 0.16442 0.41441 0.00155 0.82590 0.01326 0.56366
1413394888705760512 0.19910 0.20047 0.43999 -0.00128 0.82427 0.01155 0.56607
1413394888805760256 0.24465 0.23149 0.44297 -0.00802 0.81818 0.00709 0.57486
1413394888905760512 0.28787 0.25760 0.44309 -0.01430 0.81327 0.00337 0.58171
1413394889005760512 0.33271 0.28317 0.44796 -0.01890 0.81050 0.00093 0.58543
1413394889105760512 0.37650 0.30504 0.45480 -0.02221 0.80838 -0.00130 0.58824
1413394889205760512 0.42040 0.32497 0.46597 -0.01750 0.80470 0.00231 0.59342
1413394889305760256 0.46115 0.34147 0.48183 -0.01299 0.78611 0.00497 0.61793
1413394889405760512 0.49065 0.35482 0.50356 -0.01012 0.75433 0.00729 0.65638
1413394889505760512 0.50111 0.36801 0.52684 -0.00670 0.73106 0.00965 0.68221
1413394889605760512 0.48694 0.37901 0.54330 -0.00345 0.74975 0.01081 0.66163
1413394889705760512 0.45256 0.39025 0.55912 -0.00104 0.78964 0.01008 0.61348
1413394889805760256 0.40903 0.40221 0.57602 0.00035 0.82874 0.00873 0.55956
1413394889905760512 0.37207 0.41701 0.59149 0.00002 0.85641 0.00543 0.51627
1413394890005760512 0.34827 0.43026 0.60526 -0.00088 0.87532 0.00240 0.48353
1413394890105760512 0.34525 0.44246 0.60835 -0.00327 0.88722 -0.00177 0.46134
1413394890205760512 0.36947 0.45302 0.61136 -0.00796 0.87734 -0.00682 0.47975
1413394890305760256 0.42125 0.45713 0.61048 -0.01826 0.85096 -0.01485 0.52470
1413394890405760512 0.48637 0.46022 0.60291 -0.02764 0.81664 -0.02182 0.57608
1413394890505760512 0.55194 0.45761 0.59002 -0.03106 0.78138 -0.02295 0.62286
1413394890605760512 0.60784 0.44798 0.57560 -0.02797 0.75239 -0.01881 0.65785
1413394890705760512 0.64408 0.43291 0.56346 -0.01900 0.73532 -0.00943 0.67739
1413394890805760256 0.65376 0.41065 0.54778 -0.00963 0.74394 -0.00003 0.66818
1413394890905760512 0.64010 0.38762 0.53244 -0.00749 0.78041 0.00357 0.62521
1413394891005760512 0.61421 0.36412 0.51717 -0.00341 0.82263 0.00670 0.56852
1413394891105760512 0.58351 0.33909 0.49629 -0.00017 0.85376 0.00862 0.52059
1413394891205760512 0.56782 0.31557 0.48433 0.00077 0.87201 0.00831 0.48942
1413394891305760256 0.57963 0.29456 0.47678 0.00294 0.87985 0.00949 0.47515
1413394891405760512 0.61885 0.27567 0.47566 0.00796 0.87318 0.01383 0.48714
1413394891505760512 0.68060 0.26155 0.48053 0.00995 0.85471 0.01584 0.51877
1413394891605760512 0.75792 0.25107 0.48579 0.01244 0.83474 0.01880 0.55018
1413394891705760512 0.83957 0.24289 0.49116 0.01562 0.82174 0.02021 0.56928
1413394891805760256 0.92445 0.23871 0.49781 0.01550 0.81590 0.02212 0.57756
1413394891905760512 1.00698 0.24012 0.51955 0.01716 0.80217 0.02549 0.59631
1413394892005760512 1.08385 0.24870 0.55478 0.01754 0.78464 0.02807 0.61907
1413394892105760512 1.15230 0.26416 0.59038 0.01315 0.77208 0.03437 0.63446
1413394892205760512 1.20845 0.28652 0.62511 0.00422 0.76758 0.04862 0.63909
1413394892305760256 1.25298 0.31487 0.65495 -0.01117 0.76586 0.06756 0.63935
1413394892405760512 1.29257 0.34567 0.66938 -0.02962 0.76527 0.08986 0.63671
1413394892505760512 1.31511 0.38054 0.66875 -0.05174 0.76390 0.11452 0.63298
1413394892605760512 1.32389 0.41947 0.66476 -0.07583 0.76649 0.14252 0.62163
1413394892705760512 1.32753 0.46044 0.66376 -0.10144 0.77072 0.17340 0.60467
1413394892805760256 1.31189 0.50371 0.66954 -0.12785 0.77255 0.20745 0.58633
1413394892905760512 1.29420 0.54636 0.67917 -0.15236 0.77138 0.24145 0.56874
1413394893005760512 1.27179 0.58963 0.68894 -0.17076 0.77186 0.27456 0.54743
1413394893105760512 1.24953 0.63512 0.70116 -0.18389 0.76563 0.30786 0.53406
1413394893205760512 1.22686 0.68673 0.71548 -0.19642 0.75596 0.33947 0.52412
1413394893305760256 1.20090 0.74219 0.72999 -0.21175 0.74463 0.36171 0.51947
1413394893405760512 1.17825 0.80348 0.74814 -0.22207 0.72876 0.37678 0.52691
1413394893505760512 1.15367 0.86943 0.76503 -0.22334 0.71371 0.39062 0.53680
1413394893605760512 1.11473 0.93542 0.77469 -0.22014 0.70144 0.40118 0.54642
1413394893705760512 1.06082 1.00326 0.77656 -0.21127 0.68779 0.41096 0.55984
1413394893805760256 1.00240 1.07848 0.77181 -0.20412 0.67985 0.41186 0.57141
1413394893905760512 0.92345 1.15578 0.76152 -0.20766 0.67924 0.40744 0.57403
1413394894005760512 0.83703 1.23061 0.75056 -0.21885 0.67790 0.40322 0.57443
1413394894105760512 0.72808 1.29968 0.73892 -0.23942 0.67130 0.40611 0.57193
1413394894205760512 0.60986 1.37796 0.71937 -0.27081 0.67041 0.40742 0.55788
1413394894305760256 0.47966 1.44908 0.69604 -0.30416 0.67042 0.41418 0.53524
1413394894405760512 0.33985 1.49509 0.67359 -0.33244 0.66459 0.42997 0.51277
1413394894505760512 0.20138 1.54038 0.64696 -0.34959 0.65812 0.45069 0.49147
1413394894605760512 0.06646 1.58867 0.61486 -0.36140 0.64957 0.47044 0.47553
1413394894705760512 -0.06615 1.63112 0.57936 -0.37159 0.63609 0.48819 0.46795
1413394894805760256 -0.19357 1.66886 0.54357 -0.37385 0.62430 0.50414 0.46511
1413394894905760512 -0.31973 1.70219 0.50931 -0.37584 0.61983 0.51554 0.45691
1413394895005760512 -0.44381 1.73289 0.47589 -0.38246 0.62402 0.51749 0.44332
1413394895105760512 -0.56396 1.75865 0.44445 -0.38552 0.62913 0.51736 0.43348
1413394895205760512 -0.67656 1.77848 0.42005 -0.38504 0.63406 0.51666 0.42751
1413394895305760256 -0.78293 1.79653 0.40335 -0.38284 0.63526 0.51381 0.43113
1413394895405760512 -0.88179 1.81330 0.39134 -0.36557 0.62742 0.52064 0.44903
1413394895505760512 -0.97953 1.83069 0.38895 -0.35032 0.62385 0.52532 0.46057
1413394895605760512 -1.08120 1.84645 0.39898 -0.34275 0.62577 0.52498 0.46404
1413394895705760512 -1.18535 1.86252 0.42448 -0.34643 0.63359 0.51898 0.45740
1413394895805760256 -1.29126 1.88057 0.46236 -0.35188 0.63960 0.51392 0.45054
1413394895905760512 -1.38818 1.90030 0.50150 -0.35625 0.64097 0.51188 0.44746
1413394896005760512 -1.49003 1.92442 0.52442 -0.35907 0.63954 0.51157 0.44761
1413394896105760512 -1.58654 1.95219 0.53623 -0.36117 0.63853 0.51265 0.44613
1413394896205760512 -1.68520 1.98213 0.53739 -0.36142 0.63842 0.51385 0.44470
1413394896305760256 -1.78498 2.01261 0.52792 -0.37680 0.64579 0.50438 0.43195
1413394896405760512 -1.88020 2.04501 0.51672 -0.39407 0.65642 0.49177 0.41470
1413394896505760512 -1.96120 2.07465 0.50536 -0.40820 0.66495 0.48096 0.39987
1413394896605760512 -2.02455 2.10242 0.48520 -0.42390 0.67408 0.46781 0.38351
1413394896705760512 -2.06752 2.12910 0.45694 -0.44110 0.68246 0.45255 0.36726
1413394896805760256 -2.08823 2.14950 0.42281 -0.45648 0.69008 0.43747 0.35218
1413394896905760512 -2.07618 2.16474 0.38585 -0.46685 0.69064 0.42597 0.35159
1413394897005760512 -2.02576 2.17273 0.35149 -0.47380 0.69183 0.41898 0.34834
1413394897105760512 -1.93674 2.17070 0.32496 -0.47353 0.69414 0.41810 0.34516
1413394897205760512 -1.81032 2.15730 0.30799 -0.46611 0.69098 0.42512 0.35292
1413394897305760256 -1.64721 2.14228 0.29839 -0.43793 0.67850 0.45073 0.38039
1413394897405760512 -1.46098 2.12291 0.29574 -0.40458 0.65828 0.47875 0.41687
1413394897505760512 -1.26581 2.10419 0.29641 -0.38340 0.64225 0.49663 0.44032
1413394897605760512 -1.06961 2.08304 0.29909 -0.37199 0.63508 0.50607 0.44966
1413394897705760512 -0.87616 2.06163 0.30662 -0.37141 0.62919 0.50763 0.45662
1413394897805760256 -0.68765 2.03659 0.31952 -0.37355 0.62324 0.50760 0.46300
1413394897905760512 -0.50399 2.01006 0.33631 -0.37718 0.61865 0.50639 0.46751
1413394898005760512 -0.32581 1.97854 0.35761 -0.37859 0.61527 0.50603 0.47122
1413394898105760512 -0.15485 1.94346 0.38088 -0.37359 0.61537 0.51006 0.47073
1413394898205760512 0.00714 1.90490 0.40626 -0.36651 0.61220 0.51715 0.47268
1413394898305760256 0.15995 1.86329 0.43630 -0.35499 0.60182 0.52834 0.48234
1413394898405760512 0.29867 1.81963 0.46629 -0.34423 0.58730 0.54468 0.48981
1413394898505760512 0.41701 1.77728 0.49600 -0.34047 0.57292 0.56406 0.48752
1413394898605760512 0.51484 1.73225 0.52684 -0.34033 0.55775 0.58562 0.47972
1413394898705760512 0.59126 1.69045 0.55912 -0.34093 0.54803 0.60241 0.46961
1413394898805760256 0.64733 1.65063 0.59223 -0.34083 0.54792 0.61467 0.45366
1413394898905760512 0.68555 1.61247 0.62873 -0.33315 0.54092 0.62722 0.45056
1413394899005760512 0.70445 1.57882 0.66595 -0.32262 0.53427 0.63727 0.45207
1413394899105760512 0.69728 1.55605 0.69428 -0.31786 0.53996 0.64120 0.44303
1413394899205760512 0.67216 1.53706 0.71252 -0.31589 0.54712 0.64279 0.43323
1413394899305760256 0.62500 1.53374 0.72101 -0.31524 0.54630 0.64390 0.43310
1413394899405760512 0.56131 1.53418 0.72078 -0.33111 0.55241 0.63539 0.42601
1413394899505760512 0.47778 1.54786 0.70876 -0.35788 0.56197 0.62496 0.40686
1413394899605760512 0.38422 1.56976 0.68935 -0.37757 0.55824 0.62695 0.39083
1413394899705760512 0.28187 1.60041 0.66938 -0.39094 0.54417 0.63958 0.37680
1413394899805760256 0.17272 1.63863 0.65201 -0.40593 0.52292 0.65568 0.36313
1413394899905760512 0.05709 1.68334 0.63645 -0.42625 0.49624 0.66936 0.35216
1413394900005760512 -0.06446 1.73239 0.62621 -0.45256 0.47336 0.67776 0.33431
1413394900105760512 -0.18872 1.78185 0.62738 -0.47743 0.44857 0.68492 0.31896
1413394900205760512 -0.31377 1.83330 0.63930 0.50234 -0.42532 -0.68895 -0.30350
1413394900305760256 -0.43587 1.88524 0.65131 0.51937 -0.40219 -0.69511 -0.29210
1413394900405760512 -0.55352 1.93191 0.65489 0.53162 -0.37516 -0.70289 -0.28738
1413394900505760512 -0.66709 1.97136 0.64999 0.52994 -0.34465 -0.71925 -0.28819
1413394900605760512 -0.78008 2.00183 0.63952 0.52505 -0.31451 -0.73531 -0.29107
1413394900705760512 -0.89604 2.02374 0.62631 0.52461 -0.28342 -0.74677 -0.29461
1413394900805760256 -1.01818 2.03018 0.61998 0.52620 -0.25555 -0.75774 -0.28921
1413394900905760512 -1.14827 2.01187 0.62901 0.53235 -0.23279 -0.76714 -0.27186
1413394901005760512 -1.28786 1.97725 0.65691 0.54222 -0.20509 -0.77421 -0.25402
1413394901105760512 -1.43249 1.92432 0.69224 0.55539 -0.17713 -0.77842 -0.23287
1413394901205760512 -1.57836 1.85221 0.72232 0.57563 -0.15485 -0.77730 -0.20119
1413394901305760256 -1.71993 1.76661 0.74361 0.59753 -0.14156 -0.77316 -0.15853
1413394901405760512 -1.85773 1.67708 0.75626 0.61770 -0.13352 -0.76669 -0.11318
1413394901505760512 -1.98172 1.58241 0.76857 0.63685 -0.12140 -0.75729 -0.07872
1413394901605760512 -2.09324 1.49039 0.76444 0.63897 -0.10468 -0.76017 -0.05386
1413394901705760512 -2.18995 1.39812 0.75172 0.62634 -0.07773 -0.77461 -0.04032
1413394901805760256 -2.27047 1.30510 0.73974 0.61743 -0.03940 -0.78486 -0.03507
1413394901905760512 -2.34029 1.21094 0.73164 0.61702 0.00427 -0.78647 -0.02702
1413394902005760512 -2.39798 1.11287 0.73036 0.61772 0.04386 -0.78509 -0.01125
1413394902105760512 -2.44482 1.00932 0.73534 0.61682 0.07638 -0.78333 0.00997
1413394902205760512 -2.47010 0.89389 0.74259 0.61771 0.10360 -0.77887 0.03259
1413394902305760256 -2.49193 0.77905 0.74108 0.62304 0.12898 -0.76958 0.05412
1413394902405760512 -2.49059 0.65359 0.73355 0.63325 0.15252 -0.75526 0.07288
1413394902505760512 -2.47636 0.53434 0.72174 0.63220 0.16149 -0.75021 0.10692
1413394902605760512 -2.44786 0.42231 0.71140 0.62424 0.15599 -0.75103 0.14812
1413394902705760512 -2.40739 0.32202 0.70385 0.60801 0.14519 -0.75868 0.18344
1413394902805760256 -2.36411 0.24284 0.69774 0.59169 0.13576 -0.76751 0.20592
1413394902905760512 -2.32023 0.17960 0.69316 0.57902 0.13657 -0.77732 0.20460
1413394903055760384 -2.25389 0.12033 0.67561 0.56976 0.13816 -0.78848 0.18597
1413394903255760384 -2.17243 0.08714 0.60525 0.53441 0.11150 -0.82147 0.16481
1413394903455760384 -2.12262 0.09100 0.52132 0.54774 0.08856 -0.82359 0.11761
1413394903605760512 -2.09882 0.11015 0.48827 0.57246 0.07882 -0.81088 0.09242
1413394903705760512 -2.08748 0.12892 0.48578 0.58131 0.07759 -0.80614 0.07868
1413394903805760256 -2.08416 0.15076 0.50203 0.58471 0.07964 -0.80462 0.06605
1413394903905760512 -2.08304 0.17605 0.53063 0.58437 0.08849 -0.80524 0.04770
1413394904005760512 -2.11045 0.18006 0.56738 0.58160 0.08194 -0.80864 0.03357
1413394904105760512 -2.11156 0.19261 0.57478 0.57323 0.05596 -0.81681 0.03313
1413394904205760512 -2.11432 0.20433 0.57136 0.56108 0.02244 -0.82692 0.02983
1413394904305760256 -2.12468 0.22129 0.55604 0.54702 -0.01036 -0.83691 0.01571
1413394904405760512 -2.13827 0.23831 0.53294 0.53578 -0.04547 -0.84311 -0.00642
1413394904505760512 -2.15905 0.26794 0.51157 0.53251 -0.07870 -0.84197 -0.03645
1413394904605760512 -2.18921 0.29665 0.48969 0.54408 -0.11333 -0.82853 -0.06828
1413394904705760512 -2.22504 0.32634 0.47284 0.55754 -0.14957 -0.81079 -0.09699
1413394904805760256 -2.26598 0.35651 0.46046 0.56489 -0.18277 -0.79458 -0.12699
1413394904905760512 -2.30567 0.38494 0.45229 0.57141 -0.21503 -0.77619 -0.15740
1413394905005760512 -2.34497 0.40973 0.44810 0.58493 -0.24551 -0.75003 -0.18717
1413394905105760512 -2.37374 0.42859 0.44758 0.59894 -0.27616 -0.72102 -0.21247
1413394905205760512 -2.38939 0.43782 0.44657 0.59572 -0.31144 -0.70557 -0.22425
1413394905305760256 -2.39407 0.43791 0.43882 0.56057 -0.35241 -0.71699 -0.21795
1413394905405760512 -2.38786 0.43501 0.43056 0.50383 -0.38897 -0.74496 -0.19972
1413394905505760512 -2.38145 0.44159 0.42526 -0.45010 0.41189 0.77012 0.18617
1413394905605760512 -2.38560 0.47671 0.42625 -0.41593 0.42013 0.78534 0.18367
1413394905705760512 -2.40709 0.54061 0.44210 -0.43531 0.40197 0.77637 0.21488
1413394905805760256 -2.44260 0.62204 0.46695 -0.49177 0.37468 0.74400 0.25346
1413394905905760512 -2.48262 0.70334 0.49441 0.55381 -0.34525 -0.70184 -0.28550
1413394906005760512 -2.51797 0.77063 0.52112 0.60122 -0.32371 -0.66546 -0.30150
1413394906105760512 -2.54019 0.81439 0.54777 0.63566 -0.31461 -0.63804 -0.29976
1413394906205760512 -2.53895 0.83358 0.57715 0.64579 -0.32768 -0.63113 -0.27796
1413394906305760256 -2.52450 0.83638 0.60219 0.61432 -0.35860 -0.65661 -0.25078
1413394906405760512 -2.47926 0.82717 0.62296 0.56490 -0.39045 -0.68761 -0.23585
1413394906505760512 -2.42165 0.81882 0.63457 -0.49882 0.41657 0.72158 0.23869
1413394906605760512 -2.36972 0.82290 0.63375 -0.44206 0.44156 0.74086 0.24646
1413394906705760512 -2.31969 0.83953 0.63601 -0.41959 0.45730 0.73610 0.27015
1413394906805760256 -2.29023 0.87402 0.63539 -0.44326 0.45925 0.70329 0.31305
1413394906905760512 -2.26126 0.90964 0.63129 -0.48486 0.44832 0.65801 0.36187
1413394907005760512 -2.24006 0.93794 0.62835 0.52647 -0.43083 -0.61158 -0.40395
1413394907105760512 -2.21744 0.93589 0.62721 0.56006 -0.42099 -0.56857 -0.43108
1413394907205760512 -2.19007 0.90245 0.62297 0.56083 -0.43245 -0.56558 -0.42259
1413394907305760256 -2.15334 0.83901 0.61277 0.52764 -0.46549 -0.59508 -0.38831
1413394907405760512 -2.10723 0.75970 0.59884 -0.48290 0.51194 0.62854 0.33114
1413394907505760512 -2.05879 0.67481 0.58087 -0.45203 0.56722 0.63647 0.26235
1413394907605760512 -1.99817 0.60761 0.55899 -0.42558 0.60784 0.63249 0.22219
1413394907705760512 -1.92071 0.57211 0.53879 -0.40400 0.61785 0.63159 0.23692
1413394907805760256 -1.83137 0.56982 0.52543 -0.40819 0.58783 0.62596 0.30987
1413394907905760512 -1.74140 0.58081 0.50622 -0.43211 0.54312 0.60680 0.38743
1413394908005760512 -1.65763 0.58800 0.47752 -0.45729 0.50801 0.58572 0.43559
1413394908105760512 -1.58048 0.58156 0.43920 -0.46409 0.49702 0.58081 0.44750
1413394908205760512 -1.47477 0.64733 0.39842 -0.44826 0.50030 0.61888 0.40713
1413394908305760256 -1.40691 0.63326 0.35289 -0.40570 0.52352 0.65101 0.37084
1413394908405760512 -1.34554 0.62754 0.31568 -0.37330 0.54326 0.67359 0.33437
1413394908505760512 -1.30316 0.64171 0.29487 -0.35967 0.56072 0.68178 0.30234
1413394908605760512 -1.27252 0.68755 0.30193 -0.37505 0.55032 0.67782 0.31152
1413394908705760512 -1.25888 0.75395 0.33493 -0.42102 0.51521 0.65636 0.35566
1413394908805760256 -1.24751 0.82045 0.37911 -0.46833 0.47662 0.62796 0.39896
1413394908905760512 -1.23334 0.86591 0.43080 0.50835 -0.44830 -0.60004 -0.42492
1413394909005760512 -1.23214 0.88737 0.49072 0.54213 -0.43697 -0.57667 -0.42732
1413394909105760512 -1.21956 0.88399 0.54712 0.53629 -0.45636 -0.58698 -0.39948
1413394909205760512 -1.20036 0.87426 0.59334 -0.50000 0.49137 0.61565 0.35991
1413394909305760256 -1.17096 0.85416 0.63071 -0.44951 0.52888 0.64075 0.32813
1413394909405760512 -1.13744 0.83936 0.65985 -0.41741 0.56381 0.64145 0.31054
1413394909505760512 -1.10167 0.83460 0.68732 -0.41307 0.58549 0.61940 0.32081
1413394909605760512 -1.06134 0.84466 0.71382 -0.43185 0.59470 0.58301 0.34632
1413394909705760512 -1.01596 0.87333 0.73068 -0.45183 0.59232 0.55021 0.37718
1413394909805760256 -0.95994 0.88725 0.76613 -0.46743 0.57238 0.52565 0.42140
1413394909905760512 -0.89881 0.89745 0.79502 -0.47862 0.54951 0.50886 0.45829
1413394910005760512 -0.83251 0.88723 0.81939 -0.45915 0.54930 0.52291 0.46262
1413394910105760512 -0.77057 0.85679 0.83545 -0.41889 0.56889 0.55344 0.44115
1413394910205760512 -0.71403 0.81850 0.84442 -0.38297 0.59481 0.57928 0.40494
1413394910305760256 -0.66396 0.78443 0.84283 -0.35440 0.61640 0.59858 0.36898
1413394910405760512 -0.61698 0.76791 0.83236 -0.33835 0.62972 0.60945 0.34285
1413394910505760512 -0.57172 0.76965 0.81753 -0.33761 0.62873 0.61249 0.33996
1413394910605760512 -0.52449 0.79423 0.80706 -0.37042 0.60145 0.59791 0.37888
1413394910705760512 -0.47922 0.83207 0.79867 -0.42163 0.56384 0.56732 0.42716
1413394910805760256 -0.43666 0.86365 0.79091 -0.46669 0.53560 0.53626 0.45581
1413394910905760512 -0.39337 0.87735 0.77745 -0.49453 0.52243 0.51773 0.46310
1413394911005760512 -0.34922 0.86543 0.76320 0.51082 -0.52174 -0.50962 -0.45512
1413394911105760512 -0.29927 0.82680 0.74189 -0.48573 0.54101 0.53473 0.43062
1413394911205760512 -0.24275 0.76743 0.71780 -0.43071 0.56636 0.57680 0.40129
1413394911305760256 -0.18594 0.70638 0.69118 -0.38379 0.58832 0.60656 0.37239
1413394911405760512 -0.12940 0.65606 0.66084 -0.35107 0.60397 0.62219 0.35334
1413394911505760512 -0.07695 0.62717 0.62633 -0.33664 0.61059 0.62718 0.34713
1413394911605760512 -0.03166 0.62033 0.58927 -0.34806 0.60616 0.61551 0.36410
1413394911705760512 0.00934 0.63128 0.55653 -0.38466 0.58539 0.58644 0.40674
1413394911805760256 0.04454 0.64485 0.53145 -0.42534 0.55642 0.55291 0.45140
1413394911905760512 0.07219 0.64212 0.51546 -0.45008 0.53663 0.52862 0.47960
1413394912005760512 0.09354 0.61962 0.50436 -0.43767 0.54601 0.53434 0.47413
1413394912105760512 0.11032 0.58511 0.49972 -0.40050 0.57768 0.55882 0.44002
1413394912205760512 0.12971 0.54845 0.49904 -0.36132 0.60827 0.57701 0.40806
1413394912305760256 0.14373 0.52111 0.50276 -0.33271 0.63041 0.58014 0.39410
1413394912405760512 0.15362 0.50794 0.51096 -0.31658 0.64877 0.56952 0.39309
1413394912505760512 0.16239 0.51677 0.52425 -0.31376 0.66514 0.54627 0.40092
1413394912605760512 0.16789 0.54208 0.54595 -0.32550 0.67381 0.51247 0.42120
1413394912705760512 0.17583 0.57855 0.56999 -0.33894 0.67944 0.47637 0.44333
1413394912805760256 0.18590 0.61913 0.59550 -0.34376 0.68675 0.44800 0.45772
1413394912905760512 0.19806 0.66487 0.61985 -0.34056 0.69182 0.43330 0.46653
1413394913005760512 0.21450 0.70837 0.64339 -0.32335 0.69091 0.43453 0.47883
1413394913105760512 0.23080 0.75043 0.66882 -0.30937 0.68772 0.43801 0.48936
1413394913205760512 0.24227 0.79535 0.69236 -0.30512 0.68303 0.44399 0.49320
1413394913305760256 0.24783 0.84062 0.71783 -0.31343 0.67182 0.45517 0.49319
1413394913405760512 0.24669 0.88844 0.74592 -0.33014 0.65274 0.47234 0.49177
1413394913505760512 0.23738 0.93681 0.76178 -0.34562 0.62847 0.49954 0.48583
1413394913605760512 0.22040 0.98214 0.76774 -0.35541 0.59792 0.53448 0.48011
1413394913705760512 0.19329 1.02636 0.75832 -0.36346 0.56826 0.57163 0.46714
1413394913805760256 0.15388 1.06465 0.73612 -0.37638 0.54726 0.60517 0.43888
1413394913905760512 0.10259 1.10484 0.70322 -0.39839 0.53217 0.62930 0.40257
1413394914005760512 0.04257 1.14600 0.66478 -0.42495 0.51470 0.64628 0.36989
1413394914105760512 -0.02116 1.18708 0.62238 -0.44611 0.49009 0.66354 0.34715
1413394914205760512 -0.08846 1.23068 0.58747 -0.46014 0.45645 0.68392 0.33493
1413394914305760256 -0.16195 1.27291 0.56842 -0.47130 0.42064 0.70458 0.32327
1413394914405760512 -0.24412 1.31235 0.56543 -0.48117 0.38511 0.72311 0.31189
1413394914505760512 -0.33537 1.34793 0.57739 -0.49141 0.35365 0.73746 0.29934
1413394914605760512 -0.43600 1.37980 0.59488 0.50370 -0.33746 -0.74535 -0.27725
1413394914705760512 -0.54097 1.40736 0.60536 0.51681 -0.32783 -0.74910 -0.25354
1413394914805760256 -0.65145 1.42895 0.60250 0.52810 -0.31742 -0.75246 -0.23271
1413394914905760512 -0.76109 1.44632 0.59162 0.53421 -0.30028 -0.75823 -0.22255
1413394915005760512 -0.86851 1.46008 0.56918 0.54006 -0.27637 -0.76385 -0.22019
1413394915105760512 -0.97779 1.46602 0.54148 0.54672 -0.24351 -0.76978 -0.22189
1413394915205760512 -1.08674 1.45647 0.51491 0.54800 -0.20679 -0.78017 -0.21970
1413394915305760256 -1.19936 1.43263 0.49303 0.55072 -0.16927 -0.78940 -0.21191
1413394915405760512 -1.31739 1.39335 0.47529 0.55723 -0.13382 -0.79471 -0.20003
1413394915505760512 -1.43809 1.33304 0.46077 0.56611 -0.10017 -0.79697 -0.18526
1413394915605760512 -1.56321 1.25231 0.44974 0.58551 -0.07605 -0.79334 -0.14831
1413394915705760512 -1.68642 1.15598 0.44044 0.60616 -0.05819 -0.78767 -0.09360
1413394915805760256 -1.80076 1.04853 0.43543 0.62327 -0.03053 -0.77997 -0.04747
1413394915905760512 -1.90067 0.93687 0.43496 0.64014 0.00405 -0.76815 -0.01246
1413394916005760512 -1.98488 0.82402 0.43594 0.64692 0.03708 -0.76147 0.01698
1413394916105760512 -2.05020 0.71162 0.43969 0.64898 0.06413 -0.75681 0.04421
1413394916205760512 -2.09785 0.60109 0.44331 0.63379 0.08861 -0.76567 0.06491
1413394916305760256 -2.13429 0.49194 0.44721 0.60833 0.11272 -0.78135 0.08195
1413394916405760512 -2.16179 0.38415 0.45150 0.58538 0.12740 -0.79260 0.11351
1413394916505760512 -2.17326 0.28157 0.44616 0.56433 0.13323 -0.79909 0.15889
1413394916605760512 -2.18770 0.18713 0.43237 0.55442 0.13413 -0.79316 0.21338
1413394916705760512 -2.21095 0.10939 0.40618 0.54364 0.14804 -0.78412 0.26019
1413394916855760640 -2.25775 0.03517 0.34793 0.52167 0.21350 -0.77593 0.28322
1413394917055760384 -2.35089 -0.01775 0.24281 -0.49750 -0.32520 0.75552 -0.27555
1413394917255760384 -2.46875 -0.05499 0.13469 -0.47044 -0.42936 0.72122 -0.27236
1413394917455760384 -2.60355 -0.12814 0.04238 -0.44826 -0.48544 0.69378 -0.28651
1413394917655760640 -2.74692 -0.25546 -0.03303 -0.46582 -0.51013 0.66251 -0.28959
1413394917855760640 -2.85219 -0.42928 -0.06822 -0.49134 -0.52248 0.63926 -0.27740
1413394918055760384 -2.88794 -0.64545 -0.07955 -0.49208 -0.54320 0.62152 -0.27660
1413394918255760384 -2.85665 -0.89253 -0.11586 -0.44570 -0.53866 0.62915 -0.33965
1413394918455760384 -2.79779 -1.15049 -0.14303 -0.38181 -0.53427 0.63898 -0.40060
1413394918655760640 -2.76931 -1.42156 -0.15500 -0.36724 -0.56409 0.60549 -0.42463
1413394918855760640 -2.78181 -1.70550 -0.15903 0.38664 0.60891 -0.54711 0.42475
1413394919055760384 -2.79005 -1.97154 -0.11868 0.40054 0.62079 -0.49601 0.45625
1413394919255760384 -2.77949 -2.18444 -0.01459 0.37898 0.62856 -0.45735 0.50212
1413394919455760384 -2.76644 -2.33869 0.12242 0.37786 0.65592 -0.39148 0.52320
1413394919655760640 -2.74002 -2.40864 0.24981 0.33481 0.71218 -0.35713 0.50314
1413394919855760640 -2.69013 -2.44876 0.33696 0.24347 0.75105 -0.35496 0.50066
1413394920055760384 -2.61458 -2.48401 0.38873 0.17914 0.78508 -0.31315 0.50348
1413394920255760384 -2.51423 -2.58391 0.39147 0.13146 0.81598 -0.24559 0.50653
1413394920455760384 -2.38174 -2.67683 0.36376 0.12160 0.82619 -0.16212 0.52568
1413394920655760640 -2.20937 -2.76078 0.32822 0.13411 0.82554 -0.09338 0.54017
1413394920855760640 -2.01313 -2.79706 0.31579 0.13182 0.82991 -0.07522 0.53686
1413394921055760384 -1.78175 -2.78737 0.28091 0.11114 0.83185 -0.09715 0.53501
1413394921255760384 -1.51838 -2.76111 0.22106 0.07803 0.81619 -0.14146 0.55474
1413394921455760384 -1.25746 -2.74222 0.12788 0.01456 0.80677 -0.21112 0.55167
1413394921655760640 -0.99980 -2.79157 0.00856 0.06147 0.81200 -0.19700 0.54595
1413394921855760640 -0.73895 -2.88593 -0.10284 0.12781 0.80006 -0.14808 0.56714
1413394922055760384 -0.48552 -2.95312 -0.18015 0.08595 0.77357 -0.12331 0.61563
1413394922255760384 -0.27088 -3.00881 -0.19928 0.04743 0.79137 -0.06739 0.60575
1413394922455760384 -0.10395 -3.05274 -0.16083 0.05028 0.81823 -0.00035 0.57268
1413394922655760640 0.07636 -3.06865 -0.06159 0.01251 0.82360 0.00552 0.56701
1413394922855760640 0.26712 -3.07319 0.04159 -0.01147 0.83404 -0.00003 0.55159
1413394923055760384 0.46777 -3.08155 0.14033 -0.01229 0.84235 0.00003 0.53880
1413394923255760384 0.68891 -3.08755 0.21655 0.01125 0.83328 0.01353 0.55257
1413394923455760384 0.93873 -3.07670 0.29888 0.00551 0.83135 0.01604 0.55549
1413394923655760640 1.18871 -3.04078 0.36949 -0.02048 0.83759 0.04433 0.54411
1413394923855760640 1.47466 -2.98979 0.42310 -0.03810 0.82080 0.10469 0.56025
1413394924055760384 1.76226 -2.91074 0.42924 -0.07303 0.80382 0.15991 0.56830
1413394924255760384 2.02733 -2.80577 0.42309 -0.13563 0.79289 0.20095 0.55907
1413394924455760384 2.27840 -2.69516 0.42487 -0.19410 0.77906 0.24680 0.54266
1413394924655760640 2.53577 -2.58895 0.43974 -0.22462 0.75453 0.30972 0.53320
1413394924855760640 2.78662 -2.48285 0.46296 -0.24410 0.71295 0.37832 0.53757
1413394924955760384 2.89742 -2.42839 0.47933 -0.24867 0.68762 0.40771 0.54692
1413394925055760384 2.99752 -2.37427 0.49782 -0.24740 0.66614 0.43018 0.55677
1413394925155760640 3.07592 -2.31943 0.51617 -0.24653 0.66153 0.44921 0.54755
1413394925255760384 3.13568 -2.26020 0.53932 -0.24267 0.65754 0.47015 0.53639
1413394925355760640 3.17084 -2.19659 0.55870 -0.23998 0.65157 0.48642 0.53034
1413394925455760384 3.18050 -2.12801 0.57003 -0.24833 0.65157 0.48959 0.52354
1413394925555760384 3.17391 -2.05326 0.56808 -0.26023 0.65496 0.48660 0.51627
1413394925655760640 3.15981 -1.96902 0.55679 -0.27165 0.65770 0.48420 0.50911
1413394925755760384 3.13414 -1.87947 0.54050 -0.29433 0.66787 0.47146 0.49502
1413394925855760640 3.09875 -1.78119 0.52748 -0.31050 0.67693 0.45972 0.48376
1413394925955760384 3.06059 -1.68229 0.51489 -0.31939 0.68052 0.45586 0.47653
1413394926055760384 3.02345 -1.58361 0.50474 -0.31824 0.67689 0.46381 0.47478
1413394926155760640 2.98482 -1.48479 0.49538 -0.31036 0.67080 0.47591 0.47667
1413394926255760384 2.94288 -1.38343 0.48656 -0.30305 0.66592 0.48613 0.47790
1413394926355760640 2.89607 -1.27977 0.47777 -0.30615 0.67018 0.48726 0.46872
1413394926455760384 2.84564 -1.16887 0.47020 -0.30996 0.67513 0.48764 0.45862
1413394926555760384 2.79306 -1.05000 0.46475 -0.32145 0.67280 0.49110 0.45037
1413394926655760640 2.73837 -0.92565 0.46317 -0.34488 0.66480 0.49787 0.43728
1413394926755760384 2.68587 -0.79819 0.46335 -0.38019 0.65507 0.50432 0.41472
1413394926855760640 2.63953 -0.66844 0.46350 -0.41749 0.64468 0.51160 0.38516
1413394926955760384 2.60580 -0.54064 0.46246 -0.44530 0.63123 0.52343 0.35956
1413394927055760384 2.59231 -0.41688 0.45545 -0.45739 0.61385 0.54006 0.34975
1413394927155760640 2.59763 -0.29281 0.43744 -0.44710 0.58727 0.56729 0.36523
1413394927255760384 2.61221 -0.16770 0.41963 -0.43379 0.56306 0.58939 0.38393
1413394927355760640 2.63515 -0.05493 0.40894 -0.42315 0.55060 0.60356 0.39180
1413394927455760384 2.65247 0.06602 0.41397 -0.41974 0.54972 0.60913 0.38805
1413394927555760384 2.66632 0.18556 0.43180 -0.41872 0.55396 0.61072 0.38056
1413394927655760640 2.67861 0.30300 0.46533 -0.42078 0.55572 0.60973 0.37729
1413394927755760384 2.68734 0.41502 0.50276 -0.42351 0.55379 0.61076 0.37540
1413394927855760640 2.69459 0.53283 0.53491 -0.42421 0.54760 0.61312 0.37983
1413394927955760384 2.69991 0.65015 0.55648 -0.42439 0.54626 0.61469 0.37902
1413394928055760384 2.70481 0.75673 0.57333 -0.42613 0.54195 0.61500 0.38272
1413394928155760640 2.70638 0.87477 0.57999 -0.42574 0.52971 0.61606 0.39827
1413394928255760384 2.70206 0.99241 0.58014 -0.43016 0.51613 0.61271 0.41613
1413394928355760640 2.69038 1.10021 0.58153 -0.43537 0.50734 0.60745 0.42903
1413394928455760384 2.67119 1.18739 0.58253 -0.44158 0.51298 0.60221 0.42333
1413394928555760384 2.64572 1.27311 0.58546 -0.44751 0.52575 0.59706 0.40846
1413394928655760640 2.61720 1.35233 0.59153 -0.44887 0.53542 0.59433 0.39826
1413394928755760384 2.58881 1.42621 0.59888 -0.44698 0.54006 0.59360 0.39521
1413394928855760640 2.56092 1.49548 0.60298 -0.44208 0.54000 0.59514 0.39846
1413394928955760384 2.53286 1.56282 0.59843 -0.43538 0.53716 0.59820 0.40505
1413394929055760384 2.50326 1.62738 0.58509 -0.43514 0.53705 0.59724 0.40685
1413394929155760640 2.47013 1.68490 0.56922 -0.44268 0.53380 0.59097 0.41213
1413394929255760384 2.43655 1.73689 0.55586 -0.45268 0.53279 0.58340 0.41335
1413394929355760640 2.40158 1.77638 0.54498 -0.46374 0.53595 0.57537 0.40822
1413394929455760384 2.37007 1.80652 0.53805 -0.46580 0.54133 0.57384 0.40088
1413394929555760384 2.34245 1.82887 0.53205 -0.45604 0.55199 0.58114 0.38680
1413394929655760640 2.32161 1.84589 0.52891 -0.44249 0.55994 0.59040 0.37696
1413394929755760384 2.30360 1.86285 0.52812 -0.43175 0.56010 0.59726 0.37837
1413394929855760640 2.28735 1.88224 0.52167 -0.42817 0.55718 0.59916 0.38371
1413394929955760384 2.27206 1.90091 0.50715 -0.43439 0.55182 0.59424 0.39202
1413394930055760384 2.25657 1.91741 0.48324 -0.44212 0.54415 0.58798 0.40338
1413394930155760640 2.24141 1.92853 0.45392 -0.44808 0.53691 0.58272 0.41399
1413394930255760384 2.22439 1.93372 0.42896 -0.45777 0.52882 0.57496 0.42451
1413394930355760640 2.20591 1.92682 0.40814 -0.47123 0.53126 0.56507 0.42001
1413394930455760384 2.19058 1.91107 0.38506 -0.45859 0.55337 0.57507 0.39085
1413394930555760384 2.18110 1.89028 0.35612 -0.42895 0.58310 0.59473 0.34970
1413394930655760640 2.17705 1.87148 0.31709 -0.39783 0.60860 0.61126 0.31259
1413394930755760384 2.17999 1.87174 0.27578 -0.37507 0.60907 0.62508 0.31247
1413394930855760640 2.18563 1.89535 0.23853 -0.38154 0.58827 0.62265 0.34738
1413394930955760384 2.19067 1.93532 0.20725 -0.40815 0.56208 0.60562 0.38820
1413394931055760384 2.19190 1.97876 0.18513 -0.43338 0.54142 0.58694 0.41779
1413394931155760640 2.18898 2.01373 0.17411 -0.44459 0.53192 0.57710 0.43170
1413394931255760384 2.18266 2.03650 0.17833 -0.45082 0.52810 0.57086 0.43816
1413394931355760640 2.17204 2.04885 0.20465 -0.45933 0.52288 0.56232 0.44655
1413394931455760384 2.16020 2.04345 0.24442 -0.45665 0.52878 0.56328 0.44110
1413394931555760384 2.14684 2.02152 0.27649 -0.43358 0.54574 0.57909 0.42289
1413394931655760640 2.13036 1.99807 0.29474 -0.41447 0.55397 0.59393 0.41059
1413394931755760384 2.10768 1.96786 0.30593 -0.40056 0.54566 0.61294 0.40757
1413394931855760640 2.07522 1.94073 0.31193 -0.39581 0.52647 0.63453 0.40440
1413394931955760384 2.02861 1.91277 0.31041 -0.41003 0.50951 0.65060 0.38600
1413394932055760384 1.97201 1.88949 0.31419 -0.44018 0.48673 0.66084 0.36416
1413394932155760640 1.90495 1.86505 0.33293 -0.47806 0.45890 0.66720 0.34016
1413394932255760384 1.83615 1.84076 0.36494 0.51415 -0.43326 -0.67275 -0.30877
1413394932355760640 1.77024 1.81170 0.40432 0.54461 -0.40233 -0.67953 -0.28242
1413394932455760384 1.71124 1.77874 0.44400 0.56808 -0.36515 -0.68744 -0.26717
1413394932555760384 1.66308 1.74029 0.47285 0.58537 -0.32805 -0.69639 -0.25451
1413394932655760640 1.62871 1.69328 0.48990 0.59462 -0.29461 -0.70867 -0.23960
1413394932755760384 1.60419 1.64039 0.49921 0.59377 -0.26719 -0.72630 -0.22031
1413394932855760640 1.58897 1.57796 0.50717 0.58043 -0.24818 -0.75066 -0.19501
1413394932955760384 1.58015 1.51228 0.51715 0.56544 -0.23285 -0.77278 -0.16994
1413394933055760384 1.57184 1.44640 0.52270 0.55721 -0.21700 -0.78783 -0.14747
1413394933155760640 1.56166 1.38154 0.52081 0.55568 -0.19633 -0.79742 -0.12958
1413394933255760384 1.54914 1.31872 0.51062 0.56213 -0.17392 -0.80065 -0.11279
1413394933355760640 1.54167 1.25370 0.48713 0.57015 -0.14916 -0.80168 -0.09995
1413394933455760384 1.53033 1.19341 0.45397 0.57711 -0.12674 -0.80202 -0.08739
1413394933555760384 1.51934 1.13234 0.41128 0.58212 -0.10647 -0.80273 -0.07364
1413394933655760640 1.50763 1.07320 0.36766 0.59080 -0.08593 -0.80003 -0.05930
1413394933755760384 1.49774 1.01566 0.32908 0.60322 -0.06670 -0.79344 -0.04607
1413394933855760640 1.49256 0.96006 0.29455 0.60953 -0.05208 -0.79024 -0.03572
1413394933955760384 1.49565 0.90236 0.26029 0.60049 -0.03632 -0.79840 -0.02551
1413394934055760384 1.49951 0.84637 0.22958 0.58782 -0.01812 -0.80871 -0.01139
1413394934155760640 1.50476 0.78599 0.20687 0.59268 0.00289 -0.80542 0.00499
1413394934255760384 1.50993 0.72795 0.18081 0.60181 0.02661 -0.79787 0.02287
1413394934355760640 1.51977 0.66861 0.14246 0.59909 0.05274 -0.79778 0.04308
1413394934455760384 1.53371 0.60983 0.09234 0.58769 0.07371 -0.80279 0.06859
1413394934555760384 1.54904 0.55669 0.02982 0.57952 0.09261 -0.80536 0.08348
1413394934655760640 1.56511 0.51079 -0.03390 0.57538 0.11115 -0.80544 0.08859
1413394934755760384 1.58657 0.46526 -0.08511 0.57490 0.12095 -0.80354 0.09581
1413394934855760640 1.60764 0.42153 -0.11930 0.57704 0.12536 -0.80074 0.10062
1413394934955760384 1.62697 0.38110 -0.13696 0.57826 0.12711 -0.79926 0.10318
1413394935055760384 1.64490 0.34459 -0.13472 0.58344 0.12513 -0.79549 0.10555
1413394935155760640 1.66002 0.31318 -0.12109 0.59039 0.11613 -0.79158 0.10658
1413394935255760384 1.67673 0.28674 -0.11366 0.59716 0.10504 -0.78869 0.10160
1413394935355760640 1.70124 0.26257 -0.11804 0.60614 0.09701 -0.78384 0.09375
1413394935455760384 1.72949 0.24024 -0.13476 0.61034 0.09210 -0.78220 0.08464
1413394935555760384 1.76061 0.21883 -0.16427 0.60298 0.08917 -0.78917 0.07531
1413394935655760640 1.80069 0.20008 -0.19601 0.59516 0.08640 -0.79606 0.06787
1413394935755760384 1.84341 0.18144 -0.21728 0.59328 0.08364 -0.79821 0.06236
1413394935855760640 1.88102 0.16172 -0.22189 0.59549 0.08061 -0.79708 0.05967
1413394935955760384 1.92735 0.14345 -0.22116 0.59192 0.07774 -0.80015 0.05783
1413394936055760384 1.97530 0.12344 -0.23301 0.57751 0.08120 -0.81033 0.05709
1413394936205760512 2.04881 0.08945 -0.27121 0.55143 0.10505 -0.82458 0.07042
1413394936305760256 2.09338 0.06201 -0.30079 0.55517 0.13594 -0.81565 0.08964
1413394936505760512 2.17762 -0.00860 -0.35366 0.56789 0.22440 -0.77881 0.14350
1413394936705760512 2.26632 -0.09261 -0.38891 0.54715 0.31327 -0.75147 0.19436
1413394936905760512 2.37410 -0.18032 -0.41325 0.52111 0.37498 -0.72951 0.23589
1413394937105760512 2.49297 -0.28840 -0.42800 -0.48950 -0.43702 0.70569 -0.26722
1413394937255760384 2.58799 -0.38553 -0.44483 -0.46632 -0.47497 0.68633 -0.29309
1413394937355760640 2.64856 -0.45948 -0.45490 -0.44871 -0.48735 0.68115 -0.31174
1413394937555760384 2.75351 -0.62341 -0.46923 -0.43936 -0.49716 0.67015 -0.33270
1413394937755760384 2.81431 -0.81007 -0.47611 -0.44339 -0.49172 0.66622 -0.34317
1413394937955760384 2.85747 -1.00086 -0.47360 -0.44410 -0.46943 0.68101 -0.34443
1413394938155760640 2.86139 -1.18434 -0.43909 -0.43257 -0.43699 0.71110 -0.34097
1413394938355760640 2.82932 -1.39072 -0.35538 -0.45014 -0.41456 0.72360 -0.31924
1413394938555760384 2.75458 -1.60783 -0.22772 -0.48849 -0.38995 0.72504 -0.28920
1413394938755760384 2.66931 -1.82994 -0.13770 0.50220 0.35522 -0.75022 0.24245
1413394938955760384 2.57961 -2.04288 -0.08413 0.50603 0.27654 -0.78513 0.22589
1413394939155760640 2.46146 -2.22811 -0.06903 0.52587 0.17269 -0.80407 0.21703
1413394939355760640 2.31100 -2.37062 -0.09080 0.54698 0.11639 -0.81246 0.16483
1413394939555760384 2.14011 -2.49118 -0.09532 0.56609 0.11972 -0.81002 0.09526
1413394939755760384 1.96304 -2.60163 -0.04701 0.56988 0.08174 -0.81098 0.10419
1413394939955760384 1.78157 -2.66993 0.01386 0.55953 0.04152 -0.82186 0.09874
1413394940155760640 1.58577 -2.70649 0.03579 0.54604 0.03230 -0.83595 0.04456
1413394940355760640 1.36900 -2.72976 0.01200 0.56340 -0.02227 -0.82574 0.01547
1413394940555760384 1.14462 -2.74294 -0.03082 0.57479 -0.08061 -0.81373 -0.03116
1413394940755760384 0.90434 -2.74026 -0.05690 0.56682 -0.10592 -0.81040 -0.10365
1413394940955760384 0.66357 -2.76751 -0.03889 0.56519 -0.14051 -0.80631 -0.10339
1413394941055760384 0.54230 -2.78914 -0.01323 0.55894 -0.16727 -0.80773 -0.08471
1413394941205760512 0.36993 -2.80144 0.02659 0.54421 -0.20710 -0.81061 -0.06216
1413394941405760512 0.13527 -2.77123 0.09406 0.52717 -0.22204 -0.81751 -0.06688
1413394941605760512 -0.12398 -2.68740 0.17815 0.52435 -0.18267 -0.82180 -0.12781
1413394941755760384 -0.34473 -2.61779 0.23875 0.53321 -0.17953 -0.81242 -0.15304
1413394941855760640 -0.49892 -2.57469 0.27810 0.54445 -0.19698 -0.80225 -0.14549
1413394941955760384 -0.65741 -2.53355 0.31348 0.55566 -0.23025 -0.79071 -0.11404
1413394942055760384 -0.81366 -2.48253 0.34663 0.56247 -0.26277 -0.77986 -0.07996
1413394942155760640 -0.95636 -2.41922 0.38672 0.56622 -0.29358 -0.76860 -0.04964
1413394942255760384 -1.07508 -2.32756 0.43013 0.56652 -0.32058 -0.75839 -0.03345
1413394942355760640 -1.18862 -2.20648 0.48012 0.56323 -0.34457 -0.75023 -0.03452
1413394942455760384 -1.28409 -2.05547 0.53335 0.55967 -0.36303 -0.74296 -0.05473
1413394942555760384 -1.35975 -1.88036 0.57770 0.55766 -0.38200 -0.73200 -0.08519
1413394942655760640 -1.40855 -1.68846 0.60270 0.55519 -0.40280 -0.71780 -0.11951
1413394942755760384 -1.45375 -1.48003 0.61292 0.55269 -0.41511 -0.70230 -0.17029
1413394942855760640 -1.48551 -1.26536 0.60947 0.54974 -0.40918 -0.68524 -0.24659
1413394942955760384 -1.50547 -1.05428 0.58709 0.54369 -0.39736 -0.66415 -0.32469
1413394943055760384 -1.52645 -0.85707 0.54785 0.53449 -0.39813 -0.64072 -0.38118
1413394943155760640 -1.54905 -0.67992 0.49772 0.52241 -0.41103 -0.61726 -0.42085
1413394943255760384 -1.56847 -0.53308 0.43834 0.50884 -0.42945 -0.59392 -0.45157
1413394943355760640 -1.59238 -0.41783 0.37388 -0.49384 0.45287 0.57174 0.47343
1413394943455760384 -1.61980 -0.33862 0.32159 -0.47279 0.47754 0.55542 0.48984
1413394943555760384 -1.65913 -0.28783 0.27879 -0.44598 0.50457 0.54508 0.49939
1413394943655760640 -1.71155 -0.26379 0.24505 -0.41707 0.53763 0.54314 0.49194
1413394943755760384 -1.77060 -0.26225 0.21802 -0.40028 0.57048 0.53752 0.47477
1413394943855760640 -1.83870 -0.26981 0.18634 -0.40093 0.59350 0.52526 0.45947
1413394943955760384 -1.91210 -0.28401 0.14866 -0.40831 0.61184 0.51233 0.44323
1413394944055760384 -1.98048 -0.30866 0.11235 -0.40367 0.61958 0.51114 0.43807
1413394944155760640 -2.04597 -0.33303 0.08020 -0.39606 0.62027 0.51572 0.43867
1413394944255760384 -2.10949 -0.36410 0.06142 -0.38947 0.62479 0.51639 0.43737
1413394944355760640 -2.16753 -0.39125 0.05217 -0.37806 0.63409 0.51942 0.43036
1413394944455760384 -2.22041 -0.41606 0.05840 -0.35836 0.64506 0.52486 0.42427
1413394944555760384 -2.26984 -0.43629 0.06302 -0.34043 0.66291 0.51846 0.41936
1413394944655760640 -2.31457 -0.45069 0.05507 -0.32354 0.68959 0.50100 0.41085
1413394944755760384 -2.35120 -0.45583 0.03506 -0.30129 0.71853 0.47897 0.40439
1413394944855760640 -2.37535 -0.44700 0.00718 -0.27937 0.74504 0.45073 0.40461
1413394944955760384 -2.38591 -0.42110 -0.02417 -0.25902 0.76628 0.41698 0.41455
1413394945055760384 -2.38137 -0.37923 -0.05804 -0.23790 0.77779 0.38232 0.43851
1413394945155760640 -2.36448 -0.32331 -0.09427 -0.21320 0.78337 0.34879 0.46822
1413394945255760384 -2.33707 -0.25525 -0.12771 -0.18970 0.78672 0.31421 0.49634
1413394945355760640 -2.30283 -0.17688 -0.15574 -0.16609 0.78663 0.27976 0.52474
1413394945455760384 -2.26926 -0.09242 -0.18044 -0.15322 0.78023 0.23710 0.55816
1413394945555760384 -2.23733 -0.00618 -0.20523 -0.15687 0.78304 0.18150 0.57385
1413394945655760640 -2.20825 0.07473 -0.22880 -0.15541 0.78949 0.12717 0.57999
1413394945755760384 -2.18170 0.14404 -0.24769 -0.14562 0.79698 0.07608 0.58123
1413394945855760640 -2.15261 0.19740 -0.26626 -0.12729 0.80257 0.02690 0.58220
1413394945955760384 -2.12597 0.23026 -0.28468 -0.10379 0.80514 -0.02302 0.58347
1413394946055760384 -2.10191 0.24088 -0.29715 -0.06109 0.80615 -0.06183 0.58530
1413394946205760512 -2.07273 0.23123 -0.30767 0.00936 0.80130 -0.11744 0.58655
1413394946355760640 -2.05926 0.19830 -0.32064 0.05897 0.78776 -0.18803 0.58362
1413394946555760384 -2.06294 0.12343 -0.33437 0.11360 0.76222 -0.28590 0.56954
1413394946755760384 -2.10337 0.01494 -0.33900 0.21085 0.72453 -0.35077 0.55458
1413394946955760384 -2.16879 -0.09673 -0.34108 0.29664 0.67801 -0.42013 0.52516
1413394947155760640 -2.24504 -0.18874 -0.32503 0.36593 0.62746 -0.49117 0.48078
1413394947355760640 -2.32843 -0.24986 -0.24554 0.41738 0.57681 -0.55348 0.43214
1413394947555760384 -2.39212 -0.29132 -0.11543 -0.44185 -0.54293 0.58649 -0.40747
1413394947755760384 -2.44265 -0.31221 -0.00975 -0.40920 -0.56168 0.62013 -0.36402
1413394947955760384 -2.45395 -0.37696 0.06913 -0.37234 -0.59891 0.61230 -0.35743
1413394948155760640 -2.42392 -0.50501 0.17493 0.33913 0.63955 -0.58446 0.36657
1413394948355760640 -2.41902 -0.69357 0.26611 0.36665 0.64314 -0.53190 0.41112
1413394948555760384 -2.40221 -0.89716 0.33255 0.42510 0.59730 -0.47006 0.49150
1413394948755760384 -2.38205 -1.01431 0.40110 0.45061 0.56676 -0.44521 0.52680
1413394948955760384 -2.35246 -1.02241 0.46224 0.41678 0.60298 -0.48457 0.47739
1413394949155760640 -2.32053 -0.97046 0.49506 0.35497 0.65725 -0.53926 0.38887
1413394949355760640 -2.24983 -0.93432 0.48021 0.32238 0.67756 -0.56556 0.34225
1413394949555760384 -2.15278 -1.00684 0.46426 0.35419 0.65690 -0.55023 0.37454
1413394949755760384 -2.02154 -1.13630 0.48563 0.42441 0.59660 -0.50028 0.46223
1413394949955760384 -1.88364 -1.21101 0.49838 0.41532 0.57640 -0.49676 0.49849
1413394950155760640 -1.76360 -1.22886 0.51059 0.36157 0.58652 -0.49941 0.52522
1413394950355760640 -1.68077 -1.20619 0.51259 0.29760 0.65246 -0.51458 0.47003
1413394950555760384 -1.63175 -1.20137 0.53126 0.29346 0.70505 -0.50575 0.40125
1413394950755760384 -1.56172 -1.26717 0.57220 0.32631 0.69655 -0.47741 0.42476
1413394950955760384 -1.45263 -1.37448 0.62157 0.37812 0.64265 -0.40547 0.52879
1413394957605760512 0.25611 0.09724 0.21720 -0.08171 0.77438 0.06414 0.62414
1413394957705760512 0.26669 0.09995 0.25519 -0.07629 0.81460 0.07657 0.56987
1413394957805760256 0.25583 0.09169 0.27685 -0.07471 0.84783 0.09229 0.51681
1413394957905760512 0.28045 0.09536 0.31445 -0.08213 0.85816 0.10470 0.49584
1413394958005760512 0.30945 0.09669 0.33829 -0.10135 0.84838 0.11631 0.50641
1413394958105760512 0.34733 0.09617 0.35611 -0.12769 0.82081 0.12967 0.54144
1413394958205760512 0.39013 0.09610 0.37790 -0.15467 0.78482 0.14640 0.58198
1413394958305760256 0.42817 0.08575 0.39850 -0.17652 0.75381 0.16862 0.61007
1413394958405760512 0.45637 0.06516 0.42218 -0.19180 0.74204 0.19487 0.61206
1413394958505760512 0.47966 0.03199 0.44071 -0.19208 0.77177 0.22883 0.56134
1413394958605760512 0.50041 -0.00551 0.46032 -0.18472 0.81130 0.26096 0.48946
1413394958705760512 0.53084 -0.04147 0.48451 -0.17935 0.83840 0.28810 0.42652
1413394958805760256 0.57804 -0.07091 0.50848 -0.17843 0.84542 0.31202 0.39506
1413394958905760512 0.65790 -0.07688 0.53473 -0.17958 0.83564 0.33599 0.39569
1413394959005760512 0.75958 -0.06489 0.56682 -0.18975 0.80577 0.35820 0.43177
1413394959105760512 0.85933 -0.03892 0.60375 -0.21541 0.76981 0.36813 0.47484
1413394959205760512 0.94516 -0.00131 0.64404 -0.25495 0.73323 0.36713 0.51244
1413394959305760256 0.95804 0.04018 0.70471 -0.29325 0.69587 0.36609 0.54382
1413394959405760512 0.93665 0.06205 0.76330 -0.30942 0.68767 0.38292 0.53362
1413394959505760512 0.87974 0.05323 0.81986 -0.29916 0.71119 0.41407 0.48297
1413394959605760512 0.80793 0.03418 0.86832 -0.27954 0.73670 0.44767 0.42276
1413394959705760512 0.77024 0.03218 0.89608 -0.26748 0.74701 0.47559 0.37980
1413394959805760256 0.76053 0.06522 0.91944 -0.26466 0.73247 0.50264 0.37522
1413394959905760512 0.79423 0.13739 0.95377 -0.28141 0.69748 0.52103 0.40354
1413394960005760512 0.73878 0.19354 0.93186 -0.33151 0.65495 0.51620 0.44123
1413394960105760512 0.76167 0.28726 0.94970 -0.38620 0.61261 0.50641 0.46808
1413394960205760512 0.71539 0.34355 0.92862 -0.42515 0.57728 0.51016 0.47511
1413394960305760256 0.71475 0.40947 0.93499 -0.44328 0.56057 0.53171 0.45447
1413394960405760512 0.68328 0.43903 0.92667 -0.44412 0.55342 0.56894 0.41569
1413394960505760512 0.63186 0.42538 0.88880 -0.43525 0.54555 0.61631 0.36483
1413394960605760512 0.59988 0.41806 0.85547 -0.42006 0.53895 0.65901 0.31429
1413394960705760512 0.56866 0.42077 0.82620 -0.41132 0.52346 0.69107 0.28148
1413394960805760256 0.53377 0.46536 0.81433 -0.43091 0.48993 0.70188 0.28576
1413394960905760512 0.49554 0.52455 0.81527 -0.47809 0.45493 0.68673 0.30475
1413394961005760512 0.45443 0.59074 0.81802 0.52276 -0.42893 -0.66319 -0.32082
1413394961105760512 0.41736 0.64642 0.81804 0.54701 -0.41666 -0.64791 -0.32770
1413394961205760512 0.38548 0.69016 0.81563 0.53925 -0.42125 -0.65538 -0.31974
1413394961305760256 0.35828 0.72370 0.80624 0.50162 -0.43711 -0.68520 -0.29634
1413394961405760512 0.33126 0.76151 0.79543 -0.45979 0.45262 0.71350 0.27321
1413394961505760512 0.29958 0.81304 0.78849 -0.43941 0.44562 0.72638 0.28410
1413394961605760512 0.25276 0.87445 0.78758 -0.45163 0.42744 0.71834 0.31195
1413394961705760512 0.19383 0.93643 0.78885 -0.49090 0.41740 0.69021 0.32924
1413394961805760256 0.12639 0.99500 0.79056 0.53274 -0.41282 -0.65626 -0.33925
1413394961905760512 0.06047 1.03352 0.79438 0.55633 -0.41590 -0.63509 -0.33791
1413394962005760512 0.00573 1.06387 0.79936 0.55665 -0.42745 -0.63159 -0.32944
1413394962105760512 -0.04434 1.07210 0.80185 0.52753 -0.44504 -0.65352 -0.31075
1413394962205760512 -0.08454 1.08083 0.80646 -0.49161 0.45862 0.67668 0.30015
1413394962305760256 -0.12733 1.07932 0.81671 -0.47031 0.46403 0.68996 0.29570
1413394962405760512 -0.16823 1.08118 0.83484 -0.48138 0.45563 0.67967 0.31421
1413394962505760512 -0.21801 1.08588 0.85898 0.52069 -0.43617 -0.64790 -0.34477
1413394962605760512 -0.26513 1.07518 0.88610 0.55177 -0.42326 -0.62196 -0.35994
1413394962705760512 -0.30497 1.04659 0.90480 0.54618 -0.43226 -0.62703 -0.34882
1413394962805760256 -0.34080 1.00294 0.91424 0.51510 -0.45461 -0.65267 -0.31940
1413394962905760512 -0.37091 0.95126 0.91964 -0.48204 0.46484 0.68178 0.29452
1413394963005760512 -0.40368 0.90392 0.92695 -0.47605 0.45510 0.69301 0.29324
1413394963105760512 -0.42982 0.85675 0.93187 0.50717 -0.43102 -0.67667 -0.31483
1413394963205760512 -0.45096 0.80206 0.92355 0.54163 -0.41171 -0.65405 -0.33068
1413394963305760256 -0.47541 0.73904 0.90030 0.54205 -0.41062 -0.65602 -0.32742
1413394963405760512 -0.49631 0.66304 0.86381 0.50594 -0.42455 -0.68515 -0.30716
1413394963505760512 -0.51953 0.58699 0.82011 -0.46284 0.44121 0.71531 0.28185
1413394963605760512 -0.53916 0.50736 0.77727 -0.43614 0.45048 0.73116 0.26878
1413394963705760512 -0.57151 0.44609 0.74736 -0.45356 0.44412 0.71904 0.28288
1413394963805760256 -0.60239 0.37470 0.71958 -0.49677 0.42809 0.68660 0.31391
1413394963905760512 -0.64507 0.30747 0.68813 0.52784 -0.42403 -0.65968 -0.32620
1413394964005760512 -0.68513 0.23335 0.64947 0.51148 -0.44016 -0.66930 -0.31094
1413394964105760512 -0.72521 0.15642 0.60690 -0.46829 0.46137 0.69563 0.28972
1413394964205760512 -0.76697 0.08545 0.57228 -0.43249 0.47558 0.71428 0.27673
1413394964305760256 -0.81377 0.03116 0.55361 -0.43723 0.46918 0.70917 0.29287
1413394964405760512 -0.87219 -0.01947 0.54262 -0.47747 0.45371 0.68028 0.32154
1413394964505760512 -0.93075 -0.07127 0.53751 0.52065 -0.44147 -0.64701 -0.33971
1413394964605760512 -0.98305 -0.13052 0.52751 0.52636 -0.45226 -0.64319 -0.32357
1413394964705760512 -1.02799 -0.19333 0.51621 -0.49617 0.47792 0.66560 0.28704
1413394964805760256 -1.06686 -0.25250 0.50958 -0.45818 0.50108 0.68970 0.25158
1413394964905760512 -1.10185 -0.29616 0.50963 -0.43366 0.51855 0.70120 0.22661
1413394965005760512 -1.13544 -0.31421 0.51846 -0.43362 0.52787 0.69660 0.21925
1413394965105760512 -1.16681 -0.30354 0.54260 -0.46367 0.50556 0.67998 0.25895
1413394965205760512 -1.19962 -0.28760 0.57205 0.50917 -0.46880 -0.65607 -0.30091
1413394965305760256 -1.22821 -0.27493 0.59910 0.53684 -0.43514 -0.64795 -0.32033
1413394965405760512 -1.25004 -0.26990 0.62129 0.52882 -0.41393 -0.67152 -0.31315
1413394965505760512 -1.26713 -0.27033 0.63887 0.51899 -0.39791 -0.69660 -0.29509
1413394965605760512 -1.28319 -0.27813 0.66597 0.53599 -0.37546 -0.70475 -0.27398
1413394965705760512 -1.29607 -0.29251 0.69879 0.57270 -0.34464 -0.69895 -0.25438
1413394965805760256 -1.29957 -0.31505 0.72368 0.58221 -0.31232 -0.71371 -0.23262
1413394965905760512 -1.29438 -0.34478 0.73411 0.57074 -0.28274 -0.74120 -0.21195
1413394966005760512 -1.28424 -0.38119 0.74356 0.58708 -0.24950 -0.74422 -0.19805
1413394966105760512 -1.26662 -0.42331 0.74872 0.61946 -0.21892 -0.73119 -0.18360
1413394966205760512 -1.23838 -0.47519 0.73790 0.60755 -0.20062 -0.75161 -0.16036
1413394966305760256 -1.20128 -0.53473 0.71567 0.56329 -0.19124 -0.79347 -0.12857
1413394966405760512 -1.16257 -0.59638 0.68789 0.50673 -0.18267 -0.83711 -0.09540
1413394966505760512 -1.13894 -0.65208 0.66614 -0.47923 0.16862 0.85831 0.07217
1413394966605760512 -1.13932 -0.69457 0.65921 0.51188 -0.14668 -0.84387 -0.06597
1413394966705760512 -1.15235 -0.72853 0.66030 0.57045 -0.12093 -0.80965 -0.06654
1413394966805760256 -1.16547 -0.76164 0.65942 0.61661 -0.09828 -0.77879 -0.06012
1413394966905760512 -1.16808 -0.79744 0.65430 0.62555 -0.07916 -0.77471 -0.04746
1413394967005760512 -1.16242 -0.83378 0.64541 0.59422 -0.05821 -0.80141 -0.03532
1413394967105760512 -1.15826 -0.87013 0.63637 0.55031 -0.03760 -0.83379 -0.02327
1413394967205760512 -1.15735 -0.90826 0.63736 0.53816 -0.01452 -0.84265 -0.01042
1413394967305760256 -1.16654 -0.94791 0.65097 0.56905 0.00773 -0.82225 0.00493
1413394967405760512 -1.17964 -0.98845 0.67156 0.61889 0.02768 -0.78467 0.02247
1413394967505760512 -1.18085 -1.03131 0.69402 0.64464 0.04304 -0.76185 0.04664
1413394967605760512 -1.16599 -1.07214 0.70934 0.61882 0.06220 -0.78017 0.06734
1413394967705760512 -1.13986 -1.10956 0.72094 0.56854 0.08867 -0.81428 0.07647
1413394967805760256 -1.11665 -1.14532 0.74418 0.55313 0.11233 -0.82058 0.08984
1413394967905760512 -1.09885 -1.17964 0.77469 0.57286 0.13580 -0.80111 0.10782
1413394968005760512 -1.08008 -1.21703 0.81240 0.59764 0.15959 -0.77486 0.13021
1413394968105760512 -1.05367 -1.25117 0.83977 0.58491 0.18675 -0.77564 0.14628
1413394968205760512 -1.02395 -1.28216 0.85181 0.54928 0.21042 -0.79402 0.15343
1413394968305760256 -0.99881 -1.31250 0.85652 0.53166 0.22690 -0.80021 0.15977
1413394968405760512 -0.97700 -1.34338 0.85400 0.53083 0.24155 -0.79451 0.16920
1413394968505760512 -0.95854 -1.38011 0.84667 0.53195 0.25426 -0.78690 0.18214
1413394968605760512 -0.94553 -1.41955 0.83758 0.52148 0.26700 -0.78802 0.18919
1413394968705760512 -0.94303 -1.45975 0.83114 0.51408 0.28078 -0.78890 0.18580
1413394968805760256 -0.94963 -1.50558 0.82720 0.52273 0.29372 -0.78089 0.17517
1413394968905760512 -0.95835 -1.55738 0.82639 0.53038 0.29391 -0.77439 0.18064
1413394969005760512 -0.96791 -1.61517 0.82769 0.53880 0.29016 -0.76512 0.20025
1413394969155760640 -0.97806 -1.70842 0.82680 0.54641 0.29461 -0.75007 0.22811
1413394969355760640 -0.99220 -1.82091 0.77380 0.55826 0.30259 -0.73140 0.24869
1413394969555760384 -0.98677 -1.90488 0.68848 0.56877 0.31846 -0.72081 0.23560
1413394969755760384 -0.94790 -1.97026 0.60747 0.55098 0.34848 -0.73504 0.18626
1413394969955760384 -0.87400 -2.06525 0.54738 0.53095 0.34484 -0.75197 0.18365
1413394970155760640 -0.79322 -2.21064 0.53559 0.50942 0.32586 -0.77030 0.20236
1413394970355760640 -0.72468 -2.37283 0.56826 0.53954 0.30193 -0.74970 0.23596
1413394970555760384 -0.66300 -2.51793 0.56864 0.55826 0.26570 -0.73165 0.28712
1413394970755760384 -0.60579 -2.60053 0.53569 0.55692 0.24936 -0.73011 0.30757
1413394970955760384 -0.55984 -2.61042 0.50655 0.54753 0.30004 -0.74608 0.23140
1413394971155760640 -0.51028 -2.60015 0.53097 0.52501 0.31801 -0.76528 0.19387
1413394971355760640 -0.47224 -2.63109 0.56291 -0.47783 -0.32047 0.79796 -0.17957
1413394971555760384 -0.48668 -2.70686 0.57578 -0.44913 -0.31172 0.81676 -0.18443
1413394971755760384 -0.56918 -2.83811 0.60835 -0.49154 -0.27423 0.79444 -0.22816
1413394971955760384 -0.69502 -2.95797 0.64351 0.55124 0.22736 -0.76416 0.24598
1413394972155760640 -0.82626 -3.02200 0.65500 0.59396 0.17372 -0.75426 0.21938
1413394972355760640 -0.94261 -3.01423 0.62703 0.61557 0.10060 -0.76349 0.16746
1413394972555760384 -1.02335 -2.94425 0.57258 0.60056 0.01587 -0.79332 0.09863
1413394972755760384 -1.09134 -2.82826 0.52919 0.57547 -0.05350 -0.81606 -0.00466
1413394972955760384 -1.18311 -2.74676 0.51062 0.56943 -0.11815 -0.80650 -0.10655
1413394973055760384 -1.22042 -2.72209 0.48124 0.56387 -0.16110 -0.79780 -0.14007
1413394973155760640 -1.20950 -2.67527 0.48140 0.55681 -0.20945 -0.78658 -0.16547
1413394973255760384 -1.20627 -2.59791 0.48439 0.54697 -0.25966 -0.77451 -0.18315
1413394973355760640 -1.22121 -2.45232 0.47287 0.53668 -0.30468 -0.76086 -0.20059
1413394973455760384 -1.24597 -2.40158 0.46800 0.52662 -0.34682 -0.74290 -0.22468
1413394973555760384 -1.27169 -2.34859 0.46439 0.51447 -0.38771 -0.72307 -0.24933
1413394973655760640 -1.29726 -2.29277 0.46330 -0.49735 0.42582 0.70362 0.27611
1413394973755760384 -1.32120 -2.23506 0.46607 -0.48289 0.45914 0.67917 0.30780
1413394973855760640 -1.34354 -2.17448 0.46862 -0.46977 0.49330 0.65092 0.33508
1413394973955760384 -1.35247 -2.12057 0.47432 -0.45386 0.52795 0.62204 0.35825
1413394974055760384 -1.36511 -2.07164 0.48076 -0.43759 0.56017 0.59178 0.38016
1413394974155760640 -1.37849 -2.02834 0.48800 -0.42217 0.59124 0.55911 0.39950
1413394974255760384 -1.39533 -1.95501 0.49437 -0.40772 0.62090 0.52512 0.41533
1413394974355760640 -1.39950 -1.91184 0.50477 -0.39003 0.65098 0.49066 0.42821
1413394974455760384 -1.39960 -1.86344 0.51626 -0.37087 0.67890 0.45638 0.43962
1413394974555760384 -1.39586 -1.80403 0.52438 -0.35113 0.70200 0.42241 0.45330
1413394974655760640 -1.38100 -1.74898 0.54040 -0.33182 0.71414 0.38954 0.47767
1413394974755760384 -1.35649 -1.70821 0.55688 -0.30796 0.72511 0.36177 0.49849
1413394974855760640 -1.32717 -1.67439 0.56961 -0.28105 0.73771 0.33896 0.51177
1413394974955760384 -1.29621 -1.66206 0.56705 -0.25103 0.74870 0.32025 0.52333
1413394975055760384 -1.26571 -1.64893 0.55322 -0.22775 0.75435 0.30162 0.53676
1413394975155760640 -1.23711 -1.63293 0.52849 -0.21212 0.75266 0.28229 0.55571
1413394975255760384 -1.21242 -1.61472 0.49590 -0.20203 0.75249 0.26206 0.56945
1413394975355760640 -1.19373 -1.59927 0.45787 -0.19018 0.75532 0.24517 0.57725
1413394975455760384 -1.18080 -1.58726 0.41971 -0.17380 0.76319 0.23368 0.57683
1413394975555760384 -1.16629 -1.57268 0.38272 -0.15712 0.77358 0.22669 0.57053
1413394975655760640 -1.15841 -1.55592 0.35137 -0.14564 0.78309 0.22241 0.56221
1413394975805760256 -1.15507 -1.52637 0.31609 -0.13733 0.79166 0.21886 0.55364
1413394975955760384 -1.15085 -1.48523 0.29806 -0.13816 0.78424 0.21759 0.56438
1413394976155760640 -1.15011 -1.41899 0.28901 -0.14597 0.76786 0.21646 0.58501
1413394976355760640 -1.17633 -1.35471 0.27796 -0.14536 0.76484 0.22120 0.58733
1413394976505760512 -1.21392 -1.30821 0.27360 -0.15251 0.74979 0.21827 0.60573
1413394976705760512 -1.30042 -1.25454 0.26750 -0.17339 0.73972 0.20542 0.61689
1413394976805760256 -1.36520 -1.24119 0.26518 -0.18397 0.75626 0.19859 0.59564
1413394976905760512 -1.43699 -1.23603 0.26176 -0.18936 0.78724 0.19371 0.55396
1413394977005760512 -1.50585 -1.24015 0.26098 -0.18509 0.82072 0.19020 0.50594
1413394977155760640 -1.57928 -1.25270 0.27173 -0.17741 0.85782 0.17765 0.44845
1413394977305760256 -1.58471 -1.26563 0.30169 -0.15317 0.87383 0.18017 0.42485
1413394977505760512 -1.47691 -1.26290 0.37795 -0.10148 0.86281 0.21471 0.44628
1413394977705760512 -1.26883 -1.19349 0.47429 -0.09262 0.85785 0.21840 0.45587
1413394977905760512 -0.98153 -1.05476 0.58675 -0.09826 0.83086 0.21708 0.50289
1413394978105760512 -0.65823 -0.86726 0.69714 -0.10420 0.79469 0.21394 0.55843
1413394978205760512 -0.49727 -0.76145 0.74079 -0.10310 0.78653 0.21495 0.56969
1413394978305760256 -0.34095 -0.65034 0.77550 -0.10213 0.78321 0.21637 0.57388
1413394978405760512 -0.19257 -0.53284 0.79927 -0.10216 0.78204 0.21745 0.57506
1413394978505760512 -0.04807 -0.40976 0.81154 -0.10692 0.78245 0.21707 0.57378
1413394978605760512 0.09734 -0.28063 0.82184 -0.11663 0.78379 0.21335 0.57146
1413394978705760512 0.22545 -0.15226 0.83391 -0.13203 0.78676 0.20505 0.56704
1413394978805760256 0.35172 -0.01713 0.84819 -0.14594 0.78863 0.19649 0.56405
1413394978905760512 0.47570 0.11720 0.86342 -0.15349 0.78928 0.19054 0.56319
1413394979005760512 0.59518 0.24552 0.87619 -0.15792 0.78509 0.18453 0.56977
1413394979105760512 0.71236 0.36730 0.88198 -0.16212 0.77468 0.17768 0.58482
1413394979205760512 0.81861 0.48077 0.87345 -0.17445 0.75993 0.16553 0.60388
1413394979305760256 0.92161 0.58729 0.85974 -0.18988 0.74544 0.15368 0.62020
1413394979405760512 1.01408 0.67948 0.84795 -0.20820 0.72961 0.14160 0.63582
1413394979505760512 1.08563 0.74717 0.84371 -0.22326 0.70956 0.13332 0.65490
1413394979605760512 1.13380 0.78600 0.85314 -0.22757 0.69039 0.13387 0.67353
1413394979705760512 1.15658 0.79757 0.87539 -0.22120 0.68473 0.14319 0.67950
1413394979805760256 1.15046 0.78113 0.90345 -0.19223 0.70545 0.16629 0.66162
1413394979905760512 1.11965 0.74309 0.93777 -0.14731 0.74012 0.19470 0.62659
1413394980005760512 1.06961 0.70283 0.97737 -0.11690 0.76409 0.20917 0.59895
1413394980105760512 1.00213 0.66575 1.00997 -0.10418 0.77159 0.21167 0.59076
1413394980205760512 0.92797 0.63671 1.03217 -0.10382 0.76605 0.20714 0.59957
1413394980305760256 0.84034 0.60978 1.04124 -0.11256 0.75904 0.19807 0.60988
1413394980405760512 0.74620 0.58782 1.04127 -0.11791 0.75922 0.19210 0.61056
1413394980505760512 0.64235 0.56750 1.03854 -0.12187 0.76917 0.18734 0.59868
1413394980605760512 0.53417 0.54937 1.03738 -0.13010 0.78180 0.18037 0.58252
1413394980705760512 0.41853 0.53035 1.03949 -0.13713 0.78977 0.17525 0.57162
1413394980805760256 0.30798 0.51301 1.04871 -0.14060 0.79394 0.17389 0.56539
1413394980905760512 0.19857 0.49286 1.05899 -0.14350 0.79566 0.17354 0.56233
1413394981005760512 0.09468 0.47475 1.06581 -0.14571 0.79762 0.17243 0.55933
1413394981105760512 -0.00557 0.45262 1.05999 -0.15180 0.79941 0.16873 0.55626
1413394981205760512 -0.10069 0.42810 1.04557 -0.15752 0.80185 0.16495 0.55228
1413394981305760256 -0.18791 0.40164 1.02223 -0.15899 0.80359 0.16265 0.55001
1413394981405760512 -0.26738 0.36928 0.99594 -0.14840 0.80308 0.16779 0.55216
1413394981505760512 -0.34314 0.33707 0.97382 -0.13549 0.80226 0.17214 0.55533
1413394981605760512 -0.41477 0.30601 0.95472 -0.13000 0.80409 0.17140 0.55421
1413394981705760512 -0.48022 0.27628 0.93579 -0.12407 0.81026 0.16896 0.54730
1413394981805760256 -0.54407 0.24629 0.91582 -0.12100 0.81732 0.15790 0.54075
1413394981905760512 -0.59683 0.21698 0.89863 -0.11952 0.82229 0.14158 0.53806
1413394982005760512 -0.64181 0.18624 0.88429 -0.11741 0.82577 0.12105 0.53821
1413394982105760512 -0.67214 0.15460 0.87455 -0.11637 0.82703 0.09460 0.54179
1413394982205760512 -0.69300 0.11733 0.86844 -0.11538 0.82579 0.06433 0.54829
1413394982305760256 -0.70479 0.07195 0.86514 -0.11025 0.82517 0.03210 0.55309
1413394982405760512 -0.70930 0.01371 0.86531 -0.09781 0.82486 0.00200 0.55680
1413394982505760512 -0.70628 -0.05946 0.87244 -0.08371 0.82308 -0.02970 0.56093
1413394982605760512 -0.69710 -0.14846 0.88506 -0.06748 0.82105 -0.06090 0.56358
1413394982705760512 -0.68614 -0.25327 0.90072 -0.04615 0.81830 -0.08714 0.56627
1413394982805760256 -0.67503 -0.37325 0.91866 -0.02223 0.81470 -0.11119 0.56869
1413394982905760512 -0.66155 -0.50602 0.93804 0.00278 0.81082 -0.13346 0.56987
1413394983105760512 -0.63232 -0.79942 0.97964 0.05280 0.80429 -0.15807 0.57038
1413394983305760256 -0.59717 -1.10800 1.02604 0.07947 0.79944 -0.16205 0.57299
1413394983505760512 -0.56195 -1.41795 1.07320 0.10673 0.80281 -0.14145 0.56929
1413394983705760512 -0.52462 -1.70818 1.09363 0.12465 0.80517 -0.11878 0.56750
1413394983905760512 -0.48068 -1.96281 1.06957 0.13060 0.80461 -0.10862 0.56898
1413394984105760512 -0.42106 -2.16509 0.99923 0.12373 0.80526 -0.10281 0.57068
1413394984305760256 -0.35790 -2.32228 0.93046 0.11122 0.81099 -0.08700 0.56776
1413394984505760512 -0.28232 -2.43531 0.87065 0.10039 0.82182 -0.07489 0.55581
1413394984705760512 -0.18189 -2.49256 0.82537 0.08087 0.82823 -0.04818 0.55242
1413394984905760512 -0.06003 -2.51982 0.79525 0.04890 0.83123 -0.01367 0.55360
1413394985105760512 0.08175 -2.50925 0.78698 0.02053 0.82600 0.02877 0.56255
1413394985305760256 0.24131 -2.47680 0.79525 0.00045 0.82660 0.04840 0.56071
1413394985505760512 0.40146 -2.41300 0.85691 -0.05490 0.83309 0.02307 0.54992
1413394985705760512 0.60172 -2.37660 0.96662 -0.03528 0.82912 0.04362 0.55626
1413394985905760512 0.81340 -2.33720 1.04351 -0.00525 0.82521 0.06663 0.56086
1413394986105760512 1.03095 -2.27453 1.07210 0.00044 0.82336 0.06699 0.56355
1413394986305760256 1.25081 -2.18048 1.10388 -0.03424 0.82528 0.03662 0.56249
1413394986505760512 1.48094 -2.08694 1.15434 -0.04485 0.82535 0.02515 0.56227
1413394986705760512 1.71853 -2.00182 1.21578 -0.00959 0.82459 0.04927 0.56350
1413394986905760512 1.96629 -1.89823 1.27849 -0.00084 0.81924 0.05423 0.57088
1413394987105760512 2.21045 -1.77364 1.31768 -0.03369 0.81486 0.02772 0.57801
1413394987305760256 2.45227 -1.65398 1.31614 -0.03689 0.80928 0.02257 0.58583
1413394987505760512 2.67816 -1.54002 1.30656 0.00591 0.79708 0.05144 0.60166
1413394987705760512 2.88669 -1.39723 1.31534 0.01738 0.78429 0.05989 0.61726
1413394987905760512 3.04367 -1.21487 1.34756 0.01818 0.77294 0.05904 0.63147
1413394988105760512 3.13259 -0.99807 1.39613 0.00942 0.76339 0.05045 0.64390
1413394988305760256 3.15074 -0.75840 1.44802 -0.02793 0.76831 0.01654 0.63925
1413394988505760512 3.10402 -0.54348 1.48655 -0.04826 0.77858 -0.05006 0.62369
1413394988705760512 3.01328 -0.38521 1.49324 -0.00050 0.78448 -0.11322 0.60973
1413394988905760512 2.87899 -0.27022 1.47651 0.06403 0.77849 -0.14191 0.60804
1413394989105760512 2.70437 -0.16859 1.44670 0.10366 0.78002 -0.14621 0.59953
1413394989305760256 2.51915 -0.04975 1.42582 0.10855 0.78826 -0.14920 0.58702
1413394989505760512 2.31494 0.06954 1.40854 0.09180 0.79210 -0.15483 0.58324
1413394989705760512 2.12181 0.18813 1.36509 0.06979 0.79730 -0.15433 0.57934
1413394989905760512 1.93448 0.29471 1.28539 0.02061 0.81292 -0.12425 0.56859
1413394990105760512 1.75452 0.36652 1.18358 -0.01370 0.82618 -0.03727 0.56200
1413394990205760512 1.66698 0.39562 1.12229 -0.02930 0.82777 0.01507 0.56010
1413394990355760640 1.56183 0.43690 1.02699 -0.05464 0.82427 0.09224 0.55596
1413394990455760384 1.48646 0.48191 0.96670 -0.07246 0.82166 0.13136 0.54988
1413394990555760384 1.41866 0.52265 0.91004 -0.09132 0.81949 0.15461 0.54423
1413394990655760640 1.36102 0.56447 0.85642 -0.10569 0.81914 0.16678 0.53853
1413394990755760384 1.31031 0.60797 0.80674 -0.11302 0.81802 0.17293 0.53681
1413394990855760640 1.27172 0.65718 0.76013 -0.11527 0.81782 0.17486 0.53601
1413394990955760384 1.23768 0.70853 0.71881 -0.11491 0.81779 0.17334 0.53663
1413394991055760384 1.20955 0.76044 0.68268 -0.11138 0.81767 0.17104 0.53829
1413394991155760640 1.19082 0.81992 0.64954 -0.11464 0.81754 0.16205 0.54059
1413394991255760384 1.17754 0.88244 0.61787 -0.11531 0.81847 0.15145 0.54210
1413394991355760640 1.17586 0.94358 0.59022 -0.11087 0.82112 0.13526 0.54330
1413394991455760384 1.17821 1.00196 0.56499 -0.10134 0.82398 0.11392 0.54571
1413394991555760384 1.18172 1.05710 0.54404 -0.08757 0.82604 0.08969 0.54949
1413394991655760640 1.19567 1.10820 0.52840 -0.06943 0.82535 0.06698 0.55632
1413394991755760384 1.21818 1.15705 0.51607 -0.04989 0.81825 0.04753 0.57071
1413394991855760640 1.24351 1.20532 0.50413 -0.04024 0.80868 0.02956 0.58612
1413394991955760384 1.26933 1.25164 0.49299 -0.03729 0.80213 0.01465 0.59580
1413394992055760384 1.29261 1.29382 0.48105 -0.03755 0.80139 -0.00268 0.59695
1413394992155760640 1.31248 1.32901 0.46928 -0.03963 0.80487 -0.02353 0.59165
1413394992255760384 1.32759 1.35621 0.46053 -0.03515 0.81050 -0.04249 0.58313
1413394992355760640 1.34173 1.37348 0.45592 -0.01923 0.81315 -0.05698 0.57895
1413394992455760384 1.35851 1.38082 0.45515 0.00671 0.81337 -0.06611 0.57794
1413394992555760384 1.37433 1.38448 0.45710 0.03957 0.81371 -0.06589 0.57617
1413394992655760640 1.38819 1.38941 0.46172 0.05548 0.81033 -0.07035 0.57908
1413394992755760384 1.40162 1.39771 0.46614 0.05532 0.80563 -0.08182 0.58413
1413394992855760640 1.41166 1.40689 0.47090 0.05017 0.80295 -0.09938 0.58555
1413394992955760384 1.42212 1.41358 0.47396 0.04688 0.80224 -0.11393 0.58415
1413394993055760384 1.43007 1.41719 0.46920 0.04966 0.80267 -0.12078 0.58195
1413394993155760640 1.43704 1.41687 0.45230 0.05904 0.80419 -0.11941 0.57926
1413394993255760384 1.44342 1.41521 0.42559 0.06853 0.80591 -0.11465 0.57677
1413394993355760640 1.44887 1.41271 0.39199 0.07923 0.80688 -0.10714 0.57548
1413394993455760384 1.45466 1.41310 0.35921 0.08750 0.80770 -0.10008 0.57442
1413394993555760384 1.46187 1.41776 0.32869 0.09126 0.80798 -0.09491 0.57430
1413394993655760640 1.46850 1.42719 0.29883 0.08919 0.80804 -0.09600 0.57436
1413394993755760384 1.47807 1.43932 0.26601 0.08485 0.80581 -0.10822 0.57599
1413394993855760640 1.48631 1.45209 0.22633 0.08416 0.80321 -0.12950 0.57532
1413394993955760384 1.49567 1.46199 0.17648 0.08646 0.79884 -0.15787 0.57398
1413394994055760384 1.49982 1.46896 0.12753 0.09305 0.79216 -0.18942 0.57266
1413394994155760640 1.49955 1.47058 0.08506 0.10869 0.78445 -0.21768 0.57047
1413394994305760256 1.49198 1.46136 0.04506 0.14721 0.77199 -0.25344 0.56402
1413394994505760512 1.47138 1.44503 0.02655 0.20773 0.76310 -0.28127 0.54352
1413394994705760512 1.46519 1.44191 0.05412 0.23873 0.75535 -0.29427 0.53467
1413394994905760512 1.48566 1.45669 0.11797 0.24352 0.74616 -0.30053 0.54187
1413394995105760512 1.50606 1.50393 0.11907 0.22429 0.73995 -0.31078 0.55280
1413394995305760256 1.52422 1.55396 0.04939 0.19449 0.75165 -0.32518 0.53987
1413394995505760512 1.53358 1.58961 -0.03451 0.19251 0.76753 -0.32383 0.51863
1413394995705760512 1.56324 1.58269 -0.11182 0.20011 0.76289 -0.31767 0.52634
1413394995905760512 1.58809 1.57915 -0.16623 0.20509 0.74778 -0.31491 0.54736
1413394996105760512 1.60314 1.58316 -0.19073 0.21779 0.74001 -0.31042 0.55550
1413394996305760256 1.60073 1.58553 -0.20427 0.21885 0.74235 -0.30194 0.55665
1413394996505760512 1.60506 1.58187 -0.20758 0.21929 0.74703 -0.30152 0.55041
1413394996705760512 1.60580 1.57836 -0.21068 0.21814 0.74574 -0.30198 0.55235
1413394996905760512 1.60621 1.57318 -0.21261 0.21804 0.74505 -0.30188 0.55337
1413394997105760512 1.60696 1.57254 -0.21369 0.21786 0.74488 -0.30197 0.55363
1413394997305760256 1.60713 1.57225 -0.21404 0.21754 0.74495 -0.30208 0.55360
1413394997505760512 1.60648 1.57254 -0.21434 0.21758 0.74488 -0.30213 0.55365
1413394997705760512 1.60586 1.57316 -0.21462 0.21749 0.74489 -0.30216 0.55366
1413394997905760512 1.60608 1.57338 -0.21473 0.21748 0.74481 -0.30226 0.55372
1413394998105760512 1.60614 1.57341 -0.21509 0.21737 0.74472 -0.30234 0.55384
1413394998305760256 1.60619 1.57328 -0.21549 0.21727 0.74452 -0.30235 0.55414
