1413394888605760512 0.15955 0.17010 0.43111 0.00200 0.82637 0.01258 0.56298
1413394888705760512 0.20292 0.20279 0.44571 -0.00088 0.82442 0.01130 0.56586
1413394888805760256 0.24832 0.23309 0.44623 -0.00749 0.81830 0.00675 0.57470
1413394888905760512 0.28990 0.25756 0.44396 -0.01401 0.81332 0.00316 0.58164
1413394889005760512 0.33513 0.28349 0.45085 -0.01833 0.81063 0.00052 0.58527
1413394889105760512 0.37987 0.30578 0.45709 -0.02135 0.80856 -0.00186 0.58802
1413394889205760512 0.42488 0.32644 0.46742 -0.01636 0.80492 0.00160 0.59316
1413394889305760256 0.46516 0.34229 0.48282 -0.01187 0.78631 0.00433 0.61771
1413394889405760512 0.49521 0.35610 0.50440 -0.00899 0.75453 0.00672 0.65617
1413394889505760512 0.50675 0.36998 0.52753 -0.00539 0.73130 0.00904 0.68198
1413394889605760512 0.49234 0.38053 0.54345 -0.00201 0.74998 0.01008 0.66138
1413394889705760512 0.46102 0.39410 0.55818 0.00066 0.78988 0.00907 0.61319
1413394889805760256 0.41640 0.40431 0.57381 0.00203 0.82897 0.00754 0.55924
1413394889905760512 0.37913 0.41936 0.59090 0.00186 0.85661 0.00401 0.51595
1413394890005760512 0.35443 0.43266 0.60342 0.00114 0.87553 0.00068 0.48316
1413394890105760512 0.35164 0.44377 0.60820 -0.00138 0.88741 -0.00345 0.46096
1413394890205760512 0.37628 0.45269 0.61202 -0.00611 0.87759 -0.00841 0.47931
1413394890305760256 0.42754 0.45775 0.61041 -0.01601 0.85118 -0.01664 0.52436
1413394890405760512 0.49263 0.46073 0.60272 -0.02489 0.81681 -0.02389 0.57587
1413394890505760512 0.55800 0.45779 0.58985 -0.02728 0.78147 -0.02585 0.62281
1413394890605760512 0.61397 0.44771 0.57549 -0.02400 0.75250 -0.02159 0.65780
1413394890705760512 0.65024 0.43178 0.56288 -0.01463 0.73535 -0.01236 0.67742
1413394890805760256 0.65950 0.40969 0.54771 -0.00534 0.74397 -0.00299 0.66818
1413394890905760512 0.64462 0.38493 0.52845 -0.00307 0.78019 0.00024 0.62553
1413394891005760512 0.61688 0.36082 0.51063 0.00113 0.82219 0.00293 0.56921
1413394891105760512 0.58850 0.33745 0.49518 0.00448 0.85325 0.00444 0.52146
1413394891205760512 0.57241 0.31399 0.48350 0.00552 0.87148 0.00383 0.49039
1413394891305760256 0.58284 0.29191 0.47567 0.00766 0.87925 0.00487 0.47628
1413394891405760512 0.62299 0.27321 0.47453 0.01310 0.87260 0.00898 0.48818
1413394891505760512 0.68641 0.25967 0.47957 0.01542 0.85418 0.01105 0.51963
1413394891605760512 0.76240 0.24741 0.48593 0.01855 0.83413 0.01378 0.55109
1413394891705760512 0.84404 0.23727 0.49144 0.02147 0.82113 0.01571 0.57013
1413394891805760256 0.92850 0.22941 0.49938 0.02306 0.81524 0.01575 0.57845
1413394891905760512 1.00922 0.23002 0.52331 0.02632 0.80148 0.01805 0.59717
1413394892005760512 1.08411 0.23760 0.56143 0.02789 0.78395 0.02028 0.61987
1413394892105760512 1.15401 0.25075 0.59668 0.02445 0.77149 0.02644 0.63523
1413394892205760512 1.21153 0.27109 0.63011 0.01587 0.76721 0.04071 0.63990
1413394892305760256 1.26430 0.29583 0.65880 0.00122 0.76600 0.05945 0.64008
1413394892405760512 1.30197 0.32634 0.67374 -0.01704 0.76574 0.08172 0.63771
1413394892505760512 1.32399 0.36020 0.67309 -0.03864 0.76482 0.10618 0.63426
1413394892605760512 1.33439 0.39852 0.66831 -0.06222 0.76802 0.13379 0.62319
1413394892705760512 1.33648 0.43912 0.66697 -0.08778 0.77300 0.16440 0.60641
1413394892805760256 1.32428 0.48210 0.67050 -0.11433 0.77553 0.19828 0.58835
1413394892905760512 1.31139 0.52529 0.67974 -0.13855 0.77528 0.23184 0.57096
1413394893005760512 1.29037 0.56923 0.68782 -0.15707 0.77655 0.26472 0.54975
1413394893105760512 1.26808 0.61544 0.69923 -0.17077 0.77091 0.29839 0.53619
1413394893205760512 1.24329 0.66665 0.71089 -0.18414 0.76139 0.33071 0.52632
1413394893305760256 1.21799 0.72271 0.72492 -0.20178 0.74940 0.35514 0.52112
1413394893405760512 1.19579 0.78509 0.74216 -0.21265 0.73335 0.37092 0.52858
1413394893505760512 1.16270 0.84970 0.75971 -0.21781 0.71614 0.38816 0.53761
1413394893605760512 1.11821 0.91434 0.77157 -0.21844 0.70175 0.40175 0.54628
1413394893705760512 1.06458 0.98328 0.77402 -0.21090 0.68728 0.41245 0.55951
1413394893805760256 0.99944 1.05710 0.77135 -0.20598 0.67811 0.41465 0.57079
1413394893905760512 0.92026 1.13044 0.76134 -0.20944 0.67744 0.41009 0.57362
1413394894005760512 0.82396 1.20459 0.75284 -0.22290 0.67518 0.40708 0.57335
1413394894105760512 0.71689 1.27579 0.74015 -0.24253 0.66889 0.40947 0.57106
1413394894205760512 0.59729 1.34009 0.72151 -0.27587 0.66730 0.41189 0.55583
1413394894305760256 0.46406 1.40283 0.69959 -0.31023 0.66681 0.41936 0.53222
1413394894405760512 0.32628 1.45944 0.67595 -0.33624 0.66174 0.43396 0.51060
1413394894505760512 0.18912 1.50735 0.64797 -0.35231 0.65561 0.45407 0.48977
1413394894605760512 0.05493 1.54892 0.61552 -0.36466 0.64665 0.47430 0.47318
1413394894705760512 -0.07816 1.59052 0.58145 -0.37477 0.63308 0.49199 0.46551
1413394894805760256 -0.20659 1.62658 0.54515 -0.37707 0.62117 0.50789 0.46262
1413394894905760512 -0.33348 1.65930 0.51053 -0.37896 0.61665 0.51927 0.45441
1413394895005760512 -0.45730 1.68733 0.47727 -0.38556 0.62078 0.52131 0.44070
1413394895105760512 -0.57540 1.70694 0.44775 -0.38887 0.62568 0.52152 0.43050
1413394895205760512 -0.68730 1.72220 0.42410 -0.38848 0.63051 0.52104 0.42434
1413394895305760256 -0.79442 1.73909 0.40667 -0.38621 0.63180 0.51814 0.42801
1413394895405760512 -0.89282 1.75447 0.39477 -0.36900 0.62400 0.52489 0.44605
1413394895505760512 -0.99371 1.77390 0.39196 -0.35341 0.62066 0.52926 0.45801
1413394895605760512 -1.09607 1.78935 0.40253 -0.34567 0.62269 0.52882 0.46165
1413394895705760512 -1.19904 1.80622 0.42842 -0.34920 0.63062 0.52278 0.45506
1413394895805760256 -1.30225 1.82402 0.46728 -0.35452 0.63672 0.51771 0.44819
1413394895905760512 -1.40409 1.84461 0.50371 -0.35858 0.63828 0.51527 0.44556
1413394896005760512 -1.50333 1.87082 0.52706 -0.36100 0.63711 0.51473 0.44589
1413394896105760512 -1.60158 1.89903 0.53761 -0.36259 0.63638 0.51539 0.44488
1413394896205760512 -1.70135 1.92935 0.53810 -0.36253 0.63644 0.51638 0.44370
1413394896305760256 -1.80218 1.95993 0.52921 -0.37776 0.64392 0.50688 0.43098
1413394896405760512 -1.89668 1.98995 0.51702 -0.39523 0.65445 0.49441 0.41357
1413394896505760512 -1.97766 2.01820 0.50570 -0.40949 0.66292 0.48378 0.39852
1413394896605760512 -2.04365 2.04474 0.48710 -0.42522 0.67205 0.47073 0.38204
1413394896705760512 -2.08856 2.07103 0.45916 -0.44232 0.68052 0.45549 0.36576
1413394896805760256 -2.10673 2.09207 0.42299 -0.45766 0.68821 0.44045 0.35061
1413394896905760512 -2.09449 2.10730 0.38593 -0.46803 0.68881 0.42893 0.35001
1413394897005760512 -2.04588 2.11273 0.35251 -0.47521 0.68988 0.42209 0.34653
1413394897105760512 -1.95573 2.11222 0.32620 -0.47502 0.69214 0.42136 0.34315
1413394897205760512 -1.82792 2.10156 0.30857 -0.46759 0.68898 0.42836 0.35096
1413394897305760256 -1.66495 2.08789 0.29930 -0.43969 0.67628 0.45403 0.37839
1413394897405760512 -1.47863 2.07067 0.29654 -0.40670 0.65581 0.48209 0.41485
1413394897505760512 -1.28315 2.05365 0.29724 -0.38551 0.63975 0.49979 0.43854
1413394897605760512 -1.08686 2.03450 0.30040 -0.37435 0.63244 0.50930 0.44776
1413394897705760512 -0.89332 2.01457 0.30830 -0.37393 0.62650 0.51086 0.45464
1413394897805760256 -0.70420 1.99235 0.32040 -0.37594 0.62059 0.51077 0.46114
1413394897905760512 -0.52019 1.96704 0.33756 -0.37941 0.61608 0.50947 0.46577
1413394898005760512 -0.34173 1.93693 0.35904 -0.38079 0.61270 0.50907 0.46952
1413394898105760512 -0.17067 1.90326 0.38247 -0.37575 0.61279 0.51309 0.46909
1413394898205760512 -0.00768 1.86571 0.40825 -0.36872 0.60956 0.52017 0.47107
1413394898305760256 0.14510 1.82580 0.43812 -0.35717 0.59916 0.53128 0.48081
1413394898405760512 0.28404 1.78333 0.46814 -0.34642 0.58458 0.54753 0.48834
1413394898505760512 0.40367 1.73897 0.49803 -0.34272 0.57005 0.56681 0.48612
1413394898605760512 0.50184 1.69520 0.52897 -0.34247 0.55483 0.58828 0.47834
1413394898705760512 0.58024 1.65240 0.56162 -0.34310 0.54497 0.60505 0.46819
1413394898805760256 0.63759 1.61199 0.59511 -0.34295 0.54478 0.61731 0.45225
1413394898905760512 0.67411 1.57758 0.63117 -0.33506 0.53787 0.62979 0.44921
1413394899005760512 0.69225 1.54594 0.66822 -0.32453 0.53116 0.63984 0.45072
1413394899105760512 0.68546 1.52315 0.69654 -0.31978 0.53679 0.64383 0.44168
1413394899205760512 0.66026 1.50421 0.71466 -0.31775 0.54397 0.64545 0.43189
1413394899305760256 0.61377 1.50000 0.72328 -0.31715 0.54310 0.64657 0.43175
1413394899405760512 0.55016 1.49919 0.72299 -0.33296 0.54929 0.63806 0.42461
1413394899505760512 0.46800 1.51151 0.71011 -0.35975 0.55882 0.62773 0.40528
1413394899605760512 0.37565 1.53147 0.69024 -0.37953 0.55498 0.62977 0.38903
1413394899705760512 0.27356 1.55942 0.66851 -0.39302 0.54072 0.64236 0.37488
1413394899805760256 0.16326 1.59753 0.64903 -0.40814 0.51922 0.65840 0.36102
1413394899905760512 0.04654 1.64148 0.63199 -0.42858 0.49232 0.67197 0.34985
1413394900005760512 -0.07601 1.68894 0.62136 -0.45488 0.46931 0.68023 0.33184
1413394900105760512 -0.20214 1.73817 0.62634 -0.47954 0.44450 0.68731 0.31633
1413394900205760512 -0.32827 1.78961 0.64095 0.50417 -0.42130 -0.69130 -0.30072
1413394900305760256 -0.45154 1.83932 0.65249 0.52115 -0.39815 -0.69727 -0.28931
1413394900405760512 -0.56941 1.88465 0.65643 0.53335 -0.37107 -0.70491 -0.28450
1413394900505760512 -0.68366 1.92387 0.65185 0.53162 -0.34050 -0.72115 -0.28528
1413394900605760512 -0.79723 1.95333 0.64131 0.52668 -0.31033 -0.73705 -0.28820
1413394900705760512 -0.91366 1.97287 0.62812 0.52635 -0.27908 -0.74833 -0.29168
1413394900805760256 -1.03582 1.97501 0.62214 0.52807 -0.25099 -0.75909 -0.28622
1413394900905760512 -1.16625 1.95787 0.63111 0.53407 -0.22819 -0.76844 -0.26869
1413394901005760512 -1.30543 1.92256 0.65869 0.54368 -0.20063 -0.77536 -0.25095
1413394901105760512 -1.44908 1.86660 0.69443 0.55683 -0.17249 -0.77941 -0.22957
1413394901205760512 -1.59443 1.79311 0.72444 0.57690 -0.15017 -0.77817 -0.19768
1413394901305760256 -1.73546 1.70722 0.74534 0.59837 -0.13726 -0.77395 -0.15528
1413394901405760512 -1.87040 1.61489 0.76003 0.61825 -0.12930 -0.76745 -0.10985
1413394901505760512 -1.99547 1.52044 0.77009 0.63719 -0.11732 -0.75798 -0.07542
1413394901605760512 -2.10602 1.42626 0.76792 0.63915 -0.10071 -0.76077 -0.05071
1413394901705760512 -2.20197 1.33301 0.75523 0.62646 -0.07370 -0.77507 -0.03726
1413394901805760256 -2.28139 1.23964 0.74148 0.61757 -0.03517 -0.78508 -0.03186
1413394901905760512 -2.34666 1.14086 0.73548 0.61731 0.00861 -0.78632 -0.02372
1413394902005760512 -2.39485 1.03905 0.73583 0.61815 0.04854 -0.78453 -0.00746
1413394902105760512 -2.43331 0.93197 0.74160 0.61730 0.08135 -0.78238 0.01414
1413394902205760512 -2.46575 0.81679 0.74725 0.61788 0.10862 -0.77786 0.03685
1413394902305760256 -2.48614 0.69711 0.74493 0.62312 0.13415 -0.76830 0.05861
1413394902405760512 -2.48904 0.57768 0.73786 0.63301 0.15708 -0.75412 0.07699
1413394902505760512 -2.47602 0.45981 0.72552 0.63174 0.16539 -0.74924 0.11037
1413394902605760512 -2.44778 0.34907 0.71497 0.62360 0.15947 -0.75025 0.15107
1413394902705760512 -2.40738 0.24947 0.70723 0.60725 0.14846 -0.75803 0.18603
1413394902805760256 -2.36346 0.17073 0.70107 0.59083 0.13903 -0.76692 0.20839
1413394902905760512 -2.31898 0.10799 0.69651 0.57817 0.13988 -0.77672 0.20703
1413394903055760384 -2.25251 0.04735 0.67887 0.56899 0.14153 -0.78786 0.18838
1413394903255760384 -2.17038 0.01564 0.60890 0.53372 0.11502 -0.82098 0.16706
1413394903455760384 -2.11981 0.02092 0.52449 0.54726 0.09215 -0.82317 0.12002
1413394903605760512 -2.09664 0.04127 0.49172 0.57206 0.08237 -0.81052 0.09492
1413394903705760512 -2.08560 0.06041 0.48921 0.58097 0.08111 -0.80579 0.08123
1413394903805760256 -2.08100 0.07733 0.50303 0.58451 0.08301 -0.80422 0.06847
1413394903905760512 -2.09928 0.10443 0.54762 0.58390 0.09182 -0.80507 0.04996
1413394904005760512 -2.11027 0.11149 0.57088 0.58143 0.08570 -0.80825 0.03630
1413394904105760512 -2.11126 0.12400 0.57819 0.57307 0.05980 -0.81654 0.03586
1413394904205760512 -2.11414 0.13573 0.57476 0.56093 0.02633 -0.82681 0.03250
1413394904305760256 -2.12459 0.15266 0.55946 0.54694 -0.00644 -0.83695 0.01830
1413394904405760512 -2.13832 0.16959 0.53637 0.53580 -0.04153 -0.84331 -0.00388
1413394904505760512 -2.15942 0.19909 0.51499 0.53268 -0.07476 -0.84233 -0.03394
1413394904605760512 -2.19178 0.22741 0.49212 0.54438 -0.10949 -0.82906 -0.06575
1413394904705760512 -2.23143 0.25623 0.47487 0.55789 -0.14581 -0.81153 -0.09444
1413394904805760256 -2.27345 0.28634 0.46204 0.56537 -0.17909 -0.79549 -0.12441
1413394904905760512 -2.31374 0.31388 0.45339 0.57203 -0.21147 -0.77723 -0.15483
1413394905005760512 -2.35021 0.33937 0.45024 0.58577 -0.24208 -0.75116 -0.18445
1413394905105760512 -2.37858 0.35502 0.44761 0.59996 -0.27306 -0.72209 -0.20995
1413394905205760512 -2.39366 0.36537 0.44767 0.59681 -0.30835 -0.70684 -0.22162
1413394905305760256 -2.39762 0.36624 0.43843 0.56163 -0.34924 -0.71844 -0.21552
1413394905405760512 -2.39337 0.36392 0.43103 0.50472 -0.38566 -0.74666 -0.19752
1413394905505760512 -2.38695 0.37038 0.42673 -0.45093 0.40848 0.77194 0.18419
1413394905605760512 -2.38887 0.40204 0.42755 -0.41682 0.41678 0.78704 0.18203
1413394905705760512 -2.41430 0.47065 0.44322 -0.43627 0.39846 0.77819 0.21287
1413394905805760256 -2.45082 0.55328 0.46779 -0.49294 0.37125 0.74575 0.25109
1413394905905760512 -2.49392 0.63529 0.49509 0.55504 -0.34203 -0.70352 -0.28284
1413394906005760512 -2.53337 0.70301 0.52163 0.60240 -0.32075 -0.66709 -0.29871
1413394906105760512 -2.55637 0.74409 0.54893 0.63665 -0.31200 -0.63953 -0.29721
1413394906205760512 -2.55704 0.76249 0.57707 0.64660 -0.32519 -0.63267 -0.27547
1413394906305760256 -2.53475 0.76513 0.60332 0.61546 -0.35555 -0.65828 -0.24788
1413394906405760512 -2.49248 0.75962 0.62137 0.56589 -0.38733 -0.68948 -0.23317
1413394906505760512 -2.43716 0.75391 0.63199 -0.49978 0.41330 0.72357 0.23633
1413394906605760512 -2.38019 0.75473 0.63458 -0.44321 0.43813 0.74289 0.24437
1413394906705760512 -2.33313 0.77363 0.63555 -0.42081 0.45388 0.73824 0.26817
1413394906805760256 -2.30157 0.80680 0.63607 -0.44471 0.45599 0.70542 0.31094
1413394906905760512 -2.27271 0.84243 0.63225 -0.48650 0.44528 0.66012 0.35955
1413394907005760512 -2.25156 0.87066 0.62930 0.52825 -0.42813 -0.61350 -0.40158
1413394907105760512 -2.22879 0.86985 0.62833 0.56290 -0.41727 -0.57128 -0.42740
1413394907205760512 -2.20017 0.83762 0.62244 0.56375 -0.42864 -0.56844 -0.41873
1413394907305760256 -2.16415 0.77321 0.61309 0.53021 -0.46161 -0.59804 -0.38490
1413394907405760512 -2.11650 0.69518 0.59961 -0.48507 0.50786 0.63183 0.32799
1413394907505760512 -2.06690 0.61091 0.58166 -0.45376 0.56308 0.64012 0.25940
1413394907605760512 -2.00534 0.54450 0.55980 -0.42705 0.60372 0.63640 0.21941
1413394907705760512 -1.92735 0.50999 0.53963 -0.40557 0.61374 0.63557 0.23428
1413394907805760256 -1.83790 0.50884 0.52629 -0.41022 0.58376 0.62974 0.30720
1413394907905760512 -1.74799 0.52098 0.50711 -0.43465 0.53918 0.61028 0.38461
1413394908005760512 -1.64539 0.57108 0.47436 -0.46288 0.50106 0.59217 0.42897
1413394908105760512 -1.55876 0.59095 0.43707 -0.47420 0.48431 0.59213 0.43585
1413394908205760512 -1.47489 0.59229 0.39576 -0.44960 0.49845 0.62033 0.40570
1413394908305760256 -1.40382 0.57996 0.35077 -0.40724 0.52118 0.65288 0.36915
1413394908405760512 -1.34383 0.57295 0.31222 -0.37457 0.54096 0.67539 0.33302
1413394908505760512 -1.30005 0.58692 0.29109 -0.36089 0.55835 0.68366 0.30101
1413394908605760512 -1.26820 0.63320 0.29836 -0.37629 0.54797 0.67969 0.31008
1413394908705760512 -1.26388 0.70514 0.33367 -0.42203 0.51317 0.65815 0.35410
1413394908805760256 -1.24993 0.76768 0.37677 -0.46966 0.47456 0.62956 0.39733
1413394908905760512 -1.23643 0.81314 0.42853 0.50977 -0.44634 -0.60156 -0.42312
1413394909005760512 -1.23687 0.83586 0.48833 0.54337 -0.43525 -0.57800 -0.42569
1413394909105760512 -1.22444 0.83568 0.54493 0.53757 -0.45447 -0.58855 -0.39761
1413394909205760512 -1.20402 0.82227 0.59155 0.50115 -0.48941 -0.61718 -0.35834
1413394909305760256 -1.17444 0.80232 0.62902 -0.45057 0.52684 0.64240 0.32672
1413394909405760512 -1.14079 0.78813 0.65805 -0.41842 0.56176 0.64322 0.30921
1413394909505760512 -1.10520 0.78734 0.68239 -0.41413 0.58351 0.62126 0.31946
1413394909605760512 -1.06612 0.80336 0.70393 -0.43305 0.59280 0.58489 0.34492
1413394909705760512 -1.01868 0.82140 0.73097 -0.45294 0.59062 0.55219 0.37564
1413394909805760256 -0.96341 0.83687 0.76495 -0.46863 0.57080 0.52748 0.41992
1413394909905760512 -0.90204 0.84688 0.79313 -0.47988 0.54816 0.51021 0.45708
1413394910005760512 -0.83468 0.83666 0.81649 -0.46059 0.54777 0.52439 0.46133
1413394910105760512 -0.77326 0.80676 0.83341 -0.42006 0.56748 0.55480 0.44013
1413394910205760512 -0.71629 0.76888 0.84242 -0.38402 0.59336 0.58069 0.40403
1413394910305760256 -0.66598 0.73469 0.84084 -0.35537 0.61491 0.60004 0.36816
1413394910405760512 -0.61903 0.71820 0.82989 -0.33927 0.62820 0.61093 0.34208
1413394910505760512 -0.57534 0.71754 0.81385 -0.33851 0.62722 0.61389 0.33933
1413394910605760512 -0.52726 0.74212 0.80390 -0.37142 0.59996 0.59925 0.37816
1413394910705760512 -0.48128 0.78289 0.79646 -0.42275 0.56242 0.56863 0.42618
1413394910805760256 -0.43888 0.81465 0.78866 -0.46786 0.53425 0.53749 0.45474
1413394910905760512 -0.39552 0.82836 0.77518 -0.49573 0.52113 0.51893 0.46195
1413394911005760512 -0.35078 0.81637 0.76101 0.51202 -0.52044 -0.51084 -0.45390
1413394911105760512 -0.30033 0.77697 0.74000 -0.48685 0.53966 0.53598 0.42949
1413394911205760512 -0.24410 0.71899 0.71533 -0.43174 0.56493 0.57812 0.40029
1413394911305760256 -0.18706 0.65826 0.68864 -0.38475 0.58682 0.60794 0.37151
1413394911405760512 -0.12985 0.60798 0.65825 -0.35201 0.60243 0.62360 0.35255
1413394911505760512 -0.07746 0.57943 0.62369 -0.33755 0.60905 0.62861 0.34638
1413394911605760512 -0.03197 0.57286 0.58652 -0.34901 0.60464 0.61692 0.36332
1413394911705760512 0.01016 0.58254 0.55408 -0.38578 0.58391 0.58780 0.40586
1413394911805760256 0.04433 0.59731 0.52862 -0.42646 0.55510 0.55414 0.45047
1413394911905760512 0.07224 0.59420 0.51314 -0.45126 0.53537 0.52980 0.47860
1413394912005760512 0.09497 0.57300 0.50170 -0.43883 0.54479 0.53555 0.47309
1413394912105760512 0.11526 0.54128 0.49611 -0.40176 0.57628 0.56031 0.43879
1413394912205760512 0.13262 0.50101 0.49546 -0.36239 0.60689 0.57839 0.40721
1413394912305760256 0.14564 0.47382 0.50006 -0.33371 0.62905 0.58157 0.39333
1413394912405760512 0.15772 0.46051 0.50653 -0.31762 0.64741 0.57101 0.39233
1413394912505760512 0.16580 0.46904 0.51975 -0.31480 0.66384 0.54775 0.40023
1413394912605760512 0.17207 0.49745 0.54144 -0.32656 0.67257 0.51407 0.42040
1413394912705760512 0.17704 0.53268 0.56670 -0.33996 0.67835 0.47784 0.44264
1413394912805760256 0.18603 0.57466 0.59437 -0.34475 0.68575 0.44949 0.45701
1413394912905760512 0.19876 0.61784 0.61744 -0.34171 0.69080 0.43483 0.46578
1413394913005760512 0.21485 0.66191 0.64045 -0.32445 0.68992 0.43602 0.47815
1413394913105760512 0.23096 0.70499 0.66495 -0.31048 0.68673 0.43950 0.48873
1413394913205760512 0.24210 0.74893 0.68919 -0.30622 0.68204 0.44544 0.49258
1413394913305760256 0.24768 0.79431 0.71481 -0.31456 0.67080 0.45660 0.49254
1413394913405760512 0.24632 0.84199 0.74289 -0.33126 0.65167 0.47373 0.49109
1413394913505760512 0.23688 0.89073 0.75889 -0.34673 0.62734 0.50089 0.48511
1413394913605760512 0.22026 0.93628 0.76311 -0.35656 0.59670 0.53578 0.47933
1413394913705760512 0.19243 0.98047 0.75539 -0.36453 0.56697 0.57285 0.46638
1413394913805760256 0.15281 1.01810 0.73297 -0.37739 0.54589 0.60633 0.43811
1413394913905760512 0.10099 1.05922 0.70047 -0.39926 0.53080 0.63043 0.40176
1413394914005760512 0.04106 1.09951 0.66167 -0.42578 0.51325 0.64738 0.36902
1413394914105760512 -0.02246 1.13977 0.61891 -0.44692 0.48861 0.66456 0.34624
1413394914205760512 -0.09059 1.18360 0.58445 -0.46090 0.45492 0.68489 0.33398
1413394914305760256 -0.16364 1.22499 0.56511 -0.47203 0.41906 0.70547 0.32231
1413394914405760512 -0.24636 1.26430 0.56215 -0.48188 0.38349 0.72392 0.31090
1413394914505760512 -0.33826 1.30041 0.57409 -0.49206 0.35203 0.73821 0.29833
1413394914605760512 -0.43814 1.33143 0.59292 0.50430 -0.33582 -0.74608 -0.27618
1413394914705760512 -0.54557 1.35831 0.60057 0.51741 -0.32614 -0.74976 -0.25254
1413394914805760256 -0.65609 1.37958 0.59961 0.52859 -0.31578 -0.75315 -0.23161
1413394914905760512 -0.76564 1.39635 0.58862 0.53469 -0.29861 -0.75888 -0.22144
1413394915005760512 -0.87316 1.40895 0.56555 0.54060 -0.27462 -0.76442 -0.21907
1413394915105760512 -0.98089 1.41065 0.53685 0.54738 -0.24164 -0.77021 -0.22083
1413394915205760512 -1.08987 1.40123 0.51083 0.54863 -0.20489 -0.78055 -0.21857
1413394915305760256 -1.20328 1.37826 0.48926 0.55129 -0.16736 -0.78972 -0.21071
1413394915405760512 -1.32086 1.33697 0.47109 0.55778 -0.13191 -0.79493 -0.19890
1413394915505760512 -1.44238 1.27775 0.45689 0.56659 -0.09826 -0.79715 -0.18405
1413394915605760512 -1.56755 1.19800 0.44636 0.58589 -0.07413 -0.79349 -0.14699
1413394915705760512 -1.69062 1.10083 0.43716 0.60640 -0.05631 -0.78778 -0.09226
1413394915805760256 -1.80330 0.99280 0.43177 0.62345 -0.02861 -0.77998 -0.04607
1413394915905760512 -1.90273 0.88057 0.43139 0.64023 0.00596 -0.76808 -0.01101
1413394916005760512 -1.98846 0.76775 0.43297 0.64690 0.03890 -0.76136 0.01837
1413394916105760512 -2.05344 0.65454 0.43710 0.64889 0.06593 -0.75665 0.04559
1413394916205760512 -2.10120 0.54332 0.44017 0.63367 0.09042 -0.76545 0.06622
1413394916305760256 -2.13576 0.43345 0.44384 0.60819 0.11461 -0.78104 0.08326
1413394916405760512 -2.15869 0.32574 0.44804 0.58524 0.12936 -0.79220 0.11482
1413394916505760512 -2.17404 0.22173 0.44267 0.56401 0.13520 -0.79873 0.16014
1413394916605760512 -2.18717 0.12710 0.42928 0.55397 0.13611 -0.79279 0.21463
1413394916705760512 -2.21076 0.04871 0.40267 0.54307 0.14999 -0.78374 0.26141
1413394916855760640 -2.25686 -0.02601 0.34434 0.52104 0.21544 -0.77538 0.28440
1413394917055760384 -2.34872 -0.07772 0.23883 -0.49681 -0.32727 0.75461 -0.27684
1413394917255760384 -2.46698 -0.11678 0.13257 -0.46974 -0.43129 0.72008 -0.27354
1413394917455760384 -2.60156 -0.18979 0.03871 -0.44750 -0.48737 0.69242 -0.28771
1413394917655760640 -2.74412 -0.31822 -0.03695 -0.46505 -0.51197 0.66107 -0.29085
1413394917855760640 -2.84933 -0.49375 -0.07306 -0.49061 -0.52423 0.63782 -0.27869
1413394918055760384 -2.88188 -0.70768 -0.08250 -0.49135 -0.54497 0.61991 -0.27800
1413394918255760384 -2.85081 -0.95765 -0.11934 -0.44478 -0.54039 0.62772 -0.34076
1413394918455760384 -2.78938 -1.21283 -0.14589 -0.38074 -0.53607 0.63746 -0.40164
1413394918655760640 -2.76007 -1.48483 -0.15831 -0.36610 -0.56579 0.60390 -0.42562
1413394918855760640 -2.77410 -1.77338 -0.16360 0.38548 0.61038 -0.54549 0.42577
1413394919055760384 -2.78273 -2.03891 -0.12392 0.39926 0.62212 -0.49436 0.45734
1413394919255760384 -2.76757 -2.24991 -0.01807 0.37770 0.62977 -0.45569 0.50307
1413394919455760384 -2.75020 -2.40716 0.11697 0.37658 0.65697 -0.38978 0.52407
1413394919655760640 -2.72635 -2.47366 0.24702 0.33353 0.71314 -0.35523 0.50399
1413394919855760640 -2.67632 -2.51390 0.33415 0.24217 0.75200 -0.35294 0.50129
1413394920055760384 -2.60139 -2.55713 0.38641 0.17774 0.78594 -0.31104 0.50395
1413394920255760384 -2.49893 -2.64872 0.38887 0.13014 0.81665 -0.24334 0.50689
1413394920455760384 -2.36504 -2.74445 0.35684 0.12025 0.82663 -0.15987 0.52598
1413394920655760640 -2.19254 -2.82498 0.32559 0.13270 0.82579 -0.09111 0.54053
1413394920855760640 -1.99698 -2.86127 0.31076 0.13043 0.83009 -0.07292 0.53723
1413394921055760384 -1.76157 -2.85402 0.27403 0.10976 0.83212 -0.09494 0.53528
1413394921255760384 -1.50153 -2.82124 0.21759 0.07653 0.81657 -0.13915 0.55497
1413394921455760384 -1.24078 -2.80057 0.12434 0.01305 0.80736 -0.20882 0.55172
1413394921655760640 -0.98174 -2.84850 0.00474 0.05999 0.81255 -0.19469 0.54614
1413394921855760640 -0.71912 -2.94182 -0.10693 0.12626 0.80046 -0.14580 0.56751
1413394922055760384 -0.46359 -3.00706 -0.18431 0.08433 0.77391 -0.12113 0.61586
1413394922255760384 -0.26277 -3.06228 -0.20576 0.04554 0.79147 -0.06495 0.60604
1413394922455760384 -0.08477 -3.10497 -0.16477 0.04866 0.81821 0.00202 0.57285
1413394922655760640 0.09423 -3.11937 -0.06452 0.01090 0.82355 0.00791 0.56708
1413394922855760640 0.28849 -3.12304 0.03763 -0.01305 0.83402 0.00240 0.55157
1413394923055760384 0.49170 -3.13112 0.13942 -0.01388 0.84234 0.00249 0.53876
1413394923255760384 0.70865 -3.13429 0.21329 0.00966 0.83321 0.01598 0.55263
1413394923455760384 0.94677 -3.12075 0.29192 0.00386 0.83116 0.01860 0.55571
1413394923655760640 1.20884 -3.08482 0.36662 -0.02203 0.83743 0.04679 0.54409
1413394923855760640 1.49494 -3.03273 0.42062 -0.03972 0.82045 0.10711 0.56018
1413394924055760384 1.78318 -2.95176 0.42651 -0.07465 0.80333 0.16226 0.56812
1413394924255760384 2.04817 -2.84504 0.42056 -0.13722 0.79228 0.20326 0.55870
1413394924455760384 2.29763 -2.73298 0.42228 -0.19563 0.77832 0.24907 0.54214
1413394924655760640 2.55882 -2.62557 0.43697 -0.22616 0.75362 0.31193 0.53255
1413394924855760640 2.80770 -2.51709 0.46032 -0.24562 0.71183 0.38040 0.53690
1413394924955760384 2.91781 -2.46194 0.47626 -0.25021 0.68641 0.40972 0.54623
1413394925055760384 3.01825 -2.40642 0.49501 -0.24900 0.66483 0.43215 0.55609
1413394925155760640 3.09647 -2.35149 0.51291 -0.24807 0.66020 0.45115 0.54687
1413394925255760384 3.15242 -2.29290 0.53664 -0.24415 0.65612 0.47208 0.53575
1413394925355760640 3.18076 -2.23069 0.55663 -0.24142 0.65006 0.48833 0.52978
1413394925455760384 3.19428 -2.16032 0.56597 -0.24980 0.65006 0.49154 0.52289
1413394925555760384 3.18889 -2.08549 0.56491 -0.26172 0.65346 0.48858 0.51554
1413394925655760640 3.17362 -2.00145 0.55282 -0.27310 0.65620 0.48618 0.50839
1413394925755760384 3.14585 -1.91033 0.53675 -0.29557 0.66650 0.47337 0.49430
1413394925855760640 3.11149 -1.81100 0.52308 -0.31175 0.67557 0.46169 0.48297
1413394925955760384 3.07368 -1.71403 0.51068 -0.32079 0.67909 0.45795 0.47562
1413394926055760384 3.03603 -1.61534 0.50058 -0.31965 0.67543 0.46590 0.47387
1413394926155760640 2.99611 -1.51700 0.49041 -0.31178 0.66931 0.47795 0.47580
1413394926255760384 2.95395 -1.41607 0.48188 -0.30456 0.66436 0.48823 0.47698
1413394926355760640 2.90622 -1.31147 0.47346 -0.30756 0.66864 0.48935 0.46783
1413394926455760384 2.85429 -1.19991 0.46617 -0.31135 0.67358 0.48974 0.45772
1413394926555760384 2.80113 -1.08190 0.46108 -0.32284 0.67123 0.49317 0.44945
1413394926655760640 2.74549 -0.95729 0.45971 -0.34623 0.66321 0.49995 0.43626
1413394926755760384 2.69231 -0.82954 0.45903 -0.38144 0.65348 0.50637 0.41359
1413394926855760640 2.64481 -0.69924 0.45929 -0.41864 0.64307 0.51364 0.38389
1413394926955760384 2.60975 -0.57294 0.45914 -0.44641 0.62954 0.52544 0.35821
1413394927055760384 2.59618 -0.44839 0.45120 -0.45848 0.61212 0.54201 0.34834
1413394927155760640 2.60072 -0.32411 0.43303 -0.44823 0.58545 0.56915 0.36387
1413394927255760384 2.61700 -0.20418 0.41329 -0.43520 0.56100 0.59123 0.38252
1413394927355760640 2.63699 -0.08605 0.40436 -0.42439 0.54865 0.60531 0.39049
1413394927455760384 2.65394 0.03428 0.40891 -0.42100 0.54773 0.61089 0.38673
1413394927555760384 2.66701 0.15433 0.42660 -0.41998 0.55195 0.61250 0.37923
1413394927655760640 2.67829 0.27313 0.46078 -0.42198 0.55375 0.61151 0.37597
1413394927755760384 2.68585 0.38704 0.49869 -0.42472 0.55183 0.61253 0.37404
1413394927855760640 2.69304 0.49734 0.53250 -0.42552 0.54554 0.61488 0.37847
1413394927955760384 2.69817 0.61485 0.55456 -0.42569 0.54419 0.61645 0.37767
1413394928055760384 2.70206 0.72693 0.56930 -0.42734 0.53997 0.61672 0.38140
1413394928155760640 2.70302 0.84605 0.57606 -0.42699 0.52774 0.61774 0.39695
1413394928255760384 2.69808 0.96172 0.57655 -0.43148 0.51415 0.61433 0.41482
1413394928355760640 2.68602 1.06529 0.57717 -0.43677 0.50534 0.60903 0.42773
1413394928455760384 2.66557 1.16394 0.57929 -0.44295 0.51102 0.60390 0.42185
1413394928555760384 2.63997 1.24640 0.58135 -0.44882 0.52380 0.59877 0.40702
1413394928655760640 2.61112 1.32595 0.58742 -0.45016 0.53346 0.59611 0.39678
1413394928755760384 2.58335 1.40139 0.59423 -0.44832 0.53807 0.59544 0.39362
1413394928855760640 2.55600 1.47322 0.59854 -0.44344 0.53800 0.59704 0.39681
1413394928955760384 2.52734 1.54055 0.59526 -0.43674 0.53518 0.60005 0.40347
1413394929055760384 2.49597 1.60484 0.58215 -0.43643 0.53512 0.59902 0.40540
1413394929155760640 2.46241 1.66162 0.56588 -0.44401 0.53189 0.59269 0.41068
1413394929255760384 2.42735 1.70944 0.55157 -0.45398 0.53092 0.58505 0.41200
1413394929355760640 2.39296 1.74680 0.54128 -0.46508 0.53408 0.57704 0.40681
1413394929455760384 2.36177 1.77616 0.53437 -0.46714 0.53945 0.57553 0.39943
1413394929555760384 2.33520 1.79748 0.52851 -0.45740 0.55006 0.58288 0.38532
1413394929655760640 2.31377 1.81499 0.52506 -0.44376 0.55803 0.59213 0.37558
1413394929755760384 2.29504 1.83188 0.52409 -0.43299 0.55820 0.59897 0.37705
1413394929855760640 2.27852 1.85200 0.51727 -0.42942 0.55528 0.60086 0.38240
1413394929955760384 2.26183 1.87130 0.50286 -0.43558 0.55000 0.59586 0.39079
1413394930055760384 2.24610 1.88780 0.47896 -0.44333 0.54236 0.58957 0.40213
1413394930155760640 2.23114 1.89884 0.44959 -0.44934 0.53512 0.58431 0.41270
1413394930255760384 2.21434 1.90458 0.42471 -0.45908 0.52705 0.57655 0.42315
1413394930355760640 2.19593 1.89884 0.40424 -0.47252 0.52952 0.56668 0.41858
1413394930455760384 2.18028 1.88188 0.38083 -0.45978 0.55163 0.57671 0.38951
1413394930555760384 2.17071 1.86029 0.35181 -0.43000 0.58131 0.59642 0.34850
1413394930655760640 2.16678 1.84145 0.31273 -0.39877 0.60676 0.61303 0.31147
1413394930755760384 2.16976 1.84169 0.27145 -0.37601 0.60720 0.62685 0.31142
1413394930855760640 2.17603 1.86636 0.23430 -0.38260 0.58639 0.62440 0.34625
1413394930955760384 2.18003 1.90541 0.20294 -0.40931 0.56027 0.60724 0.38707
1413394931055760384 2.18107 1.94895 0.18085 -0.43462 0.53966 0.58850 0.41658
1413394931155760640 2.17831 1.98405 0.16837 -0.44594 0.53015 0.57864 0.43041
1413394931255760384 2.17442 2.00820 0.17603 -0.45242 0.52619 0.57263 0.43651
1413394931355760640 2.16506 2.02005 0.20466 -0.46100 0.52096 0.56410 0.44482
1413394931455760384 2.15065 2.00920 0.24506 -0.45820 0.52688 0.56492 0.43967
1413394931555760384 2.13569 1.99065 0.27276 -0.43491 0.54389 0.58077 0.42160
1413394931655760640 2.11916 1.96678 0.29087 -0.41577 0.55208 0.59562 0.40936
1413394931755760384 2.09684 1.93722 0.30210 -0.40184 0.54372 0.61461 0.40638
1413394931855760640 2.06356 1.90632 0.30771 -0.39710 0.52443 0.63611 0.40331
1413394931955760384 2.01793 1.88128 0.30641 -0.41124 0.50744 0.65217 0.38478
1413394932055760384 1.96193 1.85756 0.30991 -0.44136 0.48460 0.66235 0.36284
1413394932155760640 1.89505 1.83307 0.32883 -0.47915 0.45675 0.66863 0.33871
1413394932255760384 1.82585 1.80691 0.35989 0.51511 -0.43112 -0.67407 -0.30729
1413394932355760640 1.76053 1.77835 0.40022 0.54553 -0.40013 -0.68079 -0.28075
1413394932455760384 1.70213 1.74449 0.43912 0.56894 -0.36291 -0.68857 -0.26545
1413394932555760384 1.65424 1.70589 0.46814 0.58619 -0.32577 -0.69742 -0.25270
1413394932655760640 1.61965 1.65857 0.48600 0.59541 -0.29230 -0.70960 -0.23775
1413394932755760384 1.59398 1.60479 0.49487 0.59447 -0.26485 -0.72712 -0.21854
1413394932855760640 1.58029 1.54301 0.50309 0.58107 -0.24572 -0.75143 -0.19321
1413394932955760384 1.57253 1.47609 0.51197 0.56605 -0.23029 -0.77348 -0.16819
1413394933055760384 1.56564 1.40938 0.51603 0.55782 -0.21433 -0.78846 -0.14570
1413394933155760640 1.55692 1.34365 0.51279 0.55623 -0.19367 -0.79796 -0.12786
1413394933255760384 1.54828 1.27852 0.50211 0.56277 -0.17108 -0.80108 -0.11089
1413394933355760640 1.53780 1.21615 0.48069 0.57057 -0.14658 -0.80207 -0.09818
1413394933455760384 1.52538 1.15649 0.44815 0.57744 -0.12426 -0.80236 -0.08565
1413394933555760384 1.51378 1.09537 0.40610 0.58235 -0.10412 -0.80302 -0.07202
1413394933655760640 1.50155 1.03655 0.36254 0.59095 -0.08362 -0.80029 -0.05761
1413394933755760384 1.49119 0.97952 0.32353 0.60331 -0.06442 -0.79367 -0.04430
1413394933855760640 1.48710 0.92268 0.28900 0.60963 -0.04983 -0.79039 -0.03405
1413394933955760384 1.48921 0.86640 0.25487 0.60051 -0.03405 -0.79854 -0.02376
1413394934055760384 1.49513 0.80896 0.22354 0.58788 -0.01578 -0.80873 -0.00979
1413394934155760640 1.50041 0.74897 0.20076 0.59270 0.00524 -0.80538 0.00662
1413394934255760384 1.50612 0.69055 0.17473 0.60178 0.02893 -0.79776 0.02452
1413394934355760640 1.51604 0.63176 0.13560 0.59901 0.05510 -0.79759 0.04476
1413394934455760384 1.53163 0.57380 0.08330 0.58759 0.07616 -0.80249 0.07031
1413394934555760384 1.54741 0.52197 0.02096 0.57935 0.09511 -0.80500 0.08528
1413394934655760640 1.56329 0.47542 -0.04070 0.57518 0.11356 -0.80506 0.09029
1413394934755760384 1.58385 0.42790 -0.09144 0.57467 0.12317 -0.80319 0.09729
1413394934855760640 1.60543 0.38458 -0.12566 0.57680 0.12762 -0.80036 0.10217
1413394934955760384 1.62480 0.34441 -0.14188 0.57798 0.12935 -0.79890 0.10472
1413394935055760384 1.64225 0.31023 -0.13659 0.58313 0.12741 -0.79513 0.10718
1413394935155760640 1.65912 0.27804 -0.12550 0.59015 0.11842 -0.79119 0.10825
1413394935255760384 1.67584 0.25175 -0.11804 0.59693 0.10733 -0.78834 0.10328
1413394935355760640 1.70009 0.22690 -0.12359 0.60591 0.09926 -0.78352 0.09544
1413394935455760384 1.72825 0.20349 -0.14048 0.61014 0.09430 -0.78192 0.08627
1413394935555760384 1.75940 0.18279 -0.17012 0.60280 0.09139 -0.78890 0.07691
1413394935655760640 1.79956 0.16368 -0.20243 0.59500 0.08860 -0.79581 0.06939
1413394935755760384 1.84084 0.14507 -0.22345 0.59311 0.08585 -0.79798 0.06385
1413394935855760640 1.88030 0.12649 -0.22757 0.59536 0.08286 -0.79682 0.06129
1413394935955760384 1.92694 0.10861 -0.22694 0.59180 0.08001 -0.79990 0.05947
1413394936055760384 1.97516 0.08857 -0.23877 0.57739 0.08348 -0.81007 0.05866
1413394936205760512 2.04899 0.05493 -0.27705 0.55128 0.10737 -0.82425 0.07191
1413394936305760256 2.09386 0.02767 -0.30656 0.55496 0.13824 -0.81523 0.09114
1413394936505760512 2.17864 -0.04254 -0.35947 0.56753 0.22660 -0.77816 0.14504
1413394936705760512 2.26780 -0.12629 -0.39435 0.54665 0.31538 -0.75058 0.19582
1413394936905760512 2.37617 -0.21505 -0.41886 0.52050 0.37699 -0.72848 0.23721
1413394937105760512 2.49625 -0.32129 -0.43449 -0.48879 -0.43901 0.70444 -0.26853
1413394937255760384 2.59382 -0.41865 -0.44991 -0.46556 -0.47691 0.68497 -0.29433
1413394937355760640 2.65342 -0.49189 -0.46055 -0.44787 -0.48927 0.67978 -0.31293
1413394937555760384 2.75563 -0.65665 -0.47307 -0.43843 -0.49900 0.66883 -0.33383
1413394937755760384 2.81495 -0.84813 -0.48152 -0.44241 -0.49353 0.66499 -0.34423
1413394937955760384 2.86233 -1.03437 -0.47803 -0.44317 -0.47131 0.67974 -0.34558
1413394938155760640 2.86696 -1.21809 -0.44484 -0.43163 -0.43895 0.70991 -0.34211
1413394938355760640 2.83684 -1.42413 -0.36150 -0.44928 -0.41656 0.72246 -0.32044
1413394938555760384 2.76655 -1.64348 -0.23313 -0.48777 -0.39191 0.72397 -0.29044
1413394938755760384 2.68311 -1.86551 -0.14272 0.50160 0.35724 -0.74924 0.24375
1413394938955760384 2.59317 -2.07818 -0.08965 0.50546 0.27869 -0.78435 0.22725
1413394939155760640 2.47523 -2.26356 -0.07451 0.52531 0.17491 -0.80357 0.21847
1413394939355760640 2.32563 -2.40533 -0.09629 0.54658 0.11862 -0.81210 0.16635
1413394939555760384 2.15527 -2.52888 -0.10079 0.56586 0.12195 -0.80966 0.09683
1413394939755760384 1.97878 -2.63947 -0.05252 0.56964 0.08398 -0.81072 0.10578
1413394939955760384 1.79748 -2.70903 0.00834 0.55930 0.04379 -0.82171 0.10031
1413394940155760640 1.60150 -2.74667 0.03010 0.54596 0.03461 -0.83583 0.04609
1413394940355760640 1.38508 -2.77081 0.00629 0.56340 -0.02000 -0.82577 0.01704
1413394940555760384 1.16072 -2.78529 -0.03649 0.57492 -0.07837 -0.81391 -0.02956
1413394940755760384 0.92014 -2.78433 -0.06246 0.56715 -0.10369 -0.81066 -0.10206
1413394940955760384 0.67862 -2.81352 -0.04482 0.56552 -0.13829 -0.80666 -0.10181
1413394941055760384 0.55624 -2.83621 -0.01890 0.55922 -0.16504 -0.80816 -0.08314
1413394941205760512 0.38550 -2.84891 0.02132 0.54443 -0.20487 -0.81114 -0.06065
1413394941405760512 0.15106 -2.81971 0.08851 0.52741 -0.21980 -0.81807 -0.06543
1413394941605760512 -0.10831 -2.73724 0.17258 0.52476 -0.18043 -0.82226 -0.12637
1413394941755760384 -0.33070 -2.66895 0.23309 0.53368 -0.17731 -0.81287 -0.15159
1413394941855760640 -0.47671 -2.62649 0.27263 0.54495 -0.19481 -0.80270 -0.14403
1413394941955760384 -0.64902 -2.58472 0.30701 0.55599 -0.22800 -0.79137 -0.11235
1413394942055760384 -0.80184 -2.53598 0.34135 0.56273 -0.26066 -0.78054 -0.07843
1413394942155760640 -0.93872 -2.47241 0.38127 0.56645 -0.29139 -0.76937 -0.04790
1413394942255760384 -1.06279 -2.38236 0.42482 0.56666 -0.31854 -0.75922 -0.03192
1413394942355760640 -1.17019 -2.26297 0.47361 0.56342 -0.34252 -0.75110 -0.03295
1413394942455760384 -1.27182 -2.11176 0.52780 0.55986 -0.36105 -0.74388 -0.05322
1413394942555760384 -1.34199 -1.93769 0.56973 0.55803 -0.37999 -0.73296 -0.08359
1413394942655760640 -1.39709 -1.74524 0.59656 0.55557 -0.40086 -0.71884 -0.11801
1413394942755760384 -1.44447 -1.53682 0.60695 0.55319 -0.41322 -0.70338 -0.16879
1413394942855760640 -1.47464 -1.32287 0.60387 0.55051 -0.40731 -0.68630 -0.24502
1413394942955760384 -1.49450 -1.11421 0.58086 0.54465 -0.39557 -0.66515 -0.32320
1413394943055760384 -1.52060 -0.91317 0.54275 0.53552 -0.39645 -0.64176 -0.37972
1413394943155760640 -1.54328 -0.73625 0.49214 0.52359 -0.40940 -0.61833 -0.41942
1413394943255760384 -1.56402 -0.58912 0.43234 0.51007 -0.42789 -0.59502 -0.45021
1413394943355760640 -1.58702 -0.47328 0.36871 -0.49524 0.45134 0.57291 0.47202
1413394943455760384 -1.61583 -0.39449 0.31574 -0.47413 0.47608 0.55663 0.48858
1413394943555760384 -1.65583 -0.34356 0.27268 -0.44732 0.50315 0.54636 0.49823
1413394943655760640 -1.70835 -0.31976 0.23885 -0.41838 0.53622 0.54450 0.49086
1413394943755760384 -1.76712 -0.31850 0.21226 -0.40154 0.56908 0.53894 0.47376
1413394943855760640 -1.83527 -0.32640 0.18090 -0.40213 0.59213 0.52679 0.45843
1413394943955760384 -1.90824 -0.34163 0.14292 -0.40946 0.61055 0.51381 0.44223
1413394944055760384 -1.97646 -0.36665 0.10667 -0.40479 0.61829 0.51264 0.43710
1413394944155760640 -2.04355 -0.39218 0.07648 -0.39695 0.61913 0.51700 0.43797
1413394944255760384 -2.10556 -0.42205 0.05631 -0.39049 0.62360 0.51773 0.43657
1413394944355760640 -2.16332 -0.45033 0.04658 -0.37924 0.63267 0.52109 0.42937
1413394944455760384 -2.21631 -0.47543 0.05261 -0.35954 0.64360 0.52660 0.42332
1413394944555760384 -2.26587 -0.49609 0.05707 -0.34160 0.66147 0.52025 0.41846
1413394944655760640 -2.31068 -0.51086 0.04917 -0.32469 0.68819 0.50288 0.40998
1413394944755760384 -2.34707 -0.51625 0.02928 -0.30245 0.71717 0.48097 0.40355
1413394944855760640 -2.37128 -0.50770 0.00142 -0.28054 0.74376 0.45281 0.40383
1413394944955760384 -2.38207 -0.48169 -0.02988 -0.26021 0.76510 0.41912 0.41382
1413394945055760384 -2.37786 -0.43984 -0.06373 -0.23915 0.77671 0.38447 0.43784
1413394945155760640 -2.36126 -0.38360 -0.09999 -0.21451 0.78240 0.35095 0.46762
1413394945255760384 -2.33483 -0.31604 -0.13372 -0.19108 0.78585 0.31638 0.49582
1413394945355760640 -2.30239 -0.23831 -0.16280 -0.16746 0.78588 0.28185 0.52432
1413394945455760384 -2.26857 -0.15296 -0.18676 -0.15473 0.77958 0.23923 0.55775
1413394945555760384 -2.23569 -0.06550 -0.21133 -0.15849 0.78254 0.18368 0.57339
1413394945655760640 -2.20801 0.01591 -0.23363 -0.15698 0.78916 0.12935 0.57953
1413394945755760384 -2.18206 0.08535 -0.25316 -0.14717 0.79676 0.07825 0.58085
1413394945855760640 -2.15334 0.13868 -0.27159 -0.12886 0.80248 0.02908 0.58188
1413394945955760384 -2.12669 0.17132 -0.29011 -0.10539 0.80519 -0.02083 0.58321
1413394946055760384 -2.10257 0.18241 -0.30263 -0.06269 0.80630 -0.05964 0.58515
1413394946205760512 -2.07363 0.17322 -0.31494 0.00778 0.80157 -0.11529 0.58662
1413394946355760640 -2.05986 0.13468 -0.32888 0.05708 0.78824 -0.18580 0.58387
1413394946555760384 -2.06184 0.06552 -0.34157 0.11203 0.76300 -0.28382 0.56985
1413394946755760384 -2.10361 -0.04304 -0.34365 0.20933 0.72548 -0.34885 0.55513
1413394946955760384 -2.16594 -0.15580 -0.35022 0.29518 0.67913 -0.41828 0.52602
1413394947155760640 -2.24745 -0.24716 -0.32955 0.36463 0.62865 -0.48956 0.48184
1413394947355760640 -2.32581 -0.31024 -0.25135 0.41621 0.57829 -0.55194 0.43326
1413394947555760384 -2.39074 -0.34656 -0.12013 -0.44091 -0.54429 0.58514 -0.40861
1413394947755760384 -2.43659 -0.37554 -0.01663 -0.40824 -0.56337 0.61863 -0.36504
1413394947955760384 -2.45167 -0.43672 0.06394 -0.37142 -0.60048 0.61074 -0.35842
1413394948155760640 -2.41994 -0.56461 0.16973 0.33821 0.64104 -0.58281 0.36745
1413394948355760640 -2.41670 -0.75143 0.26166 0.36560 0.64448 -0.53023 0.41211
1413394948555760384 -2.39475 -0.95419 0.32905 0.42396 0.59844 -0.46854 0.49254
1413394948755760384 -2.37606 -1.07260 0.39871 0.44931 0.56787 -0.44374 0.52795
1413394948955760384 -2.34542 -1.08243 0.45679 0.41559 0.60420 -0.48301 0.47846
1413394949155760640 -2.31534 -1.03211 0.49139 0.35396 0.65865 -0.53753 0.38981
1413394949355760640 -2.24298 -1.01743 0.48998 0.32140 0.67907 -0.56391 0.34289
1413394949555760384 -2.14631 -1.06992 0.46119 0.35322 0.65835 -0.54849 0.37545
1413394949755760384 -2.01516 -1.19680 0.47891 0.42321 0.59792 -0.49866 0.46338
1413394949955760384 -1.87693 -1.26954 0.49405 0.41402 0.57771 -0.49519 0.49962
1413394950155760640 -1.75381 -1.28209 0.50866 0.36024 0.58782 -0.49782 0.52618
1413394950355760640 -1.67392 -1.25853 0.50785 0.29641 0.65381 -0.51278 0.47087
1413394950555760384 -1.62446 -1.25821 0.52643 0.29239 0.70644 -0.50376 0.40209
1413394950755760384 -1.54820 -1.32302 0.56710 0.32565 0.69745 -0.47605 0.42533
1413394950955760384 -1.42903 -1.40314 0.61222 0.37805 0.64300 -0.40455 0.52912
1413394957605760512 0.27181 0.10155 0.22360 -0.08101 0.77446 0.06362 0.62419
1413394957705760512 0.26739 0.10056 0.25567 -0.07629 0.81456 0.07654 0.56992
1413394957805760256 0.25710 0.09722 0.28726 -0.07276 0.84791 0.09093 0.51719
1413394957905760512 0.28262 0.09615 0.31695 -0.08164 0.85824 0.10415 0.49589
1413394958005760512 0.30989 0.09894 0.34478 -0.10109 0.84815 0.11586 0.50694
1413394958105760512 0.34632 0.10276 0.36723 -0.12760 0.81998 0.12934 0.54279
1413394958205760512 0.38833 0.10274 0.38773 -0.15397 0.78433 0.14575 0.58299
1413394958305760256 0.42617 0.09460 0.40523 -0.17582 0.75318 0.16803 0.61121
1413394958405760512 0.45393 0.07658 0.42479 -0.19079 0.74151 0.19403 0.61328
1413394958505760512 0.47490 0.04613 0.43930 -0.19133 0.77111 0.22819 0.56277
1413394958605760512 0.48963 0.00766 0.46174 -0.18367 0.81072 0.26003 0.49130
1413394958705760512 0.52118 -0.02576 0.48354 -0.17862 0.83794 0.28716 0.42837
1413394958805760256 0.56159 -0.05819 0.50490 -0.17821 0.84466 0.31125 0.39738
1413394958905760512 0.63094 -0.06367 0.52782 -0.17965 0.83446 0.33512 0.39888
1413394959005760512 0.73229 -0.04765 0.55971 -0.18917 0.80484 0.35690 0.43482
1413394959105760512 0.82136 -0.02262 0.59216 -0.21543 0.76819 0.36697 0.47834
1413394959205760512 0.90055 0.01553 0.62972 -0.25467 0.73152 0.36577 0.51598
1413394959305760256 0.90289 0.05636 0.68836 -0.29264 0.69396 0.36462 0.54758
1413394959405760512 0.87449 0.07376 0.74629 -0.30946 0.68541 0.38200 0.53714
1413394959505760512 0.91485 0.09001 0.78981 -0.29652 0.71356 0.41160 0.48321
1413394959605760512 0.79757 0.06354 0.85644 -0.27595 0.73923 0.44408 0.42448
1413394959705760512 0.75506 0.05751 0.88873 -0.26419 0.74964 0.47185 0.38157
1413394959805760256 0.75327 0.09451 0.91796 -0.26062 0.73597 0.49875 0.37640
1413394959905760512 0.78361 0.16700 0.95166 -0.27721 0.70104 0.51732 0.40507
1413394960005760512 0.72099 0.22035 0.92305 -0.32729 0.65812 0.51274 0.44369
1413394960105760512 0.68279 0.27695 0.90291 -0.38661 0.61025 0.50383 0.47357
1413394960205760512 0.65432 0.33355 0.89504 -0.42999 0.57179 0.51021 0.47734
1413394960305760256 0.61758 0.37425 0.89108 -0.45607 0.54651 0.53745 0.45219
1413394960405760512 0.58138 0.39234 0.88406 -0.46229 0.53272 0.57973 0.40793
1413394960505760512 0.55597 0.40626 0.86474 -0.44836 0.52889 0.62622 0.35651
1413394960605760512 0.53525 0.41393 0.83692 -0.42971 0.52399 0.66879 0.30580
1413394960705760512 0.50948 0.43242 0.80938 -0.41849 0.50943 0.70062 0.27290
1413394960805760256 0.47566 0.48149 0.79497 -0.43644 0.47684 0.71062 0.27780
1413394960905760512 0.43762 0.53943 0.79505 -0.48398 0.44214 0.69487 0.29570
1413394961005760512 0.39434 0.60511 0.79727 0.52871 -0.41684 -0.67081 -0.31100
1413394961105760512 0.35390 0.66006 0.79750 0.55303 -0.40488 -0.65549 -0.31710
1413394961205760512 0.31977 0.70232 0.79550 0.54527 -0.40923 -0.66299 -0.30928
1413394961305760256 0.28936 0.73456 0.78526 0.50724 -0.42467 -0.69290 -0.28681
1413394961405760512 0.26632 0.77422 0.77359 -0.46389 0.44092 0.72127 0.26490
1413394961505760512 0.23293 0.82272 0.76699 -0.44367 0.43380 0.73389 0.27637
1413394961605760512 0.18430 0.88225 0.76602 -0.45629 0.41584 0.72552 0.30414
1413394961705760512 0.12376 0.94159 0.76731 -0.49580 0.40634 0.69720 0.32091
1413394961805760256 0.05381 0.99853 0.76877 0.53770 -0.40242 -0.66316 -0.33039
1413394961905760512 -0.01224 1.03967 0.77124 0.56029 -0.40667 -0.64188 -0.32967
1413394962005760512 -0.06758 1.06508 0.77460 0.56032 -0.41855 -0.63817 -0.32187
1413394962105760512 -0.11450 1.07823 0.77544 0.52941 -0.43798 -0.65901 -0.30594
1413394962205760512 -0.15633 1.08284 0.77854 -0.49357 0.45121 0.68205 0.29599
1413394962305760256 -0.19623 1.08053 0.78800 -0.47167 0.45727 0.69469 0.29297
1413394962405760512 -0.24165 1.08285 0.80533 -0.48331 0.44864 0.68441 0.31101
1413394962505760512 -0.29290 1.08655 0.83024 0.52329 -0.42918 -0.65261 -0.34069
1413394962605760512 -0.34019 1.07482 0.85602 0.55433 -0.41669 -0.62625 -0.35623
1413394962705760512 -0.37965 1.04444 0.87559 0.54907 -0.42526 -0.63172 -0.34439
1413394962805760256 -0.41585 0.99962 0.88524 0.51789 -0.44713 -0.65776 -0.31497
1413394962905760512 -0.44465 0.94687 0.88985 -0.48431 0.45760 0.68657 0.29099
1413394963005760512 -0.46997 0.89485 0.89354 -0.47827 0.44805 0.69734 0.29022
1413394963105760512 -0.49460 0.84610 0.89829 0.50935 -0.42446 -0.68048 -0.31201
1413394963205760512 -0.52151 0.79352 0.89142 0.54357 -0.40562 -0.65757 -0.32802
1413394963305760256 -0.54602 0.72997 0.86815 0.54408 -0.40443 -0.65957 -0.32462
1413394963405760512 -0.56452 0.65123 0.83046 0.50778 -0.41835 -0.68852 -0.30510
1413394963505760512 -0.58221 0.57031 0.78519 -0.46445 0.43529 0.71827 0.28089
1413394963605760512 -0.60548 0.49198 0.74073 -0.43724 0.44563 0.73341 0.26897
1413394963705760512 -0.63628 0.42652 0.70856 -0.45457 0.44005 0.72045 0.28403
1413394963805760256 -0.67242 0.36553 0.68423 -0.49809 0.42304 0.68955 0.31219
1413394963905760512 -0.71140 0.29873 0.65591 0.52992 -0.41827 -0.66380 -0.32188
1413394964005760512 -0.74972 0.22196 0.61576 0.51350 -0.43438 -0.67321 -0.30727
1413394964105760512 -0.78802 0.14431 0.57341 -0.47022 0.45520 0.69989 0.28608
1413394964205760512 -0.82720 0.07195 0.53949 -0.43455 0.46852 0.71926 0.27260
1413394964305760256 -0.87401 0.01684 0.52015 -0.43926 0.46267 0.71366 0.28927
1413394964405760512 -0.93105 -0.03471 0.50979 -0.47986 0.44724 0.68490 0.31721
1413394964505760512 -0.98847 -0.08780 0.50499 0.52329 -0.43523 -0.65169 -0.33472
1413394964605760512 -1.03979 -0.14845 0.49513 0.52886 -0.44605 -0.64805 -0.31840
1413394964705760512 -1.08343 -0.21067 0.48487 -0.49840 0.47119 0.67122 0.28114
1413394964805760256 -1.12228 -0.27305 0.47707 -0.45974 0.49485 0.69463 0.24749
1413394964905760512 -1.15781 -0.31587 0.47655 -0.43469 0.51292 0.70569 0.22350
1413394965005760512 -1.19173 -0.33393 0.48501 -0.43445 0.52257 0.70092 0.21651
1413394965105760512 -1.22389 -0.32466 0.50944 -0.46464 0.50053 0.68403 0.25629
1413394965205760512 -1.25689 -0.30895 0.53847 0.51043 -0.46392 -0.65993 -0.29788
1413394965305760256 -1.28529 -0.29608 0.56571 0.53831 -0.43027 -0.65165 -0.31692
1413394965405760512 -1.30707 -0.29087 0.58782 0.53018 -0.40895 -0.67504 -0.30982
1413394965505760512 -1.32363 -0.29209 0.60601 0.52084 -0.39175 -0.70062 -0.29051
1413394965605760512 -1.33936 -0.30048 0.63263 0.53745 -0.36964 -0.70831 -0.26983
1413394965705760512 -1.35229 -0.31432 0.66589 0.57424 -0.33858 -0.70249 -0.24922
1413394965805760256 -1.35541 -0.33678 0.69077 0.58359 -0.30613 -0.71696 -0.22732
1413394965905760512 -1.34886 -0.36692 0.70148 0.57202 -0.27626 -0.74415 -0.20667
1413394966005760512 -1.33836 -0.40301 0.71116 0.58828 -0.24296 -0.74686 -0.19258
1413394966105760512 -1.32121 -0.44416 0.71608 0.62042 -0.21271 -0.73364 -0.17780
1413394966205760512 -1.29122 -0.49544 0.70566 0.60836 -0.19410 -0.75391 -0.15443
1413394966305760256 -1.25314 -0.55431 0.68320 0.56383 -0.18428 -0.79561 -0.12305
1413394966405760512 -1.21340 -0.61535 0.65553 0.50695 -0.17539 -0.83908 -0.09050
1413394966505760512 -1.18876 -0.67069 0.63393 -0.47925 0.16121 0.86009 0.06761
1413394966605760512 -1.18741 -0.71337 0.62710 0.51190 -0.13937 -0.84545 -0.06115
1413394966705760512 -1.19959 -0.74759 0.62840 0.57051 -0.11395 -0.81104 -0.06121
1413394966805760256 -1.21227 -0.78087 0.62768 0.61662 -0.09167 -0.78001 -0.05447
1413394966905760512 -1.21613 -0.81630 0.62283 0.62538 -0.07284 -0.77578 -0.04202
1413394967005760512 -1.21219 -0.85146 0.61437 0.59384 -0.05200 -0.80232 -0.03049
1413394967105760512 -1.20308 -0.88900 0.60574 0.54999 -0.03033 -0.83442 -0.01809
1413394967205760512 -1.20195 -0.92732 0.60565 0.53778 -0.00732 -0.84304 -0.00554
1413394967305760256 -1.20994 -0.96800 0.62037 0.56857 0.01479 -0.82244 0.01013
1413394967405760512 -1.22279 -1.00772 0.63963 0.61826 0.03434 -0.78473 0.02797
1413394967505760512 -1.22392 -1.05100 0.66118 0.64383 0.04943 -0.76179 0.05217
1413394967605760512 -1.21041 -1.08889 0.67638 0.61772 0.06870 -0.78002 0.07265
1413394967705760512 -1.18186 -1.12723 0.68737 0.56744 0.09544 -0.81382 0.08129
1413394967805760256 -1.15984 -1.16253 0.71049 0.55187 0.11892 -0.82000 0.09432
1413394967905760512 -1.14049 -1.19674 0.74159 0.57153 0.14219 -0.80031 0.11241
1413394968005760512 -1.12345 -1.23307 0.77928 0.59610 0.16561 -0.77399 0.13486
1413394968105760512 -1.09692 -1.26502 0.80732 0.58329 0.19270 -0.77455 0.15070
1413394968205760512 -1.06536 -1.29724 0.81883 0.54764 0.21670 -0.79260 0.15786
1413394968305760256 -1.03898 -1.32744 0.82341 0.53002 0.23323 -0.79860 0.16407
1413394968405760512 -1.01679 -1.35798 0.82085 0.52915 0.24781 -0.79279 0.17345
1413394968505760512 -0.99986 -1.39501 0.81241 0.53016 0.26023 -0.78519 0.18625
1413394968605760512 -0.98875 -1.43590 0.80270 0.51980 0.27239 -0.78645 0.19261
1413394968705760512 -0.98471 -1.47479 0.79718 0.51249 0.28612 -0.78724 0.18905
1413394968805760256 -0.98859 -1.52023 0.79373 0.52119 0.29928 -0.77898 0.17884
1413394968905760512 -0.99636 -1.57202 0.79312 0.52880 0.29948 -0.77245 0.18444
1413394969005760512 -1.00407 -1.63001 0.79492 0.53705 0.29580 -0.76312 0.20426
1413394969155760640 -1.01638 -1.72222 0.79339 0.54447 0.29996 -0.74819 0.23193
1413394969355760640 -1.02551 -1.83540 0.74073 0.55627 0.30782 -0.72937 0.25266
1413394969555760384 -1.01914 -1.91935 0.65540 0.56690 0.32358 -0.71870 0.23957
1413394969755760384 -0.97973 -1.98370 0.57428 0.54948 0.35367 -0.73271 0.19006
1413394969955760384 -0.90402 -2.07835 0.51436 0.52948 0.35010 -0.74968 0.18723
1413394970155760640 -0.82162 -2.22250 0.50287 0.50785 0.33120 -0.76815 0.20576
1413394970355760640 -0.75073 -2.38314 0.53575 0.53773 0.30715 -0.74773 0.23959
1413394970555760384 -0.68629 -2.52682 0.53504 0.55611 0.27080 -0.72992 0.29089
1413394970755760384 -0.62895 -2.60869 0.50333 0.55464 0.25442 -0.72853 0.31127
1413394970955760384 -0.58251 -2.61792 0.47381 0.54577 0.30521 -0.74414 0.23501
1413394971155760640 -0.53263 -2.60868 0.49787 0.52351 0.32327 -0.76323 0.19726
1413394971355760640 -0.49301 -2.64515 0.52806 -0.47644 -0.32583 0.79596 -0.18244
1413394971555760384 -0.50732 -2.71574 0.54250 -0.44770 -0.31729 0.81476 -0.18725
1413394971755760384 -0.57640 -2.84608 0.57472 -0.49006 -0.27945 0.79269 -0.23107
1413394971955760384 -0.71126 -2.97062 0.61070 0.54949 0.23252 -0.76276 0.24939
1413394972155760640 -0.84209 -3.03588 0.62152 0.59236 0.17885 -0.75322 0.22310
1413394972355760640 -0.95909 -3.02881 0.59348 0.61434 0.10580 -0.76291 0.17136
1413394972555760384 -1.04004 -2.96075 0.53909 0.59981 0.02123 -0.79329 0.10232
1413394972755760384 -1.13505 -2.88196 0.50455 0.57456 -0.04769 -0.81707 -0.00154
1413394972955760384 -1.20675 -2.78032 0.47090 0.56982 -0.11353 -0.80722 -0.10399
1413394973055760384 -1.24017 -2.74335 0.44681 0.56456 -0.15665 -0.79867 -0.13733
1413394973155760640 -1.22886 -2.69725 0.44739 0.55769 -0.20513 -0.78766 -0.16278
1413394973255760384 -1.26223 -2.65918 0.43691 0.54714 -0.25440 -0.77674 -0.18054
1413394973355760640 -1.23535 -2.58663 0.44541 0.53785 -0.30226 -0.76082 -0.20127
1413394973455760384 -1.25793 -2.52448 0.44163 0.52808 -0.34404 -0.74319 -0.22460
1413394973555760384 -1.29953 -2.39448 0.43139 0.51660 -0.38150 -0.72616 -0.24551
1413394973655760640 -1.31922 -2.33673 0.43300 0.50001 -0.41964 -0.70698 -0.27216
1413394973755760384 -1.34277 -2.28157 0.43483 -0.48567 0.45328 0.68271 0.30424
1413394973855760640 -1.36817 -2.22396 0.43690 -0.47272 0.48768 0.65477 0.33164
1413394973955760384 -1.38969 -2.16961 0.44103 -0.45700 0.52232 0.62664 0.35448
1413394974055760384 -1.40267 -2.12041 0.44825 -0.44096 0.55474 0.59677 0.37641
1413394974155760640 -1.41327 -2.07932 0.45535 -0.42572 0.58616 0.56423 0.39601
1413394974255760384 -1.42398 -2.02521 0.46268 -0.41122 0.61640 0.52989 0.41251
1413394974355760640 -1.43051 -1.98136 0.47186 -0.39357 0.64676 0.49562 0.42563
1413394974455760384 -1.43664 -1.91813 0.48083 -0.37465 0.67478 0.46219 0.43668
1413394974555760384 -1.43315 -1.86258 0.49234 -0.35505 0.69821 0.42836 0.45050
1413394974655760640 -1.41694 -1.81792 0.50860 -0.33593 0.71067 0.39534 0.47518
1413394974755760384 -1.39369 -1.77792 0.52425 -0.31226 0.72188 0.36766 0.49619
1413394974855760640 -1.36566 -1.74331 0.53661 -0.28545 0.73468 0.34498 0.50966
1413394974955760384 -1.33655 -1.71657 0.53489 -0.25545 0.74586 0.32669 0.52126
1413394975055760384 -1.30616 -1.69368 0.52409 -0.23224 0.75172 0.30830 0.53474
1413394975155760640 -1.27885 -1.68499 0.49688 -0.21685 0.75014 0.28884 0.55393
1413394975255760384 -1.25443 -1.66665 0.46349 -0.20688 0.75012 0.26870 0.56774
1413394975355760640 -1.23362 -1.64992 0.42474 -0.19534 0.75307 0.25207 0.57549
1413394975455760384 -1.21873 -1.63584 0.38636 -0.17900 0.76108 0.24075 0.57511
1413394975555760384 -1.20605 -1.62094 0.35020 -0.16226 0.77152 0.23375 0.56902
1413394975655760640 -1.20013 -1.60495 0.31933 -0.15059 0.78109 0.22941 0.56089
1413394975805760256 -1.19599 -1.57344 0.28440 -0.14216 0.78972 0.22597 0.55233
1413394975955760384 -1.19291 -1.53261 0.26607 -0.14311 0.78227 0.22461 0.56314
1413394976155760640 -1.19433 -1.46798 0.25725 -0.15110 0.76591 0.22330 0.58368
1413394976355760640 -1.22254 -1.40544 0.24728 -0.15052 0.76285 0.22802 0.58602
1413394976505760512 -1.25949 -1.35833 0.24082 -0.15786 0.74782 0.22496 0.60434
1413394976705760512 -1.34778 -1.30682 0.23589 -0.17880 0.73788 0.21201 0.61532
1413394976805760256 -1.41298 -1.29454 0.23351 -0.18917 0.75448 0.20531 0.59399
1413394976905760512 -1.48490 -1.29084 0.23015 -0.19420 0.78551 0.20069 0.55225
1413394977005760512 -1.55343 -1.29513 0.22892 -0.18946 0.81904 0.19746 0.50427
1413394977155760640 -1.62676 -1.31023 0.24028 -0.18128 0.85624 0.18524 0.44686
1413394977305760256 -1.63246 -1.32386 0.26832 -0.15691 0.87218 0.18792 0.42352
1413394977505760512 -1.52301 -1.32008 0.34560 -0.10543 0.86088 0.22241 0.44531
1413394977705760512 -1.31760 -1.24524 0.44261 -0.09653 0.85592 0.22593 0.45501
1413394977905760512 -1.03213 -1.10121 0.55495 -0.10258 0.82895 0.22438 0.50196
1413394978105760512 -0.71248 -0.90822 0.66557 -0.10901 0.79282 0.22093 0.55745
1413394978205760512 -0.55401 -0.79882 0.70955 -0.10787 0.78467 0.22175 0.56876
1413394978305760256 -0.39879 -0.68564 0.74397 -0.10705 0.78133 0.22322 0.57292
1413394978405760512 -0.24862 -0.56707 0.77041 -0.10727 0.78015 0.22436 0.57404
1413394978505760512 -0.10354 -0.44176 0.78243 -0.11209 0.78058 0.22399 0.57268
1413394978605760512 0.03253 -0.31156 0.79058 -0.12171 0.78192 0.22029 0.57032
1413394978705760512 0.16090 -0.17539 0.80014 -0.13693 0.78498 0.21199 0.56579
1413394978805760256 0.28299 -0.03958 0.81584 -0.15082 0.78694 0.20345 0.56267
1413394978905760512 0.40362 0.09632 0.83121 -0.15836 0.78763 0.19749 0.56174
1413394979005760512 0.52062 0.22645 0.84392 -0.16285 0.78351 0.19145 0.56828
1413394979105760512 0.63451 0.34934 0.84957 -0.16718 0.77316 0.18449 0.58331
1413394979205760512 0.73975 0.46507 0.84099 -0.17968 0.75852 0.17222 0.60225
1413394979305760256 0.84053 0.57341 0.82739 -0.19524 0.74415 0.16024 0.61843
1413394979405760512 0.93098 0.66693 0.81561 -0.21368 0.72843 0.14801 0.63390
1413394979505760512 1.00143 0.73593 0.81158 -0.22890 0.70845 0.13955 0.65286
1413394979605760512 1.04937 0.77599 0.82086 -0.23336 0.68929 0.13992 0.67144
1413394979705760512 1.07279 0.78920 0.84252 -0.22696 0.68360 0.14915 0.67745
1413394979805760256 1.06520 0.77104 0.87135 -0.19792 0.70405 0.17246 0.65985
1413394979905760512 1.03650 0.73346 0.90541 -0.15267 0.73849 0.20116 0.62519
1413394980005760512 0.98481 0.68973 0.94493 -0.12210 0.76228 0.21588 0.59784
1413394980105760512 0.92501 0.65731 0.97952 -0.10918 0.76988 0.21838 0.58963
1413394980205760512 0.84698 0.62387 1.00005 -0.10896 0.76430 0.21383 0.59854
1413394980305760256 0.75946 0.59522 1.00897 -0.11778 0.75737 0.20469 0.60879
1413394980405760512 0.66628 0.57182 1.00908 -0.12314 0.75760 0.19872 0.60942
1413394980505760512 0.56237 0.54877 1.00535 -0.12717 0.76751 0.19424 0.59751
1413394980605760512 0.45462 0.52959 1.00541 -0.13512 0.78026 0.18722 0.58127
1413394980705760512 0.33933 0.50838 1.00754 -0.14208 0.78827 0.18220 0.57030
1413394980805760256 0.22454 0.48570 1.01506 -0.14579 0.79234 0.18120 0.56401
1413394980905760512 0.11808 0.46140 1.02223 -0.14898 0.79399 0.18115 0.56086
1413394981005760512 0.01412 0.44211 1.02996 -0.15117 0.79595 0.18004 0.55784
1413394981105760512 -0.08179 0.42095 1.02658 -0.15706 0.79783 0.17637 0.55470
1413394981205760512 -0.17356 0.39508 1.01212 -0.16277 0.80032 0.17264 0.55063
1413394981305760256 -0.26184 0.36584 0.98866 -0.16425 0.80206 0.17034 0.54837
1413394981405760512 -0.34192 0.33342 0.96301 -0.15354 0.80154 0.17537 0.55065
1413394981505760512 -0.41642 0.30025 0.94156 -0.14065 0.80069 0.17972 0.55390
1413394981605760512 -0.48734 0.26799 0.92262 -0.13515 0.80254 0.17900 0.55283
1413394981705760512 -0.55532 0.23520 0.90211 -0.12917 0.80864 0.17659 0.54611
1413394981805760256 -0.61724 0.20469 0.88277 -0.12603 0.81585 0.16560 0.53953
1413394981905760512 -0.66973 0.17633 0.86566 -0.12431 0.82101 0.14920 0.53687
1413394982005760512 -0.71188 0.14390 0.85165 -0.12240 0.82467 0.12883 0.53697
1413394982105760512 -0.74325 0.11134 0.84165 -0.12138 0.82616 0.10237 0.54060
1413394982205760512 -0.76308 0.07385 0.83562 -0.12043 0.82521 0.07208 0.54711
1413394982305760256 -0.77287 0.02843 0.83352 -0.11536 0.82492 0.03986 0.55192
1413394982405760512 -0.77655 -0.02993 0.83346 -0.10295 0.82489 0.00976 0.55576
1413394982505760512 -0.77163 -0.10340 0.84109 -0.08891 0.82340 -0.02194 0.56003
1413394982605760512 -0.76307 -0.19159 0.85207 -0.07262 0.82164 -0.05321 0.56285
1413394982705760512 -0.74930 -0.29664 0.86813 -0.05136 0.81915 -0.07945 0.56572
1413394982805760256 -0.73600 -0.41641 0.88603 -0.02746 0.81577 -0.10353 0.56838
1413394982905760512 -0.72015 -0.54881 0.90551 -0.00246 0.81209 -0.12584 0.56980
1413394983105760512 -0.68553 -0.84158 0.94721 0.04756 0.80579 -0.15052 0.57078
1413394983305760256 -0.64439 -1.14919 0.99359 0.07421 0.80098 -0.15455 0.57362
1413394983505760512 -0.60323 -1.45916 1.04102 0.10153 0.80416 -0.13393 0.57016
1413394983705760512 -0.56165 -1.74785 1.06193 0.11945 0.80629 -0.11123 0.56855
1413394983905760512 -0.51323 -2.00121 1.03765 0.12537 0.80564 -0.10109 0.57009
1413394984105760512 -0.44895 -2.20337 0.96645 0.11843 0.80625 -0.09526 0.57172
1413394984305760256 -0.38367 -2.35568 0.89796 0.10608 0.81182 -0.07945 0.56867
1413394984505760512 -0.30447 -2.46311 0.83843 0.09550 0.82256 -0.06733 0.55654
1413394984705760512 -0.20429 -2.52238 0.79375 0.07581 0.82871 -0.04047 0.55304
1413394984905760512 -0.08196 -2.54945 0.76359 0.04377 0.83139 -0.00591 0.55393
1413394985105760512 0.06013 -2.53668 0.75499 0.01529 0.82577 0.03647 0.56261
1413394985305760256 0.21628 -2.49765 0.76432 -0.00460 0.82619 0.05602 0.56058
1413394985505760512 0.37854 -2.43442 0.82439 -0.06002 0.83291 0.03085 0.54928
1413394985705760512 0.57751 -2.39384 0.93441 -0.04043 0.82874 0.05134 0.55580
1413394985905760512 0.78826 -2.35039 1.01138 -0.01044 0.82462 0.07431 0.56068
1413394986105760512 1.00427 -2.28362 1.03998 -0.00475 0.82278 0.07464 0.56342
1413394986305760256 1.22120 -2.18437 1.07142 -0.03930 0.82497 0.04418 0.56208
1413394986505760512 1.45057 -2.08751 1.12209 -0.04999 0.82516 0.03278 0.56173
1413394986705760512 1.68702 -1.99803 1.18357 -0.01474 0.82418 0.05688 0.56328
1413394986905760512 1.93233 -1.89020 1.24599 -0.00608 0.81878 0.06180 0.57073
1413394987105760512 2.17369 -1.76106 1.28535 -0.03896 0.81465 0.03522 0.57757
1413394987305760256 2.40765 -1.63718 1.28161 -0.04217 0.80906 0.03000 0.58545
1413394987505760512 2.63791 -1.51866 1.27375 0.00049 0.79665 0.05872 0.60158
1413394987705760512 2.84247 -1.37247 1.28267 0.01179 0.78379 0.06707 0.61728
1413394987905760512 2.99595 -1.18731 1.31495 0.01247 0.77245 0.06610 0.63150
1413394988105760512 3.08106 -0.96891 1.36359 0.00361 0.76299 0.05742 0.64385
1413394988305760256 3.09449 -0.72936 1.41916 -0.03369 0.76822 0.02354 0.63887
1413394988505760512 3.04386 -0.51544 1.45432 -0.05387 0.77909 -0.04297 0.62312
1413394988705760512 2.94990 -0.35937 1.46058 -0.00599 0.78556 -0.10607 0.60959
1413394988905760512 2.81367 -0.24714 1.44412 0.05857 0.77983 -0.13481 0.60849
1413394989105760512 2.64116 -0.14517 1.41444 0.09840 0.78139 -0.13916 0.60031
1413394989305760256 2.44898 -0.03634 1.39343 0.10317 0.78968 -0.14197 0.58789
1413394989505760512 2.24538 0.08120 1.37629 0.08653 0.79357 -0.14760 0.58393
1413394989705760512 2.05501 0.20282 1.33331 0.06480 0.79877 -0.14714 0.57975
1413394989905760512 1.86188 0.29929 1.25329 0.01551 0.81410 -0.11688 0.56863
1413394990105760512 1.68229 0.37185 1.15132 -0.01861 0.82658 -0.02989 0.56172
1413394990205760512 1.59407 0.39522 1.09033 -0.03436 0.82769 0.02260 0.55968
1413394990355760640 1.48806 0.43484 0.99515 -0.05967 0.82348 0.09974 0.55531
1413394990455760384 1.41244 0.47824 0.93502 -0.07744 0.82052 0.13882 0.54906
1413394990555760384 1.34545 0.51843 0.87764 -0.09620 0.81818 0.16199 0.54322
1413394990655760640 1.28167 0.55910 0.82552 -0.11057 0.81765 0.17426 0.53746
1413394990755760384 1.23282 0.60190 0.77493 -0.11786 0.81650 0.18035 0.53565
1413394990855760640 1.19267 0.64986 0.72860 -0.12014 0.81626 0.18231 0.53484
1413394990955760384 1.15566 0.69940 0.68773 -0.11983 0.81620 0.18086 0.53549
1413394991055760384 1.12914 0.75174 0.65107 -0.11625 0.81615 0.17848 0.53715
1413394991155760640 1.10692 0.81129 0.61738 -0.11957 0.81607 0.16952 0.53944
1413394991255760384 1.09417 0.87345 0.58583 -0.12022 0.81712 0.15890 0.54093
1413394991355760640 1.08915 0.93089 0.55797 -0.11600 0.81983 0.14284 0.54223
1413394991455760384 1.09082 0.99076 0.53229 -0.10640 0.82294 0.12148 0.54469
1413394991555760384 1.09525 1.04754 0.51202 -0.09255 0.82526 0.09722 0.54857
1413394991655760640 1.10826 1.09878 0.49650 -0.07446 0.82477 0.07450 0.55557
1413394991755760384 1.12981 1.14820 0.48387 -0.05503 0.81784 0.05498 0.57016
1413394991855760640 1.15555 1.19548 0.47252 -0.04563 0.80847 0.03697 0.58561
1413394991955760384 1.18354 1.24134 0.46127 -0.04281 0.80210 0.02204 0.59524
1413394992055760384 1.20619 1.28465 0.44936 -0.04298 0.80151 0.00467 0.59641
1413394992155760640 1.22537 1.32021 0.43716 -0.04502 0.80518 -0.01614 0.59110
1413394992255760384 1.23786 1.34847 0.42900 -0.04040 0.81095 -0.03511 0.58267
1413394992355760640 1.25366 1.36727 0.42345 -0.02435 0.81374 -0.04959 0.57860
1413394992455760384 1.26786 1.37478 0.42286 0.00160 0.81401 -0.05873 0.57788
1413394992555760384 1.28246 1.37825 0.42515 0.03446 0.81432 -0.05851 0.57642
1413394992655760640 1.29636 1.38363 0.42965 0.05036 0.81099 -0.06300 0.57948
1413394992755760384 1.30853 1.39208 0.43451 0.05015 0.80637 -0.07452 0.58455
1413394992855760640 1.31847 1.40104 0.43938 0.04496 0.80386 -0.09210 0.58592
1413394992955760384 1.32878 1.40785 0.44187 0.04169 0.80327 -0.10667 0.58450
1413394993055760384 1.33406 1.41461 0.43828 0.04508 0.80362 -0.11386 0.58241
1413394993155760640 1.34423 1.41174 0.42032 0.05392 0.80528 -0.11214 0.57970
1413394993255760384 1.35083 1.41020 0.39352 0.06339 0.80696 -0.10733 0.57730
1413394993355760640 1.35608 1.40778 0.36031 0.07412 0.80787 -0.09984 0.57610
1413394993455760384 1.36170 1.40798 0.32730 0.08238 0.80862 -0.09274 0.57511
1413394993555760384 1.36902 1.41306 0.29699 0.08615 0.80885 -0.08758 0.57503
1413394993655760640 1.37560 1.42247 0.26700 0.08405 0.80893 -0.08865 0.57508
1413394993755760384 1.38496 1.43497 0.23434 0.07971 0.80680 -0.10091 0.57666
1413394993855760640 1.39303 1.44786 0.19464 0.07903 0.80440 -0.12222 0.57598
1413394993955760384 1.40204 1.45789 0.14491 0.08134 0.80028 -0.15062 0.57467
1413394994055760384 1.40620 1.46489 0.09582 0.08795 0.79389 -0.18223 0.57341
1413394994155760640 1.40609 1.46572 0.05329 0.10351 0.78646 -0.21049 0.57137
1413394994305760256 1.39832 1.45700 0.01367 0.14218 0.77430 -0.24642 0.56526
1413394994505760512 1.37805 1.44032 -0.00449 0.20289 0.76565 -0.27433 0.54530
1413394994705760512 1.37202 1.43722 0.02344 0.23398 0.75801 -0.28741 0.53673
1413394994905760512 1.39236 1.45249 0.08656 0.23871 0.74888 -0.29376 0.54398
1413394995105760512 1.41782 1.49453 0.09018 0.21903 0.74300 -0.30391 0.55463
1413394995305760256 1.43434 1.54558 0.01809 0.18946 0.75474 -0.31825 0.54146
1413394995505760512 1.44603 1.57566 -0.06749 0.18742 0.77071 -0.31661 0.52023
1413394995705760512 1.47023 1.57861 -0.14419 0.19540 0.76580 -0.31075 0.52802
1413394995905760512 1.49416 1.57568 -0.19837 0.20018 0.75065 -0.30811 0.54911
1413394996105760512 1.50915 1.58043 -0.22337 0.21284 0.74283 -0.30371 0.55737
1413394996305760256 1.50637 1.58305 -0.23678 0.21387 0.74509 -0.29520 0.55853
1413394996505760512 1.51174 1.57982 -0.24073 0.21443 0.74976 -0.29478 0.55225
1413394996705760512 1.51035 1.57435 -0.24313 0.21310 0.74850 -0.29520 0.55425
1413394996905760512 1.51367 1.56750 -0.24497 0.21289 0.74788 -0.29510 0.55522
1413394997105760512 1.51279 1.56996 -0.24620 0.21290 0.74762 -0.29525 0.55549
1413394997305760256 1.51315 1.56950 -0.24655 0.21257 0.74770 -0.29536 0.55544
1413394997505760512 1.51255 1.56968 -0.24689 0.21261 0.74764 -0.29541 0.55549
1413394997705760512 1.51188 1.57028 -0.24712 0.21253 0.74764 -0.29544 0.55550
1413394997905760512 1.51237 1.57020 -0.24733 0.21251 0.74757 -0.29555 0.55554
1413394998105760512 1.51229 1.57032 -0.24769 0.21241 0.74748 -0.29564 0.55566
1413394998305760256 1.51238 1.57012 -0.24806 0.21231 0.74728 -0.29566 0.55595
