1413394888155760640 0.02085 0.05725 0.29017 0.00794 0.82457 0.01180 0.56558
1413394888255760384 0.04699 0.07772 0.32212 0.00818 0.82056 0.01267 0.57136
1413394888355760640 0.07641 0.10014 0.35197 0.00846 0.82104 0.01457 0.57062
1413394888455760384 0.10755 0.12619 0.38629 0.00867 0.82310 0.01572 0.56761
1413394888555760384 0.14266 0.15409 0.41398 0.00455 0.82559 0.01312 0.56410
1413394888655760640 0.17843 0.18367 0.43222 0.00033 0.82644 0.01102 0.56292
1413394888755760384 0.21989 0.21186 0.43376 -0.00436 0.82199 0.00848 0.56943
1413394888855760640 0.26441 0.24009 0.43286 -0.01075 0.81577 0.00451 0.57827
1413394888955760384 0.30874 0.26763 0.43922 -0.01699 0.81149 0.00088 0.58412
1413394889055760384 0.35286 0.29138 0.44624 -0.02026 0.80897 -0.00065 0.58749
1413394889155760640 0.39640 0.31211 0.45581 -0.02059 0.80759 -0.00039 0.58938
1413394889255760384 0.43797 0.32919 0.46946 -0.01531 0.79718 0.00308 0.60354
1413394889355760640 0.47413 0.34442 0.48974 -0.01062 0.77039 0.00670 0.63745
1413394889455760384 0.49463 0.35777 0.51291 -0.00790 0.73878 0.00856 0.67385
1413394889555760384 0.49188 0.36874 0.53343 -0.00365 0.73488 0.01113 0.67810
1413394889655760640 0.46730 0.37907 0.55013 -0.00210 0.76879 0.01055 0.63941
1413394889755760384 0.42653 0.38724 0.56758 0.00039 0.81044 0.00967 0.58575
1413394889855760640 0.38727 0.40130 0.58608 -0.00001 0.84378 0.00684 0.53665
1413394889955760384 0.35601 0.41306 0.60347 -0.00163 0.86662 0.00276 0.49896
1413394890055760384 0.34642 0.42893 0.61248 -0.00068 0.88280 0.00070 0.46975
1413394890155760640 0.35658 0.43987 0.61599 -0.00598 0.88569 -0.00589 0.46420
1413394890255760384 0.39759 0.44961 0.61806 -0.01272 0.86551 -0.01233 0.50058
1413394890355760640 0.45803 0.45498 0.61215 -0.02162 0.83450 -0.01997 0.55022
1413394890455760384 0.52614 0.45528 0.60257 -0.02873 0.79960 -0.02388 0.59937
1413394890555760384 0.59001 0.44914 0.58679 -0.02917 0.76533 -0.02263 0.64258
1413394890655760640 0.63462 0.43600 0.57223 -0.02138 0.74270 -0.01487 0.66911
1413394890755760384 0.65661 0.41716 0.55983 -0.01330 0.73444 -0.00683 0.67851
1413394890855760640 0.64964 0.39358 0.54587 -0.00652 0.76017 -0.00039 0.64969
1413394890955760384 0.62544 0.36814 0.52709 -0.00372 0.80151 0.00279 0.59797
1413394891055760384 0.59474 0.34383 0.51059 -0.00035 0.83954 0.00483 0.54327
1413394891155760640 0.56479 0.32048 0.50024 0.00184 0.86389 0.00544 0.50365
1413394891255760384 0.55841 0.29788 0.49307 0.00429 0.87698 0.00659 0.48047
1413394891355760640 0.57984 0.27844 0.49006 0.00676 0.87879 0.00843 0.47708
1413394891455760384 0.62842 0.26199 0.49465 0.01028 0.86441 0.01170 0.50254
1413394891555760384 0.69551 0.24872 0.50217 0.01172 0.84365 0.01393 0.53658
1413394891655760640 0.77176 0.24295 0.50790 0.01500 0.82703 0.01784 0.56168
1413394891755760384 0.85447 0.24099 0.51181 0.01688 0.81759 0.01954 0.57522
1413394891855760640 0.93342 0.24261 0.52550 0.01794 0.81000 0.02185 0.58575
1413394891955760384 1.01214 0.24834 0.55346 0.01869 0.79248 0.02496 0.60910
1413394892055760384 1.08250 0.26232 0.58846 0.01753 0.77744 0.02893 0.62805
1413394892155760640 1.14189 0.28185 0.62391 0.01098 0.76867 0.03873 0.63838
1413394892255760384 1.18941 0.30743 0.65667 -0.00120 0.76625 0.05642 0.64006
1413394892355760640 1.22765 0.33650 0.67932 -0.01824 0.76593 0.07719 0.63802
1413394892455760384 1.26255 0.36582 0.68475 -0.03968 0.76458 0.09987 0.63551
1413394892555760384 1.27349 0.40181 0.68130 -0.06253 0.76413 0.12656 0.62943
1413394892655760640 1.27752 0.43909 0.67799 -0.08761 0.76865 0.15655 0.61400
1413394892755760384 1.26525 0.48016 0.68114 -0.11380 0.77282 0.18967 0.59483
1413394892855760640 1.25792 0.51994 0.69033 -0.14085 0.77162 0.22347 0.57865
1413394892955760384 1.24287 0.56040 0.69997 -0.16232 0.77224 0.25701 0.55788
1413394893055760384 1.22203 0.60268 0.71149 -0.17825 0.76967 0.29028 0.53998
1413394893155760640 1.20673 0.65113 0.72305 -0.18836 0.76080 0.32440 0.52960
1413394893255760384 1.18652 0.70551 0.73469 -0.20303 0.75114 0.35167 0.52047
1413394893355760640 1.16338 0.76247 0.75035 -0.21901 0.73788 0.36855 0.52129
1413394893455760384 1.14056 0.82312 0.76911 -0.22219 0.72132 0.38407 0.53180
1413394893555760384 1.11083 0.88966 0.78264 -0.22275 0.70779 0.39607 0.54087
1413394893655760640 1.06975 0.95582 0.78631 -0.21721 0.69563 0.40624 0.55126
1413394893755760384 1.02177 1.02556 0.78123 -0.20744 0.68398 0.41154 0.56549
1413394893855760640 0.95184 1.09976 0.77733 -0.20612 0.67908 0.40954 0.57327
1413394893955760384 0.86741 1.17525 0.76880 -0.21428 0.67863 0.40505 0.57400
1413394894055760384 0.76999 1.25480 0.75706 -0.22861 0.67392 0.40384 0.57488
1413394894155760640 0.64953 1.32944 0.74275 -0.25378 0.66934 0.40719 0.56725
1413394894255760384 0.52091 1.39901 0.72312 -0.29110 0.66957 0.40919 0.54727
1413394894355760640 0.37832 1.45793 0.70316 -0.32162 0.66645 0.42159 0.52409
1413394894455760384 0.24056 1.51712 0.67731 -0.34244 0.66194 0.43847 0.50231
1413394894555760384 0.10390 1.56797 0.64724 -0.35353 0.65358 0.46006 0.48600
1413394894655760640 -0.03046 1.60351 0.61244 -0.36775 0.64324 0.47896 0.47074
1413394894755760384 -0.16288 1.64364 0.57687 -0.37227 0.62790 0.49713 0.46907
1413394894855760640 -0.29066 1.67819 0.54175 -0.37414 0.61953 0.51105 0.46371
1413394894955760384 -0.41774 1.70934 0.50756 -0.37850 0.61989 0.51779 0.45207
1413394895055760384 -0.54110 1.73479 0.47461 -0.38614 0.62618 0.51668 0.43799
1413394895155760640 -0.65825 1.75580 0.44650 -0.38605 0.63113 0.51756 0.42984
1413394895255760384 -0.76710 1.77192 0.42639 -0.38645 0.63373 0.51497 0.42877
1413394895355760640 -0.87182 1.79000 0.41151 -0.37576 0.63081 0.51735 0.43959
1413394895455760384 -0.96852 1.80735 0.40401 -0.35843 0.62333 0.52385 0.45669
1413394895555760384 -1.06598 1.82281 0.40799 -0.34472 0.62295 0.52744 0.46358
1413394895655760640 -1.16093 1.83519 0.42846 -0.34550 0.62763 0.52339 0.46128
1413394895755760384 -1.26623 1.85335 0.46133 -0.35035 0.63587 0.51780 0.45256
1413394895855760640 -1.36640 1.87404 0.50211 -0.35592 0.63955 0.51355 0.44784
1413394895955760384 -1.47275 1.89558 0.52994 -0.35917 0.63933 0.51237 0.44692
1413394896055760384 -1.57578 1.91820 0.54596 -0.36119 0.63813 0.51260 0.44675
1413394896155760640 -1.66993 1.94621 0.55289 -0.36248 0.63703 0.51427 0.44535
1413394896255760384 -1.76597 1.98074 0.55070 -0.36855 0.64033 0.51116 0.43916
1413394896355760640 -1.86518 2.01178 0.53874 -0.38715 0.65087 0.49792 0.42257
1413394896455760384 -1.95546 2.04246 0.52806 -0.40286 0.65994 0.48670 0.40657
1413394896555760384 -2.02713 2.06990 0.51407 -0.41738 0.66868 0.47528 0.39087
1413394896655760640 -2.08368 2.09792 0.49064 -0.43342 0.67793 0.46082 0.37444
1413394896755760384 -2.11417 2.12321 0.45756 -0.44937 0.68603 0.44596 0.35855
1413394896855760640 -2.11859 2.14156 0.42074 -0.46359 0.69026 0.43198 0.34931
1413394896955760384 -2.08804 2.15247 0.38517 -0.47136 0.69018 0.42315 0.34988
1413394897055760384 -2.01753 2.15730 0.35412 -0.47637 0.69275 0.41768 0.34453
1413394897155760640 -1.90866 2.14976 0.33292 -0.47159 0.69182 0.42175 0.34802
1413394897255760384 -1.76199 2.13819 0.31774 -0.45602 0.68669 0.43526 0.36201
1413394897355760640 -1.58563 2.11949 0.31295 -0.42026 0.66743 0.46692 0.39989
1413394897455760384 -1.39352 2.09973 0.31242 -0.39330 0.64861 0.48938 0.43026
1413394897555760384 -1.19755 2.07900 0.31498 -0.37726 0.63755 0.50249 0.44577
1413394897655760640 -1.00261 2.05832 0.31993 -0.37101 0.63136 0.50836 0.45311
1413394897755760384 -0.81152 2.03602 0.32962 -0.37260 0.62620 0.50833 0.45896
1413394897855760640 -0.62553 2.01121 0.34393 -0.37638 0.62073 0.50706 0.46468
1413394897955760384 -0.44411 1.98324 0.36462 -0.37924 0.61539 0.50561 0.47099
1413394898055760384 -0.26925 1.95071 0.38653 -0.37608 0.61524 0.50847 0.47064
1413394898155760640 -0.10330 1.91422 0.41084 -0.36944 0.61323 0.51479 0.47166
1413394898255760384 0.05360 1.87510 0.43811 -0.36101 0.60719 0.52269 0.47727
1413394898355760640 0.19991 1.83305 0.46863 -0.35017 0.59440 0.53630 0.48626
1413394898455760384 0.32872 1.79123 0.49787 -0.34232 0.57964 0.55453 0.48922
1413394898555760384 0.43579 1.74973 0.52788 -0.34108 0.56487 0.57571 0.48284
1413394898655760640 0.52259 1.70754 0.55970 -0.34138 0.55045 0.59515 0.47567
1413394898755760384 0.58920 1.66586 0.59183 -0.34302 0.54732 0.60922 0.46003
1413394898855760640 0.63873 1.62402 0.62661 -0.34040 0.54463 0.62093 0.44939
1413394898955760384 0.66793 1.58936 0.66377 -0.32949 0.53552 0.63323 0.45130
1413394899055760384 0.67161 1.56510 0.69733 -0.32105 0.53428 0.64027 0.44892
1413394899155760640 0.65542 1.54535 0.72034 -0.31764 0.54353 0.64287 0.43633
1413394899255760384 0.62275 1.53040 0.73421 -0.31441 0.54489 0.64556 0.43301
1413394899355760640 0.56893 1.52444 0.73995 -0.32104 0.54645 0.64204 0.43142
1413394899455760384 0.49293 1.53419 0.73303 -0.34592 0.55761 0.62962 0.41592
1413394899555760384 0.40618 1.54936 0.71685 -0.36985 0.56049 0.62521 0.39771
1413394899655760640 0.30713 1.57602 0.69655 -0.38556 0.55060 0.63322 0.38369
1413394899755760384 0.20066 1.61103 0.67882 -0.39817 0.53330 0.64852 0.36941
1413394899855760640 0.09009 1.64916 0.65843 -0.41660 0.50797 0.66362 0.35780
1413394899955760384 -0.02966 1.69667 0.64546 -0.44120 0.48319 0.67413 0.34268
1413394900055760384 -0.15456 1.74877 0.64489 -0.46621 0.46035 0.68217 0.32461
1413394900155760640 -0.28033 1.79881 0.65511 -0.49135 0.43514 0.68758 0.31058
1413394900255760384 -0.40525 1.84636 0.66517 0.51254 -0.41368 -0.69231 -0.29475
1413394900355760640 -0.52546 1.89578 0.67302 0.52686 -0.38823 -0.69928 -0.28759
1413394900455760384 -0.64168 1.93825 0.67192 0.53278 -0.35871 -0.71093 -0.28643
1413394900555760384 -0.75528 1.97591 0.66412 0.52849 -0.32829 -0.72797 -0.28806
1413394900655760640 -0.86936 2.00378 0.65146 0.52495 -0.29689 -0.74199 -0.29280
1413394900755760384 -0.98848 2.01324 0.64073 0.52707 -0.26767 -0.75170 -0.29240
1413394900855760640 -1.11447 2.00583 0.64217 0.53066 -0.24228 -0.76253 -0.27973
1413394900955760384 -1.24971 1.98278 0.65934 0.53825 -0.21737 -0.77100 -0.26190
1413394901055760384 -1.39182 1.93859 0.69378 0.54851 -0.18938 -0.77749 -0.24247
1413394901155760640 -1.53740 1.87640 0.72743 0.56502 -0.16230 -0.77923 -0.21727
1413394901255760384 -1.68037 1.79560 0.75329 0.58741 -0.14614 -0.77583 -0.17798
1413394901355760640 -1.82001 1.70750 0.76965 0.60749 -0.13572 -0.77115 -0.13363
1413394901455760384 -1.95138 1.61360 0.78205 0.62890 -0.12571 -0.76163 -0.09278
1413394901555760384 -2.06835 1.51925 0.78741 0.64081 -0.11215 -0.75681 -0.06337
1413394901655760640 -2.17156 1.42729 0.77763 0.63345 -0.08998 -0.76721 -0.04511
1413394901755760384 -2.26036 1.33341 0.76448 0.62141 -0.05749 -0.78055 -0.03588
1413394901855760640 -2.33190 1.23959 0.75352 0.61622 -0.01550 -0.78686 -0.02982
1413394901955760384 -2.39700 1.14501 0.74810 0.61787 0.02708 -0.78561 -0.01796
1413394902055760384 -2.44238 1.04223 0.75114 0.61746 0.06230 -0.78413 0.00192
1413394902155760640 -2.48332 0.93576 0.75840 0.61643 0.09282 -0.78160 0.02231
1413394902255760384 -2.51134 0.82353 0.76079 0.61914 0.11855 -0.77493 0.04579
1413394902355760640 -2.51613 0.70170 0.75792 0.62779 0.14328 -0.76230 0.06525
1413394902455760384 -2.50719 0.57983 0.74758 0.63446 0.16203 -0.75049 0.08928
1413394902555760384 -2.48548 0.46536 0.73583 0.62947 0.16217 -0.74885 0.12920
1413394902655760640 -2.45139 0.35846 0.72613 0.61656 0.15298 -0.75381 0.16798
1413394902755760384 -2.40718 0.26680 0.71968 0.59869 0.14080 -0.76292 0.19922
1413394902855760640 -2.36205 0.19580 0.71456 0.58424 0.13652 -0.77195 0.21002
1413394902955760384 -2.31908 0.13980 0.70796 0.57432 0.14039 -0.78113 0.20073
1413394903155760640 -2.23354 0.08002 0.66530 0.55613 0.12960 -0.80177 0.17629
1413394903355760640 -2.16475 0.07404 0.57725 0.53063 0.10135 -0.82958 0.14128
1413394903555760384 -2.13245 0.09152 0.51360 0.56475 0.08169 -0.81472 0.10301
1413394903655760640 -2.12887 0.10350 0.50230 0.57718 0.07975 -0.80818 0.08568
1413394903755760384 -2.13064 0.12271 0.51039 0.58231 0.08046 -0.80568 0.07294
1413394903855760640 -2.13227 0.15043 0.54202 0.58417 0.08717 -0.80482 0.05833
1413394903955760384 -2.14631 0.16751 0.57660 0.58257 0.09102 -0.80667 0.04014
1413394904055760384 -2.14529 0.18321 0.59257 0.57776 0.07484 -0.81203 0.03483
1413394904155760640 -2.14393 0.19706 0.59446 0.56760 0.04356 -0.82139 0.03539
1413394904255760384 -2.13996 0.21382 0.58642 0.55351 0.00966 -0.83232 0.02799
1413394904355760640 -2.13325 0.24809 0.58014 0.54053 -0.02330 -0.84094 0.00996
1413394904455760384 -2.14636 0.27137 0.55822 0.53255 -0.05788 -0.84426 -0.01629
1413394904555760384 -2.17945 0.29564 0.53779 0.53785 -0.09106 -0.83663 -0.04971
1413394904655760640 -2.21404 0.32223 0.51901 0.55215 -0.12678 -0.82014 -0.08010
1413394904755760384 -2.25939 0.34801 0.50174 0.56118 -0.16227 -0.80426 -0.10913
1413394904855760640 -2.29804 0.37685 0.49262 0.56787 -0.19485 -0.78747 -0.13950
1413394904955760384 -2.33538 0.40359 0.48795 0.57809 -0.22632 -0.76542 -0.16951
1413394905055760384 -2.36713 0.42515 0.48795 0.59371 -0.25717 -0.73656 -0.19713
1413394905155760640 -2.39000 0.43956 0.48796 0.60254 -0.28883 -0.71132 -0.21804
1413394905255760384 -2.39910 0.44451 0.48377 0.58340 -0.32791 -0.70954 -0.22063
1413394905355760640 -2.39726 0.44385 0.47279 0.53363 -0.36681 -0.73309 -0.20801
1413394905455760384 -2.39095 0.44642 0.46613 -0.47536 0.39686 0.76178 0.19035
1413394905555760384 -2.39255 0.46694 0.45672 -0.42937 0.41512 0.78191 0.17872
1413394905655760640 -2.40793 0.51788 0.46548 -0.42048 0.40881 0.78634 0.19426
1413394905755760384 -2.43970 0.59316 0.48740 -0.46308 0.38536 0.76406 0.23080
1413394905855760640 -2.48186 0.67781 0.51545 0.52632 -0.35550 -0.72437 -0.26816
1413394905955760384 -2.52312 0.75484 0.54351 0.58057 -0.32858 -0.68484 -0.29320
1413394906055760384 -2.55533 0.81411 0.57087 0.62193 -0.31309 -0.65238 -0.29930
1413394906155760640 -2.56965 0.84900 0.59876 0.64671 -0.31515 -0.63338 -0.28508
1413394906255760384 -2.56456 0.86396 0.62658 0.63512 -0.33893 -0.64434 -0.25802
1413394906355760640 -2.53491 0.86706 0.65076 0.59218 -0.37106 -0.67507 -0.23646
1413394906455760384 -2.48204 0.85875 0.66721 0.53412 -0.40035 -0.70813 -0.23018
1413394906555760384 -2.42252 0.85389 0.66874 -0.46967 0.42514 0.73635 0.23762
1413394906655760640 -2.36779 0.86177 0.66961 -0.42603 0.44566 0.74550 0.25320
1413394906755760384 -2.32637 0.88920 0.67113 -0.42875 0.45491 0.72611 0.28635
1413394906855760640 -2.29555 0.92598 0.66957 -0.46422 0.45029 0.68538 0.33466
1413394906955760384 -2.27519 0.95842 0.66592 0.50899 -0.43625 -0.63645 -0.38150
1413394907055760384 -2.25224 0.97397 0.66368 0.54940 -0.41831 -0.59215 -0.41537
1413394907155760640 -2.22481 0.96027 0.66302 0.57415 -0.41508 -0.56586 -0.42174
1413394907255760384 -2.19069 0.91285 0.65551 0.55304 -0.43940 -0.58439 -0.39945
1413394907355760640 -2.14805 0.84056 0.64397 0.50904 -0.47808 -0.62134 -0.35532
1413394907455760384 -2.09701 0.76011 0.62732 -0.46973 0.53247 0.64330 0.28635
1413394907555760384 -2.03897 0.69093 0.60641 -0.44203 0.58207 0.64308 0.22858
1413394907655760640 -1.96423 0.64705 0.58308 -0.41544 0.60899 0.64113 0.21330
1413394907755760384 -1.87511 0.63847 0.56520 -0.40588 0.59708 0.64018 0.26253
1413394907855760640 -1.78106 0.65372 0.55186 -0.42384 0.55672 0.62657 0.34326
1413394907955760384 -1.69186 0.67769 0.52617 -0.45199 0.51534 0.60398 0.40661
1413394908055760384 -1.60961 0.68994 0.49289 -0.47327 0.48930 0.58691 0.43834
1413394908155760640 -1.53490 0.68214 0.44887 -0.45881 0.49707 0.59752 0.43056
1413394908255760384 -1.46419 0.67156 0.40120 -0.42039 0.52041 0.62891 0.39612
1413394908355760640 -1.40116 0.66051 0.35772 -0.38239 0.54287 0.65673 0.35746
1413394908455760384 -1.34918 0.66184 0.32673 -0.35987 0.56209 0.67139 0.32214
1413394908555760384 -1.31058 0.69050 0.31941 -0.35873 0.57082 0.67360 0.30290
1413394908655760640 -1.28810 0.75073 0.34206 -0.38992 0.54281 0.66277 0.33772
1413394908755760384 -1.27786 0.81782 0.38305 -0.44095 0.50281 0.63517 0.38640
1413394908855760640 -1.26676 0.87735 0.42948 -0.48349 0.46848 0.60741 0.42167
1413394908955760384 -1.25811 0.90892 0.48629 0.52222 -0.44669 -0.57967 -0.43788
1413394909055760384 -1.24750 0.91765 0.54722 0.53834 -0.45104 -0.57181 -0.42401
1413394909155760640 -1.23081 0.91229 0.60059 0.51742 -0.48189 -0.59380 -0.38400
1413394909255760384 -1.20452 0.88875 0.64385 -0.46922 0.51935 0.62367 0.34805
1413394909355760640 -1.17160 0.87072 0.67688 -0.42642 0.55598 0.63659 0.32218
1413394909455760384 -1.13666 0.86179 0.70383 -0.40752 0.58489 0.62527 0.31759
1413394909555760384 -1.09865 0.86878 0.72583 -0.41673 0.59963 0.59377 0.33795
1413394909655760640 -1.05529 0.88562 0.75134 -0.43824 0.60301 0.55750 0.36540
1413394909755760384 -1.00330 0.90417 0.78081 -0.45566 0.59145 0.52859 0.40391
1413394909855760640 -0.94340 0.91694 0.81463 -0.46857 0.56607 0.50781 0.44960
1413394909955760384 -0.87867 0.91546 0.84280 -0.46764 0.55203 0.50343 0.47238
1413394910055760384 -0.81369 0.89204 0.86089 -0.43328 0.56517 0.52932 0.46117
1413394910155760640 -0.75401 0.85481 0.87608 -0.39417 0.58964 0.55886 0.42969
1413394910255760384 -0.70249 0.81414 0.87714 -0.36223 0.61511 0.58099 0.39099
1413394910355760640 -0.65583 0.78416 0.87071 -0.34042 0.63270 0.59540 0.35959
1413394910455760384 -0.60812 0.77444 0.85760 -0.32848 0.64153 0.60397 0.34024
1413394910555760384 -0.56080 0.78630 0.84459 -0.34581 0.62668 0.59821 0.36032
1413394910655760640 -0.51123 0.81667 0.83546 -0.39176 0.59103 0.57400 0.40955
1413394910755760384 -0.46451 0.85268 0.82517 -0.43923 0.55533 0.54340 0.45100
1413394910855760640 -0.42044 0.87541 0.81253 -0.47641 0.53478 0.51812 0.46755
1413394910955760384 -0.37744 0.87513 0.79919 -0.49851 0.52706 0.50368 0.46905
1413394911055760384 -0.33158 0.84897 0.78082 -0.49902 0.53943 0.50972 0.44742
1413394911155760640 -0.27609 0.79597 0.76043 -0.45341 0.56212 0.54760 0.42258
1413394911255760384 -0.21999 0.73383 0.73590 -0.39966 0.58641 0.58578 0.39148
1413394911355760640 -0.16477 0.67637 0.70736 -0.35941 0.60591 0.60768 0.36665
1413394911455760384 -0.11317 0.63751 0.67339 -0.33789 0.61695 0.61634 0.35401
1413394911555760384 -0.06682 0.61615 0.63657 -0.33338 0.61937 0.61471 0.35687
1413394911655760640 -0.02292 0.61746 0.59983 -0.35828 0.60647 0.59423 0.38821
1413394911755760384 0.01584 0.63164 0.57139 -0.40062 0.57963 0.56039 0.43531
1413394911855760640 0.04735 0.63930 0.55172 -0.43410 0.55248 0.52987 0.47493
1413394911955760384 0.07206 0.62652 0.53966 -0.44073 0.54516 0.52028 0.48771
1413394912055760384 0.09195 0.59754 0.53034 -0.41452 0.56840 0.53740 0.46508
1413394912155760640 0.10485 0.55764 0.52911 -0.37332 0.60244 0.56101 0.42774
1413394912255760384 0.11535 0.52156 0.53309 -0.33923 0.62856 0.57104 0.40466
1413394912355760640 0.13146 0.50123 0.53477 -0.31693 0.64730 0.56739 0.39827
1413394912455760384 0.13883 0.49919 0.54724 -0.30772 0.66679 0.54892 0.39925
1413394912555760384 0.14403 0.51611 0.56629 -0.31293 0.67855 0.51975 0.41413
1413394912655760640 0.15211 0.54588 0.59090 -0.32679 0.68368 0.48319 0.43853
1413394912755760384 0.16226 0.58306 0.61534 -0.33516 0.68970 0.45064 0.45706
1413394912855760640 0.17578 0.62838 0.63937 -0.33709 0.69641 0.42836 0.46678
1413394912955760384 0.19243 0.67112 0.66341 -0.32485 0.69868 0.42286 0.47697
1413394913055760384 0.21097 0.71450 0.68817 -0.30873 0.69573 0.42606 0.48899
1413394913155760640 0.22723 0.75691 0.71390 -0.29862 0.69217 0.43047 0.49641
1413394913255760384 0.23758 0.80192 0.73978 -0.29971 0.68550 0.43927 0.49730
1413394913355760640 0.24061 0.84968 0.76516 -0.31477 0.66930 0.45248 0.49821
1413394913455760384 0.23684 0.89884 0.78582 -0.33123 0.64863 0.47556 0.49336
1413394913555760384 0.22514 0.94581 0.79628 -0.34353 0.62134 0.50749 0.48823
1413394913655760640 0.20482 0.99228 0.79344 -0.35237 0.58974 0.54466 0.48103
1413394913755760384 0.17234 1.03394 0.77954 -0.36151 0.56574 0.58136 0.45965
1413394913855760640 0.12760 1.07448 0.75297 -0.38067 0.54866 0.61018 0.42631
1413394913955760384 0.07350 1.11620 0.71675 -0.40637 0.53324 0.63049 0.39115
1413394914055760384 0.01336 1.15941 0.67488 -0.43093 0.51311 0.64725 0.36344
1413394914155760640 -0.04995 1.20477 0.63459 -0.44858 0.48408 0.66671 0.34632
1413394914255760384 -0.11851 1.24866 0.60739 -0.46020 0.44862 0.68857 0.33590
1413394914355760640 -0.19487 1.29129 0.59648 -0.47149 0.41319 0.70823 0.32462
1413394914455760384 -0.27994 1.33254 0.60231 -0.48182 0.38001 0.72554 0.31150
1413394914555760384 -0.37443 1.37058 0.62045 -0.49170 0.35438 0.73820 0.29616
1413394914655760640 -0.47586 1.40269 0.63567 0.50678 -0.34403 -0.74243 -0.27132
1413394914755760384 -0.58254 1.43009 0.63944 0.51942 -0.33449 -0.74582 -0.24913
1413394914855760640 -0.69454 1.45044 0.63044 0.52802 -0.32132 -0.75078 -0.23298
1413394914955760384 -0.80167 1.46834 0.61395 0.53425 -0.30022 -0.75659 -0.22808
1413394915055760384 -0.90790 1.47974 0.58663 0.54034 -0.27133 -0.76274 -0.22944
1413394915155760640 -1.01884 1.48400 0.55930 0.54402 -0.23695 -0.77183 -0.22844
1413394915255760384 -1.12769 1.46968 0.53511 0.54553 -0.19924 -0.78255 -0.22432
1413394915355760640 -1.24281 1.43979 0.51424 0.55026 -0.16277 -0.79026 -0.21496
1413394915455760384 -1.36405 1.39408 0.49823 0.55839 -0.12811 -0.79448 -0.20145
1413394915555760384 -1.48908 1.32915 0.48629 0.57206 -0.09765 -0.79452 -0.17873
1413394915655760640 -1.61622 1.24480 0.47639 0.59455 -0.07914 -0.78957 -0.12973
1413394915755760384 -1.73880 1.14555 0.46907 0.61293 -0.05743 -0.78434 -0.07635
1413394915855760640 -1.84692 1.03869 0.46739 0.63248 -0.02460 -0.77328 -0.03754
1413394915955760384 -1.94278 0.92944 0.46938 0.64486 0.01079 -0.76419 -0.00741
1413394916055760384 -2.01990 0.81889 0.47172 0.64818 0.04139 -0.76007 0.02105
1413394916155760640 -2.08208 0.70914 0.47593 0.64547 0.06588 -0.75956 0.04572
1413394916255760384 -2.12169 0.60097 0.47951 0.62350 0.08964 -0.77398 0.06463
1413394916355760640 -2.15364 0.49344 0.48364 0.59807 0.11033 -0.78897 0.08756
1413394916455760384 -2.17586 0.38760 0.48320 0.57624 0.11892 -0.79834 0.12829
1413394916555760384 -2.18751 0.28975 0.47297 0.56129 0.12316 -0.79911 0.17665
1413394916655760640 -2.21176 0.20218 0.45373 0.55420 0.12612 -0.78913 0.23288
1413394916755760384 -2.23778 0.13354 0.42373 0.54189 0.15549 -0.78261 0.26402
1413394916955760384 -2.30924 0.06378 0.32979 0.50793 0.25450 -0.77437 0.27855
1413394917155760640 -2.41829 0.03365 0.22202 -0.48745 -0.37008 0.74414 -0.26774
1413394917355760640 -2.54787 -0.00482 0.12324 -0.46150 -0.45580 0.71059 -0.27262
1413394917555760384 -2.69929 -0.10381 0.03278 -0.45801 -0.49145 0.68419 -0.28388
1413394917755760384 -2.84151 -0.25653 -0.02352 -0.47922 -0.50530 0.66027 -0.28117
1413394917955760384 -2.92136 -0.45143 -0.03852 0.50077 0.52665 -0.63444 0.26337
1413394918155760640 -2.93088 -0.68803 -0.06756 -0.47414 -0.53249 0.63380 -0.29989
1413394918355760640 -2.87883 -0.93914 -0.09515 -0.41441 -0.52680 0.64515 -0.36679
1413394918555760384 -2.83819 -1.20194 -0.10675 -0.37449 -0.53504 0.63422 -0.41382
1413394918755760384 -2.83568 -1.46781 -0.10691 -0.37839 -0.58156 0.58557 -0.41918
1413394918955760384 -2.85719 -1.75111 -0.09334 0.40748 0.61205 -0.52416 0.42966
1413394919155760640 -2.86281 -2.00630 -0.02636 0.39661 0.61664 -0.48680 0.47485
1413394919355760640 -2.85267 -2.19388 0.10118 0.38144 0.63360 -0.43557 0.51315
1413394919555760384 -2.83913 -2.30604 0.24146 0.37445 0.67925 -0.37481 0.50786
1413394919755760384 -2.80602 -2.34334 0.35156 0.29613 0.72873 -0.36555 0.49764
1413394919955760384 -2.74167 -2.35189 0.42416 0.21489 0.76353 -0.34952 0.49868
1413394920155760640 -2.65926 -2.43802 0.45525 0.15841 0.79718 -0.29211 0.50407
1413394920355760640 -2.54877 -2.51990 0.44555 0.13046 0.82107 -0.21299 0.51329
1413394920555760384 -2.40488 -2.61905 0.42347 0.13136 0.82401 -0.13431 0.53451
1413394920755760384 -2.22941 -2.68796 0.41153 0.14656 0.82557 -0.08534 0.53821
1413394920955760384 -2.02635 -2.70056 0.38911 0.13070 0.82975 -0.09116 0.53490
1413394921155760640 -1.78019 -2.68673 0.33266 0.10192 0.82257 -0.12779 0.54467
1413394921355760640 -1.51492 -2.65839 0.24993 0.05068 0.80871 -0.18827 0.55495
1413394921555760384 -1.24984 -2.67840 0.13362 0.02593 0.80733 -0.22838 0.54350
1413394921755760384 -0.99493 -2.76591 0.01889 0.11277 0.80650 -0.18022 0.55169
1413394921955760384 -0.73710 -2.85522 -0.07783 0.12309 0.78183 -0.14498 0.59378
1413394922155760640 -0.51256 -2.91720 -0.12547 0.07013 0.77324 -0.10875 0.62077
1413394922355760640 -0.32900 -2.97335 -0.11190 0.05521 0.80884 -0.03984 0.58407
1413394922555760384 -0.16088 -3.01087 -0.03911 0.04385 0.82214 -0.00020 0.56760
1413394922755760384 0.03801 -3.02917 0.06561 0.00282 0.82787 -0.00860 0.56084
1413394922955760384 0.23070 -3.04174 0.16605 -0.00591 0.83803 -0.00998 0.54550
1413394923155760640 0.42226 -3.05186 0.25611 -0.00053 0.84274 -0.00816 0.53826
1413394923355760640 0.65441 -3.05976 0.33448 0.02459 0.82693 0.00738 0.56172
1413394923555760384 0.90534 -3.04347 0.41047 -0.00351 0.83872 0.01357 0.54438
1413394923755760384 1.18505 -3.01196 0.47761 -0.02018 0.83068 0.06487 0.55258
1413394923955760384 1.48396 -2.95636 0.50526 -0.04744 0.81364 0.12328 0.56616
1413394924155760640 1.76568 -2.87089 0.49761 -0.09421 0.79938 0.17262 0.56772
1413394924355760640 2.02048 -2.76751 0.49740 -0.16495 0.79161 0.21066 0.54934
1413394924555760384 2.27931 -2.66512 0.50617 -0.20700 0.77087 0.26551 0.54075
1413394924755760384 2.53539 -2.56793 0.51814 -0.22985 0.74142 0.33591 0.53351
1413394924905760512 2.71392 -2.49427 0.54097 -0.24219 0.70450 0.38499 0.54480
1413394925005760512 2.81996 -2.44340 0.55962 -0.24405 0.68128 0.41072 0.55462
1413394925105760512 2.91200 -2.39155 0.57839 -0.24019 0.66852 0.43179 0.55583
1413394925205760512 2.97697 -2.33651 0.59713 -0.23779 0.66454 0.45244 0.54510
1413394925305760256 3.02369 -2.27730 0.61701 -0.23508 0.66040 0.47137 0.53518
1413394925405760512 3.05295 -2.21083 0.63084 -0.23658 0.65655 0.48182 0.52993
1413394925505760512 3.05883 -2.13776 0.63300 -0.24825 0.65938 0.48056 0.52216
1413394925605760512 3.05420 -2.05542 0.62616 -0.25944 0.66161 0.47838 0.51585
1413394925705760512 3.03715 -1.96795 0.61060 -0.27726 0.66809 0.47060 0.50529
1413394925805760256 3.00562 -1.87103 0.59973 -0.29809 0.67837 0.45695 0.49209
1413394925905760512 2.97304 -1.77389 0.58755 -0.31022 0.68502 0.44891 0.48269
1413394926005760512 2.93713 -1.67414 0.57993 -0.31466 0.68532 0.45028 0.47810
1413394926105760512 2.90216 -1.57489 0.57073 -0.30857 0.67963 0.46234 0.47867
1413394926205760512 2.86494 -1.47419 0.56227 -0.29951 0.67335 0.47444 0.48146
1413394926305760256 2.82320 -1.36935 0.55432 -0.29867 0.67322 0.47900 0.47763
1413394926405760512 2.77707 -1.26039 0.54615 -0.30199 0.67876 0.47923 0.46736
1413394926505760512 2.72810 -1.14572 0.53958 -0.30887 0.68101 0.48095 0.45773
1413394926605760512 2.67755 -1.02237 0.53537 -0.32626 0.67554 0.48652 0.44777
1413394926705760512 2.62608 -0.89477 0.53364 -0.35739 0.66636 0.49257 0.43082
1413394926805760256 2.57846 -0.76584 0.53319 -0.39341 0.65591 0.50081 0.40522
1413394926905760512 2.54104 -0.63631 0.53380 -0.42821 0.64376 0.50981 0.37724
1413394927005760512 2.51962 -0.50846 0.52913 -0.45020 0.63048 0.52288 0.35556
1413394927105760512 2.51790 -0.38116 0.51751 -0.44895 0.60631 0.54663 0.36335
1413394927205760512 2.53353 -0.26387 0.49822 -0.43674 0.58120 0.57190 0.37998
1413394927305760256 2.55543 -0.14464 0.48365 -0.42448 0.56231 0.59012 0.39418
1413394927405760512 2.57815 -0.02839 0.48036 -0.41580 0.55700 0.60100 0.39454
1413394927505760512 2.59686 0.09108 0.49198 -0.41495 0.55860 0.60368 0.38905
1413394927605760512 2.61170 0.21293 0.51732 -0.41447 0.56286 0.60389 0.38304
1413394927705760512 2.62668 0.32580 0.55496 -0.41634 0.56246 0.60477 0.38021
1413394927805760256 2.63800 0.44125 0.59229 -0.41911 0.55738 0.60599 0.38269
1413394927905760512 2.64669 0.56145 0.61862 -0.41974 0.55377 0.60778 0.38440
1413394928005760512 2.65383 0.67794 0.63643 -0.42135 0.55275 0.60827 0.38333
1413394928105760512 2.65991 0.78511 0.65010 -0.42109 0.54356 0.60979 0.39418
1413394928205760512 2.66095 0.90428 0.65265 -0.42358 0.52996 0.60819 0.41211
1413394928305760256 2.65468 1.01450 0.65451 -0.42819 0.51753 0.60395 0.42903
1413394928405760512 2.64130 1.11434 0.65695 -0.43338 0.51402 0.59924 0.43460
1413394928505760512 2.62104 1.20170 0.65779 -0.44054 0.52711 0.59352 0.41931
1413394928605760512 2.59572 1.28545 0.66298 -0.44358 0.53800 0.59002 0.40702
1413394928705760512 2.56898 1.36318 0.67014 -0.44351 0.54497 0.58804 0.40064
1413394928805760256 2.54223 1.43616 0.67708 -0.44088 0.54789 0.58800 0.39961
1413394928905760512 2.51606 1.50621 0.67757 -0.43332 0.54432 0.59143 0.40763
1413394929005760512 2.48984 1.57796 0.66749 -0.42946 0.54403 0.59271 0.41024
1413394929105760512 2.45922 1.64055 0.65148 -0.43376 0.54260 0.58878 0.41325
1413394929205760512 2.42559 1.69663 0.63601 -0.44302 0.53895 0.58147 0.41851
1413394929305760256 2.39064 1.74335 0.62298 -0.45459 0.54053 0.57282 0.41600
1413394929405760512 2.35974 1.77813 0.61380 -0.46143 0.54458 0.56782 0.41000
1413394929505760512 2.33372 1.80004 0.60830 -0.45802 0.55240 0.57085 0.39901
1413394929605760512 2.31072 1.81728 0.60365 -0.44554 0.56350 0.57988 0.38433
1413394929705760512 2.29222 1.83404 0.60211 -0.43239 0.56682 0.58825 0.38174
1413394929805760256 2.27628 1.85286 0.59913 -0.42479 0.56546 0.59292 0.38503
1413394929905760512 2.26084 1.87252 0.58829 -0.42604 0.56154 0.59156 0.39145
1413394930005760512 2.24403 1.89252 0.56972 -0.43421 0.55444 0.58490 0.40243
1413394930105760512 2.22792 1.90688 0.54187 -0.43995 0.54723 0.58008 0.41289
1413394930205760512 2.21135 1.91487 0.51448 -0.44673 0.53905 0.57429 0.42432
1413394930305760256 2.19389 1.91399 0.49272 -0.46173 0.53399 0.56294 0.42983
1413394930405760512 2.17637 1.90132 0.47064 -0.46354 0.54697 0.56215 0.41224
1413394930505760512 2.16457 1.88234 0.44543 -0.44065 0.57445 0.57875 0.37536
1413394930605760512 2.15711 1.86135 0.41205 -0.40900 0.60365 0.59762 0.33342
1413394930705760512 2.15745 1.85080 0.36989 -0.37997 0.61819 0.61341 0.31177
1413394930805760256 2.16261 1.86362 0.33047 -0.37228 0.60627 0.61925 0.33222
1413394930905760512 2.16979 1.89686 0.29529 -0.38929 0.58254 0.60917 0.37151
1413394931005760512 2.17411 1.93993 0.26771 -0.41835 0.55673 0.58950 0.40929
1413394931105760512 2.17354 1.97987 0.25014 -0.43647 0.54173 0.57512 0.43041
1413394931205760512 2.17022 2.00964 0.24626 -0.44257 0.53536 0.56863 0.44066
1413394931305760256 2.16303 2.02694 0.26202 -0.44963 0.53089 0.56195 0.44744
1413394931405760512 2.15159 2.03224 0.29809 -0.45777 0.52963 0.55426 0.45026
1413394931505760512 2.14138 2.01446 0.34052 -0.44175 0.54339 0.56507 0.43620
1413394931605760512 2.12563 1.99387 0.36360 -0.41912 0.55762 0.58067 0.41980
1413394931705760512 2.10595 1.96412 0.37766 -0.40304 0.55813 0.59690 0.41202
1413394931805760256 2.07859 1.93481 0.38600 -0.39213 0.54270 0.61843 0.41140
1413394931905760512 2.04077 1.91234 0.38805 -0.39668 0.52443 0.63809 0.40058
1413394932005760512 1.99031 1.89202 0.38695 -0.42004 0.50605 0.65120 0.37870
1413394932105760512 1.92849 1.87026 0.39657 -0.45623 0.47936 0.65887 0.35772
1413394932205760512 1.86293 1.85286 0.42365 -0.49358 0.45175 0.66542 0.33094
1413394932305760256 1.79769 1.83314 0.46239 0.52820 -0.42460 -0.67126 -0.30022
1413394932405760512 1.73197 1.80146 0.49927 0.55396 -0.39099 -0.67971 -0.27974
1413394932505760512 1.67814 1.76895 0.53387 0.57462 -0.35315 -0.68848 -0.26662
1413394932605760512 1.63850 1.73170 0.55882 0.58876 -0.31745 -0.69869 -0.25382
1413394932705760512 1.60379 1.67997 0.56655 0.59354 -0.28795 -0.71345 -0.23618
1413394932805760256 1.58312 1.62328 0.57438 0.58631 -0.26446 -0.73516 -0.21411
1413394932905760512 1.57054 1.56061 0.58413 0.57098 -0.24826 -0.75972 -0.18756
1413394933005760512 1.56151 1.49494 0.59205 0.55866 -0.23337 -0.77884 -0.16383
1413394933105760512 1.55103 1.42855 0.59311 0.55408 -0.21536 -0.79109 -0.14420
1413394933205760512 1.53845 1.36586 0.58719 0.55722 -0.19335 -0.79749 -0.12696
1413394933305760256 1.52777 1.30166 0.57044 0.56526 -0.16956 -0.79952 -0.11178
1413394933405760512 1.51428 1.24163 0.54378 0.57314 -0.14628 -0.80016 -0.09930
1413394933505760512 1.50394 1.17887 0.50691 0.57913 -0.12484 -0.80097 -0.08645
1413394933605760512 1.49120 1.11782 0.46319 0.58472 -0.10450 -0.80120 -0.07256
1413394933705760512 1.47934 1.05967 0.42230 0.59649 -0.08370 -0.79606 -0.05904
1413394933805760256 1.47134 1.00200 0.38620 0.60746 -0.06716 -0.79011 -0.04708
1413394933905760512 1.46978 0.94495 0.35212 0.60724 -0.05280 -0.79190 -0.03688
1413394934005760512 1.47043 0.89048 0.31883 0.59351 -0.03591 -0.80363 -0.02510
1413394934105760512 1.47454 0.83318 0.29166 0.58779 -0.01655 -0.80879 -0.00923
1413394934205760512 1.47840 0.77537 0.26964 0.59828 0.00607 -0.80122 0.00805
1413394934305760256 1.48559 0.71630 0.23840 0.60250 0.03186 -0.79707 0.02580
1413394934405760512 1.49619 0.65761 0.19293 0.59389 0.05577 -0.80103 0.05024
1413394934505760512 1.51010 0.60240 0.13605 0.58359 0.07498 -0.80536 0.07210
1413394934605760512 1.52512 0.55237 0.07278 0.57783 0.09410 -0.80663 0.08122
1413394934705760512 1.53972 0.50655 0.01653 0.57592 0.10970 -0.80567 0.08478
1413394934805760256 1.55864 0.46173 -0.02736 0.57646 0.11543 -0.80360 0.09275
1413394934905760512 1.57752 0.41890 -0.05206 0.57830 0.11804 -0.80147 0.09630
1413394935005760512 1.59349 0.38010 -0.05873 0.58169 0.11854 -0.79876 0.09780
1413394935105760512 1.60861 0.34495 -0.05269 0.58780 0.11359 -0.79468 0.10033
1413394935205760512 1.62149 0.31889 -0.04206 0.59463 0.10278 -0.79131 0.09840
1413394935305760256 1.63944 0.29595 -0.03937 0.60207 0.09239 -0.78766 0.09254
1413394935405760512 1.66369 0.27227 -0.05084 0.61022 0.08608 -0.78310 0.08358
1413394935505760512 1.69130 0.25271 -0.07366 0.60864 0.08276 -0.78564 0.07396
1413394935605760512 1.72716 0.23135 -0.10655 0.59907 0.07992 -0.79397 0.06582
1413394935705760512 1.76622 0.21293 -0.13327 0.59373 0.07703 -0.79875 0.05955
1413394935805760256 1.80540 0.19317 -0.14745 0.59521 0.07466 -0.79825 0.05425
1413394935905760512 1.84582 0.17290 -0.14612 0.59478 0.07095 -0.79900 0.05294
1413394936005760512 1.89186 0.15340 -0.15021 0.58749 0.07044 -0.80454 0.05108
1413394936105760512 1.94020 0.13219 -0.16909 0.56681 0.07845 -0.81837 0.05341
1413394936255760384 2.00639 0.09328 -0.21157 0.55276 0.11073 -0.82267 0.07356
1413394936405760512 2.06287 0.04699 -0.25576 0.56591 0.16751 -0.79950 0.11174
1413394936605760512 2.14274 -0.02961 -0.30236 0.56377 0.26721 -0.76464 0.16149
1413394936805760256 2.23390 -0.11735 -0.33257 0.53595 0.33807 -0.74377 0.21278
1413394937005760512 2.33749 -0.22122 -0.34769 0.50847 0.39802 -0.72264 0.24661
1413394937205760512 2.44935 -0.34604 -0.36395 -0.47847 -0.45814 0.69531 -0.27878
1413394937305760256 2.50864 -0.41941 -0.37720 -0.45906 -0.47510 0.68894 -0.29818
1413394937455760384 2.59374 -0.53641 -0.38971 -0.44429 -0.48686 0.68030 -0.32056
1413394937655760640 2.67534 -0.71402 -0.40104 -0.44441 -0.48998 0.67181 -0.33330
1413394937855760640 2.73284 -0.90120 -0.40089 -0.44868 -0.47695 0.67455 -0.34087
1413394938055760384 2.75549 -1.08318 -0.38644 -0.44208 -0.44543 0.70082 -0.33914
1413394938255760384 2.75473 -1.27717 -0.33323 -0.43688 -0.41587 0.72579 -0.33078
1413394938455760384 2.70161 -1.48290 -0.21468 -0.47335 -0.39375 0.72701 -0.30390
1413394938655760640 2.62416 -1.70068 -0.09708 0.50121 0.36875 -0.73842 0.25989
1413394938855760640 2.53420 -1.90763 -0.02487 0.50599 0.31656 -0.77079 0.22280
1413394939055760384 2.42975 -2.10516 0.00578 0.51687 0.21394 -0.79866 0.22186
1413394939255760384 2.29082 -2.26816 0.00394 0.53906 0.13074 -0.81043 0.18846
1413394939455760384 2.12547 -2.39387 -0.01857 0.55767 0.10713 -0.81403 0.12199
1413394939655760640 1.94733 -2.50089 0.00572 0.57174 0.09901 -0.80955 0.08906
1413394939855760640 1.77295 -2.59357 0.07308 0.56717 0.04284 -0.81487 0.11165
1413394940055760384 1.58728 -2.64322 0.11978 0.55056 0.03879 -0.83192 0.05746
1413394940255760384 1.38567 -2.66873 0.11965 0.55321 -0.00059 -0.83262 0.02640
1413394940455760384 1.16237 -2.68156 0.08100 0.57095 -0.06227 -0.81858 -0.00821
1413394940655760640 0.93077 -2.68482 0.04343 0.57170 -0.10274 -0.81042 -0.07631
1413394940855760640 0.70516 -2.69181 0.03354 0.56450 -0.12774 -0.80664 -0.11980
1413394941005760512 0.52065 -2.71073 0.07123 0.56206 -0.16111 -0.80516 -0.09922
1413394941105760512 0.40132 -2.72499 0.09602 0.55316 -0.18986 -0.80727 -0.07926
1413394941305760256 0.17057 -2.71950 0.15691 0.53593 -0.22789 -0.81037 -0.06444
1413394941505760512 -0.06917 -2.65453 0.23413 0.52427 -0.21036 -0.81888 -0.10159
1413394941705760512 -0.34685 -2.55702 0.31754 0.52687 -0.18452 -0.81550 -0.15269
1413394941805760256 -0.49356 -2.51091 0.36023 0.53643 -0.19171 -0.80622 -0.15970
1413394941905760512 -0.64282 -2.46610 0.39769 0.54923 -0.21958 -0.79464 -0.13664
1413394942005760512 -0.78789 -2.41965 0.43686 0.55877 -0.25473 -0.78270 -0.10134
1413394942105760512 -0.93195 -2.36346 0.47708 0.56500 -0.28623 -0.77082 -0.06849
1413394942205760512 -1.04202 -2.28553 0.52416 0.56689 -0.31430 -0.76014 -0.04512
1413394942305760256 -1.15679 -2.18036 0.57294 0.56415 -0.34061 -0.75128 -0.03586
1413394942405760512 -1.25636 -2.04364 0.62431 0.56006 -0.36129 -0.74401 -0.04735
1413394942505760512 -1.33897 -1.87647 0.67267 0.55772 -0.37907 -0.73460 -0.07492
1413394942605760512 -1.39697 -1.69072 0.70606 0.55473 -0.39926 -0.72214 -0.10670
1413394942705760512 -1.44882 -1.48589 0.72647 0.55269 -0.41849 -0.70583 -0.14562
1413394942805760256 -1.48412 -1.27140 0.73000 0.54945 -0.42019 -0.69038 -0.21192
1413394942905760512 -1.51214 -1.05440 0.71750 0.54386 -0.40911 -0.67190 -0.29223
1413394943005760512 -1.53316 -0.84776 0.68435 0.53573 -0.40221 -0.64890 -0.36076
1413394943105760512 -1.55156 -0.65886 0.63786 0.52462 -0.40956 -0.62548 -0.40720
1413394943205760512 -1.56676 -0.49704 0.58269 0.51188 -0.42519 -0.60169 -0.44177
1413394943305760256 -1.58694 -0.36481 0.51747 -0.49715 0.44619 0.57842 0.46817
1413394943405760512 -1.61142 -0.26570 0.45714 -0.47982 0.47067 0.55844 0.48620
1413394943505760512 -1.64237 -0.20134 0.40934 -0.45535 0.49496 0.54476 0.50090
1413394943605760512 -1.68731 -0.16635 0.37057 -0.42667 0.52547 0.53845 0.50190
1413394943705760512 -1.74302 -0.14864 0.34188 -0.40385 0.56079 0.53550 0.48544
1413394943805760256 -1.80793 -0.15041 0.31291 -0.39323 0.58776 0.52750 0.47080
1413394943905760512 -1.87707 -0.16261 0.28148 -0.40059 0.60760 0.51271 0.45549
1413394944005760512 -1.94856 -0.18079 0.24093 -0.40392 0.62156 0.50485 0.44232
1413394944105760512 -2.01714 -0.20830 0.20866 -0.39521 0.62523 0.50770 0.44174
1413394944205760512 -2.08146 -0.23378 0.18320 -0.38903 0.62595 0.51030 0.44322
1413394944305760256 -2.14176 -0.26199 0.16642 -0.38021 0.63383 0.51192 0.43777
1413394944405760512 -2.19687 -0.28608 0.16549 -0.36520 0.64415 0.51669 0.42980
1413394944505760512 -2.24735 -0.30649 0.17505 -0.34407 0.65697 0.51873 0.42535
1413394944605760512 -2.29522 -0.32489 0.17242 -0.32886 0.68003 0.50425 0.41851
1413394944705760512 -2.33617 -0.33469 0.15835 -0.30894 0.70864 0.48435 0.40963
1413394944805760256 -2.36636 -0.33372 0.13406 -0.28621 0.73672 0.45881 0.40598
1413394944905760512 -2.38440 -0.31488 0.10458 -0.26507 0.76022 0.42762 0.41104
1413394945005760512 -2.38668 -0.28004 0.07148 -0.24485 0.77733 0.39196 0.42682
1413394945105760512 -2.37509 -0.23132 0.03620 -0.22128 0.78445 0.35814 0.45542
1413394945205760512 -2.35185 -0.16973 0.00095 -0.19640 0.78827 0.32490 0.48425
1413394945305760256 -2.31984 -0.09739 -0.03108 -0.17201 0.79045 0.29031 0.51120
1413394945405760512 -2.28355 -0.01745 -0.05729 -0.15238 0.78504 0.25305 0.54449
1413394945505760512 -2.24811 0.06815 -0.08131 -0.14983 0.78286 0.20253 0.56891
1413394945605760512 -2.21717 0.15073 -0.10363 -0.15084 0.78771 0.14762 0.57877
1413394945705760512 -2.18888 0.22629 -0.12345 -0.14554 0.79413 0.09465 0.58242
1413394945805760256 -2.16108 0.28701 -0.14275 -0.13161 0.80066 0.04451 0.58279
1413394945905760512 -2.13277 0.32703 -0.16121 -0.11203 0.80387 -0.00620 0.58413
1413394946005760512 -2.10842 0.34749 -0.17687 -0.07966 0.80506 -0.05131 0.58558
1413394946155760640 -2.07828 0.34726 -0.19123 -0.00718 0.80346 -0.10538 0.58591
1413394946255760384 -2.06712 0.33054 -0.19787 0.03397 0.79581 -0.14671 0.58652
1413394946455760384 -2.05988 0.27237 -0.21054 0.09158 0.77466 -0.24481 0.57584
1413394946655760640 -2.08877 0.17710 -0.21377 0.16284 0.74184 -0.32837 0.56154
1413394946855760640 -2.14591 0.06222 -0.21704 0.26119 0.69921 -0.39077 0.53869
1413394947055760384 -2.22672 -0.04067 -0.21106 0.33980 0.64704 -0.46077 0.50355
1413394947255760384 -2.30776 -0.11718 -0.16593 0.39343 0.60033 -0.53329 0.44769
1413394947455760384 -2.39222 -0.16899 -0.05081 -0.44120 -0.54855 0.57541 -0.41634
1413394947655760640 -2.45144 -0.19850 0.08039 -0.43350 -0.54253 0.61001 -0.38162
1413394947855760640 -2.49829 -0.23591 0.16348 -0.39036 -0.57461 0.62784 -0.35108
1413394948055760384 -2.49812 -0.33631 0.26146 0.35914 0.61402 -0.60255 0.36185
1413394948255760384 -2.47523 -0.47703 0.36160 0.34584 0.64497 -0.56866 0.37555
1413394948455760384 -2.47321 -0.67896 0.44615 0.40110 0.61815 -0.50470 0.44976
1413394948655760640 -2.45159 -0.85430 0.50662 0.44478 0.57396 -0.45906 0.51186
1413394948855760640 -2.43494 -0.91521 0.57554 0.44444 0.57493 -0.46425 0.50636
1413394949055760384 -2.37839 -0.87376 0.62207 0.39065 0.62775 -0.51998 0.42773
1413394949255760384 -2.32911 -0.82413 0.63169 0.33786 0.66577 -0.56170 0.35649
1413394949455760384 -2.23673 -0.85689 0.61244 0.32670 0.67029 -0.57406 0.33829
1413394949655760640 -2.12169 -0.97885 0.61849 0.39927 0.62078 -0.52898 0.41880
1413394949855760640 -1.97603 -1.12459 0.64896 0.43632 0.57480 -0.49807 0.48079
1413394950055760384 -1.83211 -1.18914 0.66117 0.39915 0.57337 -0.50270 0.50913
1413394950255760384 -1.71952 -1.18191 0.66587 0.32272 0.60799 -0.51795 0.50786
1413394950455760384 -1.65830 -1.17868 0.67246 0.29807 0.68143 -0.51620 0.42467
1413394950655760640 -1.59444 -1.20947 0.70410 0.30428 0.70466 -0.50713 0.39203
1413394950855760640 -1.48902 -1.33058 0.74747 0.36002 0.66642 -0.45144 0.47168
1413394951055760384 -1.36013 -1.40556 0.81255 0.39373 0.61993 -0.37618 0.56494
1413394951255760384 -1.24975 -1.37672 0.86793 0.34073 0.63713 -0.35437 0.59363
1413394951455760384 -1.18463 -1.26479 0.90372 0.24046 0.73165 -0.39121 0.50382
1413394951655760640 -1.13941 -1.15771 0.96506 0.17988 0.78754 -0.42197 0.41154
1413394951855760640 -1.02383 -1.18710 1.06293 0.20162 0.78313 -0.41625 0.41569
1413394952055760384 -0.85435 -1.29092 1.18755 0.27451 0.71894 -0.37417 0.51746
1413394952255760384 -0.68498 -1.40355 1.26784 0.29814 0.68104 -0.35725 0.56539
1413394952455760384 -0.54392 -1.48380 1.27978 0.23575 0.71722 -0.38280 0.53243
1413394952655760640 -0.42579 -1.55674 1.32386 0.21711 0.75105 -0.36432 0.50603
1413394952855760640 -0.29096 -1.68688 1.38095 0.24532 0.73643 -0.32402 0.54083
1413394953055760384 -0.16523 -1.77462 1.42034 0.27258 0.68772 -0.29035 0.60699
1413394953255760384 -0.12816 -1.76902 1.45671 0.28231 0.66352 -0.27692 0.63511
1413394953455760384 -0.12914 -1.71983 1.53220 0.28355 0.66009 -0.28039 0.63660
1413394953655760640 -0.25791 -1.47954 1.54236 0.24052 0.75310 -0.32746 0.51746
1413394953855760640 -0.34954 -1.28303 1.39605 0.20859 0.80207 -0.35468 0.43287
1413394954055760384 -0.36811 -1.13011 1.20776 0.22951 0.77854 -0.33965 0.47523
1413394954255760384 -0.34621 -0.99763 1.03304 0.26863 0.71986 -0.30162 0.56450
1413394954455760384 -0.33193 -0.83425 0.88108 0.27581 0.69234 -0.28911 0.60085
1413394954655760640 -0.35683 -0.60862 0.76562 0.21878 0.75233 -0.33965 0.52036
1413394959555760384 -0.03998 0.02111 0.22563 -0.15722 0.78395 0.24606 0.54787
1413394959655760640 -0.04247 0.03466 0.23963 -0.14277 0.81857 0.26391 0.48981
1413394959755760384 -0.03799 0.06828 0.25141 -0.13258 0.83166 0.28552 0.45742
1413394959855760640 0.00313 0.13024 0.28546 -0.12893 0.81222 0.31751 0.47208
1413394959955760384 0.05126 0.19655 0.30121 -0.15095 0.77897 0.33464 0.50836
1413394960055760384 0.09331 0.26055 0.30202 -0.19727 0.73511 0.33932 0.55277
1413394960155760640 0.12692 0.32337 0.29490 -0.24071 0.69585 0.34801 0.58029
1413394960255760384 0.14756 0.40079 0.29160 -0.26636 0.67711 0.36748 0.57925
1413394960355760640 0.15898 0.45652 0.28751 -0.28314 0.67616 0.39879 0.55101
1413394960455760384 0.16728 0.52178 0.26965 -0.28343 0.68822 0.43654 0.50543
1413394960555760384 0.15601 0.53563 0.24452 -0.27758 0.70184 0.47830 0.44900
1413394960655760640 0.14022 0.54435 0.21616 -0.27381 0.70607 0.51460 0.40209
1413394960755760384 0.12790 0.55899 0.19438 -0.28072 0.68813 0.54454 0.38879
1413394960855760640 0.12585 0.61819 0.18399 -0.31309 0.65180 0.55328 0.41353
1413394960955760384 0.12655 0.69383 0.18033 -0.35716 0.61624 0.54370 0.44393
1413394961055760384 0.12371 0.77291 0.17961 -0.39033 0.59107 0.53081 0.46531
1413394961155760640 0.11447 0.83659 0.17374 -0.40515 0.58126 0.52911 0.46693
1413394961255760384 0.10651 0.89783 0.15888 -0.38444 0.59833 0.54454 0.44461
1413394961355760640 0.08889 0.93976 0.14772 -0.35501 0.61994 0.57081 0.40473
1413394961455760384 0.07098 0.98944 0.14005 -0.32750 0.62686 0.59187 0.38663
1413394961555760384 0.05138 1.05748 0.13942 -0.32231 0.60896 0.59980 0.40685
1413394961655760640 0.02521 1.13792 0.14264 -0.34836 0.58820 0.58578 0.43534
1413394961755760384 -0.01193 1.22209 0.14682 -0.39216 0.56934 0.55653 0.46080
1413394961855760640 -0.05573 1.29580 0.14998 -0.42600 0.56055 0.53026 0.47236
1413394961955760384 -0.10158 1.35601 0.15364 -0.44141 0.56315 0.51543 0.47154
1413394962055760384 -0.14857 1.39723 0.15517 -0.43351 0.58155 0.52015 0.45091
1413394962155760640 -0.19399 1.42281 0.15659 -0.40182 0.60095 0.54169 0.42892
1413394962255760384 -0.23871 1.44365 0.16197 -0.37494 0.61443 0.55756 0.41356
1413394962355760640 -0.28098 1.45728 0.17576 -0.36660 0.61553 0.56138 0.41423
1413394962455760384 -0.32263 1.47347 0.19875 -0.39197 0.59319 0.54318 0.44660
1413394962555760384 -0.37360 1.49855 0.22612 -0.42464 0.56520 0.51697 0.48267
1413394962655760640 -0.41941 1.48783 0.24822 -0.44218 0.55833 0.50548 0.48706
1413394962755760384 -0.47209 1.46672 0.26098 -0.42833 0.58083 0.52050 0.45634
1413394962855760640 -0.52830 1.43968 0.26933 -0.40141 0.60556 0.54445 0.41921
1413394962955760384 -0.57865 1.40509 0.27235 -0.38207 0.61020 0.56752 0.39949
1413394963055760384 -0.62709 1.37529 0.27748 -0.39421 0.59119 0.56859 0.41448
1413394963155760640 -0.67473 1.34654 0.27892 -0.42663 0.56237 0.55216 0.44368
1413394963255760384 -0.72122 1.30371 0.26456 -0.44575 0.54715 0.54236 0.45583
1413394963355760640 -0.77446 1.25501 0.23292 -0.42858 0.55924 0.55811 0.43827
1413394963455760384 -0.82726 1.18637 0.18947 -0.39359 0.58328 0.58473 0.40369
1413394963555760384 -0.88187 1.11402 0.14251 -0.36140 0.60158 0.60606 0.37442
1413394963655760640 -0.93815 1.06219 0.10514 -0.35696 0.60298 0.60790 0.37343
1413394963755760384 -0.99642 1.02320 0.07934 -0.38450 0.58357 0.58917 0.40556
1413394963855760640 -1.05953 0.96774 0.04788 -0.42258 0.56119 0.56125 0.43760
1413394963955760384 -1.12774 0.92143 0.01543 -0.43337 0.56657 0.55083 0.43333
1413394964055760384 -1.19698 0.86574 -0.02487 -0.40519 0.59042 0.56787 0.40589
1413394964155760640 -1.26436 0.81223 -0.06237 -0.36863 0.61295 0.58888 0.37633
1413394964255760384 -1.33330 0.76677 -0.09463 -0.35224 0.61786 0.59481 0.37468
1413394964355760640 -1.40347 0.74044 -0.10833 -0.37240 0.60090 0.58040 0.40419
1413394964455760384 -1.47830 0.72058 -0.11462 -0.41357 0.57830 0.55044 0.43765
1413394964555760384 -1.55245 0.69119 -0.12367 -0.44017 0.57033 0.52994 0.44737
1413394964655760640 -1.62145 0.65693 -0.13454 -0.43233 0.59386 0.53722 0.41451
1413394964755760384 -1.68528 0.61905 -0.14446 -0.40383 0.62437 0.55696 0.36997
1413394964855760640 -1.74481 0.58919 -0.15151 -0.37616 0.64958 0.56844 0.33679
1413394964955760384 -1.78918 0.57830 -0.15101 -0.36633 0.66848 0.56606 0.31388
1413394965055760384 -1.81736 0.59065 -0.13511 -0.37767 0.65925 0.55652 0.33622
1413394965155760640 -1.84230 0.61478 -0.10954 -0.40491 0.62283 0.54367 0.39058
1413394965255760384 -1.86155 0.64210 -0.08037 -0.43871 0.58248 0.53209 0.43028
1413394965355760640 -1.87761 0.66448 -0.05592 -0.44558 0.55697 0.54618 0.43924
1413394965455760384 -1.89312 0.67483 -0.03610 -0.43521 0.54791 0.57762 0.42041
1413394965555760384 -1.90971 0.67832 -0.01330 -0.44067 0.53326 0.59998 0.40183
1413394965655760640 -1.92818 0.67594 0.01603 -0.47557 0.50671 0.60519 0.38836
1413394965755760384 -1.94433 0.66479 0.04501 0.50776 -0.47545 -0.61377 -0.37338
1413394965855760640 -1.95597 0.64253 0.05968 0.50672 -0.45214 -0.64497 -0.35045
1413394965955760384 -1.96431 0.60965 0.06876 0.50784 -0.42526 -0.67058 -0.33402
1413394966055760384 -1.97221 0.57162 0.07494 0.54028 -0.39116 -0.66887 -0.32818
1413394966155760640 -1.97151 0.51956 0.07468 0.55889 -0.36685 -0.67465 -0.31291
1413394966255760384 -1.96887 0.45569 0.05717 0.53619 -0.36195 -0.70973 -0.27886
1413394966355760640 -1.96243 0.38612 0.02864 -0.48854 0.36518 0.75728 0.23346
1413394966455760384 -1.96060 0.32147 0.00057 -0.44794 0.36282 0.79385 0.19369
1413394966555760384 -1.97388 0.27802 -0.01433 -0.45719 0.34480 0.79955 0.18115
1413394966655760640 -1.99848 0.25262 -0.01879 0.50658 -0.31480 -0.77966 -0.19080
1413394966755760384 -2.02868 0.23311 -0.01943 0.56203 -0.28186 -0.75107 -0.20140
1413394966855760640 -2.05508 0.21042 -0.02315 0.59358 -0.25770 -0.73643 -0.19730
1413394966955760384 -2.06711 0.17778 -0.02890 0.58370 -0.24048 -0.75415 -0.18089
1413394967055760384 -2.07627 0.14111 -0.03796 0.54613 -0.22683 -0.79088 -0.15746
1413394967155760640 -2.08597 0.10189 -0.04277 0.51558 -0.20769 -0.81978 -0.13782
1413394967255760384 -2.10637 0.06592 -0.03359 0.53194 -0.18283 -0.81717 -0.12592
1413394967355760640 -2.13642 0.03089 -0.01407 0.57823 -0.15544 -0.79218 -0.11806
1413394967455760384 -2.16337 -0.00767 0.00815 0.62604 -0.13010 -0.76128 -0.10773
1413394967555760384 -2.17761 -0.05186 0.02387 0.63219 -0.11496 -0.76180 -0.08240
1413394967655760640 -2.17333 -0.09676 0.03574 0.59197 -0.09742 -0.79786 -0.05922
1413394967755760384 -2.16542 -0.14080 0.04984 0.55742 -0.07715 -0.82563 -0.04084
1413394967855760640 -2.16442 -0.18126 0.07767 0.56497 -0.05274 -0.82299 -0.02679
1413394967955760384 -2.16059 -0.22276 0.11058 0.59652 -0.02360 -0.80216 -0.01201
1413394968055760384 -2.15040 -0.26886 0.14462 0.60954 0.00570 -0.79270 0.00730
1413394968155760640 -2.13550 -0.31378 0.16137 0.58299 0.02945 -0.81156 0.02506
1413394968255760384 -2.12220 -0.35571 0.16727 0.55503 0.04596 -0.82971 0.03756
1413394968355760640 -2.11343 -0.39265 0.16787 0.55087 0.06048 -0.83106 0.04703
1413394968455760384 -2.11183 -0.43297 0.15973 0.55468 0.07547 -0.82662 0.05764
1413394968555760384 -2.11448 -0.47525 0.15138 0.55281 0.08893 -0.82561 0.06976
1413394968655760640 -2.12334 -0.51649 0.14423 0.54198 0.10032 -0.83109 0.07406
1413394968755760384 -2.14221 -0.55653 0.14137 0.54196 0.11644 -0.82983 0.06408
1413394968855760640 -2.16504 -0.60276 0.14053 0.55039 0.12449 -0.82346 0.05912
1413394968955760384 -2.19278 -0.65190 0.14115 0.56084 0.12282 -0.81566 0.07121
1413394969055760384 -2.22609 -0.70624 0.14329 0.57340 0.12401 -0.80486 0.08963
1413394969255760384 -2.28795 -0.81850 0.12175 0.58765 0.13717 -0.78892 0.11604
1413394969455760384 -2.33344 -0.91009 0.04348 0.60795 0.14732 -0.77028 0.12393
1413394969655760640 -2.34521 -0.98716 -0.04588 0.58724 0.17360 -0.78592 0.08564
1413394969855760640 -2.32364 -1.07892 -0.11848 0.56892 0.18947 -0.79840 0.05466
1413394970055760384 -2.29668 -1.22452 -0.16058 0.54508 0.16564 -0.81818 0.07772
1413394970255760384 -2.29267 -1.40142 -0.14258 0.54989 0.14942 -0.81615 0.09592
1413394970455760384 -2.30266 -1.57955 -0.12633 0.60080 0.11910 -0.77828 0.13831
1413394970655760640 -2.28817 -1.71760 -0.15152 0.60238 0.09043 -0.77220 0.18075
1413394970855760640 -2.25951 -1.76593 -0.17281 0.60378 0.11226 -0.77595 0.14405
1413394971055760384 -2.21199 -1.77769 -0.17447 0.56906 0.14841 -0.80460 0.08225
1413394971255760384 -2.16390 -1.80228 -0.13510 0.52936 0.14583 -0.83258 0.07298
1413394971455760384 -2.16390 -1.85801 -0.11575 -0.48574 -0.14177 0.85967 -0.07024
1413394971655760640 -2.24706 -1.94012 -0.09566 -0.49515 -0.11602 0.85521 -0.09990
1413394971855760640 -2.39942 -2.01312 -0.05862 0.56083 0.08183 -0.81518 0.11938
1413394972055760384 -2.56472 -2.04652 -0.03451 0.61321 0.03825 -0.78204 0.10454
1413394972255760384 -2.68929 -2.03074 -0.04481 0.63444 -0.02496 -0.77040 0.05779
1413394972455760384 -2.75961 -1.96446 -0.08449 0.63131 -0.10846 -0.76791 -0.00234
1413394972655760640 -2.78948 -1.85636 -0.14189 0.58124 -0.19450 -0.78626 -0.07822
1413394972855760640 -2.78512 -1.72552 -0.17286 0.54593 -0.25488 -0.77598 -0.18668
1413394973005760512 -2.81952 -1.64270 -0.16319 0.52745 -0.30674 -0.75278 -0.24705
1413394973105760512 -2.84740 -1.59506 -0.17107 0.51493 -0.34773 -0.73434 -0.27326
1413394973205760512 -2.83308 -1.55858 -0.17495 0.50184 -0.39501 -0.71273 -0.29005
1413394973305760256 -2.80396 -1.52781 -0.17436 -0.48814 0.43918 0.68844 0.30803
1413394973405760512 -2.78757 -1.49351 -0.17613 -0.47451 0.47976 0.66127 0.32772
1413394973505760512 -2.77609 -1.45252 -0.17614 -0.45872 0.51584 0.63332 0.34985
1413394973605760512 -2.76621 -1.40783 -0.17503 -0.43910 0.55151 0.60512 0.36993
1413394973705760512 -2.76196 -1.36460 -0.17318 -0.41757 0.58121 0.57530 0.39605
1413394973805760256 -2.75748 -1.32561 -0.17131 -0.39694 0.60798 0.54211 0.42298
1413394973905760512 -2.75438 -1.28330 -0.16837 -0.37709 0.63527 0.50719 0.44385
1413394974005760512 -2.74952 -1.24133 -0.16474 -0.35641 0.66148 0.47198 0.46114
1413394974105760512 -2.74370 -1.20567 -0.15892 -0.33567 0.68603 0.43502 0.47691
1413394974205760512 -2.74074 -1.15131 -0.15483 -0.31789 0.70780 0.39601 0.49106
1413394974305760256 -2.73378 -1.10681 -0.14597 -0.29789 0.72943 0.35688 0.50182
1413394974405760512 -2.72190 -1.06487 -0.13868 -0.27827 0.75115 0.31663 0.50803
1413394974505760512 -2.70305 -1.02243 -0.12667 -0.25630 0.76867 0.27805 0.51590
1413394974605760512 -2.67630 -0.97351 -0.11266 -0.23302 0.77892 0.24192 0.52959
1413394974705760512 -2.64163 -0.91459 -0.10006 -0.20715 0.78213 0.21007 0.54884
1413394974805760256 -2.60127 -0.87220 -0.08763 -0.17873 0.78920 0.18363 0.55812
1413394974905760512 -2.56465 -0.85624 -0.07990 -0.14693 0.79628 0.16180 0.56407
1413394975005760512 -2.52943 -0.84466 -0.08636 -0.11872 0.80172 0.14123 0.56851
1413394975105760512 -2.49795 -0.84045 -0.10360 -0.09542 0.79823 0.12296 0.58190
1413394975205760512 -2.46506 -0.83187 -0.12941 -0.08037 0.79288 0.10384 0.59507
1413394975305760256 -2.43957 -0.82493 -0.16515 -0.06781 0.79028 0.08502 0.60302
1413394975405760512 -2.42095 -0.81851 -0.20269 -0.05263 0.79184 0.07051 0.60435
1413394975505760512 -2.40231 -0.81022 -0.23850 -0.03663 0.79948 0.05914 0.59666
1413394975605760512 -2.37881 -0.79688 -0.27124 -0.02412 0.80874 0.05225 0.58534
1413394975755760384 -2.36078 -0.77353 -0.30998 -0.01535 0.81778 0.04524 0.57354
1413394975855760640 -2.34538 -0.75233 -0.32827 -0.01439 0.82041 0.04328 0.56996
1413394976055760384 -2.31476 -0.69924 -0.34286 -0.01585 0.80114 0.04461 0.59660
1413394976255760384 -2.29885 -0.63560 -0.35598 -0.01538 0.79704 0.04907 0.60174
1413394976455760384 -2.30374 -0.56042 -0.36818 -0.01606 0.78500 0.05243 0.61706
1413394976605760512 -2.33310 -0.49827 -0.37195 -0.02246 0.76883 0.04976 0.63711
1413394976755760384 -2.39490 -0.43520 -0.37626 -0.04426 0.77255 0.03622 0.63237
1413394976855760640 -2.45364 -0.39743 -0.37984 -0.05788 0.79443 0.02588 0.60404
1413394976955760384 -2.51766 -0.36622 -0.38453 -0.06832 0.82732 0.01451 0.55737
1413394977105760512 -2.59911 -0.33882 -0.38069 -0.07527 0.86596 -0.00480 0.49440
1413394977205760512 -2.62866 -0.33279 -0.36837 -0.07586 0.88347 -0.01743 0.46197
1413394977405760512 -2.59029 -0.36686 -0.31065 -0.02474 0.89127 0.00862 0.45271
1413394977605760512 -2.42045 -0.40894 -0.22085 0.00537 0.88677 0.02786 0.46134
1413394977805760256 -2.14519 -0.41947 -0.11799 0.01108 0.87595 0.03083 0.48128
1413394978005760512 -1.78508 -0.39913 -0.00481 0.01605 0.83834 0.03524 0.54377
1413394978155760640 -1.49510 -0.36447 0.07161 0.02196 0.81727 0.03951 0.57448
1413394978255760384 -1.30572 -0.33187 0.11112 0.02444 0.81206 0.04161 0.58158
1413394978355760640 -1.12390 -0.28982 0.14293 0.02562 0.81086 0.04310 0.58309
1413394978455760384 -0.93996 -0.24488 0.16111 0.02321 0.81061 0.04387 0.58349
1413394978555760384 -0.75953 -0.19085 0.17132 0.01581 0.81132 0.04152 0.58291
1413394978655760640 -0.58003 -0.12787 0.18100 0.00347 0.81214 0.03546 0.58237
1413394978755760384 -0.41027 -0.06123 0.19271 -0.01283 0.81251 0.02618 0.58222
1413394978855760640 -0.24018 0.00954 0.20766 -0.02349 0.81220 0.01869 0.58260
1413394978955760384 -0.07493 0.07828 0.22136 -0.02839 0.81027 0.01339 0.58522
1413394979055760384 0.08664 0.14224 0.23072 -0.02988 0.80104 0.00853 0.59780
1413394979155760640 0.24134 0.20375 0.22873 -0.03367 0.78683 0.00254 0.61625
1413394979255760384 0.38685 0.26171 0.21703 -0.04356 0.76980 -0.00648 0.63676
1413394979355760640 0.51770 0.31280 0.20286 -0.05707 0.75292 -0.01563 0.65545
1413394979455760384 0.62639 0.35294 0.19411 -0.07017 0.73290 -0.02149 0.67637
1413394979555760384 0.70427 0.37676 0.19733 -0.07578 0.71156 -0.02115 0.69820
1413394979655760640 0.74814 0.38582 0.21307 -0.07264 0.69906 -0.01418 0.71122
1413394979755760384 0.76781 0.37570 0.23612 -0.05979 0.70823 0.00019 0.70345
1413394979855760640 0.73995 0.35967 0.26939 -0.02572 0.74533 0.02112 0.66586
1413394979955760384 0.69068 0.34240 0.30908 0.00664 0.78000 0.03668 0.62467
1413394980055760384 0.62740 0.33274 0.34706 0.02274 0.79758 0.04043 0.60142
1413394980155760640 0.55135 0.33116 0.37391 0.02888 0.79655 0.03883 0.60263
1413394980255760384 0.46239 0.33997 0.38852 0.02626 0.78816 0.03351 0.61400
1413394980355760640 0.37824 0.35579 0.39823 0.01932 0.78196 0.02598 0.62248
1413394980455760384 0.27249 0.37832 0.38974 0.01579 0.78604 0.02161 0.61759
1413394980555760384 0.17452 0.40574 0.38764 0.00481 0.79712 0.01189 0.60368
1413394980655760640 0.06495 0.43819 0.38810 -0.00562 0.80651 0.00372 0.59119
1413394980755760384 -0.03761 0.47152 0.39589 -0.01107 0.81120 -0.00043 0.58466
1413394980855760640 -0.13846 0.50399 0.40722 -0.01505 0.81377 -0.00271 0.58098
1413394980955760384 -0.23646 0.53441 0.41864 -0.01679 0.81493 -0.00321 0.57931
1413394981055760384 -0.32969 0.56310 0.42165 -0.02171 0.81647 -0.00637 0.57694
1413394981155760640 -0.43921 0.58467 0.41012 -0.02852 0.81763 -0.01116 0.57494
1413394981255760384 -0.53621 0.59994 0.38863 -0.03370 0.81941 -0.01508 0.57202
1413394981355760640 -0.63155 0.60565 0.36087 -0.03078 0.82010 -0.01456 0.57120
1413394981455760384 -0.71867 0.60724 0.33609 -0.01687 0.82053 -0.00847 0.57129
1413394981555760384 -0.79896 0.61019 0.31612 -0.00679 0.82057 -0.00631 0.57148
1413394981655760640 -0.87648 0.61219 0.29666 -0.00351 0.82469 -0.00905 0.56550
1413394981755760384 -0.94767 0.61277 0.27761 0.00046 0.82956 -0.01642 0.55817
1413394981855760640 -1.01151 0.61187 0.25907 0.00079 0.83266 -0.03200 0.55286
1413394981955760384 -1.07347 0.60636 0.24346 0.00188 0.83261 -0.05102 0.55150
1413394982055760384 -1.11962 0.59462 0.23143 0.00371 0.83043 -0.07465 0.55209
1413394982155760640 -1.15692 0.57468 0.22436 0.00597 0.82371 -0.10233 0.55766
1413394982255760384 -1.18581 0.54523 0.22049 0.00912 0.81561 -0.13353 0.56291
1413394982355760640 -1.21300 0.50314 0.21916 0.01909 0.80887 -0.16330 0.56453
1413394982455760384 -1.24051 0.44475 0.22236 0.03414 0.80097 -0.19274 0.56580
1413394982555760384 -1.27041 0.36942 0.23076 0.05098 0.79309 -0.22218 0.56484
1413394982655760640 -1.30392 0.27928 0.24463 0.06908 0.78349 -0.25085 0.56431
1413394982755760384 -1.34143 0.17379 0.26187 0.09042 0.77497 -0.27518 0.56172
1413394982855760640 -1.38211 0.05524 0.28088 0.11564 0.76598 -0.29686 0.55837
1413394983005760512 -1.45010 -0.14211 0.31163 0.15412 0.75453 -0.32208 0.55064
1413394983205760512 -1.54782 -0.42770 0.35544 0.19403 0.74673 -0.33210 0.54264
1413394983405760512 -1.64864 -0.72158 0.40550 0.21420 0.74560 -0.32693 0.53973
1413394983605760512 -1.74507 -1.00909 0.44691 0.23925 0.75676 -0.30206 0.52804
1413394983805760256 -1.82606 -1.27178 0.44576 0.25276 0.76068 -0.28400 0.52614
1413394984005760512 -1.87898 -1.50078 0.39586 0.25099 0.76108 -0.28113 0.52794
1413394984205760512 -1.89988 -1.68472 0.32347 0.24049 0.76650 -0.26824 0.53168
1413394984405760512 -1.89160 -1.83224 0.25731 0.22740 0.77835 -0.25917 0.52468
1413394984605760512 -1.84996 -1.95127 0.20643 0.21190 0.79115 -0.24285 0.51981
1413394984805760256 -1.77248 -2.04022 0.17021 0.18830 0.80387 -0.21126 0.52317
1413394985005760512 -1.65222 -2.10438 0.14825 0.15492 0.80953 -0.17381 0.53893
1413394985205760512 -1.50605 -2.14421 0.14753 0.13617 0.81466 -0.13881 0.54637
1413394985405760512 -1.33582 -2.17064 0.17874 0.09531 0.81724 -0.14624 0.54922
1413394985605760512 -1.14696 -2.20174 0.27132 0.06899 0.81659 -0.15570 0.55152
1413394985805760256 -0.94226 -2.26212 0.37366 0.10787 0.81943 -0.12385 0.54915
1413394986005760512 -0.73009 -2.30516 0.42119 0.12328 0.81906 -0.11402 0.54858
1413394986205760512 -0.49661 -2.32292 0.44783 0.11159 0.81564 -0.12787 0.55310
1413394986405760512 -0.25269 -2.32859 0.49004 0.07919 0.81121 -0.15562 0.55808
1413394986605760512 -0.00501 -2.34731 0.55296 0.09650 0.81223 -0.14625 0.55639
1413394986805760256 0.25665 -2.36849 0.61715 0.12845 0.81497 -0.12351 0.55142
1413394987005760512 0.52715 -2.36653 0.67460 0.11272 0.80509 -0.13765 0.56585
1413394987205760512 0.79740 -2.35728 0.69129 0.08478 0.79763 -0.16003 0.57532
1413394987405760512 1.06386 -2.35614 0.67987 0.11907 0.79183 -0.13821 0.58287
1413394987605760512 1.31143 -2.33783 0.67827 0.14874 0.78474 -0.11717 0.59020
1413394987805760256 1.54261 -2.26562 0.70099 0.15507 0.77113 -0.11238 0.60719
1413394988005760512 1.74667 -2.13794 0.73647 0.15779 0.76133 -0.11277 0.61868
1413394988205760512 1.89875 -1.95395 0.78589 0.13561 0.75473 -0.13026 0.62851
1413394988405760512 1.99049 -1.73957 0.83226 0.09649 0.75141 -0.18346 0.62643
1413394988605760512 2.00599 -1.54421 0.85216 0.10410 0.74406 -0.25521 0.60861
1413394988805760256 1.97015 -1.37750 0.84591 0.16815 0.73503 -0.29968 0.58451
1413394989005760512 1.87067 -1.21944 0.82789 0.21944 0.72547 -0.31248 0.57262
1413394989205760512 1.75106 -1.04949 0.80264 0.23900 0.73324 -0.31541 0.55295
1413394989405760512 1.64315 -0.86427 0.78798 0.22702 0.73779 -0.32241 0.54788
1413394989605760512 1.51698 -0.68702 0.76493 0.20887 0.74039 -0.32708 0.54883
1413394989805760256 1.39239 -0.50880 0.70353 0.17407 0.75150 -0.31684 0.55188
1413394990005760512 1.26846 -0.35785 0.60982 0.12428 0.78254 -0.26559 0.54922
1413394990155760640 1.17441 -0.26110 0.52526 0.10372 0.80481 -0.19245 0.55181
1413394990255760384 1.11727 -0.20020 0.46190 0.08740 0.81653 -0.14121 0.55290
1413394990405760512 1.03889 -0.10892 0.37105 0.06056 0.82832 -0.06965 0.55259
1413394990505760512 0.99936 -0.05223 0.31025 0.04113 0.83254 -0.03908 0.55105
1413394990605760512 0.95469 0.02684 0.25718 0.02310 0.83490 -0.02304 0.54943
1413394990705760512 0.92423 0.09118 0.20596 0.01282 0.83638 -0.01329 0.54785
1413394990805760256 0.90002 0.15935 0.16073 0.00762 0.83628 -0.00980 0.54817
1413394990905760512 0.89244 0.22032 0.11719 0.00720 0.83620 -0.00978 0.54829
1413394991005760512 0.88348 0.28506 0.07606 0.00909 0.83541 -0.01210 0.54943
1413394991105760512 0.89030 0.34615 0.03992 0.00988 0.83457 -0.01775 0.55053
1413394991205760512 0.89584 0.41059 0.00638 0.00781 0.83191 -0.02631 0.55423
1413394991305760256 0.91169 0.46843 -0.02273 0.00924 0.83098 -0.03996 0.55479
1413394991405760512 0.93450 0.52456 -0.05034 0.01678 0.82998 -0.05901 0.55441
1413394991505760512 0.96321 0.57507 -0.07345 0.02909 0.82714 -0.08182 0.55525
1413394991605760512 1.00166 0.61633 -0.09473 0.04588 0.82317 -0.10565 0.55599
1413394991705760512 1.03819 0.65360 -0.10771 0.06800 0.81510 -0.12502 0.56157
1413394991805760256 1.08124 0.68734 -0.11932 0.08582 0.80212 -0.14130 0.57383
1413394991905760512 1.12425 0.72109 -0.12984 0.09381 0.78992 -0.15586 0.58560
1413394992005760512 1.16760 0.75206 -0.14171 0.09709 0.78230 -0.16982 0.59139
1413394992105760512 1.20300 0.78174 -0.15441 0.09527 0.77973 -0.18876 0.58934
1413394992205760512 1.23043 0.80256 -0.16325 0.09336 0.78069 -0.21024 0.58104
1413394992305760256 1.25275 0.81437 -0.16907 0.10096 0.78081 -0.22803 0.57285
1413394992405760512 1.27096 0.81958 -0.17177 0.12115 0.77909 -0.24018 0.56626
1413394992505760512 1.28505 0.81742 -0.17036 0.15143 0.77898 -0.24397 0.55744
1413394992605760512 1.29913 0.81390 -0.16644 0.17818 0.77767 -0.24376 0.55142
1413394992705760512 1.31539 0.81380 -0.16147 0.18542 0.77115 -0.25045 0.55517
1413394992805760256 1.32976 0.81719 -0.15745 0.18104 0.76374 -0.26538 0.55991
1413394992905760512 1.34370 0.81931 -0.15372 0.17623 0.75826 -0.28212 0.56070
1413394993005760512 1.35517 0.81995 -0.15543 0.17537 0.75608 -0.29254 0.55858
1413394993105760512 1.36360 0.81786 -0.16651 0.18202 0.75657 -0.29435 0.55482
1413394993205760512 1.37040 0.81407 -0.18738 0.19002 0.75909 -0.29208 0.54988
1413394993305760256 1.37142 0.81055 -0.21786 0.20083 0.76170 -0.28577 0.54573
1413394993405760512 1.37695 0.80731 -0.25125 0.20986 0.76446 -0.27852 0.54221
1413394993505760512 1.38466 0.80696 -0.28269 0.21564 0.76639 -0.27283 0.54010
1413394993605760512 1.39575 0.80886 -0.31291 0.21616 0.76683 -0.27037 0.54050
1413394993705760512 1.40855 0.81534 -0.34459 0.21286 0.76471 -0.27629 0.54183
1413394993805760256 1.42215 0.82311 -0.38102 0.20945 0.75869 -0.29264 0.54302
1413394993905760512 1.43644 0.82860 -0.42710 0.21015 0.74962 -0.31646 0.54199
1413394994005760512 1.44735 0.83325 -0.47710 0.21402 0.73727 -0.34515 0.53991
1413394994105760512 1.45258 0.83495 -0.52490 0.22496 0.72406 -0.37263 0.53505
1413394994205760512 1.45018 0.83289 -0.56011 0.24381 0.70941 -0.39690 0.52893
1413394994405760512 1.42918 0.82544 -0.60069 0.29779 0.68822 -0.43330 0.49993
1413394994605760512 1.41101 0.81855 -0.59506 0.34052 0.67592 -0.44975 0.47424
1413394994805760256 1.41941 0.82021 -0.54181 0.35873 0.66553 -0.45533 0.47017
1413394995005760512 1.45216 0.84067 -0.50019 0.35427 0.65778 -0.45980 0.48000
1413394995205760512 1.49379 0.87419 -0.53875 0.32308 0.65164 -0.47638 0.49401
1413394995405760512 1.52351 0.90971 -0.62180 0.30308 0.67064 -0.48607 0.47129
1413394995605760512 1.54481 0.91754 -0.70442 0.30579 0.67834 -0.48342 0.46114
1413394995805760256 1.57849 0.89244 -0.76960 0.31891 0.66513 -0.47437 0.48049
1413394996005760512 1.58559 0.88642 -0.83182 0.32974 0.65928 -0.47026 0.48527
1413394996205760512 1.58428 0.90426 -0.81834 0.31662 0.65802 -0.47652 0.48959
1413394996405760512 1.61397 0.90506 -0.81061 0.33635 0.65791 -0.46078 0.49165
1413394996605760512 1.66388 0.88628 -0.84154 0.33913 0.65850 -0.45949 0.49014
1413394996805760256 1.66600 0.89765 -0.83558 0.33840 0.65891 -0.46003 0.48959
1413394997005760512 1.66509 0.91182 -0.80647 0.33786 0.65890 -0.46017 0.48985
1413394997205760512 1.66858 0.91408 -0.79886 0.33741 0.65892 -0.46029 0.49001
1413394997405760512 1.67265 0.91308 -0.80077 0.33712 0.65885 -0.46019 0.49039
1413394997605760512 1.67695 0.90936 -0.80256 0.33694 0.65887 -0.46016 0.49053
1413394997805760256 1.68009 0.90415 -0.80542 0.33676 0.65882 -0.46021 0.49065
1413394998005760512 1.68144 0.89507 -0.80716 0.33644 0.65883 -0.46032 0.49077
