1413394888305760256 0.06473 0.09428 0.33505 0.00934 0.82077 0.01511 0.57098
1413394888405760512 0.09546 0.11973 0.37006 0.00906 0.82223 0.01611 0.56885
1413394888505760512 0.12908 0.14727 0.40584 0.00693 0.82456 0.01550 0.56552
1413394888605760512 0.16625 0.17654 0.42951 0.00276 0.82675 0.01260 0.56242
1413394888705760512 0.20711 0.20655 0.43742 -0.00024 0.82465 0.01118 0.56553
1413394888805760256 0.25156 0.23624 0.43750 -0.00682 0.81858 0.00662 0.57432
1413394888905760512 0.29829 0.26480 0.44036 -0.01312 0.81373 0.00307 0.58109
1413394889005760512 0.34492 0.29095 0.44627 -0.01750 0.81105 0.00056 0.58472
1413394889105760512 0.38939 0.31329 0.45397 -0.02058 0.80900 -0.00174 0.58745
1413394889205760512 0.43321 0.33265 0.46534 -0.01577 0.80534 0.00189 0.59261
1413394889305760256 0.47518 0.34945 0.48245 -0.01141 0.78674 0.00478 0.61715
1413394889405760512 0.50557 0.36379 0.50605 -0.00858 0.75502 0.00728 0.65561
1413394889505760512 0.51721 0.37738 0.53077 -0.00505 0.73183 0.00968 0.68140
1413394889605760512 0.50862 0.39115 0.54908 -0.00178 0.75060 0.01087 0.66066
1413394889705760512 0.47437 0.40271 0.56656 0.00079 0.79048 0.00997 0.61240
1413394889805760256 0.43193 0.41591 0.58541 0.00232 0.82955 0.00842 0.55837
1413394889905760512 0.39348 0.42989 0.60556 0.00190 0.85714 0.00513 0.51505
1413394890005760512 0.36956 0.44422 0.62035 0.00100 0.87599 0.00203 0.48232
1413394890105760512 0.36497 0.45664 0.62446 -0.00144 0.88783 -0.00209 0.46017
1413394890205760512 0.39012 0.46909 0.62857 -0.00595 0.87803 -0.00729 0.47852
1413394890305760256 0.44413 0.47632 0.62762 -0.01606 0.85179 -0.01537 0.52342
1413394890405760512 0.51185 0.47975 0.61942 -0.02543 0.81767 -0.02218 0.57470
1413394890505760512 0.57937 0.47776 0.60790 -0.02950 0.78251 -0.02248 0.62153
1413394890605760512 0.63509 0.46906 0.59267 -0.02638 0.75356 -0.01832 0.65660
1413394890705760512 0.66979 0.45388 0.57851 -0.01727 0.73634 -0.00902 0.67633
1413394890805760256 0.67949 0.43411 0.56117 -0.00747 0.74473 0.00024 0.66733
1413394890905760512 0.66460 0.40907 0.54125 -0.00512 0.78088 0.00363 0.62465
1413394891005760512 0.63522 0.38310 0.52340 -0.00085 0.82275 0.00650 0.56836
1413394891105760512 0.60568 0.35802 0.50932 0.00229 0.85381 0.00825 0.52052
1413394891205760512 0.59037 0.33572 0.49780 0.00331 0.87206 0.00788 0.48932
1413394891305760256 0.59927 0.31333 0.48717 0.00542 0.87982 0.00909 0.47519
1413394891405760512 0.63915 0.29537 0.48302 0.01058 0.87313 0.01340 0.48718
1413394891505760512 0.70326 0.28234 0.48595 0.01263 0.85471 0.01550 0.51873
1413394891605760512 0.78012 0.27066 0.49237 0.01538 0.83455 0.01845 0.55041
1413394891705760512 0.86208 0.26138 0.49923 0.01771 0.82148 0.02092 0.56958
1413394891805760256 0.94333 0.25639 0.50740 0.01919 0.81548 0.02107 0.57809
1413394891905760512 1.02222 0.25836 0.52879 0.02214 0.80160 0.02342 0.59699
1413394892005760512 1.09769 0.26564 0.56226 0.02327 0.78393 0.02576 0.61988
1413394892105760512 1.16528 0.27923 0.59790 0.01950 0.77127 0.03191 0.63540
1413394892205760512 1.21829 0.30072 0.63260 0.01116 0.76670 0.04604 0.64025
1413394892305760256 1.26414 0.32660 0.66352 -0.00377 0.76513 0.06488 0.64058
1413394892405760512 1.29697 0.35767 0.68088 -0.02162 0.76468 0.08702 0.63814
1413394892505760512 1.32051 0.39183 0.68243 -0.04313 0.76371 0.11144 0.63441
1413394892605760512 1.34724 0.42803 0.67997 -0.06588 0.76740 0.13863 0.62252
1413394892705760512 1.34249 0.46903 0.67925 -0.09142 0.77214 0.16932 0.60562
1413394892805760256 1.33311 0.51356 0.68478 -0.11710 0.77474 0.20273 0.58734
1413394892905760512 1.31969 0.56039 0.69450 -0.14070 0.77445 0.23596 0.56987
1413394893005760512 1.30083 0.60947 0.70434 -0.15834 0.77591 0.26815 0.54862
1413394893105760512 1.28016 0.65569 0.71499 -0.17137 0.77046 0.30120 0.53508
1413394893205760512 1.25840 0.70791 0.72568 -0.18408 0.76133 0.33286 0.52507
1413394893305760256 1.23834 0.76602 0.73885 -0.19956 0.75049 0.35527 0.52031
1413394893405760512 1.21798 0.83017 0.75535 -0.21047 0.73453 0.37111 0.52769
1413394893505760512 1.19527 0.90018 0.77095 -0.21276 0.71900 0.38607 0.53733
1413394893605760512 1.16409 0.97234 0.77762 -0.21090 0.70609 0.39795 0.54644
1413394893705760512 1.12163 1.04705 0.77638 -0.20183 0.69246 0.40785 0.55984
1413394893805760256 1.05714 1.11944 0.76999 -0.19721 0.68293 0.41032 0.57127
1413394893905760512 0.97411 1.18993 0.75932 -0.20147 0.68164 0.40614 0.57431
1413394894005760512 0.87458 1.26745 0.74990 -0.21531 0.67898 0.40321 0.57450
1413394894105760512 0.75787 1.33880 0.73883 -0.23607 0.67207 0.40597 0.57252
1413394894205760512 0.62807 1.40828 0.72240 -0.27021 0.67006 0.40850 0.55779
1413394894305760256 0.48918 1.47087 0.70214 -0.30568 0.66918 0.41632 0.53426
1413394894405760512 0.34552 1.52736 0.67966 -0.33262 0.66378 0.43125 0.51263
1413394894505760512 0.20482 1.57427 0.65274 -0.34945 0.65742 0.45167 0.49161
1413394894605760512 0.06531 1.61883 0.62121 -0.36220 0.64835 0.47204 0.47501
1413394894705760512 -0.06670 1.65344 0.58799 -0.37322 0.63435 0.49040 0.46671
1413394894805760256 -0.19707 1.68712 0.55262 -0.37593 0.62222 0.50664 0.46351
1413394894905760512 -0.32338 1.71681 0.51783 -0.37817 0.61752 0.51829 0.45501
1413394895005760512 -0.44580 1.74369 0.48369 -0.38500 0.62151 0.52060 0.44099
1413394895105760512 -0.56473 1.76289 0.45352 -0.38831 0.62641 0.52082 0.43078
1413394895205760512 -0.67676 1.77972 0.42905 -0.38782 0.63133 0.52029 0.42464
1413394895305760256 -0.78195 1.79607 0.41181 -0.38559 0.63260 0.51748 0.42820
1413394895405760512 -0.88056 1.81381 0.39989 -0.36814 0.62496 0.52411 0.44633
1413394895505760512 -0.98023 1.83426 0.39702 -0.35260 0.62162 0.52855 0.45815
1413394895605760512 -1.07861 1.85218 0.40791 -0.34480 0.62372 0.52811 0.46172
1413394895705760512 -1.18022 1.86883 0.43379 -0.34827 0.63170 0.52201 0.45516
1413394895805760256 -1.28191 1.88595 0.47281 -0.35363 0.63777 0.51694 0.44829
1413394895905760512 -1.37930 1.90619 0.50914 -0.35774 0.63932 0.51449 0.44565
1413394896005760512 -1.47959 1.92847 0.53159 -0.36053 0.63790 0.51414 0.44584
1413394896105760512 -1.57219 1.95566 0.54229 -0.36236 0.63705 0.51496 0.44461
1413394896205760512 -1.66806 1.98487 0.54161 -0.36244 0.63705 0.51600 0.44333
1413394896305760256 -1.76531 2.01519 0.53199 -0.37766 0.64455 0.50647 0.43060
1413394896405760512 -1.86034 2.04708 0.51981 -0.39496 0.65519 0.49386 0.41332
1413394896505760512 -1.94232 2.07958 0.50849 -0.40889 0.66386 0.48297 0.39854
1413394896605760512 -2.00985 2.11043 0.49053 -0.42433 0.67317 0.46971 0.38231
1413394896705760512 -2.05728 2.13907 0.46373 -0.44132 0.68172 0.45433 0.36619
1413394896805760256 -2.07851 2.16066 0.42841 -0.45659 0.68942 0.43917 0.35121
1413394896905760512 -2.06654 2.17582 0.39182 -0.46696 0.68999 0.42769 0.35064
1413394897005760512 -2.01810 2.18072 0.35889 -0.47406 0.69106 0.42077 0.34736
1413394897105760512 -1.92873 2.18097 0.33148 -0.47383 0.69335 0.42004 0.34398
1413394897205760512 -1.79999 2.17329 0.31098 -0.46596 0.69044 0.42675 0.35222
1413394897305760256 -1.63638 2.15962 0.29910 -0.43766 0.67791 0.45229 0.37989
1413394897405760512 -1.45200 2.13221 0.30307 -0.40521 0.65704 0.48092 0.41572
1413394897505760512 -1.25688 2.11243 0.30391 -0.38426 0.64080 0.49890 0.43911
1413394897605760512 -1.06080 2.09201 0.30714 -0.37320 0.63344 0.50854 0.44819
1413394897705760512 -0.86756 2.07144 0.31517 -0.37283 0.62747 0.51018 0.45498
1413394897805760256 -0.67824 2.04913 0.32749 -0.37480 0.62160 0.51008 0.46147
1413394897905760512 -0.49400 2.02391 0.34465 -0.37824 0.61711 0.50877 0.46611
1413394898005760512 -0.31539 1.99464 0.36589 -0.37955 0.61379 0.50837 0.46986
1413394898105760512 -0.14370 1.96048 0.38875 -0.37455 0.61388 0.51240 0.46937
1413394898205760512 0.01953 1.92300 0.41415 -0.36754 0.61067 0.51949 0.47130
1413394898305760256 0.17227 1.88253 0.44331 -0.35602 0.60027 0.53063 0.48100
1413394898405760512 0.30978 1.84022 0.47367 -0.34521 0.58572 0.54689 0.48854
1413394898505760512 0.42764 1.79727 0.50425 -0.34146 0.57125 0.56620 0.48630
1413394898605760512 0.52502 1.75264 0.53562 -0.34124 0.55605 0.58768 0.47853
1413394898705760512 0.60334 1.70879 0.56821 -0.34192 0.54621 0.60445 0.46838
1413394898805760256 0.66175 1.66698 0.60198 -0.34186 0.54599 0.61672 0.45242
1413394898905760512 0.69903 1.63262 0.63785 -0.33401 0.53907 0.62925 0.44933
1413394899005760512 0.71840 1.59630 0.67618 -0.32350 0.53233 0.63926 0.45092
1413394899105760512 0.71442 1.56785 0.70664 -0.31882 0.53795 0.64316 0.44194
1413394899205760512 0.68929 1.54858 0.72604 -0.31659 0.54531 0.64465 0.43225
1413394899305760256 0.64299 1.54117 0.73562 -0.31585 0.54459 0.64562 0.43225
1413394899405760512 0.57742 1.54398 0.73512 -0.33141 0.55094 0.63702 0.42525
1413394899505760512 0.49487 1.55733 0.72242 -0.35822 0.56049 0.62668 0.40596
1413394899605760512 0.40198 1.57999 0.70225 -0.37806 0.55665 0.62877 0.38970
1413394899705760512 0.29966 1.61054 0.68092 -0.39161 0.54243 0.64140 0.37552
1413394899805760256 0.18950 1.64939 0.66241 -0.40663 0.52106 0.65750 0.36173
1413394899905760512 0.07339 1.69582 0.64628 -0.42698 0.49423 0.67120 0.35058
1413394900005760512 -0.04843 1.74778 0.63526 -0.45330 0.47124 0.67961 0.33253
1413394900105760512 -0.17370 1.80244 0.63855 -0.47806 0.44643 0.68682 0.31692
1413394900205760512 -0.29942 1.85680 0.65445 0.50269 -0.42327 -0.69091 -0.30131
1413394900305760256 -0.42255 1.90870 0.66268 0.51972 -0.40013 -0.69694 -0.28993
1413394900405760512 -0.54161 1.95418 0.66264 0.53218 -0.37294 -0.70454 -0.28518
1413394900505760512 -0.65625 1.99356 0.65693 0.53058 -0.34229 -0.72082 -0.28590
1413394900605760512 -0.77016 2.02452 0.64593 0.52564 -0.31217 -0.73679 -0.28879
1413394900705760512 -0.88708 2.04594 0.63326 0.52527 -0.28105 -0.74810 -0.29232
1413394900805760256 -1.00963 2.05050 0.62734 0.52697 -0.25304 -0.75894 -0.28686
1413394900905760512 -1.14047 2.03733 0.63625 0.53296 -0.23034 -0.76836 -0.26930
1413394901005760512 -1.28023 2.00417 0.66385 0.54265 -0.20278 -0.77536 -0.25146
1413394901105760512 -1.42710 1.95204 0.69940 0.55576 -0.17484 -0.77948 -0.23015
1413394901205760512 -1.57413 1.88236 0.72968 0.57586 -0.15268 -0.77828 -0.19839
1413394901305760256 -1.71437 1.79586 0.75090 0.59759 -0.13965 -0.77399 -0.15599
1413394901405760512 -1.84745 1.70259 0.76471 0.61779 -0.13137 -0.76740 -0.11036
1413394901505760512 -1.97074 1.60946 0.77170 0.63696 -0.11910 -0.75787 -0.07564
1413394901605760512 -2.07831 1.51716 0.76780 0.63904 -0.10231 -0.76065 -0.05070
1413394901705760512 -2.16820 1.42606 0.75348 0.62649 -0.07506 -0.77493 -0.03688
1413394901805760256 -2.24334 1.33521 0.73865 0.61767 -0.03643 -0.78497 -0.03134
1413394901905760512 -2.30240 1.23879 0.73444 0.61747 0.00742 -0.78622 -0.02314
1413394902005760512 -2.35070 1.13777 0.73826 0.61828 0.04708 -0.78451 -0.00732
1413394902105760512 -2.38080 1.03242 0.74833 0.61756 0.07995 -0.78232 0.01429
1413394902205760512 -2.40962 0.92420 0.75551 0.61808 0.10735 -0.77786 0.03714
1413394902305760256 -2.42661 0.81102 0.75501 0.62329 0.13278 -0.76839 0.05877
1413394902405760512 -2.43104 0.69732 0.74854 0.63316 0.15537 -0.75437 0.07678
1413394902505760512 -2.42009 0.58297 0.73740 0.63197 0.16317 -0.74966 0.10958
1413394902605760512 -2.39010 0.47416 0.72807 0.62398 0.15707 -0.75065 0.15002
1413394902705760512 -2.35240 0.37578 0.71952 0.60776 0.14567 -0.75851 0.18455
1413394902805760256 -2.31330 0.29086 0.71292 0.59165 0.13552 -0.76755 0.20605
1413394902905760512 -2.27570 0.22098 0.70739 0.57913 0.13568 -0.77757 0.20393
1413394903055760384 -2.21588 0.14891 0.68824 0.57006 0.13657 -0.78890 0.18446
1413394903155760640 -2.17712 0.11658 0.66000 0.55693 0.12574 -0.80251 0.17318
1413394903255760384 -2.14011 0.10160 0.61769 0.53481 0.10914 -0.82197 0.16255
1413394903355760640 -2.11253 0.09690 0.57208 0.53135 0.09684 -0.83026 0.13773
1413394903455760384 -2.09710 0.10168 0.53547 0.54787 0.08629 -0.82408 0.11528
1413394903555760384 -2.08837 0.10962 0.51072 0.56511 0.07726 -0.81540 0.09904
1413394903605760512 -2.09011 0.11663 0.50522 0.57227 0.07634 -0.81159 0.08946
1413394903705760512 -2.09065 0.13506 0.50508 0.58095 0.07501 -0.80696 0.07544
1413394903805760256 -2.09508 0.15646 0.52518 0.58421 0.07709 -0.80548 0.06290
1413394903905760512 -2.10020 0.17527 0.55288 0.58374 0.08563 -0.80621 0.04413
1413394904005760512 -2.10055 0.19247 0.57033 0.58126 0.08056 -0.80909 0.03176
1413394904105760512 -2.09936 0.20730 0.57597 0.57291 0.05500 -0.81715 0.03180
1413394904205760512 -2.09854 0.22287 0.57166 0.56085 0.02186 -0.82712 0.02897
1413394904305760256 -2.10488 0.24008 0.55818 0.54676 -0.01090 -0.83708 0.01485
1413394904405760512 -2.11789 0.26124 0.53674 0.53542 -0.04578 -0.84331 -0.00693
1413394904505760512 -2.14011 0.28581 0.51150 0.53221 -0.07926 -0.84207 -0.03731
1413394904605760512 -2.17026 0.31474 0.48946 0.54379 -0.11388 -0.82858 -0.06917
1413394904705760512 -2.20734 0.34380 0.47304 0.55722 -0.15009 -0.81079 -0.09796
1413394904805760256 -2.24767 0.37411 0.45978 0.56462 -0.18327 -0.79451 -0.12794
1413394904905760512 -2.28714 0.40298 0.45120 0.57120 -0.21546 -0.77604 -0.15836
1413394905005760512 -2.32238 0.42841 0.44726 0.58483 -0.24593 -0.74975 -0.18809
1413394905105760512 -2.34868 0.44786 0.44700 0.59886 -0.27652 -0.72067 -0.21338
1413394905205760512 -2.36210 0.45799 0.44599 0.59568 -0.31176 -0.70519 -0.22513
1413394905305760256 -2.36269 0.45883 0.43961 0.56058 -0.35271 -0.71658 -0.21877
1413394905405760512 -2.35472 0.45941 0.43082 0.50392 -0.38930 -0.74455 -0.20040
1413394905505760512 -2.34938 0.47123 0.42640 -0.45019 0.41209 0.76988 0.18655
1413394905605760512 -2.35251 0.50543 0.42816 -0.41602 0.42038 0.78507 0.18406
1413394905705760512 -2.37343 0.57038 0.44454 -0.43539 0.40213 0.77615 0.21521
1413394905805760256 -2.40775 0.65226 0.46985 -0.49185 0.37477 0.74379 0.25377
1413394905905760512 -2.44569 0.73334 0.49770 0.55390 -0.34531 -0.70162 -0.28580
1413394906005760512 -2.47912 0.80043 0.52459 0.60133 -0.32373 -0.66523 -0.30178
1413394906105760512 -2.49941 0.84420 0.55177 0.63583 -0.31450 -0.63786 -0.29991
1413394906205760512 -2.49607 0.85949 0.58227 0.64582 -0.32775 -0.63085 -0.27844
1413394906305760256 -2.47406 0.86229 0.60895 0.61473 -0.35834 -0.65632 -0.25089
1413394906405760512 -2.43261 0.85603 0.62930 0.56517 -0.39032 -0.68741 -0.23600
1413394906505760512 -2.37756 0.85014 0.64197 -0.49903 0.41649 0.72144 0.23881
1413394906605760512 -2.32130 0.85282 0.64771 -0.44240 0.44143 0.74071 0.24650
1413394906705760512 -2.27169 0.86811 0.64820 -0.41991 0.45722 0.73593 0.27025
1413394906805760256 -2.23613 0.89937 0.64922 -0.44377 0.45909 0.70313 0.31292
1413394906905760512 -2.21412 0.94083 0.64610 -0.48504 0.44829 0.65802 0.36164
1413394907005760512 -2.19008 0.96478 0.64447 0.52647 -0.43123 -0.61116 -0.40417
1413394907105760512 -2.16498 0.96479 0.64409 0.56290 -0.41771 -0.57068 -0.42777
1413394907205760512 -2.13626 0.93094 0.63738 0.56366 -0.42913 -0.56776 -0.41928
1413394907305760256 -2.09983 0.86321 0.62627 0.53009 -0.46219 -0.59725 -0.38560
1413394907405760512 -2.05535 0.78056 0.61263 -0.48481 0.50872 0.63079 0.32905
1413394907505760512 -2.00234 0.70019 0.59253 -0.45373 0.56384 0.63918 0.26012
1413394907605760512 -1.93830 0.63561 0.56891 -0.42713 0.60443 0.63548 0.21996
1413394907705760512 -1.85443 0.60781 0.54540 -0.40572 0.61436 0.63479 0.23451
1413394907805760256 -1.76110 0.61514 0.52776 -0.41036 0.58432 0.62915 0.30716
1413394907905760512 -1.66745 0.63869 0.50524 -0.43490 0.53954 0.61005 0.38418
1413394908005760512 -1.57850 0.65312 0.47582 -0.46064 0.50432 0.58903 0.43187
1413394908105760512 -1.49389 0.66141 0.43605 -0.46943 0.49091 0.58618 0.44162
1413394908205760512 -1.40762 0.66192 0.39029 -0.44548 0.50498 0.61453 0.41097
1413394908305760256 -1.33420 0.64487 0.34418 -0.40356 0.52809 0.64675 0.37413
1413394908405760512 -1.26679 0.62665 0.30681 -0.37158 0.54795 0.66904 0.33775
1413394908505760512 -1.21540 0.63028 0.28416 -0.35847 0.56531 0.67711 0.30568
1413394908605760512 -1.17842 0.67649 0.29196 -0.37387 0.55485 0.67326 0.31477
1413394908705760512 -1.17171 0.75329 0.33082 -0.41916 0.51985 0.65200 0.35910
1413394908805760256 -1.16285 0.81461 0.37679 -0.46607 0.48105 0.62374 0.40290
1413394908905760512 -1.15100 0.85176 0.42879 0.50568 -0.45257 -0.59592 -0.42936
1413394909005760512 -1.14271 0.86732 0.48791 0.53941 -0.44108 -0.57234 -0.43233
1413394909105760512 -1.13036 0.86272 0.54301 0.53380 -0.46056 -0.58258 -0.40440
1413394909205760512 -1.10768 0.84033 0.59151 -0.49796 0.49588 0.61071 0.36493
1413394909305760256 -1.07498 0.81191 0.63114 -0.44791 0.53364 0.63550 0.33279
1413394909405760512 -1.03886 0.79163 0.66401 -0.41613 0.56859 0.63594 0.31483
1413394909505760512 -0.99942 0.79261 0.69454 -0.41172 0.59013 0.61384 0.32471
1413394909605760512 -0.95738 0.80903 0.72449 -0.43022 0.59909 0.57746 0.35007
1413394909705760512 -0.90634 0.82428 0.75680 -0.44976 0.59652 0.54472 0.38100
1413394909805760256 -0.84729 0.83715 0.79465 -0.46495 0.57641 0.52023 0.42536
1413394909905760512 -0.77796 0.83906 0.83289 -0.47588 0.55346 0.50331 0.46250
1413394910005760512 -0.70649 0.82567 0.86020 -0.45678 0.55301 0.51772 0.46636
1413394910105760512 -0.63852 0.79240 0.87640 -0.41727 0.57236 0.54866 0.44414
1413394910205760512 -0.57754 0.75427 0.88477 -0.38174 0.59839 0.57460 0.40749
1413394910305760256 -0.52191 0.71983 0.88537 -0.35348 0.62008 0.59395 0.37118
1413394910405760512 -0.47708 0.69830 0.87277 -0.33741 0.63356 0.60464 0.34519
1413394910505760512 -0.43361 0.69571 0.85518 -0.33652 0.63267 0.60762 0.34246
1413394910605760512 -0.38480 0.71867 0.84430 -0.36884 0.60540 0.59316 0.38159
1413394910705760512 -0.33486 0.75384 0.83918 -0.41964 0.56760 0.56278 0.43014
1413394910805760256 -0.29064 0.78219 0.82885 -0.46438 0.53913 0.53185 0.45915
1413394910905760512 -0.24721 0.79154 0.81282 -0.49196 0.52593 0.51327 0.46681
1413394911005760512 -0.20685 0.77860 0.79544 0.50769 -0.52569 -0.50473 -0.45951
1413394911105760512 -0.15574 0.73606 0.77368 -0.48274 0.54526 0.52965 0.43489
1413394911205760512 -0.09979 0.67676 0.74749 -0.42793 0.57104 0.57158 0.40508
1413394911305760256 -0.04155 0.61280 0.71888 -0.38132 0.59326 0.60122 0.37572
1413394911405760512 0.01676 0.56158 0.68627 -0.34881 0.60910 0.61675 0.35631
1413394911505760512 0.06905 0.53226 0.64906 -0.33439 0.61585 0.62164 0.34997
1413394911605760512 0.11858 0.52388 0.60995 -0.34571 0.61130 0.61004 0.36694
1413394911705760512 0.15829 0.53888 0.57344 -0.38175 0.59045 0.58104 0.40991
1413394911805760256 0.19537 0.55234 0.54670 -0.42193 0.56132 0.54764 0.45496
1413394911905760512 0.22698 0.54797 0.52961 -0.44650 0.54126 0.52357 0.48327
1413394912005760512 0.25111 0.52484 0.51683 -0.43405 0.55082 0.52912 0.47773
1413394912105760512 0.26993 0.48987 0.51159 -0.39718 0.58272 0.55335 0.44328
1413394912205760512 0.28486 0.45069 0.51113 -0.35804 0.61363 0.57103 0.41132
1413394912305760256 0.29664 0.42032 0.51666 -0.32948 0.63587 0.57386 0.39724
1413394912405760512 0.30955 0.40690 0.52254 -0.31340 0.65413 0.56307 0.39604
1413394912505760512 0.31216 0.42017 0.54053 -0.31025 0.67042 0.53961 0.40387
1413394912605760512 0.31376 0.45541 0.56233 -0.32156 0.67888 0.50576 0.42417
1413394912705760512 0.32092 0.49566 0.58556 -0.33471 0.68425 0.46958 0.44639
1413394912805760256 0.33096 0.53864 0.61159 -0.33929 0.69132 0.44112 0.46083
1413394912905760512 0.34595 0.58173 0.63483 -0.33628 0.69610 0.42654 0.46950
1413394913005760512 0.36336 0.62778 0.65654 -0.31898 0.69518 0.42782 0.48161
1413394913105760512 0.38094 0.67213 0.68059 -0.30485 0.69206 0.43134 0.49200
1413394913205760512 0.39382 0.71594 0.70725 -0.30058 0.68746 0.43731 0.49580
1413394913305760256 0.40032 0.76255 0.73509 -0.30883 0.67638 0.44856 0.49591
1413394913405760512 0.40022 0.81211 0.76293 -0.32552 0.65746 0.46590 0.49470
1413394913505760512 0.39237 0.86145 0.78248 -0.34106 0.63345 0.49328 0.48899
1413394913605760512 0.37605 0.90869 0.79003 -0.35089 0.60323 0.52850 0.48340
1413394913705760512 0.34821 0.95152 0.78465 -0.35900 0.57392 0.56587 0.47067
1413394913805760256 0.30407 0.98399 0.76389 -0.37208 0.55319 0.59953 0.44284
1413394913905760512 0.25723 1.02603 0.72757 -0.39468 0.53817 0.62395 0.40656
1413394914005760512 0.19989 1.06552 0.68762 -0.42172 0.52066 0.64121 0.37406
1413394914105760512 0.13810 1.10745 0.64436 -0.44312 0.49614 0.65875 0.35148
1413394914205760512 0.07292 1.15121 0.61005 -0.45730 0.46257 0.67952 0.33934
1413394914305760256 0.00148 1.19427 0.59102 -0.46853 0.42695 0.70054 0.32777
1413394914405760512 -0.07868 1.23610 0.58836 -0.47849 0.39159 0.71944 0.31641
1413394914505760512 -0.16873 1.27474 0.60068 -0.48878 0.36031 0.73409 0.30395
1413394914605760512 -0.26798 1.30793 0.61834 0.50125 -0.34418 -0.74214 -0.28198
1413394914705760512 -0.37338 1.33707 0.62726 0.51458 -0.33458 -0.74596 -0.25847
1413394914805760256 -0.48383 1.36293 0.62551 0.52598 -0.32428 -0.74947 -0.23767
1413394914905760512 -0.59434 1.38520 0.61462 0.53213 -0.30725 -0.75541 -0.22757
1413394915005760512 -0.70408 1.40367 0.59079 0.53794 -0.28346 -0.76127 -0.22526
1413394915105760512 -0.81403 1.40993 0.56168 0.54463 -0.25061 -0.76746 -0.22708
1413394915205760512 -0.92587 1.40420 0.53467 0.54588 -0.21404 -0.77822 -0.22489
1413394915305760256 -1.03944 1.38183 0.51250 0.54865 -0.17663 -0.78780 -0.21716
1413394915405760512 -1.15644 1.34239 0.49384 0.55534 -0.14118 -0.79340 -0.20537
1413394915505760512 -1.27680 1.28398 0.47925 0.56437 -0.10750 -0.79597 -0.19066
1413394915605760512 -1.39957 1.20501 0.46899 0.58420 -0.08322 -0.79256 -0.15377
1413394915705760512 -1.51869 1.10786 0.46018 0.60545 -0.06514 -0.78699 -0.09918
1413394915805760256 -1.63034 1.00109 0.45492 0.62307 -0.03725 -0.77947 -0.05316
1413394915905760512 -1.73036 0.88954 0.45510 0.64024 -0.00254 -0.76795 -0.01830
1413394916005760512 -1.81544 0.77729 0.45654 0.64725 0.03055 -0.76159 0.01102
1413394916105760512 -1.88090 0.66492 0.46002 0.64954 0.05766 -0.75717 0.03823
1413394916205760512 -1.93160 0.55472 0.46179 0.63450 0.08205 -0.76628 0.05905
1413394916305760256 -1.96716 0.44558 0.46429 0.60919 0.10612 -0.78216 0.07644
1413394916405760512 -1.99128 0.33810 0.46519 0.58662 0.12075 -0.79346 0.10824
1413394916505760512 -2.00800 0.23400 0.45856 0.56585 0.12650 -0.80010 0.15380
1413394916605760512 -2.02962 0.13788 0.44310 0.55631 0.12740 -0.79429 0.20831
1413394916705760512 -2.05529 0.05900 0.41581 0.54597 0.14132 -0.78539 0.25515
1413394916855760640 -2.10768 -0.01758 0.35874 0.52413 0.20674 -0.77787 0.27831
1413394916955760384 -2.15087 -0.03759 0.30482 0.50587 0.25923 -0.77300 0.28172
1413394917055760384 -2.20103 -0.05888 0.24936 -0.49950 -0.31945 0.75801 -0.27179
1413394917155760640 -2.26095 -0.07782 0.19461 -0.48582 -0.37397 0.74238 -0.27017
1413394917255760384 -2.32294 -0.09992 0.14191 -0.47247 -0.42348 0.72481 -0.26849
1413394917355760640 -2.38989 -0.12743 0.09523 -0.46008 -0.45901 0.70876 -0.27440
1413394917455760384 -2.45981 -0.16572 0.05124 -0.45024 -0.48002 0.69764 -0.28312
1413394917555760384 -2.53125 -0.21669 0.01318 -0.45622 -0.49529 0.68155 -0.28643
1413394917655760640 -2.60119 -0.28250 -0.01998 -0.46782 -0.50513 0.66635 -0.28630
1413394917755760384 -2.66488 -0.36325 -0.04472 -0.47769 -0.50902 0.65727 -0.28408
1413394917855760640 -2.71242 -0.45041 -0.05467 -0.49322 -0.51767 0.64307 -0.27424
1413394917955760384 -2.73980 -0.55099 -0.05550 -0.49938 -0.53035 0.63100 -0.26681
1413394918055760384 -2.74743 -0.65899 -0.06154 -0.49418 -0.53852 0.62528 -0.27351
1413394918155760640 -2.73742 -0.77638 -0.07617 -0.47282 -0.53607 0.63016 -0.30325
1413394918255760384 -2.71420 -0.89885 -0.09142 -0.44852 -0.53376 0.63287 -0.33676
1413394918355760640 -2.68460 -1.02434 -0.10620 -0.41297 -0.53010 0.64178 -0.36956
1413394918455760384 -2.65809 -1.15468 -0.11803 -0.38533 -0.52896 0.64294 -0.39793
1413394918555760384 -2.64144 -1.28803 -0.12484 -0.37314 -0.53787 0.63121 -0.41599
1413394918655760640 -2.63857 -1.42652 -0.12945 -0.37102 -0.55867 0.61019 -0.42178
1413394918755760384 -2.64638 -1.56720 -0.13319 0.37697 0.58386 -0.58292 0.42097
1413394918855760640 -2.65852 -1.70772 -0.13265 0.39046 0.60390 -0.55230 0.42167
1413394918955760384 -2.66893 -1.84650 -0.12174 0.40606 0.61398 -0.52147 0.43152
1413394919055760384 -2.67269 -1.97853 -0.09615 0.40461 0.61618 -0.50143 0.45297
1413394919155760640 -2.67165 -2.09399 -0.05948 0.39494 0.61844 -0.48403 0.47672
1413394919255760384 -2.66771 -2.19623 -0.00226 0.38349 0.62428 -0.46289 0.49894
1413394919355760640 -2.66696 -2.28179 0.06357 0.37943 0.63524 -0.43268 0.51506
1413394919455760384 -2.66557 -2.34745 0.13285 0.38232 0.65227 -0.39711 0.52026
1413394919555760384 -2.65764 -2.39397 0.19920 0.37243 0.68064 -0.37175 0.50973
1413394919655760640 -2.64295 -2.41734 0.25708 0.33931 0.70883 -0.36330 0.50044
1413394919755760384 -2.61957 -2.43941 0.30225 0.29442 0.73009 -0.36258 0.49882
1413394919855760640 -2.59044 -2.45533 0.34001 0.24814 0.74769 -0.36165 0.49859
1413394919955760384 -2.55450 -2.46529 0.36777 0.21324 0.76485 -0.34669 0.49934
1413394920055760384 -2.51283 -2.49468 0.38943 0.18382 0.78215 -0.32023 0.50190
1413394920155760640 -2.46511 -2.51788 0.39721 0.15711 0.79825 -0.28917 0.50447
1413394920255760384 -2.41026 -2.56596 0.39322 0.13628 0.81372 -0.25272 0.50540
1413394920355760640 -2.34500 -2.61396 0.37859 0.12885 0.82200 -0.21000 0.51344
1413394920455760384 -2.27251 -2.66095 0.35871 0.12649 0.82473 -0.16928 0.52456
1413394920555760384 -2.19219 -2.70734 0.34223 0.12942 0.82473 -0.13099 0.53471
1413394920655760640 -2.10385 -2.74928 0.33225 0.13848 0.82470 -0.10016 0.53912
1413394920755760384 -2.00982 -2.77920 0.32622 0.14427 0.82613 -0.08180 0.53852
1413394920855760640 -1.90844 -2.79256 0.31906 0.13598 0.82924 -0.08190 0.53587
1413394920955760384 -1.79783 -2.79455 0.30855 0.12841 0.83037 -0.08771 0.53507
1413394921055760384 -1.67638 -2.78665 0.28754 0.11520 0.83107 -0.10379 0.53412
1413394921155760640 -1.54720 -2.77333 0.26332 0.09957 0.82340 -0.12422 0.54468
1413394921255760384 -1.41195 -2.75726 0.23082 0.08218 0.81514 -0.14767 0.55406
1413394921355760640 -1.27800 -2.74199 0.18682 0.04826 0.80986 -0.18455 0.55475
1413394921455760384 -1.14351 -2.73840 0.13383 0.01906 0.80512 -0.21755 0.55144
1413394921555760384 -1.01336 -2.75457 0.07418 0.02363 0.80860 -0.22470 0.54325
1413394921655760640 -0.88723 -2.79375 0.01623 0.06570 0.81050 -0.20338 0.54535
1413394921755760384 -0.76213 -2.84477 -0.03982 0.10999 0.80758 -0.17631 0.55194
1413394921855760640 -0.63360 -2.89384 -0.09298 0.13208 0.79893 -0.15431 0.56609
1413394921955760384 -0.48525 -2.93243 -0.14064 0.12068 0.78278 -0.14156 0.59385
1413394922055760384 -0.36366 -2.96738 -0.17667 0.09099 0.77271 -0.12965 0.61467
1413394922155760640 -0.25369 -2.99839 -0.19527 0.06746 0.77404 -0.10546 0.62064
1413394922255760384 -0.15823 -3.02827 -0.20401 0.05204 0.79086 -0.07365 0.60532
1413394922355760640 -0.07298 -3.05909 -0.19493 0.05222 0.80923 -0.03608 0.58406
1413394922455760384 0.01320 -3.08670 -0.16725 0.05409 0.81832 -0.00662 0.57218
1413394922555760384 0.09969 -3.10478 -0.11697 0.04044 0.82237 0.00384 0.56751
1413394922655760640 0.18933 -3.11295 -0.05999 0.01600 0.82376 -0.00059 0.56671
1413394922755760384 0.27932 -3.11771 -0.00199 -0.00031 0.82801 -0.00462 0.56070
1413394922855760640 0.37161 -3.12213 0.05770 -0.00799 0.83421 -0.00620 0.55136
1413394922955760384 0.46918 -3.12675 0.11807 -0.00875 0.83817 -0.00606 0.54530
1413394923055760384 0.57735 -3.13324 0.17239 -0.00858 0.84261 -0.00637 0.53842
1413394923155760640 0.69215 -3.13908 0.21508 -0.00309 0.84305 -0.00448 0.53781
1413394923255760384 0.81589 -3.14517 0.25993 0.01529 0.83377 0.00694 0.55186
1413394923355760640 0.94600 -3.14421 0.30560 0.02238 0.82727 0.01054 0.56127
1413394923455760384 1.07609 -3.13573 0.34852 0.01000 0.83188 0.00912 0.55479
1413394923555760384 1.21251 -3.12265 0.39049 -0.00528 0.83911 0.01648 0.54369
1413394923655760640 1.35800 -3.10628 0.43043 -0.01599 0.83856 0.03716 0.54330
1413394923755760384 1.50752 -3.08505 0.46332 -0.02185 0.83098 0.06766 0.55175
1413394923855760640 1.66149 -3.05689 0.48378 -0.03331 0.82236 0.09756 0.55955
1413394923955760384 1.81346 -3.02321 0.49153 -0.04909 0.81377 0.12595 0.56525
1413394924055760384 1.96468 -2.98277 0.48878 -0.06835 0.80590 0.15299 0.56785
1413394924155760640 2.11199 -2.93716 0.48423 -0.09618 0.79935 0.17532 0.56662
1413394924255760384 2.25523 -2.88733 0.48326 -0.13150 0.79523 0.19427 0.55908
1413394924355760640 2.39523 -2.83578 0.48566 -0.16726 0.79138 0.21348 0.54787
1413394924455760384 2.53653 -2.78624 0.49344 -0.19049 0.78167 0.24036 0.54308
1413394924555760384 2.68041 -2.74007 0.50597 -0.20985 0.77029 0.26844 0.53903
1413394924655760640 2.82691 -2.69618 0.52344 -0.22178 0.75744 0.30370 0.53372
1413394924755760384 2.97124 -2.65249 0.54369 -0.23334 0.74037 0.33897 0.53151
1413394924855760640 3.10070 -2.60186 0.55991 -0.24144 0.71626 0.37266 0.53833
1413394924955760384 3.21746 -2.55098 0.57811 -0.24581 0.69115 0.40214 0.54788
1413394925055760384 3.31951 -2.49730 0.59768 -0.24404 0.66997 0.42458 0.55796
1413394925155760640 3.40103 -2.44595 0.61983 -0.24308 0.66553 0.44356 0.54885
1413394925255760384 3.45767 -2.39046 0.64178 -0.23899 0.66174 0.46441 0.53788
1413394925355760640 3.48944 -2.32855 0.66286 -0.23599 0.65599 0.48055 0.53203
1413394925455760384 3.49064 -2.26134 0.67252 -0.24396 0.65610 0.48354 0.52554
1413394925555760384 3.48777 -2.18752 0.67285 -0.25585 0.65949 0.48050 0.51840
1413394925655760640 3.43802 -2.10865 0.65554 -0.26664 0.66232 0.47770 0.51190
1413394925755760384 3.40710 -2.02035 0.63903 -0.28927 0.67244 0.46475 0.49815
1413394925855760640 3.37341 -1.92700 0.62647 -0.30578 0.68125 0.45308 0.48695
1413394925955760384 3.33812 -1.83021 0.61742 -0.31484 0.68475 0.44928 0.47974
1413394926055760384 3.30446 -1.73085 0.61030 -0.31366 0.68121 0.45733 0.47794
1413394926155760640 3.26945 -1.63049 0.60369 -0.30579 0.67521 0.46958 0.47967
1413394926255760384 3.23003 -1.52736 0.59760 -0.29843 0.67043 0.47988 0.48081
1413394926355760640 3.18621 -1.41997 0.59137 -0.30154 0.67473 0.48104 0.47160
1413394926455760384 3.13749 -1.30900 0.58518 -0.30543 0.67968 0.48137 0.46154
1413394926555760384 3.08682 -1.18963 0.58127 -0.31699 0.67739 0.48487 0.45339
1413394926655760640 3.03476 -1.06320 0.57932 -0.34048 0.66949 0.49175 0.44050
1413394926755760384 2.98362 -0.93336 0.57820 -0.37590 0.65990 0.49823 0.41833
1413394926855760640 2.93900 -0.80259 0.57910 -0.41349 0.64959 0.50560 0.38913
1413394926955760384 2.90719 -0.67223 0.57649 -0.44152 0.63627 0.51756 0.36379
1413394927055760384 2.89371 -0.54096 0.56206 -0.45352 0.61922 0.53422 0.35426
1413394927155760640 2.90033 -0.41537 0.54267 -0.44309 0.59290 0.56171 0.36963
1413394927255760384 2.91834 -0.29117 0.52257 -0.42975 0.56878 0.58413 0.38808
1413394927355760640 2.94116 -0.17503 0.51325 -0.41897 0.55648 0.59844 0.39580
1413394927455760384 2.96090 -0.05685 0.51756 -0.41573 0.55552 0.60411 0.39194
1413394927555760384 2.97897 0.05530 0.53569 -0.41507 0.55952 0.60577 0.38431
1413394927655760640 2.99154 0.17065 0.56832 -0.41716 0.56124 0.60474 0.38114
1413394927755760384 3.00315 0.28640 0.60513 -0.41999 0.55924 0.60591 0.37912
1413394927855760640 3.01307 0.40193 0.63731 -0.42077 0.55295 0.60839 0.38348
1413394927955760384 3.02005 0.51772 0.65932 -0.42099 0.55157 0.61001 0.38266
1413394928055760384 3.02622 0.63561 0.67291 -0.42250 0.54743 0.61034 0.38640
1413394928155760640 3.03003 0.75294 0.67945 -0.42205 0.53513 0.61155 0.40188
1413394928255760384 3.02753 0.87051 0.67906 -0.42636 0.52149 0.60833 0.41976
1413394928355760640 3.01866 0.97270 0.68215 -0.43164 0.51254 0.60315 0.43267
1413394928455760384 3.00132 1.06561 0.68392 -0.43801 0.51810 0.59790 0.42689
1413394928555760384 2.97788 1.15006 0.68764 -0.44411 0.53082 0.59263 0.41205
1413394928655760640 2.95221 1.22930 0.69303 -0.44566 0.54041 0.58986 0.40176
1413394928755760384 2.92520 1.30160 0.70004 -0.44380 0.54504 0.58903 0.39876
1413394928855760640 2.90006 1.37220 0.70424 -0.43894 0.54495 0.59063 0.40189
1413394928955760384 2.87262 1.44016 0.70104 -0.43214 0.54218 0.59368 0.40847
1413394929055760384 2.84413 1.50282 0.68760 -0.43190 0.54207 0.59265 0.41034
1413394929155760640 2.81155 1.56240 0.67093 -0.43938 0.53878 0.58639 0.41570
1413394929255760384 2.77749 1.61278 0.65743 -0.44932 0.53774 0.57875 0.41712
1413394929355760640 2.74261 1.65336 0.64606 -0.46039 0.54085 0.57069 0.41211
1413394929455760384 2.71206 1.68681 0.63908 -0.46255 0.54617 0.56922 0.40464
1413394929555760384 2.68566 1.70953 0.63363 -0.45294 0.55687 0.57647 0.39041
1413394929655760640 2.66524 1.72761 0.63004 -0.43945 0.56490 0.58568 0.38046
1413394929755760384 2.64815 1.74547 0.62873 -0.42873 0.56507 0.59258 0.38175
1413394929855760640 2.63274 1.76407 0.62205 -0.42514 0.56214 0.59451 0.38706
1413394929955760384 2.61690 1.78341 0.60768 -0.43122 0.55680 0.58957 0.39551
1413394930055760384 2.60208 1.79985 0.58371 -0.43886 0.54907 0.58338 0.40693
1413394930155760640 2.58803 1.81016 0.55421 -0.44480 0.54175 0.57819 0.41756
1413394930255760384 2.57167 1.81595 0.52897 -0.45442 0.53359 0.57052 0.42812
1413394930355760640 2.55438 1.81064 0.50797 -0.46797 0.53595 0.56062 0.42364
1413394930455760384 2.53882 1.79272 0.48427 -0.45556 0.55815 0.57037 0.39448
1413394930555760384 2.52903 1.77128 0.45617 -0.42626 0.58800 0.58982 0.35309
1413394930655760640 2.52389 1.75233 0.41693 -0.39540 0.61365 0.60611 0.31578
1413394930755760384 2.52440 1.75014 0.37647 -0.37256 0.61430 0.61982 0.31568
1413394930855760640 2.53159 1.77532 0.33868 -0.37880 0.59341 0.61766 0.35052
1413394930955760384 2.53647 1.81495 0.30765 -0.40503 0.56710 0.60084 0.39159
1413394931055760384 2.53836 1.85849 0.28549 -0.42998 0.54629 0.58233 0.42140
1413394931155760640 2.53648 1.89327 0.27457 -0.44111 0.53667 0.57259 0.43536
1413394931255760384 2.53014 1.91596 0.27838 -0.44727 0.53282 0.56638 0.44189
1413394931355760640 2.51924 1.92864 0.30404 -0.45568 0.52754 0.55788 0.45036
1413394931455760384 2.50559 1.92660 0.33957 -0.45288 0.53358 0.55875 0.44496
1413394931555760384 2.49022 1.90641 0.36980 -0.42984 0.55076 0.57437 0.42661
1413394931655760640 2.47250 1.87386 0.39208 -0.41103 0.55895 0.58909 0.41424
1413394931755760384 2.44899 1.84241 0.40540 -0.39717 0.55078 0.60820 0.41109
1413394931855760640 2.41412 1.81148 0.41137 -0.39243 0.53172 0.62991 0.40802
1413394931955760384 2.36803 1.78481 0.41028 -0.40686 0.51486 0.64618 0.38966
1413394932055760384 2.31051 1.76016 0.41396 -0.43718 0.49216 0.65661 0.36812
1413394932155760640 2.24548 1.73600 0.43258 -0.47542 0.46422 0.66328 0.34430
1413394932255760384 2.17785 1.71158 0.46438 0.51187 -0.43850 -0.66908 -0.31311
1413394932355760640 2.11333 1.68436 0.50543 0.54265 -0.40748 -0.67619 -0.28680
1413394932455760384 2.05705 1.65352 0.54588 0.56635 -0.37017 -0.68449 -0.27147
1413394932555760384 2.01052 1.61668 0.57749 0.58378 -0.33307 -0.69375 -0.25880
1413394932655760640 1.97505 1.57152 0.59598 0.59308 -0.29980 -0.70629 -0.24398
1413394932755760384 1.94924 1.51727 0.60510 0.59234 -0.27251 -0.72412 -0.22476
1413394932855760640 1.93329 1.45502 0.61364 0.57913 -0.25370 -0.74865 -0.19939
1413394932955760384 1.92389 1.38711 0.62270 0.56435 -0.23852 -0.77088 -0.17427
1413394933055760384 1.91504 1.31909 0.62702 0.55631 -0.22277 -0.78604 -0.15179
1413394933155760640 1.90551 1.25275 0.62377 0.55495 -0.20213 -0.79577 -0.13388
1413394933255760384 1.89507 1.18913 0.61211 0.56159 -0.17964 -0.79916 -0.11705
1413394933355760640 1.88513 1.12676 0.59087 0.56957 -0.15499 -0.80043 -0.10431
1413394933455760384 1.87422 1.06566 0.55890 0.57662 -0.13252 -0.80095 -0.09179
1413394933555760384 1.86356 1.00472 0.51639 0.58173 -0.11224 -0.80180 -0.07814
1413394933655760640 1.85277 0.94565 0.47261 0.59055 -0.09152 -0.79926 -0.06372
1413394933755760384 1.84315 0.88875 0.43334 0.60305 -0.07214 -0.79282 -0.05051
1413394933855760640 1.83799 0.83411 0.39733 0.60947 -0.05740 -0.78971 -0.04020
1413394933955760384 1.83926 0.77725 0.36189 0.60044 -0.04167 -0.79802 -0.02988
1413394934055760384 1.84459 0.71883 0.32974 0.58794 -0.02349 -0.80841 -0.01580
1413394934155760640 1.84818 0.65841 0.30612 0.59287 -0.00246 -0.80529 0.00064
1413394934255760384 1.85222 0.59914 0.27962 0.60209 0.02124 -0.79793 0.01845
1413394934355760640 1.86116 0.53916 0.24009 0.59949 0.04736 -0.79804 0.03873
1413394934455760384 1.87385 0.48296 0.18788 0.58828 0.06842 -0.80317 0.06454
1413394934555760384 1.88885 0.43170 0.12653 0.58017 0.08737 -0.80587 0.07965
1413394934655760640 1.90450 0.38360 0.06481 0.57602 0.10579 -0.80612 0.08467
1413394934755760384 1.92364 0.33890 0.01490 0.57552 0.11561 -0.80433 0.09196
1413394934855760640 1.94397 0.29537 -0.01945 0.57765 0.12009 -0.80157 0.09682
1413394934955760384 1.96160 0.25552 -0.03612 0.57882 0.12188 -0.80014 0.09941
1413394935055760384 1.97513 0.22211 -0.03127 0.58389 0.11998 -0.79644 0.10184
1413394935155760640 1.98742 0.19190 -0.01990 0.59083 0.11107 -0.79246 0.10291
1413394935255760384 2.00413 0.16333 -0.01443 0.59754 0.09995 -0.78954 0.09784
1413394935355760640 2.02623 0.13704 -0.02001 0.60639 0.09193 -0.78471 0.08984
1413394935455760384 2.05323 0.11415 -0.03765 0.61054 0.08704 -0.78304 0.08070
1413394935555760384 2.08430 0.09148 -0.06706 0.60312 0.08407 -0.78999 0.07139
1413394935655760640 2.12333 0.07117 -0.09955 0.59527 0.08123 -0.79684 0.06396
1413394935755760384 2.16356 0.05144 -0.12009 0.59330 0.07851 -0.79901 0.05847
1413394935855760640 2.20314 0.03258 -0.12428 0.59551 0.07559 -0.79782 0.05599
1413394935955760384 2.24902 0.01468 -0.12323 0.59195 0.07274 -0.80085 0.05423
1413394936055760384 2.29646 -0.00415 -0.13466 0.57758 0.07614 -0.81101 0.05364
1413394936205760512 2.36720 -0.03959 -0.17310 0.55157 0.09993 -0.82540 0.06707
1413394936255760384 2.38964 -0.05232 -0.18804 0.55226 0.11386 -0.82238 0.07571
1413394936405760512 2.45130 -0.09982 -0.23296 0.56529 0.17046 -0.79901 0.11389
1413394936505760512 2.49168 -0.13624 -0.25702 0.56853 0.21955 -0.78032 0.14029
1413394936605760512 2.53345 -0.17571 -0.27684 0.56300 0.26995 -0.76380 0.16360
1413394936705760512 2.58013 -0.21739 -0.29279 0.54817 0.30863 -0.75339 0.19147
1413394936805760256 2.62831 -0.26147 -0.30518 0.53500 0.34073 -0.74264 0.21486
1413394936905760512 2.67978 -0.30902 -0.31479 0.52234 0.37028 -0.73198 0.23294
1413394937005760512 2.73415 -0.36150 -0.32533 0.50738 0.40066 -0.72122 0.24876
1413394937105760512 2.78989 -0.41977 -0.33787 -0.49089 -0.43239 0.70860 -0.26448
1413394937205760512 2.84776 -0.48449 -0.34614 -0.47727 -0.46066 0.69364 -0.28084
1413394937255760384 2.87502 -0.51995 -0.34996 -0.46784 -0.47035 0.68960 -0.29044
1413394937355760640 2.93100 -0.59414 -0.36022 -0.45035 -0.48277 0.68445 -0.30926
1413394937455760384 2.98383 -0.67280 -0.36779 -0.44285 -0.48924 0.67860 -0.32253
1413394937555760384 3.02982 -0.75760 -0.37388 -0.44110 -0.49276 0.67340 -0.33038
1413394937655760640 3.06839 -0.84715 -0.37935 -0.44279 -0.49253 0.66994 -0.33547
1413394937755760384 3.09660 -0.93999 -0.38403 -0.44501 -0.48788 0.66897 -0.34121
1413394937855760640 3.12105 -1.03215 -0.38663 -0.44660 -0.48001 0.67242 -0.34350
1413394937955760384 3.14217 -1.12448 -0.38597 -0.44549 -0.46599 0.68325 -0.34287
1413394938055760384 3.15594 -1.21761 -0.37883 -0.44005 -0.44881 0.69869 -0.34171
1413394938155760640 3.16034 -1.31302 -0.36332 -0.43415 -0.43343 0.71311 -0.33929
1413394938255760384 3.15256 -1.40667 -0.32971 -0.43484 -0.41941 0.72376 -0.33345
1413394938355760640 3.13016 -1.51051 -0.27640 -0.45171 -0.41094 0.72543 -0.31754
1413394938455760384 3.09649 -1.62270 -0.21121 -0.47158 -0.39715 0.72527 -0.30639
1413394938555760384 3.05550 -1.73024 -0.14653 -0.48999 -0.38627 0.72683 -0.28710
1413394938655760640 3.01211 -1.83637 -0.09323 -0.49957 -0.37235 0.73677 -0.26259
1413394938755760384 2.96807 -1.94505 -0.05148 0.50350 0.35145 -0.75184 0.24024
1413394938855760640 2.92089 -2.05267 -0.02029 0.50459 0.32027 -0.76948 0.22520
1413394938955760384 2.87034 -2.15797 0.00038 0.50716 0.27270 -0.78639 0.22363
1413394939055760384 2.81286 -2.25738 0.01158 0.51553 0.21778 -0.79787 0.22409
1413394939155760640 2.74607 -2.34593 0.01385 0.52691 0.16889 -0.80485 0.21460
1413394939255760384 2.67181 -2.42366 0.00777 0.53790 0.13470 -0.81000 0.19082
1413394939355760640 2.59063 -2.49086 -0.00553 0.54774 0.11265 -0.81297 0.16237
1413394939455760384 2.50445 -2.54521 -0.01536 0.55688 0.11108 -0.81366 0.12450
1413394939555760384 2.41417 -2.59766 -0.00988 0.56657 0.11598 -0.81052 0.09275
1413394939655760640 2.32416 -2.65119 0.00833 0.57116 0.10277 -0.80921 0.09156
1413394939755760384 2.23276 -2.70352 0.03673 0.57044 0.07785 -0.81132 0.10146
1413394939855760640 2.14072 -2.74417 0.06990 0.56645 0.04657 -0.81482 0.11414
1413394939955760384 2.04733 -2.77237 0.09848 0.56010 0.03757 -0.82199 0.09601
1413394940055760384 1.95153 -2.79195 0.11441 0.55014 0.04252 -0.83184 0.05990
1413394940155760640 1.85303 -2.80808 0.11812 0.54646 0.02815 -0.83596 0.04185
1413394940255760384 1.74934 -2.82198 0.11013 0.55305 0.00305 -0.83265 0.02876
1413394940355760640 1.63948 -2.83270 0.09468 0.56373 -0.02641 -0.82544 0.01265
1413394940455760384 1.52743 -2.83907 0.07302 0.57097 -0.05878 -0.81884 -0.00582
1413394940555760384 1.41232 -2.84116 0.05038 0.57479 -0.08463 -0.81320 -0.03395
1413394940655760640 1.29734 -2.83999 0.03246 0.57204 -0.09946 -0.81080 -0.07404
1413394940755760384 1.17612 -2.84390 0.02571 0.56649 -0.11037 -0.80957 -0.10724
1413394940855760640 1.05666 -2.85374 0.03025 0.56477 -0.12457 -0.80725 -0.11776
1413394940955760384 0.93731 -2.86962 0.05084 0.56478 -0.14504 -0.80533 -0.10688
1413394941055760384 0.82044 -2.88376 0.07848 0.55863 -0.17173 -0.80667 -0.08787
1413394941205760512 0.64558 -2.89201 0.12021 0.54398 -0.21139 -0.80943 -0.06492
1413394941305760256 0.52441 -2.88227 0.15277 0.53608 -0.22459 -0.81136 -0.06232
1413394941405760512 0.40262 -2.85756 0.18894 0.52680 -0.22610 -0.81643 -0.06922
1413394941505760512 0.27427 -2.81908 0.22856 0.52448 -0.20690 -0.81990 -0.09938
1413394941605760512 0.13978 -2.77168 0.27135 0.52360 -0.18686 -0.82096 -0.13021
1413394941705760512 -0.00622 -2.72600 0.31407 0.52726 -0.18126 -0.81636 -0.15065
1413394941755760384 -0.08215 -2.70267 0.33333 0.53221 -0.18388 -0.81160 -0.15573
1413394941855760640 -0.23628 -2.65931 0.37048 0.54345 -0.20131 -0.80134 -0.14829
1413394941955760384 -0.38938 -2.61653 0.40639 0.55491 -0.23452 -0.78956 -0.11687
1413394942055760384 -0.54185 -2.56514 0.44168 0.56193 -0.26712 -0.77846 -0.08296
1413394942155760640 -0.68506 -2.49803 0.48053 0.56585 -0.29774 -0.76709 -0.05238
1413394942255760384 -0.81225 -2.40629 0.52478 0.56620 -0.32479 -0.75670 -0.03640
1413394942355760640 -0.91753 -2.28607 0.57465 0.56302 -0.34861 -0.74839 -0.03728
1413394942455760384 -1.00858 -2.13499 0.62892 0.55938 -0.36703 -0.74100 -0.05749
1413394942555760384 -1.07690 -1.96033 0.67216 0.55729 -0.38591 -0.72992 -0.08785
1413394942655760640 -1.13322 -1.76589 0.70103 0.55451 -0.40667 -0.71568 -0.12222
1413394942755760384 -1.17846 -1.55734 0.71307 0.55171 -0.41893 -0.70012 -0.17305
1413394942855760640 -1.20844 -1.34338 0.71098 0.54836 -0.41291 -0.68309 -0.24937
1413394942955760384 -1.22980 -1.13416 0.68742 0.54180 -0.40106 -0.66204 -0.32759
1413394943055760384 -1.24342 -0.94194 0.64532 0.53244 -0.40167 -0.63848 -0.38407
1413394943155760640 -1.25715 -0.77067 0.59317 0.52029 -0.41439 -0.61489 -0.42367
1413394943255760384 -1.27472 -0.62584 0.53232 0.50644 -0.43273 -0.59143 -0.45439
1413394943355760640 -1.29484 -0.51084 0.47024 -0.49135 0.45602 0.56916 0.47610
1413394943455760384 -1.32149 -0.43063 0.41791 -0.47009 0.48066 0.55276 0.49238
1413394943555760384 -1.36048 -0.37939 0.37835 -0.44313 0.50767 0.54228 0.50184
1413394943655760640 -1.41217 -0.35676 0.34538 -0.41428 0.54072 0.54012 0.49423
1413394943755760384 -1.47491 -0.35282 0.31695 -0.39750 0.57357 0.53431 0.47699
1413394943855760640 -1.54344 -0.35712 0.28661 -0.39829 0.59649 0.52194 0.46168
1413394943955760384 -1.61464 -0.36715 0.24896 -0.40628 0.61439 0.50941 0.44494
1413394944055760384 -1.68239 -0.38547 0.21036 -0.40211 0.62177 0.50872 0.43922
1413394944155760640 -1.74721 -0.41138 0.18031 -0.39431 0.62264 0.51305 0.44002
1413394944255760384 -1.80798 -0.44485 0.16126 -0.38757 0.62744 0.51325 0.43896
1413394944355760640 -1.86559 -0.47411 0.15343 -0.37614 0.63675 0.51623 0.43194
1413394944455760384 -1.91787 -0.49881 0.16187 -0.35638 0.64777 0.52157 0.42586
1413394944555760384 -1.96714 -0.51690 0.16760 -0.33846 0.66550 0.51523 0.42083
1413394944655760640 -2.01175 -0.52941 0.16099 -0.32149 0.69213 0.49762 0.41228
1413394944755760384 -2.04826 -0.53153 0.14261 -0.29914 0.72101 0.47543 0.40574
1413394944855760640 -2.07479 -0.52390 0.11575 -0.27707 0.74747 0.44679 0.40608
1413394944955760384 -2.08740 -0.49953 0.08466 -0.25662 0.76852 0.41281 0.41607
1413394945055760384 -2.08443 -0.45897 0.05045 -0.23543 0.77979 0.37805 0.43998
1413394945155760640 -2.06888 -0.40341 0.01299 -0.21070 0.78512 0.34452 0.46957
1413394945255760384 -2.04247 -0.33575 -0.02024 -0.18711 0.78827 0.30992 0.49757
1413394945355760640 -2.00887 -0.25845 -0.04856 -0.16340 0.78797 0.27547 0.52586
1413394945455760384 -1.97381 -0.17531 -0.07319 -0.15057 0.78128 0.23294 0.55917
1413394945555760384 -1.94007 -0.09312 -0.10056 -0.15440 0.78371 0.17740 0.57488
1413394945655760640 -1.90860 -0.01531 -0.12369 -0.15312 0.78988 0.12316 0.58093
1413394945755760384 -1.87824 0.05062 -0.14313 -0.14352 0.79713 0.07217 0.58205
1413394945855760640 -1.84602 0.10093 -0.16225 -0.12532 0.80253 0.02305 0.58284
1413394945955760384 -1.81672 0.13262 -0.18162 -0.10186 0.80495 -0.02681 0.58392
1413394946055760384 -1.79160 0.14026 -0.19424 -0.05919 0.80581 -0.06562 0.58555
1413394946155760640 -1.76849 0.13620 -0.20339 -0.01070 0.80410 -0.10172 0.58563
1413394946255760384 -1.75371 0.11893 -0.21049 0.03042 0.79671 -0.14303 0.58641
1413394946355760640 -1.74347 0.09655 -0.21939 0.06102 0.78698 -0.19163 0.58327
1413394946455760384 -1.74162 0.06262 -0.22697 0.08834 0.77596 -0.24136 0.57605
1413394946555760384 -1.74815 0.01899 -0.23397 0.11571 0.76094 -0.28952 0.56899
1413394946655760640 -1.76461 -0.03293 -0.23935 0.15976 0.74351 -0.32511 0.56211
1413394946755760384 -1.78993 -0.09221 -0.24127 0.21282 0.72301 -0.35416 0.55365
1413394946855760640 -1.82160 -0.15178 -0.24362 0.25817 0.70122 -0.38767 0.53977
1413394946955760384 -1.85777 -0.20899 -0.24538 0.29840 0.67621 -0.42327 0.52397
1413394947055760384 -1.89587 -0.26085 -0.24353 0.33681 0.64957 -0.45780 0.50501
1413394947155760640 -1.93708 -0.30601 -0.23081 0.36748 0.62541 -0.49411 0.47925
1413394947255760384 -1.97494 -0.34601 -0.20442 0.39070 0.60322 -0.53059 0.44939
1413394947355760640 -2.01205 -0.37890 -0.15873 0.41863 0.57477 -0.55610 0.43027
1413394947455760384 -2.04295 -0.40855 -0.09914 -0.43873 -0.55175 0.57298 -0.41807
1413394947555760384 -2.07033 -0.43181 -0.03365 -0.44297 -0.54088 0.58896 -0.40540
1413394947655760640 -2.08957 -0.44784 0.02400 -0.43134 -0.54577 0.60770 -0.38311
1413394947755760384 -2.10629 -0.46836 0.06737 -0.41024 -0.55953 0.62272 -0.36174
1413394947855760640 -2.11572 -0.49226 0.10336 -0.38878 -0.57752 0.62572 -0.35184
1413394947955760384 -2.12115 -0.52496 0.14779 -0.37401 -0.59589 0.61565 -0.35497
1413394948055760384 -2.11868 -0.57160 0.20227 0.35843 0.61559 -0.60118 0.36214
1413394948155760640 -2.11946 -0.64052 0.25352 0.34119 0.63590 -0.58863 0.36433
1413394948255760384 -2.11804 -0.72719 0.29896 0.34466 0.64654 -0.56724 0.37609
1413394948355760640 -2.11368 -0.82858 0.34030 0.36917 0.63967 -0.53630 0.40855
1413394948455760384 -2.10513 -0.93117 0.37587 0.40002 0.61942 -0.50359 0.45022
1413394948555760384 -2.09440 -1.02548 0.40534 0.42857 0.59404 -0.47438 0.48826
1413394948655760640 -2.08291 -1.10113 0.43505 0.44381 0.57500 -0.45815 0.51236
1413394948755760384 -2.07063 -1.14604 0.46733 0.45442 0.56370 -0.44934 0.52329
1413394948855760640 -2.05848 -1.16246 0.49994 0.44368 0.57591 -0.46341 0.50668
1413394948955760384 -2.04574 -1.15468 0.53383 0.42007 0.59968 -0.48878 0.47436
1413394949055760384 -2.03051 -1.13182 0.55636 0.38921 0.62921 -0.51839 0.42880
1413394949155760640 -2.01185 -1.10154 0.56503 0.35766 0.65357 -0.54375 0.38634
1413394949255760384 -1.98514 -1.08727 0.57097 0.33649 0.66744 -0.55990 0.35750
1413394949355760640 -1.94890 -1.09090 0.56721 0.32436 0.67397 -0.57006 0.33999
1413394949455760384 -1.90308 -1.11990 0.56249 0.32532 0.67211 -0.57212 0.33930
1413394949555760384 -1.84941 -1.17070 0.56323 0.35650 0.65336 -0.55475 0.37187
1413394949655760640 -1.78997 -1.23351 0.56975 0.39775 0.62237 -0.52720 0.42013
1413394949755760384 -1.72349 -1.29406 0.57934 0.42740 0.59329 -0.50443 0.45922
1413394949855760640 -1.65387 -1.34046 0.58549 0.43503 0.57583 -0.49657 0.48227
1413394949955760384 -1.58495 -1.37000 0.59051 0.41855 0.57311 -0.50084 0.49549
1413394950055760384 -1.51785 -1.38376 0.60010 0.39747 0.57467 -0.50082 0.51083
1413394950155760640 -1.45512 -1.38280 0.61079 0.36505 0.58332 -0.50346 0.52250
1413394950255760384 -1.40558 -1.37127 0.61450 0.32109 0.60942 -0.51594 0.50923
1413394950355760640 -1.37279 -1.35882 0.61919 0.30063 0.64920 -0.51897 0.46779
1413394950455760384 -1.34841 -1.35633 0.62671 0.29684 0.68282 -0.51404 0.42592
1413394950555760384 -1.32240 -1.37165 0.64092 0.29575 0.70203 -0.51039 0.39899
1413394950655760640 -1.28879 -1.40583 0.66013 0.30250 0.70663 -0.50435 0.39344
1413394950755760384 -1.24577 -1.45546 0.68745 0.32881 0.69365 -0.48226 0.42209
1413394950855760640 -1.19251 -1.51173 0.71896 0.35824 0.66783 -0.44909 0.47327
1413394950955760384 -1.13363 -1.55878 0.75189 0.38155 0.64015 -0.41005 0.52582
1413394951055760384 -1.07448 -1.58566 0.78398 0.39138 0.62113 -0.37383 0.56681
1413394951155760640 -1.01474 -1.58421 0.81350 0.37734 0.61708 -0.35341 0.59323
1413394951255760384 -0.96828 -1.55247 0.84143 0.33863 0.63808 -0.35224 0.59507
1413394951355760640 -0.93101 -1.49815 0.86146 0.28792 0.68186 -0.36830 0.56260
1413394951455760384 -0.90739 -1.43405 0.88808 0.23883 0.73269 -0.38893 0.50483
1413394951555760384 -0.89013 -1.37046 0.91817 0.20183 0.76993 -0.40588 0.44914
1413394951655760640 -0.85699 -1.33600 0.96521 0.17848 0.78875 -0.41968 0.41218
1413394951755760384 -0.81265 -1.32908 1.01153 0.17051 0.79698 -0.42758 0.39105
1413394951855760640 -0.74992 -1.36025 1.07101 0.20009 0.78441 -0.41379 0.41646
1413394951955760384 -0.67116 -1.41509 1.13731 0.23842 0.75696 -0.39335 0.46415
1413394952055760384 -0.58690 -1.47744 1.20526 0.27301 0.71976 -0.37262 0.51824
1413394952155760640 -0.49914 -1.53691 1.25908 0.29749 0.68934 -0.35632 0.55619
1413394952255760384 -0.41959 -1.58514 1.29320 0.29740 0.68133 -0.35664 0.56582
1413394952355760640 -0.34830 -1.61544 1.31240 0.27210 0.69901 -0.37013 0.54804
1413394952455760384 -0.28722 -1.64772 1.30412 0.23514 0.71744 -0.38208 0.53292
1413394952555760384 -0.22482 -1.68159 1.31256 0.21283 0.73608 -0.38051 0.51778
1413394952655760640 -0.16484 -1.72098 1.33477 0.21666 0.75126 -0.36364 0.50640
1413394952755760384 -0.10537 -1.76814 1.37028 0.22943 0.75271 -0.34396 0.51233
1413394952855760640 -0.04289 -1.81982 1.40776 0.24511 0.73644 -0.32341 0.54129
1413394952955760384 0.01644 -1.86818 1.43699 0.26059 0.71032 -0.30364 0.57908
1413394953055760384 0.07133 -1.90450 1.45256 0.27200 0.68777 -0.28956 0.60757
1413394953155760640 0.11508 -1.92350 1.45890 0.27841 0.67304 -0.28188 0.62454
1413394953255760384 0.14431 -1.92010 1.47084 0.28337 0.66313 -0.27780 0.63466
1413394953355760640 0.14453 -1.88491 1.50813 0.28950 0.65050 -0.27344 0.64674
1413394953455760384 0.11996 -1.81769 1.55274 0.28486 0.65943 -0.28101 0.63643
1413394953555760384 0.08607 -1.73674 1.57269 0.26426 0.70694 -0.30540 0.58064
1413394953655760640 0.04959 -1.64661 1.55648 0.24133 0.75280 -0.32854 0.51684
1413394953755760384 0.01319 -1.55383 1.50125 0.22154 0.78383 -0.34597 0.46566
1413394953855760640 -0.00451 -1.47037 1.41823 0.20947 0.80172 -0.35615 0.43189
1413394953955760384 -0.01624 -1.39791 1.32519 0.21232 0.79963 -0.35471 0.43554
1413394954055760384 -0.02314 -1.33323 1.23071 0.22982 0.77850 -0.34043 0.47458
1413394954155760640 -0.00812 -1.27717 1.14305 0.25099 0.75066 -0.32178 0.51959
1413394954255760384 0.00739 -1.21929 1.05882 0.26890 0.71992 -0.30237 0.56390
1413394954355760640 0.02504 -1.14336 0.98006 0.28304 0.69582 -0.29214 0.59193
1413394954455760384 0.03531 -1.05688 0.91468 0.27920 0.69088 -0.29334 0.59890
1413394954555760384 0.03353 -0.95326 0.85865 0.25691 0.71363 -0.31273 0.57179
1413394954655760640 0.02083 -0.83836 0.80578 0.22168 0.75053 -0.34423 0.51872
1413394954755760384 0.00941 -0.72522 0.75433 0.18815 0.77815 -0.37551 0.46698
1413394954855760640 0.00287 -0.63478 0.69622 0.17675 0.78939 -0.39214 0.43801
1413394954955760384 0.01169 -0.56638 0.64423 0.20246 0.78052 -0.38146 0.45198
1413394955055760384 0.03272 -0.51980 0.58540 0.23241 0.75971 -0.35639 0.49174
1413394955155760640 0.06190 -0.47464 0.52852 0.25130 0.73905 -0.32520 0.53376
1413394955255760384 0.09168 -0.42043 0.47570 0.25728 0.72349 -0.29188 0.57024
1413394955355760640 0.11519 -0.34914 0.42932 0.22982 0.72637 -0.27645 0.58578
1413394955455760384 0.13074 -0.27310 0.39055 0.16245 0.75217 -0.28787 0.57008
1413394955555760384 0.14501 -0.20782 0.36605 0.10429 0.78499 -0.30141 0.53111
1413394955655760640 0.14225 -0.15818 0.35669 0.08315 0.81439 -0.29939 0.49011
1413394955755760384 0.15414 -0.14458 0.36260 0.10391 0.83200 -0.27694 0.46934
1413394955855760640 0.18925 -0.15311 0.37961 0.13722 0.82985 -0.25236 0.47836
1413394955955760384 0.24065 -0.16379 0.39841 0.16074 0.81347 -0.23807 0.50572
1413394956105760512 0.33490 -0.20006 0.43331 0.18602 0.77019 -0.22141 0.56849
1413394956205760512 0.39549 -0.21972 0.45395 0.18723 0.74515 -0.21078 0.60437
1413394956305760256 0.44393 -0.22463 0.47731 0.17328 0.73206 -0.19874 0.62814
1413394956405760512 0.48303 -0.22015 0.49719 0.14395 0.73533 -0.18623 0.63552
1413394956505760512 0.50774 -0.20124 0.50237 0.11239 0.76034 -0.17088 0.61648
1413394956605760512 0.51645 -0.18025 0.49972 0.09233 0.79623 -0.14973 0.57885
1413394956655760640 0.52063 -0.17255 0.49595 0.08456 0.81635 -0.14066 0.55375
1413394956755760384 0.53076 -0.16085 0.48748 0.07182 0.84819 -0.12756 0.50907
1413394956855760640 0.53988 -0.16623 0.47736 0.06617 0.85955 -0.11538 0.49345
1413394956955760384 0.58631 -0.16394 0.48902 0.06736 0.84952 -0.10588 0.51241
1413394957055760384 0.65540 -0.17162 0.50076 0.07021 0.83365 -0.09861 0.53887
1413394957155760640 0.72572 -0.17409 0.51700 0.07061 0.80806 -0.09570 0.57697
1413394957255760384 0.79114 -0.17309 0.53473 0.07056 0.77887 -0.09370 0.61613
1413394957355760640 0.84615 -0.17061 0.55801 0.06600 0.74636 -0.09476 0.65545
1413394957455760384 0.88754 -0.16624 0.58159 0.06223 0.72802 -0.09606 0.67594
1413394957555760384 0.89315 -0.15657 0.59680 0.05230 0.74469 -0.09994 0.65781
1413394957655760640 0.88062 -0.14733 0.61349 0.04350 0.78317 -0.09846 0.61242
1413394957755760384 0.86019 -0.14058 0.62519 0.03591 0.82338 -0.09103 0.55898
1413394957855760640 0.84606 -0.13355 0.63115 0.02572 0.84690 -0.08201 0.52476
1413394957955760384 0.84309 -0.13394 0.63570 0.01273 0.84739 -0.06965 0.52622
1413394958055760384 0.85321 -0.13980 0.63810 -0.00533 0.82874 -0.05416 0.55698
1413394958155760640 0.87217 -0.14946 0.64179 -0.02188 0.79688 -0.03144 0.60292
1413394958255760384 0.88190 -0.16307 0.64634 -0.03916 0.76492 -0.00528 0.64292
1413394958355760640 0.87437 -0.18343 0.65203 -0.05372 0.74143 0.02213 0.66851
1413394958455760384 0.84591 -0.20879 0.65311 -0.06499 0.76020 0.04956 0.64453
1413394958555760384 0.80155 -0.23909 0.65160 -0.07336 0.80373 0.07540 0.58563
1413394958655760640 0.75080 -0.27010 0.65053 -0.07955 0.84676 0.09823 0.51674
1413394958755760384 0.71178 -0.29907 0.65619 -0.08579 0.86921 0.11784 0.47247
1413394958855760640 0.70076 -0.32475 0.66761 -0.08889 0.87234 0.14019 0.45985
1413394958955760384 0.72430 -0.34255 0.68625 -0.08587 0.85605 0.16865 0.48099
1413394959055760384 0.76297 -0.34411 0.70893 -0.09276 0.82259 0.19011 0.52782
1413394959155760640 0.80535 -0.33636 0.73031 -0.11438 0.78673 0.20054 0.57249
1413394959255760384 0.84146 -0.32515 0.75372 -0.14540 0.74857 0.20380 0.61397
1413394959355760640 0.86412 -0.31818 0.77760 -0.16941 0.72379 0.21077 0.63482
1413394959455760384 0.86975 -0.31671 0.79253 -0.17444 0.74724 0.22976 0.59868
1413394959555760384 0.86489 -0.32133 0.80450 -0.16854 0.78829 0.25456 0.53422
1413394959655760640 0.86384 -0.32469 0.81854 -0.16332 0.81901 0.27772 0.47478
1413394959755760384 0.87276 -0.31455 0.83735 -0.15971 0.82765 0.30257 0.44490
1413394959855760640 0.90083 -0.28652 0.85708 -0.15918 0.80646 0.33359 0.46152
1413394959955760384 0.94008 -0.24044 0.87099 -0.18370 0.77176 0.34827 0.49935
1413394960055760384 0.97954 -0.18238 0.87763 -0.23017 0.72779 0.34905 0.54360
1413394960155760640 1.01373 -0.12429 0.87628 -0.27280 0.68845 0.35437 0.57099
1413394960255760384 1.03589 -0.07332 0.87181 -0.30017 0.66793 0.37287 0.56986
1413394960355760640 1.04261 -0.03497 0.86591 -0.31516 0.66594 0.40236 0.54342
1413394960455760384 1.03946 -0.00720 0.85059 -0.31650 0.67495 0.44146 0.49939
1413394960555760384 1.03498 0.01734 0.82179 -0.30838 0.68847 0.48360 0.44389
1413394960655760640 1.02365 0.04674 0.79179 -0.30148 0.69321 0.51979 0.39799
1413394960755760384 1.03298 0.09894 0.75594 -0.30520 0.67637 0.54849 0.38539
1413394960855760640 1.03942 0.16930 0.73729 -0.33534 0.64068 0.55503 0.41112
1413394960955760384 1.04564 0.25011 0.72419 -0.37692 0.60588 0.54299 0.44271
1413394961055760384 1.04834 0.32690 0.71122 -0.40828 0.58156 0.52802 0.46508
1413394961155760640 1.04992 0.39298 0.69752 -0.41896 0.57444 0.52316 0.46989
1413394961255760384 1.04567 0.44402 0.68249 -0.39869 0.59170 0.53863 0.44813
1413394961355760640 1.03964 0.49085 0.66531 -0.36555 0.61692 0.56254 0.41150
1413394961455760384 1.03261 0.54421 0.65350 -0.33556 0.62638 0.58219 0.39510
1413394961555760384 1.02279 0.61117 0.65110 -0.32823 0.60981 0.58915 0.41629
1413394961655760640 1.00339 0.68891 0.65439 -0.35224 0.58936 0.57451 0.44555
1413394961755760384 0.97649 0.76863 0.65662 -0.39439 0.57009 0.54505 0.47157
1413394961855760640 0.94255 0.84071 0.65281 -0.42684 0.56096 0.51859 0.48394
1413394961955760384 0.90347 0.89295 0.65419 -0.44276 0.56276 0.50382 0.48315
1413394962055760384 0.86070 0.92236 0.65643 -0.43537 0.58116 0.50836 0.46290
1413394962155760640 0.82042 0.94730 0.65434 -0.40410 0.60121 0.52972 0.44119
1413394962255760384 0.77937 0.96510 0.65775 -0.37783 0.61504 0.54553 0.42588
1413394962355760640 0.73846 0.98703 0.67033 -0.36923 0.61638 0.54925 0.42668
1413394962455760384 0.69669 1.01574 0.69215 -0.39290 0.59370 0.53095 0.45960
1413394962555760384 0.64989 1.02770 0.71699 -0.42543 0.56438 0.50470 0.49574
1413394962655760640 0.59765 1.03044 0.73566 -0.44082 0.55769 0.49324 0.50138
1413394962755760384 0.54079 1.01357 0.74663 -0.42669 0.58099 0.50801 0.47149
1413394962855760640 0.48460 0.98153 0.75324 -0.40098 0.60621 0.53195 0.43446
1413394962955760384 0.43199 0.94745 0.75576 -0.38175 0.61176 0.55461 0.41523
1413394963055760384 0.37920 0.91817 0.75917 -0.39325 0.59282 0.55522 0.43087
1413394963155760640 0.32905 0.88154 0.75856 -0.42509 0.56298 0.53882 0.46046
1413394963255760384 0.27809 0.83717 0.74245 -0.44365 0.54727 0.52904 0.47305
1413394963355760640 0.22697 0.78006 0.70708 -0.42731 0.55954 0.54491 0.45541
1413394963455760384 0.17489 0.71529 0.65892 -0.39284 0.58482 0.57159 0.42064
1413394963555760384 0.12240 0.65144 0.60593 -0.36045 0.60480 0.59283 0.39096
1413394963655760640 0.06386 0.59972 0.56294 -0.35580 0.60676 0.59420 0.39008
1413394963755760384 0.00621 0.56071 0.53244 -0.38245 0.58680 0.57546 0.42218
1413394963855760640 -0.05468 0.52303 0.50462 -0.41776 0.56500 0.54817 0.45360
1413394963955760384 -0.12150 0.47963 0.46936 -0.42855 0.57019 0.53810 0.44909
1413394964055760384 -0.18758 0.42762 0.42804 -0.40101 0.59473 0.55545 0.42067
1413394964155760640 -0.25367 0.37730 0.38884 -0.36509 0.61799 0.57662 0.39026
1413394964255760384 -0.31912 0.33989 0.36114 -0.34908 0.62224 0.58475 0.38604
1413394964355760640 -0.38818 0.31803 0.34913 -0.36872 0.60468 0.57157 0.41438
1413394964455760384 -0.45895 0.30507 0.34652 -0.40968 0.58119 0.54268 0.44708
1413394964555760384 -0.53167 0.28411 0.34163 -0.43632 0.57295 0.52336 0.45547
1413394964655760640 -0.60439 0.25010 0.32950 -0.42907 0.59662 0.53108 0.42178
1413394964755760384 -0.67214 0.21155 0.31743 -0.40127 0.62737 0.55104 0.37650
1413394964855760640 -0.73031 0.17992 0.31161 -0.37544 0.65110 0.56515 0.34018
1413394964955760384 -0.77317 0.16694 0.31345 -0.36702 0.66851 0.56498 0.31494
1413394965055760384 -0.80203 0.17922 0.32876 -0.37882 0.65889 0.55618 0.33620
1413394965155760640 -0.82031 0.20863 0.35484 -0.40681 0.62212 0.54403 0.38924
1413394965255760384 -0.83745 0.23920 0.38385 -0.44112 0.58162 0.53275 0.42814
1413394965355760640 -0.85413 0.26099 0.40795 -0.44920 0.55545 0.54747 0.43586
1413394965455760384 -0.86996 0.27136 0.42719 -0.43982 0.54543 0.57962 0.41606
1413394965555760384 -0.88690 0.27476 0.45013 -0.44577 0.53003 0.60239 0.39684
1413394965655760640 -0.90408 0.27150 0.48038 -0.48082 0.50314 0.60755 0.38282
1413394965755760384 -0.91985 0.25931 0.51069 0.51294 -0.47162 -0.61585 -0.36768
1413394965855760640 -0.92861 0.23818 0.52499 0.51200 -0.44775 -0.64698 -0.34466
1413394965955760384 -0.93621 0.20850 0.53062 0.51301 -0.42055 -0.67239 -0.32841
1413394966055760384 -0.94060 0.17006 0.53730 0.54561 -0.38620 -0.67036 -0.32215
1413394966155760640 -0.94050 0.11861 0.53480 0.56399 -0.36187 -0.67584 -0.30692
1413394966255760384 -0.93591 0.05425 0.51793 0.54111 -0.35656 -0.71103 -0.27294
1413394966355760640 -0.92625 -0.01689 0.48933 -0.49328 0.35910 0.75884 0.22780
1413394966455760384 -0.92081 -0.08307 0.46054 -0.45246 0.35622 0.79558 0.18827
1413394966555760384 -0.93090 -0.13024 0.44516 -0.46170 0.33799 0.80109 0.17565
1413394966655760640 -0.95471 -0.15787 0.44129 0.51100 -0.30837 -0.78072 -0.18508
1413394966755760384 -0.98404 -0.18005 0.44204 0.56634 -0.27591 -0.75163 -0.19542
1413394966855760640 -1.00902 -0.20632 0.43831 0.59779 -0.25183 -0.73669 -0.19110
1413394966955760384 -1.02455 -0.23654 0.43141 0.58733 -0.23528 -0.75416 -0.17587
1413394967055760384 -1.03363 -0.27154 0.42260 0.54931 -0.22215 -0.79080 -0.15347
1413394967155760640 -1.04271 -0.30708 0.41714 0.51827 -0.20383 -0.81957 -0.13477
1413394967255760384 -1.06370 -0.33922 0.42670 0.53415 -0.17972 -0.81680 -0.12337
1413394967355760640 -1.09496 -0.37092 0.44674 0.57995 -0.15288 -0.79177 -0.11571
1413394967455760384 -1.12227 -0.40781 0.47058 0.62746 -0.12772 -0.76084 -0.10534
1413394967555760384 -1.13493 -0.45898 0.48682 0.63349 -0.11246 -0.76132 -0.08014
1413394967655760640 -1.13363 -0.50598 0.50006 0.59297 -0.09547 -0.79742 -0.05822
1413394967755760384 -1.12498 -0.55160 0.51663 0.55842 -0.07530 -0.82516 -0.04021
1413394967855760640 -1.12086 -0.59261 0.54383 0.56602 -0.05052 -0.82244 -0.02581
1413394967955760384 -1.11936 -0.63224 0.57940 0.59744 -0.02143 -0.80156 -0.01092
1413394968055760384 -1.11481 -0.67415 0.61354 0.61026 0.00712 -0.79214 0.00727
1413394968155760640 -1.09856 -0.71629 0.63073 0.58369 0.03074 -0.81102 0.02463
1413394968255760384 -1.08431 -0.75737 0.63612 0.55571 0.04724 -0.82921 0.03699
1413394968355760640 -1.07304 -0.79523 0.63439 0.55169 0.06174 -0.83047 0.04627
1413394968455760384 -1.07099 -0.83338 0.62772 0.55552 0.07724 -0.82591 0.05742
1413394968555760384 -1.07070 -0.87013 0.61941 0.55363 0.09138 -0.82474 0.07027
1413394968655760640 -1.07823 -0.90568 0.61107 0.54281 0.10318 -0.83011 0.07500
1413394968755760384 -1.09606 -0.94423 0.60593 0.54290 0.11959 -0.82867 0.06535
1413394968855760640 -1.12086 -0.98766 0.60359 0.55126 0.12777 -0.82226 0.06072
1413394968955760384 -1.15132 -1.03689 0.60347 0.56152 0.12612 -0.81452 0.07307
1413394969055760384 -1.18483 -1.08938 0.60692 0.57412 0.12726 -0.80362 0.09154
1413394969155760640 -1.21817 -1.14510 0.60504 0.58122 0.13352 -0.79542 0.10797
1413394969255760384 -1.24900 -1.19707 0.58579 0.58822 0.14068 -0.78749 0.11862
1413394969355760640 -1.27531 -1.24373 0.55164 0.59718 0.14555 -0.77862 0.12626
1413394969455760384 -1.29286 -1.28215 0.50860 0.60853 0.15109 -0.76856 0.12716
1413394969555760384 -1.30152 -1.31799 0.46354 0.60490 0.16350 -0.77129 0.11169
1413394969655760640 -1.30123 -1.35402 0.41921 0.58815 0.17759 -0.78396 0.08919
1413394969755760384 -1.29452 -1.39590 0.38117 0.57731 0.18982 -0.79131 0.06709
1413394969855760640 -1.28286 -1.44844 0.34800 0.56991 0.19357 -0.79646 0.05822
1413394969955760384 -1.26786 -1.51311 0.32135 0.55721 0.18273 -0.80710 0.06867
1413394970055760384 -1.25433 -1.58708 0.30759 0.54579 0.17021 -0.81639 0.08156
1413394970155760640 -1.24796 -1.66783 0.31699 0.54002 0.16075 -0.82105 0.09176
1413394970255760384 -1.24840 -1.75397 0.33564 0.55028 0.15441 -0.81440 0.10046
1413394970355760640 -1.25462 -1.84036 0.35157 0.57644 0.14186 -0.79592 0.11875
1413394970455760384 -1.26201 -1.92554 0.35814 0.60063 0.12409 -0.77667 0.14364
1413394970555760384 -1.26353 -2.00045 0.35080 0.60538 0.11019 -0.77083 0.16495
1413394970655760640 -1.25955 -2.06041 0.33415 0.60165 0.09584 -0.77074 0.18654
1413394970755760384 -1.25352 -2.10153 0.31643 0.60821 0.09487 -0.76595 0.18549
1413394970855760640 -1.24257 -2.12172 0.29845 0.60332 0.11804 -0.77428 0.15018
1413394970955760384 -1.22184 -2.12845 0.28718 0.58335 0.14141 -0.79179 0.11300
1413394971055760384 -1.20174 -2.13175 0.29288 0.56930 0.15467 -0.80260 0.08837
1413394971155760640 -1.18064 -2.13984 0.31138 0.55357 0.15524 -0.81419 0.08100
1413394971255760384 -1.16390 -2.15353 0.33101 0.52967 0.15269 -0.83059 0.07912
1413394971355760640 -1.15584 -2.17386 0.34273 0.50464 0.15103 -0.84653 0.07690
1413394971455760384 -1.16122 -2.20258 0.34663 -0.48618 -0.14918 0.85763 -0.07643
1413394971555760384 -1.18622 -2.24126 0.35210 -0.47788 -0.13837 0.86306 -0.08729
1413394971655760640 -1.23157 -2.28580 0.36661 -0.49557 -0.12346 0.85313 -0.10648
1413394971755760384 -1.29442 -2.32812 0.38386 0.52873 0.10655 -0.83323 0.12173
1413394971855760640 -1.37186 -2.36311 0.40208 0.56100 0.08909 -0.81315 0.12697
1413394971955760384 -1.45337 -2.38599 0.41914 0.59081 0.06722 -0.79386 0.12733
1413394972055760384 -1.53268 -2.39474 0.42810 0.61321 0.04565 -0.78043 0.11321
1413394972155760640 -1.60354 -2.38851 0.42630 0.62714 0.01711 -0.77316 0.09291
1413394972255760384 -1.66127 -2.36631 0.41314 0.63474 -0.01723 -0.76958 0.06750
1413394972355760640 -1.70461 -2.33072 0.39605 0.63783 -0.05622 -0.76719 0.03788
1413394972455760384 -1.73277 -2.28313 0.37255 0.63217 -0.10052 -0.76824 0.00790
1413394972555760384 -1.74791 -2.22531 0.34170 0.60924 -0.14514 -0.77915 -0.02619
1413394972655760640 -1.74902 -2.15781 0.31478 0.58334 -0.18595 -0.78772 -0.06811
1413394972755760384 -1.74635 -2.08278 0.29563 0.56414 -0.21765 -0.78707 -0.12207
1413394972855760640 -1.74236 -2.00492 0.28419 0.54949 -0.24628 -0.77861 -0.17656
1413394972955760384 -1.75263 -1.93061 0.27763 0.53801 -0.27986 -0.76395 -0.22049
1413394973055760384 -1.75056 -1.86099 0.27191 0.52611 -0.32006 -0.74677 -0.25119
1413394973155760640 -1.75625 -1.79618 0.26573 0.51338 -0.36378 -0.72764 -0.27321
1413394973255760384 -1.75781 -1.73565 0.25657 -0.49965 0.40950 0.70688 0.28805
1413394973355760640 -1.76023 -1.67649 0.24851 -0.48537 0.45131 0.68373 0.30538
1413394973455760384 -1.76717 -1.61646 0.24314 -0.47072 0.48883 0.65775 0.32685
1413394973555760384 -1.77305 -1.55525 0.23994 -0.45393 0.52478 0.63017 0.34849
1413394973655760640 -1.77704 -1.49213 0.23898 -0.43183 0.55813 0.60348 0.37124
1413394973755760384 -1.77936 -1.42781 0.24186 -0.41136 0.58578 0.57287 0.39933
1413394973855760640 -1.78089 -1.36354 0.24556 -0.39307 0.61353 0.53835 0.42338
1413394973955760384 -1.78167 -1.30084 0.24995 -0.37303 0.64146 0.50373 0.44231
1413394974055760384 -1.78092 -1.24078 0.25677 -0.35284 0.66680 0.46808 0.46020
1413394974155760640 -1.75015 -1.18692 0.25774 -0.33472 0.69039 0.43067 0.47523
1413394974255760384 -1.73737 -1.13162 0.26550 -0.31706 0.71287 0.39081 0.48842
1413394974355760640 -1.72430 -1.08063 0.27517 -0.29725 0.73544 0.35129 0.49735
1413394974455760384 -1.70383 -1.03457 0.28727 -0.27637 0.75595 0.31226 0.50463
1413394974555760384 -1.67740 -0.99207 0.30048 -0.25434 0.77187 0.27405 0.51422
1413394974655760640 -1.64330 -0.95415 0.31725 -0.23047 0.77726 0.23917 0.53437
1413394974755760384 -1.60448 -0.92764 0.33277 -0.20296 0.78248 0.20973 0.55004
1413394974855760640 -1.56383 -0.90997 0.34494 -0.17398 0.79027 0.18486 0.55770
1413394974955760384 -1.52297 -0.89737 0.34494 -0.14242 0.79751 0.16480 0.56262
1413394975055760384 -1.48530 -0.89324 0.32860 -0.11702 0.79938 0.14555 0.57106
1413394975155760640 -1.45047 -0.88820 0.30236 -0.09790 0.79392 0.12691 0.58651
1413394975255760384 -1.41887 -0.88125 0.26703 -0.08528 0.78972 0.10711 0.59799
1413394975355760640 -1.39332 -0.87455 0.22659 -0.07212 0.78914 0.09003 0.60328
1413394975455760384 -1.37327 -0.86741 0.18735 -0.05606 0.79460 0.07720 0.59958
1413394975555760384 -1.35880 -0.85917 0.15129 -0.04058 0.80329 0.06789 0.59031
1413394975655760640 -1.34711 -0.84705 0.11932 -0.03073 0.81170 0.06152 0.58002
1413394975755760384 -1.33637 -0.82931 0.09403 -0.02508 0.81699 0.05765 0.57322
1413394975855760640 -1.32326 -0.80770 0.07509 -0.02388 0.81962 0.05557 0.56970
1413394975955760384 -1.30812 -0.78258 0.06553 -0.02270 0.81189 0.05659 0.58062
1413394976055760384 -1.29544 -0.75422 0.05983 -0.02560 0.80030 0.05652 0.59638
1413394976155760640 -1.28635 -0.72315 0.05451 -0.02593 0.79551 0.05850 0.60255
1413394976255760384 -1.28300 -0.68908 0.04940 -0.02515 0.79610 0.06109 0.60155
1413394976355760640 -1.28336 -0.65292 0.04349 -0.02474 0.79351 0.06380 0.60469
1413394976455760384 -1.29164 -0.61399 0.03880 -0.02599 0.78403 0.06430 0.61683
1413394976605760512 -1.32309 -0.55194 0.03542 -0.03257 0.76794 0.06139 0.63674
1413394976705760512 -1.36056 -0.50866 0.03341 -0.04583 0.76578 0.05323 0.63926
1413394976755760384 -1.38428 -0.48784 0.03059 -0.05418 0.77193 0.04799 0.63157
1413394976855760640 -1.44240 -0.45063 0.02672 -0.06728 0.79402 0.03799 0.60296
1413394976955760384 -1.50704 -0.42110 0.02424 -0.07699 0.82710 0.02715 0.55609
1413394977105760512 -1.58829 -0.39575 0.02932 -0.08303 0.86603 0.00846 0.49297
1413394977155760640 -1.60608 -0.39310 0.03516 -0.08348 0.87605 0.00226 0.47494
1413394977305760256 -1.61195 -0.40444 0.06354 -0.06463 0.89222 0.00168 0.44694
1413394977405760512 -1.57593 -0.42299 0.09791 -0.03209 0.89110 0.02250 0.45212
1413394977505760512 -1.50791 -0.44080 0.13981 -0.00953 0.88830 0.03764 0.45761
1413394977605760512 -1.40846 -0.45196 0.18654 -0.00181 0.88624 0.04138 0.46137
1413394977705760512 -1.28162 -0.45760 0.23583 0.00117 0.88419 0.04227 0.46521
1413394977805760256 -1.12649 -0.45594 0.29108 0.00339 0.87542 0.04447 0.48131
1413394977905760512 -0.95125 -0.44538 0.34915 0.00496 0.85751 0.04657 0.51233
1413394978005760512 -0.76534 -0.42555 0.40513 0.00721 0.83773 0.04848 0.54389
1413394978105760512 -0.57520 -0.39768 0.45930 0.01034 0.82142 0.05081 0.56797
1413394978155760640 -0.47838 -0.37981 0.48345 0.01270 0.81656 0.05246 0.57473
1413394978255760384 -0.28750 -0.33935 0.52212 0.01519 0.81135 0.05444 0.58182
1413394978355760640 -0.09981 -0.29371 0.54994 0.01612 0.81018 0.05604 0.58328
1413394978455760384 0.08356 -0.24092 0.56573 0.01383 0.80992 0.05681 0.58363
1413394978555760384 0.26263 -0.18039 0.57320 0.00640 0.81066 0.05458 0.58294
1413394978655760640 0.43886 -0.11297 0.58215 -0.00606 0.81156 0.04869 0.58221
1413394978755760384 0.61054 -0.03910 0.59203 -0.02240 0.81210 0.03954 0.58174
1413394978855760640 0.77780 0.03646 0.60643 -0.03310 0.81190 0.03215 0.58198
1413394978955760384 0.94125 0.11147 0.62160 -0.03804 0.81003 0.02691 0.58453
1413394979055760384 1.10094 0.18036 0.63449 -0.03982 0.80089 0.02202 0.59708
1413394979155760640 1.25501 0.24689 0.63471 -0.04393 0.78679 0.01588 0.61545
1413394979255760384 1.39826 0.31077 0.62557 -0.05410 0.76990 0.00661 0.63583
1413394979355760640 1.52818 0.36711 0.61171 -0.06791 0.75318 -0.00276 0.65430
1413394979455760384 1.63797 0.41182 0.60268 -0.08139 0.73328 -0.00884 0.67498
1413394979555760384 1.71705 0.44089 0.60400 -0.08729 0.71193 -0.00881 0.69675
1413394979655760640 1.76135 0.45268 0.61768 -0.08441 0.69930 -0.00194 0.70983
1413394979755760384 1.76442 0.44765 0.64209 -0.07035 0.70794 0.01213 0.70266
1413394979855760640 1.72745 0.42772 0.67448 -0.03614 0.74458 0.03390 0.66569
1413394979955760384 1.66543 0.40461 0.71370 -0.00353 0.77884 0.05032 0.62519
1413394980055760384 1.59711 0.38860 0.75298 0.01249 0.79634 0.05469 0.60224
1413394980155760640 1.52136 0.38236 0.78437 0.01823 0.79536 0.05334 0.60351
1413394980255760384 1.43970 0.38639 0.80455 0.01516 0.78721 0.04795 0.61463
1413394980355760640 1.35348 0.39830 0.81713 0.00792 0.78116 0.04044 0.62298
1413394980455760384 1.25342 0.41966 0.81418 0.00480 0.78541 0.03582 0.61791
1413394980555760384 1.14520 0.44201 0.80706 -0.00646 0.79656 0.02695 0.60392
1413394980655760640 1.03342 0.46877 0.80494 -0.01686 0.80609 0.01919 0.59124
1413394980755760384 0.92461 0.49523 0.80873 -0.02254 0.81083 0.01550 0.58465
1413394980855760640 0.81800 0.51958 0.81482 -0.02699 0.81340 0.01389 0.58091
1413394980955760384 0.71424 0.54343 0.82138 -0.02892 0.81454 0.01363 0.57923
1413394981055760384 0.61460 0.56524 0.82142 -0.03402 0.81609 0.01071 0.57682
1413394981155760640 0.51880 0.58272 0.81275 -0.04086 0.81745 0.00626 0.57451
1413394981255760384 0.42645 0.59369 0.79335 -0.04610 0.81936 0.00258 0.57142
1413394981355760640 0.33895 0.59882 0.76694 -0.04307 0.82015 0.00319 0.57052
1413394981455760384 0.25598 0.59857 0.74245 -0.02911 0.82053 0.00934 0.57079
1413394981555760384 0.17739 0.59696 0.72255 -0.01920 0.82055 0.01168 0.57113
1413394981655760640 0.10236 0.59450 0.70371 -0.01592 0.82476 0.00915 0.56519
1413394981755760384 0.03101 0.59095 0.68407 -0.01191 0.82979 0.00201 0.55794
1413394981855760640 -0.03244 0.58588 0.66501 -0.01158 0.83322 -0.01337 0.55266
1413394981955760384 -0.08742 0.57746 0.64949 -0.01046 0.83369 -0.03237 0.55119
1413394982055760384 -0.13199 0.56365 0.63773 -0.00863 0.83203 -0.05603 0.55182
1413394982155760640 -0.16754 0.54249 0.63064 -0.00646 0.82594 -0.08385 0.55744
1413394982255760384 -0.19666 0.51234 0.62562 -0.00340 0.81850 -0.11521 0.56283
1413394982355760640 -0.22387 0.46937 0.62232 0.00650 0.81240 -0.14507 0.56472
1413394982455760384 -0.24110 0.40916 0.63189 0.02141 0.80527 -0.17457 0.56622
1413394982555760384 -0.26650 0.33383 0.64121 0.03833 0.79805 -0.20417 0.56565
1413394982655760640 -0.29500 0.24379 0.65451 0.05650 0.78910 -0.23299 0.56555
1413394982755760384 -0.32622 0.13909 0.67050 0.07797 0.78112 -0.25748 0.56345
1413394982855760640 -0.36131 0.02023 0.68841 0.10324 0.77260 -0.27928 0.56074
1413394983005760512 -0.41945 -0.17832 0.71766 0.14182 0.76173 -0.30463 0.55395
1413394983105760512 -0.46111 -0.31967 0.73838 0.16482 0.75734 -0.31229 0.54931
1413394983205760512 -0.50220 -0.46453 0.75981 0.18186 0.75418 -0.31466 0.54692
1413394983305760256 -0.54362 -0.61116 0.78132 0.19152 0.75177 -0.31518 0.54664
1413394983405760512 -0.58399 -0.75833 0.80325 0.20205 0.75297 -0.30937 0.54452
1413394983505760512 -0.62448 -0.90349 0.82643 0.21761 0.75912 -0.29563 0.53757
1413394983605760512 -0.66306 -1.04361 0.84193 0.22738 0.76356 -0.28412 0.53344
1413394983705760512 -0.69662 -1.17780 0.84747 0.23486 0.76590 -0.27383 0.53221
1413394983805760256 -0.72446 -1.30490 0.84121 0.24090 0.76714 -0.26588 0.53176
1413394983905760512 -0.74656 -1.42341 0.82192 0.24098 0.76741 -0.26372 0.53241
1413394984005760512 -0.76244 -1.53257 0.79146 0.23897 0.76755 -0.26287 0.53354
1413394984105760512 -0.77158 -1.63129 0.75600 0.23433 0.76923 -0.25795 0.53557
1413394984205760512 -0.77524 -1.72020 0.72177 0.22805 0.77275 -0.24961 0.53716
1413394984305760256 -0.77267 -1.80148 0.68905 0.22130 0.77803 -0.24343 0.53520
1413394984405760512 -0.76214 -1.87306 0.65796 0.21480 0.78445 -0.24002 0.52999
1413394984505760512 -0.74276 -1.93652 0.63120 0.20830 0.79107 -0.23370 0.52555
1413394984605760512 -0.71588 -1.99317 0.60726 0.19922 0.79690 -0.22329 0.52479
1413394984705760512 -0.67941 -2.03811 0.58726 0.18808 0.80262 -0.20849 0.52626
1413394984805760256 -0.63353 -2.07726 0.57292 0.17546 0.80890 -0.19138 0.52752
1413394984905760512 -0.57722 -2.10962 0.55999 0.15694 0.81235 -0.17527 0.53361
1413394985005760512 -0.51301 -2.13918 0.55051 0.14149 0.81362 -0.15361 0.54260
1413394985105760512 -0.44205 -2.16522 0.54571 0.13059 0.81551 -0.13239 0.54805
1413394985205760512 -0.36596 -2.18474 0.54465 0.12227 0.81784 -0.11821 0.54974
1413394985305760256 -0.28440 -2.19676 0.55267 0.11063 0.81989 -0.11322 0.55020
1413394985405760512 -0.19812 -2.20406 0.57363 0.08130 0.82057 -0.12537 0.55166
1413394985505760512 -0.10557 -2.21275 0.60916 0.05384 0.82149 -0.13903 0.55039
1413394985605760512 -0.00758 -2.23048 0.66275 0.05470 0.82020 -0.13469 0.55330
1413394985705760512 0.09356 -2.25452 0.72005 0.07429 0.82158 -0.11798 0.55278
1413394985805760256 0.19335 -2.27753 0.77064 0.09355 0.82218 -0.10269 0.55202
1413394985905760512 0.29898 -2.29634 0.80250 0.10471 0.82214 -0.09459 0.55151
1413394986005760512 0.40776 -2.31021 0.82124 0.10898 0.82162 -0.09283 0.55176
1413394986105760512 0.52051 -2.31676 0.83470 0.11088 0.82040 -0.09378 0.55304
1413394986205760512 0.63698 -2.31628 0.84963 0.09709 0.81858 -0.10664 0.55599
1413394986305760256 0.75764 -2.31299 0.86616 0.07658 0.81646 -0.12378 0.55876
1413394986405760512 0.88094 -2.30953 0.88945 0.06458 0.81494 -0.13436 0.56005
1413394986505760512 1.00755 -2.31050 0.91827 0.06618 0.81437 -0.13493 0.56055
1413394986605760512 1.13440 -2.31496 0.95088 0.08193 0.81578 -0.12493 0.55873
1413394986705760512 1.26326 -2.32055 0.98310 0.10103 0.81833 -0.11112 0.55478
1413394986805760256 1.39500 -2.32252 1.01527 0.11384 0.81794 -0.10190 0.55465
1413394986905760512 1.53196 -2.31921 1.04754 0.11084 0.81411 -0.10498 0.56029
1413394987005760512 1.66952 -2.30945 1.07343 0.09746 0.80855 -0.11598 0.56859
1413394987105760512 1.80511 -2.29668 1.08561 0.07978 0.80477 -0.12980 0.57369
1413394987205760512 1.94113 -2.28629 1.08751 0.06910 0.80177 -0.13821 0.57732
1413394987305760256 2.07677 -2.27834 1.08629 0.07786 0.79841 -0.13345 0.58195
1413394987405760512 2.21006 -2.27160 1.08176 0.10301 0.79544 -0.11636 0.58576
1413394987505760512 2.34035 -2.25925 1.07964 0.12285 0.79208 -0.10266 0.58905
1413394987605760512 2.46864 -2.23691 1.08374 0.13262 0.78785 -0.09541 0.59380
1413394987705760512 2.59067 -2.20238 1.09096 0.13709 0.78119 -0.09171 0.60211
1413394987805760256 2.70388 -2.15350 1.10247 0.13825 0.77420 -0.09071 0.61096
1413394987905760512 2.80762 -2.09024 1.11713 0.14055 0.76989 -0.09015 0.61595
1413394988005760512 2.90323 -2.01293 1.13824 0.14059 0.76440 -0.09114 0.62259
1413394988105760512 2.98338 -1.92039 1.16156 0.13441 0.75891 -0.09660 0.62981
1413394988205760512 3.04890 -1.81452 1.18620 0.11830 0.75825 -0.10872 0.63186
1413394988305760256 3.09482 -1.70130 1.21204 0.09690 0.75723 -0.13070 0.63256
1413394988405760512 3.12638 -1.58843 1.23140 0.07930 0.75638 -0.16180 0.62883
1413394988505760512 3.14132 -1.48148 1.24273 0.07395 0.75452 -0.19793 0.62133
1413394988605760512 3.14145 -1.38346 1.24755 0.08757 0.75104 -0.23364 0.61129
1413394988705760512 3.12614 -1.29486 1.24618 0.11818 0.74811 -0.26098 0.59854
1413394988805760256 3.09680 -1.21229 1.24058 0.15222 0.74319 -0.27822 0.58914
1413394988905760512 3.04261 -1.13566 1.22684 0.18104 0.73654 -0.28794 0.58466
1413394989005760512 2.97247 -1.05825 1.20937 0.20361 0.73379 -0.29129 0.57900
1413394989105760512 2.89477 -0.97665 1.19804 0.21804 0.73695 -0.29251 0.56903
1413394989205760512 2.82335 -0.89119 1.18523 0.22337 0.74159 -0.29376 0.56023
1413394989305760256 2.75618 -0.80180 1.17527 0.21977 0.74470 -0.29646 0.55610
1413394989405760512 2.68971 -0.70814 1.16826 0.21103 0.74653 -0.30001 0.55511
1413394989505760512 2.62158 -0.61476 1.15932 0.20224 0.74768 -0.30223 0.55563
1413394989605760512 2.55274 -0.52134 1.14410 0.19287 0.74938 -0.30427 0.55557
1413394989705760512 2.48209 -0.42992 1.11913 0.17966 0.75303 -0.30240 0.55607
1413394989805760256 2.41264 -0.34037 1.08399 0.15778 0.76035 -0.29327 0.55764
1413394989905760512 2.34323 -0.25662 1.03918 0.12920 0.77424 -0.27560 0.55489
1413394990005760512 2.27486 -0.18290 0.98968 0.10807 0.78997 -0.24077 0.55344
1413394990105760512 2.20649 -0.11774 0.93560 0.09422 0.80393 -0.19245 0.55478
1413394990205760512 2.14002 -0.05681 0.87325 0.07860 0.81548 -0.14133 0.55573
1413394990355760640 2.05328 0.03221 0.77683 0.05309 0.82670 -0.06481 0.55637
1413394990405760512 2.02642 0.06158 0.74477 0.04392 0.82988 -0.04285 0.55455
1413394990505760512 1.97555 0.12439 0.68412 0.02452 0.83312 -0.01201 0.55242
1413394990605760512 1.93151 0.18680 0.62704 0.00607 0.83504 0.00434 0.55014
1413394990705760512 1.89759 0.24360 0.57264 -0.00452 0.83623 0.01433 0.54817
1413394990805760256 1.87664 0.29859 0.52079 -0.01011 0.83610 0.01788 0.54819
1413394990905760512 1.86135 0.35860 0.47309 -0.01072 0.83600 0.01806 0.54832
1413394991005760512 1.85140 0.42070 0.43073 -0.00881 0.83535 0.01559 0.54942
1413394991105760512 1.84937 0.49051 0.38954 -0.00793 0.83469 0.00989 0.55057
1413394991205760512 1.85642 0.55751 0.35636 -0.00987 0.83242 0.00103 0.55406
1413394991305760256 1.87265 0.61959 0.32644 -0.00830 0.83202 -0.01272 0.55454
1413394991405760512 1.89355 0.67459 0.30299 -0.00090 0.83166 -0.03168 0.55438
1413394991505760512 1.92417 0.72427 0.28093 0.01124 0.82965 -0.05443 0.55551
1413394991605760512 1.95801 0.76596 0.26393 0.02775 0.82647 -0.07818 0.55683
1413394991705760512 1.99841 0.80235 0.25003 0.04954 0.81914 -0.09765 0.56305
1413394991805760256 2.04152 0.83468 0.23945 0.06671 0.80677 -0.11417 0.57588
1413394991905760512 2.08523 0.86728 0.22783 0.07407 0.79515 -0.12892 0.58791
1413394992005760512 2.12554 0.90016 0.21618 0.07706 0.78799 -0.14299 0.59388
1413394992105760512 2.16037 0.93040 0.20288 0.07517 0.78610 -0.16185 0.59178
1413394992205760512 2.18777 0.95547 0.19205 0.07370 0.78776 -0.18332 0.58344
1413394992305760256 2.20986 0.97039 0.18454 0.08159 0.78848 -0.20095 0.57555
1413394992405760512 2.22674 0.97620 0.18203 0.10192 0.78717 -0.21302 0.56974
1413394992505760512 2.23990 0.97452 0.18405 0.13239 0.78719 -0.21669 0.56200
1413394992605760512 2.25223 0.97090 0.18834 0.15923 0.78587 -0.21638 0.55699
1413394992705760512 2.26676 0.97087 0.19331 0.16623 0.77959 -0.22312 0.56110
1413394992805760256 2.28171 0.97331 0.19755 0.16154 0.77279 -0.23817 0.56567
1413394992905760512 2.29419 0.97605 0.20141 0.15663 0.76790 -0.25494 0.56639
1413394993005760512 2.30540 0.97816 0.20056 0.15585 0.76609 -0.26540 0.56426
1413394993105760512 2.31243 0.97665 0.19013 0.16253 0.76665 -0.26706 0.56082
1413394993205760512 2.31880 0.97307 0.16832 0.17060 0.76910 -0.26460 0.55620
1413394993305760256 2.32263 0.96843 0.13796 0.18147 0.77156 -0.25813 0.55239
1413394993405760512 2.32870 0.96521 0.10499 0.19051 0.77411 -0.25071 0.54919
1413394993505760512 2.33687 0.96558 0.07346 0.19633 0.77586 -0.24490 0.54729
1413394993605760512 2.34762 0.97067 0.04358 0.19695 0.77620 -0.24240 0.54770
1413394993705760512 2.36049 0.97914 0.01296 0.19367 0.77430 -0.24848 0.54882
1413394993805760256 2.37047 0.98115 -0.02524 0.18955 0.76908 -0.26472 0.55001
1413394993905760512 2.38141 0.98904 -0.06995 0.19035 0.76088 -0.28888 0.54898
1413394994005760512 2.39102 0.99630 -0.12005 0.19447 0.74953 -0.31799 0.54705
1413394994105760512 2.39327 0.99897 -0.16690 0.20544 0.73741 -0.34586 0.54259
1413394994205760512 2.39063 0.99751 -0.19889 0.22452 0.72372 -0.37060 0.53710
1413394994305760256 2.38266 0.99219 -0.21749 0.25013 0.71173 -0.39168 0.52675
1413394994405760512 2.37114 0.98630 -0.22558 0.27951 0.70405 -0.40774 0.50984
1413394994505760512 2.36088 0.97963 -0.21911 0.30570 0.69799 -0.41737 0.49514
1413394994605760512 2.35657 0.97429 -0.19905 0.32302 0.69263 -0.42449 0.48553
1413394994705760512 2.36283 0.97069 -0.18237 0.33419 0.68841 -0.42842 0.48048
1413394994805760256 2.37179 0.97332 -0.16247 0.34098 0.68275 -0.43017 0.48222
1413394994905760512 2.38552 0.98142 -0.14206 0.34015 0.67808 -0.43275 0.48707
1413394995005760512 2.40380 0.99592 -0.13138 0.33615 0.67514 -0.43481 0.49206
1413394995105760512 2.42402 1.01524 -0.14144 0.32335 0.67011 -0.44163 0.50136
1413394995205760512 2.44315 1.02998 -0.17218 0.30443 0.66964 -0.45152 0.50502
1413394995305760256 2.45955 1.05080 -0.21419 0.29162 0.67897 -0.45790 0.49426
1413394995405760512 2.47130 1.06639 -0.25711 0.28532 0.68895 -0.46036 0.48168
1413394995505760512 2.47944 1.07301 -0.29985 0.28527 0.69504 -0.45918 0.47402
1413394995605760512 2.48411 1.07672 -0.33917 0.28784 0.69670 -0.45693 0.47220
1413394995705760512 2.49473 1.07355 -0.37387 0.29446 0.69131 -0.45219 0.48054
1413394995805760256 2.50583 1.06763 -0.40153 0.30025 0.68298 -0.44818 0.49247
1413394995905760512 2.51652 1.06153 -0.42879 0.30313 0.67703 -0.44658 0.50031
1413394996005760512 2.52455 1.05487 -0.46839 0.31089 0.67715 -0.44437 0.49735
1413394996105760512 2.52499 1.06083 -0.44873 0.31682 0.67039 -0.44048 0.50615
1413394996205760512 2.52146 1.06679 -0.45663 0.29746 0.67631 -0.45059 0.50109
1413394996305760256 2.52492 1.07199 -0.45197 0.31845 0.67424 -0.43255 0.50684
1413394996405760512 2.52422 1.06832 -0.45951 0.31597 0.67583 -0.43417 0.50489
1413394996505760512 2.52397 1.07046 -0.46226 0.31751 0.67899 -0.43274 0.50090
1413394996605760512 2.52380 1.07223 -0.46471 0.31807 0.67643 -0.43207 0.50458
1413394996705760512 2.52405 1.07177 -0.46596 0.31675 0.67773 -0.43294 0.50290
1413394996805760256 2.52407 1.07208 -0.46589 0.31721 0.67703 -0.43254 0.50390
1413394996905760512 2.52408 1.07196 -0.46606 0.31689 0.67711 -0.43267 0.50387
1413394997005760512 2.52406 1.07191 -0.46617 0.31663 0.67713 -0.43268 0.50401
1413394997105760512 2.52410 1.07197 -0.46618 0.31666 0.67700 -0.43263 0.50422
1413394997205760512 2.52415 1.07189 -0.46631 0.31635 0.67717 -0.43279 0.50404
1413394997305760256 2.52407 1.07190 -0.46635 0.31624 0.67712 -0.43267 0.50428
1413394997405760512 2.52408 1.07188 -0.46643 0.31620 0.67711 -0.43268 0.50431
1413394997505760512 2.52412 1.07192 -0.46646 0.31618 0.67713 -0.43262 0.50434
1413394997605760512 2.52411 1.07194 -0.46653 0.31611 0.67715 -0.43260 0.50438
1413394997705760512 2.52411 1.07193 -0.46661 0.31600 0.67721 -0.43261 0.50436
1413394997805760256 2.52412 1.07198 -0.46666 0.31603 0.67713 -0.43263 0.50444
1413394997905760512 2.52413 1.07194 -0.46674 0.31591 0.67716 -0.43265 0.50446
1413394998005760512 2.52412 1.07195 -0.46678 0.31584 0.67713 -0.43268 0.50451
1413394998105760512 2.52416 1.07186 -0.46691 0.31580 0.67708 -0.43264 0.50463
1413394998205760512 2.52417 1.07183 -0.46698 0.31577 0.67699 -0.43254 0.50486
1413394998305760256 2.52409 1.07184 -0.46705 0.31572 0.67695 -0.43255 0.50494
