1413394889105760512 0.45371 0.26448 0.39908 0.00132 0.81185 -0.03454 0.58284
1413394889205760512 0.50495 0.28359 0.40941 0.00666 0.80845 -0.03145 0.58768
1413394889305760256 0.54479 0.30460 0.42192 0.01349 0.78956 -0.02961 0.61281
1413394889405760512 0.58013 0.31872 0.44445 0.01837 0.75813 -0.02633 0.65131
1413394889505760512 0.60044 0.33382 0.46963 0.02303 0.73525 -0.02306 0.67701
1413394889605760512 0.59415 0.34817 0.48630 0.02556 0.75371 -0.02285 0.65631
1413394889705760512 0.56345 0.36252 0.50238 0.02588 0.79308 -0.02544 0.60803
1413394889805760256 0.52107 0.37817 0.52078 0.02488 0.83158 -0.02853 0.55411
1413394889905760512 0.48765 0.39615 0.54187 0.02277 0.85890 -0.03312 0.51056
1413394890005760512 0.45341 0.40880 0.55470 0.02026 0.87727 -0.03675 0.47816
1413394890105760512 0.44126 0.41573 0.56091 0.01630 0.88864 -0.04075 0.45651
1413394890205760512 0.46831 0.42547 0.56439 0.01256 0.87855 -0.04548 0.47531
1413394890305760256 0.52202 0.43064 0.56456 0.00471 0.85196 -0.05275 0.52092
1413394890405760512 0.58761 0.43003 0.56044 -0.00231 0.81762 -0.05823 0.57281
1413394890505760512 0.66101 0.42080 0.54477 -0.00481 0.78281 -0.05662 0.61966
1413394890605760512 0.71947 0.40910 0.52890 -0.00016 0.75419 -0.05139 0.65464
1413394890705760512 0.75801 0.39407 0.52197 0.00991 0.73769 -0.04144 0.67380
1413394890805760256 0.76797 0.37403 0.51234 0.01888 0.74672 -0.03238 0.66408
1413394890905760512 0.76080 0.35212 0.49806 0.01921 0.78307 -0.03040 0.62089
1413394891005760512 0.73451 0.33092 0.48314 0.02083 0.82484 -0.02912 0.56423
1413394891105760512 0.69786 0.31822 0.46752 0.02254 0.85532 -0.02872 0.51681
1413394891205760512 0.67717 0.29766 0.45246 0.02220 0.87296 -0.02974 0.48638
1413394891305760256 0.67691 0.27619 0.44608 0.02359 0.88033 -0.02872 0.47289
1413394891405760512 0.69794 0.25321 0.44303 0.02855 0.87318 -0.02339 0.48599
1413394891505760512 0.75416 0.23362 0.44484 0.03116 0.85447 -0.01966 0.51820
1413394891605760512 0.82650 0.21788 0.44867 0.03447 0.83441 -0.01530 0.54986
1413394891705760512 0.90566 0.20356 0.45463 0.03601 0.82149 -0.01074 0.56899
1413394891805760256 0.99066 0.19248 0.46236 0.03655 0.81572 -0.00914 0.57722
1413394891905760512 1.07861 0.18681 0.48486 0.03926 0.80226 -0.00573 0.59565
1413394892005760512 1.15878 0.18847 0.51944 0.04068 0.78490 -0.00269 0.61828
1413394892105760512 1.22950 0.19801 0.55429 0.03721 0.77257 0.00393 0.63383
1413394892205760512 1.28658 0.21629 0.58800 0.02877 0.76852 0.01823 0.63892
1413394892305760256 1.34011 0.23847 0.61807 0.01353 0.76773 0.03707 0.63956
1413394892405760512 1.37910 0.26735 0.63266 -0.00504 0.76799 0.05933 0.63769
1413394892505760512 1.40561 0.30188 0.63374 -0.02721 0.76773 0.08393 0.63467
1413394892605760512 1.42595 0.34077 0.63161 -0.05129 0.77184 0.11146 0.62387
1413394892705760512 1.42502 0.38310 0.63107 -0.07754 0.77730 0.14207 0.60795
1413394892805760256 1.41611 0.42935 0.63469 -0.10396 0.78063 0.17550 0.59077
1413394892905760512 1.39964 0.47517 0.64413 -0.12862 0.78095 0.20910 0.57433
1413394893005760512 1.37518 0.52060 0.65499 -0.14771 0.78274 0.24192 0.55405
1413394893105760512 1.35197 0.56808 0.66679 -0.16147 0.77783 0.27542 0.54135
1413394893205760512 1.32987 0.61934 0.67950 -0.17487 0.76922 0.30776 0.53199
1413394893305760256 1.30907 0.67584 0.69371 -0.19123 0.75854 0.33121 0.52759
1413394893405760512 1.28964 0.73782 0.71216 -0.20276 0.74262 0.34826 0.53491
1413394893505760512 1.26756 0.80398 0.72839 -0.20560 0.72721 0.36431 0.54422
1413394893605760512 1.23746 0.87012 0.73655 -0.20434 0.71447 0.37717 0.55274
1413394893705760512 1.19740 0.93983 0.73602 -0.19520 0.70133 0.38761 0.56549
1413394893805760256 1.14737 1.01407 0.73051 -0.18829 0.69330 0.38908 0.57663
1413394893905760512 1.07770 1.08441 0.72305 -0.19224 0.69250 0.38491 0.57908
1413394894005760512 0.99114 1.16473 0.71499 -0.20530 0.69040 0.38182 0.57915
1413394894105760512 0.89032 1.24806 0.70457 -0.22371 0.68461 0.38366 0.57799
1413394894205760512 0.77136 1.32665 0.68950 -0.25706 0.68312 0.38574 0.56433
1413394894305760256 0.64112 1.39496 0.67048 -0.29256 0.68265 0.39324 0.54199
1413394894405760512 0.50620 1.46048 0.64832 -0.31941 0.67798 0.40795 0.52143
1413394894505760512 0.37030 1.51652 0.62245 -0.33625 0.67251 0.42817 0.50134
1413394894605760512 0.23685 1.57093 0.59094 -0.34889 0.66440 0.44846 0.48552
1413394894705760512 0.10462 1.62318 0.55707 -0.35904 0.65156 0.46642 0.47856
1413394894805760256 -0.02449 1.67306 0.51955 -0.36096 0.64047 0.48248 0.47615
1413394894905760512 -0.15262 1.71587 0.48502 -0.36289 0.63653 0.49367 0.46844
1413394895005760512 -0.27640 1.75467 0.45213 -0.36977 0.64090 0.49532 0.45517
1413394895105760512 -0.39655 1.78263 0.42263 -0.37322 0.64600 0.49496 0.44543
1413394895205760512 -0.51006 1.80836 0.39875 -0.37275 0.65109 0.49392 0.43953
1413394895305760256 -0.61848 1.83411 0.38181 -0.37016 0.65246 0.49078 0.44318
1413394895405760512 -0.71619 1.86205 0.36978 -0.35160 0.64551 0.49734 0.46082
1413394895505760512 -0.81611 1.89365 0.36677 -0.33507 0.64277 0.50153 0.47228
1413394895605760512 -0.91220 1.92068 0.37864 -0.32687 0.64509 0.50086 0.47556
1413394895705760512 -1.00930 1.94774 0.40581 -0.33049 0.65296 0.49441 0.46902
1413394895805760256 -1.11075 1.97765 0.44519 -0.33576 0.65908 0.48885 0.46250
1413394895905760512 -1.20996 2.00882 0.48192 -0.33977 0.66070 0.48617 0.46008
1413394896005760512 -1.30674 2.04243 0.50621 -0.34238 0.65943 0.48587 0.46029
1413394896105760512 -1.40173 2.07810 0.51728 -0.34427 0.65864 0.48671 0.45910
1413394896205760512 -1.49764 2.11600 0.51806 -0.34461 0.65863 0.48789 0.45762
1413394896305760256 -1.59514 2.15479 0.50964 -0.36044 0.66562 0.47812 0.44546
1413394896405760512 -1.68732 2.19227 0.49806 -0.37854 0.67561 0.46520 0.42878
1413394896505760512 -1.76745 2.22808 0.48743 -0.39322 0.68368 0.45403 0.41450
1413394896605760512 -1.83224 2.26078 0.46948 -0.40951 0.69229 0.44060 0.39864
1413394896705760512 -1.87495 2.29069 0.44187 -0.42727 0.70010 0.42491 0.38307
1413394896805760256 -1.89306 2.31146 0.40640 -0.44316 0.70717 0.40942 0.36864
1413394896905760512 -1.87929 2.32511 0.36926 -0.45337 0.70738 0.39780 0.36854
1413394897005760512 -1.83020 2.32744 0.33637 -0.46052 0.70829 0.39079 0.36542
1413394897105760512 -1.74141 2.32165 0.31014 -0.46031 0.71067 0.38988 0.36200
1413394897205760512 -1.61608 2.30110 0.29290 -0.45223 0.70809 0.39667 0.36981
1413394897305760256 -1.45593 2.27300 0.28349 -0.42290 0.69673 0.42271 0.39627
1413394897405760512 -1.27248 2.23992 0.28099 -0.38839 0.67765 0.45179 0.43108
1413394897505760512 -1.07993 2.20532 0.28094 -0.36621 0.66242 0.47028 0.45379
1413394897605760512 -0.88623 2.16986 0.28322 -0.35458 0.65565 0.48005 0.46255
1413394897705760512 -0.69559 2.13314 0.29061 -0.35389 0.64976 0.48189 0.46942
1413394897805760256 -0.50926 2.09417 0.30236 -0.35555 0.64386 0.48202 0.47613
1413394897905760512 -0.32872 2.05262 0.31902 -0.35876 0.63932 0.48086 0.48098
1413394898005760512 -0.15418 2.00689 0.34009 -0.36000 0.63585 0.48062 0.48487
1413394898105760512 0.01285 1.95742 0.36290 -0.35507 0.63607 0.48462 0.48424
1413394898205760512 0.17171 1.90507 0.38817 -0.34802 0.63315 0.49183 0.48590
1413394898305760256 0.31987 1.85225 0.41739 -0.33604 0.62329 0.50338 0.49517
1413394898405760512 0.45358 1.79779 0.44697 -0.32490 0.60950 0.52019 0.50235
1413394898505760512 0.56646 1.74268 0.47653 -0.32115 0.59593 0.53996 0.50018
1413394898605760512 0.65898 1.68884 0.50734 -0.32121 0.58174 0.56195 0.49257
1413394898705760512 0.73189 1.64060 0.53922 -0.32224 0.57275 0.57906 0.48250
1413394898805760256 0.78630 1.59440 0.57174 -0.32295 0.57307 0.59129 0.46654
1413394898905760512 0.82122 1.55381 0.60770 -0.31518 0.56678 0.60392 0.46336
1413394899005760512 0.83513 1.52020 0.64418 -0.30438 0.56071 0.61408 0.46461
1413394899105760512 0.82751 1.49431 0.67311 -0.29998 0.56659 0.61763 0.45555
1413394899205760512 0.79940 1.47878 0.69142 -0.29806 0.57410 0.61867 0.44589
1413394899305760256 0.75249 1.47897 0.70013 -0.29728 0.57348 0.61966 0.44583
1413394899405760512 0.68725 1.48673 0.69956 -0.31323 0.57943 0.61069 0.43955
1413394899505760512 0.60639 1.50758 0.68693 -0.34086 0.58850 0.59985 0.42151
1413394899605760512 0.51528 1.53466 0.66732 -0.36114 0.58503 0.60172 0.40651
1413394899705760512 0.41625 1.57246 0.64612 -0.37523 0.57147 0.61488 0.39312
1413394899805760256 0.31000 1.61919 0.62805 -0.39081 0.55091 0.63185 0.38017
1413394899905760512 0.19776 1.67284 0.61215 -0.41154 0.52490 0.64654 0.37028
1413394900005760512 0.08041 1.73373 0.60178 -0.43852 0.50246 0.65585 0.35370
1413394900105760512 -0.04056 1.79835 0.60599 -0.46378 0.47818 0.66404 0.33956
1413394900205760512 -0.16216 1.86391 0.62005 -0.48900 0.45536 0.66909 0.32533
1413394900305760256 -0.28057 1.92781 0.62982 0.50643 -0.43263 -0.67618 -0.31485
1413394900405760512 -0.39423 1.98472 0.63356 0.51883 -0.40605 -0.68511 -0.31075
1413394900505760512 -0.50378 2.03332 0.62932 0.51714 -0.37630 -0.70282 -0.31145
1413394900605760512 -0.61285 2.07279 0.61934 0.51208 -0.34699 -0.72024 -0.31405
1413394900705760512 -0.72712 2.10318 0.60681 0.51138 -0.31659 -0.73301 -0.31775
1413394900805760256 -0.84892 2.11675 0.60080 0.51333 -0.28917 -0.74514 -0.31249
1413394900905760512 -0.98068 2.11327 0.60985 0.52013 -0.26701 -0.75559 -0.29537
1413394901005760512 -1.12260 2.09012 0.63816 0.53066 -0.23981 -0.76392 -0.27807
1413394901105760512 -1.27199 2.04871 0.67444 0.54480 -0.21203 -0.76940 -0.25740
1413394901205760512 -1.42336 1.98964 0.70507 0.56637 -0.18982 -0.76928 -0.22671
1413394901305760256 -1.57171 1.91714 0.72721 0.58999 -0.17669 -0.76571 -0.18540
1413394901405760512 -1.71299 1.83576 0.74248 0.61230 -0.16810 -0.75962 -0.14073
1413394901505760512 -1.84372 1.75085 0.75177 0.63309 -0.15539 -0.75073 -0.10701
1413394901605760512 -1.95970 1.66600 0.75011 0.63635 -0.13880 -0.75434 -0.08221
1413394901705760512 -2.06082 1.58194 0.73705 0.62439 -0.11246 -0.76998 -0.06800
1413394901805760256 -2.14288 1.49216 0.72518 0.61595 -0.07439 -0.78180 -0.06203
1413394901905760512 -2.21512 1.39923 0.71997 0.61603 -0.03086 -0.78526 -0.05402
1413394902005760512 -2.27664 1.30201 0.72021 0.61755 0.00886 -0.78556 -0.03813
1413394902105760512 -2.32952 1.20066 0.72562 0.61764 0.04151 -0.78519 -0.01671
1413394902205760512 -2.37163 1.09182 0.73077 0.61926 0.06892 -0.78213 0.00599
1413394902305760256 -2.40433 0.97919 0.72923 0.62544 0.09452 -0.77405 0.02714
1413394902405760512 -2.42149 0.86008 0.72115 0.63623 0.11777 -0.76115 0.04461
1413394902505760512 -2.42554 0.74038 0.70870 0.63662 0.12590 -0.75686 0.07765
1413394902605760512 -2.41123 0.62235 0.69847 0.63066 0.11954 -0.75763 0.11822
1413394902705760512 -2.38609 0.51642 0.68942 0.61617 0.10782 -0.76492 0.15366
1413394902805760256 -2.35251 0.42848 0.68273 0.60106 0.09764 -0.77333 0.17653
1413394902905760512 -2.31385 0.36116 0.67895 0.58829 0.09802 -0.78316 0.17595
1413394903055760384 -2.25428 0.29271 0.66022 0.57809 0.09900 -0.79442 0.15781
1413394903255760384 -2.17214 0.25317 0.59032 0.54171 0.07075 -0.82604 0.13854
1413394903455760384 -2.12433 0.25543 0.50557 0.55258 0.04777 -0.82712 0.09084
1413394903605760512 -2.10880 0.27791 0.46953 0.57584 0.03863 -0.81411 0.06438
1413394903705760512 -2.10281 0.29171 0.46276 0.58401 0.03723 -0.80937 0.04979
1413394903805760256 -2.08523 0.27889 0.46714 0.58724 0.03768 -0.80776 0.03540
1413394903905760512 -2.12523 0.32856 0.51893 0.58525 0.04786 -0.80923 0.01849
1413394904005760512 -2.13765 0.33846 0.54499 0.58215 0.04170 -0.81200 0.00522
1413394904105760512 -2.13480 0.35288 0.55048 0.57383 0.01565 -0.81881 0.00561
1413394904205760512 -2.13886 0.36800 0.54850 0.56159 -0.01825 -0.82721 0.00309
1413394904305760256 -2.14201 0.38629 0.53544 0.54690 -0.05154 -0.83555 -0.01034
1413394904405760512 -2.15020 0.41090 0.51643 0.53452 -0.08666 -0.84011 -0.03143
1413394904505760512 -2.16924 0.44022 0.49186 0.52985 -0.12009 -0.83729 -0.06155
1413394904605760512 -2.19548 0.47107 0.47276 0.53981 -0.15415 -0.82219 -0.09401
1413394904705760512 -2.22858 0.50408 0.45700 0.55185 -0.18963 -0.80266 -0.12347
1413394904805760256 -2.26450 0.53776 0.44566 0.55773 -0.22218 -0.78479 -0.15390
1413394904905760512 -2.30342 0.57068 0.43457 0.56279 -0.25366 -0.76473 -0.18471
1413394905005760512 -2.33796 0.60129 0.43197 0.57483 -0.28287 -0.73710 -0.21503
1413394905105760512 -2.36367 0.62455 0.43380 0.58746 -0.31208 -0.70670 -0.24098
1413394905205760512 -2.38014 0.63805 0.43475 0.58353 -0.34651 -0.68969 -0.25250
1413394905305760256 -2.38342 0.64016 0.42760 0.54865 -0.38799 -0.69905 -0.24449
1413394905405760512 -2.38168 0.64493 0.41354 -0.49293 0.42569 0.72529 0.22308
1413394905505760512 -2.37973 0.65407 0.41054 -0.43961 0.44985 0.74938 0.20692
1413394905605760512 -2.38137 0.68967 0.41167 -0.40559 0.45889 0.76405 0.20283
1413394905705760512 -2.40144 0.76154 0.42580 -0.42337 0.44028 0.75616 0.23482
1413394905805760256 -2.43283 0.85219 0.44895 -0.47789 0.41150 0.72533 0.27603
1413394905905760512 -2.46728 0.94207 0.47445 0.53834 -0.38020 -0.68473 -0.31110
1413394906005760512 -2.50083 1.01827 0.49981 0.58487 -0.35707 -0.64954 -0.32942
1413394906105760512 -2.51969 1.06660 0.52892 0.61931 -0.34683 -0.62255 -0.32954
1413394906205760512 -2.51639 1.08206 0.55668 0.63034 -0.35982 -0.61470 -0.30877
1413394906305760256 -2.49617 1.08479 0.58366 0.60059 -0.39161 -0.63853 -0.27968
1413394906405760512 -2.45522 1.07792 0.60522 0.55183 -0.42497 -0.66793 -0.26220
1413394906505760512 -2.40086 1.06566 0.61621 -0.48556 0.45271 0.70050 0.26187
1413394906605760512 -2.34347 1.05961 0.61860 -0.42859 0.47852 0.71837 0.26697
1413394906705760512 -2.29311 1.07022 0.61862 -0.40490 0.49407 0.71274 0.28974
1413394906805760256 -2.25595 1.09834 0.62062 -0.42652 0.49446 0.67983 0.33381
1413394906905760512 -2.22703 1.13166 0.61750 -0.46517 0.48176 0.63503 0.38505
1413394907005760512 -2.20225 1.15607 0.61353 0.50442 -0.46241 -0.58916 -0.42969
1413394907105760512 -2.17944 1.15634 0.61137 0.54030 -0.44615 -0.55002 -0.45443
1413394907205760512 -2.15372 1.12226 0.60475 0.54221 -0.45664 -0.54712 -0.44513
1413394907305760256 -2.12183 1.05280 0.59301 0.51064 -0.49069 -0.57510 -0.40955
1413394907405760512 -2.08097 0.97068 0.57984 -0.46836 0.53845 0.60651 0.35050
1413394907505760512 -2.03360 0.88916 0.56023 -0.44058 0.59381 0.61226 0.28002
1413394907605760512 -1.97628 0.82107 0.53743 -0.41576 0.63422 0.60656 0.23872
1413394907705760512 -1.89382 0.79100 0.51493 -0.39373 0.64410 0.60548 0.25202
1413394907805760256 -1.80181 0.79067 0.50052 -0.39490 0.61400 0.60123 0.32494
1413394907905760512 -1.70798 0.80430 0.47895 -0.41567 0.56865 0.58413 0.40330
1413394908005760512 -1.61895 0.81297 0.44817 -0.43907 0.53265 0.56475 0.45227
1413394908105760512 -1.53896 0.80701 0.40849 -0.44537 0.52156 0.56025 0.46448
1413394908205760512 -1.46549 0.79875 0.36275 -0.41930 0.54193 0.58357 0.43582
1413394908305760256 -1.40097 0.78315 0.31695 -0.37951 0.56702 0.61433 0.39631
1413394908405760512 -1.34343 0.76801 0.27684 -0.34954 0.58832 0.63525 0.35800
1413394908505760512 -1.29668 0.77320 0.25140 -0.33824 0.60621 0.64213 0.32522
1413394908605760512 -1.25753 0.81084 0.25436 -0.35304 0.59556 0.63881 0.33554
1413394908705760512 -1.23117 0.87248 0.28546 -0.39594 0.55919 0.61969 0.38278
1413394908805760256 -1.21019 0.92805 0.33162 -0.44025 0.51875 0.59385 0.42943
1413394908905760512 -1.19566 0.96905 0.38834 -0.47811 0.48880 0.56786 0.45829
1413394909005760512 -1.19275 0.99535 0.45019 0.51137 -0.47614 -0.54514 -0.46327
1413394909105760512 -1.18687 1.00038 0.50711 0.50732 -0.49629 -0.55425 -0.43489
1413394909205760512 -1.16985 0.98608 0.55367 -0.47380 0.53323 0.58025 0.39307
1413394909305760256 -1.14395 0.96634 0.58989 -0.42558 0.57239 0.60272 0.35775
1413394909405760512 -1.11419 0.95111 0.61784 -0.39466 0.60733 0.60100 0.33792
1413394909505760512 -1.08015 0.95095 0.63997 -0.38947 0.62756 0.57755 0.34772
1413394909605760512 -1.04074 0.96268 0.65896 -0.40629 0.63437 0.54061 0.37448
1413394909705760512 -0.99535 0.98069 0.68034 -0.42366 0.63000 0.50805 0.40682
1413394909805760256 -0.94373 0.99367 0.70780 -0.43573 0.60870 0.48466 0.45247
1413394909905760512 -0.88288 0.99114 0.74130 -0.44392 0.58514 0.46875 0.49073
1413394910005760512 -0.82146 0.96794 0.76642 -0.42318 0.58690 0.48140 0.49469
1413394910105760512 -0.76704 0.92735 0.78374 -0.38461 0.60866 0.51019 0.47043
1413394910205760512 -0.71938 0.88262 0.79183 -0.35139 0.63647 0.53390 0.43172
1413394910305760256 -0.67648 0.84498 0.78980 -0.32554 0.65946 0.55149 0.39370
1413394910405760512 -0.63445 0.82187 0.77939 -0.31146 0.67356 0.56123 0.36651
1413394910505760512 -0.58773 0.82045 0.76509 -0.31098 0.67279 0.56440 0.36345
1413394910605760512 -0.53805 0.83866 0.75431 -0.34083 0.64456 0.55184 0.40478
1413394910705760512 -0.48941 0.87446 0.74584 -0.38825 0.60495 0.52413 0.45672
1413394910805760256 -0.44345 0.89752 0.73696 -0.43119 0.57445 0.49522 0.48871
1413394910905760512 -0.39870 0.90171 0.72467 -0.45855 0.55988 0.47772 0.49805
1413394911005760512 -0.35474 0.87987 0.71159 -0.47579 0.55826 0.46990 0.49108
1413394911105760512 -0.31044 0.83173 0.69170 -0.45261 0.57926 0.49351 0.46480
1413394911205760512 -0.26321 0.76301 0.66850 -0.39989 0.60766 0.53351 0.43151
1413394911305760256 -0.21603 0.69442 0.64168 -0.35521 0.63177 0.56154 0.39920
1413394911405760512 -0.16518 0.63325 0.61317 -0.32402 0.64853 0.57592 0.37780
1413394911505760512 -0.11842 0.59449 0.57864 -0.31001 0.65554 0.58032 0.37066
1413394911605760512 -0.07366 0.57686 0.54193 -0.32017 0.65027 0.56894 0.38851
1413394911705760512 -0.03265 0.58236 0.50914 -0.35339 0.62759 0.54137 0.43377
1413394911805760256 0.00184 0.59535 0.48294 -0.39040 0.59651 0.50992 0.48140
1413394911905760512 0.02941 0.59052 0.46669 -0.41303 0.57504 0.48721 0.51124
1413394912005760512 0.04887 0.56646 0.45543 -0.40125 0.58478 0.49232 0.50463
1413394912105760512 0.06093 0.53194 0.45093 -0.36671 0.61818 0.51439 0.46774
1413394912205760512 0.07114 0.49329 0.45059 -0.32981 0.65014 0.53003 0.43314
1413394912305760256 0.07904 0.46491 0.45454 -0.30225 0.67249 0.53142 0.41712
1413394912405760512 0.08477 0.45565 0.46229 -0.28613 0.69006 0.51943 0.41489
1413394912505760512 0.09048 0.46903 0.47666 -0.28253 0.70474 0.49496 0.42253
1413394912605760512 0.10128 0.49235 0.49762 -0.29282 0.71084 0.46058 0.44366
1413394912705760512 0.11290 0.52693 0.52140 -0.30447 0.71377 0.42408 0.46689
1413394912805760256 0.12963 0.56780 0.54703 -0.30823 0.71885 0.39537 0.48159
1413394912905760512 0.14933 0.60829 0.56962 -0.30456 0.72276 0.38034 0.49011
1413394913005760512 0.17340 0.64894 0.59152 -0.28662 0.72185 0.38175 0.50105
1413394913105760512 0.19528 0.68793 0.61544 -0.27180 0.71900 0.38535 0.51056
1413394913205760512 0.21291 0.72854 0.63993 -0.26726 0.71482 0.39153 0.51411
1413394913305760256 0.22574 0.77269 0.66584 -0.27553 0.70452 0.40347 0.51473
1413394913405760512 0.23055 0.82047 0.69157 -0.29222 0.68683 0.42193 0.51464
1413394913505760512 0.22870 0.86897 0.70813 -0.30811 0.66469 0.45078 0.50996
1413394913605760512 0.21779 0.91579 0.71348 -0.31826 0.63688 0.48787 0.50505
1413394913705760512 0.19553 0.96074 0.70634 -0.32717 0.61015 0.52702 0.49287
1413394913805760256 0.16054 1.00593 0.68712 -0.34207 0.59187 0.56194 0.46573
1413394913905760512 0.11503 1.05115 0.65518 -0.36682 0.57864 0.58710 0.43119
1413394914005760512 0.06265 1.09925 0.61603 -0.39591 0.56247 0.60534 0.40057
1413394914105760512 0.00619 1.15056 0.57330 -0.41870 0.53935 0.62432 0.37950
1413394914205760512 -0.05367 1.20288 0.53903 -0.43362 0.50740 0.64715 0.36840
1413394914305760256 -0.12012 1.25609 0.51998 -0.44553 0.47342 0.67039 0.35770
1413394914405760512 -0.19502 1.30896 0.51759 -0.45618 0.43953 0.69154 0.34711
1413394914505760512 -0.27960 1.35836 0.52834 -0.46735 0.40933 0.70819 0.33542
1413394914605760512 -0.37411 1.40429 0.54567 -0.48127 0.39386 0.71723 0.31439
1413394914705760512 -0.47526 1.44708 0.55476 -0.49613 0.38460 0.72164 0.29184
1413394914805760256 -0.57892 1.48476 0.55370 0.50898 -0.37452 -0.72580 -0.27184
1413394914905760512 -0.68350 1.52025 0.54246 0.51586 -0.35792 -0.73284 -0.26216
1413394915005760512 -0.78683 1.54861 0.51997 0.52191 -0.33453 -0.74023 -0.26031
1413394915105760512 -0.89120 1.56656 0.49171 0.52853 -0.30216 -0.74859 -0.26262
1413394915205760512 -0.99852 1.57200 0.46651 0.52999 -0.26637 -0.76175 -0.26057
1413394915305760256 -1.11367 1.56535 0.44525 0.53317 -0.22979 -0.77384 -0.25317
1413394915405760512 -1.23495 1.54255 0.42744 0.54050 -0.19491 -0.78186 -0.24198
1413394915505760512 -1.36435 1.50326 0.41357 0.55038 -0.16157 -0.78678 -0.22794
1413394915605760512 -1.49993 1.44412 0.40345 0.57253 -0.13725 -0.78505 -0.19254
1413394915705760512 -1.63384 1.36630 0.39382 0.59736 -0.11899 -0.78071 -0.13960
1413394915805760256 -1.76181 1.27857 0.38837 0.61800 -0.09084 -0.77512 -0.09494
1413394915905760512 -1.87512 1.18250 0.38717 0.63754 -0.05545 -0.76597 -0.06131
1413394916005760512 -1.97818 1.08755 0.38921 0.64646 -0.02220 -0.76193 -0.03253
1413394916105760512 -2.06018 0.98764 0.39224 0.65059 0.00504 -0.75939 -0.00563
1413394916205760512 -2.12581 0.88653 0.39513 0.63700 0.02864 -0.77017 0.01608
1413394916305760256 -2.17935 0.78444 0.39824 0.61291 0.05138 -0.78770 0.03501
1413394916405760512 -2.22057 0.68184 0.40096 0.59255 0.06505 -0.80001 0.06814
1413394916505760512 -2.25567 0.58153 0.39453 0.57492 0.07018 -0.80706 0.11487
1413394916605760512 -2.28998 0.48948 0.38088 0.56921 0.07133 -0.80130 0.16979
1413394916705760512 -2.32252 0.41353 0.35704 0.56228 0.08567 -0.79335 0.21702
1413394916855760640 -2.37902 0.34156 0.30207 0.54235 0.15119 -0.79043 0.24128
1413394917055760384 -2.47918 0.30805 0.19659 0.51747 0.26445 -0.77884 0.23599
1413394917255760384 -2.60497 0.28291 0.08947 -0.49042 -0.37037 0.75324 -0.23442
1413394917455760384 -2.73317 0.24137 -0.00594 -0.46946 -0.42924 0.72967 -0.25089
1413394917655760640 -2.89196 0.13933 -0.07959 -0.48729 -0.45639 0.70030 -0.25266
1413394917855760640 -3.02326 -0.01441 -0.11770 0.51178 0.47042 -0.67820 0.23840
1413394918055760384 -3.09440 -0.22039 -0.12738 0.51245 0.49232 -0.66229 0.23744
1413394918255760384 -3.09916 -0.46976 -0.16492 -0.47121 -0.48708 0.66969 -0.30371
1413394918455760384 -3.07145 -0.73282 -0.19303 -0.41234 -0.48192 0.67917 -0.36940
1413394918655760640 -3.08349 -1.00347 -0.20002 -0.39964 -0.51414 0.64842 -0.39434
1413394918855760640 -3.13199 -1.27712 -0.20004 -0.41908 -0.56337 0.59385 -0.39286
1413394919055760384 -3.18088 -1.54532 -0.16196 0.43544 0.57914 -0.54409 0.42303
1413394919255760384 -3.20521 -1.77066 -0.06530 0.41767 0.58986 -0.50643 0.47025
1413394919455760384 -3.22082 -1.92084 0.07150 0.41815 0.62233 -0.44297 0.49156
1413394919655760640 -3.21208 -1.98228 0.20533 0.37363 0.68111 -0.41315 0.47518
1413394919855760640 -3.18156 -2.05751 0.28532 0.28209 0.72005 -0.41415 0.48003
1413394920055760384 -3.11498 -2.10470 0.33591 0.21820 0.75725 -0.37522 0.48802
1413394920255760384 -3.02850 -2.17823 0.33499 0.17123 0.79339 -0.31008 0.49503
1413394920455760384 -2.91602 -2.27945 0.30683 0.16308 0.81020 -0.22766 0.51493
1413394920655760640 -2.76928 -2.37887 0.28033 0.17664 0.81498 -0.15911 0.52848
1413394920855760640 -2.59019 -2.44435 0.27404 0.17404 0.82078 -0.14147 0.52538
1413394921055760384 -2.36929 -2.46771 0.24629 0.15322 0.82095 -0.16357 0.52517
1413394921255760384 -2.10557 -2.48659 0.19823 0.12184 0.80176 -0.20678 0.54733
1413394921455760384 -1.85076 -2.50765 0.10168 0.05838 0.78674 -0.27560 0.54925
1413394921655760640 -1.60834 -2.60183 -0.01961 0.10473 0.79314 -0.26216 0.53966
1413394921855760640 -1.36999 -2.73347 -0.12837 0.17282 0.78520 -0.21270 0.55530
1413394922055760384 -1.13470 -2.84471 -0.20744 0.13516 0.76075 -0.18616 0.60690
1413394922255760384 -0.94058 -2.93195 -0.22642 0.09607 0.78299 -0.13198 0.60023
1413394922455760384 -0.78744 -3.00798 -0.17309 0.09611 0.81534 -0.06753 0.56695
1413394922655760640 -0.60668 -3.05658 -0.06411 0.05803 0.82130 -0.06224 0.56412
1413394922855760640 -0.40244 -3.08749 0.06104 0.03326 0.83143 -0.06889 0.55033
1413394923055760384 -0.16317 -3.14100 0.17073 0.03146 0.84001 -0.06972 0.53715
1413394923255760384 0.05794 -3.18874 0.27113 0.05595 0.83217 -0.05558 0.54888
1413394923455760384 0.32090 -3.22299 0.36595 0.05059 0.83049 -0.05311 0.55218
1413394923655760640 0.60575 -3.23957 0.45792 0.02383 0.83920 -0.02578 0.54268
1413394923855760640 0.91436 -3.24031 0.52407 0.00773 0.82753 0.03556 0.56024
1413394924055760384 1.22935 -3.21934 0.54514 -0.02662 0.81523 0.09195 0.57117
1413394924255760384 1.52103 -3.16999 0.53216 -0.08988 0.80766 0.13370 0.56721
1413394924455760384 1.78880 -3.09941 0.51492 -0.14908 0.79768 0.18018 0.55590
1413394924655760640 2.05391 -3.03197 0.52147 -0.17987 0.77851 0.24466 0.54927
1413394924855760640 2.33188 -2.97049 0.55912 -0.19886 0.74291 0.31637 0.55539
1413394924955760384 2.45962 -2.93221 0.57841 -0.20246 0.72025 0.34768 0.56512
1413394925055760384 2.56856 -2.89503 0.59829 -0.20022 0.70078 0.37185 0.57494
1413394925155760640 2.63803 -2.84215 0.60738 -0.19966 0.69786 0.39108 0.56584
1413394925255760384 2.68373 -2.79120 0.62272 -0.19650 0.69557 0.41231 0.55459
1413394925355760640 2.70628 -2.73418 0.63702 -0.19417 0.69093 0.42899 0.54853
1413394925455760384 2.70267 -2.66942 0.63881 -0.20292 0.69111 0.43210 0.54265
1413394925555760384 2.69574 -2.59664 0.63354 -0.21541 0.69417 0.42881 0.53651
1413394925655760640 2.69318 -2.51240 0.62272 -0.22737 0.69672 0.42613 0.53038
1413394925755760384 2.68322 -2.42006 0.60829 -0.25114 0.70580 0.41252 0.51826
1413394925855760640 2.66874 -2.32171 0.59608 -0.26858 0.71366 0.40027 0.50827
1413394925955760384 2.65069 -2.22061 0.58475 -0.27826 0.71683 0.39624 0.50173
1413394926055760384 2.63329 -2.11697 0.57695 -0.27727 0.71389 0.40452 0.49984
1413394926155760640 2.61286 -2.01397 0.56834 -0.26934 0.70885 0.41708 0.50103
1413394926255760384 2.58918 -1.90921 0.56133 -0.26201 0.70485 0.42758 0.50171
1413394926355760640 2.56257 -1.79801 0.55434 -0.26585 0.70923 0.42844 0.49270
1413394926455760384 2.53294 -1.67938 0.54876 -0.27042 0.71421 0.42842 0.48294
1413394926555760384 2.50237 -1.55257 0.54580 -0.28249 0.71220 0.43214 0.47563
1413394926655760640 2.47181 -1.41854 0.54491 -0.30685 0.70483 0.43967 0.46448
1413394926755760384 2.44174 -1.28208 0.54436 -0.34376 0.69574 0.44688 0.44505
1413394926855760640 2.41827 -1.14599 0.54513 -0.38337 0.68602 0.45504 0.41874
1413394926955760384 2.40642 -1.01388 0.54454 -0.41320 0.67363 0.46793 0.39563
1413394927055760384 2.41232 -0.88755 0.53688 -0.42598 0.65783 0.48583 0.38699
1413394927155760640 2.43760 -0.76589 0.51882 -0.41436 0.63372 0.51518 0.40161
1413394927255760384 2.47304 -0.64754 0.50074 -0.39958 0.61145 0.53928 0.41910
1413394927355760640 2.51306 -0.53661 0.49128 -0.38815 0.60036 0.55441 0.42607
1413394927455760384 2.55066 -0.41976 0.49467 -0.38506 0.59999 0.56003 0.42203
1413394927555760384 2.58489 -0.30276 0.51002 -0.38465 0.60436 0.56121 0.41453
1413394927655760640 2.61433 -0.18964 0.54035 -0.38691 0.60604 0.55999 0.41161
1413394927755760384 2.64304 -0.07767 0.57597 -0.38979 0.60421 0.56124 0.40988
1413394927855760640 2.66941 0.03653 0.60879 -0.39010 0.59825 0.56409 0.41440
1413394927955760384 2.69483 0.15190 0.63125 -0.39037 0.59709 0.56574 0.41356
1413394928055760384 2.71953 0.26845 0.64434 -0.39164 0.59301 0.56635 0.41738
1413394928155760640 2.74150 0.38387 0.65017 -0.39001 0.58090 0.56843 0.43282
1413394928255760384 2.75731 0.49375 0.65092 -0.39305 0.56703 0.56619 0.45102
1413394928355760640 2.76445 0.59974 0.65245 -0.39719 0.55784 0.56160 0.46439
1413394928455760384 2.76063 0.69500 0.65321 -0.40386 0.56308 0.55584 0.45922
1413394928555760384 2.75011 0.78141 0.65625 -0.41107 0.57536 0.54953 0.44498
1413394928655760640 2.73669 0.86566 0.66221 -0.41334 0.58477 0.54598 0.43486
1413394928755760384 2.72188 0.94525 0.67100 -0.41170 0.58935 0.54484 0.43166
1413394928855760640 2.70717 1.02029 0.67714 -0.40650 0.58946 0.54639 0.43446
1413394928955760384 2.69105 1.09180 0.67366 -0.39921 0.58695 0.54962 0.44049
1413394929055760384 2.67251 1.15756 0.66017 -0.39878 0.58678 0.54863 0.44235
1413394929155760640 2.64978 1.21894 0.64449 -0.40579 0.58297 0.54271 0.44827
1413394929255760384 2.62379 1.27279 0.63021 -0.41554 0.58133 0.53523 0.45046
1413394929355760640 2.59629 1.31639 0.61980 -0.42699 0.58379 0.52697 0.44629
1413394929455760384 2.57087 1.35106 0.61302 -0.42968 0.58902 0.52501 0.43910
1413394929555760384 2.54970 1.37533 0.60773 -0.42129 0.60019 0.53147 0.42406
1413394929655760640 2.53250 1.39582 0.60475 -0.40856 0.60897 0.53999 0.41309
1413394929755760384 2.51850 1.41637 0.60325 -0.39768 0.60977 0.54681 0.41356
1413394929855760640 2.50657 1.43729 0.59666 -0.39364 0.60702 0.54894 0.41862
1413394929955760384 2.49351 1.45878 0.58282 -0.39895 0.60139 0.54435 0.42762
1413394930055760384 2.48090 1.47622 0.55928 -0.40563 0.59321 0.53877 0.43965
1413394930155760640 2.46751 1.48975 0.53092 -0.41060 0.58560 0.53414 0.45074
1413394930255760384 2.44937 1.49649 0.50739 -0.41913 0.57700 0.52698 0.46226
1413394930355760640 2.43010 1.49267 0.48735 -0.43290 0.57863 0.51686 0.45895
1413394930455760384 2.41277 1.47913 0.46351 -0.42281 0.60154 0.52492 0.42877
1413394930555760384 2.40198 1.45966 0.43485 -0.39697 0.63272 0.54205 0.38505
1413394930655760640 2.39855 1.44414 0.39527 -0.36927 0.65945 0.55645 0.34516
1413394930755760384 2.40156 1.44482 0.35446 -0.34656 0.66114 0.57012 0.34315
1413394930855760640 2.41219 1.46931 0.31795 -0.34995 0.64027 0.56950 0.37849
1413394930955760384 2.42211 1.50809 0.28681 -0.37279 0.61284 0.55466 0.42167
1413394931055760384 2.42877 1.55023 0.26514 -0.39521 0.59074 0.53770 0.45356
1413394931155760640 2.43107 1.58436 0.25472 -0.40514 0.58045 0.52864 0.46849
1413394931255760384 2.42715 1.60592 0.26130 -0.41074 0.57614 0.52265 0.47560
1413394931355760640 2.41771 1.61718 0.28971 -0.41853 0.57015 0.51454 0.48478
1413394931455760384 2.40369 1.61140 0.32773 -0.41638 0.57604 0.51492 0.47922
1413394931555760384 2.38657 1.59350 0.35625 -0.39501 0.59429 0.52922 0.45904
1413394931655760640 2.36332 1.56980 0.37505 -0.37697 0.60382 0.54313 0.44532
1413394931755760384 2.33464 1.54079 0.38668 -0.36340 0.59715 0.56277 0.44119
1413394931855760640 2.29786 1.51945 0.39269 -0.35894 0.57995 0.58595 0.43758
1413394931955760384 2.24500 1.49599 0.39010 -0.37467 0.56441 0.60342 0.42065
1413394932055760384 2.18456 1.48291 0.39418 -0.40658 0.54265 0.61564 0.40151
1413394932155760640 2.11592 1.47162 0.41238 -0.44653 0.51541 0.62449 0.38076
1413394932255760384 2.04394 1.45729 0.44351 -0.48530 0.49030 0.63226 0.35262
1413394932355760640 1.97450 1.43905 0.48338 0.51805 -0.45999 -0.64174 -0.32893
1413394932455760384 1.91365 1.41733 0.52419 0.54292 -0.42350 -0.65295 -0.31551
1413394932555760384 1.86033 1.38754 0.55546 0.56126 -0.38736 -0.66505 -0.30437
1413394932655760640 1.81641 1.34890 0.57270 0.57165 -0.35532 -0.68016 -0.29042
1413394932755760384 1.78090 1.29880 0.58265 0.57242 -0.32963 -0.70007 -0.27125
1413394932855760640 1.75325 1.23933 0.59211 0.56125 -0.31294 -0.72599 -0.24498
1413394932955760384 1.73110 1.17427 0.60158 0.54848 -0.29967 -0.74935 -0.21875
1413394933055760384 1.71044 1.10919 0.60690 0.54225 -0.28523 -0.76572 -0.19565
1413394933155760640 1.69119 1.04443 0.60219 0.54241 -0.26539 -0.77706 -0.17760
1413394933255760384 1.67026 0.98181 0.59073 0.55039 -0.24325 -0.78222 -0.16137
1413394933355760640 1.64856 0.91967 0.56877 0.55934 -0.21890 -0.78543 -0.14944
1413394933455760384 1.62643 0.86044 0.53673 0.56736 -0.19659 -0.78774 -0.13753
1413394933555760384 1.60469 0.80107 0.49359 0.57351 -0.17649 -0.79023 -0.12440
1413394933655760640 1.58462 0.74259 0.44941 0.58348 -0.15567 -0.78933 -0.11078
1413394933755760384 1.56591 0.68617 0.40986 0.59700 -0.13585 -0.78448 -0.09862
1413394933855760640 1.55229 0.62986 0.37396 0.60423 -0.12097 -0.78253 -0.08897
1413394933955760384 1.54531 0.57261 0.33849 0.59608 -0.10588 -0.79209 -0.07789
1413394934055760384 1.54126 0.51487 0.30616 0.58477 -0.08856 -0.80391 -0.06279
1413394934155760640 1.53548 0.45492 0.28174 0.59103 -0.06730 -0.80247 -0.04682
1413394934255760384 1.52959 0.39551 0.25447 0.60164 -0.04311 -0.79704 -0.02986
1413394934355760640 1.52872 0.33484 0.21447 0.60069 -0.01709 -0.79924 -0.00943
1413394934455760384 1.53240 0.27492 0.16243 0.59159 0.00340 -0.80605 0.01705
1413394934555760384 1.53737 0.21973 0.09985 0.58472 0.02200 -0.81028 0.03262
1413394934655760640 1.54396 0.16890 0.03715 0.58101 0.04030 -0.81202 0.03791
1413394934755760384 1.55280 0.12035 -0.01431 0.58108 0.05010 -0.81105 0.04510
1413394934855760640 1.56347 0.07379 -0.05066 0.58361 0.05475 -0.80865 0.04977
1413394934955760384 1.57366 0.03042 -0.06931 0.58504 0.05666 -0.80734 0.05225
1413394935055760384 1.58193 -0.00707 -0.06675 0.59037 0.05508 -0.80342 0.05422
1413394935155760640 1.59052 -0.03620 -0.05344 0.59746 0.04665 -0.79865 0.05493
1413394935255760384 1.60222 -0.06205 -0.04457 0.60378 0.03593 -0.79480 0.04957
1413394935355760640 1.61995 -0.08921 -0.04878 0.61197 0.02832 -0.78931 0.04098
1413394935455760384 1.64123 -0.11736 -0.06667 0.61529 0.02342 -0.78733 0.03134
1413394935555760384 1.66890 -0.14305 -0.09537 0.60717 0.01993 -0.79400 0.02272
1413394935655760640 1.70399 -0.16906 -0.12744 0.59873 0.01650 -0.80062 0.01590
1413394935755760384 1.73997 -0.19673 -0.14850 0.59631 0.01348 -0.80257 0.01042
1413394935855760640 1.77663 -0.22346 -0.15457 0.59831 0.01059 -0.80116 0.00769
1413394935955760384 1.81986 -0.24865 -0.15389 0.59463 0.00746 -0.80394 0.00621
1413394936055760384 1.86384 -0.27653 -0.16615 0.58022 0.00997 -0.81437 0.00673
1413394936205760512 1.92803 -0.32403 -0.20595 0.55538 0.03245 -0.83067 0.02214
1413394936305760256 1.96409 -0.36116 -0.23716 0.56070 0.06396 -0.82454 0.04085
1413394936505760512 2.03003 -0.44501 -0.29248 0.57807 0.15526 -0.79561 0.09347
1413394936705760512 2.10167 -0.54234 -0.33140 0.56192 0.24619 -0.77608 0.14610
1413394936905760512 2.18507 -0.65216 -0.35599 0.53956 0.30939 -0.75976 0.18950
1413394937105760512 2.27742 -0.77984 -0.37389 0.51082 0.37320 -0.74150 0.22351
1413394937255760384 2.34715 -0.89252 -0.39153 -0.48999 -0.41263 0.72560 -0.25131
1413394937355760640 2.39137 -0.97490 -0.40209 -0.47411 -0.42541 0.72149 -0.27147
1413394937555760384 2.46125 -1.15439 -0.41870 -0.46665 -0.43612 0.71141 -0.29313
1413394937755760384 2.49562 -1.34554 -0.43021 -0.47171 -0.43113 0.70687 -0.30325
1413394937955760384 2.50856 -1.53520 -0.42853 -0.47257 -0.40766 0.71957 -0.30448
1413394938155760640 2.49531 -1.70515 -0.38312 -0.46095 -0.37271 0.74655 -0.30211
1413394938355760640 2.43239 -1.89372 -0.29709 -0.47655 -0.34928 0.75702 -0.27899
1413394938555760384 2.32544 -2.08607 -0.16860 0.51212 0.32457 -0.75632 0.24569
1413394938755760384 2.20236 -2.27150 -0.07522 0.52161 0.28783 -0.77835 0.19811
1413394938955760384 2.09167 -2.50483 -0.02555 0.52407 0.20598 -0.80647 0.18038
1413394939155760640 1.93682 -2.67529 -0.01305 0.54294 0.10089 -0.81627 0.16956
1413394939355760640 1.75830 -2.79855 -0.03290 0.55931 0.04407 -0.81967 0.11563
1413394939555760384 1.56791 -2.87378 -0.03564 0.57220 0.04753 -0.81751 0.04473
1413394939755760384 1.37590 -2.94793 0.01638 0.57682 0.00946 -0.81508 0.05324
1413394939955760384 1.18590 -2.99141 0.07939 0.56607 -0.03174 -0.82232 0.04850
1413394940155760640 0.99461 -2.98670 0.09913 0.54791 -0.04236 -0.83545 -0.00418
1413394940355760640 0.78767 -2.97217 0.07568 0.56269 -0.09600 -0.82034 -0.03482
1413394940555760384 0.57032 -2.93504 0.03170 0.56982 -0.15303 -0.80321 -0.08211
1413394940755760384 0.34608 -2.89643 0.01000 0.55547 -0.17828 -0.79742 -0.15420
1413394940955760384 0.11787 -2.87971 0.02706 0.55386 -0.21254 -0.79021 -0.15374
1413394941055760384 -0.00015 -2.87146 0.04772 0.54926 -0.23937 -0.78927 -0.13439
1413394941205760512 -0.16968 -2.85071 0.08399 0.53654 -0.27927 -0.78863 -0.11041
1413394941405760512 -0.40591 -2.78984 0.14740 0.51895 -0.29491 -0.79420 -0.11387
1413394941605760512 -0.63812 -2.66151 0.22772 0.51059 -0.25617 -0.80206 -0.17428
1413394941755760384 -0.83589 -2.55677 0.29070 0.51707 -0.25232 -0.79299 -0.20035
1413394941855760640 -0.98305 -2.48915 0.33150 0.52887 -0.26887 -0.78128 -0.19393
1413394941955760384 -1.13471 -2.42202 0.36871 0.54281 -0.30108 -0.76673 -0.16379
1413394942055760384 -1.26130 -2.35361 0.41033 0.55279 -0.33271 -0.75274 -0.13081
1413394942155760640 -1.37805 -2.27098 0.45301 0.55937 -0.36240 -0.73863 -0.10097
1413394942255760384 -1.47562 -2.16382 0.49771 0.56114 -0.38852 -0.72589 -0.08522
1413394942355760640 -1.55263 -2.03368 0.54887 0.55789 -0.41166 -0.71546 -0.08608
1413394942455760384 -1.62364 -1.87108 0.60493 0.55237 -0.42954 -0.70649 -0.10609
1413394942555760384 -1.65827 -1.69260 0.65117 0.54763 -0.44742 -0.69381 -0.13622
1413394942655760640 -1.67561 -1.49725 0.67801 0.54186 -0.46690 -0.67780 -0.17023
1413394942755760384 -1.67729 -1.29145 0.68906 0.53469 -0.47781 -0.66113 -0.22070
1413394942855760640 -1.67106 -1.07684 0.68450 0.52467 -0.47032 -0.64475 -0.29634
1413394942955760384 -1.65499 -0.86781 0.66185 0.51132 -0.45665 -0.62488 -0.37356
1413394943055760384 -1.64122 -0.67139 0.62097 -0.49687 0.45531 0.60146 0.42902
1413394943155760640 -1.63101 -0.49667 0.56942 -0.48109 0.46604 0.57688 0.46750
1413394943255760384 -1.62737 -0.34818 0.50903 -0.46450 0.48233 0.55194 0.49695
1413394943355760640 -1.63191 -0.22836 0.44534 -0.44759 0.50361 0.52776 0.51722
1413394943455760384 -1.64874 -0.14394 0.39040 -0.42497 0.52673 0.50926 0.53161
1413394943555760384 -1.68169 -0.08615 0.34728 -0.39731 0.55274 0.49644 0.53867
1413394943655760640 -1.73078 -0.04703 0.31393 -0.36925 0.58552 0.49154 0.52840
1413394943755760384 -1.79228 -0.02983 0.28536 -0.35406 0.61777 0.48295 0.50968
1413394943855760640 -1.86535 -0.02216 0.25218 -0.35595 0.63965 0.46848 0.49465
1413394943955760384 -1.93996 -0.02401 0.21333 -0.36522 0.65650 0.45418 0.47890
1413394944055760384 -2.00989 -0.03171 0.17642 -0.36167 0.66371 0.45295 0.47279
1413394944155760640 -2.07830 -0.04573 0.14651 -0.35392 0.66486 0.45727 0.47286
1413394944255760384 -2.14462 -0.06349 0.12630 -0.34766 0.66932 0.45762 0.47088
1413394944355760640 -2.20668 -0.07928 0.11462 -0.33717 0.67863 0.46012 0.46267
1413394944455760384 -2.26424 -0.09261 0.12304 -0.31799 0.69002 0.46458 0.45488
1413394944555760384 -2.31626 -0.10423 0.12892 -0.30050 0.70725 0.45647 0.44848
1413394944655760640 -2.36268 -0.11027 0.12225 -0.28438 0.73223 0.43666 0.43852
1413394944755760384 -2.39795 -0.10541 0.10395 -0.26275 0.75906 0.41221 0.42997
1413394944855760640 -2.42073 -0.09380 0.07667 -0.24096 0.78284 0.38163 0.42832
1413394944955760384 -2.42755 -0.06659 0.04437 -0.21981 0.80087 0.34612 0.43646
1413394945055760384 -2.41665 -0.02605 0.00916 -0.19669 0.80914 0.31057 0.45843
1413394945155760640 -2.39012 0.02599 -0.02785 -0.16957 0.81160 0.27677 0.48576
1413394945255760384 -2.35516 0.08782 -0.06395 -0.14354 0.81178 0.24184 0.51178
1413394945355760640 -2.30949 0.15913 -0.09371 -0.11741 0.80855 0.20749 0.53796
1413394945455760384 -2.26054 0.23683 -0.11755 -0.10168 0.79829 0.16568 0.57004
1413394945555760384 -2.21393 0.31726 -0.14093 -0.10390 0.79604 0.11004 0.58602
1413394945655760640 -2.17040 0.39211 -0.16194 -0.10201 0.79757 0.05542 0.59195
1413394945755760384 -2.12991 0.45504 -0.18030 -0.09234 0.80042 0.00394 0.59227
1413394945855760640 -2.09144 0.50109 -0.19746 -0.07418 0.80156 -0.04551 0.59155
1413394945955760384 -2.06081 0.53056 -0.21419 -0.05058 0.79960 -0.09552 0.59073
1413394946055760384 -2.03640 0.53728 -0.22562 -0.00789 0.79707 -0.13432 0.58871
1413394946205760512 -2.01032 0.52293 -0.23593 0.06232 0.78722 -0.18928 0.58359
1413394946355760640 -2.00121 0.48846 -0.24747 0.11133 0.76746 -0.25829 0.57610
1413394946555760384 -2.00481 0.42486 -0.26573 0.16452 0.73348 -0.35323 0.55692
1413394946755760384 -2.06185 0.32118 -0.27078 0.25969 0.69024 -0.41435 0.53334
1413394946955760384 -2.14667 0.21845 -0.27266 0.34233 0.63771 -0.47927 0.49642
1413394947155760640 -2.24023 0.13929 -0.25452 0.40730 0.58101 -0.54554 0.44599
1413394947355760640 -2.33046 0.08366 -0.17851 -0.45400 -0.52525 0.60297 -0.39297
1413394960905760512 0.44180 0.13044 -0.14866 -0.12861 0.80256 0.22302 0.53816
1413394961005760512 0.51309 0.17503 -0.15889 -0.14992 0.76774 0.22252 0.58188
1413394961105760512 0.57700 0.21443 -0.16696 -0.16226 0.74808 0.21840 0.60527
1413394961205760512 0.62606 0.24656 -0.17633 -0.15882 0.75593 0.21733 0.59675
1413394961305760256 0.67561 0.27422 -0.19435 -0.14386 0.78707 0.22445 0.55628
1413394961405760512 0.70835 0.30497 -0.20553 -0.12884 0.81596 0.23334 0.51299
1413394961505760512 0.74898 0.34646 -0.20864 -0.10820 0.81701 0.24808 0.50915
1413394961605760512 0.80442 0.40402 -0.20793 -0.10093 0.79582 0.25608 0.53936
1413394961705760512 0.86647 0.47389 -0.20795 -0.12130 0.76782 0.24402 0.57982
1413394961805760256 0.90402 0.54134 -0.20344 -0.14914 0.74005 0.22407 0.61635
1413394961905760512 0.93440 0.60955 -0.20238 -0.16848 0.72753 0.20708 0.63200
1413394962005760512 0.96095 0.67593 -0.20121 -0.17621 0.73283 0.19787 0.62671
1413394962105760512 0.96371 0.72529 -0.20386 -0.16788 0.76037 0.20269 0.59378
1413394962205760512 0.95750 0.76620 -0.20471 -0.15066 0.78486 0.21253 0.56225
1413394962305760256 0.94693 0.80226 -0.19931 -0.13823 0.79725 0.21883 0.54535
1413394962405760512 0.94178 0.84580 -0.18457 -0.13635 0.78308 0.21794 0.56630
1413394962505760512 0.93650 0.89740 -0.16295 -0.14782 0.74630 0.20872 0.61451
1413394962605760512 0.92189 0.94691 -0.14279 -0.16213 0.71890 0.19887 0.64603
1413394962705760512 0.88261 0.97478 -0.12803 -0.16751 0.72886 0.19827 0.63356
1413394962805760256 0.83003 0.99836 -0.12167 -0.16521 0.76272 0.20396 0.59106
1413394962905760512 0.76822 1.01338 -0.12036 -0.15749 0.78984 0.21988 0.55046
1413394963005760512 0.71189 1.03125 -0.11885 -0.15389 0.78959 0.23455 0.54575
1413394963105760512 0.65909 1.04880 -0.11694 -0.16344 0.76003 0.23833 0.58210
1413394963205760512 0.59924 1.06913 -0.12686 -0.17930 0.73032 0.23454 0.61602
1413394963305760256 0.53050 1.08319 -0.15394 -0.18220 0.73088 0.23714 0.61349
1413394963405760512 0.45085 1.08916 -0.19719 -0.16776 0.76117 0.24935 0.57472
1413394963505760512 0.36582 1.09170 -0.24627 -0.15136 0.79408 0.26025 0.52802
1413394963605760512 0.28131 1.10023 -0.29412 -0.13956 0.81184 0.26551 0.50094
1413394963705760512 0.21111 1.12026 -0.32944 -0.14365 0.79867 0.26055 0.52307
1413394963805760256 0.14704 1.14989 -0.35713 -0.15805 0.76510 0.24888 0.57245
1413394963905760512 0.07483 1.18066 -0.38843 -0.17600 0.74461 0.23320 0.60016
1413394964005760512 -0.00251 1.20593 -0.42802 -0.17430 0.76382 0.23057 0.57709
1413394964105760512 -0.08684 1.22808 -0.47075 -0.15675 0.79750 0.23813 0.53171
1413394964205760512 -0.16449 1.25287 -0.50593 -0.13933 0.82039 0.24506 0.49749
1413394964305760256 -0.22612 1.28742 -0.52520 -0.13382 0.81181 0.24714 0.51185
1413394964405760512 -0.28480 1.33394 -0.53519 -0.14817 0.78114 0.23756 0.55806
1413394964505760512 -0.34091 1.38140 -0.53872 -0.17130 0.75066 0.22176 0.59832
1413394964605760512 -0.40579 1.42084 -0.54778 -0.18700 0.75697 0.21267 0.58889
1413394964705760512 -0.47544 1.45190 -0.55987 -0.18758 0.79144 0.21355 0.54114
1413394964805760256 -0.54240 1.47783 -0.56759 -0.18076 0.82494 0.21672 0.48973
1413394964905760512 -0.59385 1.50411 -0.56891 -0.17788 0.84596 0.21432 0.45473
1413394965005760512 -0.61573 1.53321 -0.56033 -0.18264 0.85043 0.20496 0.44878
1413394965105760512 -0.62144 1.56840 -0.53730 -0.18150 0.82214 0.20755 0.49806
1413394965205760512 -0.60486 1.59935 -0.50833 -0.19010 0.77843 0.21325 0.55896
1413394965305760256 -0.59311 1.62767 -0.48088 -0.19984 0.74730 0.22920 0.59082
1413394965405760512 -0.60061 1.65566 -0.45860 -0.19937 0.74570 0.26158 0.57944
1413394965505760512 -0.60992 1.67299 -0.44042 -0.20576 0.74866 0.29314 0.55789
1413394965605760512 -0.62279 1.68961 -0.41442 -0.23198 0.73695 0.31341 0.55214
1413394965705760512 -0.63969 1.69910 -0.38232 -0.27338 0.70984 0.32899 0.55961
1413394965805760256 -0.66190 1.69777 -0.35919 -0.29424 0.69453 0.36070 0.54858
1413394965905760512 -0.68984 1.68676 -0.35016 -0.29808 0.68927 0.40041 0.52510
1413394966005760512 -0.72287 1.67049 -0.34133 -0.31939 0.66577 0.42386 0.52449
1413394966105760512 -0.76045 1.64512 -0.33714 -0.35379 0.63421 0.43338 0.53366
1413394966205760512 -0.80407 1.60713 -0.34811 -0.35940 0.63308 0.46063 0.50780
1413394966305760256 -0.85212 1.55843 -0.37067 -0.34535 0.65212 0.49863 0.45479
1413394966405760512 -0.90286 1.50952 -0.39971 -0.32233 0.67300 0.53713 0.39327
1413394966505760512 -0.94955 1.47638 -0.42229 -0.31597 0.67528 0.56223 0.35786
1413394966605760512 -0.98801 1.46902 -0.42919 -0.34587 0.64878 0.56559 0.37359
1413394966705760512 -1.02158 1.47857 -0.42849 -0.39159 0.60688 0.55622 0.41107
1413394966805760256 -1.05405 1.48718 -0.43031 -0.43207 0.56961 0.54719 0.43525
1413394966905760512 -1.08567 1.48575 -0.43774 -0.44730 0.55209 0.55621 0.43099
1413394967005760512 -1.12050 1.47562 -0.44963 -0.43094 0.55220 0.58981 0.40185
1413394967105760512 -1.15688 1.45462 -0.46044 -0.40623 0.55440 0.62872 0.36377
1413394967205760512 -1.19314 1.44357 -0.46048 -0.40607 0.54070 0.65073 0.34542
1413394967305760256 -1.23429 1.44404 -0.44694 -0.44069 0.50995 0.64922 0.35250
1413394967405760512 -1.28063 1.44401 -0.42546 -0.49143 0.47037 0.63272 0.37001
1413394967505760512 -1.32570 1.43431 -0.40501 0.52740 -0.44371 -0.62463 -0.36717
1413394967605760512 -1.36218 1.41427 -0.38982 0.52054 -0.43999 -0.65077 -0.33458
1413394967705760512 -1.40871 1.36676 -0.38114 -0.48760 0.43986 0.69353 0.29630
1413394967805760256 -1.44410 1.33080 -0.35823 -0.48467 0.42433 0.71345 0.27573
1413394967905760512 -1.47374 1.30025 -0.32671 0.51219 -0.39270 -0.71331 -0.27319
1413394968005760512 -1.50388 1.27452 -0.28980 0.54590 -0.35743 -0.70780 -0.27066
1413394968105760512 -1.53405 1.24363 -0.26349 0.54589 -0.33677 -0.72524 -0.25024
1413394968205760512 -1.55860 1.20346 -0.25253 0.52280 -0.32932 -0.75422 -0.22221
1413394968305760256 -1.58029 1.16574 -0.25112 0.51330 -0.31988 -0.76922 -0.20617
1413394968405760512 -1.60126 1.14167 -0.25630 0.51868 -0.30461 -0.77394 -0.19799
1413394968505760512 -1.63271 1.11949 -0.26783 0.52741 -0.29044 -0.77576 -0.18888
1413394968605760512 -1.67790 1.10095 -0.27769 0.52314 -0.28231 -0.78419 -0.17800
1413394968705760512 -1.71668 1.09008 -0.28685 0.51533 -0.27203 -0.79335 -0.17617
1413394968805760256 -1.76273 1.08316 -0.29165 0.51582 -0.25638 -0.79516 -0.18952
1413394968905760512 -1.81806 1.08421 -0.29549 0.52507 -0.25264 -0.79002 -0.19065
1413394969005760512 -1.87553 1.07942 -0.29387 0.54408 -0.24967 -0.78040 -0.18058
1413394969155760640 -1.96936 1.06789 -0.29603 0.56754 -0.23691 -0.77134 -0.16374
1413394969355760640 -2.08358 1.05075 -0.34857 0.58992 -0.21886 -0.76163 -0.15494
1413394969555760384 -2.16845 1.02334 -0.43571 0.59009 -0.19976 -0.76315 -0.17174
1413394969755760384 -2.22040 0.97321 -0.51678 0.54559 -0.18504 -0.79278 -0.19899
1413394969955760384 -2.29530 0.87984 -0.57782 0.52845 -0.19838 -0.80362 -0.18863
1413394970155760640 -2.41634 0.76576 -0.59074 0.52355 -0.22459 -0.80599 -0.16072
1413394970355760640 -2.55752 0.66145 -0.56395 0.56829 -0.23034 -0.77493 -0.15320
1413394970555760384 -2.67831 0.56983 -0.56769 0.61504 -0.24729 -0.73823 -0.12482
1413394970755760384 -2.73661 0.49168 -0.61061 0.62697 -0.25903 -0.72673 -0.10807
1413394970955760384 -2.72023 0.44401 -0.63891 0.57224 -0.22931 -0.77058 -0.16179
1413394971155760640 -2.70114 0.39463 -0.61203 0.53116 -0.22739 -0.79668 -0.17737
1413394971355760640 -2.73252 0.33595 -0.58347 -0.48533 0.24636 0.82354 0.15980
1413394971555760384 -2.81445 0.34523 -0.56484 -0.46589 0.26483 0.83292 0.13803
1413394971755760384 -2.96824 0.42041 -0.52977 0.52631 -0.27979 -0.79236 -0.12992
1413394971955760384 -3.10981 0.51159 -0.49433 0.58425 -0.29744 -0.73936 -0.15338
1413394974355760640 -0.00385 -0.02096 -0.02566 0.26249 0.70304 -0.39794 0.52771
1413394974455760384 -0.01664 -0.02002 -0.01893 0.28132 0.68079 -0.43471 0.51808
1413394974555760384 -0.03709 -0.01991 -0.01015 0.30257 0.65670 -0.46723 0.50882
1413394974655760640 -0.06596 -0.02053 0.00205 0.33341 0.62924 -0.48898 0.50377
1413394974755760384 -0.10335 -0.01775 0.01318 0.36278 0.60626 -0.50772 0.49301
1413394974855760640 -2.18434 -3.10606 2.00112 0.38659 0.58871 -0.52626 0.47646
1413394974955760384 -2.42617 -5.58908 2.07873 0.41032 0.57423 -0.54250 0.45563
1413394975055760384 -2.42200 -9.13784 2.50361 0.43155 0.55972 -0.55134 0.44329
1413394979105760512 0.60586 0.01932 -0.02405 -0.05729 0.77694 -0.01577 0.62676
1413394979205760512 0.64276 -0.00566 -0.05397 -0.06827 0.75649 -0.02153 0.65007
1413394979305760256 0.66179 -0.04416 -0.09338 -0.08279 0.73601 -0.02695 0.67135
1413394979405760512 0.65826 -0.10042 -0.13659 -0.10023 0.71387 -0.03218 0.69233
1413394979505760512 0.62201 -0.17997 -0.17598 -0.11363 0.68821 -0.03296 0.71580
1413394979605760512 0.54511 -0.28597 -0.20876 -0.11624 0.66547 -0.02562 0.73687
1413394979705760512 0.42729 -0.41787 -0.23444 -0.11132 0.65854 -0.01211 0.74417
