1403637134.288319111 -0.02024 0.00204 -0.00399 0.79130 0.05353 0.60792 -0.03771
1403637134.388319016 -0.04900 0.01034 -0.01780 0.77934 0.05131 0.62331 -0.03848
1403637134.488318920 -0.05973 0.00992 -0.07313 0.77091 0.04634 0.63354 -0.04676
1403637134.588319063 -0.06898 0.00848 -0.16481 0.77092 0.04433 0.63335 -0.05087
1403637134.688318968 -0.07700 0.00560 -0.29125 0.77887 0.04693 0.62373 -0.04614
1403637134.788319111 -0.08357 0.00199 -0.44393 0.79018 0.05457 0.60837 -0.05025
1403637134.888319016 -0.09468 -0.00223 -0.60530 0.80417 0.05846 0.58863 -0.05839
1403637134.988318920 -0.10895 -0.00742 -0.75928 0.81250 0.05786 0.57607 -0.06810
1403637135.088319063 -0.12625 -0.01302 -0.89639 0.81405 0.05876 0.57297 -0.07465
1403637135.188318968 -0.14585 -0.02068 -1.01492 0.81652 0.06418 0.56881 -0.07503
1403637135.288319111 -0.16814 -0.02763 -1.10287 0.82296 0.06843 0.55920 -0.07315
1403637135.388319016 -0.19128 -0.03863 -1.15343 0.82001 0.06979 0.56355 -0.07162
1403637135.488318920 -0.21465 -0.05343 -1.18112 0.80579 0.07366 0.58367 -0.06786
1403637135.588319063 -0.24310 -0.07045 -1.20165 0.78961 0.07774 0.60513 -0.06549
1403637135.688318968 -0.27329 -0.08331 -1.23139 0.77488 0.07509 0.62430 -0.06464
1403637135.788319111 -0.30654 -0.08302 -1.28704 0.76276 0.06936 0.63894 -0.07171
1403637135.888319016 -0.33071 -0.11713 -1.37531 0.75607 0.06768 0.64594 -0.08090
1403637135.988318920 -0.36920 -0.16935 -1.49436 0.75554 0.06945 0.64561 -0.08678
1403637136.088319063 -0.39462 -0.19452 -1.66339 0.75935 0.07478 0.64048 -0.08702
1403637136.188318968 -0.41297 -0.22024 -1.86344 0.76658 0.07928 0.63161 -0.08447
1403637136.288319111 -0.44125 -0.23373 -2.07715 0.77903 0.08273 0.61581 -0.08395
1403637136.388319016 -0.47586 -0.25187 -2.28936 0.79338 0.08469 0.59673 -0.08533
1403637136.488318920 -0.51446 -0.29731 -2.48449 0.80493 0.08729 0.57937 -0.09380
1403637136.588319063 -0.56093 -0.32607 -2.65483 0.81050 0.08781 0.57043 -0.09997
1403637136.688318968 -0.61284 -0.36175 -2.78970 0.81125 0.09247 0.56882 -0.09884
1403637136.788319111 -0.66555 -0.41160 -2.88466 0.80747 0.09577 0.57297 -0.10253
1403637136.888319016 -0.72896 -0.46115 -2.95345 0.79486 0.09800 0.58969 -0.10420
1403637136.988318920 -0.79043 -0.50087 -3.01728 0.77898 0.09464 0.61139 -0.10216
1403637137.088319063 -0.84145 -0.57133 -3.09445 0.76239 0.09015 0.63187 -0.10662
1403637137.188318968 -0.94168 -0.52796 -3.21061 0.74812 0.07662 0.64980 -0.11049
1403637137.288319111 -0.95473 -0.62253 -3.37077 0.73816 0.08391 0.65810 -0.12237
1403637137.388319016 -1.04131 -0.68672 -3.55440 0.73320 0.08677 0.66307 -0.12338
1403637137.488318920 -1.10649 -0.72957 -3.78368 0.73437 0.09207 0.66100 -0.12370
1403637137.588319063 -1.16203 -0.76817 -4.03936 0.74473 0.10152 0.64938 -0.11564
1403637137.688318968 -1.22318 -0.78962 -4.30911 0.76197 0.10642 0.62993 -0.10612
1403637137.788319111 -1.28723 -0.82414 -4.57275 0.77550 0.11036 0.61185 -0.10982
1403637137.888319016 -1.37298 -0.86859 -4.81923 0.78337 0.11638 0.59947 -0.11583
1403637137.988318920 -1.45973 -0.94313 -5.03471 0.79149 0.12387 0.58716 -0.11590
1403637138.088319063 -1.56478 -0.97895 -5.20808 0.79700 0.12553 0.57915 -0.11670
1403637138.188318968 -1.65524 -1.08985 -5.33931 0.78799 0.13718 0.58720 -0.12431
1403637138.288319111 -1.76261 -1.15595 -5.45005 0.76849 0.14361 0.61248 -0.11692
1403637138.388319016 -1.87257 -1.20056 -5.56532 0.74521 0.13768 0.64153 -0.11890
1403637138.488318920 -2.01043 -1.23482 -5.70634 0.72621 0.12494 0.66624 -0.11457
1403637138.588319063 -2.17246 -1.18975 -5.87676 0.71459 0.11210 0.68207 -0.10761
1403637138.688318968 -2.23790 -1.34973 -6.10324 0.70904 0.11885 0.68422 -0.12237
1403637138.788319111 -2.38574 -1.38892 -6.35476 0.71277 0.11781 0.67982 -0.12620
1403637138.888319016 -2.49081 -1.44537 -6.64555 0.72251 0.11906 0.66915 -0.12663
1403637138.988318920 -2.59553 -1.52534 -6.95421 0.73094 0.12520 0.65709 -0.13523
1403637139.088319063 -2.68244 -1.54340 -7.26359 0.73699 0.12873 0.64670 -0.14852
1403637139.188318968 -2.73015 -1.60706 -7.56690 0.74134 0.13373 0.63806 -0.15939
1403637139.288319111 -2.81231 -1.64352 -7.85085 0.74274 0.13935 0.63433 -0.16294
1403637139.388319016 -2.92707 -1.68658 -8.11480 0.74181 0.14640 0.63379 -0.16309
1403637139.488318920 -3.04046 -1.77664 -8.36841 0.73681 0.15894 0.63419 -0.17222
1403637139.588319063 -3.17637 -1.85780 -8.61648 0.73050 0.16480 0.63777 -0.18017
1403637139.688318968 -3.27468 -1.92086 -8.86805 0.72388 0.17426 0.64098 -0.18649
1403637139.788319111 -3.40075 -2.02605 -9.12149 0.71903 0.18329 0.64156 -0.19443
1403637139.888319016 -3.39703 -2.01574 -9.38497 0.71338 0.18008 0.64735 -0.19898
1403637139.988318920 -3.50328 -2.18103 -9.63612 0.70274 0.19225 0.64824 -0.22132
1403637140.088319063 -3.56884 -2.18454 -9.89208 0.69794 0.18285 0.65594 -0.22179
1403637140.188318968 -3.69386 -2.21429 -10.14681 0.69217 0.17874 0.66260 -0.22340
1403637140.288319111 -3.78206 -2.19427 -10.40361 0.69403 0.17650 0.66187 -0.22158
1403637140.388319016 -3.90231 -2.19618 -10.66199 0.69376 0.17497 0.66120 -0.22559
1403637140.488318920 -4.04328 -2.27146 -10.91807 0.69181 0.17938 0.66020 -0.23101
1403637140.588319063 -4.18681 -2.34814 -11.17405 0.68991 0.18339 0.65882 -0.23739
1403637140.688318968 -4.33523 -2.42974 -11.42973 0.68783 0.18807 0.65769 -0.24280
1403637140.788319111 -4.48554 -2.51191 -11.68546 0.68583 0.19260 0.65657 -0.24790
1403637140.888319016 -4.63844 -2.59544 -11.94133 0.68389 0.19678 0.65546 -0.25285
1403637140.988318920 -4.79340 -2.68052 -12.19752 0.68198 0.20092 0.65436 -0.25757
1403637141.088319063 -4.95038 -2.75911 -12.45295 0.68015 0.20475 0.65333 -0.26198
1403637141.188318968 -5.11067 -2.83575 -12.70769 0.67838 0.20844 0.65231 -0.26616
1403637141.288319111 -5.27421 -2.91703 -12.96213 0.67656 0.21215 0.65131 -0.27029
1403637141.388319016 -5.44041 -3.00023 -13.21627 0.67476 0.21575 0.65028 -0.27439
1403637141.488318920 -5.60960 -3.08155 -13.46992 0.67303 0.21916 0.64927 -0.27828
1403637141.588319063 -5.78248 -3.16521 -13.72286 0.67132 0.22255 0.64826 -0.28206
1403637141.688318968 -5.95999 -3.24946 -13.97456 0.66962 0.22575 0.64726 -0.28584
1403637141.788319111 -6.14148 -3.33720 -14.22545 0.66792 0.22902 0.64625 -0.28947
1403637141.888319016 -6.32387 -3.42729 -14.47650 0.66622 0.23220 0.64525 -0.29305
1403637141.988318920 -6.51505 -3.51739 -14.72545 0.66456 0.23521 0.64428 -0.29655
1403637142.088319063 -6.70544 -3.60300 -14.97457 0.66300 0.23811 0.64332 -0.29980
1403637142.188318968 -6.89919 -3.70479 -15.22319 0.66133 0.24110 0.64233 -0.30320
1403637142.288319111 -7.09676 -3.79986 -15.47095 0.65976 0.24383 0.64141 -0.30636
1403637142.388319016 -7.30012 -3.90286 -15.71744 0.65814 0.24661 0.64053 -0.30946
1403637142.488318920 -7.50866 -4.00660 -15.96283 0.65661 0.24922 0.63959 -0.31253
1403637142.588319063 -7.71591 -4.13398 -16.20961 0.65497 0.25192 0.63864 -0.31573
1403637142.688318968 -7.92476 -4.25188 -16.45615 0.65354 0.25437 0.63773 -0.31857
1403637142.788319111 -8.15325 -4.33370 -16.69788 0.65227 0.25641 0.63707 -0.32086
1403637142.888319016 -8.38374 -4.52613 -16.94107 0.65039 0.25927 0.63604 -0.32437
1403637142.988318920 -8.61140 -4.70117 -17.19061 0.64877 0.26177 0.63509 -0.32746
1403637143.088319063 -8.83425 -4.81164 -17.44082 0.64761 0.26358 0.63443 -0.32959
1403637143.188318968 -9.05576 -4.95058 -17.69326 0.64645 0.26540 0.63372 -0.33176
1403637143.288319111 -9.28723 -5.04526 -17.94532 0.64560 0.26669 0.63326 -0.33326
1403637143.388319016 -9.52291 -5.15026 -18.19639 0.64476 0.26795 0.63282 -0.33470
1403637143.488318920 -9.77114 -5.25320 -18.44364 0.64396 0.26904 0.63248 -0.33601
1403637143.588319063 -9.30041 -4.42426 -18.54472 0.65389 0.25570 0.63573 -0.32077
1403637143.688318968 -9.80185 -4.00276 -18.83012 0.65528 0.25178 0.63888 -0.31471
1403637143.788319111 -10.06718 -4.01825 -19.06414 0.65453 0.25269 0.63885 -0.31561
1403637143.888319016 -10.32612 -4.07258 -19.29882 0.65370 0.25376 0.63866 -0.31685
1403637143.988318920 -10.58088 -4.11652 -19.53854 0.65296 0.25487 0.63845 -0.31791
1403637144.088319063 -10.85695 -4.19988 -19.77064 0.65223 0.25573 0.63830 -0.31902
1403637144.188318968 -11.15839 -4.17358 -19.99777 0.65178 0.25623 0.63842 -0.31930
1403637144.288319111 -11.47457 -4.05692 -20.22049 0.65159 0.25656 0.63859 -0.31908
1403637144.388319016 -11.77636 -4.15478 -20.44502 0.65057 0.25765 0.63847 -0.32050
1403637144.488318920 -12.07046 -4.31992 -20.66787 0.64932 0.25919 0.63816 -0.32241
1403637144.588319063 -12.38904 -4.35708 -20.88942 0.64891 0.25967 0.63816 -0.32288
1403637144.688318968 -12.69743 -4.37624 -21.11699 0.64825 0.26048 0.63811 -0.32364
1403637144.788319111 -12.99261 -4.44175 -21.35151 0.64737 0.26139 0.63814 -0.32461
1403637144.888319016 -13.30479 -4.44505 -21.58269 0.64701 0.26190 0.63815 -0.32488
1403637144.988318920 -13.57400 -4.67408 -21.82683 0.64614 0.26326 0.63771 -0.32639
1403637145.088319063 -13.88657 -4.89158 -22.06392 0.64537 0.26391 0.63763 -0.32754
1403637145.188318968 -14.25230 -4.77096 -22.29165 0.64544 0.26372 0.63801 -0.32680
1403637145.288319111 -14.63552 -4.64437 -22.51473 0.64539 0.26359 0.63843 -0.32621
1403637145.388319016 -14.98096 -4.73976 -22.74759 0.64478 0.26411 0.63852 -0.32681
1403637145.488318920 -15.31889 -4.80914 -22.98731 0.64432 0.26441 0.63865 -0.32720
1403637145.588319063 -15.66135 -4.84255 -23.23041 0.64407 0.26453 0.63889 -0.32713
1403637145.688318968 -15.99792 -4.88162 -23.48033 0.64392 0.26465 0.63905 -0.32702
1403637145.788319111 -16.37175 -4.95936 -23.72109 0.64362 0.26474 0.63928 -0.32708
1403637145.888319016 -16.64210 -5.34442 -23.99054 0.64303 0.26519 0.63905 -0.32832
1403637145.988318920 -17.00269 -5.45654 -24.24604 0.64289 0.26512 0.63932 -0.32815
1403637146.088319063 -17.49164 -5.18885 -24.48245 0.64341 0.26427 0.64016 -0.32617
1403637146.188318968 -17.91369 -5.18705 -24.73671 0.64339 0.26401 0.64071 -0.32533
1403637146.288319111 -18.31542 -5.21490 -24.99698 0.64344 0.26353 0.64106 -0.32493
1403637146.388319016 -18.70957 -5.21916 -25.26601 0.64361 0.26304 0.64152 -0.32407
1403637146.488318920 -19.12674 -5.27332 -25.53544 0.64379 0.26252 0.64197 -0.32325
1403637146.588319063 -19.56307 -5.44662 -25.80518 0.64368 0.26224 0.64230 -0.32303
1403637146.688318968 -19.87594 -5.60504 -26.12381 0.64366 0.26184 0.64266 -0.32269
1403637146.788319111 -19.73029 -5.03905 -26.31232 0.64702 0.25701 0.64386 -0.31742
1403637146.888319016 -20.73772 -4.34101 -26.62135 0.64810 0.25478 0.64601 -0.31263
1403637146.988318920 -21.15053 -4.54575 -26.95666 0.64825 0.25408 0.64659 -0.31166
1403637147.088319063 -21.52500 -4.89816 -27.28827 0.64841 0.25332 0.64689 -0.31132
1403637147.188318968 -21.98055 -5.00759 -27.61285 0.64890 0.25205 0.64763 -0.30980
1403637147.288319111 -22.57062 -4.73938 -27.91825 0.64976 0.25036 0.64874 -0.30703
1403637147.388319016 -23.26422 -4.25107 -28.20584 0.65072 0.24849 0.65011 -0.30360
1403637147.488318920 -23.79160 -4.10537 -28.54412 0.65142 0.24704 0.65103 -0.30132
1403637147.588319063 -24.31333 -4.06687 -28.87972 0.65199 0.24570 0.65182 -0.29945
1403637147.688318968 -24.83589 -4.06901 -29.22109 0.65253 0.24440 0.65265 -0.29753
1403637147.788319111 -25.36099 -4.09531 -29.56970 0.65311 0.24297 0.65346 -0.29565
1403637147.888319016 -25.89291 -4.10255 -29.92660 0.65376 0.24145 0.65428 -0.29362
1403637147.988318920 -26.43496 -4.12519 -30.29282 0.65441 0.23990 0.65512 -0.29157
1403637148.088319063 -26.99876 -4.18690 -30.66181 0.65503 0.23830 0.65599 -0.28952
1403637148.188318968 -27.57046 -4.23579 -31.03746 0.65570 0.23666 0.65684 -0.28743
1403637148.288319111 -28.15243 -4.33229 -31.42167 0.65632 0.23519 0.65761 -0.28545
1403637148.388319016 -28.88275 -4.10995 -31.78128 0.65709 0.23338 0.65876 -0.28247
1403637148.488318920 -29.76932 -3.67003 -32.11552 0.65792 0.23177 0.66000 -0.27898
1403637148.588319063 -30.26351 -4.20066 -32.59925 0.65790 0.23121 0.66043 -0.27848
1403637148.688318968 -30.88127 -4.35421 -32.94507 0.65852 0.23013 0.66086 -0.27687
1403637148.788319111 -31.71224 -3.74090 -33.30353 0.65968 0.22852 0.66186 -0.27301
1403637148.888319016 -32.42926 -3.56039 -33.71309 0.66041 0.22744 0.66258 -0.27039
1403637148.988318920 -33.18857 -3.64272 -34.10289 0.66075 0.22669 0.66320 -0.26867
1403637149.088319063 -33.93696 -3.69362 -34.49759 0.66118 0.22591 0.66383 -0.26671
1403637149.188318968 -34.69563 -3.81108 -34.90016 0.66151 0.22515 0.66457 -0.26468
1403637149.288319111 -35.29145 -4.81784 -35.36060 0.66125 0.22480 0.66475 -0.26519
1403637149.388319016 -35.89990 -5.61962 -35.82195 0.66137 0.22433 0.66492 -0.26485
1403637149.488318920 -37.15018 -6.75276 -36.16938 0.66193 0.22626 0.66323 -0.26604
1403637149.588319063 -38.64032 -4.83364 -36.58141 0.66414 0.22668 0.66417 -0.25772
1403637149.688318968 -39.87149 -4.07470 -37.04099 0.66722 0.23582 0.65982 -0.25268
1403637149.788319111 -42.20137 -6.37189 -36.61236 0.66786 0.24288 0.65580 -0.25475
1403637149.888319016 -43.88479 -8.73082 -35.80796 0.67395 0.25226 0.64495 -0.25728
1403637149.988318920 -44.91768 -10.99484 -34.37592 0.68168 0.26862 0.63189 -0.25273
1403637150.088319063 -45.20904 -14.90367 -32.23962 0.68399 0.29422 0.61867 -0.25066
1403637150.188318968 -43.16377 -15.82328 -30.49517 0.68076 0.31272 0.61205 -0.25332
1403637150.288319111 -44.14316 -16.93907 -29.90685 0.67474 0.31771 0.61424 -0.25787
1403637150.388319016 -45.34049 -20.44673 -30.11404 0.65890 0.32769 0.61651 -0.27998
1403637150.488318920 -46.46014 -20.54794 -30.04292 0.65871 0.31111 0.62792 -0.27392
1403637150.588319063 -47.15389 -21.01217 -30.11858 0.65038 0.31975 0.62679 -0.28619
1403637150.688318968 -47.67710 -21.88916 -30.22154 0.63657 0.34107 0.61827 -0.31016
1403637150.788319111 -48.10718 -22.86221 -30.30318 0.62234 0.36358 0.60811 -0.33272
1403637150.888319016 -48.63299 -23.53876 -30.39719 0.61202 0.37207 0.60721 -0.34394
1403637150.988318920 -49.32122 -23.92655 -30.49640 0.60567 0.37120 0.61170 -0.34814
