1403637134.988318920 0.00793 -0.01221 0.03580 0.83150 0.02707 0.55335 -0.04094
1403637135.088319063 0.00396 -0.01495 -0.01124 0.83462 0.02595 0.54831 -0.04581
1403637135.188318968 0.00221 -0.01838 -0.03639 0.83890 0.02918 0.54170 -0.04425
1403637135.288319111 0.00278 -0.02039 -0.02539 0.84670 0.03110 0.52960 -0.04069
1403637135.388319016 0.00284 -0.02119 0.03052 0.84531 0.02991 0.53222 -0.03604
1403637135.488318920 0.00611 -0.02170 0.11100 0.83354 0.03128 0.55088 -0.02766
1403637135.588319063 0.00925 -0.02095 0.19844 0.82008 0.03172 0.57105 -0.01939
1403637135.688318968 0.01171 -0.01884 0.28235 0.80745 0.02683 0.58917 -0.01361
1403637135.788319111 0.01273 -0.01560 0.34761 0.79710 0.02078 0.60320 -0.01882
1403637135.888319016 0.01412 -0.01517 0.37983 0.79215 0.01639 0.60967 -0.02306
1403637135.988318920 0.01722 -0.01561 0.37217 0.79360 0.01500 0.60778 -0.02413
1403637136.088319063 0.02017 -0.01501 0.32648 0.79890 0.01827 0.60076 -0.02267
1403637136.188318968 0.02545 -0.01334 0.25172 0.80732 0.02036 0.58947 -0.01861
1403637136.288319111 0.02757 -0.01201 0.16795 0.82044 0.02116 0.57105 -0.01821
1403637136.388319016 0.02421 -0.01196 0.08889 0.83505 0.02031 0.54943 -0.02017
1403637136.488318920 0.01793 -0.01281 0.02712 0.84715 0.01916 0.53028 -0.02768
1403637136.588319063 0.01105 -0.01393 -0.00212 0.85346 0.01727 0.51980 -0.03336
1403637136.688318968 0.00614 -0.01894 0.00988 0.85567 0.02049 0.51615 -0.03163
1403637136.788319111 0.00446 -0.02010 0.06529 0.85377 0.02078 0.51926 -0.03189
1403637136.888319016 0.00612 -0.02042 0.15212 0.84405 0.02203 0.53499 -0.02974
1403637136.988318920 0.00896 -0.02295 0.25058 0.83071 0.01749 0.55599 -0.02233
1403637137.088319063 0.01032 -0.02396 0.33931 0.81662 0.00806 0.57688 -0.01680
