1403637135988318976 0.01267 -0.01282 0.19360 -0.03129 0.78602 0.00698 0.61737
1403637136088318976 0.02639 -0.01384 0.14385 -0.02611 0.79460 0.00726 0.60653
1403637136188318976 0.03549 -0.01475 0.06397 -0.02124 0.80375 0.00824 0.59453
1403637136288319232 0.04163 -0.01190 -0.01918 -0.02049 0.81709 0.00846 0.57609
1403637136388318976 0.03943 -0.01018 -0.09461 -0.02178 0.83186 0.00703 0.55451
1403637136488318976 0.02942 -0.00976 -0.14827 -0.02836 0.84405 0.00551 0.53549
1403637136588318976 0.01701 -0.01522 -0.18473 -0.03439 0.84990 0.00297 0.52581
1403637136688318976 -0.00586 -0.01174 -0.15887 -0.02936 0.85215 0.00489 0.52244
1403637136788319232 -0.01702 -0.01485 -0.09299 -0.02858 0.85048 0.00526 0.52521
1403637136888318976 -0.01752 -0.01640 0.00208 -0.02533 0.84119 0.00656 0.54011
1403637136988318976 -0.01518 -0.01970 0.10390 -0.01692 0.82813 0.00204 0.56028
1403637137088318976 -0.02251 -0.02056 0.19210 -0.01035 0.81396 -0.00757 0.58078
1403637137188318976 -0.01089 -0.01333 0.25204 -0.01544 0.80159 -0.01699 0.59743
1403637137288319232 -0.00142 -0.01094 0.27035 -0.01615 0.79476 -0.01675 0.60648
1403637137388318976 0.00971 -0.00937 0.24777 -0.01450 0.79201 -0.01501 0.61015
1403637137488318976 0.02059 -0.00884 0.19264 -0.01381 0.79543 -0.01154 0.60578
1403637137588318976 0.01973 -0.00916 0.11038 -0.00692 0.80696 -0.00478 0.59055
1403637137688318976 0.01621 -0.00920 0.01871 0.00033 0.82381 -0.00323 0.56685
1403637137788319232 0.01602 -0.00654 -0.06285 -0.00475 0.83740 -0.00354 0.54655
1403637137888318976 0.00460 -0.00646 -0.12366 -0.01185 0.84612 -0.00093 0.53287
1403637137988318976 0.00136 -0.00610 -0.14704 -0.01139 0.85527 0.00252 0.51805
1403637138088318976 -0.00181 -0.00944 -0.12272 -0.01326 0.86114 0.00190 0.50819
1403637138188318976 -0.00035 -0.01370 -0.05277 -0.01417 0.85619 0.00821 0.51640
1403637138288319232 0.00289 -0.01944 0.04365 -0.00002 0.84131 0.01482 0.54034
1403637138388318976 0.00248 -0.02265 0.14108 0.00639 0.82119 0.00951 0.57054
1403637138488318976 0.00254 -0.02025 0.22030 0.01447 0.80322 0.00168 0.59550
1403637138588318976 0.00134 -0.02030 0.26350 0.01701 0.79217 -0.00380 0.61005
1403637138688318976 0.00398 -0.02206 0.26328 0.01429 0.78931 -0.00516 0.61380
1403637138788319232 0.01275 -0.02166 0.22123 0.00971 0.79369 -0.00798 0.60819
1403637138888318976 0.02031 -0.02268 0.14729 0.00979 0.80328 -0.01083 0.59543
1403637138988318976 0.02141 -0.02435 0.05658 0.00147 0.81238 -0.00972 0.58304
1403637139088318976 0.03159 -0.01927 -0.03231 -0.01328 0.81877 -0.00984 0.57389
1403637139188318976 0.03578 -0.01149 -0.10677 -0.02269 0.82364 -0.00899 0.56658
1403637139288319232 0.03738 -0.00792 -0.16129 -0.02654 0.82609 -0.00513 0.56288
1403637139388318976 0.04378 -0.00542 -0.19061 -0.02660 0.82717 0.00079 0.56132
1403637139488318976 0.04867 -0.00464 -0.20474 -0.03187 0.82585 0.00898 0.56292
1403637139588318976 0.05256 -0.00249 -0.21220 -0.03634 0.82253 0.01230 0.56743
1403637139688318976 0.05144 -0.00340 -0.22071 -0.03682 0.81902 0.01679 0.57234
1403637139788319232 0.05127 -0.00462 -0.22971 -0.03741 0.81766 0.01875 0.57417
1403637139888318976 0.05935 0.00048 -0.23215 -0.03815 0.81194 0.01558 0.58228
1403637139988318976 0.05813 -0.00143 -0.23557 -0.03823 0.80681 0.00819 0.58952
1403637140088318976 0.05519 -0.00361 -0.23650 -0.03640 0.80061 0.00116 0.59808
1403637140188318976 0.05287 -0.00554 -0.23531 -0.03355 0.79517 -0.00358 0.60545
1403637140288319232 0.05266 -0.00795 -0.23638 -0.03129 0.79607 -0.00648 0.60437
1403637140388318976 0.05223 -0.00812 -0.23658 -0.03411 0.79563 -0.00939 0.60475
1403637140488318976 0.05222 -0.00848 -0.23637 -0.03426 0.79562 -0.00956 0.60475
1403637140588318976 0.05186 -0.00754 -0.23607 -0.03498 0.79565 -0.01047 0.60466
1403637140688318976 0.05169 -0.00732 -0.23596 -0.03491 0.79570 -0.01055 0.60459
1403637140788319232 0.05143 -0.00727 -0.23569 -0.03470 0.79582 -0.01064 0.60445
1403637140888318976 0.05124 -0.00745 -0.23558 -0.03452 0.79590 -0.01090 0.60435
1403637140988318976 0.05109 -0.00735 -0.23549 -0.03416 0.79602 -0.01111 0.60421
1403637141088318976 0.05100 -0.00737 -0.23543 -0.03390 0.79610 -0.01134 0.60411
1403637141188318976 0.05087 -0.00737 -0.23534 -0.03355 0.79623 -0.01155 0.60396
1403637141288319232 0.05091 -0.00733 -0.23526 -0.03315 0.79634 -0.01172 0.60383
1403637141388318976 0.05078 -0.00742 -0.23523 -0.03286 0.79644 -0.01195 0.60371
1403637141488318976 0.05075 -0.00750 -0.23526 -0.03242 0.79658 -0.01221 0.60354
1403637141588318976 0.05047 -0.00740 -0.23517 -0.03203 0.79672 -0.01245 0.60337
1403637141688318976 0.05019 -0.00733 -0.23509 -0.03167 0.79684 -0.01279 0.60323
1403637141788319232 0.05012 -0.00739 -0.23512 -0.03121 0.79698 -0.01303 0.60306
1403637141888318976 0.05010 -0.00747 -0.23519 -0.03078 0.79711 -0.01328 0.60290
1403637141988318976 0.05012 -0.00757 -0.23525 -0.03040 0.79722 -0.01362 0.60277
1403637142088318976 0.04996 -0.00764 -0.23527 -0.02992 0.79737 -0.01391 0.60259
1403637142188318976 0.04987 -0.00767 -0.23529 -0.02948 0.79750 -0.01419 0.60243
1403637142288319232 0.04980 -0.00767 -0.23531 -0.02909 0.79762 -0.01450 0.60229
1403637142388318976 0.04968 -0.00773 -0.23534 -0.02858 0.79774 -0.01474 0.60214
1403637142488318976 0.04971 -0.00780 -0.23542 -0.02824 0.79787 -0.01507 0.60198
1403637142588318976 0.04971 -0.00794 -0.23551 -0.02784 0.79798 -0.01534 0.60185
1403637142688318976 0.04968 -0.00801 -0.23556 -0.02740 0.79812 -0.01560 0.60167
1403637142788319232 0.04959 -0.00804 -0.23555 -0.02706 0.79823 -0.01589 0.60153
1403637142888318976 0.04955 -0.00807 -0.23553 -0.02660 0.79835 -0.01618 0.60139
1403637142988318976 0.04935 -0.00819 -0.23561 -0.02628 0.79845 -0.01649 0.60126
1403637143088318976 0.04935 -0.00825 -0.23564 -0.02586 0.79859 -0.01672 0.60109
1403637143188318976 0.04926 -0.00838 -0.23572 -0.02549 0.79869 -0.01701 0.60097
1403637143288319232 0.04896 -0.00824 -0.23561 -0.02507 0.79882 -0.01725 0.60081
1403637143388318976 0.04890 -0.00838 -0.23566 -0.02473 0.79893 -0.01747 0.60066
1403637143488318976 0.04885 -0.00849 -0.23576 -0.02435 0.79900 -0.01778 0.60058
1403637143588318976 0.04890 -0.00855 -0.23581 -0.02396 0.79908 -0.01802 0.60048
1403637143688318976 0.04890 -0.00865 -0.23586 -0.02368 0.79922 -0.01827 0.60029
1403637143788319232 0.04883 -0.00865 -0.23592 -0.02329 0.79928 -0.01851 0.60022
1403637143888318976 0.04882 -0.00878 -0.23601 -0.02296 0.79937 -0.01876 0.60011
1403637143988318976 0.04875 -0.00885 -0.23604 -0.02272 0.79950 -0.01880 0.59994
1403637144088318976 0.04869 -0.00886 -0.23613 -0.02229 0.79960 -0.01913 0.59982
1403637144188318976 0.04854 -0.00888 -0.23610 -0.02193 0.79968 -0.01947 0.59971
1403637144288319232 0.04841 -0.00888 -0.23609 -0.02178 0.79979 -0.01972 0.59956
1403637144388318976 0.04834 -0.00877 -0.23607 -0.02154 0.79977 -0.01989 0.59959
1403637144638319104 0.04841 -0.00892 -0.23606 -0.02132 0.79981 -0.02011 0.59954
1403637144738318848 0.04837 -0.00894 -0.23624 -0.02120 0.79979 -0.02009 0.59957
1403637144838319104 0.04846 -0.00891 -0.23633 -0.02095 0.79984 -0.02027 0.59951
1403637145038319104 0.04855 -0.00897 -0.23621 -0.02099 0.79999 -0.02006 0.59931
1403637145138319104 0.04830 -0.00900 -0.23611 -0.02073 0.80003 -0.02044 0.59925
1403637145238318848 0.04825 -0.00905 -0.23627 -0.02048 0.80003 -0.02070 0.59925
1403637145338319104 0.04832 -0.00901 -0.23623 -0.02034 0.80008 -0.02084 0.59918
1403637145438318848 0.04839 -0.00911 -0.23637 -0.02014 0.80007 -0.02091 0.59920
1403637145588318976 0.04815 -0.00924 -0.23634 -0.02002 0.80006 -0.02104 0.59922
1403637145688318976 0.04815 -0.00918 -0.23640 -0.01981 0.80016 -0.02107 0.59908
1403637145938318848 0.04813 -0.00932 -0.23641 -0.01966 0.80019 -0.02124 0.59905
1403637146038319104 0.04809 -0.00923 -0.23639 -0.01945 0.80026 -0.02126 0.59896
1403637146138319104 0.04812 -0.00925 -0.23650 -0.01922 0.80027 -0.02142 0.59895
1403637146238318848 0.04839 -0.00946 -0.23645 -0.01847 0.80029 -0.02123 0.59896
1403637146338319104 0.04845 -0.00964 -0.23645 -0.01869 0.80027 -0.02134 0.59897
1403637146638319104 0.04835 -0.00942 -0.23643 -0.01880 0.80038 -0.02152 0.59881
1403637146738318848 0.04809 -0.00940 -0.23660 -0.01868 0.80035 -0.02155 0.59886
1403637146838319104 0.04812 -0.00929 -0.23657 -0.01867 0.80037 -0.02156 0.59883
1403637146938318848 0.04813 -0.00936 -0.23661 -0.01862 0.80039 -0.02156 0.59881
1403637147038319104 0.04809 -0.00946 -0.23660 -0.01867 0.80038 -0.02154 0.59882
1403637147138319104 0.04823 -0.00941 -0.23662 -0.01854 0.80042 -0.02160 0.59877
1403637147238318848 0.04830 -0.00945 -0.23672 -0.01848 0.80036 -0.02161 0.59884
1403637147538319104 0.04868 -0.00961 -0.23680 -0.01863 0.80029 -0.02150 0.59893
1403637147638319104 0.04853 -0.00950 -0.23681 -0.01867 0.80029 -0.02153 0.59894
1403637147788319232 0.04866 -0.00969 -0.23682 -0.01884 0.80022 -0.02164 0.59902
1403637147888318976 0.04865 -0.00956 -0.23687 -0.01880 0.80023 -0.02166 0.59901
1403637148088318976 0.04889 -0.00973 -0.23690 -0.01882 0.80014 -0.02158 0.59913
1403637148188318976 0.04884 -0.00980 -0.23692 -0.01884 0.80012 -0.02155 0.59915
1403637148288319232 0.04884 -0.00974 -0.23699 -0.01894 0.80013 -0.02137 0.59914
1403637148388318976 0.04883 -0.00963 -0.23707 -0.01900 0.80009 -0.02128 0.59920
1403637148488318976 0.04878 -0.00958 -0.23697 -0.01909 0.80018 -0.02109 0.59909
1403637148638319104 0.04860 -0.00981 -0.23699 -0.01943 0.80035 -0.02039 0.59887
1403637148738318848 0.04847 -0.00960 -0.23699 -0.01980 0.80045 -0.01972 0.59874
1403637149038319104 0.04912 -0.01000 -0.23740 -0.02095 0.80091 -0.01796 0.59815
1403637149138319104 0.04938 -0.01016 -0.23765 -0.02157 0.80097 -0.01784 0.59805
1403637149238318848 0.04949 -0.01034 -0.23756 -0.02182 0.80106 -0.01735 0.59793
1403637149338319104 0.04907 -0.00996 -0.23735 -0.02224 0.80120 -0.01661 0.59775
1403637149438318848 0.04904 -0.01024 -0.23753 -0.02285 0.80137 -0.01569 0.59752
1403637149588318976 0.04973 -0.01143 -0.23837 -0.02381 0.80308 -0.01153 0.59528
1403637149688318976 0.04861 -0.01092 -0.23876 -0.02755 0.80801 -0.00117 0.58852
1403637149988318976 0.04963 -0.02432 -0.23852 -0.02519 0.83020 0.00972 0.55681
1403637150088318976 0.04805 -0.03592 -0.22663 -0.01185 0.84014 0.01671 0.54198
1403637150188318976 0.05460 -0.05125 -0.20769 -0.00119 0.84370 0.01912 0.53647
1403637150288319232 0.07098 -0.06405 -0.18229 0.00429 0.84081 0.01729 0.54104
1403637150388318976 0.09565 -0.07849 -0.15223 0.00514 0.83375 0.01265 0.55197
1403637150638319104 0.17124 -0.11264 -0.08110 0.00900 0.82420 0.00463 0.56621
1403637150738318848 0.20181 -0.12893 -0.05736 0.01056 0.82365 0.00384 0.56698
1403637150838319104 0.23500 -0.14175 -0.03530 0.01240 0.82240 0.00384 0.56876
1403637150938318848 0.26818 -0.15191 -0.01378 0.01314 0.81779 0.00434 0.57535
1403637151038319104 0.29776 -0.16387 0.00415 0.01272 0.81350 0.00517 0.58140
1403637151338319104 0.37449 -0.19105 0.04894 0.00540 0.81450 0.00637 0.58010
1403637151438318848 0.39423 -0.20034 0.07648 -0.00477 0.81861 0.00122 0.57433
1403637151538319104 0.41342 -0.21028 0.11003 -0.00348 0.82022 0.00434 0.57202
1403637151638319104 0.43078 -0.22188 0.14140 -0.00133 0.82043 0.00760 0.57169
1403637151788319232 0.45567 -0.24123 0.17822 0.00023 0.82061 0.01081 0.57138
1403637151888318976 0.47087 -0.25489 0.19490 0.00083 0.82044 0.01263 0.57159
1403637151988318976 0.48944 -0.26786 0.20835 0.00067 0.82073 0.01380 0.57115
1403637152188318976 0.52454 -0.29253 0.24776 -0.00262 0.82231 0.01290 0.56889
1403637152288319232 0.54560 -0.31043 0.26244 -0.00442 0.82322 0.01237 0.56757
1403637152388318976 0.56460 -0.32625 0.27020 -0.00575 0.82366 0.01234 0.56692
1403637152488318976 0.58489 -0.34027 0.27302 -0.00560 0.82401 0.01315 0.56640
1403637152588318976 0.60612 -0.35580 0.26924 -0.00551 0.82408 0.01366 0.56629
1403637152838319104 0.66918 -0.40144 0.26121 -0.00930 0.81917 0.01172 0.57336
1403637152938318848 0.69807 -0.42144 0.27248 -0.00933 0.81696 0.01286 0.57647
1403637153338319104 0.76340 -0.50590 0.30314 -0.00270 0.81913 0.01729 0.57334
1403637153438318848 0.79871 -0.52421 0.31066 -0.00096 0.82042 0.01824 0.57147
1403637153538319104 0.81463 -0.54439 0.31787 0.00056 0.82287 0.01893 0.56791
1403637153688318976 0.84761 -0.56976 0.34378 -0.00018 0.82343 0.01857 0.56712
1403637153788319232 0.87262 -0.58242 0.36258 0.00016 0.82140 0.01869 0.57005
1403637154088318976 0.93764 -0.62331 0.38983 -0.00290 0.82015 0.01661 0.57190
1403637154188318976 0.96093 -0.63668 0.38023 -0.01339 0.82642 0.00920 0.56281
1403637154688318976 1.10483 -0.75403 0.29921 0.00199 0.82712 0.01267 0.56188
1403637154788319232 1.13996 -0.78382 0.28351 0.01188 0.83108 0.01018 0.55594
1403637155038319104 1.25021 -0.85690 0.26453 0.02617 0.83407 -0.01475 0.55084
1403637155138319104 1.30654 -0.88358 0.27078 0.03209 0.82933 -0.02827 0.55712
1403637155238318848 1.36871 -0.90601 0.28634 0.03766 0.82447 -0.03832 0.56334
1403637155488318976 1.51534 -0.96393 0.32897 0.05066 0.81363 -0.06202 0.57584
1403637155588318976 1.57208 -0.98754 0.33354 0.05494 0.81142 -0.07671 0.57680
1403637155888318976 1.71215 -1.06771 0.30846 0.06725 0.80769 -0.12478 0.57232
1403637155988318976 1.75125 -1.10561 0.29317 0.08077 0.80666 -0.14371 0.56756
1403637156488318976 1.89706 -1.32932 0.20768 0.14790 0.77273 -0.25896 0.56032
1403637156588318976 1.91114 -1.38776 0.19322 0.16459 0.76445 -0.27976 0.55701
1403637156688318976 1.91921 -1.44698 0.17396 0.18204 0.75635 -0.29892 0.55267
1403637156888318976 1.92855 -1.57358 0.11552 0.21160 0.75106 -0.32298 0.53555
1403637156988318976 1.93627 -1.63911 0.07888 0.21899 0.75364 -0.32633 0.52686
1403637157288319232 1.93400 -1.82920 -0.03183 0.21388 0.75384 -0.33531 0.52302
1403637157388318976 1.96590 -1.91575 -0.05461 0.20264 0.75453 -0.33403 0.52729
1403637157688318976 1.99342 -2.17244 -0.07402 0.18015 0.75624 -0.33112 0.53479
1403637157788319232 2.01029 -2.27125 -0.06789 0.17719 0.75659 -0.32578 0.53856
1403637157988318976 2.01459 -2.49257 -0.05663 0.18717 0.75401 -0.31314 0.54624
1403637158088318976 2.01250 -2.60217 -0.06068 0.19463 0.75480 -0.30611 0.54652
1403637158288319232 1.99359 -2.83058 -0.04553 0.19877 0.75407 -0.30450 0.54694
1403637158388318976 1.97400 -2.94075 -0.02995 0.20290 0.75048 -0.31260 0.54579
1403637158638319104 1.91106 -3.22584 -0.01527 0.21551 0.73008 -0.35540 0.54243
1403637158738318848 1.86887 -3.34329 -0.01736 0.22603 0.72033 -0.37486 0.53807
1403637158988318976 1.76031 -3.62765 -0.04427 0.25064 0.71542 -0.39905 0.51586
1403637159088318976 1.71438 -3.73831 -0.04743 0.25696 0.71588 -0.40170 0.51002
1403637159388318976 1.57192 -4.07344 -0.06660 0.24510 0.71050 -0.41060 0.51626
1403637159488318976 1.51703 -4.17417 -0.08361 0.24430 0.71142 -0.40818 0.51729
1403637159588318976 1.46215 -4.28983 -0.10507 0.24869 0.71650 -0.40228 0.51278
1403637159838319104 1.32125 -4.58704 -0.14104 0.25877 0.72237 -0.39177 0.50768
1403637159938318848 1.26440 -4.70336 -0.14748 0.26402 0.71958 -0.39808 0.50401
1403637160238318848 1.08940 -5.05333 -0.18358 0.29716 0.68285 -0.44524 0.49717
1403637160338319104 1.01851 -5.16772 -0.20050 0.31260 0.66839 -0.46511 0.48910
1403637160638319104 0.81406 -5.50520 -0.27539 0.36477 0.62542 -0.52825 0.44355
1403637160738318848 0.74121 -5.62097 -0.30215 0.37420 0.61514 -0.54550 0.42896
1403637160938318848 0.63240 -5.82914 -0.33520 0.38242 0.60422 -0.56491 0.41176
1403637161038319104 0.59189 -5.92692 -0.33304 0.37859 0.60019 -0.57272 0.41040
1403637161138319104 0.55249 -6.03352 -0.32060 0.37321 0.59369 -0.57898 0.41596
1403637161288319232 0.47355 -6.22206 -0.28713 -0.36118 -0.57752 0.58736 -0.43707
1403637161388318976 0.41284 -6.34391 -0.25905 -0.36004 -0.57470 0.58735 -0.44171
1403637161588318976 0.26868 -6.59019 -0.18706 -0.37417 -0.57323 0.59010 -0.42801
1403637161688318976 0.18664 -6.71559 -0.15718 -0.38352 -0.56635 0.59414 -0.42326
1403637162038319104 -0.11485 -7.11245 -0.07528 -0.44158 -0.53135 0.57798 -0.43429
1403637162138319104 -0.20371 -7.21538 -0.06779 -0.44587 -0.52558 0.57786 -0.43709
1403637162238318848 -0.28923 -7.29756 -0.06753 -0.43666 -0.52228 0.58535 -0.44036
1403637162338319104 -0.37842 -7.36402 -0.07356 -0.42684 -0.52218 0.59192 -0.44132
1403637162438318848 -0.46828 -7.41586 -0.08354 -0.41485 -0.52219 0.59909 -0.44307
1403637162588318976 -0.62211 -7.48993 -0.09771 -0.40506 -0.53613 0.60497 -0.42720
1403637162688318976 -0.73430 -7.53675 -0.09308 -0.41493 -0.53406 0.59818 -0.42988
1403637163038319104 -1.15620 -7.61050 -0.09594 -0.46367 -0.48458 0.61668 -0.41219
1403637163138319104 -1.28352 -7.60555 -0.10888 -0.48085 -0.46626 0.63108 -0.39131
1403637163238318848 -1.41528 -7.59673 -0.12839 -0.49771 -0.44412 0.64667 -0.36994
1403637163338319104 -1.53461 -7.56838 -0.14950 0.51117 0.42006 -0.66216 0.35185
1403637163438318848 -1.65048 -7.53542 -0.17808 0.51700 0.39542 -0.67965 0.33828
1403637163738318848 -1.97522 -7.35951 -0.24155 -0.49388 -0.35191 0.73149 -0.31171
1403637163838319104 -2.09052 -7.29053 -0.24352 -0.48691 -0.34530 0.74011 -0.30973
1403637163938318848 -2.21234 -7.21613 -0.23413 -0.48348 -0.33753 0.74391 -0.31449
1403637164138319104 -2.48121 -7.05194 -0.19170 -0.49019 -0.33506 0.73915 -0.31796
1403637164238318848 -2.62666 -6.96308 -0.16090 -0.49488 -0.33972 0.73478 -0.31589
1403637164438318848 -2.93185 -6.75841 -0.09788 -0.49839 -0.35753 0.72899 -0.30390
1403637164538319104 -3.08539 -6.65683 -0.07894 -0.49089 -0.35758 0.73133 -0.31035
1403637164788319232 -3.49255 -6.37422 -0.06053 -0.49287 -0.36824 0.72567 -0.30803
1403637164888318976 -3.66649 -6.25836 -0.06188 0.50459 0.36964 -0.72075 0.29880
1403637164988318976 -3.84059 -6.13955 -0.06905 0.51215 0.36449 -0.72168 0.28987
1403637165088318976 -4.01470 -6.01811 -0.07917 0.51998 0.35358 -0.72492 0.28124
1403637165188318976 -4.18749 -5.89497 -0.09093 0.53169 0.33769 -0.72801 0.27071
1403637165488318976 -4.66436 -5.50507 -0.10336 0.53092 0.29694 -0.76114 0.22497
1403637165588318976 -4.81621 -5.37744 -0.08830 0.53099 0.29024 -0.76715 0.21282
1403637165738318848 -5.03760 -5.19285 -0.06207 0.53863 0.29244 -0.76746 0.18804
1403637165838319104 -5.18234 -5.07314 -0.05038 0.54400 0.29739 -0.76524 0.17331
1403637166038319104 -5.44598 -4.86788 -0.04713 0.54765 0.31865 -0.75665 0.16131
1403637166138319104 -5.56600 -4.78514 -0.06397 0.54778 0.32983 -0.75194 0.16042
1403637166338319104 -5.77507 -4.64891 -0.12993 0.55872 0.33591 -0.73668 0.17972
1403637166438318848 -5.86039 -4.59424 -0.15771 0.57696 0.33275 -0.71766 0.20339
1403637166638319104 -5.97384 -4.48944 -0.20178 0.56964 0.34414 -0.71514 0.21364
1403637166738318848 -6.01942 -4.43975 -0.22168 0.55071 0.35729 -0.72670 0.20240
1403637166838319104 -6.04449 -4.39573 -0.24210 0.54385 0.37041 -0.72874 0.18965
1403637166988318976 -6.04984 -4.35937 -0.27446 0.55655 0.38704 -0.71452 0.17296
1403637167088318976 -6.03502 -4.34439 -0.29149 0.56890 0.39565 -0.70170 0.16562
1403637167288319232 -5.90303 -4.37249 -0.28450 0.58642 0.40213 -0.68514 0.15807
1403637167388318976 -5.80563 -4.40527 -0.27145 0.58103 0.39915 -0.69126 0.15891
1403637167488318976 -5.69651 -4.43739 -0.26831 0.56305 0.38712 -0.70856 0.17624
1403637167588318976 -5.57302 -4.47535 -0.27364 0.54307 0.36954 -0.72633 0.20239
1403637167688318976 -5.44508 -4.52521 -0.27980 0.52943 0.35635 -0.73631 0.22487
1403637167838319104 -5.24499 -4.60257 -0.30038 0.51250 0.36149 -0.74141 0.23870
1403637167938318848 -5.11366 -4.65971 -0.31621 0.50298 0.37346 -0.74153 0.24013
1403637168138319104 -4.85832 -4.78350 -0.33301 -0.49891 -0.39245 0.73380 -0.24208
1403637168238318848 -4.73398 -4.85445 -0.35336 -0.49828 -0.39329 0.73130 -0.24949
1403637168388318976 -4.55141 -4.96422 -0.41153 0.51167 0.39404 -0.71926 0.25613
1403637168488318976 -4.42976 -5.03910 -0.46226 0.52197 0.39126 -0.71067 0.26345
1403637168638319104 -4.24081 -5.14563 -0.54138 0.51779 0.38925 -0.71305 0.26822
1403637168738318848 -4.11418 -5.21638 -0.58612 0.51306 0.39203 -0.71654 0.26391
1403637168838319104 -3.98975 -5.28950 -0.62170 0.51083 0.39317 -0.71876 0.26048
1403637168938318848 -3.86482 -5.36371 -0.65351 0.51153 0.39656 -0.71865 0.25421
1403637169038319104 -3.73671 -5.43732 -0.68868 0.51382 0.39882 -0.71769 0.24872
1403637169188318976 -3.53891 -5.55668 -0.73691 0.51829 0.40792 -0.71014 0.24633
1403637169288319232 -3.40512 -5.64129 -0.75935 0.51773 0.41800 -0.70108 0.25635
1403637169488318976 -3.10945 -5.81967 -0.77821 0.50831 0.44911 -0.67603 0.28792
1403637169588318976 -2.95058 -5.90838 -0.77901 0.50360 0.47116 -0.65696 0.30464
1403637169838319104 -2.52746 -6.12317 -0.77399 -0.48182 -0.52804 0.60664 -0.34787
1403637169938318848 -2.34681 -6.19791 -0.78325 -0.47475 -0.54883 0.58674 -0.35936
1403637170038319104 -2.15840 -6.26753 -0.79945 -0.46791 -0.56707 0.56808 -0.36983
1403637170138319104 -1.96250 -6.33301 -0.82093 0.45831 0.58341 -0.55141 0.38149
1403637170238318848 -1.75850 -6.38835 -0.84730 0.44952 0.59824 -0.53336 0.39442
1403637170338319104 -1.54634 -6.43765 -0.87767 0.44009 0.61222 -0.51437 0.40856
1403637170438318848 -1.32412 -6.48220 -0.91171 0.42127 0.61916 -0.49923 0.43581
1403637170588318976 -0.98642 -6.52726 -0.96719 0.39265 0.62397 -0.47103 0.48437
1403637170688318976 -0.76451 -6.54097 -1.00883 0.37655 0.62930 -0.44768 0.51163
1403637170838319104 -0.44371 -6.53119 -1.07481 0.34653 0.64942 -0.41417 0.53538
1403637170938318848 -0.24171 -6.50665 -1.11192 0.32308 0.66934 -0.39092 0.54294
1403637171238318848 0.30812 -6.36655 -1.17052 0.25648 0.71305 -0.33317 0.56105
1403637171338319104 0.46841 -6.30152 -1.16906 0.24924 0.71697 -0.31807 0.56803
1403637171538319104 0.75821 -6.15419 -1.14611 0.25511 0.72560 -0.29485 0.56700
1403637171638319104 0.88886 -6.06104 -1.13287 0.25928 0.72786 -0.28986 0.56478
1403637171738318848 1.01751 -5.95889 -1.12627 0.26426 0.72740 -0.28859 0.56372
1403637171888318976 1.19000 -5.77935 -1.12722 0.27396 0.72444 -0.28864 0.56287
1403637171988318976 1.30023 -5.64312 -1.13381 0.27834 0.72179 -0.29090 0.56296
1403637172138319104 1.46500 -5.42201 -1.15344 0.28043 0.71837 -0.29735 0.56293
1403637172238318848 1.55853 -5.25236 -1.16448 0.26488 0.71955 -0.31207 0.56098
1403637172438318848 1.73236 -4.90451 -1.16907 0.22945 0.72196 -0.34402 0.55478
1403637172538319104 1.80247 -4.72690 -1.15608 0.21826 0.72032 -0.35527 0.55434
1403637172738318848 1.91029 -4.38376 -1.11174 0.20909 0.71860 -0.36858 0.55140
1403637172838319104 1.94572 -4.22727 -1.07897 0.20533 0.72223 -0.38013 0.54011
1403637173038319104 1.98820 -3.93925 -1.03803 0.19688 0.73725 -0.41273 0.49735
1403637173138319104 2.00861 -3.81905 -1.03633 0.19757 0.73699 -0.42832 0.48409
1403637173288319232 2.03138 -3.67487 -1.05030 0.21222 0.72090 -0.45515 0.47760
1403637173388318976 2.04267 -3.60186 -1.06289 0.23050 0.70399 -0.47116 0.47883
1403637173538319104 2.04187 -3.52206 -1.08881 0.25382 0.67921 -0.49633 0.47739
1403637173638319104 2.02947 -3.48650 -1.11544 0.26030 0.66215 -0.51722 0.47570
1403637173938318848 1.95164 -3.46292 -1.21911 0.26311 0.63400 -0.57775 0.44162
1403637174038319104 1.90069 -3.49365 -1.24269 0.28960 0.63673 -0.57261 0.42758
1403637174138319104 1.84180 -3.54330 -1.24656 0.32549 0.63028 -0.55647 0.43260
1403637174238318848 1.77823 -3.59442 -1.23636 0.35124 0.61687 -0.54240 0.44933
1403637174338319104 1.71049 -3.64661 -1.22320 0.35822 0.60689 -0.53824 0.46223
1403637174538319104 1.56275 -3.74420 -1.17706 0.34566 0.58700 -0.55073 0.48234
1403637174638319104 1.47176 -3.78699 -1.14603 0.35215 0.57939 -0.55779 0.47871
1403637174788319232 1.31629 -3.84759 -1.10304 -0.38678 -0.56340 0.56533 -0.46193
1403637174888318976 1.20434 -3.87919 -1.08430 -0.39772 -0.55197 0.58279 -0.44441
1403637175088318976 0.97309 -3.93023 -1.06239 -0.41337 -0.52395 0.61716 -0.41678
1403637175188318976 0.85304 -3.95183 -1.05563 -0.42557 -0.50630 0.62285 -0.41786
1403637175388318976 0.59908 -3.97455 -1.05223 -0.45134 -0.47827 0.62123 -0.42618
1403637175488318976 0.46738 -3.97033 -1.05638 -0.44807 -0.47400 0.62669 -0.42639
1403637175638319104 0.25953 -3.94383 -1.06999 -0.42913 -0.47794 0.64079 -0.42048
1403637175738318848 0.11095 -3.91402 -1.07263 -0.42022 -0.48196 0.64605 -0.41683
1403637175988318976 -0.28920 -3.81784 -1.04047 -0.43588 -0.49648 0.63275 -0.40390
1403637176088318976 -0.45690 -3.77245 -1.01168 -0.44330 -0.49398 0.62510 -0.41077
1403637176188318976 -0.62634 -3.71951 -0.98261 -0.45085 -0.49387 0.61711 -0.41474
1403637176288319232 -0.79577 -3.65839 -0.96167 -0.45605 -0.49237 0.61401 -0.41544
1403637176388318976 -0.96535 -3.58721 -0.94853 -0.45821 -0.49074 0.61500 -0.41351
1403637176488318976 -1.13433 -3.50644 -0.94142 -0.45813 -0.49188 0.61984 -0.40494
1403637176588318976 -1.30237 -3.41878 -0.93715 -0.45783 -0.48789 0.62898 -0.39591
1403637176738318848 -1.55340 -3.28018 -0.93919 -0.45377 -0.48031 0.64602 -0.38216
1403637176838319104 -1.71880 -3.18386 -0.94591 -0.45233 -0.47698 0.65409 -0.37423
1403637177038319104 -2.05221 -2.99207 -0.97077 -0.43917 -0.48095 0.67112 -0.35414
1403637177138319104 -2.21887 -2.89969 -0.99029 -0.42432 -0.48783 0.68287 -0.34010
1403637177288319232 -2.47524 -2.77820 -1.02614 -0.40916 -0.49352 0.69425 -0.32717
1403637177388318976 -2.65126 -2.71105 -1.05331 -0.40543 -0.49654 0.69688 -0.32161
1403637177588318976 -3.00965 -2.61785 -1.11469 -0.42036 -0.50830 0.69017 -0.29765
1403637177688318976 -3.18597 -2.59266 -1.13525 -0.43523 -0.51173 0.68189 -0.28936
1403637177988318976 -3.67712 -2.60315 -1.17211 -0.46105 -0.48635 0.68811 -0.27820
1403637178088318976 -3.82351 -2.62460 -1.19183 -0.47946 -0.47923 0.68925 -0.25572
1403637178288319232 -4.07548 -2.70290 -1.23050 0.50765 0.46255 -0.69156 0.22379
1403637178388318976 -4.16077 -2.77642 -1.23777 0.52298 0.45874 -0.68638 0.21199
1403637178488318976 -4.24284 -2.85292 -1.23914 0.53102 0.45553 -0.68440 0.20522
1403637178588318976 -4.28436 -2.95954 -1.23304 0.53238 0.45046 -0.68663 0.20543
1403637178688318976 -4.32477 -3.06398 -1.22974 0.52982 0.43966 -0.69089 0.22062
1403637178888318976 -4.38080 -3.28344 -1.23612 0.53068 0.41417 -0.69226 0.26006
1403637178988318976 -4.39899 -3.39940 -1.24667 0.52941 0.40560 -0.69273 0.27447
1403637179138319104 -4.40646 -3.56589 -1.27357 0.52377 0.40373 -0.69564 0.28064
1403637179238318848 -4.40325 -3.67071 -1.29512 0.51832 0.40801 -0.69837 0.27778
1403637179488318976 -4.35820 -3.91317 -1.27874 0.51428 0.41656 -0.69888 0.27124
1403637179588318976 -4.33233 -4.01044 -1.26364 0.51507 0.41642 -0.69810 0.27194
1403637179738318848 -4.28238 -4.15271 -1.26439 0.51888 0.41638 -0.69600 0.27013
1403637179838319104 -4.24426 -4.24989 -1.29740 0.52723 0.42251 -0.69052 0.25825
1403637180188318976 -4.01596 -4.58824 -1.50431 0.52290 0.41643 -0.69428 0.26673
1403637180288319232 -3.92815 -4.69659 -1.54793 0.51460 0.41208 -0.69967 0.27539
1403637180388318976 -3.83484 -4.80965 -1.58099 0.50497 0.41095 -0.70613 0.27840
1403637180488318976 -3.73937 -4.92854 -1.60795 -0.48914 -0.41461 0.71747 -0.27218
1403637180588318976 -3.64638 -5.03902 -1.62652 -0.48127 -0.41784 0.72326 -0.26586
1403637180688318976 -3.55503 -5.15017 -1.63100 -0.49594 -0.42120 0.71350 -0.25990
1403637180788319232 -3.46195 -5.26293 -1.63000 0.50710 0.41857 -0.70691 0.26063
1403637181138319104 -3.08505 -5.68434 -1.57442 0.52942 0.41913 -0.69755 0.23972
1403637181238318848 -2.94754 -5.80944 -1.54453 0.52492 0.40675 -0.70335 0.25361
1403637181338319104 -2.80558 -5.93179 -1.50541 0.52593 0.39628 -0.70447 0.26473
1403637181488318976 -2.58858 -6.10594 -1.43225 0.53219 0.39368 -0.70187 0.26302
1403637181588318976 -2.43323 -6.21160 -1.37579 0.52882 0.39362 -0.70608 0.25857
1403637181788319232 -2.10984 -6.42219 -1.25094 0.52366 0.38594 -0.71369 0.25978
1403637181888318976 -1.94180 -6.51719 -1.19088 0.52399 0.38076 -0.71456 0.26432
1403637182088318976 -1.61012 -6.71208 -1.08873 0.52871 0.37679 -0.71130 0.26934
1403637182188318976 -1.44071 -6.80365 -1.04297 0.53072 0.37235 -0.70865 0.27841
1403637182388318976 -1.10115 -6.96857 -0.96482 0.53246 0.36315 -0.70328 0.30001
1403637182488318976 -0.93280 -7.03707 -0.92826 0.53938 0.36215 -0.69621 0.30530
1403637182738318848 -0.50000 -7.15151 -0.81306 0.54519 0.36816 -0.68972 0.30251
1403637182838319104 -0.32030 -7.17552 -0.76820 0.54081 0.36427 -0.69292 0.30774
1403637182938318848 -0.13943 -7.18812 -0.72875 0.53826 0.35919 -0.69501 0.31341
1403637183088318976 0.12808 -7.17871 -0.69369 0.53212 0.34890 -0.69922 0.32591
1403637183188318976 0.30186 -7.15399 -0.69199 0.52780 0.34436 -0.70182 0.33210
1403637183388318976 0.63502 -7.06359 -0.71949 0.52000 0.33957 -0.70682 0.33868
1403637183488318976 0.78556 -6.99562 -0.73880 0.52006 0.33855 -0.70688 0.33946
1403637183838319104 1.27344 -6.64334 -0.83068 0.50018 0.33029 -0.71946 0.35087
1403637183938318848 1.37990 -6.50910 -0.85315 -0.48950 -0.32759 0.72629 -0.35437
1403637184038319104 1.46367 -6.36110 -0.86733 -0.48015 -0.32561 0.73232 -0.35657
1403637184138319104 1.52690 -6.20036 -0.86771 -0.47767 -0.32636 0.73469 -0.35433
1403637184338319104 1.62420 -5.85564 -0.86106 -0.48893 -0.34626 0.73124 -0.32611
1403637184438318848 1.65348 -5.67626 -0.87658 -0.49147 -0.35983 0.73096 -0.30769
1403637184538319104 1.68136 -5.49457 -0.90029 -0.48646 -0.36943 0.73453 -0.29553
1403637184688318976 1.71570 -5.22466 -0.94207 -0.47436 -0.37946 0.74212 -0.28328
1403637184788319232 1.73124 -5.04697 -0.96868 -0.46671 -0.38329 0.74661 -0.27899
1403637184938318848 1.73853 -4.79509 -0.99074 -0.46208 -0.38812 0.74903 -0.27348
1403637185038319104 1.73469 -4.63784 -0.99450 -0.45887 -0.39010 0.75084 -0.27111
1403637185288319232 1.68648 -4.28270 -0.96355 -0.45369 -0.39269 0.75443 -0.26608
1403637185388318976 1.65392 -4.15543 -0.94130 -0.45153 -0.39871 0.75567 -0.25712
1403637185588318976 1.56549 -3.92362 -0.87255 -0.45551 -0.40283 0.75347 -0.25006
1403637185688318976 1.51256 -3.81622 -0.83309 -0.46941 -0.39722 0.74500 -0.25855
1403637185888318976 1.39019 -3.66267 -0.75279 -0.49157 -0.39419 0.73093 -0.26214
1403637185988318976 1.33507 -3.56456 -0.74700 -0.49742 -0.39223 0.72691 -0.26522
1403637186138319104 1.24671 -3.47057 -0.71403 0.50372 0.38900 -0.72256 0.26992
1403637186238318848 1.18908 -3.41511 -0.68543 0.50374 0.38902 -0.72252 0.26994
1403637186588318976 0.99503 -3.23386 -0.51946 0.50536 0.37872 -0.72211 0.28239
1403637186688318976 0.94103 -3.18494 -0.46885 0.50333 0.37660 -0.72417 0.28357
1403637186838319104 0.85768 -3.11680 -0.41354 -0.48920 -0.36985 0.73450 -0.29053
1403637186938318848 0.80019 -3.06367 -0.38295 -0.47972 -0.36179 0.74075 -0.30046
1403637187038319104 0.73106 -3.01536 -0.36346 -0.47534 -0.35513 0.74344 -0.30860
1403637187138319104 0.65731 -2.95612 -0.34759 -0.47948 -0.35353 0.74065 -0.31075
1403637187238318848 0.57390 -2.90125 -0.34247 -0.48388 -0.35539 0.74044 -0.30217
1403637187388318976 0.44096 -2.81265 -0.34362 -0.48149 -0.36404 0.74828 -0.27516
1403637187488318976 0.34707 -2.75464 -0.34798 -0.48044 -0.36721 0.75197 -0.26245
1403637187638319104 0.19911 -2.67111 -0.35566 -0.47730 -0.36627 0.75710 -0.25464
1403637187738318848 0.09481 -2.62229 -0.36487 -0.47502 -0.36356 0.75992 -0.25436
1403637187938318848 -0.13070 -2.54013 -0.38812 -0.47302 -0.36452 0.76251 -0.24890
1403637188038319104 -0.24918 -2.50767 -0.40093 -0.47788 -0.36607 0.75967 -0.24602
1403637188188318976 -0.43838 -2.47505 -0.42712 -0.49010 -0.36962 0.75179 -0.24084
1403637188288319232 -0.56429 -2.46182 -0.44769 0.50419 0.37205 -0.74236 0.23722
1403637188588318976 -0.93260 -2.44589 -0.52972 0.51969 0.35325 -0.73634 0.25086
1403637188688318976 -1.04884 -2.43964 -0.56338 0.52098 0.33749 -0.74154 0.25455
1403637189038319104 -1.46060 -2.39696 -0.69858 0.51951 0.29105 -0.76693 0.23923
1403637189138319104 -1.58292 -2.37863 -0.72294 0.51432 0.29360 -0.77414 0.22356
1403637189338319104 -1.83323 -2.34735 -0.78865 0.50470 0.28688 -0.78369 0.22092
1403637189438318848 -1.96519 -2.33761 -0.83134 0.51502 0.28242 -0.77679 0.22712
1403637189538319104 -2.09866 -2.32136 -0.86890 0.52461 0.28291 -0.76980 0.22837
1403637189688318976 -2.30173 -2.29596 -0.90783 0.53385 0.28951 -0.76233 0.22369
1403637189788319232 -2.43095 -2.27493 -0.92506 0.53170 0.29319 -0.76304 0.22160
1403637190038319104 -2.74965 -2.21316 -0.92210 0.53620 0.29565 -0.75945 0.21981
1403637190138319104 -2.87610 -2.18718 -0.91263 0.53918 0.29503 -0.75769 0.21943
1403637190338319104 -3.11251 -2.13300 -0.87447 0.54206 0.29206 -0.75656 0.22019
1403637190438318848 -3.22451 -2.10612 -0.84635 0.54131 0.28936 -0.75758 0.22209
1403637190688318976 -3.48219 -2.03391 -0.78407 0.54597 0.29963 -0.75287 0.21289
1403637190788319232 -3.57117 -2.00451 -0.76607 0.54201 0.30794 -0.75015 0.22065
1403637191088318976 -3.83216 -1.91498 -0.75312 0.53328 0.32170 -0.74225 0.24736
1403637191188318976 -3.91601 -1.88045 -0.75708 0.53325 0.32503 -0.73995 0.24995
1403637191338319104 -4.03495 -1.82146 -0.77058 0.53393 0.32829 -0.73786 0.25041
1403637191438318848 -4.11312 -1.78390 -0.78587 0.53657 0.33089 -0.73583 0.24730
1403637191538319104 -4.17822 -1.73552 -0.78862 0.53829 0.33213 -0.73498 0.24442
1403637191838319104 -4.35552 -1.61130 -0.76775 0.52631 0.34152 -0.74659 0.22128
1403637191938318848 -4.39818 -1.57204 -0.74224 0.53007 0.34767 -0.74445 0.20963
1403637192038319104 -4.43361 -1.54094 -0.70896 0.52964 0.35058 -0.74536 0.20251
1403637192138319104 -4.46682 -1.51357 -0.67253 0.52122 0.35028 -0.75207 0.20008
1403637192238318848 -4.50470 -1.50051 -0.63023 0.51758 0.35206 -0.75493 0.19557
1403637192438318848 -4.55771 -1.50243 -0.53561 0.52251 0.35622 -0.75160 0.18760
1403637192538319104 -4.58160 -1.51899 -0.49895 0.51323 0.34887 -0.75906 0.19675
1403637192638319104 -4.60146 -1.53769 -0.46704 0.50399 0.34301 -0.76585 0.20450
1403637192738318848 -4.62610 -1.57029 -0.44155 -0.49990 -0.34046 0.76868 -0.20813
1403637193088318976 -4.71865 -1.73031 -0.34144 0.50854 0.33484 -0.76161 0.22186
1403637193188318976 -4.75069 -1.78808 -0.30193 -0.49296 -0.32398 0.77203 -0.23663
1403637193388318976 -4.83210 -1.90730 -0.23837 -0.49384 -0.32447 0.77171 -0.23516
1403637193488318976 -4.88447 -1.97105 -0.22495 0.50584 0.33092 -0.76377 0.22644
1403637193588318976 -4.93717 -2.03691 -0.20991 0.51240 0.33725 -0.75883 0.21886
1403637193738318848 -5.01945 -2.14613 -0.17509 0.51613 0.34273 -0.75567 0.21239
1403637193838319104 -5.07119 -2.22450 -0.14578 0.51684 0.34480 -0.75492 0.20997
1403637193988318976 -5.14625 -2.35085 -0.10117 0.52168 0.34279 -0.75165 0.21299
1403637194088318976 -5.19567 -2.43893 -0.08819 0.52701 0.34005 -0.74811 0.21668
1403637194288319232 -5.28245 -2.62212 -0.09609 0.52567 0.33816 -0.74947 0.21821
1403637194388318976 -5.32231 -2.71542 -0.09882 0.52257 0.33865 -0.75179 0.21689
1403637194538319104 -5.37772 -2.86266 -0.08494 0.52030 0.33843 -0.75355 0.21658
1403637194638319104 -5.41317 -2.96638 -0.06522 0.51941 0.33850 -0.75445 0.21549
1403637194838319104 -5.47795 -3.18025 -0.01998 0.51075 0.33859 -0.76142 0.21148
1403637194938318848 -5.51073 -3.29513 -0.00312 0.51097 0.33665 -0.76161 0.21337
1403637195088318976 -5.55898 -3.46772 0.01677 0.52291 0.33200 -0.75394 0.21889
1403637195188318976 -5.59248 -3.58840 0.01929 0.53060 0.32955 -0.74873 0.22193
1403637195488318976 -5.66240 -3.93497 0.00790 0.53669 0.33034 -0.74165 0.22977
1403637195588318976 -5.67570 -4.04591 0.01153 0.53303 0.33692 -0.73995 0.23418
1403637195688318976 -5.68454 -4.15772 0.02351 0.53204 0.34202 -0.73681 0.23890
1403637195888318976 -5.69759 -4.37823 0.05909 0.53644 0.35624 -0.72865 0.23321
1403637195988318976 -5.69743 -4.48622 0.07382 0.54145 0.36524 -0.72337 0.22400
1403637196188318976 -5.66860 -4.70451 0.09549 0.56604 0.37684 -0.70260 0.20963
1403637196288319232 -5.63347 -4.81829 0.09961 0.57957 0.37737 -0.69162 0.20822
1403637196488318976 -5.51286 -5.04596 0.08705 0.59227 0.37595 -0.68225 0.20595
1403637196588318976 -5.42686 -5.15842 0.07098 0.59084 0.37234 -0.68438 0.20952
1403637196938318848 -4.97905 -5.52053 -0.01953 0.58404 0.36017 -0.69326 0.22037
1403637197038319104 -4.81591 -5.60976 -0.05353 0.57709 0.35374 -0.69796 0.23386
1403637197138319104 -4.63915 -5.69779 -0.08274 0.56692 0.35611 -0.70080 0.24629
1403637197238318848 -4.45084 -5.78619 -0.10352 0.55414 0.36679 -0.70073 0.25957
1403637197338319104 -4.25333 -5.86173 -0.11519 0.53691 0.38467 -0.69882 0.27460
1403637197488318976 -3.95026 -5.96521 -0.11775 0.51225 0.42420 -0.68386 0.29997
1403637197588318976 -3.74452 -6.03306 -0.11023 -0.49596 -0.45955 0.66637 -0.31431
1403637197738318848 -3.43263 -6.12769 -0.08214 -0.47399 -0.50925 0.63179 -0.34183
1403637197838319104 -3.22356 -6.18696 -0.05062 -0.46590 -0.53934 0.60296 -0.35845
1403637198138319104 -2.56119 -6.32492 0.06354 0.43378 0.60527 -0.53331 0.40132
1403637198238318848 -2.33428 -6.36275 0.12530 0.41989 0.62245 -0.51546 0.41298
1403637198388318976 -1.98327 -6.40678 0.22152 0.41019 0.64461 -0.48179 0.42907
1403637198488318976 -1.74625 -6.43180 0.28067 0.40934 0.65377 -0.46351 0.43610
1403637198638319104 -1.37585 -6.45202 0.33548 0.41412 0.66104 -0.44530 0.43959
1403637198738318848 -1.12055 -6.45633 0.35092 0.41286 0.66184 -0.44233 0.44257
1403637198888318976 -0.72264 -6.44332 0.33975 0.41495 0.65349 -0.43968 0.45546
1403637198988318976 -0.44582 -6.42324 0.32652 0.40951 0.64241 -0.44302 0.47260
1403637199138319104 -0.02805 -6.36060 0.30847 0.38884 0.64072 -0.44659 0.48871
1403637199238318848 0.24860 -6.29664 0.30418 0.37362 0.64845 -0.44223 0.49432
1403637199438318848 0.78600 -6.12763 0.31974 0.35283 0.66895 -0.40933 0.51036
1403637199538319104 1.04301 -6.01972 0.32944 0.33962 0.68060 -0.38889 0.51982
1403637199638319104 1.30016 -5.90614 0.33222 0.32302 0.68885 -0.37020 0.53300
1403637199738318848 1.55519 -5.78323 0.32617 0.30136 0.69474 -0.35280 0.54960
1403637199838319104 1.79984 -5.64980 0.30406 0.27128 0.69829 -0.33597 0.57089
1403637200038319104 2.25905 -5.37109 0.20530 0.20541 0.69614 -0.29163 0.62301
1403637200138319104 2.44405 -5.21459 0.14968 0.18040 0.69771 -0.25865 0.64324
1403637200338319104 2.74384 -4.89437 0.02369 0.15560 0.73549 -0.19537 0.62982
1403637200438318848 2.85253 -4.72601 -0.03500 0.14707 0.75957 -0.17719 0.60830
1403637200788319232 3.17353 -4.14090 -0.16132 0.11144 0.78063 -0.18173 0.58751
1403637200888318976 3.17189 -3.98247 -0.17826 0.10829 0.77594 -0.19122 0.59129
1403637201138319104 3.27808 -3.60731 -0.18961 0.12430 0.77284 -0.20903 0.58615
1403637201238318848 3.31187 -3.46253 -0.18969 0.12581 0.77197 -0.21803 0.58370
1403637201438318848 3.35081 -3.19119 -0.17415 0.10615 0.76540 -0.26132 0.57845
1403637201538319104 3.35096 -3.06851 -0.17612 0.09821 0.76281 -0.28531 0.57191
1403637201638319104 3.34458 -2.96271 -0.18270 0.09365 0.75872 -0.30285 0.56908
1403637201788319232 3.31465 -2.84542 -0.19624 0.10775 0.75243 -0.30794 0.57220
1403637201888318976 3.28195 -2.78523 -0.20363 0.11752 0.75028 -0.30645 0.57389
1403637202088318976 3.18231 -2.69956 -0.20146 0.10846 0.75586 -0.31209 0.56525
1403637202188318976 3.11642 -2.67807 -0.19257 0.10489 0.76584 -0.31155 0.55265
1403637202538319104 2.86801 -2.71175 -0.16692 0.14748 0.78860 -0.27576 0.52945
1403637202638319104 2.80276 -2.73915 -0.16063 0.15128 0.78292 -0.27215 0.53859
1403637202788319232 2.70608 -2.79136 -0.13203 0.16177 0.77854 -0.26343 0.54618
1403637202888318976 2.64247 -2.82879 -0.11179 0.17178 0.77910 -0.25660 0.54557
1403637202988318976 2.58248 -2.86939 -0.09665 0.17932 0.78016 -0.25160 0.54396
1403637203238318848 2.43883 -2.95741 -0.08054 0.18307 0.77919 -0.25063 0.54455
1403637203338319104 2.39376 -2.99969 -0.08388 0.18454 0.77879 -0.25037 0.54475
1403637203588318976 2.28358 -3.07943 -0.10480 0.18744 0.77807 -0.25044 0.54475
1403637203688318976 2.24420 -3.10451 -0.11763 0.18954 0.77800 -0.25006 0.54429
1403637204088318976 2.12405 -3.18464 -0.21030 0.19121 0.77600 -0.25253 0.54543
1403637204188318976 2.09397 -3.19472 -0.23000 0.19132 0.77618 -0.25295 0.54494
1403637204288319232 2.07371 -3.20669 -0.24248 0.19122 0.77662 -0.25388 0.54391
1403637204438318848 2.03750 -3.21141 -0.23898 0.18926 0.77312 -0.25693 0.54814
1403637204538319104 2.01497 -3.21426 -0.22904 0.18804 0.76909 -0.25964 0.55292
1403637204788319232 1.95802 -3.20843 -0.18464 0.19084 0.77094 -0.26466 0.54698
1403637204888318976 1.93670 -3.20961 -0.17537 0.19101 0.77187 -0.26646 0.54473
1403637205138319104 1.88333 -3.19193 -0.17759 0.18910 0.77778 -0.26906 0.53564
1403637205238318848 1.86641 -3.18431 -0.18602 0.18838 0.77888 -0.26736 0.53514
1403637205638319104 1.82045 -3.14847 -0.19221 0.17956 0.78045 -0.24230 0.54768
1403637205738318848 1.81134 -3.13587 -0.19742 0.17757 0.78109 -0.23981 0.54850
1403637205838319104 1.80168 -3.11993 -0.20805 0.17698 0.78161 -0.23814 0.54869
1403637205988318976 1.79805 -3.09395 -0.22945 0.17578 0.78139 -0.23713 0.54981
1403637206088318976 1.79539 -3.07413 -0.23890 0.17346 0.78090 -0.23791 0.55091
1403637206338319104 1.79931 -3.02124 -0.22758 0.16128 0.77780 -0.24562 0.55560
1403637206438318848 1.79175 -3.00333 -0.21057 0.16108 0.77780 -0.24569 0.55562
1403637206838319104 1.77546 -2.93212 -0.16338 0.16856 0.77674 -0.24395 0.55565
1403637206938318848 1.76323 -2.90477 -0.15911 0.16959 0.77489 -0.24392 0.55793
1403637207038319104 1.75415 -2.88293 -0.14841 0.17054 0.77419 -0.24470 0.55827
1403637207238318848 1.73214 -2.83701 -0.12802 0.17183 0.77198 -0.24718 0.55985
1403637207338319104 1.71669 -2.81150 -0.12966 0.17191 0.77202 -0.24875 0.55906
1403637207588318976 1.67054 -2.74325 -0.15563 0.16849 0.77420 -0.25427 0.55459
1403637207688318976 1.64927 -2.71733 -0.17170 0.15873 0.77899 -0.26167 0.54727
1403637208088318976 1.56268 -2.65107 -0.12315 0.17359 0.77859 -0.25392 0.54698
1403637208188318976 1.54293 -2.63652 -0.09358 0.17677 0.77816 -0.25240 0.54728
1403637208338319104 1.51454 -2.61352 -0.05396 0.16972 0.77614 -0.25921 0.54919
1403637208438318848 1.49194 -2.58766 -0.02278 0.16765 0.77394 -0.26244 0.55139
1403637208538319104 1.47523 -2.57559 -0.01040 0.16983 0.77314 -0.26192 0.55209
1403637208738318848 1.43342 -2.55657 -0.00164 0.17818 0.77301 -0.25732 0.55181
1403637208838319104 1.41135 -2.54485 -0.00452 0.17986 0.77241 -0.25626 0.55260
1403637209038319104 1.36666 -2.51867 -0.02710 0.19676 0.77652 -0.24509 0.54611
1403637209138319104 1.34864 -2.49902 -0.04458 0.20222 0.77840 -0.23719 0.54493
1403637209438318848 1.30663 -2.41441 -0.06344 0.15865 0.79523 -0.22152 0.54163
1403637209538319104 1.29761 -2.38632 -0.05834 0.15005 0.80593 -0.21579 0.53046
1403637209838319104 1.32298 -2.32025 -0.00411 0.13505 0.82723 -0.20906 0.50374
1403637209938318848 1.35829 -2.30873 0.01125 0.13154 0.83058 -0.21080 0.49839
1403637210138319104 1.45529 -2.29755 -0.00239 0.12723 0.84205 -0.21414 0.47845
1403637210238318848 1.52563 -2.30079 -0.02758 0.12474 0.84759 -0.21629 0.46825
1403637210488318976 1.78081 -2.33718 -0.09857 0.12537 0.84824 -0.21600 0.46702
1403637210588318976 1.92316 -2.36677 -0.12680 0.12823 0.84055 -0.21398 0.48087
1403637210688318976 2.07932 -2.40723 -0.15901 0.12920 0.83378 -0.21252 0.49290
1403637210838319104 2.32205 -2.47778 -0.20857 0.12089 0.82668 -0.21656 0.50506
1403637210938318848 2.49481 -2.53291 -0.24510 0.11320 0.81920 -0.22180 0.51662
1403637211338319104 3.19860 -2.81223 -0.41816 0.13067 0.79334 -0.21826 0.55308
1403637211438318848 3.37174 -2.89315 -0.46886 0.13631 0.78906 -0.21708 0.55828
1403637211588318976 3.62455 -3.01413 -0.54926 0.13525 0.79069 -0.21975 0.55518
1403637211688318976 3.78823 -3.09510 -0.59448 0.13163 0.79279 -0.22228 0.55204
1403637211888318976 4.10716 -3.26319 -0.66228 0.11427 0.80159 -0.23400 0.53819
1403637211988318976 4.26382 -3.35649 -0.68056 0.11821 0.80198 -0.23181 0.53770
1403637212088318976 4.42162 -3.45427 -0.69003 0.12898 0.79625 -0.22568 0.54627
1403637212388318976 4.87383 -3.74869 -0.68705 0.14432 0.78033 -0.21842 0.56793
1403637212488318976 5.01840 -3.84030 -0.67430 0.14616 0.78113 -0.21911 0.56609
1403637212638319104 5.22254 -3.97711 -0.65189 0.14532 0.78876 -0.22283 0.55415
1403637212738318848 5.35360 -4.06753 -0.63457 0.14554 0.79331 -0.22340 0.54733
1403637212988318976 5.68003 -4.28912 -0.57340 0.15215 0.79785 -0.21750 0.54128
1403637213088318976 5.80886 -4.37566 -0.54738 0.14965 0.79804 -0.21721 0.54181
1403637213188318976 5.94246 -4.46047 -0.52715 0.14493 0.79852 -0.21818 0.54200
1403637213438318848 6.27825 -4.67556 -0.50427 0.14368 0.79559 -0.21652 0.54728
1403637213538319104 6.40809 -4.76188 -0.50094 0.14606 0.79380 -0.21472 0.54995
1403637213838319104 6.79838 -4.99771 -0.52561 0.16872 0.79910 -0.19695 0.54238
1403637213938318848 6.93333 -5.06755 -0.54371 0.16989 0.80058 -0.19515 0.54049
1403637214238318848 7.36188 -5.23900 -0.56704 0.14634 0.79199 -0.18180 0.56417
1403637214338319104 7.50155 -5.28520 -0.56046 0.13718 0.79094 -0.16618 0.57270
1403637214438318848 7.65057 -5.33012 -0.55075 0.13227 0.79153 -0.14062 0.57984
1403637214588318976 7.85017 -5.37242 -0.52477 0.12619 0.79426 -0.09611 0.58651
1403637214688318976 7.97665 -5.38599 -0.49743 0.12609 0.79352 -0.07004 0.59121
1403637214938318848 8.25230 -5.34592 -0.41784 0.12142 0.79205 -0.03995 0.59692
1403637215038319104 8.36260 -5.30750 -0.39494 0.11809 0.79045 -0.03830 0.59982
1403637215288319232 8.58567 -5.14011 -0.35810 0.10906 0.78400 -0.04151 0.60969
1403637215388318976 8.66410 -5.05039 -0.35153 0.09631 0.78037 -0.04062 0.61652
1403637215688318976 8.80189 -4.70849 -0.32285 0.04102 0.77254 -0.00413 0.63363
1403637215788319232 8.81943 -4.57869 -0.30573 0.02212 0.78248 0.01692 0.62206
1403637215988318976 8.82053 -4.31183 -0.24979 -0.01641 0.79658 0.05186 0.60208
1403637216088318976 8.80917 -4.17747 -0.21357 -0.03559 0.79849 0.06480 0.59745
1403637216188318976 8.78403 -4.04352 -0.17798 -0.05185 0.79819 0.07622 0.59531
1403637216388318976 8.71854 -3.78534 -0.12539 -0.07118 0.79322 0.08542 0.59869
1403637216488318976 8.67340 -3.66435 -0.10862 -0.07376 0.78756 0.08734 0.60554
1403637216688318976 8.56784 -3.43970 -0.08770 -0.08192 0.77929 0.08075 0.61601
1403637216788319232 8.50157 -3.33644 -0.08402 -0.08278 0.77329 0.07716 0.62388
1403637217038319104 8.28440 -3.10639 -0.04830 -0.07525 0.77121 0.07250 0.62795
1403637217138319104 8.17119 -3.02312 -0.03180 -0.08353 0.77901 0.06332 0.61819
1403637217438318848 7.79413 -2.83779 -0.01489 -0.10191 0.78666 0.03943 0.60764
1403637217538319104 7.66087 -2.79273 -0.02724 -0.10202 0.78607 0.03924 0.60840
1403637217788319232 7.29479 -2.73403 -0.05575 -0.08546 0.77090 0.09269 0.62435
1403637217888318976 7.13257 -2.72102 -0.06107 -0.08964 0.76807 0.12215 0.62218
1403637218188318976 6.58392 -2.70316 -0.05063 -0.11743 0.77121 0.16731 0.60288
1403637218288319232 6.38618 -2.70368 -0.05314 -0.12181 0.77178 0.17375 0.59945
1403637218538319104 5.87103 -2.71100 -0.07808 -0.12395 0.77011 0.17963 0.59942
1403637218638319104 5.65594 -2.71512 -0.08457 -0.12263 0.77210 0.17907 0.59729
1403637218888318976 5.10122 -2.72750 -0.10457 -0.11098 0.77996 0.18057 0.58885
1403637218988318976 4.87254 -2.72868 -0.13589 -0.10202 0.77967 0.18476 0.58955
1403637219088318976 4.64016 -2.73134 -0.17529 -0.09689 0.77965 0.18704 0.58972
1403637219238318848 4.28216 -2.72626 -0.23391 -0.09668 0.78024 0.18588 0.58935
1403637219338319104 4.03431 -2.71511 -0.26222 -0.09877 0.78194 0.18315 0.58760
1403637219638319104 3.28582 -2.66422 -0.31736 -0.10066 0.80364 0.17811 0.55885
1403637219738318848 3.04082 -2.63497 -0.32250 -0.10014 0.80844 0.17687 0.55237
1403637219938318848 2.58344 -2.56393 -0.30280 -0.09977 0.81361 0.17532 0.54530
1403637220038319104 2.39937 -2.51727 -0.26655 -0.09986 0.81443 0.17500 0.54416
1403637220288319232 1.91813 -2.39531 -0.17474 -0.10604 0.81482 0.16999 0.54399
1403637220388318976 1.73900 -2.34303 -0.12799 -0.11582 0.81338 0.16251 0.54643
1403637220838319104 1.01804 -2.12646 0.04462 -0.12495 0.81108 0.15271 0.55064
1403637220938318848 0.88511 -2.08681 0.07171 -0.12377 0.81223 0.15296 0.54914
1403637221138319104 0.61246 -2.01983 0.09938 -0.11370 0.81890 0.14432 0.54373
1403637221238318848 0.47697 -1.98894 0.10054 -0.10315 0.82251 0.13427 0.54296
1403637221338319104 0.36104 -1.97056 0.10595 -0.09358 0.82487 0.12211 0.54399
1403637221488318976 0.18791 -1.92494 0.09355 -0.08423 0.82691 0.10748 0.54550
1403637221588318976 0.08672 -1.90104 0.07993 -0.08159 0.82857 0.09979 0.54485
1403637221838319104 -0.15279 -1.82514 0.02679 -0.07467 0.83157 0.08668 0.54351
1403637221938318848 -0.23983 -1.79785 0.00453 -0.07105 0.83350 0.07652 0.54257
1403637222188318976 -0.39934 -1.75620 -0.08067 -0.04019 0.83718 0.03338 0.54443
1403637222288319232 -0.44637 -1.74876 -0.11643 -0.02661 0.83429 0.01610 0.55045
1403637222538319104 -0.55208 -1.72000 -0.20581 -0.00794 0.81925 -0.01116 0.57328
1403637222638319104 -0.58485 -1.71687 -0.22951 -0.00349 0.81727 -0.01559 0.57603
1403637222888318976 -0.68287 -1.69808 -0.25458 -0.00008 0.82624 -0.01807 0.56303
1403637222988318976 -0.71323 -1.69206 -0.25125 -0.00042 0.83235 -0.01697 0.55398
1403637223238318848 -0.75809 -1.69644 -0.21284 -0.00263 0.83499 -0.01159 0.55014
1403637223338319104 -0.75746 -1.70090 -0.18281 -0.00298 0.83004 -0.00780 0.55765
1403637223838319104 -0.73913 -1.71297 -0.00788 -0.00316 0.81763 0.00227 0.57573
1403637223938318848 -0.72146 -1.71451 0.00792 -0.00169 0.81697 0.00359 0.57666
1403637224038319104 -0.70837 -1.71732 0.01397 -0.00213 0.81652 0.00306 0.57730
1403637224188318976 -0.69744 -1.71777 0.01602 -0.00109 0.81612 0.00362 0.57787
1403637224288319232 -0.68837 -1.71642 0.00800 0.00023 0.81523 0.00429 0.57912
1403637224788319232 -0.67144 -1.69295 -0.07053 -0.00923 0.81479 -0.00241 0.57968
1403637224888318976 -0.66928 -1.69050 -0.07694 -0.00675 0.81435 -0.00088 0.58033
1403637224988318976 -0.66492 -1.68699 -0.08762 -0.00165 0.81373 0.00240 0.58123
1403637225188318976 -0.66992 -1.67484 -0.12103 0.00199 0.81254 0.00549 0.58287
1403637225288319232 -0.67162 -1.66725 -0.14472 0.00112 0.81219 0.00618 0.58336
1403637225538319104 -0.69340 -1.64005 -0.18616 0.00146 0.81008 0.00924 0.58625
1403637225638319104 -0.70944 -1.62716 -0.19057 0.00147 0.81192 0.01049 0.58367
1403637226088318976 -0.77912 -1.53999 -0.10347 -0.00022 0.81347 0.01153 0.58149
1403637226188318976 -0.79444 -1.51252 -0.07593 -0.00045 0.81075 0.01126 0.58529
1403637226288319232 -0.80720 -1.48447 -0.05771 0.00047 0.81063 0.01165 0.58544
1403637226538319104 -0.85782 -1.41209 -0.03134 0.00301 0.82529 0.01319 0.56455
1403637226638319104 -0.86910 -1.37707 -0.02971 0.00440 0.82827 0.01409 0.56013
1403637226988318976 -0.89433 -1.24923 -0.04859 -0.00680 0.82802 0.00532 0.56063
1403637227088318976 -0.89865 -1.21407 -0.05853 -0.01981 0.82543 -0.00474 0.56413
1403637227388318976 -0.88268 -1.12793 -0.05672 -0.01470 0.82266 -0.00573 0.56831
1403637227488318976 -0.87304 -1.10858 -0.05118 -0.00914 0.82396 -0.00304 0.56657
1403637227788319232 -0.83480 -1.07189 -0.06189 -0.01716 0.82557 -0.01253 0.56390
1403637227888318976 -0.82040 -1.06495 -0.07027 -0.01371 0.82273 -0.01069 0.56817
1403637228188318976 -0.77470 -1.04720 -0.11725 -0.00217 0.80935 0.00011 0.58733
1403637228288319232 -0.76081 -1.04005 -0.12928 -0.00217 0.80771 0.00184 0.58957
1403637228638319104 -0.75349 -1.01704 -0.11621 0.00473 0.80531 0.01041 0.59274
1403637228738318848 -0.76276 -1.00577 -0.10249 0.00321 0.81001 0.00902 0.58634
1403637229038319104 -0.80671 -0.96882 -0.07512 0.00066 0.81661 0.00549 0.57716
1403637229138319104 -0.82168 -0.95493 -0.07476 0.00403 0.81258 0.00764 0.58279
1403637229588318976 -0.91302 -0.87098 -0.13785 0.00677 0.82671 -0.05141 0.56023
1403637229688318976 -0.92962 -0.85641 -0.16182 0.01205 0.82894 -0.08361 0.55292
1403637229938318848 -0.95916 -0.86417 -0.21763 0.08389 0.81378 -0.13314 0.55946
1403637230038319104 -0.96118 -0.87852 -0.24219 0.11001 0.80615 -0.15399 0.56062
1403637230138319104 -0.96586 -0.88607 -0.26405 0.12316 0.80423 -0.18115 0.55248
1403637230438318848 -0.95824 -0.90246 -0.28816 0.15521 0.79390 -0.22092 0.54482
1403637230538319104 -0.94657 -0.90722 -0.27617 0.16305 0.78505 -0.22304 0.55440
1403637230838319104 -0.92593 -0.91292 -0.21511 0.17767 0.76914 -0.26974 0.55146
1403637230938318848 -0.93229 -0.91154 -0.19698 0.18388 0.76842 -0.29812 0.53558
1403637231288319232 -0.94687 -0.94818 -0.20646 0.24121 0.72746 -0.40760 0.49647
1403637231388318976 -0.95649 -0.97243 -0.23801 0.26370 0.70543 -0.44057 0.48859
1403637231688318976 -1.00052 -1.06938 -0.42182 0.32267 0.63349 -0.54356 0.44622
1403637231788319232 -1.03046 -1.12123 -0.48132 0.34330 0.60882 -0.56974 0.43230
1403637232138319104 -1.15232 -1.32417 -0.62665 -0.39995 -0.52458 0.63448 -0.40285
1403637232238318848 -1.20045 -1.38995 -0.64237 -0.41587 -0.50078 0.64660 -0.39770
1403637232538319104 -1.38923 -1.55169 -0.66472 -0.45495 -0.44368 0.68208 -0.36185
1403637232638319104 -1.46517 -1.59299 -0.66155 -0.45119 -0.42176 0.70476 -0.34909
1403637232788319232 -1.59175 -1.64625 -0.64852 -0.44582 -0.38968 0.73589 -0.32842
1403637232888318976 -1.68864 -1.68805 -0.63655 -0.44363 -0.37932 0.75056 -0.30978
1403637233138319104 -1.98374 -1.79178 -0.57673 -0.44194 -0.37859 0.76683 -0.27081
1403637233238318848 -2.12343 -1.85409 -0.55253 -0.43695 -0.38309 0.77072 -0.26134
1403637233338319104 -2.26942 -1.91681 -0.53526 -0.43135 -0.38842 0.77344 -0.25469
1403637233488318976 -2.50549 -2.02817 -0.52410 -0.42894 -0.40094 0.77195 -0.24362
1403637233588318976 -2.67384 -2.11585 -0.52977 -0.45240 -0.41930 0.75338 -0.22790
1403637233838319104 -3.07944 -2.38856 -0.58940 0.52579 0.45166 -0.69280 0.19895
1403637233938318848 -3.21179 -2.52113 -0.62773 0.53773 0.45636 -0.68221 0.19279
1403637234138319104 -3.41313 -2.82071 -0.71308 0.55705 0.46486 -0.66429 0.17977
1403637234238318848 -3.49850 -2.99767 -0.76349 0.56496 0.46573 -0.65773 0.17691
1403637234438318848 -3.56906 -3.37644 -0.87058 0.56393 0.45067 -0.66129 0.20391
1403637234538319104 -3.56958 -3.58075 -0.92898 0.55892 0.44546 -0.66147 0.22722
1403637234788319232 -3.45963 -4.07679 -1.08953 0.53585 0.44739 -0.65526 0.28870
1403637234888318976 -3.39691 -4.27177 -1.15921 0.52059 0.45194 -0.65280 0.31399
1403637235188318976 -3.13646 -4.78569 -1.32708 -0.49112 -0.49187 0.62336 -0.35818
1403637235288319232 -3.04001 -4.93585 -1.36481 -0.48222 -0.50719 0.61411 -0.36481
1403637235388318976 -2.93713 -5.07737 -1.39847 -0.46839 -0.52215 0.61352 -0.36270
1403637235488318976 -2.82741 -5.20617 -1.42620 -0.45074 -0.53581 0.61678 -0.35960
1403637235588318976 -2.71637 -5.33353 -1.44630 -0.43775 -0.54869 0.61532 -0.35873
1403637235888318976 -2.36024 -5.71398 -1.45559 0.45006 0.58080 -0.56298 0.37838
1403637235988318976 -2.22257 -5.82632 -1.44297 0.45585 0.59652 -0.54036 0.37997
1403637236138319104 -1.99251 -5.98514 -1.41541 0.45273 0.61916 -0.51270 0.38578
1403637236238318848 -1.81959 -6.07962 -1.38775 0.44607 0.63319 -0.49693 0.39136
1403637236338319104 -1.63257 -6.16298 -1.35209 0.43531 0.64449 -0.48332 0.40192
1403637236488318976 -1.32592 -6.27432 -1.28943 0.41466 0.65579 -0.46838 0.42263
1403637236588318976 -1.10882 -6.33781 -1.24451 0.40473 0.65870 -0.46201 0.43457
1403637236788319232 -0.65340 -6.43813 -1.16856 0.40055 0.65715 -0.44345 0.45942
1403637236888318976 -0.41533 -6.47239 -1.12751 0.39505 0.65444 -0.43078 0.47966
1403637237138319104 0.18824 -6.48436 -1.00182 0.38755 0.63531 -0.39498 0.53868
1403637237238318848 0.42205 -6.45473 -0.93613 0.37451 0.63416 -0.38575 0.55568
1403637237338319104 0.64764 -6.40294 -0.86297 0.35944 0.64118 -0.37809 0.56280
1403637237438318848 0.85461 -6.32148 -0.78273 0.34573 0.64676 -0.37288 0.56845
1403637237738318848 1.40072 -5.95068 -0.51466 0.31386 0.65194 -0.37106 0.58205
1403637237838319104 1.54538 -5.78860 -0.42426 0.30266 0.65211 -0.37843 0.58305
1403637237938318848 1.67459 -5.61565 -0.34307 0.29399 0.65235 -0.39310 0.57747
1403637238088318976 1.83494 -5.34232 -0.24006 0.28141 0.64917 -0.42889 0.56164
1403637238188318976 1.92324 -5.15731 -0.17929 0.27409 0.64009 -0.45968 0.55123
1403637238388318976 2.03760 -4.79182 -0.07197 0.27053 0.60284 -0.52815 0.53335
1403637238488318976 2.05484 -4.61037 -0.02832 0.27741 0.57805 -0.56030 0.52437
1403637238788319232 1.95141 -4.09716 0.07931 -0.26948 -0.54037 0.64668 -0.46603
1403637238888318976 1.86603 -3.94364 0.11138 -0.25337 -0.54223 0.66990 -0.43934
1403637238988318976 1.74149 -3.81806 0.13975 -0.23929 -0.54799 0.68638 -0.41392
1403637239088318976 1.59560 -3.71846 0.17741 -0.24502 -0.55651 0.68963 -0.39327
1403637239188318976 1.41911 -3.65410 0.22250 -0.27419 -0.56196 0.68028 -0.38241
1403637239338319104 1.12540 -3.60050 0.28669 -0.31810 -0.55345 0.67043 -0.37820
1403637239438318848 0.91299 -3.58622 0.31909 -0.33447 -0.53906 0.67623 -0.37452
1403637239838319104 -0.03544 -3.64024 0.28841 -0.42851 -0.45617 0.70181 -0.34023
1403637239938318848 -0.28790 -3.66511 0.24725 -0.45918 -0.43226 0.70267 -0.32948
1403637240088318976 -0.66474 -3.70126 0.17359 -0.49314 -0.39648 0.71067 -0.30752
1403637240188318976 -0.91216 -3.72257 0.11670 0.50557 0.37250 -0.72195 0.29057
1403637240288319232 -1.15619 -3.73443 0.05337 0.50865 0.35293 -0.73707 0.27098
1403637240438318848 -1.51123 -3.75796 -0.03962 0.50049 0.34200 -0.75931 0.23663
1403637240538319104 -1.74201 -3.78085 -0.09737 -0.49614 -0.34073 0.76813 -0.21847
1403637240688318976 -2.08164 -3.83637 -0.16439 -0.49850 -0.33890 0.77026 -0.20820
1403637240788319232 -2.30666 -3.88137 -0.19683 0.50427 0.33807 -0.76704 0.20755
1403637240888318976 -2.53152 -3.93197 -0.22160 0.52260 0.33873 -0.75363 0.21021
1403637240988318976 -2.75367 -3.99004 -0.24074 0.53532 0.33974 -0.74326 0.21348
1403637241238318848 -3.28048 -4.14512 -0.31185 0.53056 0.34715 -0.74222 0.21704
1403637241338319104 -3.48329 -4.21293 -0.35728 0.53270 0.35381 -0.73849 0.21372
1403637241538319104 -3.85740 -4.35647 -0.44223 0.54427 0.36779 -0.72612 0.20310
1403637241638319104 -4.02942 -4.43610 -0.47791 0.55051 0.37158 -0.71968 0.20229
1403637241738318848 -4.18114 -4.52036 -0.50558 0.55955 0.37166 -0.71149 0.20629
1403637241838319104 -4.31669 -4.60819 -0.52804 0.56761 0.36878 -0.70464 0.21286
1403637241938318848 -4.43112 -4.69737 -0.54125 0.56981 0.35770 -0.70266 0.23159
1403637242188318976 -4.65493 -4.89865 -0.55318 0.57320 0.35275 -0.70096 0.23594
1403637242288319232 -4.71878 -4.96855 -0.54649 0.57408 0.35744 -0.70088 0.22679
1403637242488318976 -4.79173 -5.10226 -0.54350 0.58777 0.36621 -0.69078 0.20794
1403637242588318976 -4.80127 -5.17096 -0.54907 0.59113 0.36860 -0.68609 0.20972
1403637242788319232 -4.74868 -5.29999 -0.54932 0.57716 0.38137 -0.68089 0.24047
1403637242888318976 -4.68248 -5.34672 -0.53338 0.57155 0.38513 -0.67624 0.26021
1403637243088318976 -4.52857 -5.44036 -0.49975 0.56936 0.39947 -0.66574 0.27026
1403637243188318976 -4.43022 -5.47200 -0.48595 0.56322 0.40686 -0.66778 0.26707
1403637243288319232 -4.31923 -5.50156 -0.48135 0.55225 0.40928 -0.67489 0.26839
1403637243438318848 -4.13519 -5.54095 -0.48693 0.54192 0.40822 -0.68228 0.27233
1403637243538319104 -4.00104 -5.56481 -0.49022 0.53878 0.40699 -0.68484 0.27398
1403637243688318976 -3.78328 -5.59375 -0.48727 0.52237 0.40409 -0.69805 0.27671
1403637243788319232 -3.63487 -5.60947 -0.47265 0.51082 0.39893 -0.70756 0.28156
1403637243938318848 -3.41390 -5.63258 -0.43566 -0.49191 -0.38897 0.72239 -0.29133
1403637244038319104 -3.27356 -5.64614 -0.39679 -0.49006 -0.38657 0.72490 -0.29143
1403637244338319104 -2.89127 -5.67657 -0.24217 -0.49229 -0.38309 0.72712 -0.28669
1403637244438318848 -2.77626 -5.68616 -0.18058 -0.48693 -0.38629 0.72930 -0.28600
1403637244538319104 -2.67045 -5.70102 -0.11387 -0.48577 -0.39807 0.72517 -0.28229
1403637244638319104 -2.56960 -5.71705 -0.05115 -0.48482 -0.41553 0.71787 -0.27740
1403637244738318848 -2.47056 -5.73516 0.00548 -0.48144 -0.43186 0.71045 -0.27744
1403637244838319104 -2.37432 -5.75754 0.05654 -0.47778 -0.44339 0.70481 -0.27995
1403637244938318848 -2.27951 -5.78610 0.10150 -0.47278 -0.45093 0.70164 -0.28432
1403637245238318848 -2.00932 -5.90179 0.19786 -0.43808 -0.45186 0.71746 -0.29859
1403637245338319104 -1.93634 -5.95634 0.22552 -0.44873 -0.45630 0.71020 -0.29335
1403637245438318848 -1.86683 -6.01677 0.24668 -0.45700 -0.46009 0.70346 -0.29088
1403637245538319104 -1.79698 -6.08140 0.26309 -0.45848 -0.46617 0.69779 -0.29253
1403637245638319104 -1.72633 -6.15152 0.27274 -0.45549 -0.47560 0.69171 -0.29643
1403637245838319104 -1.58676 -6.31227 0.27810 -0.45306 -0.49798 0.66474 -0.32385
1403637245938318848 -1.51557 -6.39725 0.27175 -0.45139 -0.51298 0.64333 -0.34530
1403637246288319232 -1.24834 -6.69098 0.21305 0.40530 0.59786 -0.55041 0.41873
1403637246388318976 -1.16783 -6.76879 0.18673 0.38802 0.62581 -0.51582 0.43787
1403637246488318976 -1.08359 -6.84346 0.15643 0.37444 0.65278 -0.47722 0.45380
1403637246588318976 -0.99668 -6.91149 0.12185 0.36151 0.67286 -0.43946 0.47270
1403637246688318976 -0.90740 -6.96902 0.08470 0.34680 0.68737 -0.40424 0.49380
1403637246788319232 -0.81449 -7.01621 0.04897 0.33025 0.70154 -0.37176 0.51045
1403637247088318976 -0.52897 -7.06863 -0.02374 0.26810 0.74809 -0.31186 0.52080
1403637247188318976 -0.43408 -7.07211 -0.04472 0.25162 0.75764 -0.30855 0.51717
1403637247388318976 -0.23857 -7.05567 -0.09699 0.24440 0.75080 -0.30260 0.53386
1403637247488318976 -0.13608 -7.04618 -0.12376 0.25022 0.73795 -0.29828 0.55123
1403637247588318976 -0.03782 -7.02129 -0.15966 0.25125 0.73726 -0.29511 0.55338
1403637247738318848 0.10696 -6.97050 -0.21787 0.25473 0.74278 -0.27742 0.55356
1403637247838319104 0.20221 -6.92020 -0.25168 0.25645 0.74814 -0.26076 0.55365
1403637247988318976 0.33989 -6.81735 -0.28673 0.23667 0.74958 -0.24559 0.56728
1403637248088318976 0.43053 -6.73576 -0.30327 0.21818 0.75847 -0.23779 0.56619
1403637248388318976 0.68220 -6.44050 -0.35767 0.18137 0.78210 -0.21925 0.55440
1403637248488318976 0.76329 -6.33480 -0.38403 0.17779 0.78095 -0.21656 0.55823
1403637248588318976 0.84618 -6.23548 -0.39952 0.17891 0.77584 -0.21354 0.56610
1403637248738318848 0.96123 -6.06783 -0.42323 0.18038 0.77994 -0.21525 0.55931
1403637248838319104 1.03614 -5.95349 -0.42763 0.18115 0.78416 -0.21909 0.55162
1403637249038319104 1.17732 -5.70798 -0.41518 0.18124 0.78479 -0.22809 0.54703
1403637249138319104 1.24406 -5.59401 -0.39170 0.18288 0.78407 -0.23031 0.54658
1403637249438318848 1.46496 -5.22366 -0.31974 0.18515 0.78106 -0.23499 0.54813
1403637249538319104 1.53677 -5.09845 -0.31399 0.18493 0.78068 -0.23557 0.54850
1403637249638319104 1.60787 -4.96898 -0.32643 0.18414 0.78025 -0.23541 0.54944
1403637249738318848 1.67714 -4.83677 -0.34714 0.18458 0.77626 -0.23363 0.55567
1403637249838319104 1.74431 -4.70514 -0.36370 0.18476 0.77224 -0.22852 0.56328
1403637250188318976 1.97915 -4.21892 -0.38149 0.14248 0.78582 -0.20906 0.56434
1403637250288319232 2.02819 -4.08158 -0.38131 0.12822 0.78837 -0.20308 0.56639
1403637250388318976 2.07746 -3.94133 -0.38593 0.11643 0.78954 -0.19957 0.56854
1403637250488318976 2.12470 -3.80850 -0.39640 0.10506 0.79106 -0.19962 0.56863
1403637250688318976 2.21153 -3.56066 -0.41424 0.09514 0.79739 -0.19460 0.56325
1403637250788319232 2.25057 -3.44031 -0.41098 0.09489 0.79968 -0.18953 0.56176
1403637250888318976 2.28716 -3.32610 -0.39874 0.09371 0.79849 -0.18747 0.56434
1403637251188318976 2.39663 -3.04583 -0.32951 0.07477 0.80190 -0.18501 0.56314
1403637251288319232 2.42810 -2.96099 -0.29102 0.06825 0.80350 -0.18134 0.56290
1403637251388318976 2.45565 -2.88421 -0.24283 0.07240 0.80321 -0.16761 0.56703
1403637251488318976 2.48368 -2.82285 -0.19328 0.07269 0.80317 -0.15239 0.57132
1403637251588318976 2.51227 -2.76750 -0.15075 0.06838 0.80399 -0.13724 0.57453
1403637251838319104 2.56854 -2.65031 -0.07109 0.05445 0.80585 -0.11395 0.57850
1403637251938318848 2.58774 -2.61067 -0.04793 0.05762 0.80318 -0.10517 0.58355
1403637252188318976 2.62190 -2.52164 -0.00375 0.06395 0.79353 -0.09307 0.59797
1403637252288319232 2.62905 -2.48880 0.00033 0.05938 0.79335 -0.09520 0.59834
1403637252388318976 2.62752 -2.45356 -0.00311 0.05552 0.79640 -0.09777 0.59423
1403637252538319104 2.61154 -2.40221 -0.01610 0.05197 0.80310 -0.10123 0.58488
1403637252638319104 2.59828 -2.36973 -0.03519 0.04959 0.80607 -0.10375 0.58054
1403637252888318976 2.55358 -2.31117 -0.07749 0.04254 0.81602 -0.11006 0.56586
1403637252988318976 2.53694 -2.29822 -0.07975 0.05082 0.81156 -0.10523 0.57247
1403637253338319104 2.46986 -2.25824 -0.06475 0.05883 0.80579 -0.10313 0.58018
1403637253438318848 2.45323 -2.24675 -0.06856 0.05845 0.80517 -0.10406 0.58090
1403637253538319104 2.43133 -2.23569 -0.07774 0.06010 0.80573 -0.10381 0.58001
1403637253638319104 2.40749 -2.22805 -0.08872 0.06257 0.80609 -0.10231 0.57952
1403637253738318848 2.38100 -2.22161 -0.09301 0.06628 0.80533 -0.09980 0.58060
1403637254188318976 2.23820 -2.17427 -0.03545 0.06984 0.80312 -0.09051 0.58474
1403637254288319232 2.20412 -2.15487 -0.00966 0.06562 0.80684 -0.08196 0.58137
1403637254388318976 2.16730 -2.13267 0.02091 0.06028 0.81161 -0.07388 0.57637
1403637254788319232 2.01367 -2.03878 0.09647 0.04806 0.81211 -0.05749 0.57867
1403637254888318976 1.97805 -2.01164 0.10080 0.04496 0.80940 -0.05765 0.58269
1403637254988318976 1.94305 -1.98385 0.09915 0.04392 0.80716 -0.05773 0.58586
1403637255138319104 1.88384 -1.94018 0.09214 0.03888 0.80696 -0.05300 0.58694
1403637255238318848 1.84296 -1.90866 0.09071 0.03302 0.80743 -0.04516 0.58730
1403637255688318976 1.63573 -1.76333 0.10316 0.00054 0.81075 0.00496 0.58537
1403637255788319232 1.58887 -1.72745 0.09627 -0.00865 0.81294 0.02345 0.58182
1403637255888318976 1.53937 -1.69308 0.10093 -0.02031 0.81528 0.04198 0.57718
1403637256088318976 1.43529 -1.62109 0.13352 -0.03879 0.81532 0.07119 0.57330
1403637256188318976 1.38717 -1.58345 0.15580 -0.04310 0.81286 0.07893 0.57547
1403637256488318976 1.22955 -1.45740 0.18772 -0.04509 0.80582 0.08598 0.58415
1403637256588318976 1.17589 -1.40829 0.18580 -0.04516 0.80540 0.08397 0.58501
1403637256938318848 0.97370 -1.24460 0.14329 -0.06250 0.81719 0.06549 0.56922
1403637257038319104 0.91902 -1.20061 0.13443 -0.06270 0.81364 0.07431 0.57318
1403637257138319104 0.86765 -1.15537 0.13190 -0.06297 0.81075 0.08433 0.57586
1403637257388318976 0.72928 -1.04657 0.15558 -0.06644 0.81087 0.10296 0.57225
1403637257488318976 0.68453 -1.00272 0.16979 -0.06732 0.81108 0.10749 0.57101
1403637257938318848 0.46989 -0.78546 0.15774 -0.08330 0.82204 0.12283 0.54974
1403637258038319104 0.42697 -0.73286 0.14642 -0.09309 0.82120 0.13275 0.54711
1403637258188318976 0.37761 -0.64697 0.13637 -0.11011 0.81326 0.15616 0.54964
1403637258288319232 0.36118 -0.58884 0.13950 -0.11732 0.80445 0.17261 0.55615
1403637258388318976 0.34272 -0.53308 0.13881 -0.12514 0.79824 0.18388 0.55977
1403637258788319232 0.26001 -0.31474 0.07617 -0.14984 0.79353 0.19045 0.55820
1403637258888318976 0.25006 -0.26756 0.05525 -0.15145 0.79164 0.18942 0.56080
1403637258988318976 0.24141 -0.22465 0.04016 -0.15307 0.79203 0.18724 0.56053
1403637259188318976 0.21503 -0.14264 0.04213 -0.15331 0.79260 0.18399 0.56074
1403637259288319232 0.20838 -0.11059 0.05927 -0.15364 0.79216 0.18213 0.56187
1403637259738318848 0.16224 -0.01482 0.09535 -0.15860 0.79429 0.17355 0.56020
1403637259838319104 0.15297 -0.01223 0.09404 -0.15212 0.79640 0.17788 0.55764
1403637259938318848 0.14508 -0.00917 0.09057 -0.15686 0.79486 0.17429 0.55966
1403637260138319104 0.13190 -0.01018 0.06968 -0.15096 0.79175 0.17902 0.56417
1403637260238318848 0.12353 -0.01377 0.05290 -0.14380 0.79251 0.18467 0.56316
1403637260438318848 0.10856 -0.02518 0.01374 -0.12729 0.78913 0.19759 0.56748
1403637260538319104 0.10084 -0.02587 -0.00952 -0.12518 0.79347 0.19963 0.56115
1403637260638319104 0.09104 -0.02586 -0.03263 -0.12636 0.80025 0.19909 0.55136
1403637260738318848 0.07925 -0.02240 -0.05427 -0.12950 0.80112 0.19685 0.55017
1403637260838319104 0.07095 -0.01616 -0.07621 -0.13229 0.79631 0.19588 0.55680
1403637260938318848 0.06325 -0.00813 -0.09919 -0.13577 0.79178 0.19437 0.56291
1403637261038319104 0.05391 0.00032 -0.12269 -0.13660 0.78937 0.19432 0.56611
1403637261138319104 0.03989 0.00735 -0.14724 -0.13634 0.79461 0.19469 0.55866
