1403637140588318976 0.01724 0.04444 -0.00616 -0.06367 0.80154 0.08284 0.58874
1403637140688318976 0.04804 0.17814 0.01037 -0.06895 0.78958 0.09180 0.60281
1403637140788319232 0.03833 0.21020 0.02815 -0.07459 0.78998 0.09727 0.60076
1403637140888318976 0.09451 0.37250 0.06776 -0.08513 0.78302 0.10832 0.60655
1403637140988318976 -0.27622 1.97689 0.83422 -0.23779 0.70987 0.24626 0.61555
1403637141088318976 -2.11168 2.80427 1.89313 -0.37971 0.62432 0.37535 0.57022
1403637141188318976 -2.33002 3.10564 2.10066 -0.37160 0.62953 0.37025 0.57317
1403637141288319232 -2.70531 3.39189 2.34918 -0.37317 0.62797 0.37345 0.57178
1403637141388318976 -3.25230 3.60670 2.65734 -0.38443 0.61978 0.38452 0.56589
1403637141488318976 -4.04340 3.68096 3.05567 -0.40669 0.60353 0.40411 0.55412
1403637141588318976 -4.62393 3.82583 3.36721 -0.41337 0.59785 0.41092 0.55031
1403637141688318976 -5.39467 3.91322 3.77654 -0.42639 0.58748 0.42225 0.54293
1403637141788319232 -6.26386 4.03218 4.24453 -0.43846 0.57747 0.43263 0.53582
1403637141888318976 -7.26331 3.98723 4.77540 -0.45451 0.56420 0.44546 0.52599
1403637141988318976 -8.37626 3.72531 5.39000 -0.47415 0.54777 0.46008 0.51328
1403637142088318976 -9.36839 3.57131 5.93804 -0.48537 0.53761 0.46848 0.50589
1403637142188318976 -10.79247 2.78472 6.75451 0.51182 -0.51420 -0.48615 -0.48714
1403637142288319232 -11.99405 2.20701 7.50894 0.52782 -0.49942 -0.49601 -0.47534
1403637142388318976 -13.16844 2.01623 8.23759 0.53516 -0.49254 -0.50004 -0.47008
1403637142488318976 -14.34080 1.37272 9.02549 0.54746 -0.48081 -0.50689 -0.46062
1403637142588318976 -15.43543 1.11959 9.71231 0.55211 -0.47598 -0.50940 -0.45731
1403637142688318976 -16.30613 0.94783 10.25230 0.55358 -0.47366 -0.51072 -0.45647
1403637142788319232 -17.17853 0.57234 10.87069 0.55819 -0.46871 -0.51340 -0.45294
1403637142888318976 -18.14042 0.26759 11.52935 0.56102 -0.46569 -0.51489 -0.45086
1403637142988318976 -19.15541 0.28758 12.19946 0.56029 -0.46655 -0.51428 -0.45158
1403637143088318976 -20.35243 0.24248 13.00150 0.56137 -0.46562 -0.51479 -0.45061
1403637143188318976 -21.53225 -0.52315 13.92004 0.56867 -0.45835 -0.51886 -0.44420
1403637143288319232 -22.77681 -1.03754 14.87486 0.57346 -0.45381 -0.52138 -0.43973
1403637143388318976 -23.96959 -1.87827 15.88148 0.58023 -0.44711 -0.52503 -0.43332
1403637143488318976 -25.17198 -2.59510 16.90072 0.58554 -0.44199 -0.52783 -0.42801
1403637143588318976 -26.38213 -3.28243 17.94278 0.59019 -0.43740 -0.53045 -0.42306
1403637143688318976 -27.62222 -3.88012 19.01584 0.59396 -0.43366 -0.53290 -0.41854
1403637143788319232 -28.93061 -4.26344 20.09837 0.59625 -0.43142 -0.53463 -0.41537
1403637143888318976 -30.01382 -5.41052 21.23352 0.60259 -0.42479 -0.53830 -0.40825
1403637143988318976 -30.98325 -6.73473 22.36576 0.60900 -0.41770 -0.54225 -0.40076
1403637144088318976 -32.17012 -7.26726 23.47803 0.61096 -0.41550 -0.54427 -0.39731
1403637144188318976 -33.24046 -7.64510 24.42562 0.61217 -0.41220 -0.54772 -0.39414
1403637144288319232 -33.29453 -9.26766 25.04262 0.62350 -0.39624 -0.55602 -0.38090
1403637144388318976 -33.84795 -8.75056 25.92257 0.61924 -0.40275 -0.55385 -0.38417
1403637144488318976 -35.05143 -7.03563 26.99840 0.61346 -0.41207 -0.54988 -0.38924
1403637144588318976 -35.90548 -7.03111 28.14443 0.61465 -0.41267 -0.54945 -0.38731
1403637144688318976 -36.87266 -7.07049 29.24007 0.61390 -0.41531 -0.54834 -0.38726
1403637144788319232 -38.03179 -7.15778 30.06166 0.61374 -0.41516 -0.54918 -0.38648
1403637144888318976 -38.91242 -6.75277 30.91707 0.61004 -0.42036 -0.54728 -0.38940
1403637144988318976 -40.02163 -4.86068 31.83237 0.60101 -0.43230 -0.54215 -0.39746
1403637145088318976 -41.07894 -3.44489 32.55729 0.59294 -0.44215 -0.53785 -0.40453
1403637145188318976 -41.93830 -2.86664 33.36244 0.58815 -0.44817 -0.53531 -0.40825
1403637145288319232 -42.87308 -0.92071 34.28703 0.57949 -0.45948 -0.52961 -0.41543
1403637145388318976 -43.83979 2.32438 34.95110 0.56379 -0.47680 -0.52068 -0.42859
1403637145488318976 -44.74819 3.59208 35.64480 0.55857 -0.48327 -0.51705 -0.43256
1403637145588318976 -45.55185 5.25545 36.31746 0.55012 -0.49238 -0.51207 -0.43900
1403637145688318976 -46.27192 6.91352 37.00693 0.54173 -0.50131 -0.50706 -0.44509
1403637145788319232 -46.98447 8.43750 37.65032 0.53366 -0.50957 -0.50223 -0.45090
1403637145888318976 -47.62089 10.10120 38.31017 0.52516 -0.51822 -0.49696 -0.45682
1403637145988318976 -48.18503 11.94808 38.96390 0.51612 -0.52719 -0.49126 -0.46298
1403637146088318976 -48.68229 13.86211 39.63251 0.50671 -0.53644 -0.48513 -0.46918
1403637146188318976 -49.14285 15.66780 40.31414 -0.49796 0.54472 0.47940 0.47486
1403637146288319232 -49.53344 17.90202 41.02728 -0.48885 0.55387 0.47249 0.48063
1403637146388318976 -49.87268 20.04071 41.78366 -0.47994 0.56237 0.46597 0.48608
1403637146488318976 -50.11990 22.26528 42.56421 -0.47078 0.57102 0.45909 0.49147
1403637146588318976 -50.19880 24.71766 43.36681 -0.46119 0.58004 0.45156 0.49694
1403637146688318976 -50.05899 27.42997 44.18280 -0.45077 0.58945 0.44331 0.50283
1403637146788319232 -49.88058 30.06812 45.00549 -0.44054 0.59848 0.43512 0.50835
1403637146888318976 -49.63120 32.63293 45.90838 -0.43095 0.60687 0.42723 0.51329
1403637146988318976 -49.47351 34.82575 46.93713 -0.42295 0.61382 0.42045 0.51726
1403637147088318976 -49.13966 37.10381 48.09634 -0.41564 0.62064 0.41376 0.52043
1403637147188318976 -48.41735 39.80659 49.30048 -0.40726 0.62829 0.40605 0.52394
1403637147288319232 -47.56993 42.63326 50.46731 -0.39838 0.63606 0.39796 0.52758
1403637147388318976 -46.79541 45.30070 51.63406 -0.39012 0.64296 0.39060 0.53088
1403637147488318976 -45.96745 47.72663 52.82079 -0.38269 0.64907 0.38452 0.53330
1403637147588318976 -44.52574 51.04435 53.86402 -0.37306 0.65635 0.37657 0.53687
1403637147688318976 -43.85608 53.49786 55.00679 -0.36685 0.66056 0.37182 0.53928
1403637147788319232 -43.69576 55.43634 56.31058 -0.36382 0.66242 0.36978 0.54047
1403637147888318976 -43.85306 57.12867 57.75340 -0.36330 0.66251 0.36986 0.54064
1403637147988318976 -44.23670 58.64934 59.32574 -0.36360 0.66207 0.37061 0.54046
1403637148088318976 -44.41912 60.08062 60.89141 -0.36172 0.66323 0.36994 0.54076
1403637148188318976 -44.17352 61.90883 62.47867 -0.35906 0.66498 0.36869 0.54124
1403637148288319232 -44.07827 63.71472 64.05849 -0.35772 0.66546 0.36883 0.54145
1403637148388318976 -44.40801 65.32138 65.64951 -0.35951 0.66344 0.37165 0.54081
1403637148488318976 -46.33151 66.26864 67.40131 -0.37044 0.65340 0.38285 0.53784
1403637148588318976 -49.89323 65.62366 69.15205 -0.38410 0.64013 0.39729 0.53372
1403637148688318976 -54.89015 63.66581 70.97845 -0.40501 0.61977 0.41870 0.52588
1403637148788319232 -61.15962 60.07533 72.87117 -0.43237 0.59155 0.44627 0.51377
1403637148888318976 -68.30534 54.57440 74.70949 -0.46280 0.55675 0.47725 0.49807
1403637148988318976 -75.57926 47.34752 76.44709 -0.49531 0.51523 0.51059 0.47802
1403637149088318976 -80.99748 40.64719 77.88607 0.51982 -0.47969 -0.53652 -0.46025
1403637149188318976 -85.94309 34.38930 79.25724 0.53973 -0.44487 -0.56156 -0.44208
1403637149288319232 -88.57606 33.06536 80.62580 0.54489 -0.43359 -0.56965 -0.43656
1403637149388318976 -90.52715 32.22286 82.03908 0.54561 -0.42903 -0.57365 -0.43494
1403637149488318976 -92.73765 29.34960 83.44946 0.55043 -0.42271 -0.57740 -0.43007
1403637149588318976 -94.65507 26.99366 84.85382 0.55110 -0.41862 -0.58204 -0.42694
1403637149688318976 -96.50813 24.70048 86.25426 0.54884 -0.41193 -0.59395 -0.41989
1403637149788319232 -98.22397 22.61820 87.58459 0.54629 -0.41069 -0.60009 -0.41568
1403637149888318976 -100.04848 20.44637 89.20435 0.54740 -0.40782 -0.60914 -0.40372
1403637149988318976 -101.70252 18.41976 90.58608 0.53206 -0.41145 -0.62173 -0.40133
1403637150088318976 -103.35222 16.54327 91.95848 0.51240 -0.41480 -0.63313 -0.40563
1403637150188318976 -104.97451 14.85055 93.70424 0.50938 -0.41097 -0.63536 -0.40981
1403637150288319232 -106.74922 13.13703 95.27914 0.50940 -0.41156 -0.62970 -0.41787
1403637150388318976 -114.78655 14.79214 99.22329 0.52706 -0.40241 -0.61303 -0.42950
1403637150488318976 -141.70141 6.17405 101.41110 0.64345 -0.18943 -0.47576 -0.56898
1403637150588318976 -135.36572 -4.94064 103.34887 0.65817 -0.13087 -0.58455 -0.45605
1403637150688318976 -138.78527 -6.73208 105.29851 0.64994 -0.17656 -0.57578 -0.46355
1403637150788319232 -141.50616 -10.59404 106.67539 0.64973 -0.17655 -0.57469 -0.46520
1403637150888318976 -144.20001 -14.52130 108.03111 0.65203 -0.17375 -0.57082 -0.46779
1403637150988318976 -150.01707 -16.59903 108.78398 0.65144 -0.18160 -0.54910 -0.49106
1403637151088318976 -152.88335 -20.54445 110.04630 0.65542 -0.17608 -0.54569 -0.49157
1403637151188318976 -155.68762 -24.58261 111.28479 0.65857 -0.17077 -0.54381 -0.49132
1403637151288319232 -158.48370 -28.68758 112.50289 0.65668 -0.17214 -0.54975 -0.48673
1403637151388318976 -161.56682 -32.32860 113.89973 0.65913 -0.17179 -0.55924 -0.47253
1403637151488318976 -160.31637 -37.27865 116.28734 0.66643 -0.16516 -0.58282 -0.43464
1403637151588318976 -165.55491 -39.58787 117.06432 0.65927 -0.17474 -0.57204 -0.45563
1403637151688318976 -166.14204 -43.82777 119.19795 0.66258 -0.16632 -0.58448 -0.43785
1403637151788319232 -173.74435 -46.51061 119.31653 0.65484 -0.16713 -0.56758 -0.47023
1403637151888318976 -175.25760 -50.62625 120.81725 0.65635 -0.16221 -0.57385 -0.46215
1403637151988318976 -176.86669 -54.67648 122.33773 0.65742 -0.15915 -0.57898 -0.45525
1403637152088318976 -179.61649 -58.96917 123.48600 0.65776 -0.15879 -0.57977 -0.45388
1403637152188318976 -182.35549 -63.32558 124.61357 0.65746 -0.15934 -0.58094 -0.45262
1403637152288319232 -179.28325 -67.77183 127.30576 0.66218 -0.16054 -0.59765 -0.42255
1403637152388318976 -181.65751 -72.20901 128.49819 0.66231 -0.16006 -0.59822 -0.42173
1403637152488318976 -184.01531 -76.70291 129.66736 0.66180 -0.15905 -0.59868 -0.42226
1403637152588318976 -186.36352 -81.24966 130.81320 0.66169 -0.15804 -0.59870 -0.42279
1403637152688318976 -193.91827 -84.35046 131.81388 0.66280 -0.14801 -0.59100 -0.43532
1403637152788319232 -194.69718 -88.40174 133.86559 0.66878 -0.14028 -0.59426 -0.42415
1403637152888318976 -195.54718 -92.59239 136.07271 0.67447 -0.13091 -0.59729 -0.41378
1403637152988318976 -196.23496 -96.95000 138.41803 0.67783 -0.11979 -0.60248 -0.40400
1403637153088318976 -198.52692 -101.66913 139.63081 0.67705 -0.11825 -0.60229 -0.40603
1403637153188318976 -200.80477 -106.44546 140.82066 0.67530 -0.11795 -0.60360 -0.40709
1403637153288319232 -203.05221 -111.28882 141.98682 0.67334 -0.11678 -0.60432 -0.40961
1403637153388318976 -195.12218 -119.49418 146.31180 0.68170 -0.07932 -0.63214 -0.35971
1403637153488318976 -196.88829 -124.52813 147.60691 0.67947 -0.07877 -0.63374 -0.36124
1403637153588318976 -198.64268 -129.61949 148.88966 0.67747 -0.07951 -0.63607 -0.36073
1403637153688318976 -200.39526 -134.76348 150.16163 0.67808 -0.07816 -0.63541 -0.36103
1403637153788319232 -202.12597 -139.96897 151.42012 0.68055 -0.07593 -0.63250 -0.36198
1403637153888318976 -203.83538 -145.23175 152.65886 0.68276 -0.07451 -0.63052 -0.36158
1403637153988318976 -221.39975 -147.24791 149.68820 0.66391 -0.15554 -0.57316 -0.45444
1403637154088318976 -226.72742 -156.83882 148.11894 0.66256 -0.14442 -0.56242 -0.47311
1403637154188318976 -229.60676 -162.41385 148.80777 0.66295 -0.15268 -0.56961 -0.46122
1403637154288319232 -231.30351 -168.32948 149.31457 0.66338 -0.17439 -0.57449 -0.44662
1403637154388318976 -234.08474 -174.03648 149.94798 0.66317 -0.17462 -0.57472 -0.44656
1403637154488318976 -236.84737 -179.80791 150.56137 0.66450 -0.16746 -0.56819 -0.45558
1403637154588318976 -240.51940 -183.36038 151.27846 0.65610 -0.19508 -0.55293 -0.47513
1403637154688318976 -243.35338 -189.07308 151.86190 0.64708 -0.19555 -0.55511 -0.48466
1403637154788319232 -246.18545 -194.84811 152.42348 0.63961 -0.20268 -0.55565 -0.49099
1403637154888318976 -249.01091 -200.68980 152.96592 0.63738 -0.21427 -0.55210 -0.49298
1403637154988318976 -250.58485 -204.38920 154.94636 0.63097 -0.25212 -0.55029 -0.48527
1403637155088318976 -260.73951 -213.86264 151.41010 0.63354 -0.24242 -0.50410 -0.53455
1403637155188318976 -264.05988 -220.04755 151.66495 0.63984 -0.24827 -0.48964 -0.53779
1403637155288319232 -260.16465 -225.54565 154.95483 0.64634 -0.25892 -0.52401 -0.49052
1403637155388318976 -262.82255 -231.74657 155.48205 0.65053 -0.26191 -0.51412 -0.49386
1403637155488318976 -272.78741 -238.63108 152.91103 0.64736 -0.27165 -0.45285 -0.54960
1403637155588318976 -273.48478 -244.54937 153.82050 0.65190 -0.28235 -0.45749 -0.53479
1403637155688318976 -276.58869 -250.97737 154.00202 0.65527 -0.29293 -0.45044 -0.53096
1403637155788319232 -279.70323 -257.45893 154.15240 0.65753 -0.30483 -0.44116 -0.52925
1403637155888318976 -282.79160 -264.01325 154.27105 0.65665 -0.32109 -0.43010 -0.52983
1403637155988318976 -286.92279 -269.51368 154.46071 0.64863 -0.34749 -0.41254 -0.53698
1403637156088318976 -290.10971 -276.08046 154.53474 0.64921 -0.36374 -0.39425 -0.53925
1403637156188318976 -293.28541 -282.71574 154.58165 0.64929 -0.38064 -0.37445 -0.54158
1403637156288319232 -296.48171 -289.40284 154.60379 0.64735 -0.39914 -0.35410 -0.54428
1403637156388318976 -299.64046 -296.17337 154.59735 0.64371 -0.41878 -0.33403 -0.54651
1403637156488318976 -302.82879 -302.99147 154.56360 0.63846 -0.43792 -0.31366 -0.54975
1403637156588318976 -305.97652 -309.89206 154.50030 0.63236 -0.45497 -0.29303 -0.55431
1403637156688318976 -309.16429 -316.83370 154.40657 0.62427 -0.47160 -0.27291 -0.55982
1403637156788319232 -312.28835 -323.86608 154.27986 0.61431 -0.48661 -0.25772 -0.56518
1403637156888318976 -315.41923 -330.95602 154.12234 0.60257 -0.49985 -0.25184 -0.56889
1403637156988318976 -318.57854 -338.09370 153.93479 0.59275 -0.50875 -0.25052 -0.57189
1403637157088318976 -321.72342 -345.29848 153.71845 0.58970 -0.51395 -0.25041 -0.57045
1403637157188318976 -329.30143 -346.35884 156.55335 0.54200 -0.55850 -0.24188 -0.57949
1403637157288319232 -332.87506 -353.05849 156.63266 0.54585 -0.55744 -0.24117 -0.57719
1403637157388318976 -336.44418 -359.82174 156.69934 0.55235 -0.55540 -0.24072 -0.57315
1403637157488318976 -340.00811 -366.65022 156.75277 0.56023 -0.55335 -0.24089 -0.56738
1403637157588318976 -343.56525 -373.54467 156.79114 0.56576 -0.55058 -0.24199 -0.56411
1403637157688318976 -347.11449 -380.50480 156.81313 0.56775 -0.54831 -0.24457 -0.56321
1403637157788319232 -357.18741 -382.04108 159.82409 0.54608 -0.56153 -0.24471 -0.57149
1403637157888318976 -358.58258 -391.17832 155.92404 0.56336 -0.54812 -0.20871 -0.58192
1403637157988318976 -372.02443 -390.31782 159.02196 0.51435 -0.57935 -0.18913 -0.60335
1403637158088318976 -376.64312 -396.67423 159.11487 0.50757 -0.57637 -0.19079 -0.61137
1403637158188318976 -381.08766 -404.19109 158.36963 0.52294 -0.56376 -0.19168 -0.60989
1403637158288319232 -393.11648 -406.04383 160.48818 -0.48949 0.58989 0.16980 0.61935
1403637158388318976 -398.11629 -412.41293 160.61210 -0.48786 0.59391 0.16148 0.61902
1403637158488318976 -403.10718 -418.85115 160.71280 -0.48586 0.59995 0.14745 0.61828
1403637158588318976 -408.36145 -425.13422 160.78900 -0.48532 0.60844 0.12747 0.61483
1403637158688318976 -413.38916 -431.66297 160.83763 -0.48245 0.61820 0.10637 0.61136
1403637158788319232 -415.06733 -440.97356 158.01036 -0.48222 0.63158 0.06142 0.60399
1403637158888318976 -419.89348 -447.81205 157.82000 -0.47372 0.64202 0.05167 0.60061
1403637158988318976 -424.75801 -454.68929 157.61047 -0.46192 0.64989 0.04914 0.60154
1403637159088318976 -426.95275 -466.72568 155.40639 -0.47324 0.64724 0.04366 0.59600
1403637159188318976 -431.51831 -474.27567 154.94980 -0.47721 0.64677 0.03927 0.59365
1403637159288319232 -436.08340 -481.88591 154.46502 -0.48374 0.64496 0.03661 0.59049
1403637159388318976 -437.54040 -495.13650 151.41174 0.50409 -0.63705 -0.03016 -0.58236
1403637159488318976 -441.80218 -503.43318 150.60288 0.50560 -0.63490 -0.03250 -0.58328
1403637159588318976 -443.67476 -514.03127 148.63797 0.50216 -0.63523 -0.04070 -0.58538
1403637159688318976 -447.50924 -521.93556 147.74667 -0.48946 0.63888 0.05334 0.59111
1403637159788319232 -451.51944 -530.56715 146.75842 -0.48625 0.63806 0.05664 0.59433
1403637159888318976 -455.17850 -538.75823 145.78372 -0.47311 0.64480 0.05374 0.59792
1403637159988318976 -459.11861 -547.47921 144.75578 -0.46848 0.65197 0.04362 0.59461
1403637160088318976 -465.22533 -554.76577 144.49070 -0.44634 0.66566 0.02164 0.59767
1403637160188318976 -466.91364 -564.66343 142.86817 -0.44365 0.67061 -0.00760 0.59448
1403637160288319232 -471.51800 -573.43033 141.93727 -0.42435 0.68169 -0.02445 0.59551
1403637160388318976 -473.19359 -583.81144 140.03442 -0.41388 0.69031 -0.04404 0.59180
1403637160488318976 -478.03719 -592.49685 138.95536 -0.38658 0.70581 -0.06416 0.59015
1403637160588318976 -480.57824 -602.47885 137.37274 -0.36718 0.72005 -0.09040 0.58184
1403637160688318976 -482.74323 -612.95063 135.62818 -0.35116 0.73111 -0.10487 0.57547
1403637160788319232 -485.70815 -623.30576 133.82963 -0.33843 0.74105 -0.11441 0.56853
1403637160888318976 -489.78678 -632.61032 132.22828 -0.32990 0.74621 -0.11985 0.56566
1403637160988318976 -493.70681 -642.25896 130.74698 -0.32762 0.75077 -0.12725 0.55930
1403637161088318976 -497.32479 -651.94605 129.29423 -0.33296 0.75113 -0.13411 0.55404
1403637161188318976 -500.93860 -661.69652 127.82797 -0.34444 0.74585 -0.14485 0.55144
1403637161288319232 -504.83553 -671.08823 126.57104 -0.35717 0.73661 -0.15610 0.55269
1403637161388318976 -508.87060 -680.32078 125.48691 -0.35804 0.73410 -0.16140 0.55395
1403637161488318976 -513.54924 -689.48279 124.55068 -0.34680 0.73710 -0.15896 0.55780
1403637161588318976 -517.06014 -699.15139 123.32626 -0.33727 0.74272 -0.17111 0.55257
1403637161688318976 -519.04470 -709.83524 121.77014 -0.33145 0.74391 -0.18375 0.55043
1403637161788319232 -521.60290 -720.43115 120.04777 -0.32147 0.73922 -0.19107 0.56009
1403637161888318976 -524.32090 -731.31088 118.16290 -0.30926 0.73083 -0.20155 0.57413
1403637161988318976 -526.76170 -742.82660 116.00508 -0.30257 0.72081 -0.21097 0.58683
1403637162088318976 -530.02860 -752.95451 114.00560 -0.29784 0.71440 -0.21656 0.59500
1403637162188318976 -533.11418 -763.48039 112.05349 -0.30434 0.71162 -0.22580 0.59160
1403637162288319232 -535.98151 -774.05605 110.07703 -0.31847 0.71160 -0.23281 0.58137
1403637162388318976 -538.94031 -784.69479 108.05134 -0.32914 0.71241 -0.23370 0.57405
1403637162488318976 -542.43983 -794.81813 106.07810 -0.33777 0.71874 -0.23056 0.56228
1403637162588318976 -548.94515 -803.10760 104.70212 -0.33104 0.72763 -0.21752 0.56004
1403637162688318976 -551.02520 -814.01663 103.03226 -0.32761 0.72443 -0.23366 0.55971
1403637162788319232 -555.72159 -824.01519 101.50104 -0.32487 0.71057 -0.24856 0.57251
1403637162888318976 -557.98828 -834.99818 99.55085 -0.31499 0.71040 -0.26985 0.56859
1403637162988318976 -560.80343 -846.01758 97.40525 -0.29803 0.71547 -0.28557 0.56367
1403637163088318976 -563.57936 -857.38912 94.99393 -0.27761 0.72277 -0.30369 0.55525
1403637163188318976 -567.46682 -868.17758 92.78606 -0.25096 0.73068 -0.32455 0.54571
1403637163288319232 -568.40818 -881.77047 89.59494 -0.22990 0.73542 -0.34498 0.53600
1403637163388318976 -572.59638 -892.02950 87.31890 -0.20944 0.73775 -0.36481 0.52799
1403637163488318976 -575.20555 -904.17825 84.62933 -0.19885 0.73923 -0.38609 0.51472
1403637163588318976 -578.15920 -915.84468 81.96367 -0.19546 0.74264 -0.39958 0.50062
1403637163688318976 -581.19545 -927.56897 79.24353 -0.19613 0.74799 -0.40652 0.48662
1403637163788319232 -584.13296 -939.40135 76.46416 -0.19830 0.75124 -0.40910 0.47850
1403637163888318976 -587.02962 -951.35424 73.63759 -0.20186 0.74993 -0.41074 0.47766
1403637163988318976 -589.94991 -963.47947 70.68904 -0.20132 0.74615 -0.40944 0.48485
1403637164088318976 -592.83105 -975.73259 67.64902 -0.19581 0.74509 -0.40113 0.49558
1403637164188318976 -595.78597 -988.08886 64.67166 -0.18608 0.74516 -0.39061 0.50749
1403637164288319232 -598.92764 -1000.64019 61.63319 -0.17270 0.74946 -0.37609 0.51676
1403637164388318976 -602.21200 -1013.32207 58.54329 -0.16297 0.75558 -0.36205 0.52102
1403637164488318976 -604.37803 -1023.60784 55.82149 -0.16835 0.75816 -0.34766 0.52534
1403637164588318976 -609.16515 -1038.41176 52.58841 -0.16579 0.75824 -0.35094 0.52385
1403637164688318976 -612.72995 -1051.43584 49.34706 -0.16622 0.75942 -0.34351 0.52692
1403637164788319232 -616.63084 -1064.39752 46.16680 -0.14785 0.76295 -0.33102 0.53523
1403637164888318976 -620.75983 -1077.35350 42.91514 -0.12782 0.76428 -0.32530 0.54196
1403637164988318976 -623.59154 -1088.67795 39.84856 -0.11608 0.76377 -0.32449 0.54579
1403637165088318976 -629.01131 -1103.03705 36.57282 -0.09532 0.76402 -0.33740 0.54163
1403637165188318976 -633.07190 -1116.05771 33.22260 -0.07803 0.76005 -0.34919 0.54249
1403637165288319232 -637.45378 -1129.08643 29.89848 -0.05906 0.76038 -0.36279 0.53545
1403637165388318976 -640.24466 -1140.35357 26.74888 -0.05047 0.76460 -0.37059 0.52488
1403637165488318976 -645.05928 -1153.01940 23.55394 -0.03954 0.76833 -0.38145 0.51245
1403637165588318976 -647.68480 -1163.82166 20.42445 -0.03501 0.77006 -0.37808 0.51267
1403637165688318976 -656.90126 -1179.77701 16.98837 0.00106 0.77666 -0.38970 0.49491
1403637165788319232 -660.86949 -1192.98268 13.63578 0.01259 0.78193 -0.38159 0.49277
1403637165888318976 -665.99043 -1206.13154 10.37036 0.02961 0.78591 -0.37298 0.49230
1403637165988318976 -671.48029 -1219.09197 7.13674 0.04067 0.79049 -0.36017 0.49370
1403637166088318976 -676.88700 -1232.06207 3.90243 0.04614 0.79462 -0.34566 0.49696
1403637166188318976 -682.33246 -1245.02990 0.69730 0.04915 0.79664 -0.33507 0.50067
1403637166288319232 -687.83791 -1257.98988 -2.50473 0.04827 0.79166 -0.32992 0.51196
1403637166388318976 -693.41708 -1270.94419 -5.69141 0.05071 0.77464 -0.32451 0.54042
1403637166488318976 -699.25808 -1283.84593 -8.80915 0.05135 0.76093 -0.31765 0.56342
1403637166588318976 -702.35841 -1295.08849 -11.82332 0.04221 0.75968 -0.30271 0.57400
1403637166688318976 -712.39674 -1309.37885 -14.88843 0.04894 0.77721 -0.31032 0.54520
1403637166788319232 -716.94461 -1322.58674 -18.11619 0.04365 0.79149 -0.29650 0.53267
1403637166888318976 -721.10864 -1334.47475 -21.02631 0.05528 0.79711 -0.27635 0.53404
1403637166988318976 -720.01913 -1343.90328 -23.79812 0.05740 0.79105 -0.23630 0.56135
1403637167088318976 -728.31026 -1355.72177 -26.47015 0.08731 0.78846 -0.23022 0.56366
1403637167188318976 -733.69889 -1368.11435 -29.40477 0.09779 0.78320 -0.21654 0.57459
1403637167288319232 -748.37702 -1383.03450 -32.06357 0.13173 0.78873 -0.24260 0.54927
1403637167388318976 -738.79561 -1394.24586 -35.05353 0.08068 0.77754 -0.19408 0.59267
1403637167488318976 -754.12733 -1405.11431 -37.66568 0.09076 0.78292 -0.23980 0.56683
1403637167588318976 -758.90201 -1418.10609 -40.40439 0.05015 0.78169 -0.25826 0.56546
1403637167688318976 -772.09563 -1429.87754 -43.13480 0.04346 0.77674 -0.29490 0.55481
1403637167788319232 -771.23713 -1443.44930 -45.95194 0.00468 0.77775 -0.26746 0.56881
1403637167888318976 -782.40462 -1455.19038 -48.53372 0.01449 0.78436 -0.27811 0.55427
1403637167988318976 -781.19671 -1468.58377 -51.76424 -0.01546 0.78521 -0.22463 0.57684
1403637168088318976 -796.87003 -1478.34745 -54.36741 0.02229 0.78938 -0.25004 0.56023
1403637168188318976 -793.81080 -1493.52159 -57.48743 -0.02494 0.78619 -0.20294 0.58318
1403637168288319232 -799.22690 -1506.40259 -60.51776 -0.02564 0.78197 -0.19885 0.59019
1403637168388318976 -804.65550 -1519.32133 -63.57380 -0.02048 0.77420 -0.19418 0.60207
1403637168488318976 -804.02035 -1534.11809 -66.44741 -0.04142 0.76145 -0.16628 0.62517
1403637168588318976 -808.92835 -1547.28251 -69.52377 -0.04537 0.75960 -0.16751 0.62681
1403637168688318976 -813.90917 -1560.46934 -72.60952 -0.04629 0.76384 -0.16686 0.62175
1403637168788319232 -818.92540 -1573.69360 -75.70039 -0.04624 0.76730 -0.16650 0.61757
1403637168888318976 -837.56536 -1583.63586 -78.01255 0.01956 0.78148 -0.22644 0.58106
1403637168988318976 -826.65109 -1601.59829 -81.46995 -0.05183 0.76828 -0.14402 0.62155
1403637169088318976 -831.38406 -1615.10651 -84.56320 -0.04244 0.76954 -0.13853 0.62194
1403637169188318976 -836.15063 -1628.64695 -87.66278 -0.04041 0.76759 -0.13010 0.62630
1403637169288319232 -840.94267 -1642.22325 -90.76467 -0.04637 0.76371 -0.11622 0.63332
1403637169388318976 -845.75704 -1655.83782 -93.86902 -0.05824 0.75899 -0.09814 0.64102
1403637169488318976 -850.60394 -1669.48725 -96.97957 -0.07149 0.75426 -0.07410 0.64845
1403637169588318976 -855.49450 -1683.16978 -100.09715 -0.08375 0.74745 -0.04420 0.65753
1403637169688318976 -860.43187 -1696.88493 -103.22313 -0.09587 0.73885 -0.01063 0.66693
1403637169788319232 -865.07690 -1710.75259 -106.36590 -0.11340 0.73240 0.02140 0.67103
1403637169888318976 -870.05657 -1724.55102 -109.52999 -0.12509 0.72557 0.05151 0.67472
1403637169988318976 -875.10527 -1738.37399 -112.71510 -0.13389 0.71722 0.07919 0.67926
1403637170088318976 -880.14498 -1752.24917 -115.92143 -0.14387 0.71089 0.10460 0.68044
1403637170188318976 -884.84504 -1766.29581 -119.14688 -0.15691 0.70174 0.12919 0.68282
1403637170288319232 -889.91769 -1780.26009 -122.39206 -0.16658 0.69229 0.15396 0.68504
1403637170388318976 -894.99909 -1794.27194 -125.65557 -0.18824 0.68060 0.17454 0.68622
1403637170488318976 -900.09137 -1808.33333 -128.93732 -0.22190 0.66479 0.19077 0.68733
1403637170588318976 -905.19651 -1822.44928 -132.23984 -0.25416 0.64433 0.20778 0.69070
1403637170688318976 -910.30624 -1836.62599 -135.56642 -0.28090 0.62332 0.22812 0.69320
1403637170788319232 -915.54910 -1850.82185 -138.91633 -0.30249 0.60618 0.25291 0.69071
1403637170888318976 -920.67580 -1865.13148 -142.28532 -0.31779 0.59704 0.28449 0.67943
1403637170988318976 -925.09293 -1879.76912 -145.66766 -0.33217 0.58753 0.31986 0.66495
1403637171088318976 -930.31811 -1894.18391 -149.06205 -0.34828 0.57797 0.34915 0.65019
1403637171188318976 -935.18408 -1908.79406 -152.46773 -0.35885 0.56854 0.37491 0.63830
1403637179488318976 0.05569 -0.09302 0.02536 0.03599 0.83011 -0.12004 0.54334
1403637179588318976 0.14062 -0.28622 0.10366 0.04942 0.82910 -0.13085 0.54133
1403637179688318976 0.15332 -0.33982 0.12775 0.04706 0.82969 -0.13087 0.54063
1403637179788319232 0.17417 -0.38546 0.12405 0.04964 0.83293 -0.12381 0.53706
1403637179888318976 0.18922 -0.43201 0.10276 0.05590 0.83466 -0.10779 0.53722
1403637179988318976 0.22203 -0.48387 0.08318 0.05618 0.83607 -0.10013 0.53648
1403637180088318976 0.25344 -0.55270 0.04543 0.03213 0.84016 -0.09869 0.53231
1403637180188318976 0.31130 -0.62387 0.03460 0.00775 0.84350 -0.10453 0.52680
1403637180288319232 0.39026 -0.72207 0.03206 -0.01519 0.84694 -0.10597 0.52080
1403637180388318976 0.47056 -0.84293 0.04369 -0.03578 0.85210 -0.10315 0.51186
1403637180488318976 0.54392 -0.96438 0.05969 -0.05178 0.86238 -0.09785 0.49401
1403637180588318976 0.64586 -1.12440 0.08366 -0.06302 0.86846 -0.09059 0.48332
1403637180688318976 0.76225 -1.31539 0.10997 -0.06206 0.86372 -0.07604 0.49431
1403637180788319232 0.88815 -1.53828 0.13652 -0.06804 0.85724 -0.06901 0.50572
1403637180888318976 0.98094 -1.77182 0.15865 -0.06731 0.85235 -0.05671 0.51552
1403637180988318976 1.05014 -1.97405 0.18605 -0.06329 0.84896 -0.04690 0.52255
1403637181088318976 1.11945 -2.18553 0.21357 -0.06385 0.84666 -0.04053 0.52674
1403637181188318976 1.18472 -2.40265 0.25765 -0.08317 0.84288 -0.04701 0.52956
1403637181288319232 1.26024 -2.65826 0.29916 -0.10556 0.83606 -0.05469 0.53560
1403637181388318976 1.33716 -2.92108 0.34713 -0.11593 0.82801 -0.05414 0.54592
1403637181488318976 1.42566 -3.23234 0.39641 -0.12127 0.82516 -0.04756 0.54968
1403637181588318976 1.53115 -3.59557 0.43491 -0.12930 0.82630 -0.04179 0.54658
1403637181688318976 1.62705 -3.96447 0.49052 -0.13764 0.82648 -0.03799 0.54456
1403637181788319232 1.70973 -4.35394 0.55293 -0.15148 0.82339 -0.03877 0.54550
1403637181888318976 1.80898 -4.77394 0.60003 -0.16398 0.81883 -0.03859 0.54876
1403637181988318976 1.90824 -5.21195 0.64354 -0.17405 0.81557 -0.03534 0.55073
1403637182088318976 2.01780 -5.67340 0.68575 -0.18304 0.80873 -0.03146 0.55809
1403637182188318976 2.13969 -6.17489 0.71821 -0.19851 0.80110 -0.03011 0.56384
1403637182288319232 2.28441 -6.72660 0.72467 -0.21720 0.79283 -0.03047 0.56861
1403637182388318976 2.40801 -7.29652 0.73645 -0.23295 0.78451 -0.02743 0.57405
1403637182488318976 2.52613 -7.91031 0.74166 -0.24266 0.77451 -0.02121 0.58378
1403637182588318976 2.65218 -8.56448 0.75526 -0.24455 0.76912 -0.01003 0.59039
1403637182688318976 2.77456 -9.28267 0.75929 -0.25295 0.76677 -0.00075 0.58998
1403637182788319232 2.90410 -10.02141 0.75870 -0.26592 0.76333 0.00317 0.58873
1403637182888318976 3.03134 -10.83133 0.75024 -0.28041 0.76049 0.00430 0.58567
1403637182988318976 3.15940 -11.64901 0.73867 -0.29662 0.75583 0.00439 0.58371
1403637183088318976 3.28226 -12.49889 0.69451 -0.31281 0.75112 0.00295 0.58135
1403637183188318976 3.40492 -13.39094 0.64732 -0.32738 0.74741 0.00420 0.57809
1403637183288319232 3.53264 -14.32231 0.56810 -0.33973 0.74434 0.00812 0.57486
1403637183388318976 3.67447 -15.32715 0.47806 -0.35175 0.74181 0.01141 0.57084
1403637183488318976 3.81873 -16.35783 0.36679 -0.36061 0.73768 0.01680 0.57053
1403637183588318976 3.97419 -17.44758 0.23442 -0.37244 0.73426 0.02088 0.56719
1403637183688318976 4.14584 -18.59108 0.08063 -0.38431 0.72989 0.02370 0.56480
1403637183788319232 4.34820 -19.79559 -0.09666 -0.39972 0.72975 0.02701 0.55404
1403637183888318976 4.57935 -21.04079 -0.29382 -0.41520 0.73077 0.03094 0.54095
1403637183988318976 4.83718 -22.31469 -0.50778 -0.42944 0.73124 0.03409 0.52887
1403637184088318976 5.12357 -23.63180 -0.74321 -0.44121 0.73038 0.03782 0.52005
1403637184188318976 5.43161 -24.99137 -0.98872 -0.44514 0.72969 0.04576 0.51702
1403637184288319232 5.76429 -26.39059 -1.25450 -0.43842 0.72921 0.06058 0.52190
1403637184388318976 6.05168 -27.65425 -1.54978 -0.42634 0.73164 0.08136 0.52566
1403637184488318976 6.32238 -28.90051 -1.87019 -0.41881 0.73635 0.09883 0.52214
1403637184588318976 6.57813 -30.13121 -2.18407 -0.41530 0.74261 0.11326 0.51307
1403637184688318976 6.75921 -31.27913 -2.48151 -0.41360 0.74763 0.12593 0.50410
1403637184788319232 6.81546 -32.28399 -2.74656 -0.41061 0.75264 0.13677 0.49621
1403637184888318976 6.75673 -33.23959 -2.95775 -0.40551 0.75593 0.14600 0.49276
1403637184988318976 6.58247 -34.14778 -3.10387 -0.39855 0.75840 0.15548 0.49174
1403637185088318976 6.20933 -34.97121 -3.19008 -0.38732 0.76034 0.16805 0.49358
1403637185188318976 5.74789 -35.71814 -3.21305 -0.37609 0.76179 0.17676 0.49699
1403637185288319232 5.12123 -36.35586 -3.18741 -0.35974 0.76493 0.18740 0.50035
1403637185388318976 4.38758 -36.88662 -3.12530 -0.33506 0.77054 0.19663 0.50530
1403637185488318976 3.53655 -37.27549 -3.03196 -0.30812 0.77702 0.19839 0.51180
1403637185588318976 2.88464 -37.59755 -2.89960 -0.28713 0.78099 0.18769 0.52191
1403637185688318976 2.51547 -37.80180 -2.74601 -0.27241 0.77967 0.16940 0.53779
1403637185788319232 2.51312 -37.91048 -2.58894 -0.25661 0.78003 0.15499 0.54925
1403637185888318976 2.61323 -37.76793 -2.38689 -0.23642 0.78466 0.14523 0.55436
1403637185988318976 2.79817 -37.58811 -2.17971 -0.22141 0.78886 0.13579 0.55699
1403637186088318976 2.94505 -37.53695 -2.02339 -0.21109 0.79043 0.13003 0.56014
1403637186188318976 3.04875 -37.55624 -1.87475 -0.20229 0.79371 0.12748 0.55933
1403637186288319232 3.19186 -37.65245 -1.76382 -0.19435 0.79804 0.12889 0.55565
1403637186388318976 3.33000 -37.96929 -1.68404 -0.19739 0.79662 0.13171 0.55595
1403637186488318976 3.48034 -38.08624 -1.55904 -0.19614 0.79889 0.12860 0.55387
1403637186588318976 3.57500 -38.33501 -1.43021 -0.19858 0.80039 0.12651 0.55131
1403637186688318976 3.66734 -38.60808 -1.31728 -0.19861 0.80341 0.12681 0.54681
1403637186788319232 3.71514 -38.91285 -1.20483 -0.20292 0.80933 0.12505 0.53681
1403637186888318976 3.80092 -39.29025 -1.14560 -0.21699 0.81326 0.12183 0.52601
1403637186988318976 3.91674 -39.53004 -1.08458 -0.22718 0.81590 0.11530 0.51904
1403637187088318976 4.02755 -39.87188 -1.04892 -0.23561 0.81304 0.11511 0.51981
1403637187188318976 4.17627 -40.15782 -1.01522 -0.23211 0.81075 0.12002 0.52383
1403637187288319232 4.33646 -40.37812 -0.98390 -0.21769 0.81684 0.12562 0.51923
1403637187388318976 4.51812 -40.69325 -0.97410 -0.20408 0.82357 0.13554 0.51158
1403637187488318976 4.71400 -41.05338 -0.98168 -0.19781 0.82712 0.14453 0.50582
1403637187588318976 4.91526 -41.37616 -1.00268 -0.19764 0.82897 0.15071 0.50102
1403637187688318976 5.14429 -41.74924 -1.03619 -0.20548 0.82858 0.15547 0.49704
1403637187788319232 5.38389 -42.04018 -1.08792 -0.21187 0.82785 0.16073 0.49390
1403637187888318976 5.64250 -42.39296 -1.15335 -0.21962 0.82657 0.16946 0.48973
1403637187988318976 5.89305 -42.70137 -1.22747 -0.22357 0.82199 0.18011 0.49185
1403637188088318976 6.13898 -42.93674 -1.31144 -0.22605 0.81580 0.19030 0.49715
1403637188188318976 6.38872 -43.11169 -1.39539 -0.22602 0.80774 0.20019 0.50636
1403637188288319232 6.64553 -43.29313 -1.47335 -0.22508 0.79699 0.20962 0.51981
1403637188388318976 6.90141 -43.45334 -1.54050 -0.23130 0.79033 0.21158 0.52641
1403637188488318976 7.16430 -43.62277 -1.60607 -0.23932 0.78504 0.21122 0.53088
1403637188588318976 7.43543 -43.82212 -1.67568 -0.24774 0.78326 0.20581 0.53176
1403637188688318976 7.70880 -44.01914 -1.74686 -0.25521 0.78478 0.19449 0.53025
1403637188788319232 7.98323 -44.20958 -1.82262 -0.26327 0.78893 0.17691 0.52628
1403637188888318976 8.25535 -44.39019 -1.90199 -0.26475 0.79407 0.16323 0.52222
1403637188988318976 8.54517 -44.60097 -1.97967 -0.25951 0.79896 0.15971 0.51848
1403637189088318976 8.82854 -44.77837 -2.04905 -0.24720 0.80441 0.16594 0.51408
1403637189188318976 9.12483 -44.95994 -2.12133 -0.24033 0.81189 0.17264 0.50327
1403637189288319232 9.42797 -45.14062 -2.20789 -0.24419 0.81574 0.17418 0.49458
1403637189388318976 9.73539 -45.31174 -2.30964 -0.25458 0.81090 0.17224 0.49796
1403637189488318976 10.09964 -45.56740 -2.42038 -0.26555 0.80089 0.17629 0.50694
1403637189588318976 10.47470 -45.83939 -2.53053 -0.27132 0.79286 0.18741 0.51248
1403637189688318976 10.81920 -46.07140 -2.62846 -0.27237 0.78713 0.19719 0.51706
1403637189788319232 11.14536 -46.25641 -2.71525 -0.27544 0.78603 0.20643 0.51350
1403637189888318976 11.48259 -46.44631 -2.78975 -0.27702 0.78470 0.21382 0.51166
1403637189988318976 11.82460 -46.63091 -2.85416 -0.28024 0.78180 0.21779 0.51265
1403637190088318976 12.17066 -46.81741 -2.91119 -0.28269 0.77854 0.22083 0.51497
1403637190188318976 12.51230 -46.99983 -2.96351 -0.28572 0.77641 0.22371 0.51527
1403637190288319232 12.85095 -47.17293 -3.00780 -0.28976 0.77504 0.22519 0.51443
1403637190388318976 13.17941 -47.33556 -3.04090 -0.29267 0.77504 0.22696 0.51200
1403637190488318976 13.50357 -47.49753 -3.06756 -0.29697 0.77395 0.22802 0.51070
1403637190588318976 13.80900 -47.64074 -3.08550 -0.29407 0.77324 0.23284 0.51128
1403637190688318976 14.06200 -47.73607 -3.09272 -0.29084 0.76989 0.24513 0.51245
1403637190788319232 14.22822 -47.75868 -3.07126 -0.29835 0.76658 0.25490 0.50831
1403637190888318976 14.31204 -47.73337 -3.03770 -0.30901 0.76283 0.26224 0.50381
1403637190988318976 14.57562 -47.84320 -3.09177 -0.32378 0.75747 0.27100 0.49796
1403637191088318976 14.55654 -47.77316 -3.04277 -0.32926 0.75364 0.27663 0.49708
1403637191188318976 14.76922 -47.85188 -3.09859 -0.33697 0.74944 0.28475 0.49366
1403637191288319232 14.97593 -47.92977 -3.15210 -0.34135 0.74671 0.29212 0.49048
1403637191388318976 14.87242 -47.86150 -3.10367 -0.34079 0.74379 0.29695 0.49241
1403637191488318976 15.04670 -47.92326 -3.15864 -0.34383 0.74171 0.30242 0.49010
1403637191588318976 14.95887 -47.91458 -3.10646 -0.34016 0.73966 0.30988 0.49108
1403637191688318976 14.93424 -47.90159 -3.08368 -0.33500 0.74440 0.31798 0.48222
1403637191788319232 14.95304 -47.89307 -3.07123 -0.33172 0.74942 0.32427 0.47242
1403637191888318976 14.98630 -47.90245 -3.05838 -0.32374 0.74871 0.33420 0.47216
1403637191988318976 15.00373 -47.91011 -3.03623 -0.31684 0.74617 0.34373 0.47402
1403637192088318976 15.02100 -47.90736 -3.00933 -0.31588 0.75085 0.34799 0.46406
1403637192188318976 15.02592 -47.89007 -2.97407 -0.31382 0.75552 0.35222 0.45458
1403637192288319232 14.98350 -47.85797 -2.91652 -0.30815 0.75569 0.35877 0.45306
1403637192388318976 15.00868 -47.83633 -2.87524 -0.30476 0.75182 0.36456 0.45714
1403637192488318976 14.97727 -47.77668 -2.83203 -0.31056 0.75651 0.36160 0.44776
1403637192588318976 14.99068 -47.71981 -2.80935 -0.31984 0.76308 0.35688 0.43365
1403637192688318976 15.03742 -47.67373 -2.79573 -0.32598 0.76663 0.35640 0.42308
1403637192788319232 15.05563 -47.59874 -2.78490 -0.32952 0.76698 0.35719 0.41902
1403637192888318976 15.09980 -47.53147 -2.77499 -0.33405 0.76291 0.35881 0.42146
1403637192988318976 15.15813 -47.45975 -2.75981 -0.34037 0.75814 0.36023 0.42381
1403637193088318976 15.22983 -47.39774 -2.73131 -0.35048 0.75771 0.35967 0.41675
1403637193188318976 15.29009 -47.32455 -2.70120 -0.36658 0.76474 0.35357 0.39469
