1403637134988318976 0.00793 -0.01221 0.03580 -0.04094 0.83150 0.02707 0.55335
1403637135088318976 0.00396 -0.01495 -0.01124 -0.04581 0.83462 0.02595 0.54831
1403637135188318976 0.00221 -0.01838 -0.03639 -0.04425 0.83890 0.02918 0.54170
1403637135288319232 0.00278 -0.02039 -0.02539 -0.04069 0.84670 0.03110 0.52960
1403637135388318976 0.00284 -0.02119 0.03052 -0.03604 0.84531 0.02991 0.53222
1403637135488318976 0.00611 -0.02170 0.11100 -0.02766 0.83354 0.03128 0.55088
1403637135588318976 0.00925 -0.02095 0.19844 -0.01939 0.82008 0.03172 0.57105
1403637135688318976 0.01171 -0.01884 0.28235 -0.01361 0.80745 0.02683 0.58917
1403637135788319232 0.01273 -0.01560 0.34761 -0.01882 0.79710 0.02078 0.60320
1403637135888318976 0.01412 -0.01517 0.37983 -0.02306 0.79215 0.01639 0.60967
1403637135988318976 0.01722 -0.01561 0.37217 -0.02413 0.79360 0.01500 0.60778
1403637136088318976 0.02017 -0.01501 0.32648 -0.02267 0.79890 0.01827 0.60076
1403637136188318976 0.02545 -0.01334 0.25172 -0.01861 0.80732 0.02036 0.58947
1403637136288319232 0.02757 -0.01201 0.16795 -0.01821 0.82044 0.02116 0.57105
1403637136388318976 0.02421 -0.01196 0.08889 -0.02017 0.83505 0.02031 0.54943
1403637136488318976 0.01793 -0.01281 0.02712 -0.02768 0.84715 0.01916 0.53028
1403637136588318976 0.01105 -0.01393 -0.00212 -0.03336 0.85346 0.01727 0.51980
1403637136688318976 0.00614 -0.01894 0.00988 -0.03163 0.85567 0.02049 0.51615
1403637136788319232 0.00446 -0.02010 0.06529 -0.03189 0.85377 0.02078 0.51926
1403637136888318976 0.00612 -0.02042 0.15212 -0.02974 0.84405 0.02203 0.53499
1403637136988318976 0.00896 -0.02295 0.25058 -0.02233 0.83071 0.01749 0.55599
1403637137088318976 0.01032 -0.02396 0.33931 -0.01680 0.81662 0.00806 0.57688
