1403637206588318976 -0.00117 -0.00775 -0.00513 -0.01617 0.81497 -0.01857 0.57898
1403637206688318976 0.00172 -0.05459 0.00076 -0.02231 0.81580 -0.01396 0.57773
1403637206788319232 0.01054 -0.09400 0.01291 -0.02354 0.81525 -0.01412 0.57845
1403637206888318976 0.02336 -0.13643 0.00811 -0.02785 0.81554 -0.01304 0.57788
1403637206988318976 0.02513 -0.18377 -0.00184 -0.03421 0.81478 -0.01088 0.57866
1403637207088318976 0.04670 -0.23838 0.00052 -0.03484 0.81604 -0.01339 0.57678
1403637207188318976 0.04416 -0.31038 -0.00464 -0.03900 0.81518 -0.01365 0.57773
1403637207288319232 0.07832 -0.36508 -0.01821 -0.03787 0.81562 -0.01791 0.57707
1403637207388318976 0.09409 -0.43746 -0.04133 -0.03915 0.81620 -0.01923 0.57612
1403637207488318976 0.11068 -0.51772 -0.07238 -0.04077 0.81681 -0.02081 0.57509
1403637207588318976 0.09029 -0.59720 -0.11853 -0.04098 0.81978 -0.02806 0.57052
1403637207688318976 0.11851 -0.71648 -0.14175 -0.05299 0.82672 -0.03185 0.55921
1403637207788319232 0.14065 -0.82762 -0.17201 -0.05410 0.82864 -0.03215 0.55623
1403637207888318976 0.15323 -0.92113 -0.19377 -0.04722 0.82701 -0.03189 0.55930
1403637207988318976 0.16884 -1.05915 -0.18388 -0.04364 0.82438 -0.02956 0.56358
1403637208088318976 0.15542 -1.16846 -0.18254 -0.03834 0.82345 -0.02859 0.56537
1403637208188318976 0.11565 -1.30391 -0.19994 -0.03665 0.82158 -0.02617 0.56830
1403637208288319232 0.11128 -1.45953 -0.20420 -0.04107 0.82184 -0.03001 0.56744
1403637208388318976 0.08877 -1.58570 -0.21796 -0.04796 0.81939 -0.03509 0.57015
1403637208488318976 0.05703 -1.72691 -0.23924 -0.04756 0.81756 -0.03535 0.57279
1403637208588318976 0.08029 -1.93598 -0.27982 -0.04687 0.81664 -0.03143 0.57438
1403637208688318976 0.05788 -2.10157 -0.31720 -0.04322 0.81546 -0.02855 0.57649
1403637208788319232 -0.00208 -2.24897 -0.35929 -0.04115 0.81261 -0.02659 0.58075
1403637208888318976 0.07519 -2.52627 -0.40075 -0.03919 0.81244 -0.02370 0.58124
1403637208988318976 0.02907 -2.70056 -0.46362 -0.02896 0.81219 -0.01648 0.58245
1403637209088318976 0.02999 -2.93860 -0.54446 -0.01950 0.81265 -0.00803 0.58237
1403637209188318976 0.02844 -3.14945 -0.61152 -0.02199 0.81209 -0.00088 0.58311
1403637209288319232 0.08596 -3.50390 -0.66365 -0.04079 0.81416 0.00615 0.57917
1403637209388318976 0.16837 -3.85627 -0.70567 -0.05451 0.81752 0.01548 0.57311
1403637209488318976 0.05302 -4.02115 -0.78139 -0.05960 0.82249 0.02421 0.56513
1403637209588318976 0.14171 -4.36608 -0.79869 -0.06554 0.83132 0.03604 0.55074
1403637209688318976 0.22260 -4.69946 -0.85129 -0.06725 0.83883 0.04133 0.53864
1403637209788319232 0.27019 -5.03431 -0.87735 -0.06971 0.84196 0.04530 0.53310
1403637209888318976 0.39966 -5.39751 -0.90550 -0.07344 0.84476 0.04734 0.52796
1403637209988318976 0.37237 -5.65350 -0.96222 -0.07163 0.84924 0.04669 0.52104
1403637210088318976 0.45742 -5.96341 -1.02332 -0.07168 0.85536 0.04929 0.51068
1403637210188318976 0.49840 -6.27509 -1.10694 -0.07230 0.86168 0.04901 0.49988
1403637210288319232 0.85196 -6.71684 -1.17791 -0.07630 0.86649 0.05328 0.49044
1403637210388318976 0.97175 -7.05511 -1.27200 -0.07641 0.86880 0.05219 0.48645
1403637210488318976 1.13757 -7.39004 -1.36291 -0.07760 0.86467 0.05292 0.49348
1403637210588318976 1.28630 -7.69962 -1.45566 -0.07979 0.85647 0.05171 0.50736
1403637210688318976 1.61262 -8.12538 -1.54411 -0.08608 0.84920 0.05240 0.51836
1403637210788319232 2.08644 -8.59503 -1.63005 -0.09616 0.84564 0.04967 0.52267
1403637210888318976 2.68961 -9.05237 -1.72156 -0.10839 0.84210 0.04389 0.52649
1403637210988318976 3.19295 -9.42859 -1.82468 -0.11930 0.83483 0.03597 0.53622
1403637211088318976 4.02193 -9.81958 -1.92296 -0.13003 0.82764 0.02985 0.54517
1403637211188318976 4.43294 -10.17504 -2.03579 -0.12417 0.82366 0.02984 0.55251
1403637211288319232 5.55102 -10.49036 -2.15194 -0.12124 0.81953 0.03271 0.55911
1403637211388318976 6.02872 -10.84514 -2.27726 -0.11461 0.81390 0.03080 0.56875
1403637211488318976 7.26513 -10.85340 -2.39549 -0.11605 0.81283 0.03046 0.57001
1403637211588318976 7.69359 -11.24887 -2.53617 -0.11519 0.81652 0.02791 0.56502
1403637211688318976 8.33337 -11.62207 -2.66419 -0.12021 0.81927 0.02714 0.56001
1403637211788319232 8.76030 -12.07972 -2.78473 -0.12613 0.82630 0.02306 0.54845
1403637211888318976 9.51481 -12.43881 -2.88932 -0.13274 0.83133 0.01907 0.53936
1403637211988318976 10.28181 -12.86333 -2.97662 -0.12994 0.83172 0.02088 0.53936
1403637212088318976 11.11696 -13.31239 -3.06483 -0.12324 0.82540 0.02340 0.55043
1403637212188318976 11.84919 -13.85487 -3.16325 -0.12010 0.81669 0.02397 0.56393
1403637212288319232 12.76631 -14.34620 -3.25072 -0.11879 0.81242 0.02341 0.57036
1403637212388318976 13.20568 -15.01966 -3.39099 -0.11732 0.80915 0.02202 0.57535
1403637212488318976 13.65476 -15.84590 -3.45695 -0.11784 0.81029 0.02277 0.57360
1403637212588318976 14.56647 -16.33788 -3.53838 -0.11836 0.81580 0.02270 0.56564
1403637212688318976 15.65344 -16.90027 -3.60804 -0.11809 0.82232 0.02290 0.55617
1403637212788319232 16.55869 -17.54110 -3.69543 -0.11554 0.82532 0.02455 0.55218
1403637212888318976 17.34507 -18.31518 -3.77058 -0.11398 0.82756 0.02714 0.54902
1403637212988318976 17.80860 -19.26756 -3.84053 -0.10981 0.82795 0.02987 0.54913
1403637213088318976 19.43600 -19.62193 -3.91675 -0.11551 0.82861 0.03065 0.54692
1403637213188318976 20.66912 -20.25309 -4.02533 -0.12154 0.82954 0.02937 0.54426
1403637213288319232 22.40193 -20.68621 -4.11619 -0.12571 0.83071 0.02786 0.54161
1403637213388318976 23.61421 -21.43664 -4.22237 -0.12434 0.83003 0.02549 0.54309
1403637213488318976 25.18879 -21.96997 -4.34776 -0.12765 0.82830 0.02596 0.54493
1403637213588318976 26.81386 -22.52112 -4.47037 -0.12001 0.82775 0.02785 0.54740
1403637213688318976 27.91295 -23.39832 -4.59795 -0.11042 0.82840 0.03473 0.54805
1403637213788319232 29.60757 -23.87012 -4.74689 -0.10713 0.83099 0.03973 0.54443
1403637213888318976 31.10724 -24.51730 -4.89448 -0.10367 0.83274 0.04091 0.54233
1403637213988318976 32.82207 -24.98873 -5.05210 -0.10409 0.83267 0.04155 0.54232
1403637214088318976 32.39811 -27.10588 -5.17504 -0.10975 0.82891 0.04000 0.54705
1403637214188318976 33.87363 -27.71240 -5.31830 -0.12571 0.82445 0.04036 0.55032
1403637214288319232 36.51638 -27.54536 -5.46312 -0.14346 0.81764 0.05243 0.55510
1403637214388318976 36.01455 -29.75068 -5.56223 -0.14839 0.81299 0.06441 0.55936
1403637214488318976 35.21471 -30.81438 -5.65496 -0.15772 0.80543 0.09134 0.56397
1403637214588318976 41.28722 -29.62177 -5.79263 -0.16590 0.79515 0.12009 0.57078
1403637214688318976 40.30165 -32.42931 -5.88006 -0.16448 0.79134 0.13786 0.57248
1403637214788319232 44.13928 -31.64433 -6.01734 -0.16974 0.78000 0.15849 0.58109
1403637214888318976 47.56874 -30.93311 -6.18074 -0.17972 0.78165 0.16410 0.57428
1403637214988318976 49.43410 -31.74185 -6.29680 -0.17527 0.77999 0.16234 0.57839
1403637215088318976 47.10363 -35.51056 -6.39765 -0.18843 0.78217 0.16221 0.57130
1403637215188318976 53.48427 -32.63319 -6.59137 -0.18357 0.77681 0.15824 0.58124
1403637215288319232 50.56455 -37.30660 -6.70671 -0.20327 0.78100 0.15366 0.57019
1403637215388318976 55.64685 -36.10981 -6.84589 -0.19589 0.77452 0.14411 0.58393
1403637215488318976 54.22125 -39.03753 -6.99455 -0.24404 0.76566 0.15442 0.57478
1403637215588318976 60.23197 -36.68775 -7.14728 -0.24979 0.75272 0.15805 0.58825
1403637215688318976 57.49768 -41.10589 -7.29712 -0.28706 0.74966 0.18421 0.56716
1403637215788319232 60.72972 -41.88496 -7.39838 -0.26921 0.75618 0.18536 0.56689
1403637215888318976 64.70021 -40.42203 -7.56607 -0.31509 0.73729 0.23094 0.55117
1403637215988318976 67.08238 -40.87715 -7.64199 -0.33268 0.74401 0.24208 0.52647
1403637216088318976 68.54635 -42.58213 -7.75595 -0.34205 0.73489 0.25248 0.52839
1403637216188318976 70.64882 -43.37085 -7.87764 -0.37191 0.72680 0.26994 0.51046
1403637216288319232 72.41310 -44.76498 -7.98734 -0.36844 0.72779 0.26395 0.51468
1403637216388318976 74.48970 -45.76569 -8.13561 -0.38851 0.71771 0.27296 0.50936
1403637216488318976 76.03440 -47.58415 -8.27411 -0.38406 0.71727 0.26379 0.51811
1403637216588318976 78.41412 -48.64502 -8.44459 -0.38997 0.71189 0.26273 0.52164
1403637216688318976 81.99260 -48.66413 -8.62600 -0.39205 0.71407 0.24940 0.52364
1403637216788319232 75.58876 -54.35601 -8.87436 -0.40314 0.71459 0.24058 0.51862
1403637216888318976 84.81313 -52.86851 -8.97188 -0.37068 0.71276 0.22612 0.55086
1403637216988318976 79.63712 -57.04418 -9.30141 -0.40488 0.71179 0.23851 0.52206
1403637217088318976 88.38983 -56.36429 -9.36091 -0.36384 0.72771 0.21457 0.54039
1403637217188318976 83.22215 -60.17250 -9.74800 -0.41702 0.72823 0.22779 0.49385
1403637217288319232 92.23176 -59.77735 -9.80477 -0.37672 0.74203 0.19739 0.51819
1403637217388318976 86.91233 -63.54393 -10.26744 -0.42714 0.73829 0.21214 0.47694
1403637217488318976 95.26998 -63.87710 -10.30277 -0.37911 0.74912 0.18565 0.51052
1403637217588318976 90.46714 -67.12910 -10.82420 -0.43035 0.73769 0.20988 0.47599
1403637217688318976 100.11454 -67.08346 -10.82795 -0.37945 0.73456 0.20907 0.52223
1403637217788319232 93.74663 -70.95609 -11.44320 -0.42765 0.71104 0.24866 0.49970
1403637217888318976 102.05390 -72.54287 -11.39249 -0.37703 0.71356 0.25525 0.53247
1403637217988318976 99.72684 -75.32725 -11.89156 -0.42382 0.69619 0.28710 0.50327
1403637218088318976 109.08416 -75.01290 -11.99444 -0.40892 0.69603 0.29718 0.50992
1403637218188318976 101.40397 -79.08790 -12.74038 -0.45802 0.68506 0.30992 0.47420
1403637218288319232 102.97296 -81.18925 -13.08610 -0.46284 0.68239 0.31673 0.46884
1403637218388318976 111.81207 -83.36513 -12.95093 -0.40872 0.70011 0.30919 0.49719
1403637218488318976 108.92987 -85.90685 -13.59744 -0.44941 0.68709 0.31601 0.47547
1403637218588318976 117.03996 -87.28432 -13.66658 -0.42138 0.69529 0.31347 0.49066
1403637218688318976 112.95305 -90.34567 -14.36721 -0.44892 0.69386 0.31643 0.46572
1403637218788319232 120.45759 -92.63892 -14.39101 -0.40792 0.71136 0.30378 0.48507
1403637218888318976 121.95804 -94.37109 -14.89804 -0.43523 0.69540 0.33049 0.46666
1403637218988318976 126.35378 -96.70536 -15.19891 -0.41511 0.70378 0.32508 0.47614
1403637219088318976 122.29866 -99.39197 -16.01748 -0.43808 0.69968 0.33449 0.45458
1403637219188318976 128.17626 -102.98861 -16.03818 -0.38939 0.71776 0.31186 0.48574
1403637219288319232 127.00503 -104.23216 -16.82402 -0.43534 0.70328 0.33255 0.45309
1403637219388318976 132.92532 -107.75947 -16.86321 -0.39592 0.72152 0.31055 0.47562
1403637219488318976 130.99051 -108.96051 -17.78162 -0.44404 0.71071 0.33463 0.43098
1403637219588318976 137.04756 -113.10094 -17.73177 -0.38892 0.74138 0.30861 0.45149
1403637219688318976 136.29615 -114.46068 -18.54815 -0.43144 0.72850 0.33683 0.41194
1403637219788319232 142.20892 -117.88048 -18.65854 -0.39635 0.74902 0.31522 0.42722
1403637219888318976 144.01993 -120.12435 -19.19119 -0.42474 0.73151 0.34080 0.41029
1403637219988318976 146.41536 -123.03080 -19.57013 -0.41696 0.74114 0.33033 0.40955
1403637220088318976 149.65687 -125.59970 -19.93014 -0.40324 0.75108 0.31912 0.41406
1403637220188318976 151.93223 -128.01437 -20.40200 -0.41185 0.74705 0.32516 0.40812
1403637220288319232 154.18507 -130.82352 -20.84190 -0.41732 0.74898 0.31841 0.40435
1403637220388318976 156.08267 -133.75037 -21.24178 -0.42743 0.74762 0.31048 0.40246
1403637220488318976 160.09378 -136.33915 -21.62082 -0.43269 0.74843 0.30199 0.40178
1403637220588318976 162.45765 -138.75641 -22.17989 -0.43785 0.75174 0.29219 0.39723
1403637220688318976 166.09480 -141.47369 -22.64186 -0.43234 0.75478 0.28959 0.39942
1403637220788319232 166.98862 -144.46054 -23.26206 -0.44363 0.74908 0.29774 0.39170
1403637220888318976 168.20583 -146.91933 -23.95185 -0.44564 0.75365 0.29727 0.38085
1403637220988318976 170.48649 -150.89248 -24.26494 -0.44543 0.74802 0.30137 0.38890
1403637221088318976 174.97217 -152.89113 -24.84870 -0.43902 0.75931 0.29586 0.37838
1403637221188318976 177.90304 -155.63256 -25.40495 -0.43119 0.76675 0.29253 0.37497
1403637221288319232 180.85319 -158.40896 -25.97680 -0.42121 0.77511 0.28525 0.37472
1403637221388318976 181.98094 -161.90522 -26.61782 -0.41707 0.77880 0.27880 0.37655
1403637221488318976 183.44295 -163.65720 -27.71813 -0.43580 0.77401 0.28300 0.36181
1403637221588318976 186.15241 -166.48420 -28.39465 -0.43307 0.77899 0.27702 0.35900
1403637221688318976 188.90047 -169.33012 -29.08669 -0.42993 0.78308 0.27326 0.35676
1403637221788319232 191.70661 -172.17589 -29.79390 -0.42878 0.78584 0.26961 0.35484
1403637221888318976 194.53972 -175.05389 -30.51696 -0.42608 0.79038 0.26434 0.35196
1403637221988318976 197.43365 -177.93303 -31.25612 -0.41926 0.79766 0.25543 0.35030
1403637222088318976 200.35677 -180.84406 -32.01156 -0.40727 0.80792 0.24237 0.35022
1403637222188318976 203.33538 -183.76176 -32.78200 -0.39305 0.81921 0.22662 0.35078
1403637222288319232 207.91128 -186.82145 -33.20520 -0.34436 0.84523 0.18897 0.36234
1403637222388318976 209.20191 -189.38391 -34.51502 -0.36284 0.83837 0.18627 0.36165
1403637222488318976 214.18094 -192.62929 -34.77139 -0.32503 0.84856 0.15986 0.38568
1403637222588318976 215.66028 -195.07416 -36.17188 -0.35164 0.84315 0.16485 0.37186
1403637222688318976 218.67319 -197.68960 -36.87216 -0.33552 0.85036 0.15641 0.37398
1403637222788319232 221.52744 -200.37973 -37.76150 -0.33729 0.85210 0.15840 0.36752
1403637222888318976 225.68246 -203.81784 -37.94032 -0.31040 0.86011 0.15157 0.37535
1403637222988318976 227.80926 -206.71626 -39.37640 -0.34201 0.85581 0.16887 0.34943
1403637223088318976 231.08820 -209.74399 -40.22950 -0.34314 0.85745 0.17196 0.34272
1403637223188318976 234.41452 -212.79446 -41.08895 -0.34509 0.85690 0.17375 0.34125
1403637223288319232 237.79399 -215.86221 -41.95463 -0.34768 0.85393 0.17440 0.34571
1403637223388318976 241.21793 -218.95470 -42.82758 -0.35093 0.84950 0.17449 0.35321
1403637223488318976 246.37442 -223.19375 -43.39531 -0.34730 0.84617 0.17262 0.36549
1403637223588318976 251.00194 -226.84520 -44.67233 -0.36171 0.84115 0.17528 0.36182
1403637223688318976 255.70259 -230.39681 -45.81810 -0.36164 0.84287 0.17195 0.35948
1403637223788319232 259.50074 -233.96763 -46.97600 -0.36507 0.84223 0.17204 0.35746
1403637223888318976 264.32199 -237.52313 -48.13638 -0.36623 0.84279 0.17071 0.35558
1403637223988318976 268.09058 -241.20331 -49.32647 -0.37029 0.84181 0.17146 0.35334
1403637224088318976 271.12542 -245.26156 -50.85332 -0.38909 0.83521 0.17655 0.34621
1403637224188318976 275.17445 -248.83209 -51.99967 -0.38941 0.83512 0.17652 0.34609
1403637224288319232 279.26575 -252.42572 -53.16657 -0.38966 0.83479 0.17644 0.34663
1403637224388318976 283.39940 -256.04331 -54.35309 -0.39045 0.83480 0.17638 0.34574
1403637224488318976 287.57961 -259.68071 -55.55952 -0.39028 0.83485 0.17710 0.34545
1403637224588318976 291.94829 -262.94091 -56.83874 -0.38495 0.84079 0.17087 0.34013
1403637224688318976 297.07981 -266.38342 -57.83630 -0.37942 0.84508 0.16117 0.34044
1403637224788319232 302.42494 -270.25489 -59.18116 -0.38336 0.84672 0.15651 0.33407
1403637224888318976 306.94875 -273.96150 -60.43482 -0.38268 0.84662 0.15772 0.33454
1403637224988318976 311.51920 -277.69344 -61.70756 -0.38013 0.84635 0.16091 0.33660
1403637225088318976 316.14012 -281.44126 -63.00154 -0.37927 0.84636 0.16283 0.33661
1403637225188318976 321.20785 -285.23941 -64.76152 -0.38333 0.84586 0.16287 0.33324
1403637225288319232 325.95296 -289.03536 -66.12939 -0.38540 0.84539 0.16271 0.33214
1403637225388318976 330.76197 -292.83971 -67.51181 -0.38675 0.84455 0.16281 0.33265
1403637225488318976 335.61538 -296.68194 -68.90457 -0.38863 0.84360 0.16261 0.33295
1403637225588318976 340.53152 -300.53927 -70.30805 -0.38993 0.84375 0.16426 0.33023
1403637225688318976 345.49630 -304.42984 -71.72204 -0.39039 0.84556 0.16674 0.32376
1403637225788319232 350.54032 -308.31547 -73.14848 -0.39016 0.84736 0.17003 0.31756
1403637225888318976 355.63096 -312.23890 -74.58540 -0.39088 0.84926 0.17195 0.31048
1403637225988318976 360.76607 -316.20394 -76.03311 -0.39351 0.84722 0.16936 0.31415
1403637226088318976 365.95334 -320.19758 -77.49583 -0.39627 0.84486 0.16621 0.31867
1403637226188318976 371.18916 -324.21441 -78.98169 -0.39825 0.84351 0.16380 0.32103
1403637226288319232 376.48045 -328.24541 -80.49130 -0.39876 0.84355 0.16417 0.32009
1403637226388318976 381.81636 -332.30527 -82.02489 -0.39755 0.84639 0.16840 0.31181
1403637226488318976 387.19989 -336.39078 -83.58162 -0.39616 0.85050 0.17337 0.29941
1403637226588318976 392.63478 -340.49974 -85.16070 -0.39472 0.85269 0.17759 0.29253
1403637226688318976 398.13022 -344.61931 -86.76335 -0.39545 0.85357 0.17823 0.28856
1403637226788319232 403.67716 -348.76054 -88.39087 -0.39764 0.85393 0.17751 0.28492
1403637226888318976 409.27842 -352.92156 -90.04325 -0.40007 0.85398 0.17505 0.28288
1403637226988318976 414.93587 -357.10168 -91.71969 -0.40629 0.85385 0.16679 0.27938
1403637227088318976 420.65019 -361.30500 -93.41963 -0.41663 0.85311 0.15278 0.27436
1403637227188318976 426.42971 -365.53177 -95.14115 -0.42280 0.85266 0.14356 0.27128
1403637227288319232 432.27415 -369.78836 -96.88252 -0.42103 0.85271 0.14487 0.27319
1403637227388318976 438.18277 -374.07347 -98.64440 -0.41598 0.85346 0.15035 0.27560
1403637227488318976 443.39543 -380.37437 -101.26953 -0.43077 0.84661 0.16103 0.26788
1403637227588318976 449.35056 -384.90066 -103.17065 -0.43073 0.84783 0.15997 0.26472
1403637227688318976 455.36417 -389.44863 -105.10218 -0.43392 0.84864 0.15543 0.25955
1403637227788319232 461.43632 -394.02142 -107.06350 -0.43724 0.84901 0.15123 0.25523
1403637227888318976 467.56807 -398.62212 -109.05409 -0.43658 0.84794 0.15120 0.25987
1403637227988318976 473.45806 -404.21531 -111.22830 -0.44152 0.84127 0.15505 0.27070
1403637228088318976 482.24179 -407.64012 -113.56849 -0.43002 0.84803 0.14789 0.27213
1403637228188318976 487.33104 -414.11444 -115.86635 -0.44564 0.83723 0.15373 0.27716
1403637228288319232 493.77407 -418.95711 -118.01864 -0.44757 0.83579 0.15368 0.27841
1403637228388318976 500.27979 -423.83272 -120.19160 -0.44841 0.83509 0.15496 0.27848
1403637228488318976 506.84859 -428.73887 -122.38571 -0.44858 0.83428 0.15637 0.27983
1403637228588318976 513.48071 -433.67499 -124.60069 -0.44809 0.83344 0.15888 0.28169
1403637228688318976 520.17510 -438.64077 -126.83736 -0.44818 0.83433 0.16118 0.27758
1403637228788319232 526.92673 -443.63439 -129.10040 -0.45051 0.83697 0.16125 0.26555
1403637228888318976 533.73744 -448.65215 -131.39336 -0.45326 0.83933 0.15980 0.25406
1403637228988318976 540.61102 -453.69361 -133.71728 -0.45199 0.83967 0.16135 0.25421
1403637229088318976 547.54274 -458.76349 -136.07078 -0.45106 0.83852 0.16215 0.25910
1403637229188318976 554.53835 -463.85352 -138.45418 -0.45058 0.83721 0.16248 0.26392
1403637229288319232 561.58708 -468.97595 -140.86812 -0.44936 0.83785 0.16209 0.26422
1403637229388318976 568.69334 -474.12546 -143.31332 -0.44512 0.84310 0.15758 0.25734
1403637229488318976 575.85669 -479.30356 -145.79063 -0.43988 0.85394 0.14453 0.23751
1403637229588318976 583.08313 -484.51023 -148.29949 -0.43143 0.86688 0.12403 0.21680
1403637229688318976 590.37811 -489.74254 -150.84355 -0.41669 0.88061 0.10141 0.20151
1403637229788319232 597.74425 -495.00216 -153.42365 -0.39103 0.89369 0.08748 0.20190
1403637229888318976 605.18159 -500.28718 -156.03900 -0.35948 0.90458 0.07754 0.21564
1403637229988318976 612.68697 -505.59586 -158.68789 -0.32915 0.91417 0.06528 0.22734
1403637230088318976 620.25717 -510.92832 -161.36695 -0.30417 0.92455 0.04965 0.22409
1403637230188318976 630.20877 -514.91676 -164.50403 -0.26614 0.94202 0.02304 0.20306
1403637230288319232 638.34884 -520.14948 -167.38127 -0.24604 0.94918 0.01244 0.19588
1403637230388318976 646.32179 -525.47693 -170.19993 -0.23634 0.95154 0.00550 0.19668
1403637230488318976 653.96888 -530.62277 -172.86992 -0.22714 0.95135 -0.00093 0.20821
1403637230588318976 662.10777 -535.92393 -175.72190 -0.22132 0.95001 -0.00782 0.22007
1403637230688318976 670.31610 -541.25129 -178.60017 -0.21339 0.95053 -0.02109 0.22473
1403637230788319232 678.59131 -546.60505 -181.50626 -0.20249 0.95470 -0.03648 0.21498
1403637230888318976 687.56227 -551.30497 -184.46004 -0.18182 0.96255 -0.05555 0.19328
1403637230988318976 695.00944 -556.87248 -187.16451 -0.16122 0.96805 -0.07321 0.17758
