1403637134788319232 0.00942 -0.02775 0.17338 -0.02666 0.80249 0.01962 0.59574
1403637134888318976 0.01538 -0.03128 0.11061 -0.03209 0.82015 0.02029 0.57089
1403637134988318976 0.01084 -0.03015 0.06725 -0.03899 0.83082 0.01772 0.55489
1403637135088318976 0.00719 -0.03358 0.01723 -0.04339 0.83375 0.01590 0.55021
1403637135188318976 -0.00181 -0.02997 0.01404 -0.03957 0.83865 0.01965 0.54287
1403637135288319232 -0.00463 -0.03195 0.02455 -0.03599 0.84641 0.02148 0.53088
1403637135388318976 -0.00476 -0.03243 0.07806 -0.03121 0.84524 0.02086 0.53306
1403637135488318976 -0.00104 -0.03315 0.15731 -0.02283 0.83360 0.02264 0.55143
1403637135588318976 0.00384 -0.03323 0.24429 -0.01481 0.82027 0.02366 0.57130
1403637135688318976 0.00760 -0.03067 0.32843 -0.00927 0.80774 0.01927 0.58915
1403637135788319232 0.01049 -0.02787 0.39439 -0.01421 0.79743 0.01320 0.60310
1403637135888318976 0.01282 -0.02735 0.42601 -0.01844 0.79246 0.00882 0.60958
1403637135988318976 0.01581 -0.02793 0.41842 -0.01962 0.79389 0.00750 0.60769
1403637136088318976 0.01947 -0.02709 0.37297 -0.01817 0.79928 0.01066 0.60059
1403637136188318976 0.02466 -0.02576 0.29823 -0.01434 0.80771 0.01273 0.58927
1403637136288319232 0.02531 -0.02394 0.21468 -0.01416 0.82078 0.01343 0.57091
1403637136388318976 0.02116 -0.02331 0.13678 -0.01639 0.83539 0.01251 0.54927
1403637136488318976 0.01359 -0.02385 0.07562 -0.02411 0.84749 0.01123 0.53015
1403637136588318976 0.00811 -0.02556 0.04530 -0.02995 0.85379 0.00936 0.51967
1403637136688318976 0.00464 -0.02748 0.05662 -0.02776 0.85604 0.01224 0.51602
1403637136788319232 0.00409 -0.02922 0.11159 -0.02822 0.85415 0.01267 0.51911
1403637136888318976 0.00501 -0.03083 0.19880 -0.02623 0.84442 0.01413 0.53486
1403637136988318976 0.00738 -0.03528 0.29698 -0.01888 0.83101 0.00978 0.55585
1403637137088318976 0.00893 -0.03586 0.38506 -0.01324 0.81691 0.00042 0.57661
1403637137188318976 0.00919 -0.03425 0.44357 -0.02033 0.80398 -0.00788 0.59425
1403637137288319232 0.01140 -0.03496 0.45976 -0.02227 0.79668 -0.00701 0.60395
1403637137388318976 0.01479 -0.03516 0.43519 -0.02133 0.79349 -0.00486 0.60819
1403637137488318976 0.02041 -0.03431 0.37537 -0.02090 0.79652 -0.00121 0.60424
1403637137588318976 0.02238 -0.03338 0.29264 -0.01381 0.80799 0.00578 0.58900
1403637137688318976 0.02196 -0.03226 0.20262 -0.00649 0.82472 0.00756 0.56545
1403637137788319232 0.01678 -0.02858 0.12209 -0.01150 0.83810 0.00749 0.54535
1403637137888318976 0.00692 -0.02711 0.06259 -0.01856 0.84669 0.01028 0.53166
1403637137988318976 -0.00125 -0.02864 0.03914 -0.01832 0.85563 0.01400 0.51708
1403637138088318976 -0.00227 -0.03298 0.06234 -0.02041 0.86146 0.01388 0.50722
1403637138188318976 0.00187 -0.03731 0.13055 -0.02182 0.85636 0.02039 0.51551
1403637138288319232 0.00716 -0.04406 0.22599 -0.00837 0.84137 0.02708 0.53971
1403637138388318976 0.01041 -0.04398 0.32302 -0.00240 0.82138 0.02159 0.56996
1403637138488318976 0.01056 -0.04233 0.40200 0.00472 0.80348 0.01399 0.59514
1403637138588318976 0.01012 -0.04122 0.44394 0.00672 0.79249 0.00863 0.60979
1403637138688318976 0.01236 -0.04099 0.44172 0.00360 0.78959 0.00744 0.61358
1403637138788319232 0.02019 -0.04134 0.39697 -0.00134 0.79387 0.00489 0.60806
1403637138888318976 0.02908 -0.04203 0.32277 -0.00146 0.80348 0.00243 0.59532
1403637138988318976 0.03460 -0.04081 0.23402 -0.00960 0.81261 0.00375 0.58272
1403637139088318976 0.04041 -0.03607 0.14820 -0.02465 0.81883 0.00392 0.57350
1403637139188318976 0.04370 -0.03017 0.07585 -0.03444 0.82355 0.00502 0.56618
1403637139288319232 0.04658 -0.02791 0.02417 -0.03854 0.82585 0.00901 0.56250
1403637139388318976 0.04967 -0.02723 -0.00445 -0.03881 0.82667 0.01515 0.56114
1403637139488318976 0.04772 -0.02915 -0.01866 -0.04440 0.82501 0.02356 0.56288
1403637139588318976 0.05042 -0.02702 -0.02747 -0.04902 0.82155 0.02683 0.56738
1403637139688318976 0.04718 -0.02795 -0.03425 -0.04954 0.81790 0.03135 0.57236
1403637139788319232 0.04692 -0.03052 -0.04217 -0.05032 0.81650 0.03339 0.57418
1403637139888318976 0.03542 -0.03389 -0.04474 -0.05211 0.81039 0.03072 0.58276
1403637139988318976 0.03323 -0.03686 -0.04664 -0.05237 0.80533 0.02322 0.59006
1403637140088318976 0.02322 -0.04378 -0.04670 -0.05099 0.79914 0.01628 0.59875
1403637140188318976 0.01747 -0.04844 -0.04574 -0.04827 0.79378 0.01141 0.60618
1403637140288319232 0.01315 -0.05249 -0.04697 -0.04570 0.79468 0.00841 0.60525
1403637140388318976 0.01278 -0.05381 -0.04746 -0.04821 0.79429 0.00537 0.60560
1403637140488318976 0.01239 -0.05385 -0.04712 -0.04806 0.79429 0.00503 0.60561
1403637140588318976 0.01264 -0.05369 -0.04686 -0.04841 0.79424 0.00389 0.60567
1403637140688318976 0.01617 -0.05199 -0.04644 -0.04754 0.79430 0.00338 0.60565
1403637140788319232 0.01502 -0.05301 -0.04640 -0.04695 0.79424 0.00305 0.60578
1403637140888318976 0.01558 -0.05303 -0.04618 -0.04618 0.79421 0.00246 0.60588
1403637140988318976 0.01614 -0.05286 -0.04603 -0.04532 0.79422 0.00195 0.60594
1403637141088318976 0.01673 -0.05268 -0.04587 -0.04452 0.79420 0.00140 0.60602
1403637141188318976 0.01750 -0.05242 -0.04580 -0.04367 0.79421 0.00088 0.60608
1403637141288319232 0.01845 -0.05195 -0.04573 -0.04277 0.79420 0.00040 0.60615
1403637141388318976 0.01884 -0.05177 -0.04568 -0.04193 0.79421 -0.00014 0.60619
1403637141488318976 0.01913 -0.05164 -0.04566 -0.04110 0.79422 -0.00068 0.60624
1403637141588318976 0.01936 -0.05155 -0.04560 -0.04024 0.79425 -0.00119 0.60625
1403637141688318976 0.01925 -0.05174 -0.04563 -0.03949 0.79426 -0.00178 0.60630
1403637141788319232 0.01937 -0.05168 -0.04559 -0.03866 0.79431 -0.00224 0.60628
1403637141888318976 0.01957 -0.05167 -0.04554 -0.03788 0.79435 -0.00271 0.60628
1403637141988318976 0.01967 -0.05163 -0.04566 -0.03717 0.79437 -0.00324 0.60629
1403637142088318976 0.01982 -0.05166 -0.04561 -0.03641 0.79443 -0.00371 0.60626
1403637142188318976 0.01995 -0.05165 -0.04563 -0.03569 0.79447 -0.00416 0.60624
1403637142288319232 0.01999 -0.05157 -0.04572 -0.03503 0.79451 -0.00463 0.60623
1403637142388318976 0.02002 -0.05165 -0.04572 -0.03429 0.79455 -0.00504 0.60621
1403637142488318976 0.01998 -0.05165 -0.04588 -0.03369 0.79461 -0.00550 0.60616
1403637142588318976 0.02018 -0.05168 -0.04580 -0.03309 0.79466 -0.00586 0.60613
1403637142688318976 0.02036 -0.05164 -0.04587 -0.03249 0.79473 -0.00625 0.60607
1403637142788319232 0.02034 -0.05172 -0.04586 -0.03196 0.79477 -0.00665 0.60604
