1403637134288319232 -0.02024 0.00204 -0.00399 -0.03771 0.79130 0.05353 0.60792
1403637134388318976 -0.04900 0.01034 -0.01780 -0.03848 0.77934 0.05131 0.62331
1403637134488318976 -0.05973 0.00992 -0.07313 -0.04676 0.77091 0.04634 0.63354
1403637134588318976 -0.06898 0.00848 -0.16481 -0.05087 0.77092 0.04433 0.63335
1403637134688318976 -0.07700 0.00560 -0.29125 -0.04614 0.77887 0.04693 0.62373
1403637134788319232 -0.08357 0.00199 -0.44393 -0.05025 0.79018 0.05457 0.60837
1403637134888318976 -0.09468 -0.00223 -0.60530 -0.05839 0.80417 0.05846 0.58863
1403637134988318976 -0.10895 -0.00742 -0.75928 -0.06810 0.81250 0.05786 0.57607
1403637135088318976 -0.12625 -0.01302 -0.89639 -0.07465 0.81405 0.05876 0.57297
1403637135188318976 -0.14585 -0.02068 -1.01492 -0.07503 0.81652 0.06418 0.56881
1403637135288319232 -0.16814 -0.02763 -1.10287 -0.07315 0.82296 0.06843 0.55920
1403637135388318976 -0.19128 -0.03863 -1.15343 -0.07162 0.82001 0.06979 0.56355
1403637135488318976 -0.21465 -0.05343 -1.18112 -0.06786 0.80579 0.07366 0.58367
1403637135588318976 -0.24310 -0.07045 -1.20165 -0.06549 0.78961 0.07774 0.60513
1403637135688318976 -0.27329 -0.08331 -1.23139 -0.06464 0.77488 0.07509 0.62430
1403637135788319232 -0.30654 -0.08302 -1.28704 -0.07171 0.76276 0.06936 0.63894
1403637135888318976 -0.33071 -0.11713 -1.37531 -0.08090 0.75607 0.06768 0.64594
1403637135988318976 -0.36920 -0.16935 -1.49436 -0.08678 0.75554 0.06945 0.64561
1403637136088318976 -0.39462 -0.19452 -1.66339 -0.08702 0.75935 0.07478 0.64048
1403637136188318976 -0.41297 -0.22024 -1.86344 -0.08447 0.76658 0.07928 0.63161
1403637136288319232 -0.44125 -0.23373 -2.07715 -0.08395 0.77903 0.08273 0.61581
1403637136388318976 -0.47586 -0.25187 -2.28936 -0.08533 0.79338 0.08469 0.59673
1403637136488318976 -0.51446 -0.29731 -2.48449 -0.09380 0.80493 0.08729 0.57937
1403637136588318976 -0.56093 -0.32607 -2.65483 -0.09997 0.81050 0.08781 0.57043
1403637136688318976 -0.61284 -0.36175 -2.78970 -0.09884 0.81125 0.09247 0.56882
1403637136788319232 -0.66555 -0.41160 -2.88466 -0.10253 0.80747 0.09577 0.57297
1403637136888318976 -0.72896 -0.46115 -2.95345 -0.10420 0.79486 0.09800 0.58969
1403637136988318976 -0.79043 -0.50087 -3.01728 -0.10216 0.77898 0.09464 0.61139
1403637137088318976 -0.84145 -0.57133 -3.09445 -0.10662 0.76239 0.09015 0.63187
1403637137188318976 -0.94168 -0.52796 -3.21061 -0.11049 0.74812 0.07662 0.64980
1403637137288319232 -0.95473 -0.62253 -3.37077 -0.12237 0.73816 0.08391 0.65810
1403637137388318976 -1.04131 -0.68672 -3.55440 -0.12338 0.73320 0.08677 0.66307
1403637137488318976 -1.10649 -0.72957 -3.78368 -0.12370 0.73437 0.09207 0.66100
1403637137588318976 -1.16203 -0.76817 -4.03936 -0.11564 0.74473 0.10152 0.64938
1403637137688318976 -1.22318 -0.78962 -4.30911 -0.10612 0.76197 0.10642 0.62993
1403637137788319232 -1.28723 -0.82414 -4.57275 -0.10982 0.77550 0.11036 0.61185
1403637137888318976 -1.37298 -0.86859 -4.81923 -0.11583 0.78337 0.11638 0.59947
1403637137988318976 -1.45973 -0.94313 -5.03471 -0.11590 0.79149 0.12387 0.58716
1403637138088318976 -1.56478 -0.97895 -5.20808 -0.11670 0.79700 0.12553 0.57915
1403637138188318976 -1.65524 -1.08985 -5.33931 -0.12431 0.78799 0.13718 0.58720
1403637138288319232 -1.76261 -1.15595 -5.45005 -0.11692 0.76849 0.14361 0.61248
1403637138388318976 -1.87257 -1.20056 -5.56532 -0.11890 0.74521 0.13768 0.64153
1403637138488318976 -2.01043 -1.23482 -5.70634 -0.11457 0.72621 0.12494 0.66624
1403637138588318976 -2.17246 -1.18975 -5.87676 -0.10761 0.71459 0.11210 0.68207
1403637138688318976 -2.23790 -1.34973 -6.10324 -0.12237 0.70904 0.11885 0.68422
1403637138788319232 -2.38574 -1.38892 -6.35476 -0.12620 0.71277 0.11781 0.67982
1403637138888318976 -2.49081 -1.44537 -6.64555 -0.12663 0.72251 0.11906 0.66915
1403637138988318976 -2.59553 -1.52534 -6.95421 -0.13523 0.73094 0.12520 0.65709
1403637139088318976 -2.68244 -1.54340 -7.26359 -0.14852 0.73699 0.12873 0.64670
1403637139188318976 -2.73015 -1.60706 -7.56690 -0.15939 0.74134 0.13373 0.63806
1403637139288319232 -2.81231 -1.64352 -7.85085 -0.16294 0.74274 0.13935 0.63433
1403637139388318976 -2.92707 -1.68658 -8.11480 -0.16309 0.74181 0.14640 0.63379
1403637139488318976 -3.04046 -1.77664 -8.36841 -0.17222 0.73681 0.15894 0.63419
1403637139588318976 -3.17637 -1.85780 -8.61648 -0.18017 0.73050 0.16480 0.63777
1403637139688318976 -3.27468 -1.92086 -8.86805 -0.18649 0.72388 0.17426 0.64098
1403637139788319232 -3.40075 -2.02605 -9.12149 -0.19443 0.71903 0.18329 0.64156
1403637139888318976 -3.39703 -2.01574 -9.38497 -0.19898 0.71338 0.18008 0.64735
1403637139988318976 -3.50328 -2.18103 -9.63612 -0.22132 0.70274 0.19225 0.64824
1403637140088318976 -3.56884 -2.18454 -9.89208 -0.22179 0.69794 0.18285 0.65594
1403637140188318976 -3.69386 -2.21429 -10.14681 -0.22340 0.69217 0.17874 0.66260
1403637140288319232 -3.78206 -2.19427 -10.40361 -0.22158 0.69403 0.17650 0.66187
1403637140388318976 -3.90231 -2.19618 -10.66199 -0.22559 0.69376 0.17497 0.66120
1403637140488318976 -4.04328 -2.27146 -10.91807 -0.23101 0.69181 0.17938 0.66020
1403637140588318976 -4.18681 -2.34814 -11.17405 -0.23739 0.68991 0.18339 0.65882
1403637140688318976 -4.33523 -2.42974 -11.42973 -0.24280 0.68783 0.18807 0.65769
1403637140788319232 -4.48554 -2.51191 -11.68546 -0.24790 0.68583 0.19260 0.65657
1403637140888318976 -4.63844 -2.59544 -11.94133 -0.25285 0.68389 0.19678 0.65546
1403637140988318976 -4.79340 -2.68052 -12.19752 -0.25757 0.68198 0.20092 0.65436
1403637141088318976 -4.95038 -2.75911 -12.45295 -0.26198 0.68015 0.20475 0.65333
1403637141188318976 -5.11067 -2.83575 -12.70769 -0.26616 0.67838 0.20844 0.65231
1403637141288319232 -5.27421 -2.91703 -12.96213 -0.27029 0.67656 0.21215 0.65131
1403637141388318976 -5.44041 -3.00023 -13.21627 -0.27439 0.67476 0.21575 0.65028
1403637141488318976 -5.60960 -3.08155 -13.46992 -0.27828 0.67303 0.21916 0.64927
1403637141588318976 -5.78248 -3.16521 -13.72286 -0.28206 0.67132 0.22255 0.64826
1403637141688318976 -5.95999 -3.24946 -13.97456 -0.28584 0.66962 0.22575 0.64726
1403637141788319232 -6.14148 -3.33720 -14.22545 -0.28947 0.66792 0.22902 0.64625
1403637141888318976 -6.32387 -3.42729 -14.47650 -0.29305 0.66622 0.23220 0.64525
1403637141988318976 -6.51505 -3.51739 -14.72545 -0.29655 0.66456 0.23521 0.64428
1403637142088318976 -6.70544 -3.60300 -14.97457 -0.29980 0.66300 0.23811 0.64332
1403637142188318976 -6.89919 -3.70479 -15.22319 -0.30320 0.66133 0.24110 0.64233
1403637142288319232 -7.09676 -3.79986 -15.47095 -0.30636 0.65976 0.24383 0.64141
1403637142388318976 -7.30012 -3.90286 -15.71744 -0.30946 0.65814 0.24661 0.64053
1403637142488318976 -7.50866 -4.00660 -15.96283 -0.31253 0.65661 0.24922 0.63959
1403637142588318976 -7.71591 -4.13398 -16.20961 -0.31573 0.65497 0.25192 0.63864
1403637142688318976 -7.92476 -4.25188 -16.45615 -0.31857 0.65354 0.25437 0.63773
1403637142788319232 -8.15325 -4.33370 -16.69788 -0.32086 0.65227 0.25641 0.63707
1403637142888318976 -8.38374 -4.52613 -16.94107 -0.32437 0.65039 0.25927 0.63604
1403637142988318976 -8.61140 -4.70117 -17.19061 -0.32746 0.64877 0.26177 0.63509
1403637143088318976 -8.83425 -4.81164 -17.44082 -0.32959 0.64761 0.26358 0.63443
1403637143188318976 -9.05576 -4.95058 -17.69326 -0.33176 0.64645 0.26540 0.63372
1403637143288319232 -9.28723 -5.04526 -17.94532 -0.33326 0.64560 0.26669 0.63326
1403637143388318976 -9.52291 -5.15026 -18.19639 -0.33470 0.64476 0.26795 0.63282
1403637143488318976 -9.77114 -5.25320 -18.44364 -0.33601 0.64396 0.26904 0.63248
1403637143588318976 -9.30041 -4.42426 -18.54472 -0.32077 0.65389 0.25570 0.63573
1403637143688318976 -9.80185 -4.00276 -18.83012 -0.31471 0.65528 0.25178 0.63888
1403637143788319232 -10.06718 -4.01825 -19.06414 -0.31561 0.65453 0.25269 0.63885
1403637143888318976 -10.32612 -4.07258 -19.29882 -0.31685 0.65370 0.25376 0.63866
1403637143988318976 -10.58088 -4.11652 -19.53854 -0.31791 0.65296 0.25487 0.63845
1403637144088318976 -10.85695 -4.19988 -19.77064 -0.31902 0.65223 0.25573 0.63830
1403637144188318976 -11.15839 -4.17358 -19.99777 -0.31930 0.65178 0.25623 0.63842
1403637144288319232 -11.47457 -4.05692 -20.22049 -0.31908 0.65159 0.25656 0.63859
1403637144388318976 -11.77636 -4.15478 -20.44502 -0.32050 0.65057 0.25765 0.63847
1403637144488318976 -12.07046 -4.31992 -20.66787 -0.32241 0.64932 0.25919 0.63816
1403637144588318976 -12.38904 -4.35708 -20.88942 -0.32288 0.64891 0.25967 0.63816
1403637144688318976 -12.69743 -4.37624 -21.11699 -0.32364 0.64825 0.26048 0.63811
1403637144788319232 -12.99261 -4.44175 -21.35151 -0.32461 0.64737 0.26139 0.63814
1403637144888318976 -13.30479 -4.44505 -21.58269 -0.32488 0.64701 0.26190 0.63815
1403637144988318976 -13.57400 -4.67408 -21.82683 -0.32639 0.64614 0.26326 0.63771
1403637145088318976 -13.88657 -4.89158 -22.06392 -0.32754 0.64537 0.26391 0.63763
1403637145188318976 -14.25230 -4.77096 -22.29165 -0.32680 0.64544 0.26372 0.63801
1403637145288319232 -14.63552 -4.64437 -22.51473 -0.32621 0.64539 0.26359 0.63843
1403637145388318976 -14.98096 -4.73976 -22.74759 -0.32681 0.64478 0.26411 0.63852
1403637145488318976 -15.31889 -4.80914 -22.98731 -0.32720 0.64432 0.26441 0.63865
1403637145588318976 -15.66135 -4.84255 -23.23041 -0.32713 0.64407 0.26453 0.63889
1403637145688318976 -15.99792 -4.88162 -23.48033 -0.32702 0.64392 0.26465 0.63905
1403637145788319232 -16.37175 -4.95936 -23.72109 -0.32708 0.64362 0.26474 0.63928
1403637145888318976 -16.64210 -5.34442 -23.99054 -0.32832 0.64303 0.26519 0.63905
1403637145988318976 -17.00269 -5.45654 -24.24604 -0.32815 0.64289 0.26512 0.63932
1403637146088318976 -17.49164 -5.18885 -24.48245 -0.32617 0.64341 0.26427 0.64016
1403637146188318976 -17.91369 -5.18705 -24.73671 -0.32533 0.64339 0.26401 0.64071
1403637146288319232 -18.31542 -5.21490 -24.99698 -0.32493 0.64344 0.26353 0.64106
1403637146388318976 -18.70957 -5.21916 -25.26601 -0.32407 0.64361 0.26304 0.64152
1403637146488318976 -19.12674 -5.27332 -25.53544 -0.32325 0.64379 0.26252 0.64197
1403637146588318976 -19.56307 -5.44662 -25.80518 -0.32303 0.64368 0.26224 0.64230
1403637146688318976 -19.87594 -5.60504 -26.12381 -0.32269 0.64366 0.26184 0.64266
1403637146788319232 -19.73029 -5.03905 -26.31232 -0.31742 0.64702 0.25701 0.64386
1403637146888318976 -20.73772 -4.34101 -26.62135 -0.31263 0.64810 0.25478 0.64601
1403637146988318976 -21.15053 -4.54575 -26.95666 -0.31166 0.64825 0.25408 0.64659
1403637147088318976 -21.52500 -4.89816 -27.28827 -0.31132 0.64841 0.25332 0.64689
1403637147188318976 -21.98055 -5.00759 -27.61285 -0.30980 0.64890 0.25205 0.64763
1403637147288319232 -22.57062 -4.73938 -27.91825 -0.30703 0.64976 0.25036 0.64874
1403637147388318976 -23.26422 -4.25107 -28.20584 -0.30360 0.65072 0.24849 0.65011
1403637147488318976 -23.79160 -4.10537 -28.54412 -0.30132 0.65142 0.24704 0.65103
1403637147588318976 -24.31333 -4.06687 -28.87972 -0.29945 0.65199 0.24570 0.65182
1403637147688318976 -24.83589 -4.06901 -29.22109 -0.29753 0.65253 0.24440 0.65265
1403637147788319232 -25.36099 -4.09531 -29.56970 -0.29565 0.65311 0.24297 0.65346
1403637147888318976 -25.89291 -4.10255 -29.92660 -0.29362 0.65376 0.24145 0.65428
1403637147988318976 -26.43496 -4.12519 -30.29282 -0.29157 0.65441 0.23990 0.65512
1403637148088318976 -26.99876 -4.18690 -30.66181 -0.28952 0.65503 0.23830 0.65599
1403637148188318976 -27.57046 -4.23579 -31.03746 -0.28743 0.65570 0.23666 0.65684
1403637148288319232 -28.15243 -4.33229 -31.42167 -0.28545 0.65632 0.23519 0.65761
1403637148388318976 -28.88275 -4.10995 -31.78128 -0.28247 0.65709 0.23338 0.65876
1403637148488318976 -29.76932 -3.67003 -32.11552 -0.27898 0.65792 0.23177 0.66000
1403637148588318976 -30.26351 -4.20066 -32.59925 -0.27848 0.65790 0.23121 0.66043
1403637148688318976 -30.88127 -4.35421 -32.94507 -0.27687 0.65852 0.23013 0.66086
1403637148788319232 -31.71224 -3.74090 -33.30353 -0.27301 0.65968 0.22852 0.66186
1403637148888318976 -32.42926 -3.56039 -33.71309 -0.27039 0.66041 0.22744 0.66258
1403637148988318976 -33.18857 -3.64272 -34.10289 -0.26867 0.66075 0.22669 0.66320
1403637149088318976 -33.93696 -3.69362 -34.49759 -0.26671 0.66118 0.22591 0.66383
1403637149188318976 -34.69563 -3.81108 -34.90016 -0.26468 0.66151 0.22515 0.66457
1403637149288319232 -35.29145 -4.81784 -35.36060 -0.26519 0.66125 0.22480 0.66475
1403637149388318976 -35.89990 -5.61962 -35.82195 -0.26485 0.66137 0.22433 0.66492
1403637149488318976 -37.15018 -6.75276 -36.16938 -0.26604 0.66193 0.22626 0.66323
1403637149588318976 -38.64032 -4.83364 -36.58141 -0.25772 0.66414 0.22668 0.66417
1403637149688318976 -39.87149 -4.07470 -37.04099 -0.25268 0.66722 0.23582 0.65982
1403637149788319232 -42.20137 -6.37189 -36.61236 -0.25475 0.66786 0.24288 0.65580
1403637149888318976 -43.88479 -8.73082 -35.80796 -0.25728 0.67395 0.25226 0.64495
1403637149988318976 -44.91768 -10.99484 -34.37592 -0.25273 0.68168 0.26862 0.63189
1403637150088318976 -45.20904 -14.90367 -32.23962 -0.25066 0.68399 0.29422 0.61867
1403637150188318976 -43.16377 -15.82328 -30.49517 -0.25332 0.68076 0.31272 0.61205
1403637150288319232 -44.14316 -16.93907 -29.90685 -0.25787 0.67474 0.31771 0.61424
1403637150388318976 -45.34049 -20.44673 -30.11404 -0.27998 0.65890 0.32769 0.61651
1403637150488318976 -46.46014 -20.54794 -30.04292 -0.27392 0.65871 0.31111 0.62792
1403637150588318976 -47.15389 -21.01217 -30.11858 -0.28619 0.65038 0.31975 0.62679
1403637150688318976 -47.67710 -21.88916 -30.22154 -0.31016 0.63657 0.34107 0.61827
1403637150788319232 -48.10718 -22.86221 -30.30318 -0.33272 0.62234 0.36358 0.60811
1403637150888318976 -48.63299 -23.53876 -30.39719 -0.34394 0.61202 0.37207 0.60721
1403637150988318976 -49.32122 -23.92655 -30.49640 -0.34814 0.60567 0.37120 0.61170
