1403638523.327829599 0.01522 0.00945 0.15141 0.80400 0.00591 0.59241 -0.05096
1403638523.427829504 0.01346 0.00796 0.10366 0.80401 0.00619 0.59268 -0.04753
1403638523.527829409 0.00850 0.00081 0.07995 0.80979 0.00968 0.58516 -0.04171
1403638523.627829552 0.00359 -0.00688 0.03158 0.82016 0.01338 0.57092 -0.03491
1403638523.727829456 0.00830 -0.01333 0.01362 0.82828 0.01666 0.55922 -0.03086
1403638523.827829599 0.00470 -0.01666 -0.00031 0.83143 0.01997 0.55451 -0.02907
1403638523.927829504 0.00047 -0.02064 -0.01026 0.83167 0.02479 0.55429 -0.02186
1403638524.027829409 -0.00261 -0.01788 -0.02297 0.83344 0.03208 0.55153 -0.01254
1403638524.127829552 -0.00525 -0.01327 -0.01763 0.83781 0.03937 0.54447 -0.00846
1403638524.227829456 -0.00752 -0.01662 0.01235 0.84097 0.04230 0.53924 -0.01378
1403638524.327829599 -0.01050 -0.03144 0.06711 0.83967 0.04294 0.54091 -0.02311
1403638524.427829504 -0.00402 -0.02990 0.12469 0.83503 0.04052 0.54779 -0.03166
1403638524.527829409 -0.00021 -0.02954 0.18400 0.82675 0.03981 0.55996 -0.03671
1403638524.627829552 -0.00009 -0.03524 0.23852 0.81853 0.03687 0.57207 -0.03722
1403638524.727829456 0.00667 -0.02662 0.28338 0.81350 0.03115 0.58010 -0.02721
1403638524.827829599 0.01074 -0.01871 0.31516 0.81082 0.02575 0.58456 -0.01414
1403638524.927829504 0.01701 -0.01244 0.33457 0.80978 0.02557 0.58590 -0.01791
1403638525.027829409 0.01944 -0.00972 0.33467 0.80765 0.02903 0.58853 -0.02234
1403638525.127829552 0.01913 -0.00689 0.31143 0.80529 0.03287 0.59170 -0.01797
1403638525.227829456 0.02561 -0.00431 0.27606 0.80593 0.03779 0.59057 -0.01659
1403638525.327829599 0.02387 -0.00226 0.22521 0.81183 0.04250 0.58208 -0.01762
1403638525.427829504 0.01997 0.00030 0.17266 0.82315 0.04571 0.56552 -0.02295
1403638525.527829409 0.01789 -0.00378 0.12498 0.83478 0.04660 0.54764 -0.03244
1403638525.627829552 0.01459 -0.00950 0.08156 0.84069 0.04501 0.53843 -0.03620
1403638525.727829456 0.01361 -0.02395 0.04615 0.84119 0.04146 0.53798 -0.03538
1403638525.827829599 0.01356 -0.01298 0.02230 0.83827 0.03508 0.54329 -0.03020
1403638525.927829504 0.01231 -0.01331 0.00608 0.83523 0.03220 0.54855 -0.02104
1403638526.027829409 0.01351 -0.01851 -0.00001 0.83562 0.03146 0.54822 -0.01431
1403638526.127829552 0.00423 -0.04619 0.00093 0.83803 0.02530 0.54491 -0.01201
1403638526.227829456 -0.00065 -0.07745 0.01134 0.83897 0.01576 0.54387 -0.00972
1403638526.327829599 -0.00922 -0.11078 0.02558 0.83605 0.00715 0.54857 -0.00647
1403638526.427829504 -0.01898 -0.15329 0.03854 0.83110 -0.00226 0.55610 -0.00419
1403638526.527829409 -0.03004 -0.19985 0.04942 0.82590 -0.01385 0.56363 -0.00336
1403638526.627829552 -0.04243 -0.25427 0.05756 0.82030 -0.02335 0.57146 -0.00098
1403638526.727829456 -0.05710 -0.31813 0.06480 0.81624 -0.03036 0.57691 0.00427
1403638526.827829599 -0.07393 -0.38723 0.07081 0.81409 -0.03386 0.57956 0.01453
1403638526.927829504 -0.09136 -0.45148 0.07416 0.81531 -0.03798 0.57746 0.01904
1403638527.027829409 -0.10798 -0.51099 0.07733 0.81952 -0.04789 0.57051 0.02493
1403638527.127829552 -0.12299 -0.56511 0.08112 0.82294 -0.06300 0.56366 0.03307
1403638527.227829456 -0.13354 -0.61082 0.08652 0.82212 -0.07772 0.56243 0.04187
1403638527.327829599 -0.13972 -0.64198 0.09257 0.81740 -0.08930 0.56628 0.05663
1403638527.427829504 -0.13854 -0.65316 0.09750 0.81254 -0.09565 0.57063 0.07084
1403638527.527829409 -0.13225 -0.64275 0.09889 0.81044 -0.09839 0.57228 0.07750
1403638527.627829552 -0.12264 -0.61625 0.09983 0.81060 -0.09777 0.57211 0.07787
1403638527.727829456 -0.10858 -0.57281 0.09879 0.81135 -0.09149 0.57249 0.07487
1403638527.827829599 -0.08850 -0.52030 0.09728 0.81394 -0.08592 0.57082 0.06545
1403638527.927829504 -0.06753 -0.46268 0.09889 0.81653 -0.08141 0.56924 0.05120
1403638528.027829409 -0.04384 -0.40622 0.10237 0.81613 -0.07491 0.57125 0.04466
1403638528.127829552 -0.02228 -0.34862 0.10063 0.81555 -0.06648 0.57377 0.03528
1403638528.227829456 0.00027 -0.29695 0.09548 0.81700 -0.05640 0.57338 0.02376
1403638528.327829599 0.03004 -0.25208 0.09191 0.81807 -0.04580 0.57316 0.01236
1403638528.427829504 0.06204 -0.22003 0.08821 0.81683 -0.03998 0.57541 0.00991
1403638528.527829409 0.09820 -0.19870 0.08440 0.81753 -0.04031 0.57435 0.01224
1403638528.627829552 0.13373 -0.18248 0.08276 0.81960 -0.04746 0.57085 0.01129
1403638528.727829456 0.16650 -0.17076 0.08308 0.81962 -0.05297 0.57032 0.01284
1403638528.827829599 0.18932 -0.16293 0.08715 0.81852 -0.05887 0.57127 0.01441
1403638528.927829504 0.19610 -0.15620 0.09578 0.81767 -0.06660 0.57177 0.00796
1403638529.027829409 0.18790 -0.14672 0.11152 0.81841 -0.07088 0.57024 0.00227
1403638529.127829552 0.16547 -0.13480 0.12625 0.81919 -0.06773 0.56936 0.01326
1403638529.227829456 0.13415 -0.11421 0.13269 0.82069 -0.06036 0.56746 0.02851
1403638529.327829599 0.10038 -0.09038 0.12806 0.82417 -0.05524 0.56249 0.03607
1403638529.427829504 0.06675 -0.06865 0.11375 0.83202 -0.05151 0.55107 0.03758
1403638529.527829409 0.03613 -0.05286 0.09126 0.84328 -0.04974 0.53412 0.03352
1403638529.627829552 0.01234 -0.04078 0.06591 0.85079 -0.04634 0.52234 0.03420
1403638529.727829456 -0.00230 -0.03402 0.03912 0.85091 -0.04407 0.52238 0.03377
1403638529.827829599 -0.01373 -0.02767 0.01639 0.84489 -0.04460 0.53209 0.03240
1403638529.927829504 -0.01600 -0.02153 0.00050 0.84005 -0.04494 0.53967 0.03234
1403638530.027829409 -0.01640 -0.01683 -0.01254 0.83967 -0.04525 0.54020 0.03306
1403638530.127829552 -0.00672 -0.01620 -0.02151 0.84179 -0.04762 0.53666 0.03341
1403638530.227829456 0.00585 -0.01796 -0.03085 0.84219 -0.05355 0.53532 0.03574
1403638530.327829599 0.01915 -0.02037 -0.04178 0.84142 -0.05965 0.53580 0.03705
1403638530.427829504 0.03109 -0.02650 -0.05138 0.84079 -0.06352 0.53611 0.04042
1403638530.527829409 0.04033 -0.03082 -0.05772 0.84056 -0.06757 0.53614 0.03814
1403638530.627829552 0.04744 -0.03520 -0.06632 0.84166 -0.07002 0.53396 0.04002
1403638530.727829456 0.05157 -0.03765 -0.07230 0.84540 -0.07240 0.52766 0.04032
1403638530.827829599 0.05635 -0.04106 -0.08023 0.84744 -0.07297 0.52431 0.04027
1403638530.927829504 0.05915 -0.04216 -0.08488 0.84655 -0.07230 0.52600 0.03798
1403638531.027829409 0.05940 -0.04177 -0.08705 0.84387 -0.07222 0.53040 0.03674
1403638531.127829552 0.05886 -0.04063 -0.08694 0.84025 -0.07090 0.53611 0.03925
1403638531.227829456 0.05997 -0.03958 -0.08760 0.83996 -0.06809 0.53678 0.04124
1403638531.327829599 0.06029 -0.03847 -0.08876 0.83630 -0.06824 0.54238 0.04205
1403638531.427829504 0.06008 -0.03861 -0.08899 0.83704 -0.06789 0.54120 0.04308
1403638531.527829409 0.05970 -0.03877 -0.08881 0.83623 -0.06856 0.54239 0.04284
1403638531.627829552 0.05979 -0.03892 -0.08890 0.83637 -0.06757 0.54225 0.04340
1403638531.727829456 0.05980 -0.03885 -0.08910 0.83646 -0.06823 0.54201 0.04363
1403638531.827829599 0.05995 -0.03891 -0.08928 0.83644 -0.06851 0.54199 0.04380
1403638531.927829504 0.06012 -0.03896 -0.08954 0.83637 -0.06886 0.54204 0.04391
1403638532.027829409 0.06015 -0.03893 -0.08963 0.83633 -0.06917 0.54206 0.04404
1403638532.127829552 0.06045 -0.03896 -0.08980 0.83630 -0.06941 0.54206 0.04425
1403638532.227829456 0.06041 -0.03901 -0.08988 0.83630 -0.06942 0.54203 0.04465
1403638532.327829599 0.06046 -0.03912 -0.08994 0.83626 -0.06951 0.54205 0.04492
1403638532.427829504 0.06045 -0.03915 -0.08996 0.83624 -0.06960 0.54205 0.04518
1403638532.527829409 0.06053 -0.03921 -0.09003 0.83620 -0.06977 0.54207 0.04538
1403638532.627829552 0.06069 -0.03924 -0.09017 0.83618 -0.06991 0.54208 0.04553
1403638532.727829456 0.06083 -0.03929 -0.09035 0.83611 -0.07003 0.54216 0.04561
1403638532.827829599 0.06093 -0.03929 -0.09039 0.83608 -0.07017 0.54218 0.04572
1403638532.927829504 0.06083 -0.03931 -0.09039 0.83604 -0.07022 0.54222 0.04590
1403638533.027829409 0.06107 -0.03941 -0.09056 0.83599 -0.07031 0.54227 0.04604
1403638533.127829552 0.06108 -0.03943 -0.09059 0.83595 -0.07044 0.54230 0.04620
1403638533.227829456 0.06116 -0.03944 -0.09066 0.83591 -0.07055 0.54234 0.04636
1403638533.327829599 0.06127 -0.03954 -0.09078 0.83586 -0.07062 0.54239 0.04648
1403638533.427829504 0.06116 -0.03954 -0.09073 0.83582 -0.07069 0.54244 0.04653
1403638533.527829409 0.06121 -0.03957 -0.09078 0.83578 -0.07077 0.54249 0.04663
1403638533.627829552 0.06133 -0.03963 -0.09087 0.83574 -0.07081 0.54252 0.04679
1403638533.727829456 0.06138 -0.03965 -0.09091 0.83572 -0.07088 0.54253 0.04694
1403638533.827829599 0.06145 -0.03963 -0.09100 0.83564 -0.07100 0.54263 0.04700
1403638533.927829504 0.06135 -0.03964 -0.09104 0.83565 -0.07096 0.54262 0.04704
1403638534.027829409 0.06068 -0.03961 -0.09066 0.83562 -0.07116 0.54264 0.04716
1403638534.127829552 0.06108 -0.03980 -0.09059 0.83560 -0.07139 0.54261 0.04738
1403638534.227829456 0.06111 -0.03973 -0.09070 0.83554 -0.07151 0.54269 0.04732
1403638534.327829599 0.06142 -0.03966 -0.09088 0.83553 -0.07147 0.54272 0.04723
1403638534.427829504 0.06130 -0.03956 -0.09095 0.83556 -0.07152 0.54268 0.04721
1403638534.527829409 0.06106 -0.03966 -0.09080 0.83553 -0.07181 0.54266 0.04749
1403638534.627829552 0.06103 -0.03971 -0.09067 0.83558 -0.07141 0.54265 0.04734
1403638534.727829456 0.06110 -0.03968 -0.09070 0.83558 -0.07118 0.54269 0.04722
1403638534.827829599 0.06109 -0.03960 -0.09073 0.83553 -0.07124 0.54275 0.04732
1403638534.927829504 0.06101 -0.03969 -0.09070 0.83550 -0.07147 0.54273 0.04758
1403638535.027829409 0.06093 -0.03976 -0.09064 0.83552 -0.07145 0.54272 0.04752
1403638535.127829552 0.06101 -0.03975 -0.09068 0.83555 -0.07137 0.54268 0.04753
1403638535.227829456 0.06106 -0.03972 -0.09074 0.83552 -0.07136 0.54274 0.04747
1403638535.327829599 0.06098 -0.03977 -0.09069 0.83552 -0.07141 0.54273 0.04745
1403638535.427829504 0.06106 -0.03979 -0.09072 0.83552 -0.07133 0.54274 0.04749
1403638535.527829409 0.06104 -0.03979 -0.09067 0.83548 -0.07139 0.54279 0.04747
1403638535.627829552 0.06096 -0.03979 -0.09062 0.83549 -0.07135 0.54279 0.04745
1403638535.727829456 0.06097 -0.03976 -0.09063 0.83545 -0.07134 0.54285 0.04744
1403638535.827829599 0.06085 -0.03976 -0.09059 0.83544 -0.07130 0.54287 0.04736
1403638535.927829504 0.06080 -0.03977 -0.09062 0.83545 -0.07131 0.54286 0.04731
1403638536.027829409 0.06088 -0.03976 -0.09070 0.83546 -0.07126 0.54286 0.04726
1403638536.127829552 0.06097 -0.03977 -0.09067 0.83547 -0.07128 0.54285 0.04725
1403638536.227829456 0.06103 -0.03982 -0.09066 0.83539 -0.07122 0.54299 0.04716
1403638536.327829599 0.06107 -0.03974 -0.09067 0.83529 -0.07118 0.54314 0.04712
1403638536.427829504 0.06101 -0.03975 -0.09065 0.83530 -0.07128 0.54310 0.04719
1403638536.527829409 0.06094 -0.03969 -0.09058 0.83532 -0.07124 0.54309 0.04717
1403638536.627829552 0.06104 -0.03979 -0.09056 0.83528 -0.07132 0.54313 0.04714
1403638536.727829456 0.06115 -0.03977 -0.09067 0.83528 -0.07119 0.54314 0.04722
1403638536.827829599 0.06115 -0.03980 -0.09077 0.83522 -0.07123 0.54323 0.04724
1403638536.927829504 0.06117 -0.03983 -0.09066 0.83520 -0.07126 0.54325 0.04726
1403638537.027829409 0.06107 -0.03978 -0.09061 0.83520 -0.07126 0.54325 0.04729
1403638537.127829552 0.06105 -0.03975 -0.09063 0.83518 -0.07120 0.54329 0.04740
1403638537.227829456 0.06105 -0.03975 -0.09060 0.83514 -0.07127 0.54333 0.04743
1403638537.327829599 0.06119 -0.03980 -0.09055 0.83510 -0.07128 0.54340 0.04743
1403638537.427829504 0.06126 -0.03988 -0.09053 0.83507 -0.07120 0.54346 0.04736
1403638537.527829409 0.06124 -0.03991 -0.09049 0.83507 -0.07113 0.54347 0.04739
1403638537.627829552 0.06114 -0.03989 -0.09042 0.83506 -0.07103 0.54349 0.04750
1403638537.727829456 0.06109 -0.03983 -0.09032 0.83509 -0.07110 0.54341 0.04758
1403638537.827829599 0.06108 -0.03981 -0.09028 0.83507 -0.07113 0.54345 0.04757
1403638537.927829504 0.06135 -0.03986 -0.09044 0.83504 -0.07107 0.54350 0.04755
1403638538.027829409 0.06112 -0.03982 -0.09030 0.83507 -0.07110 0.54345 0.04758
1403638538.127829552 0.06117 -0.03981 -0.09028 0.83499 -0.07108 0.54357 0.04769
1403638538.227829456 0.06149 -0.03985 -0.09046 0.83500 -0.07106 0.54355 0.04769
1403638538.327829599 0.06153 -0.03985 -0.09052 0.83499 -0.07100 0.54358 0.04771
1403638538.427829504 0.06143 -0.03983 -0.09037 0.83486 -0.07106 0.54376 0.04777
1403638538.527829409 0.06126 -0.03987 -0.09019 0.83484 -0.07109 0.54378 0.04774
1403638538.627829552 0.06110 -0.03988 -0.09000 0.83464 -0.07120 0.54407 0.04792
1403638538.727829456 0.06120 -0.03989 -0.08989 0.83429 -0.07114 0.54459 0.04813
1403638538.827829599 0.06229 -0.03983 -0.08988 0.83377 -0.07069 0.54548 0.04777
1403638538.927829504 0.06573 -0.03957 -0.08916 0.83086 -0.06975 0.55000 0.04801
1403638539.027829409 0.06947 -0.03978 -0.08563 0.82616 -0.07036 0.55684 0.04931
1403638539.127829552 0.07689 -0.04050 -0.08138 0.81948 -0.07159 0.56648 0.04930
1403638539.227829456 0.08588 -0.04100 -0.07026 0.81473 -0.07080 0.57340 0.04915
1403638539.327829599 0.09553 -0.04121 -0.05089 0.81384 -0.07046 0.57475 0.04866
1403638539.427829504 0.10470 -0.04177 -0.02356 0.81549 -0.06945 0.57254 0.04851
1403638539.527829409 0.11264 -0.04245 0.00991 0.81748 -0.06837 0.56986 0.04814
1403638539.627829552 0.12416 -0.04375 0.04194 0.81817 -0.06746 0.56904 0.04733
1403638539.727829456 0.13384 -0.04451 0.06544 0.81883 -0.06649 0.56825 0.04673
1403638539.827829599 0.14732 -0.04506 0.07798 0.82048 -0.06517 0.56604 0.04649
1403638539.927829504 0.16453 -0.04671 0.08643 0.82436 -0.06455 0.56056 0.04499
1403638540.027829409 0.17967 -0.04746 0.09606 0.82975 -0.06509 0.55263 0.04343
1403638540.127829552 0.20235 -0.04855 0.10343 0.83560 -0.06504 0.54378 0.04296
1403638540.227829456 0.23567 -0.05164 0.11068 0.83558 -0.06371 0.54393 0.04337
1403638540.327829599 0.27412 -0.05489 0.12068 0.82942 -0.06257 0.55335 0.04422
1403638540.427829504 0.31647 -0.05768 0.12885 0.82494 -0.05844 0.56051 0.04347
1403638540.527829409 0.36238 -0.05929 0.13455 0.82467 -0.04980 0.56213 0.03799
1403638540.627829552 0.41089 -0.05842 0.14007 0.82513 -0.03585 0.56304 0.02924
1403638540.727829456 0.46072 -0.05628 0.14610 0.82470 -0.01435 0.56496 0.02218
1403638540.827829599 0.51290 -0.05153 0.15153 0.82453 0.01206 0.56553 0.01324
1403638540.927829504 0.56578 -0.04169 0.15634 0.82404 0.04013 0.56511 0.00155
1403638541.027829409 0.62044 -0.02694 0.15882 0.82271 0.06262 0.56485 -0.01330
1403638541.127829552 0.67576 -0.01012 0.15763 0.82064 0.07893 0.56540 -0.02553
1403638541.227829456 0.73212 0.01170 0.15317 0.81990 0.08988 0.56444 -0.03305
1403638541.327829599 0.78856 0.03743 0.15059 0.81937 0.09575 0.56400 -0.03696
1403638541.427829504 0.84474 0.06814 0.15388 0.81947 0.09694 0.56349 -0.03941
1403638541.527829409 0.90056 0.10265 0.16328 0.81831 0.09775 0.56512 -0.03820
1403638541.627829552 0.95808 0.14573 0.17951 0.81678 0.10003 0.56686 -0.03920
1403638541.727829456 1.01658 0.19368 0.20261 0.81504 0.10434 0.56804 -0.04637
1403638541.827829599 1.07106 0.24762 0.23465 0.81405 0.11079 0.56709 -0.05884
1403638541.927829504 1.12273 0.30523 0.26599 0.81303 0.12242 0.56478 -0.07082
1403638542.027829409 1.17459 0.36375 0.29108 0.81146 0.13817 0.56156 -0.08417
1403638542.127829552 1.22536 0.42379 0.31023 0.80881 0.15732 0.55815 -0.09769
1403638542.227829456 1.27518 0.48494 0.32431 0.80520 0.17839 0.55392 -0.11404
1403638542.327829599 1.32099 0.54774 0.33472 0.80026 0.20216 0.54963 -0.12892
1403638542.427829504 1.36797 0.61050 0.34204 0.78918 0.22309 0.55497 -0.13941
1403638542.527829409 1.41174 0.67408 0.34729 0.77577 0.24279 0.56522 -0.14058
1403638542.627829552 1.44007 0.74512 0.35873 0.76705 0.25790 0.57088 -0.13863
1403638542.727829456 1.47600 0.81816 0.36914 0.76719 0.26262 0.56734 -0.14346
1403638542.827829599 1.50773 0.89539 0.38500 0.77172 0.25970 0.55996 -0.15314
1403638542.927829504 1.53446 0.97433 0.40584 0.77737 0.25613 0.55205 -0.15915
1403638543.027829409 1.55123 1.05308 0.43443 0.78130 0.25331 0.54682 -0.16243
1403638543.127829552 1.56739 1.13145 0.46260 0.78373 0.24995 0.54432 -0.16434
1403638543.227829456 1.58272 1.21191 0.48340 0.78465 0.24827 0.54398 -0.16361
1403638543.327829599 1.59662 1.29135 0.50008 0.78525 0.24597 0.54411 -0.16379
1403638543.427829504 1.61249 1.37265 0.51141 0.78527 0.24747 0.54304 -0.16499
1403638543.527829409 1.63063 1.45815 0.51770 0.78364 0.25463 0.54088 -0.16887
1403638543.627829552 1.64675 1.54385 0.52279 0.77934 0.27020 0.53789 -0.17405
1403638543.727829456 1.66585 1.62802 0.52240 0.77275 0.28966 0.53417 -0.18335
1403638543.827829599 1.67962 1.71683 0.53020 0.76327 0.31286 0.53125 -0.19315
1403638543.927829504 1.69244 1.80491 0.54677 0.75406 0.33369 0.52624 -0.20764
1403638544.027829409 1.70509 1.89403 0.56956 0.74770 0.34840 0.51962 -0.22262
1403638544.127829552 1.71852 1.98297 0.59318 0.74428 0.35795 0.51268 -0.23467
1403638544.227829456 1.73399 2.07012 0.61378 0.74147 0.36258 0.50890 -0.24450
1403638544.327829599 1.74730 2.15959 0.62748 0.73968 0.36596 0.50681 -0.24918
1403638544.427829504 1.76310 2.24637 0.63613 0.74019 0.36735 0.50433 -0.25066
1403638544.527829409 1.78116 2.33549 0.64302 0.73935 0.36761 0.50568 -0.25002
1403638544.627829552 1.80109 2.43543 0.65320 0.73411 0.36695 0.51170 -0.25414
1403638544.727829456 1.82007 2.52427 0.66686 0.72960 0.36716 0.51619 -0.25774
1403638544.827829599 1.83572 2.61496 0.68494 0.73127 0.36926 0.51276 -0.25685
1403638544.927829504 1.85153 2.70652 0.69740 0.73412 0.37072 0.50811 -0.25583
1403638545.027829409 1.87028 2.79641 0.70285 0.73357 0.37090 0.50812 -0.25716
1403638545.127829552 1.88624 2.87847 0.70455 0.73242 0.37143 0.50881 -0.25831
1403638545.227829456 1.90439 2.96631 0.69831 0.73274 0.37314 0.50771 -0.25707
1403638545.327829599 1.91986 3.05411 0.68945 0.73064 0.37371 0.51002 -0.25766
1403638545.427829504 1.93925 3.14451 0.67431 0.72966 0.37286 0.51110 -0.25952
1403638545.527829409 1.95767 3.23444 0.65930 0.72842 0.37633 0.50879 -0.26251
1403638545.627829552 1.97337 3.32289 0.65109 0.72495 0.38527 0.50332 -0.26958
1403638545.727829456 1.98793 3.40247 0.64656 0.71879 0.39957 0.49638 -0.27801
1403638545.827829599 2.00414 3.48799 0.65075 0.70845 0.41825 0.48997 -0.28828
1403638545.927829504 2.01840 3.57423 0.66157 0.69696 0.43954 0.48152 -0.29865
1403638546.027829409 2.03643 3.66103 0.67889 0.68497 0.46040 0.47386 -0.30708
1403638546.127829552 2.05321 3.74882 0.69436 0.67443 0.47663 0.46877 -0.31340
1403638546.227829456 2.06764 3.83719 0.70403 0.66809 0.48603 0.46329 -0.32060
1403638546.327829599 2.08127 3.92729 0.70682 0.66491 0.49089 0.45849 -0.32667
1403638546.427829504 2.09409 4.01801 0.70406 0.66449 0.49207 0.45430 -0.33155
1403638546.527829409 2.10762 4.11121 0.69646 0.66342 0.49398 0.45290 -0.33276
1403638546.627829552 2.12023 4.20549 0.69322 0.65975 0.49904 0.45118 -0.33485
1403638546.727829456 2.13212 4.30242 0.69671 0.65489 0.50497 0.44883 -0.33865
1403638546.827829599 2.14335 4.40248 0.71206 0.65060 0.51080 0.44783 -0.33949
1403638546.927829504 2.15307 4.50410 0.72919 0.64754 0.51510 0.44711 -0.33980
1403638547.027829409 2.16240 4.60922 0.74204 0.64454 0.51895 0.44814 -0.33827
1403638547.127829552 2.16677 4.71289 0.74587 0.64190 0.52292 0.44995 -0.33476
1403638547.227829456 2.16907 4.81723 0.74740 0.64057 0.52500 0.45083 -0.33285
1403638547.327829599 2.16668 4.92063 0.74077 0.63968 0.52581 0.45201 -0.33168
1403638547.427829504 2.16204 5.02764 0.73547 0.64299 0.52192 0.44793 -0.33692
1403638547.527829409 2.15496 5.13728 0.72631 0.64630 0.51781 0.44433 -0.34167
1403638547.627829552 2.14341 5.23329 0.70781 0.64838 0.51534 0.44216 -0.34428
1403638547.727829456 2.13454 5.34569 0.68866 0.64874 0.51496 0.44318 -0.34284
1403638547.827829599 2.12087 5.44610 0.66278 0.64654 0.51729 0.44681 -0.33874
1403638547.927829504 2.10793 5.56037 0.63750 0.64634 0.51727 0.44745 -0.33832
1403638548.027829409 2.08868 5.67256 0.61938 0.64564 0.51854 0.44574 -0.33998
1403638548.127829552 2.07054 5.79350 0.60782 0.64298 0.52246 0.44239 -0.34336
1403638548.227829456 2.04892 5.91615 0.60695 0.63773 0.52926 0.43705 -0.34953
1403638548.327829599 2.02570 6.03627 0.61506 0.62988 0.53924 0.42995 -0.35724
1403638548.427829504 2.00108 6.16091 0.62875 0.62039 0.55169 0.42187 -0.36439
1403638548.527829409 1.97584 6.28477 0.64418 0.61195 0.56049 0.41572 -0.37223
1403638548.627829552 1.95537 6.39190 0.66240 0.60456 0.56779 0.41152 -0.37785
1403638548.727829456 1.93334 6.50566 0.67175 0.59993 0.57262 0.40799 -0.38176
1403638548.827829599 1.91055 6.62225 0.68234 0.59690 0.57590 0.40538 -0.38433
1403638548.927829504 1.88629 6.74219 0.70045 0.59516 0.57730 0.40402 -0.38637
1403638549.027829409 1.86193 6.86653 0.72264 0.59448 0.57914 0.40323 -0.38548
1403638549.127829552 1.83698 6.98946 0.75076 0.59493 0.57771 0.40246 -0.38773
1403638549.227829456 1.81393 7.11296 0.78479 0.59497 0.57729 0.40263 -0.38812
1403638549.327829599 1.78929 7.23920 0.82369 0.59613 0.57547 0.40193 -0.38976
1403638549.427829504 1.76426 7.36784 0.86323 0.59737 0.57295 0.40135 -0.39217
1403638549.527829409 1.73892 7.50056 0.89617 0.59862 0.57152 0.40079 -0.39291
1403638549.627829552 1.71593 7.63672 0.92415 0.59794 0.56954 0.40291 -0.39466
1403638549.727829456 1.69399 7.76490 0.95041 0.59731 0.56954 0.40493 -0.39354
1403638549.827829599 1.67330 7.90018 0.97762 0.59897 0.56912 0.40303 -0.39357
1403638549.927829504 1.65435 8.03225 1.01456 0.59980 0.56992 0.40255 -0.39163
1403638550.027829409 1.63669 8.16857 1.05956 0.60072 0.56935 0.40135 -0.39230
1403638550.127829552 1.62026 8.30973 1.11179 0.60165 0.56883 0.39964 -0.39337
1403638550.227829456 1.60661 8.45089 1.17050 0.60138 0.56968 0.39900 -0.39319
1403638550.327829599 1.58852 8.59780 1.23823 0.60059 0.57042 0.39996 -0.39237
1403638550.427829504 1.57411 8.74567 1.30182 0.60006 0.56958 0.39985 -0.39450
1403638550.527829409 1.56234 8.89189 1.35674 0.60127 0.56803 0.39762 -0.39713
1403638550.627829552 1.55265 9.03392 1.40421 0.60045 0.56503 0.39850 -0.40173
1403638550.727829456 1.54676 9.16884 1.44874 0.59919 0.56215 0.40020 -0.40594
1403638550.827829599 1.54445 9.29887 1.48678 0.59685 0.55947 0.40387 -0.40946
1403638550.927829504 1.54492 9.42934 1.52360 0.59226 0.55477 0.41071 -0.41566
1403638551.027829409 1.54756 9.55438 1.55476 0.58913 0.55102 0.41506 -0.42076
1403638551.127829552 1.55391 9.67474 1.58586 0.58824 0.54865 0.41620 -0.42395
1403638551.227829456 1.56318 9.78856 1.62087 0.58868 0.54663 0.41445 -0.42765
1403638551.327829599 1.57756 9.89904 1.66017 0.59314 0.54571 0.41216 -0.42486
1403638551.427829504 1.59922 9.99414 1.69882 0.60349 0.53904 0.41175 -0.41916
1403638551.527829409 1.62792 10.10449 1.73626 0.61809 0.52620 0.41415 -0.41177
1403638551.627829552 1.66400 10.20390 1.76712 0.63436 0.50807 0.41825 -0.40561
1403638551.727829456 1.70795 10.29992 1.79255 0.64939 0.48949 0.42500 -0.39758
1403638551.827829599 1.75961 10.38430 1.81102 0.66254 0.47149 0.43387 -0.38793
1403638551.927829504 1.82018 10.48103 1.82829 0.66932 0.46048 0.44607 -0.37548
1403638552.027829409 1.88605 10.55597 1.85270 0.67098 0.45423 0.45875 -0.36470
1403638552.127829552 1.95543 10.62438 1.88285 0.67395 0.45034 0.46436 -0.35688
1403638552.227829456 2.02802 10.68829 1.91684 0.67888 0.44821 0.46283 -0.35216
1403638552.327829599 2.10401 10.74661 1.95277 0.68155 0.44687 0.46181 -0.35005
1403638552.427829504 2.18247 10.80072 1.98928 0.68001 0.44187 0.46454 -0.35571
1403638552.527829409 2.26397 10.84595 2.02020 0.67649 0.43709 0.46896 -0.36248
1403638552.627829552 2.34919 10.88291 2.04631 0.67301 0.43564 0.47260 -0.36596
1403638552.727829456 2.43815 10.91111 2.06458 0.67227 0.43748 0.47207 -0.36581
1403638552.827829599 2.53150 10.93257 2.07680 0.67115 0.44057 0.47174 -0.36460
1403638552.927829504 2.62783 10.94839 2.08430 0.66974 0.44632 0.47139 -0.36061
1403638553.027829409 2.72787 10.95859 2.08891 0.66752 0.45235 0.47242 -0.35584
1403638553.127829552 2.82624 10.96202 2.08910 0.66455 0.45481 0.47389 -0.35630
1403638553.227829456 2.92743 10.96014 2.08855 0.65937 0.45127 0.47821 -0.36455
1403638553.327829599 3.02606 10.94923 2.08952 0.65347 0.44988 0.48391 -0.36935
1403638553.427829504 3.12574 10.92763 2.09653 0.64822 0.45283 0.48978 -0.36725
1403638553.527829409 3.22346 10.89715 2.10995 0.64374 0.45634 0.49479 -0.36405
1403638553.627829552 3.31800 10.85396 2.12796 0.64073 0.45915 0.49824 -0.36112
1403638553.727829456 3.40689 10.79891 2.15254 0.64036 0.46113 0.49799 -0.35958
1403638553.827829599 3.49383 10.73582 2.18399 0.64168 0.46312 0.49599 -0.35745
1403638553.927829504 3.57136 10.66154 2.21983 0.64355 0.46437 0.49393 -0.35530
1403638554.027829409 3.65418 10.58974 2.25628 0.64816 0.46413 0.48774 -0.35579
1403638554.127829552 3.72669 10.50413 2.28388 0.64997 0.46586 0.48535 -0.35347
1403638554.227829456 3.80606 10.42443 2.30925 0.65508 0.47206 0.47835 -0.34527
1403638554.327829599 3.87420 10.33282 2.32464 0.65965 0.47733 0.47181 -0.33825
1403638554.427829504 3.94722 10.24880 2.34002 0.66207 0.48032 0.46796 -0.33460
1403638554.527829409 4.01662 10.16564 2.35051 0.66285 0.48167 0.46655 -0.33310
1403638554.627829552 4.08130 10.08366 2.35819 0.66463 0.48021 0.46347 -0.33594
1403638554.727829456 4.14179 9.99715 2.36899 0.66547 0.47649 0.46195 -0.34163
1403638554.827829599 4.20173 9.91148 2.38365 0.66623 0.47375 0.46027 -0.34619
1403638554.927829504 4.26778 9.83461 2.40469 0.66652 0.47123 0.45993 -0.34950
1403638555.027829409 4.33251 9.75140 2.42164 0.66823 0.46694 0.46156 -0.34985
1403638555.127829552 4.40204 9.67363 2.43232 0.67284 0.46203 0.46448 -0.34360
1403638555.227829456 4.47027 9.58589 2.43730 0.67956 0.45370 0.46733 -0.33758
1403638555.327829599 4.54261 9.50342 2.43948 0.68471 0.44684 0.47067 -0.33163
1403638555.427829504 4.61612 9.41632 2.43879 0.68682 0.44397 0.47567 -0.32388
1403638555.527829409 4.68859 9.32907 2.43302 0.68879 0.44038 0.47813 -0.32097
1403638555.627829552 4.76080 9.23996 2.43092 0.68974 0.43892 0.47965 -0.31865
1403638555.727829456 4.83213 9.15067 2.43671 0.69114 0.43760 0.47861 -0.31899
1403638555.827829599 4.90143 9.06357 2.44907 0.69153 0.43875 0.47801 -0.31747
1403638555.927829504 4.97135 8.97468 2.47111 0.69119 0.44035 0.47795 -0.31609
1403638556.027829409 5.04161 8.89052 2.49711 0.69004 0.44171 0.47901 -0.31509
1403638556.127829552 5.11432 8.81262 2.52091 0.69196 0.44292 0.47590 -0.31390
1403638556.227829456 5.18700 8.73160 2.53881 0.69653 0.44414 0.46937 -0.31189
1403638556.327829599 5.25920 8.65726 2.55454 0.69914 0.44483 0.46549 -0.31089
1403638556.427829504 5.33279 8.58214 2.56628 0.70110 0.44552 0.46253 -0.30990
1403638556.527829409 5.40926 8.52279 2.57906 0.70473 0.44690 0.45758 -0.30701
1403638556.627829552 5.48926 8.45806 2.59005 0.70774 0.44314 0.45362 -0.31138
1403638556.727829456 5.57495 8.40828 2.60799 0.70730 0.43728 0.45480 -0.31885
1403638556.827829599 5.66350 8.34726 2.63045 0.70439 0.43292 0.45901 -0.32515
1403638556.927829504 5.76047 8.29990 2.66237 0.70311 0.42966 0.46072 -0.32980
1403638557.027829409 5.86317 8.25001 2.69356 0.70186 0.42922 0.46217 -0.33102
1403638557.127829552 5.96869 8.20051 2.71735 0.70019 0.43154 0.46427 -0.32859
1403638557.227829456 6.07599 8.14314 2.73198 0.69880 0.43262 0.46605 -0.32760
1403638557.327829599 6.18809 8.09358 2.74243 0.69805 0.43386 0.46683 -0.32644
1403638557.427829504 6.30093 8.03880 2.75076 0.69602 0.43683 0.46943 -0.32307
1403638557.527829409 6.41645 7.98901 2.76684 0.69333 0.44121 0.47318 -0.31738
1403638557.627829552 6.53167 7.93352 2.78689 0.69111 0.44366 0.47634 -0.31406
1403638557.727829456 6.64867 7.90091 2.80651 0.69058 0.44449 0.47704 -0.31298
1403638557.827829599 6.76190 7.85899 2.82833 0.69043 0.44527 0.47787 -0.31095
1403638557.927829504 6.87326 7.81700 2.84192 0.69078 0.44693 0.47764 -0.30810
1403638558.027829409 6.98321 7.77437 2.84822 0.69349 0.44793 0.47380 -0.30650
1403638558.127829552 7.09261 7.73359 2.84753 0.69860 0.44879 0.46669 -0.30455
1403638558.227829456 7.20468 7.69354 2.85113 0.70479 0.45008 0.45787 -0.30175
1403638558.327829599 7.31516 7.66148 2.86109 0.70655 0.45234 0.45568 -0.29755
1403638558.427829504 7.42720 7.63597 2.88131 0.70897 0.45586 0.45232 -0.29147
1403638558.527829409 7.54079 7.61681 2.90814 0.71214 0.45736 0.44795 -0.28813
1403638558.627829552 7.65698 7.60727 2.94235 0.71337 0.45335 0.44691 -0.29300
1403638558.727829456 7.77679 7.60693 2.97956 0.71387 0.44545 0.44710 -0.30343
1403638558.827829599 7.89890 7.61298 3.01201 0.71337 0.44109 0.44850 -0.30884
1403638558.927829504 8.02277 7.62488 3.03752 0.71026 0.44048 0.45358 -0.30948
1403638559.027829409 8.14832 7.64132 3.05654 0.70519 0.44034 0.46125 -0.30992
1403638559.127829552 8.27545 7.66130 3.06891 0.70143 0.44008 0.46660 -0.31082
1403638559.227829456 8.40471 7.68271 3.07417 0.69817 0.44166 0.47067 -0.30979
1403638559.327829599 8.53334 7.70632 3.07279 0.69583 0.44373 0.47339 -0.30793
1403638559.427829504 8.66070 7.72826 3.06857 0.69323 0.44741 0.47644 -0.30375
1403638559.527829409 8.78655 7.75165 3.05785 0.69135 0.44891 0.47862 -0.30240
1403638559.627829552 8.90728 7.77735 3.04117 0.68962 0.44951 0.48036 -0.30269
1403638559.727829456 9.02462 7.80416 3.02481 0.68867 0.45014 0.48091 -0.30306
1403638559.827829599 9.13840 7.83521 3.01312 0.68921 0.45021 0.47927 -0.30430
1403638559.927829504 9.25009 7.86761 3.00664 0.69027 0.44770 0.47998 -0.30450
1403638560.027829409 9.36015 7.90113 2.99574 0.69605 0.43824 0.48236 -0.30131
1403638560.127829552 9.47185 7.93447 2.97761 0.70492 0.42254 0.48803 -0.29391
1403638560.227829456 9.58281 7.96902 2.95289 0.71538 0.40298 0.49619 -0.28219
1403638560.327829599 9.69243 8.00199 2.92580 0.72425 0.38014 0.50787 -0.27024
1403638560.427829504 9.79926 8.03249 2.89648 0.73214 0.35551 0.52046 -0.25827
1403638560.527829409 9.90067 8.05863 2.86253 0.74005 0.32990 0.53213 -0.24561
1403638560.627829552 9.99743 8.08097 2.82399 0.75018 0.30185 0.53920 -0.23534
1403638560.727829456 10.08837 8.09838 2.78420 0.76020 0.27419 0.54309 -0.22798
1403638560.827829599 10.17761 8.10761 2.74955 0.76736 0.25104 0.54848 -0.21750
1403638560.927829504 10.26350 8.10925 2.72260 0.77288 0.22823 0.55470 -0.20705
1403638561.027829409 10.34876 8.10444 2.70465 0.77514 0.20836 0.56405 -0.19389
1403638561.127829552 10.43148 8.09129 2.69402 0.77736 0.18909 0.57164 -0.18219
1403638561.227829456 10.50864 8.07065 2.69076 0.77828 0.17352 0.57814 -0.17298
1403638561.327829599 10.57994 8.04436 2.69365 0.77972 0.16359 0.58096 -0.16660
1403638561.427829504 10.64541 8.01117 2.69472 0.78581 0.16393 0.57597 -0.15456
1403638561.527829409 10.70808 7.97434 2.69122 0.79033 0.16891 0.57156 -0.14200
1403638561.627829552 10.76423 7.93239 2.68353 0.79304 0.17269 0.56831 -0.13524
1403638561.727829456 10.81761 7.88947 2.67011 0.79386 0.17511 0.56679 -0.13369
1403638561.827829599 10.86819 7.84611 2.65481 0.79334 0.17715 0.56721 -0.13230
1403638561.927829504 10.92012 7.80111 2.63056 0.79326 0.17604 0.56864 -0.12808
1403638562.027829409 10.97100 7.75602 2.60577 0.79458 0.16868 0.57021 -0.12265
1403638562.127829552 11.01311 7.70898 2.58602 0.79644 0.15885 0.57202 -0.11508
1403638562.227829456 11.05481 7.66113 2.57280 0.79762 0.15085 0.57388 -0.10819
1403638562.327829599 11.09290 7.61390 2.56354 0.79857 0.14122 0.57610 -0.10226
1403638562.427829504 11.12269 7.56383 2.56016 0.79971 0.12757 0.57886 -0.09544
1403638562.527829409 11.15130 7.51399 2.56205 0.80241 0.10984 0.58016 -0.08651
1403638562.627829552 11.17923 7.46364 2.57045 0.80418 0.08737 0.58275 -0.07787
1403638562.727829456 11.20371 7.41069 2.58136 0.80635 0.06247 0.58408 -0.06894
1403638562.827829599 11.22549 7.35465 2.58991 0.80774 0.03696 0.58555 -0.05771
1403638562.927829504 11.24170 7.29485 2.59261 0.80883 0.01303 0.58624 -0.04405
1403638563.027829409 11.25558 7.23353 2.59038 0.80877 -0.00975 0.58718 -0.03198
1403638563.127829552 11.26475 7.16908 2.58360 0.80887 -0.03379 0.58648 -0.02496
1403638563.227829456 11.26774 7.09857 2.57307 0.80693 -0.04950 0.58845 -0.01171
1403638563.327829599 11.26958 7.02365 2.55884 0.80227 -0.06011 0.59392 -0.00198
1403638563.427829504 11.26418 6.94521 2.54108 0.79362 -0.06816 0.60459 0.00193
1403638563.527829409 11.25173 6.86231 2.51861 0.79143 -0.07067 0.60713 0.00546
1403638563.627829552 11.23091 6.77398 2.49950 0.79416 -0.06975 0.60363 0.00895
1403638563.727829456 11.19955 6.68181 2.48829 0.79703 -0.07031 0.59979 0.00645
1403638563.827829599 11.16420 6.58404 2.48446 0.79845 -0.07020 0.59794 0.00260
1403638563.927829504 11.12420 6.48187 2.48838 0.79792 -0.06893 0.59880 -0.00086
1403638564.027829409 11.07953 6.37245 2.49499 0.79762 -0.06652 0.59946 -0.00488
1403638564.127829552 11.02492 6.26132 2.49594 0.79751 -0.06316 0.59994 -0.00816
1403638564.227829456 10.96440 6.14464 2.49222 0.79682 -0.05769 0.60139 -0.00853
1403638564.327829599 10.90922 6.01203 2.49202 0.79596 -0.05092 0.60316 -0.00714
1403638564.427829504 10.83742 5.88526 2.49685 0.79403 -0.04696 0.60602 -0.00747
1403638564.527829409 10.76970 5.74700 2.50964 0.79420 -0.04446 0.60596 -0.00904
1403638564.627829552 10.68344 5.61232 2.52245 0.79635 -0.04532 0.60300 -0.01323
1403638564.727829456 10.60016 5.46806 2.53220 0.79780 -0.04845 0.60069 -0.01848
1403638564.827829599 10.50216 5.32296 2.53318 0.79799 -0.05148 0.60010 -0.02133
1403638564.927829504 10.40723 5.16654 2.52446 0.79719 -0.05389 0.60084 -0.02380
1403638565.027829409 10.29923 5.00906 2.49471 0.79716 -0.05475 0.60076 -0.02511
1403638565.127829552 10.19441 4.84007 2.45107 0.79787 -0.05537 0.59971 -0.02623
1403638565.227829456 10.08119 4.67014 2.39335 0.79871 -0.05483 0.59866 -0.02592
1403638565.327829599 9.96855 4.49048 2.33403 0.79964 -0.05401 0.59757 -0.02372
1403638565.427829504 9.85119 4.31039 2.27146 0.80056 -0.05284 0.59654 -0.02142
1403638565.527829409 9.72938 4.12691 2.21216 0.79853 -0.05123 0.59955 -0.01588
1403638565.627829552 9.60194 3.94146 2.16342 0.79700 -0.04774 0.60205 -0.00736
1403638565.727829456 9.47067 3.75301 2.12135 0.79812 -0.04140 0.60106 0.00479
1403638565.827829599 9.33087 3.56986 2.08763 0.80106 -0.03893 0.59721 0.01110
1403638565.927829504 9.18830 3.38580 2.05928 0.80343 -0.03694 0.59401 0.01707
