1403638523.327829599 0.01522 0.00945 0.15141 0.80400 0.00591 0.59241 -0.05096
1403638523.427829504 0.00255 -0.01024 0.17787 0.80146 0.00860 0.59582 -0.05088
1403638523.527829409 0.00788 -0.01507 0.11066 0.80891 0.01179 0.58610 -0.04480
1403638523.627829552 0.00609 -0.02187 0.06934 0.81972 0.01550 0.57130 -0.03788
1403638523.727829456 -0.00080 -0.02690 0.01207 0.82676 0.01816 0.56130 -0.03302
1403638523.827829599 0.00137 -0.02836 0.01088 0.83043 0.02125 0.55587 -0.03054
1403638523.927829504 -0.00702 -0.03252 -0.03488 0.82999 0.02550 0.55670 -0.02329
1403638524.027829409 -0.00670 -0.03247 -0.02796 0.83238 0.03319 0.55304 -0.01407
1403638524.127829552 -0.00891 -0.02652 -0.01225 0.83706 0.04048 0.54553 -0.00971
1403638524.227829456 -0.00828 -0.02973 0.03055 0.84055 0.04332 0.53980 -0.01478
1403638524.327829599 -0.00654 -0.03817 0.08801 0.83943 0.04332 0.54123 -0.02340
1403638524.427829504 -0.00106 -0.03885 0.14857 0.83481 0.04097 0.54808 -0.03191
1403638524.527829409 0.00015 -0.04077 0.21022 0.82646 0.04039 0.56033 -0.03695
1403638524.627829552 0.00686 -0.03854 0.27017 0.81844 0.03678 0.57221 -0.03699
1403638524.727829456 0.01387 -0.03050 0.31613 0.81340 0.03110 0.58025 -0.02699
1403638524.827829599 0.01817 -0.02250 0.34825 0.81071 0.02568 0.58472 -0.01389
1403638524.927829504 0.02472 -0.01621 0.36737 0.80968 0.02547 0.58605 -0.01762
1403638525.027829409 0.02810 -0.01385 0.37016 0.80763 0.02888 0.58857 -0.02188
1403638525.127829552 0.02828 -0.01237 0.34621 0.80529 0.03267 0.59173 -0.01742
1403638525.227829456 0.03424 -0.01049 0.31458 0.80597 0.03758 0.59055 -0.01596
1403638525.327829599 0.03387 -0.00745 0.26395 0.81194 0.04219 0.58197 -0.01682
1403638525.427829504 0.02964 -0.00558 0.21032 0.82320 0.04539 0.56550 -0.02214
1403638525.527829409 0.02577 -0.01075 0.15984 0.83466 0.04617 0.54792 -0.03158
1403638525.627829552 0.02246 -0.01601 0.11650 0.84056 0.04442 0.53874 -0.03515
1403638525.727829456 0.02287 -0.01750 0.08262 0.84116 0.04012 0.53826 -0.03336
1403638525.827829599 0.02224 -0.01630 0.05725 0.83816 0.03416 0.54359 -0.02863
1403638525.927829504 0.02042 -0.01918 0.04054 0.83510 0.03127 0.54886 -0.01946
1403638526.027829409 0.01781 -0.03035 0.03261 0.83537 0.03072 0.54867 -0.01300
1403638526.127829552 0.01273 -0.05274 0.03514 0.83790 0.02408 0.54520 -0.01008
1403638526.227829456 0.00786 -0.08208 0.04820 0.83885 0.01431 0.54413 -0.00748
1403638526.327829599 -0.00087 -0.11692 0.06195 0.83590 0.00556 0.54884 -0.00405
1403638526.427829504 -0.01113 -0.15934 0.07536 0.83092 -0.00404 0.55638 -0.00149
1403638526.527829409 -0.02277 -0.20599 0.08655 0.82567 -0.01578 0.56393 -0.00042
1403638526.627829552 -0.03587 -0.26046 0.09495 0.82002 -0.02540 0.57177 0.00220
1403638526.727829456 -0.05137 -0.32427 0.10233 0.81591 -0.03251 0.57722 0.00766
1403638526.827829599 -0.06912 -0.39324 0.10849 0.81372 -0.03612 0.57985 0.01813
1403638526.927829504 -0.08721 -0.45709 0.11183 0.81491 -0.04038 0.57773 0.02284
1403638527.027829409 -0.10493 -0.51660 0.11539 0.81906 -0.05042 0.57075 0.02889
1403638527.127829552 -0.12088 -0.57055 0.11950 0.82240 -0.06566 0.56388 0.03718
1403638527.227829456 -0.13244 -0.61621 0.12524 0.82149 -0.08049 0.56263 0.04614
1403638527.327829599 -0.13947 -0.64739 0.13173 0.81667 -0.09215 0.56641 0.06108
1403638527.427829504 -0.13840 -0.65865 0.13741 0.81175 -0.09855 0.57066 0.07544
1403638527.527829409 -0.13278 -0.64837 0.13909 0.80962 -0.10135 0.57226 0.08223
1403638527.627829552 -0.12109 -0.61858 0.13805 0.80981 -0.10082 0.57201 0.08277
1403638527.727829456 -0.10841 -0.57586 0.13740 0.81061 -0.09452 0.57238 0.07973
1403638527.827829599 -0.08859 -0.52666 0.13705 0.81329 -0.08883 0.57074 0.07012
1403638527.927829504 -0.07125 -0.46988 0.14022 0.81585 -0.08463 0.56926 0.05626
1403638528.027829409 -0.04402 -0.41348 0.14269 0.81553 -0.07814 0.57125 0.04976
1403638528.127829552 -0.02155 -0.35614 0.14071 0.81504 -0.06963 0.57379 0.04030
1403638528.227829456 0.00173 -0.30476 0.13537 0.81659 -0.05948 0.57343 0.02865
1403638528.327829599 0.03164 -0.26021 0.13178 0.81775 -0.04878 0.57324 0.01710
1403638528.427829504 0.06361 -0.22857 0.12810 0.81656 -0.04283 0.57549 0.01449
1403638528.527829409 0.09938 -0.20758 0.12480 0.81728 -0.04300 0.57439 0.01658
1403638528.627829552 0.13393 -0.19332 0.12326 0.81924 -0.05077 0.57095 0.01652
1403638528.727829456 0.16663 -0.18098 0.12357 0.81925 -0.05612 0.57040 0.01786
1403638528.827829599 0.18915 -0.17327 0.12786 0.81815 -0.06184 0.57135 0.01917
1403638528.927829504 0.19608 -0.16535 0.13683 0.81732 -0.06943 0.57185 0.01253
1403638529.027829409 0.18838 -0.15671 0.15277 0.81808 -0.07352 0.57034 0.00652
1403638529.127829552 0.16561 -0.14323 0.16829 0.81905 -0.06989 0.56920 0.01673
1403638529.227829456 0.13542 -0.12243 0.17392 0.82056 -0.06240 0.56726 0.03181
1403638529.327829599 0.10190 -0.09817 0.16942 0.82405 -0.05717 0.56227 0.03919
1403638529.427829504 0.06880 -0.07649 0.15521 0.83190 -0.05337 0.55086 0.04052
1403638529.527829409 0.03826 -0.06054 0.13276 0.84317 -0.05155 0.53394 0.03629
1403638529.627829552 0.01472 -0.04847 0.10753 0.85068 -0.04810 0.52219 0.03683
1403638529.727829456 0.00039 -0.04145 0.08089 0.85073 -0.04591 0.52232 0.03654
1403638529.827829599 -0.01123 -0.03541 0.05812 0.84471 -0.04631 0.53206 0.03504
1403638529.927829504 -0.01344 -0.02948 0.04193 0.83983 -0.04664 0.53971 0.03508
1403638530.027829409 -0.01212 -0.02595 0.02919 0.83943 -0.04690 0.54026 0.03570
1403638530.127829552 -0.00415 -0.02419 0.02048 0.84156 -0.04922 0.53671 0.03598
1403638530.227829456 0.00956 -0.02581 0.01169 0.84193 -0.05515 0.53538 0.03832
1403638530.327829599 0.02261 -0.02876 0.00123 0.84111 -0.06118 0.53593 0.03957
1403638530.427829504 0.03344 -0.03491 -0.00884 0.84048 -0.06496 0.53623 0.04282
1403638530.527829409 0.04323 -0.03947 -0.01486 0.84025 -0.06899 0.53626 0.04054
1403638530.627829552 0.05021 -0.04417 -0.02082 0.84143 -0.07150 0.53394 0.04226
1403638530.727829456 0.05398 -0.04603 -0.02973 0.84514 -0.07378 0.52771 0.04259
1403638530.827829599 0.05857 -0.04932 -0.03752 0.84721 -0.07431 0.52431 0.04244
1403638530.927829504 0.06135 -0.05041 -0.04213 0.84636 -0.07359 0.52597 0.04009
1403638531.027829409 0.06157 -0.05003 -0.04427 0.84371 -0.07345 0.53033 0.03878
1403638531.127829552 0.06104 -0.04894 -0.04412 0.84011 -0.07196 0.53605 0.04109
1403638531.227829456 0.06183 -0.04770 -0.04492 0.83982 -0.06931 0.53667 0.04333
1403638531.327829599 0.06246 -0.04663 -0.04613 0.83618 -0.06954 0.54222 0.04433
1403638531.427829504 0.06232 -0.04705 -0.04637 0.83695 -0.06899 0.54105 0.04494
1403638531.527829409 0.06201 -0.04761 -0.04658 0.83613 -0.06944 0.54231 0.04435
1403638531.627829552 0.06191 -0.04711 -0.04605 0.83630 -0.06858 0.54208 0.04516
1403638531.727829456 0.06197 -0.04701 -0.04626 0.83641 -0.06913 0.54184 0.04522
1403638531.827829599 0.06206 -0.04707 -0.04644 0.83642 -0.06938 0.54178 0.04534
1403638531.927829504 0.06223 -0.04711 -0.04672 0.83638 -0.06970 0.54180 0.04541
1403638532.027829409 0.06224 -0.04707 -0.04682 0.83636 -0.06997 0.54179 0.04548
1403638532.127829552 0.06254 -0.04709 -0.04702 0.83635 -0.07019 0.54176 0.04565
1403638532.227829456 0.06250 -0.04714 -0.04711 0.83637 -0.07016 0.54171 0.04599
1403638532.327829599 0.06255 -0.04724 -0.04719 0.83634 -0.07022 0.54172 0.04622
1403638532.427829504 0.06255 -0.04725 -0.04722 0.83634 -0.07029 0.54170 0.04643
1403638532.527829409 0.06262 -0.04731 -0.04731 0.83632 -0.07043 0.54171 0.04658
1403638532.627829552 0.06279 -0.04733 -0.04746 0.83630 -0.07055 0.54171 0.04669
1403638532.727829456 0.06293 -0.04738 -0.04765 0.83624 -0.07064 0.54178 0.04674
1403638532.827829599 0.06381 -0.04751 -0.04782 0.83624 -0.07068 0.54177 0.04670
1403638532.927829504 0.06293 -0.04738 -0.04773 0.83619 -0.07076 0.54183 0.04690
1403638533.027829409 0.06318 -0.04748 -0.04790 0.83615 -0.07083 0.54188 0.04703
1403638533.127829552 0.06394 -0.04763 -0.04808 0.83615 -0.07086 0.54187 0.04703
1403638533.227829456 0.06326 -0.04748 -0.04804 0.83610 -0.07098 0.54191 0.04719
1403638533.327829599 0.06338 -0.04758 -0.04818 0.83606 -0.07104 0.54196 0.04731
1403638533.427829504 0.06332 -0.04757 -0.04815 0.83602 -0.07108 0.54201 0.04731
1403638533.527829409 0.06335 -0.04761 -0.04819 0.83598 -0.07116 0.54205 0.04742
1403638533.627829552 0.06347 -0.04766 -0.04829 0.83595 -0.07120 0.54208 0.04756
1403638533.727829456 0.06352 -0.04767 -0.04832 0.83594 -0.07126 0.54209 0.04770
1403638533.827829599 0.06377 -0.04767 -0.04852 0.83587 -0.07134 0.54218 0.04769
1403638533.927829504 0.06368 -0.04766 -0.04860 0.83589 -0.07125 0.54216 0.04765
1403638534.027829409 0.06323 -0.04767 -0.04834 0.83587 -0.07138 0.54216 0.04770
1403638534.127829552 0.06319 -0.04776 -0.04804 0.83589 -0.07159 0.54210 0.04784
1403638534.227829456 0.06337 -0.04775 -0.04823 0.83585 -0.07167 0.54217 0.04772
1403638534.327829599 0.06355 -0.04762 -0.04836 0.83586 -0.07160 0.54217 0.04757
1403638534.427829504 0.06341 -0.04752 -0.04844 0.83588 -0.07165 0.54213 0.04755
1403638534.527829409 0.06333 -0.04763 -0.04835 0.83587 -0.07192 0.54209 0.04782
1403638534.627829552 0.06317 -0.04768 -0.04824 0.83590 -0.07154 0.54210 0.04767
1403638534.727829456 0.06322 -0.04764 -0.04826 0.83591 -0.07132 0.54213 0.04755
1403638534.827829599 0.06331 -0.04759 -0.04832 0.83587 -0.07139 0.54217 0.04766
1403638534.927829504 0.06318 -0.04763 -0.04826 0.83585 -0.07161 0.54216 0.04793
1403638535.027829409 0.06311 -0.04771 -0.04821 0.83585 -0.07159 0.54216 0.04787
1403638535.127829552 0.06316 -0.04771 -0.04826 0.83588 -0.07151 0.54212 0.04788
1403638535.227829456 0.06323 -0.04768 -0.04831 0.83582 -0.07152 0.54222 0.04786
1403638535.327829599 0.06315 -0.04773 -0.04826 0.83581 -0.07157 0.54222 0.04783
1403638535.427829504 0.06325 -0.04775 -0.04828 0.83578 -0.07150 0.54228 0.04790
1403638535.527829409 0.06325 -0.04774 -0.04822 0.83573 -0.07155 0.54234 0.04788
1403638535.627829552 0.06317 -0.04775 -0.04819 0.83573 -0.07151 0.54235 0.04786
1403638535.727829456 0.06317 -0.04773 -0.04817 0.83572 -0.07151 0.54238 0.04786
1403638535.827829599 0.06306 -0.04772 -0.04815 0.83571 -0.07148 0.54240 0.04778
1403638535.927829504 0.06301 -0.04774 -0.04818 0.83572 -0.07150 0.54239 0.04774
1403638536.027829409 0.06310 -0.04772 -0.04828 0.83571 -0.07144 0.54241 0.04768
1403638536.127829552 0.06319 -0.04773 -0.04825 0.83571 -0.07145 0.54241 0.04767
1403638536.227829456 0.06323 -0.04778 -0.04823 0.83566 -0.07142 0.54250 0.04760
1403638536.327829599 0.06325 -0.04771 -0.04825 0.83559 -0.07139 0.54262 0.04756
1403638536.427829504 0.06321 -0.04771 -0.04825 0.83559 -0.07148 0.54259 0.04762
1403638536.527829409 0.06314 -0.04766 -0.04818 0.83560 -0.07143 0.54259 0.04759
1403638536.627829552 0.06327 -0.04776 -0.04818 0.83556 -0.07151 0.54264 0.04757
1403638536.727829456 0.06338 -0.04774 -0.04829 0.83555 -0.07137 0.54267 0.04764
1403638536.827829599 0.06335 -0.04776 -0.04837 0.83553 -0.07140 0.54271 0.04762
1403638536.927829504 0.06337 -0.04779 -0.04828 0.83550 -0.07142 0.54275 0.04763
1403638537.027829409 0.06328 -0.04774 -0.04824 0.83549 -0.07142 0.54275 0.04766
1403638537.127829552 0.06328 -0.04771 -0.04826 0.83546 -0.07135 0.54280 0.04777
1403638537.227829456 0.06327 -0.04770 -0.04822 0.83546 -0.07142 0.54280 0.04777
1403638537.327829599 0.06337 -0.04774 -0.04816 0.83543 -0.07142 0.54285 0.04775
1403638537.427829504 0.06345 -0.04783 -0.04817 0.83539 -0.07133 0.54292 0.04767
1403638537.527829409 0.06344 -0.04786 -0.04814 0.83538 -0.07125 0.54295 0.04769
1403638537.627829552 0.06343 -0.04783 -0.04809 0.83535 -0.07116 0.54298 0.04782
1403638537.727829456 0.06339 -0.04782 -0.04801 0.83539 -0.07118 0.54291 0.04789
1403638537.827829599 0.06340 -0.04773 -0.04793 0.83535 -0.07124 0.54297 0.04789
1403638537.927829504 0.06360 -0.04781 -0.04810 0.83532 -0.07117 0.54304 0.04786
1403638538.027829409 0.06331 -0.04778 -0.04796 0.83534 -0.07122 0.54300 0.04788
1403638538.127829552 0.06298 -0.04815 -0.04776 0.83524 -0.07118 0.54314 0.04794
1403638538.227829456 0.06372 -0.04779 -0.04813 0.83527 -0.07119 0.54310 0.04800
1403638538.327829599 0.06376 -0.04781 -0.04826 0.83523 -0.07111 0.54317 0.04799
1403638538.427829504 0.06367 -0.04799 -0.04798 0.83511 -0.07116 0.54334 0.04802
1403638538.527829409 0.06352 -0.04779 -0.04783 0.83512 -0.07119 0.54332 0.04803
1403638538.627829552 0.06337 -0.04785 -0.04765 0.83491 -0.07127 0.54362 0.04819
1403638538.727829456 0.06324 -0.04821 -0.04767 0.83458 -0.07115 0.54413 0.04824
1403638538.827829599 0.06450 -0.04775 -0.04758 0.83408 -0.07071 0.54499 0.04791
1403638538.927829504 0.06794 -0.04750 -0.04694 0.83116 -0.06978 0.54954 0.04815
1403638539.027829409 0.07106 -0.04766 -0.04325 0.82649 -0.07037 0.55636 0.04937
1403638539.127829552 0.07875 -0.04823 -0.03888 0.81983 -0.07155 0.56597 0.04932
1403638539.227829456 0.08687 -0.04842 -0.02691 0.81506 -0.07073 0.57294 0.04917
1403638539.327829599 0.09767 -0.04907 -0.00864 0.81416 -0.07040 0.57429 0.04867
1403638539.427829504 0.10705 -0.04971 0.01856 0.81581 -0.06944 0.57208 0.04860
1403638539.527829409 0.11479 -0.05031 0.05203 0.81778 -0.06834 0.56942 0.04820
1403638539.627829552 0.12636 -0.05163 0.08398 0.81847 -0.06742 0.56861 0.04740
1403638539.727829456 0.13673 -0.05202 0.10739 0.81911 -0.06645 0.56786 0.04681
1403638539.827829599 0.14953 -0.05296 0.11987 0.82075 -0.06513 0.56565 0.04656
1403638539.927829504 0.16649 -0.05450 0.12838 0.82463 -0.06459 0.56015 0.04518
1403638540.027829409 0.18336 -0.05561 0.13732 0.83003 -0.06519 0.55217 0.04371
1403638540.127829552 0.20541 -0.05707 0.14562 0.83587 -0.06517 0.54332 0.04326
1403638540.227829456 0.23790 -0.05960 0.15225 0.83585 -0.06378 0.54350 0.04360
1403638540.327829599 0.27669 -0.06277 0.16363 0.82969 -0.06262 0.55292 0.04444
1403638540.427829504 0.31835 -0.06534 0.17300 0.82520 -0.05858 0.56008 0.04384
1403638540.527829409 0.36452 -0.06721 0.17636 0.82492 -0.04990 0.56173 0.03831
1403638540.627829552 0.41311 -0.06640 0.18172 0.82538 -0.03594 0.56265 0.02953
1403638540.727829456 0.46298 -0.06420 0.18797 0.82495 -0.01451 0.56457 0.02254
1403638540.827829599 0.51510 -0.05961 0.19320 0.82479 0.01194 0.56515 0.01356
1403638540.927829504 0.56805 -0.04999 0.19756 0.82430 0.03999 0.56474 0.00187
1403638541.027829409 0.62269 -0.03529 0.20017 0.82297 0.06248 0.56448 -0.01300
1403638541.127829552 0.67810 -0.01848 0.19922 0.82091 0.07879 0.56503 -0.02525
1403638541.227829456 0.73457 0.00326 0.19474 0.82018 0.08975 0.56407 -0.03278
1403638541.327829599 0.79109 0.02893 0.19215 0.81965 0.09563 0.56364 -0.03670
1403638541.427829504 0.84736 0.05959 0.19542 0.81974 0.09683 0.56313 -0.03917
1403638541.527829409 0.90329 0.09399 0.20471 0.81858 0.09764 0.56476 -0.03796
1403638541.627829552 0.96071 0.13713 0.22107 0.81703 0.09996 0.56652 -0.03902
1403638541.727829456 1.01905 0.18513 0.24486 0.81528 0.10432 0.56771 -0.04629
1403638541.827829599 1.07385 0.23904 0.27597 0.81428 0.11077 0.56677 -0.05873
1403638541.927829504 1.12531 0.29658 0.30736 0.81326 0.12240 0.56447 -0.07072
1403638542.027829409 1.17704 0.35504 0.33238 0.81168 0.13815 0.56126 -0.08408
1403638542.127829552 1.22711 0.41514 0.35147 0.80899 0.15741 0.55784 -0.09777
1403638542.227829456 1.27686 0.47605 0.36547 0.80537 0.17847 0.55362 -0.11413
1403638542.327829599 1.32245 0.53868 0.37581 0.80043 0.20223 0.54934 -0.12901
1403638542.427829504 1.36931 0.60132 0.38308 0.78935 0.22316 0.55468 -0.13950
1403638542.527829409 1.41296 0.66477 0.38830 0.77592 0.24286 0.56496 -0.14069
1403638542.627829552 1.44073 0.73567 0.39989 0.76718 0.25798 0.57063 -0.13877
1403638542.727829456 1.47663 0.80855 0.41023 0.76730 0.26271 0.56710 -0.14362
1403638542.827829599 1.50844 0.88560 0.42602 0.77183 0.25979 0.55972 -0.15330
1403638542.927829504 1.53421 0.96499 0.44745 0.77732 0.25637 0.55190 -0.15955
1403638543.027829409 1.55154 1.04235 0.47642 0.78149 0.25336 0.54650 -0.16255
1403638543.127829552 1.56744 1.12055 0.50363 0.78386 0.25002 0.54406 -0.16446
1403638543.227829456 1.58318 1.20189 0.52370 0.78464 0.24847 0.54381 -0.16394
1403638543.327829599 1.59713 1.28081 0.54099 0.78529 0.24610 0.54393 -0.16401
1403638543.427829504 1.61296 1.36346 0.55140 0.78524 0.24760 0.54295 -0.16523
1403638543.527829409 1.63234 1.45012 0.55787 0.78358 0.25482 0.54078 -0.16920
1403638543.627829552 1.64840 1.53352 0.56339 0.77941 0.27022 0.53777 -0.17410
1403638543.727829456 1.66696 1.61716 0.56317 0.77281 0.28970 0.53404 -0.18343
1403638543.827829599 1.68042 1.70542 0.57095 0.76332 0.31292 0.53111 -0.19326
1403638543.927829504 1.69316 1.79336 0.58755 0.75410 0.33375 0.52610 -0.20775
1403638544.027829409 1.70574 1.88227 0.61033 0.74774 0.34844 0.51949 -0.22273
1403638544.127829552 1.71930 1.97607 0.63420 0.74433 0.35776 0.51283 -0.23450
1403638544.227829456 1.73540 2.06137 0.65530 0.74151 0.36242 0.50899 -0.24441
1403638544.327829599 1.74838 2.14892 0.66870 0.73973 0.36588 0.50680 -0.24918
1403638544.427829504 1.76421 2.23495 0.67713 0.74025 0.36729 0.50427 -0.25068
1403638544.527829409 1.78211 2.32373 0.68410 0.73941 0.36757 0.50560 -0.25006
1403638544.627829552 1.80122 2.41698 0.69270 0.73410 0.36703 0.51155 -0.25437
1403638544.727829456 1.82092 2.51059 0.70682 0.72964 0.36717 0.51607 -0.25784
1403638544.827829599 1.83694 2.60290 0.72586 0.73134 0.36920 0.51269 -0.25686
1403638544.927829504 1.85247 2.69403 0.73843 0.73419 0.37067 0.50805 -0.25586
1403638545.027829409 1.87136 2.78318 0.74392 0.73362 0.37086 0.50803 -0.25722
1403638545.127829552 1.88719 2.86594 0.74562 0.73248 0.37137 0.50875 -0.25832
1403638545.227829456 1.90570 2.95424 0.73933 0.73282 0.37304 0.50769 -0.25703
1403638545.327829599 1.92147 3.04246 0.73062 0.73075 0.37357 0.51002 -0.25755
1403638545.427829504 1.93863 3.12873 0.71392 0.72972 0.37278 0.51108 -0.25950
1403638545.527829409 1.95871 3.22252 0.70064 0.72848 0.37627 0.50874 -0.26252
1403638545.627829552 1.97447 3.31098 0.69252 0.72502 0.38521 0.50327 -0.26959
1403638545.727829456 1.98939 3.39144 0.68799 0.71887 0.39947 0.49635 -0.27798
1403638545.827829599 2.00555 3.47670 0.69221 0.70853 0.41815 0.48995 -0.28825
1403638545.927829504 2.02167 3.56308 0.70310 0.69706 0.43950 0.48143 -0.29861
1403638546.027829409 2.03784 3.64987 0.72045 0.68504 0.46031 0.47386 -0.30707
1403638546.127829552 2.05466 3.73712 0.73584 0.67452 0.47652 0.46877 -0.31337
1403638546.227829456 2.06884 3.82594 0.74568 0.66816 0.48593 0.46330 -0.32060
1403638546.327829599 2.08178 3.91562 0.74899 0.66495 0.49076 0.45854 -0.32670
1403638546.427829504 2.09544 4.00614 0.74572 0.66456 0.49200 0.45428 -0.33156
1403638546.527829409 2.10901 4.09935 0.73813 0.66349 0.49390 0.45289 -0.33276
1403638546.627829552 2.12164 4.19346 0.73484 0.65982 0.49896 0.45116 -0.33485
1403638546.727829456 2.13363 4.29036 0.73835 0.65497 0.50487 0.44885 -0.33862
1403638546.827829599 2.14491 4.39047 0.75405 0.65071 0.51067 0.44788 -0.33940
1403638546.927829504 2.15554 4.49300 0.77119 0.64775 0.51486 0.44726 -0.33955
1403638547.027829409 2.16407 4.59656 0.78372 0.64465 0.51882 0.44818 -0.33820
1403638547.127829552 2.16945 4.70086 0.78822 0.64210 0.52271 0.45008 -0.33453
1403638547.227829456 2.17158 4.80520 0.78900 0.64077 0.52479 0.45095 -0.33264
1403638547.327829599 2.16822 4.90722 0.78239 0.63977 0.52572 0.45201 -0.33166
1403638547.427829504 2.16352 5.01373 0.77706 0.64307 0.52184 0.44792 -0.33691
1403638547.527829409 2.15677 5.12209 0.76768 0.64636 0.51776 0.44428 -0.34170
1403638547.627829552 2.14616 5.22196 0.74952 0.64857 0.51513 0.44229 -0.34406
1403638547.727829456 2.13626 5.33238 0.72994 0.64891 0.51475 0.44333 -0.34265
1403638547.827829599 2.12486 5.44025 0.70546 0.64680 0.51705 0.44698 -0.33840
1403638547.927829504 2.11086 5.55101 0.67970 0.64653 0.51708 0.44755 -0.33811
1403638548.027829409 2.09064 5.65907 0.66124 0.64574 0.51844 0.44574 -0.33992
1403638548.127829552 2.07252 5.77948 0.64971 0.64308 0.52238 0.44239 -0.34331
1403638548.227829456 2.05105 5.90279 0.64884 0.63784 0.52916 0.43706 -0.34946
1403638548.327829599 2.02789 6.02254 0.65697 0.62999 0.53914 0.42996 -0.35717
1403638548.427829504 2.00337 6.14695 0.67067 0.62050 0.55159 0.42188 -0.36433
1403638548.527829409 1.98089 6.26988 0.68876 0.61200 0.56043 0.41564 -0.37231
1403638548.627829552 1.95774 6.37922 0.70430 0.60469 0.56768 0.41155 -0.37778
1403638548.727829456 1.93559 6.49403 0.71355 0.60006 0.57251 0.40803 -0.38168
1403638548.827829599 1.91291 6.60955 0.72422 0.59703 0.57580 0.40541 -0.38426
1403638548.927829504 1.88873 6.72911 0.74234 0.59528 0.57719 0.40405 -0.38631
1403638549.027829409 1.86438 6.85395 0.76452 0.59461 0.57903 0.40326 -0.38541
1403638549.127829552 1.83887 6.97652 0.79228 0.59505 0.57760 0.40252 -0.38766
1403638549.227829456 1.81636 7.10105 0.82666 0.59510 0.57718 0.40267 -0.38804
1403638549.327829599 1.79139 7.22660 0.86568 0.59627 0.57536 0.40198 -0.38966
1403638549.427829504 1.76687 7.35905 0.90371 0.59754 0.57287 0.40137 -0.39201
1403638549.527829409 1.74170 7.48870 0.93753 0.59877 0.57142 0.40083 -0.39280
1403638549.627829552 1.71881 7.62409 0.96596 0.59807 0.56945 0.40293 -0.39458
1403638549.727829456 1.69699 7.75197 0.99217 0.59744 0.56945 0.40495 -0.39345
1403638549.827829599 1.67641 7.88714 1.01937 0.59910 0.56903 0.40305 -0.39349
1403638549.927829504 1.65745 8.01798 1.05620 0.59992 0.56984 0.40257 -0.39157
1403638550.027829409 1.64072 8.15742 1.10098 0.60086 0.56926 0.40136 -0.39219
1403638550.127829552 1.62419 8.29576 1.15378 0.60178 0.56875 0.39964 -0.39327
1403638550.227829456 1.60964 8.43707 1.21193 0.60152 0.56957 0.39906 -0.39308
1403638550.327829599 1.59162 8.58169 1.27951 0.60069 0.57032 0.39999 -0.39232
1403638550.427829504 1.57800 8.72913 1.34292 0.60017 0.56950 0.39985 -0.39444
1403638550.527829409 1.56647 8.87500 1.39772 0.60138 0.56796 0.39762 -0.39707
1403638550.627829552 1.55718 9.01322 1.44418 0.60056 0.56496 0.39851 -0.40167
1403638550.727829456 1.55145 9.14739 1.48844 0.59930 0.56208 0.40020 -0.40589
1403638550.827829599 1.54894 9.27896 1.52681 0.59696 0.55939 0.40388 -0.40939
1403638550.927829504 1.54928 9.41396 1.56462 0.59240 0.55469 0.41074 -0.41554
1403638551.027829409 1.55284 9.54087 1.59760 0.58929 0.55093 0.41509 -0.42061
1403638551.127829552 1.55839 9.65569 1.62596 0.58838 0.54856 0.41623 -0.42385
1403638551.227829456 1.56769 9.77030 1.66114 0.58882 0.54654 0.41447 -0.42755
1403638551.327829599 1.58242 9.87948 1.70064 0.59326 0.54562 0.41218 -0.42479
1403638551.427829504 1.60325 9.98235 1.74044 0.60370 0.53892 0.41181 -0.41895
1403638551.527829409 1.63243 10.08647 1.77666 0.61822 0.52611 0.41417 -0.41167
1403638551.627829552 1.66870 10.18687 1.80769 0.63450 0.50798 0.41827 -0.40549
1403638551.727829456 1.71272 10.28262 1.83302 0.64952 0.48939 0.42503 -0.39745
1403638551.827829599 1.76464 10.37624 1.85142 0.66277 0.47134 0.43395 -0.38763
1403638551.927829504 1.82438 10.46391 1.86905 0.66942 0.46044 0.44603 -0.37540
1403638552.027829409 1.89127 10.54319 1.89288 0.67115 0.45411 0.45879 -0.36450
1403638552.127829552 1.96044 10.61105 1.92259 0.67410 0.45023 0.46439 -0.35668
1403638552.227829456 2.03365 10.67305 1.95654 0.67900 0.44811 0.46286 -0.35203
1403638552.327829599 2.10959 10.73030 1.99387 0.68164 0.44689 0.46173 -0.34995
1403638552.427829504 2.18710 10.78410 2.02947 0.68011 0.44180 0.46455 -0.35561
1403638552.527829409 2.26906 10.82975 2.06024 0.67659 0.43702 0.46897 -0.36238
1403638552.627829552 2.35418 10.86662 2.08643 0.67311 0.43556 0.47260 -0.36586
1403638552.727829456 2.44314 10.89469 2.10476 0.67236 0.43741 0.47207 -0.36572
1403638552.827829599 2.53651 10.91628 2.11706 0.67125 0.44049 0.47174 -0.36450
1403638552.927829504 2.63307 10.93271 2.12455 0.66985 0.44625 0.47138 -0.36051
1403638553.027829409 2.73276 10.94223 2.12916 0.66762 0.45228 0.47242 -0.35574
1403638553.127829552 2.83086 10.94505 2.12882 0.66465 0.45474 0.47389 -0.35621
1403638553.227829456 2.93213 10.94370 2.12883 0.65949 0.45119 0.47823 -0.36441
1403638553.327829599 3.03104 10.93264 2.12955 0.65358 0.44981 0.48390 -0.36925
1403638553.427829504 3.13065 10.91125 2.13682 0.64833 0.45276 0.48978 -0.36715
1403638553.527829409 3.22761 10.88024 2.14976 0.64383 0.45627 0.49481 -0.36396
1403638553.627829552 3.31984 10.83532 2.16690 0.64086 0.45899 0.49831 -0.36100
1403638553.727829456 3.41175 10.78244 2.19265 0.64048 0.46107 0.49798 -0.35948
1403638553.827829599 3.49339 10.71527 2.22133 0.64182 0.46293 0.49609 -0.35728
1403638553.927829504 3.57575 10.64521 2.25992 0.64365 0.46432 0.49390 -0.35522
1403638554.027829409 3.65839 10.57341 2.29637 0.64825 0.46408 0.48771 -0.35572
1403638554.127829552 3.73075 10.48790 2.32394 0.65007 0.46581 0.48532 -0.35340
1403638554.227829456 3.81014 10.40821 2.34933 0.65517 0.47201 0.47832 -0.34520
1403638554.327829599 3.87817 10.31674 2.36469 0.65974 0.47729 0.47177 -0.33819
1403638554.427829504 3.95072 10.23185 2.37963 0.66218 0.48026 0.46794 -0.33453
1403638554.527829409 4.02045 10.14950 2.39059 0.66294 0.48163 0.46651 -0.33304
1403638554.627829552 4.08508 10.06761 2.39826 0.66472 0.48017 0.46343 -0.33588
1403638554.727829456 4.14521 9.98116 2.40919 0.66556 0.47644 0.46192 -0.34156
1403638554.827829599 4.20847 9.90199 2.42462 0.66638 0.47376 0.46012 -0.34608
1403638554.927829504 4.27146 9.81894 2.44481 0.66660 0.47121 0.45988 -0.34946
1403638555.027829409 4.33608 9.73591 2.46164 0.66832 0.46691 0.46151 -0.34980
1403638555.127829552 4.40414 9.65457 2.47125 0.67291 0.46195 0.46451 -0.34355
1403638555.227829456 4.47377 9.57063 2.47730 0.67964 0.45367 0.46728 -0.33752
1403638555.327829599 4.54613 9.48815 2.47951 0.68479 0.44681 0.47062 -0.33157
1403638555.427829504 4.61974 9.40091 2.47887 0.68690 0.44395 0.47562 -0.32383
1403638555.527829409 4.69208 9.31363 2.47315 0.68887 0.44035 0.47808 -0.32092
1403638555.627829552 4.76424 9.22461 2.47107 0.68982 0.43889 0.47960 -0.31860
1403638555.727829456 4.83553 9.13538 2.47686 0.69122 0.43758 0.47856 -0.31894
1403638555.827829599 4.90558 9.04515 2.49077 0.69157 0.43872 0.47800 -0.31745
1403638555.927829504 4.97472 8.95947 2.51132 0.69126 0.44033 0.47790 -0.31604
1403638556.027829409 5.04495 8.87562 2.53728 0.69011 0.44170 0.47895 -0.31505
1403638556.127829552 5.11759 8.79770 2.56108 0.69203 0.44290 0.47585 -0.31385
1403638556.227829456 5.18978 8.71453 2.57815 0.69660 0.44409 0.46936 -0.31183
1403638556.327829599 5.26183 8.64280 2.59472 0.69923 0.44479 0.46544 -0.31081
1403638556.427829504 5.33547 8.56782 2.60641 0.70118 0.44549 0.46248 -0.30983
1403638556.527829409 5.41185 8.50614 2.61762 0.70481 0.44679 0.45762 -0.30693
1403638556.627829552 5.49178 8.44405 2.63016 0.70782 0.44311 0.45357 -0.31131
1403638556.727829456 5.57763 8.39399 2.64813 0.70738 0.43725 0.45475 -0.31879
1403638556.827829599 5.66605 8.33327 2.67052 0.70447 0.43289 0.45896 -0.32509
1403638556.927829504 5.76308 8.28581 2.70236 0.70318 0.42963 0.46068 -0.32974
1403638557.027829409 5.86543 8.23530 2.73345 0.70194 0.42916 0.46215 -0.33093
1403638557.127829552 5.97151 8.18581 2.75686 0.70024 0.43151 0.46424 -0.32855
1403638557.227829456 6.07882 8.12882 2.77192 0.69887 0.43259 0.46601 -0.32754
1403638557.327829599 6.19174 8.07671 2.78201 0.69810 0.43380 0.46684 -0.32638
1403638557.427829504 6.30332 8.02458 2.79064 0.69609 0.43681 0.46939 -0.32301
1403638557.527829409 6.41872 7.97480 2.80667 0.69340 0.44118 0.47314 -0.31733
1403638557.627829552 6.53386 7.91946 2.82665 0.69118 0.44364 0.47629 -0.31401
1403638557.727829456 6.65112 7.88584 2.84734 0.69067 0.44445 0.47701 -0.31290
1403638557.827829599 6.76447 7.84477 2.86775 0.69048 0.44524 0.47784 -0.31092
1403638557.927829504 6.87581 7.80276 2.88136 0.69083 0.44691 0.47761 -0.30807
1403638558.027829409 6.98576 7.76011 2.88766 0.69354 0.44791 0.47377 -0.30647
1403638558.127829552 7.09517 7.71929 2.88698 0.69864 0.44877 0.46666 -0.30452
1403638558.227829456 7.20724 7.67918 2.89058 0.70484 0.45006 0.45784 -0.30172
1403638558.327829599 7.31774 7.64713 2.90050 0.70659 0.45233 0.45564 -0.29753
1403638558.427829504 7.42977 7.62159 2.92073 0.70901 0.45584 0.45229 -0.29145
1403638558.527829409 7.54345 7.60236 2.94758 0.71218 0.45735 0.44792 -0.28811
1403638558.627829552 7.65957 7.59281 2.98178 0.71341 0.45333 0.44688 -0.29298
1403638558.727829456 7.77943 7.59243 3.01900 0.71391 0.44543 0.44706 -0.30341
1403638558.827829599 7.90142 7.59849 3.05143 0.71341 0.44108 0.44847 -0.30881
1403638558.927829504 8.02526 7.61038 3.07692 0.71030 0.44046 0.45355 -0.30946
1403638559.027829409 8.15070 7.62683 3.09589 0.70523 0.44032 0.46122 -0.30991
1403638559.127829552 8.27822 7.64658 3.10812 0.70146 0.44006 0.46658 -0.31081
1403638559.227829456 8.40714 7.66813 3.11349 0.69821 0.44165 0.47063 -0.30977
1403638559.327829599 8.53578 7.69172 3.11212 0.69587 0.44372 0.47335 -0.30791
1403638559.427829504 8.66293 7.71377 3.10733 0.69326 0.44740 0.47641 -0.30373
1403638559.527829409 8.78902 7.73708 3.09710 0.69139 0.44890 0.47858 -0.30238
1403638559.627829552 8.90972 7.76276 3.08065 0.68966 0.44951 0.48032 -0.30266
1403638559.727829456 9.02716 7.79004 3.06344 0.68870 0.45012 0.48088 -0.30305
1403638559.827829599 9.14104 7.82095 3.05215 0.68924 0.45020 0.47923 -0.30431
1403638559.927829504 9.25273 7.85314 3.04570 0.69030 0.44769 0.47993 -0.30450
1403638560.027829409 9.36284 7.88665 3.03485 0.69609 0.43823 0.48232 -0.30130
1403638560.127829552 9.47465 7.91996 3.01675 0.70495 0.42253 0.48799 -0.29390
1403638560.227829456 9.58561 7.95448 2.99205 0.71542 0.40297 0.49614 -0.28219
1403638560.327829599 9.69473 7.98734 2.96524 0.72430 0.38012 0.50783 -0.27019
1403638560.427829504 9.80189 8.01799 2.93589 0.73219 0.35550 0.52042 -0.25824
1403638560.527829409 9.90316 8.04526 2.90243 0.74013 0.32990 0.53207 -0.24551
1403638560.627829552 10.00032 8.06650 2.86339 0.75022 0.30184 0.53916 -0.23530
1403638560.727829456 10.09126 8.08393 2.82360 0.76024 0.27418 0.54304 -0.22794
1403638560.827829599 10.18059 8.09319 2.78889 0.76741 0.25103 0.54843 -0.21747
1403638560.927829504 10.26663 8.09525 2.76228 0.77293 0.22822 0.55466 -0.20699
1403638561.027829409 10.35182 8.08999 2.74372 0.77518 0.20837 0.56400 -0.19387
1403638561.127829552 10.43342 8.07657 2.73314 0.77740 0.18901 0.57164 -0.18208
1403638561.227829456 10.51092 8.05564 2.72953 0.77832 0.17342 0.57817 -0.17283
1403638561.327829599 10.58240 8.02977 2.73305 0.77976 0.16359 0.58092 -0.16656
1403638561.427829504 10.64785 7.99660 2.73412 0.78585 0.16394 0.57593 -0.15453
1403638561.527829409 10.71035 7.95975 2.73070 0.79036 0.16892 0.57153 -0.14198
1403638561.627829552 10.76615 7.91774 2.72336 0.79307 0.17270 0.56827 -0.13522
1403638561.727829456 10.81935 7.87525 2.71152 0.79388 0.17518 0.56673 -0.13372
1403638561.827829599 10.87024 7.83176 2.69453 0.79337 0.17717 0.56716 -0.13229
1403638561.927829504 10.92087 7.78647 2.67033 0.79329 0.17602 0.56861 -0.12801
1403638562.027829409 10.97277 7.74167 2.64552 0.79461 0.16870 0.57017 -0.12264
1403638562.127829552 11.01551 7.69419 2.62764 0.79647 0.15896 0.57194 -0.11515
1403638562.227829456 11.05658 7.64701 2.61276 0.79765 0.15088 0.57383 -0.10818
1403638562.327829599 11.09344 7.60046 2.60393 0.79863 0.14120 0.57604 -0.10217
1403638562.427829504 11.12424 7.54979 2.60019 0.79974 0.12761 0.57881 -0.09544
1403638562.527829409 11.15376 7.50207 2.60190 0.80249 0.10983 0.58007 -0.08642
1403638562.627829552 11.18086 7.44978 2.61053 0.80421 0.08741 0.58271 -0.07787
1403638562.727829456 11.20530 7.39688 2.62145 0.80638 0.06251 0.58403 -0.06893
1403638562.827829599 11.22704 7.34092 2.63001 0.80777 0.03700 0.58550 -0.05770
1403638562.927829504 11.24323 7.28119 2.63269 0.80886 0.01308 0.58620 -0.04405
1403638563.027829409 11.25709 7.21997 2.63043 0.80879 -0.00969 0.58714 -0.03199
1403638563.127829552 11.26610 7.15568 2.62373 0.80890 -0.03374 0.58644 -0.02496
1403638563.227829456 11.26922 7.08518 2.61312 0.80696 -0.04945 0.58841 -0.01170
1403638563.327829599 11.27147 7.01047 2.59853 0.80231 -0.06004 0.59388 -0.00200
1403638563.427829504 11.26567 6.93203 2.58119 0.79365 -0.06811 0.60455 0.00194
1403638563.527829409 11.25330 6.84920 2.55873 0.79147 -0.07062 0.60709 0.00545
1403638563.627829552 11.23219 6.76100 2.53979 0.79419 -0.06969 0.60360 0.00895
1403638563.727829456 11.20118 6.66879 2.52849 0.79707 -0.07025 0.59976 0.00644
1403638563.827829599 11.16588 6.57111 2.52471 0.79849 -0.07014 0.59791 0.00259
1403638563.927829504 11.12594 6.46910 2.52865 0.79796 -0.06887 0.59876 -0.00088
1403638564.027829409 11.08160 6.35967 2.53529 0.79766 -0.06643 0.59942 -0.00494
1403638564.127829552 11.02810 6.24765 2.53649 0.79756 -0.06302 0.59988 -0.00831
1403638564.227829456 10.96998 6.12865 2.53293 0.79691 -0.05747 0.60129 -0.00883
1403638564.327829599 10.91167 5.99948 2.53239 0.79600 -0.05084 0.60311 -0.00719
1403638564.427829504 10.83994 5.87300 2.53784 0.79407 -0.04687 0.60597 -0.00752
1403638564.527829409 10.77231 5.73483 2.55006 0.79424 -0.04438 0.60592 -0.00908
1403638564.627829552 10.68599 5.59997 2.56192 0.79639 -0.04525 0.60295 -0.01326
1403638564.727829456 10.60299 5.45620 2.57260 0.79784 -0.04837 0.60064 -0.01853
1403638564.827829599 10.50610 5.31087 2.57466 0.79804 -0.05137 0.60003 -0.02141
1403638564.927829504 10.41046 5.15506 2.56490 0.79724 -0.05380 0.60079 -0.02384
1403638565.027829409 10.30266 4.99808 2.53482 0.79720 -0.05467 0.60071 -0.02515
1403638565.127829552 10.19788 4.82885 2.49154 0.79791 -0.05529 0.59966 -0.02628
1403638565.227829456 10.08471 4.65875 2.43383 0.79875 -0.05474 0.59861 -0.02598
1403638565.327829599 9.97220 4.47921 2.37458 0.79968 -0.05392 0.59752 -0.02377
1403638565.427829504 9.85422 4.29972 2.31200 0.80058 -0.05273 0.59651 -0.02145
1403638565.527829409 9.73305 4.11555 2.25279 0.79857 -0.05114 0.59951 -0.01594
1403638565.627829552 9.60567 3.92998 2.20409 0.79703 -0.04764 0.60201 -0.00743
1403638565.727829456 9.47330 3.74310 2.16283 0.79814 -0.04129 0.60104 0.00474
1403638565.827829599 9.33470 3.55898 2.12843 0.80109 -0.03881 0.59718 0.01102
1403638565.927829504 9.19140 3.37502 2.09968 0.80346 -0.03685 0.59397 0.01702
1403638566.027829409 9.04495 3.19565 2.06902 0.80462 -0.03792 0.59232 0.01779
1403638566.127829552 8.89499 3.01844 2.03020 0.80473 -0.03836 0.59212 0.01815
1403638566.227829456 8.74298 2.84364 1.98189 0.80438 -0.03818 0.59260 0.01842
1403638566.327829599 8.59094 2.67145 1.92615 0.80539 -0.03813 0.59125 0.01769
1403638566.427829504 8.43962 2.50607 1.86484 0.80522 -0.03696 0.59156 0.01733
1403638566.527829409 8.28885 2.34127 1.79718 0.80554 -0.03630 0.59123 0.01519
1403638566.627829552 8.13887 2.18215 1.72271 0.81213 -0.03519 0.58227 0.01320
1403638566.727829456 7.98976 2.02531 1.64049 0.82445 -0.03414 0.56477 0.01188
1403638566.827829599 7.85376 1.87832 1.55476 0.83421 -0.03118 0.55043 0.01224
1403638566.927829504 7.72179 1.73477 1.46669 0.84044 -0.02879 0.54100 0.01202
1403638567.027829409 7.60125 1.59918 1.37849 0.84035 -0.02762 0.54123 0.01086
1403638567.127829552 7.48465 1.45794 1.29442 0.82782 -0.02505 0.56029 0.01268
1403638567.227829456 7.37527 1.31887 1.20416 0.81653 -0.02340 0.57665 0.01440
1403638567.327829599 7.27206 1.18873 1.10885 0.81100 -0.02216 0.58436 0.01761
1403638567.427829504 7.16058 1.05452 1.01137 0.81051 -0.02241 0.58496 0.01988
1403638567.527829409 7.06390 0.93427 0.92038 0.81324 -0.02353 0.58106 0.02151
1403638567.627829552 6.96290 0.81535 0.83719 0.81718 -0.02470 0.57536 0.02368
1403638567.727829456 6.86734 0.70518 0.76438 0.82046 -0.02539 0.57053 0.02637
1403638567.827829599 6.77616 0.59862 0.70181 0.82456 -0.02586 0.56447 0.02838
1403638567.927829504 6.69461 0.49764 0.64721 0.82618 -0.02848 0.56208 0.02612
1403638568.027829409 6.61974 0.40004 0.60003 0.82697 -0.02855 0.56086 0.02733
1403638568.127829552 6.54604 0.30382 0.56302 0.82623 -0.02690 0.56189 0.03005
1403638568.227829456 6.47553 0.21328 0.53324 0.82561 -0.02574 0.56273 0.03213
1403638568.327829599 6.40249 0.12617 0.50302 0.82574 -0.02586 0.56249 0.03309
1403638568.427829504 6.33901 0.04582 0.47458 0.82704 -0.02626 0.56055 0.03313
1403638568.527829409 6.27457 -0.03132 0.43737 0.82780 -0.02587 0.55940 0.03400
1403638568.627829552 6.21663 -0.10267 0.40311 0.82943 -0.02542 0.55697 0.03453
1403638568.727829456 6.16122 -0.17064 0.36194 0.83079 -0.02386 0.55489 0.03627
1403638568.827829599 6.10885 -0.23327 0.32969 0.83070 -0.02496 0.55510 0.03430
1403638568.927829504 6.06473 -0.28909 0.30375 0.83067 -0.02435 0.55511 0.03540
1403638569.027829409 6.01659 -0.34362 0.28772 0.82975 -0.02438 0.55648 0.03543
1403638569.127829552 5.98230 -0.39027 0.27652 0.82987 -0.02321 0.55624 0.03710
1403638569.227829456 5.94051 -0.43470 0.26967 0.83131 -0.02235 0.55397 0.03915
1403638569.327829599 5.90922 -0.47373 0.25882 0.83200 -0.02218 0.55286 0.04033
1403638569.427829504 5.87792 -0.50747 0.24282 0.83098 -0.02174 0.55433 0.04139
1403638569.527829409 5.86155 -0.53243 0.22404 0.82977 -0.02146 0.55615 0.04150
1403638569.627829552 5.84754 -0.55320 0.20571 0.82836 -0.02209 0.55825 0.04109
1403638569.727829456 5.83559 -0.56889 0.19359 0.82742 -0.02174 0.55959 0.04201
1403638569.827829599 5.82121 -0.58257 0.19060 0.82676 -0.02132 0.56058 0.04187
1403638569.927829504 5.81615 -0.58778 0.19239 0.82494 -0.02063 0.56321 0.04297
1403638570.027829409 5.81312 -0.58676 0.19328 0.82373 -0.02186 0.56509 0.04081
1403638570.127829552 5.81353 -0.58025 0.18951 0.82385 -0.02420 0.56506 0.03730
1403638570.227829456 5.81980 -0.56922 0.18288 0.82341 -0.02758 0.56591 0.03124
1403638570.327829599 5.82225 -0.55704 0.16921 0.82309 -0.03393 0.56645 0.02248
1403638570.427829504 5.82416 -0.54639 0.15006 0.82273 -0.04406 0.56640 0.01883
1403638570.527829409 5.82682 -0.53767 0.12590 0.82144 -0.06614 0.56630 0.01263
1403638570.627829552 5.83153 -0.53537 0.09246 0.81768 -0.09524 0.56767 0.00854
1403638570.727829456 5.83183 -0.54311 0.06169 0.80973 -0.12277 0.57364 0.01404
1403638570.827829599 5.82808 -0.56206 0.02934 0.79722 -0.14972 0.58435 0.02349
1403638570.927829504 5.82066 -0.59031 -0.00760 0.78739 -0.17246 0.59064 0.03759
1403638571.027829409 5.80564 -0.62918 -0.04865 0.78059 -0.19346 0.59201 0.05269
1403638571.127829552 5.78146 -0.67650 -0.09360 0.78164 -0.20944 0.58299 0.07284
1403638571.227829456 5.74776 -0.73194 -0.13046 0.78401 -0.21811 0.57348 0.09426
1403638571.327829599 5.70843 -0.79334 -0.15723 0.78440 -0.22286 0.56780 0.11250
1403638571.427829504 5.66309 -0.85849 -0.17371 0.78222 -0.22883 0.56683 0.12028
1403638571.527829409 5.61377 -0.92875 -0.18029 0.77928 -0.23198 0.56836 0.12601
1403638571.627829552 5.56005 -1.00000 -0.19007 0.77796 -0.23880 0.56585 0.13255
1403638571.727829456 5.50407 -1.07446 -0.20550 0.77788 -0.25038 0.55927 0.13941
1403638571.827829599 5.44551 -1.15241 -0.22670 0.77645 -0.26562 0.55209 0.14756
1403638571.927829504 5.38508 -1.23474 -0.24893 0.77161 -0.28478 0.54732 0.15479
1403638572.027829409 5.32229 -1.32159 -0.26518 0.76509 -0.30419 0.54347 0.16356
1403638572.127829552 5.25512 -1.41168 -0.27288 0.75765 -0.32210 0.54015 0.17451
1403638572.227829456 5.18199 -1.50392 -0.27288 0.75203 -0.33685 0.53337 0.19104
1403638572.327829599 5.10674 -1.59791 -0.26993 0.74766 -0.35461 0.52300 0.20427
1403638572.427829504 5.03176 -1.69641 -0.27254 0.74274 -0.37132 0.51283 0.21785
1403638572.527829409 4.95763 -1.79792 -0.27457 0.73926 -0.38187 0.50457 0.23039
1403638572.627829552 4.88573 -1.90273 -0.27944 0.73597 -0.38845 0.50039 0.23889
1403638572.727829456 4.81573 -2.01126 -0.27850 0.73563 -0.39102 0.49543 0.24597
1403638572.827829599 4.74914 -2.12382 -0.26991 0.73774 -0.39020 0.49001 0.25174
1403638572.927829504 4.68817 -2.24026 -0.25413 0.73963 -0.38963 0.48691 0.25309
1403638573.027829409 4.63170 -2.35942 -0.23826 0.74209 -0.38849 0.48387 0.25346
1403638573.127829552 4.58080 -2.48153 -0.22892 0.74433 -0.38690 0.48236 0.25222
1403638573.227829456 4.53169 -2.60763 -0.22514 0.74527 -0.38502 0.48324 0.25062
1403638573.327829599 4.48951 -2.73343 -0.21777 0.74635 -0.38299 0.48396 0.24914
1403638573.427829504 4.44733 -2.86370 -0.21202 0.74739 -0.38329 0.48158 0.25014
1403638573.527829409 4.41487 -2.99611 -0.19842 0.74720 -0.38335 0.48026 0.25316
1403638573.627829552 4.38546 -3.13031 -0.17538 0.74683 -0.38375 0.47983 0.25445
1403638573.727829456 4.36134 -3.26509 -0.14754 0.74613 -0.38566 0.47705 0.25882
1403638573.827829599 4.34308 -3.40228 -0.11549 0.73897 -0.38970 0.47889 0.26969
1403638573.927829504 4.33207 -3.53883 -0.08853 0.72642 -0.39842 0.48264 0.28396
1403638574.027829409 4.32621 -3.67388 -0.06850 0.70808 -0.41666 0.48975 0.29182
1403638574.127829552 4.32048 -3.80639 -0.05456 0.68648 -0.43965 0.49690 0.29757
1403638574.227829456 4.31308 -3.93504 -0.04520 0.66530 -0.46333 0.49970 0.30494
1403638574.327829599 4.30094 -4.05994 -0.04045 0.64961 -0.48456 0.49351 0.31569
1403638574.427829504 4.28189 -4.18288 -0.03905 0.63773 -0.50292 0.48144 0.32953
1403638574.527829409 4.25821 -4.30314 -0.03940 0.62648 -0.51998 0.46981 0.34119
1403638574.627829552 4.23125 -4.41833 -0.03421 0.61692 -0.53059 0.46269 0.35185
1403638574.727829456 4.19823 -4.53252 -0.02011 0.61398 -0.53471 0.45234 0.36399
1403638574.827829599 4.16746 -4.64395 -0.00410 0.61606 -0.53759 0.44058 0.37062
1403638574.927829504 4.13477 -4.75322 0.01124 0.61829 -0.54228 0.43275 0.36929
1403638575.027829409 4.10382 -4.85828 0.02012 0.61907 -0.54603 0.43019 0.36545
1403638575.127829552 4.07148 -4.96420 0.02437 0.61654 -0.55072 0.43396 0.35814
1403638575.227829456 4.03726 -5.07161 0.02627 0.61444 -0.55254 0.43817 0.35379
1403638575.327829599 3.99862 -5.18156 0.02349 0.61512 -0.55304 0.43950 0.35016
1403638575.427829504 3.95786 -5.29232 0.01590 0.62029 -0.55266 0.43548 0.34665
1403638575.527829409 3.91357 -5.40752 0.00602 0.62507 -0.55047 0.43264 0.34509
1403638575.627829552 3.86898 -5.52291 -0.00096 0.63188 -0.54595 0.42674 0.34723
1403638575.727829456 3.82335 -5.64682 -0.00050 0.63814 -0.54142 0.42122 0.34958
1403638575.827829599 3.77972 -5.77484 0.00822 0.64405 -0.53887 0.41485 0.35032
1403638575.927829504 3.73893 -5.90668 0.02782 0.64592 -0.53776 0.41422 0.34931
1403638576.027829409 3.70178 -6.04274 0.05577 0.64637 -0.53642 0.41515 0.34944
1403638576.127829552 3.66867 -6.17951 0.09036 0.64610 -0.53574 0.41575 0.35028
1403638576.227829456 3.63685 -6.32840 0.12488 0.64530 -0.53397 0.41725 0.35265
1403638576.327829599 3.60943 -6.48010 0.15456 0.64633 -0.53083 0.41560 0.35742
1403638576.427829504 3.58603 -6.63502 0.17808 0.64843 -0.52872 0.41208 0.36082
1403638576.527829409 3.56697 -6.79273 0.19570 0.65226 -0.52497 0.40609 0.36613
1403638576.627829552 3.55606 -6.94963 0.21002 0.65507 -0.52261 0.40134 0.36971
1403638576.727829456 3.55415 -7.11131 0.21868 0.65446 -0.52003 0.40271 0.37293
1403638576.827829599 3.56085 -7.27056 0.22560 0.65040 -0.51657 0.40908 0.37786
1403638576.927829504 3.57411 -7.43072 0.22604 0.64484 -0.51672 0.41747 0.37803
1403638577.027829409 3.59311 -7.59382 0.22256 0.64018 -0.51962 0.42467 0.37393
1403638577.127829552 3.61664 -7.75051 0.22256 0.63652 -0.52225 0.42973 0.37071
1403638577.227829456 3.64346 -7.90441 0.23050 0.63492 -0.52408 0.43185 0.36840
1403638577.327829599 3.67243 -8.05903 0.24372 0.63734 -0.52120 0.42844 0.37225
1403638577.427829504 3.70602 -8.21094 0.26779 0.64201 -0.51630 0.42203 0.37834
1403638577.527829409 3.74432 -8.35959 0.28963 0.64262 -0.51569 0.42140 0.37885
1403638577.627829552 3.78934 -8.50817 0.30795 0.64173 -0.51767 0.42286 0.37602
1403638577.727829456 3.83782 -8.65042 0.31808 0.64148 -0.51908 0.42350 0.37377
1403638577.827829599 3.88994 -8.79556 0.32270 0.64124 -0.52025 0.42456 0.37134
1403638577.927829504 3.94438 -8.93598 0.32136 0.64146 -0.51948 0.42515 0.37136
1403638578.027829409 4.00317 -9.08074 0.32376 0.64173 -0.51802 0.42580 0.37220
1403638578.127829552 4.06643 -9.21613 0.32868 0.64015 -0.51880 0.42933 0.36978
1403638578.227829456 4.13218 -9.36127 0.34491 0.63508 -0.52385 0.43751 0.36173
1403638578.327829599 4.19675 -9.49489 0.36134 0.63159 -0.52782 0.44258 0.35585
1403638578.427829504 4.25913 -9.62752 0.37190 0.63095 -0.52824 0.44305 0.35577
1403638578.527829409 4.32139 -9.76515 0.38009 0.63041 -0.52878 0.44320 0.35575
1403638578.627829552 4.37783 -9.88888 0.38301 0.62945 -0.52858 0.44375 0.35705
1403638578.727829456 4.43560 -10.02384 0.38352 0.63105 -0.52622 0.44115 0.36090
1403638578.827829599 4.49243 -10.15499 0.37982 0.63475 -0.52257 0.43588 0.36609
1403638578.927829504 4.54583 -10.26781 0.37624 0.63594 -0.51968 0.43403 0.37032
1403638579.027829409 4.60606 -10.39607 0.37414 0.63708 -0.51758 0.43334 0.37210
1403638579.127829552 4.66619 -10.51366 0.38257 0.63742 -0.51647 0.43383 0.37249
1403638579.227829456 4.73267 -10.63760 0.39884 0.63737 -0.51623 0.43433 0.37231
1403638579.327829599 4.80103 -10.75858 0.41880 0.63582 -0.51791 0.43732 0.36913
1403638579.427829504 4.86208 -10.86021 0.43279 0.63119 -0.52302 0.44418 0.36160
1403638579.527829409 4.92897 -10.97696 0.44228 0.62802 -0.52532 0.44997 0.35658
1403638579.627829552 4.99009 -11.07968 0.45163 0.62575 -0.51710 0.46097 0.35854
1403638579.727829456 5.05420 -11.19041 0.45498 0.63161 -0.50098 0.46982 0.35967
1403638579.827829599 5.11143 -11.28264 0.45014 0.64703 -0.48091 0.47470 0.35318
1403638579.927829504 5.17389 -11.37326 0.44232 0.66789 -0.45793 0.47896 0.33884
1403638580.027829409 5.23558 -11.45783 0.42939 0.68552 -0.42826 0.49253 0.32261
1403638580.127829552 5.29835 -11.53816 0.41587 0.69872 -0.39198 0.51436 0.30590
1403638580.227829456 5.36083 -11.61285 0.39771 0.71470 -0.35547 0.53201 0.28251
1403638580.327829599 5.41224 -11.66745 0.36798 0.73231 -0.32392 0.54268 0.25357
1403638580.427829504 5.47246 -11.73113 0.34283 0.74610 -0.30380 0.54867 0.22360
1403638580.527829409 5.53748 -11.80846 0.31821 0.75477 -0.29002 0.55239 0.20266
1403638580.627829552 5.58236 -11.85965 0.28576 0.76304 -0.27637 0.55369 0.18659
1403638580.727829456 5.62052 -11.90631 0.25533 0.77396 -0.26072 0.55056 0.17290
1403638580.827829599 5.65473 -11.95003 0.23330 0.78207 -0.24786 0.54722 0.16579
1403638580.927829504 5.68827 -11.99593 0.22110 0.78632 -0.23985 0.54591 0.16175
1403638581.027829409 5.72232 -12.04072 0.21979 0.78745 -0.23802 0.54630 0.15754
1403638581.127829552 5.75248 -12.08361 0.22832 0.78791 -0.23625 0.54614 0.15850
1403638581.227829456 5.78342 -12.12749 0.24135 0.78808 -0.23560 0.54540 0.16113
1403638581.327829599 5.81477 -12.17153 0.25066 0.78771 -0.23620 0.54454 0.16495
1403638581.427829504 5.83705 -12.20204 0.27164 0.78581 -0.23710 0.54586 0.16829
1403638581.527829409 5.86210 -12.23286 0.29674 0.78446 -0.23948 0.54593 0.17095
1403638581.627829552 5.88644 -12.26069 0.32308 0.78211 -0.24046 0.54765 0.17483
1403638581.727829456 5.91418 -12.28795 0.34502 0.77739 -0.24028 0.55289 0.17956
1403638581.827829599 5.94391 -12.31554 0.35640 0.77573 -0.24170 0.55404 0.18127
1403638581.927829504 5.97259 -12.34156 0.36868 0.76898 -0.24123 0.56249 0.18462
1403638582.027829409 6.00087 -12.36429 0.37231 0.76554 -0.24047 0.56673 0.18689
1403638582.127829552 6.02558 -12.38527 0.38191 0.77183 -0.24285 0.55782 0.18477
1403638582.227829456 6.04841 -12.40038 0.39872 0.77787 -0.24530 0.54926 0.18183
1403638582.327829599 6.07239 -12.41584 0.42819 0.77641 -0.24348 0.55143 0.18391
1403638582.427829504 6.09599 -12.43095 0.46960 0.77397 -0.24190 0.55504 0.18544
1403638582.527829409 6.11993 -12.43937 0.51656 0.77286 -0.24088 0.55669 0.18645
1403638582.627829552 6.14247 -12.45058 0.57231 0.77277 -0.24023 0.55699 0.18676
1403638582.727829456 6.16266 -12.44861 0.63827 0.77534 -0.24119 0.55329 0.18586
1403638582.827829599 6.19314 -12.46176 0.70372 0.77673 -0.24201 0.55126 0.18504
1403638582.927829504 6.21300 -12.45415 0.77184 0.77800 -0.24316 0.54905 0.18472
1403638583.027829409 6.23948 -12.44722 0.83117 0.78074 -0.24476 0.54476 0.18381
1403638583.127829552 6.25955 -12.43467 0.88086 0.78278 -0.24590 0.54150 0.18323
1403638583.227829456 6.28114 -12.41988 0.92223 0.78379 -0.24730 0.53971 0.18225
1403638583.327829599 6.29977 -12.41164 0.94083 0.78370 -0.24687 0.54003 0.18231
1403638583.427829504 6.32224 -12.39108 0.97214 0.78403 -0.24714 0.53952 0.18203
1403638583.527829409 6.34715 -12.37025 1.00105 0.78461 -0.24723 0.53874 0.18173
1403638583.627829552 6.37336 -12.34722 1.03677 0.78452 -0.24665 0.53886 0.18255
1403638583.727829456 6.40145 -12.32382 1.07702 0.78442 -0.24589 0.53893 0.18380
1403638583.827829599 6.42978 -12.29843 1.11241 0.78426 -0.24533 0.53924 0.18434
1403638583.927829504 6.45014 -12.27171 1.11475 0.78345 -0.24508 0.54071 0.18379
1403638584.027829409 6.48302 -12.24151 1.14350 0.78277 -0.24436 0.54162 0.18494
1403638584.127829552 6.51472 -12.21074 1.16223 0.77587 -0.24098 0.55144 0.18940
1403638584.227829456 6.53951 -12.17633 1.16220 0.76624 -0.23725 0.56489 0.19361
1403638584.327829599 6.56413 -12.13332 1.16480 0.76036 -0.23602 0.57277 0.19512
1403638584.427829504 6.58408 -12.08370 1.16137 0.75936 -0.23614 0.57408 0.19504
1403638584.527829409 6.59767 -12.02785 1.15350 0.75881 -0.23659 0.57480 0.19451
1403638584.627829552 6.60999 -11.96895 1.15901 0.76003 -0.23639 0.57340 0.19415
1403638584.727829456 6.61534 -11.90473 1.16633 0.76369 -0.23754 0.56878 0.19192
1403638584.827829599 6.61505 -11.82941 1.17317 0.77165 -0.24088 0.55808 0.18730
1403638584.927829504 6.61557 -11.75563 1.19252 0.77769 -0.24502 0.54955 0.18208
1403638585.027829409 6.60843 -11.67891 1.19968 0.78032 -0.24645 0.54577 0.18027
1403638585.127829552 6.60761 -11.60390 1.20267 0.78041 -0.24771 0.54549 0.17900
1403638585.227829456 6.61075 -11.52900 1.20529 0.77932 -0.24795 0.54695 0.17898
1403638585.327829599 6.61254 -11.45578 1.19991 0.77687 -0.24701 0.55045 0.18021
1403638585.427829504 6.61411 -11.38076 1.19280 0.77633 -0.24681 0.55135 0.18001
1403638585.527829409 6.60936 -11.30518 1.18508 0.77723 -0.24669 0.55009 0.18016
1403638585.627829552 6.61294 -11.23018 1.18784 0.77929 -0.24683 0.54738 0.17931
1403638585.727829456 6.61374 -11.15374 1.19862 0.78326 -0.24770 0.54176 0.17791
1403638585.827829599 6.60977 -11.07786 1.21654 0.78782 -0.24979 0.53509 0.17500
1403638585.927829504 6.61937 -11.00469 1.24330 0.79015 -0.25245 0.53139 0.17192
1403638586.027829409 6.62379 -10.93234 1.27798 0.78734 -0.25282 0.53528 0.17220
1403638586.127829552 6.63754 -10.86114 1.30705 0.78357 -0.25253 0.54015 0.17462
1403638586.227829456 6.65213 -10.79080 1.33024 0.78122 -0.25149 0.54339 0.17659
1403638586.327829599 6.64915 -10.70389 1.34479 0.77773 -0.24974 0.54801 0.18014
1403638586.427829504 6.66274 -10.63511 1.35817 0.77519 -0.24486 0.55117 0.18795
1403638586.527829409 6.66589 -10.55393 1.36260 0.77402 -0.24076 0.55227 0.19473
1403638586.627829552 6.67738 -10.47907 1.36404 0.77459 -0.24263 0.55154 0.19222
1403638586.727829456 6.68640 -10.39502 1.35820 0.77445 -0.24529 0.55173 0.18885
1403638586.827829599 6.69793 -10.31649 1.34844 0.77361 -0.24730 0.55305 0.18576
1403638586.927829504 6.70695 -10.23151 1.32909 0.77294 -0.24686 0.55417 0.18581
1403638587.027829409 6.71471 -10.14822 1.30893 0.77277 -0.24716 0.55455 0.18500
1403638587.127829552 6.71974 -10.05908 1.28887 0.77286 -0.24778 0.55438 0.18426
1403638587.227829456 6.72476 -9.97032 1.27892 0.77513 -0.24727 0.55151 0.18402
1403638587.327829599 6.73031 -9.88282 1.27597 0.77671 -0.24781 0.54916 0.18366
1403638587.427829504 6.73312 -9.78889 1.27762 0.77724 -0.24890 0.54839 0.18225
1403638587.527829409 6.73791 -9.70010 1.27983 0.77699 -0.24995 0.54869 0.18098
1403638587.627829552 6.74042 -9.60658 1.27671 0.77684 -0.25128 0.54861 0.18002
1403638587.727829456 6.74347 -9.51690 1.26897 0.77667 -0.25126 0.54875 0.18035
1403638587.827829599 6.74719 -9.42907 1.25631 0.77619 -0.25246 0.54913 0.17961
1403638587.927829504 6.74930 -9.33302 1.23761 0.77572 -0.25302 0.54964 0.17927
1403638588.027829409 6.75333 -9.24420 1.21557 0.77506 -0.25307 0.55058 0.17917
1403638588.127829552 6.75650 -9.15778 1.18994 0.77542 -0.25088 0.54999 0.18247
1403638588.227829456 6.75942 -9.06964 1.16344 0.77641 -0.24621 0.54856 0.18883
1403638588.327829599 6.76594 -8.98037 1.13975 0.77706 -0.24534 0.54774 0.18966
1403638588.427829504 6.77108 -8.88762 1.12516 0.77696 -0.24525 0.54796 0.18954
1403638588.527829409 6.78142 -8.79288 1.11834 0.77673 -0.24676 0.54833 0.18745
1403638588.627829552 6.78277 -8.69404 1.12017 0.77605 -0.24797 0.54951 0.18518
1403638588.727829456 6.78506 -8.59412 1.12835 0.77436 -0.24989 0.55189 0.18258
1403638588.827829599 6.78809 -8.49624 1.13708 0.77373 -0.25065 0.55268 0.18180
1403638588.927829504 6.79155 -8.39864 1.14213 0.77354 -0.25212 0.55268 0.18058
1403638589.027829409 6.78988 -8.29848 1.13745 0.77350 -0.25284 0.55245 0.18048
1403638589.127829552 6.79024 -8.19781 1.12836 0.77368 -0.25245 0.55187 0.18199
1403638589.227829456 6.78891 -8.09867 1.11334 0.77342 -0.25228 0.55227 0.18212
1403638589.327829599 6.78456 -7.99809 1.09369 0.77270 -0.25239 0.55316 0.18233
1403638589.427829504 6.78283 -7.89799 1.08031 0.77280 -0.25266 0.55310 0.18174
1403638589.527829409 6.78255 -7.79787 1.07121 0.77321 -0.25269 0.55256 0.18159
1403638589.627829552 6.77452 -7.69596 1.06797 0.77302 -0.25247 0.55279 0.18197
1403638589.727829456 6.76637 -7.59621 1.07521 0.77473 -0.25330 0.55025 0.18125
1403638589.827829599 6.76091 -7.49849 1.09006 0.77564 -0.25425 0.54865 0.18089
1403638589.927829504 6.75137 -7.39725 1.09333 0.77607 -0.25430 0.54763 0.18206
1403638590.027829409 6.74204 -7.29841 1.09143 0.77562 -0.25572 0.54793 0.18108
1403638590.127829552 6.73364 -7.20130 1.09191 0.77516 -0.25602 0.54821 0.18176
1403638590.227829456 6.72442 -7.10250 1.08077 0.77431 -0.25631 0.54914 0.18218
1403638590.327829599 6.71438 -7.00405 1.06587 0.77399 -0.25654 0.54949 0.18220
1403638590.427829504 6.70774 -6.91464 1.05385 0.77515 -0.25670 0.54767 0.18253
1403638590.527829409 6.69396 -6.81870 1.03298 0.77514 -0.25752 0.54767 0.18137
1403638590.627829552 6.68184 -6.72513 1.01953 0.77719 -0.25803 0.54483 0.18043
1403638590.727829456 6.67253 -6.63340 1.01579 0.77819 -0.25948 0.54342 0.17827
1403638590.827829599 6.66536 -6.54982 1.02204 0.77930 -0.25927 0.54188 0.17842
1403638590.927829504 6.65835 -6.46199 1.03214 0.77985 -0.25995 0.54106 0.17752
1403638591.027829409 6.64960 -6.37116 1.04666 0.78060 -0.26118 0.53977 0.17636
1403638591.127829552 6.63988 -6.28154 1.05949 0.78323 -0.26197 0.53580 0.17562
1403638591.227829456 6.63187 -6.19542 1.06576 0.78819 -0.26361 0.52823 0.17390
1403638591.327829599 6.62767 -6.11204 1.06545 0.79379 -0.26633 0.51954 0.17042
1403638591.427829504 6.63111 -6.03987 1.05836 0.79700 -0.26840 0.51438 0.16784
1403638591.527829409 6.63540 -5.96860 1.04674 0.79952 -0.27069 0.51019 0.16490
1403638591.627829552 6.64696 -5.90490 1.03197 0.80154 -0.27219 0.50691 0.16277
1403638591.727829456 6.66516 -5.84771 1.01433 0.80038 -0.27279 0.50846 0.16263
1403638591.827829599 6.69132 -5.79921 0.99771 0.79795 -0.27161 0.51240 0.16417
1403638591.927829504 6.72327 -5.75841 0.98545 0.79528 -0.27023 0.51683 0.16551
1403638592.027829409 6.76086 -5.74137 0.98664 0.79267 -0.26957 0.52102 0.16596
1403638592.127829552 6.80230 -5.72532 0.99414 0.79117 -0.26798 0.52407 0.16610
1403638592.227829456 6.85032 -5.70838 1.01197 0.78655 -0.26459 0.53385 0.16229
1403638592.327829599 6.89344 -5.70051 1.03852 0.78191 -0.25758 0.54600 0.15543
1403638592.427829504 6.93479 -5.68801 1.07192 0.78164 -0.24573 0.55479 0.14445
1403638592.527829409 6.97629 -5.68055 1.11223 0.78705 -0.23122 0.55601 0.13396
1403638592.627829552 7.01500 -5.67842 1.16085 0.79461 -0.21815 0.55213 0.12713
1403638592.727829456 7.05243 -5.67781 1.21410 0.80196 -0.20882 0.54639 0.12133
1403638592.827829599 7.09093 -5.68284 1.26052 0.80837 -0.20350 0.54007 0.11597
1403638592.927829504 7.13080 -5.68831 1.30362 0.81187 -0.19936 0.53677 0.11404
1403638593.027829409 7.17349 -5.69822 1.33887 0.81328 -0.19689 0.53576 0.11304
1403638593.127829552 7.22017 -5.71546 1.37013 0.81338 -0.19578 0.53610 0.11257
1403638593.227829456 7.27091 -5.73725 1.40617 0.80999 -0.19374 0.54132 0.11555
1403638593.327829599 7.32380 -5.76237 1.44951 0.80741 -0.18901 0.54505 0.12364
1403638593.427829504 7.37830 -5.78565 1.49627 0.80285 -0.18344 0.55124 0.13385
1403638593.527829409 7.43301 -5.80945 1.53610 0.79913 -0.18152 0.55593 0.13921
1403638593.627829552 7.48901 -5.83106 1.56885 0.79720 -0.18128 0.55802 0.14221
1403638593.727829456 7.54476 -5.84754 1.59561 0.79529 -0.18093 0.56037 0.14411
1403638593.827829599 7.60136 -5.86071 1.61753 0.78897 -0.18185 0.56917 0.14317
1403638593.927829504 7.65119 -5.86606 1.64645 0.77975 -0.17951 0.58381 0.13763
1403638594.027829409 7.69590 -5.86918 1.67719 0.78218 -0.17674 0.58322 0.12965
1403638594.127829552 7.73289 -5.86909 1.71288 0.78812 -0.17384 0.57731 0.12396
1403638594.227829456 7.76723 -5.86743 1.74683 0.79299 -0.16894 0.57211 0.12378
1403638594.327829599 7.79820 -5.86284 1.78081 0.79327 -0.16464 0.57291 0.12407
1403638594.427829504 7.82727 -5.85636 1.81333 0.79194 -0.15832 0.57554 0.12852
1403638594.527829409 7.85321 -5.84508 1.85027 0.79165 -0.15711 0.57660 0.12705
1403638594.627829552 7.87369 -5.82959 1.89816 0.79216 -0.15961 0.57645 0.12125
1403638594.727829456 7.89027 -5.81422 1.94241 0.79268 -0.16255 0.57571 0.11743
1403638594.827829599 7.90498 -5.79577 1.98171 0.79300 -0.16431 0.57508 0.11592
1403638594.927829504 7.91429 -5.77379 2.01620 0.79382 -0.16540 0.57365 0.11584
1403638595.027829409 7.92241 -5.75438 2.03973 0.79533 -0.16701 0.57124 0.11507
1403638595.127829552 7.92510 -5.73123 2.05796 0.79623 -0.16818 0.56968 0.11489
1403638595.227829456 7.93179 -5.70972 2.07115 0.79669 -0.16854 0.56876 0.11571
1403638595.327829599 7.93828 -5.68789 2.07966 0.79678 -0.16880 0.56847 0.11615
1403638595.427829504 7.94485 -5.66695 2.08354 0.79662 -0.16966 0.56850 0.11580
1403638595.527829409 7.94435 -5.64702 2.07841 0.79722 -0.16965 0.56769 0.11573
1403638595.627829552 7.94291 -5.62711 2.07502 0.79785 -0.16891 0.56692 0.11623
1403638595.727829456 7.94084 -5.60567 2.08022 0.79841 -0.16589 0.56616 0.12038
1403638595.827829599 7.93731 -5.56945 2.10086 0.79919 -0.16439 0.56484 0.12341
1403638595.927829504 7.93196 -5.54498 2.09603 0.79893 -0.16381 0.56511 0.12461
1403638596.027829409 7.93235 -5.51756 2.08517 0.79873 -0.16117 0.56525 0.12867
1403638596.127829552 7.92811 -5.48495 2.06649 0.79990 -0.15431 0.56307 0.13895
1403638596.227829456 7.92775 -5.44675 2.05258 0.80195 -0.14566 0.55939 0.15081
1403638596.327829599 7.92598 -5.39644 2.05221 0.80312 -0.13761 0.55670 0.16173
1403638596.427829504 7.92605 -5.34153 2.05195 0.80307 -0.13207 0.55612 0.16841
1403638596.527829409 7.92905 -5.27175 2.06582 0.80287 -0.12659 0.55565 0.17500
1403638596.627829552 7.93873 -5.19225 2.08283 0.80339 -0.12078 0.55387 0.18222
1403638596.727829456 7.95183 -5.09402 2.11131 0.80404 -0.11600 0.55185 0.18848
1403638596.827829599 7.97086 -4.98215 2.14153 0.80366 -0.11250 0.55172 0.19259
1403638596.927829504 7.99027 -4.85221 2.18216 0.80260 -0.11063 0.55280 0.19493
1403638597.027829409 8.01768 -4.70716 2.21682 0.80155 -0.11057 0.55374 0.19663
1403638597.127829552 8.04708 -4.54727 2.24663 0.79988 -0.10954 0.55538 0.19935
1403638597.227829456 8.08332 -4.37010 2.27050 0.79775 -0.11079 0.55803 0.19981
1403638597.327829599 8.12501 -4.17827 2.28720 0.79560 -0.11453 0.56160 0.19625
1403638597.427829504 8.16804 -3.96996 2.29718 0.79345 -0.12020 0.56553 0.19019
1403638597.527829409 8.21127 -3.74941 2.30452 0.78891 -0.12923 0.57369 0.17833
1403638597.627829552 8.25174 -3.51853 2.30899 0.78545 -0.13670 0.57945 0.16918
1403638597.727829456 8.29046 -3.28166 2.30681 0.78461 -0.13744 0.58054 0.16875
1403638597.827829599 8.32739 -3.03897 2.29907 0.78731 -0.12773 0.57757 0.17390
1403638597.927829504 8.36197 -2.78663 2.28590 0.79008 -0.11644 0.57494 0.17794
1403638598.027829409 8.39559 -2.52403 2.27464 0.79113 -0.10996 0.57548 0.17562
1403638598.127829552 8.42973 -2.24887 2.27095 0.79165 -0.11396 0.57850 0.16015
1403638598.227829456 8.45876 -1.96419 2.27335 0.79257 -0.12369 0.58062 0.13933
1403638598.327829599 8.48605 -1.67679 2.27683 0.79506 -0.13107 0.57888 0.12489
1403638598.427829504 8.51262 -1.39082 2.27459 0.79705 -0.13462 0.57683 0.11770
1403638598.527829409 8.53516 -1.10562 2.26644 0.79870 -0.13450 0.57536 0.11382
1403638598.627829552 8.55532 -0.82205 2.24957 0.80198 -0.12948 0.57286 0.10904
1403638598.727829456 8.57561 -0.54124 2.23020 0.80391 -0.11919 0.57353 0.10288
1403638598.827829599 8.59428 -0.26225 2.21499 0.80518 -0.10651 0.57576 0.09402
1403638598.927829504 8.60927 0.01343 2.20531 0.80785 -0.09098 0.57612 0.08473
1403638599.027829409 8.62159 0.28735 2.19954 0.80975 -0.07537 0.57742 0.07212
1403638599.127829552 8.63261 0.56056 2.20245 0.81108 -0.05727 0.57888 0.06138
1403638599.227829456 8.63796 0.83171 2.20936 0.81275 -0.03879 0.57916 0.04997
1403638599.327829599 8.64195 1.10140 2.22258 0.81493 -0.02076 0.57801 0.03683
1403638599.427829504 8.64447 1.36865 2.24218 0.81794 -0.00441 0.57463 0.02752
1403638599.527829409 8.64671 1.63547 2.26379 0.82022 0.00661 0.57163 0.02060
1403638599.627829552 8.64710 1.90036 2.27955 0.82194 0.01188 0.56926 0.01470
1403638599.727829456 8.64872 2.16297 2.28551 0.82320 0.01504 0.56741 0.01250
1403638599.827829599 8.65303 2.42199 2.28355 0.82387 0.01420 0.56649 0.01136
1403638599.927829504 8.65996 2.67979 2.27674 0.82508 0.01039 0.56486 0.00854
1403638600.027829409 8.66871 2.93488 2.26531 0.82440 0.00386 0.56598 0.00355
1403638600.127829552 8.68054 3.18515 2.25227 0.82641 -0.00556 0.56302 -0.00479
1403638600.227829456 8.69514 3.43090 2.23403 0.82910 -0.01725 0.55858 -0.01668
1403638600.327829599 8.71291 3.66936 2.21079 0.83071 -0.02687 0.55548 -0.02540
1403638600.427829504 8.73652 3.90011 2.18856 0.83186 -0.03528 0.55289 -0.03295
1403638600.527829409 8.76324 4.11316 2.17679 0.83257 -0.03812 0.55157 -0.03401
1403638600.627829552 8.79418 4.31160 2.17496 0.83393 -0.03947 0.54944 -0.03348
1403638600.727829456 8.82984 4.49591 2.18010 0.83612 -0.04065 0.54598 -0.03394
1403638600.827829599 8.87237 4.66747 2.19108 0.84017 -0.03753 0.54018 -0.03030
1403638600.927829504 8.92134 4.82511 2.20456 0.84349 -0.02518 0.53635 -0.01464
1403638601.027829409 8.97629 4.97526 2.21426 0.84447 -0.01407 0.53542 -0.00104
1403638601.127829552 9.03981 5.11824 2.21971 0.84335 -0.00833 0.53727 0.00569
1403638601.227829456 9.10984 5.25476 2.22017 0.84045 -0.00090 0.54170 0.01447
