1403638523.327829599 0.01522 0.00945 0.15141 0.80400 0.00591 0.59241 -0.05096
1403638523.427829504 0.00255 -0.01024 0.17787 0.80146 0.00860 0.59582 -0.05088
1403638523.527829409 0.01246 -0.01721 0.13002 0.80937 0.01217 0.58540 -0.04548
1403638523.627829552 0.00981 -0.02272 0.08509 0.82013 0.01564 0.57070 -0.03805
1403638523.727829456 0.00879 -0.02380 0.05970 0.82791 0.01837 0.55961 -0.03260
1403638523.827829599 0.00490 -0.02551 0.04106 0.83102 0.02132 0.55503 -0.03005
1403638523.927829504 0.00148 -0.02940 0.02682 0.83128 0.02589 0.55479 -0.02260
1403638524.027829409 -0.00247 -0.02712 0.01196 0.83308 0.03317 0.55200 -0.01324
1403638524.127829552 -0.00551 -0.02251 0.01636 0.83750 0.04042 0.54486 -0.00907
1403638524.227829456 -0.00563 -0.02671 0.05182 0.84084 0.04326 0.53937 -0.01426
1403638524.327829599 -0.00526 -0.03752 0.10439 0.83961 0.04343 0.54096 -0.02315
1403638524.427829504 0.00057 -0.03816 0.16376 0.83498 0.04107 0.54783 -0.03166
1403638524.527829409 0.00190 -0.04061 0.22528 0.82662 0.04047 0.56010 -0.03665
1403638524.627829552 0.00934 -0.03795 0.28286 0.81862 0.03680 0.57198 -0.03674
1403638524.727829456 0.01526 -0.02966 0.32988 0.81354 0.03117 0.58005 -0.02673
1403638524.827829599 0.01945 -0.02153 0.36162 0.81084 0.02576 0.58454 -0.01364
1403638524.927829504 0.02583 -0.01524 0.38047 0.80980 0.02556 0.58589 -0.01739
1403638525.027829409 0.02923 -0.01281 0.38314 0.80775 0.02897 0.58841 -0.02165
1403638525.127829552 0.02962 -0.01124 0.35946 0.80542 0.03278 0.59155 -0.01720
1403638525.227829456 0.03328 -0.01008 0.31847 0.80582 0.03772 0.59074 -0.01591
1403638525.327829599 0.03359 -0.00823 0.27403 0.81194 0.04243 0.58195 -0.01685
1403638525.427829504 0.03037 -0.00464 0.22180 0.82327 0.04554 0.56539 -0.02199
1403638525.527829409 0.02644 -0.00996 0.17157 0.83473 0.04631 0.54780 -0.03145
1403638525.627829552 0.02310 -0.01526 0.12835 0.84063 0.04456 0.53863 -0.03502
1403638525.727829456 0.02313 -0.01649 0.09401 0.84122 0.04030 0.53816 -0.03335
1403638525.827829599 0.02289 -0.01543 0.06914 0.83824 0.03437 0.54347 -0.02860
1403638525.927829504 0.02122 -0.01826 0.05260 0.83518 0.03149 0.54873 -0.01943
1403638526.027829409 0.01850 -0.02949 0.04470 0.83545 0.03095 0.54854 -0.01298
1403638526.127829552 0.01331 -0.05159 0.04776 0.83797 0.02429 0.54508 -0.01004
1403638526.227829456 0.00209 -0.08256 0.06614 0.83887 0.01468 0.54408 -0.00766
1403638526.327829599 -0.00072 -0.11617 0.07339 0.83597 0.00591 0.54873 -0.00419
1403638526.427829504 -0.01102 -0.15878 0.08676 0.83099 -0.00368 0.55627 -0.00166
1403638526.527829409 -0.02262 -0.20549 0.09794 0.82575 -0.01541 0.56383 -0.00060
1403638526.627829552 -0.03560 -0.26000 0.10633 0.82010 -0.02502 0.57167 0.00199
1403638526.727829456 -0.05098 -0.32386 0.11372 0.81599 -0.03213 0.57712 0.00744
1403638526.827829599 -0.06868 -0.39284 0.11990 0.81381 -0.03573 0.57976 0.01790
1403638526.927829504 -0.08700 -0.45685 0.12350 0.81500 -0.03997 0.57764 0.02259
1403638527.027829409 -0.10442 -0.51612 0.12694 0.81915 -0.05002 0.57067 0.02866
1403638527.127829552 -0.12028 -0.56984 0.13106 0.82250 -0.06525 0.56381 0.03695
1403638527.227829456 -0.13174 -0.61540 0.13683 0.82159 -0.08007 0.56256 0.04590
1403638527.327829599 -0.13868 -0.64655 0.14335 0.81679 -0.09172 0.56635 0.06083
1403638527.427829504 -0.13764 -0.65779 0.14905 0.81187 -0.09812 0.57060 0.07518
1403638527.527829409 -0.13189 -0.64755 0.15073 0.80974 -0.10092 0.57221 0.08196
1403638527.627829552 -0.12021 -0.61788 0.14975 0.80993 -0.10038 0.57195 0.08248
1403638527.727829456 -0.10593 -0.57666 0.14824 0.81073 -0.09402 0.57234 0.07938
1403638527.827829599 -0.08713 -0.52523 0.14828 0.81344 -0.08829 0.57066 0.06969
1403638527.927829504 -0.06788 -0.46864 0.15132 0.81609 -0.08383 0.56912 0.05546
1403638528.027829409 -0.04288 -0.41269 0.15445 0.81574 -0.07733 0.57114 0.04894
1403638528.127829552 -0.02050 -0.35532 0.15254 0.81523 -0.06886 0.57368 0.03952
1403638528.227829456 0.00270 -0.30384 0.14726 0.81676 -0.05874 0.57330 0.02793
1403638528.327829599 0.03269 -0.25917 0.14369 0.81791 -0.04809 0.57310 0.01644
1403638528.427829504 0.06473 -0.22733 0.14007 0.81671 -0.04219 0.57534 0.01390
1403638528.527829409 0.10097 -0.20583 0.13659 0.81747 -0.04191 0.57424 0.01529
1403638528.627829552 0.13585 -0.19094 0.13520 0.81946 -0.04966 0.57078 0.01522
1403638528.727829456 0.16881 -0.17881 0.13537 0.81946 -0.05510 0.57024 0.01670
1403638528.827829599 0.19022 -0.17414 0.14089 0.81819 -0.06140 0.57135 0.01894
1403638528.927829504 0.19787 -0.16515 0.14861 0.81736 -0.06905 0.57184 0.01238
1403638529.027829409 0.19195 -0.15751 0.16121 0.81789 -0.07365 0.57059 0.00724
1403638529.127829552 0.16726 -0.14280 0.18024 0.81892 -0.07004 0.56936 0.01745
1403638529.227829456 0.13733 -0.12181 0.18583 0.82043 -0.06255 0.56738 0.03253
1403638529.327829599 0.10406 -0.09736 0.18128 0.82393 -0.05734 0.56237 0.03993
1403638529.427829504 0.07065 -0.07580 0.16697 0.83178 -0.05358 0.55097 0.04127
1403638529.527829409 0.04042 -0.05985 0.14451 0.84305 -0.05178 0.53406 0.03706
1403638529.627829552 0.02336 -0.04594 0.11506 0.85048 -0.04853 0.52240 0.03786
1403638529.727829456 0.00352 -0.03973 0.09281 0.85053 -0.04627 0.52254 0.03748
1403638529.827829599 -0.00938 -0.03514 0.06983 0.84452 -0.04659 0.53229 0.03592
1403638529.927829504 -0.01152 -0.02914 0.05389 0.83963 -0.04692 0.53993 0.03595
1403638530.027829409 -0.01190 -0.02442 0.04108 0.83929 -0.04715 0.54040 0.03653
1403638530.127829552 -0.00262 -0.02388 0.03224 0.84143 -0.04944 0.53684 0.03676
1403638530.227829456 0.00984 -0.02579 0.02301 0.84184 -0.05529 0.53547 0.03898
1403638530.327829599 0.02306 -0.02834 0.01219 0.84107 -0.06133 0.53593 0.04020
1403638530.427829504 0.03459 -0.03455 0.00275 0.84044 -0.06510 0.53623 0.04344
1403638530.527829409 0.04397 -0.03884 -0.00368 0.84024 -0.06909 0.53623 0.04108
1403638530.627829552 0.05101 -0.04319 -0.01215 0.84135 -0.07146 0.53403 0.04284
1403638530.727829456 0.05507 -0.04566 -0.01816 0.84511 -0.07383 0.52771 0.04307
1403638530.827829599 0.05963 -0.04894 -0.02590 0.84718 -0.07435 0.52433 0.04292
1403638530.927829504 0.06242 -0.05003 -0.03051 0.84632 -0.07363 0.52601 0.04057
1403638531.027829409 0.06320 -0.04994 -0.03306 0.84365 -0.07336 0.53042 0.03908
1403638531.127829552 0.06210 -0.04852 -0.03249 0.84006 -0.07201 0.53609 0.04160
1403638531.227829456 0.06292 -0.04734 -0.03328 0.83976 -0.06936 0.53673 0.04384
1403638531.327829599 0.06376 -0.04626 -0.03474 0.83612 -0.06959 0.54226 0.04487
1403638531.427829504 0.06332 -0.04651 -0.03453 0.83689 -0.06920 0.54105 0.04571
1403638531.527829409 0.06292 -0.04664 -0.03434 0.83610 -0.06978 0.54223 0.04536
1403638531.627829552 0.06299 -0.04681 -0.03444 0.83626 -0.06885 0.54204 0.04600
1403638531.727829456 0.06299 -0.04672 -0.03463 0.83636 -0.06944 0.54180 0.04611
1403638531.827829599 0.06316 -0.04676 -0.03481 0.83636 -0.06965 0.54178 0.04618
1403638531.927829504 0.06333 -0.04680 -0.03509 0.83630 -0.06994 0.54183 0.04621
1403638532.027829409 0.06336 -0.04675 -0.03519 0.83626 -0.07020 0.54185 0.04625
1403638532.127829552 0.06366 -0.04677 -0.03537 0.83625 -0.07040 0.54183 0.04640
1403638532.227829456 0.06362 -0.04682 -0.03547 0.83625 -0.07036 0.54180 0.04673
1403638532.327829599 0.06368 -0.04692 -0.03554 0.83622 -0.07042 0.54182 0.04695
1403638532.427829504 0.06368 -0.04693 -0.03557 0.83621 -0.07048 0.54181 0.04716
1403638532.527829409 0.06376 -0.04699 -0.03566 0.83619 -0.07062 0.54182 0.04731
1403638532.627829552 0.06393 -0.04702 -0.03581 0.83616 -0.07075 0.54183 0.04744
1403638532.727829456 0.06407 -0.04707 -0.03599 0.83610 -0.07086 0.54190 0.04751
1403638532.827829599 0.06417 -0.04707 -0.03605 0.83607 -0.07099 0.54193 0.04761
1403638532.927829504 0.06408 -0.04709 -0.03606 0.83603 -0.07104 0.54197 0.04778
1403638533.027829409 0.06432 -0.04718 -0.03623 0.83598 -0.07111 0.54202 0.04790
1403638533.127829552 0.06433 -0.04719 -0.03628 0.83595 -0.07122 0.54204 0.04802
1403638533.227829456 0.06441 -0.04720 -0.03635 0.83592 -0.07131 0.54207 0.04814
1403638533.327829599 0.06454 -0.04729 -0.03649 0.83587 -0.07135 0.54213 0.04823
1403638533.427829504 0.06443 -0.04728 -0.03645 0.83583 -0.07142 0.54218 0.04826
1403638533.527829409 0.06448 -0.04732 -0.03650 0.83579 -0.07148 0.54222 0.04835
1403638533.627829552 0.06460 -0.04737 -0.03662 0.83576 -0.07150 0.54225 0.04846
1403638533.727829456 0.06465 -0.04738 -0.03665 0.83575 -0.07156 0.54226 0.04859
1403638533.827829599 0.06472 -0.04735 -0.03676 0.83567 -0.07166 0.54236 0.04862
1403638533.927829504 0.06464 -0.04737 -0.03681 0.83568 -0.07160 0.54235 0.04863
1403638534.027829409 0.06393 -0.04732 -0.03640 0.83566 -0.07178 0.54235 0.04872
1403638534.127829552 0.06436 -0.04750 -0.03635 0.83565 -0.07200 0.54233 0.04890
1403638534.227829456 0.06437 -0.04742 -0.03646 0.83560 -0.07210 0.54240 0.04881
1403638534.327829599 0.06470 -0.04735 -0.03666 0.83559 -0.07204 0.54243 0.04870
1403638534.427829504 0.06458 -0.04725 -0.03674 0.83562 -0.07208 0.54239 0.04867
1403638534.527829409 0.06433 -0.04733 -0.03659 0.83559 -0.07236 0.54236 0.04894
1403638534.627829552 0.06433 -0.04740 -0.03648 0.83564 -0.07196 0.54236 0.04878
1403638534.727829456 0.06440 -0.04736 -0.03653 0.83565 -0.07172 0.54239 0.04864
1403638534.827829599 0.06438 -0.04727 -0.03654 0.83560 -0.07177 0.54245 0.04872
1403638534.927829504 0.06430 -0.04735 -0.03653 0.83557 -0.07199 0.54244 0.04897
1403638535.027829409 0.06424 -0.04743 -0.03648 0.83558 -0.07196 0.54243 0.04891
1403638535.127829552 0.06433 -0.04742 -0.03653 0.83562 -0.07188 0.54239 0.04890
1403638535.227829456 0.06439 -0.04739 -0.03658 0.83559 -0.07187 0.54244 0.04884
1403638535.327829599 0.06430 -0.04744 -0.03654 0.83559 -0.07191 0.54244 0.04881
1403638535.427829504 0.06438 -0.04746 -0.03658 0.83559 -0.07183 0.54245 0.04885
1403638535.527829409 0.06438 -0.04746 -0.03653 0.83555 -0.07188 0.54249 0.04882
1403638535.627829552 0.06431 -0.04745 -0.03649 0.83556 -0.07184 0.54249 0.04879
1403638535.727829456 0.06429 -0.04743 -0.03650 0.83555 -0.07183 0.54251 0.04878
1403638535.827829599 0.06417 -0.04741 -0.03647 0.83554 -0.07178 0.54254 0.04868
1403638535.927829504 0.06412 -0.04743 -0.03650 0.83555 -0.07179 0.54253 0.04863
1403638536.027829409 0.06421 -0.04742 -0.03658 0.83555 -0.07173 0.54254 0.04856
1403638536.127829552 0.06430 -0.04743 -0.03656 0.83556 -0.07174 0.54252 0.04854
1403638536.227829456 0.06435 -0.04746 -0.03657 0.83549 -0.07165 0.54266 0.04840
1403638536.327829599 0.06438 -0.04738 -0.03658 0.83543 -0.07161 0.54277 0.04836
1403638536.427829504 0.06432 -0.04739 -0.03658 0.83543 -0.07171 0.54274 0.04841
1403638536.527829409 0.06426 -0.04734 -0.03650 0.83545 -0.07165 0.54272 0.04838
1403638536.627829552 0.06436 -0.04743 -0.03650 0.83541 -0.07173 0.54277 0.04835
1403638536.727829456 0.06449 -0.04741 -0.03661 0.83541 -0.07159 0.54279 0.04842
1403638536.827829599 0.06446 -0.04743 -0.03672 0.83537 -0.07160 0.54285 0.04837
1403638536.927829504 0.06449 -0.04745 -0.03662 0.83535 -0.07162 0.54288 0.04838
1403638537.027829409 0.06440 -0.04740 -0.03657 0.83535 -0.07161 0.54289 0.04840
1403638537.127829552 0.06439 -0.04737 -0.03660 0.83532 -0.07154 0.54293 0.04850
1403638537.227829456 0.06436 -0.04735 -0.03657 0.83529 -0.07159 0.54296 0.04848
1403638537.327829599 0.06450 -0.04740 -0.03652 0.83526 -0.07157 0.54302 0.04844
1403638537.427829504 0.06457 -0.04747 -0.03652 0.83523 -0.07148 0.54308 0.04835
1403638537.527829409 0.06457 -0.04751 -0.03646 0.83524 -0.07140 0.54309 0.04838
1403638537.627829552 0.06448 -0.04749 -0.03641 0.83523 -0.07130 0.54311 0.04848
1403638537.727829456 0.06443 -0.04742 -0.03632 0.83526 -0.07136 0.54304 0.04855
1403638537.827829599 0.06441 -0.04740 -0.03629 0.83523 -0.07138 0.54308 0.04852
1403638537.927829504 0.06468 -0.04745 -0.03648 0.83520 -0.07130 0.54315 0.04848
1403638538.027829409 0.06446 -0.04741 -0.03631 0.83523 -0.07133 0.54309 0.04851
1403638538.127829552 0.06451 -0.04739 -0.03627 0.83515 -0.07130 0.54322 0.04861
1403638538.227829456 0.06483 -0.04743 -0.03647 0.83516 -0.07128 0.54320 0.04860
1403638538.327829599 0.06488 -0.04744 -0.03654 0.83515 -0.07122 0.54322 0.04861
1403638538.427829504 0.06477 -0.04741 -0.03639 0.83502 -0.07127 0.54341 0.04866
1403638538.527829409 0.06460 -0.04746 -0.03619 0.83501 -0.07130 0.54343 0.04863
1403638538.627829552 0.06444 -0.04746 -0.03601 0.83480 -0.07139 0.54372 0.04879
1403638538.727829456 0.06452 -0.04745 -0.03591 0.83447 -0.07130 0.54422 0.04894
1403638538.827829599 0.06561 -0.04738 -0.03592 0.83396 -0.07082 0.54511 0.04854
1403638538.927829504 0.06840 -0.04732 -0.03517 0.83100 -0.06989 0.54971 0.04871
1403638539.027829409 0.07275 -0.04731 -0.03173 0.82637 -0.07044 0.55647 0.05000
1403638539.127829552 0.08018 -0.04803 -0.02749 0.81969 -0.07164 0.56611 0.04995
1403638539.227829456 0.08915 -0.04848 -0.01637 0.81494 -0.07082 0.57304 0.04978
1403638539.327829599 0.09881 -0.04868 0.00296 0.81404 -0.07047 0.57441 0.04927
1403638539.427829504 0.10819 -0.04930 0.03015 0.81569 -0.06949 0.57219 0.04916
1403638539.527829409 0.11600 -0.04989 0.06362 0.81767 -0.06839 0.56952 0.04876
1403638539.627829552 0.12758 -0.05117 0.09555 0.81836 -0.06746 0.56871 0.04794
1403638539.727829456 0.13792 -0.05156 0.11897 0.81902 -0.06649 0.56794 0.04733
1403638539.827829599 0.15075 -0.05250 0.13140 0.82066 -0.06516 0.56573 0.04706
1403638539.927829504 0.16784 -0.05411 0.13975 0.82455 -0.06456 0.56024 0.04559
1403638540.027829409 0.18314 -0.05490 0.14922 0.82993 -0.06510 0.55230 0.04403
1403638540.127829552 0.20583 -0.05603 0.15650 0.83578 -0.06506 0.54345 0.04356
1403638540.227829456 0.23912 -0.05910 0.16377 0.83576 -0.06372 0.54360 0.04395
1403638540.327829599 0.27847 -0.06261 0.17262 0.82963 -0.06247 0.55302 0.04464
1403638540.427829504 0.32003 -0.06514 0.18189 0.82514 -0.05840 0.56018 0.04398
1403638540.527829409 0.36589 -0.06676 0.18771 0.82487 -0.04981 0.56181 0.03859
1403638540.627829552 0.41458 -0.06590 0.19339 0.82534 -0.03585 0.56271 0.02982
1403638540.727829456 0.46429 -0.06378 0.19942 0.82491 -0.01434 0.56463 0.02272
1403638540.827829599 0.51651 -0.05906 0.20488 0.82476 0.01209 0.56519 0.01375
1403638540.927829504 0.56961 -0.04930 0.20974 0.82428 0.04017 0.56476 0.00203
1403638541.027829409 0.62441 -0.03468 0.21214 0.82295 0.06266 0.56450 -0.01284
1403638541.127829552 0.67985 -0.01789 0.21107 0.82090 0.07897 0.56504 -0.02508
1403638541.227829456 0.73650 0.00389 0.20662 0.82016 0.08992 0.56408 -0.03260
1403638541.327829599 0.79316 0.02957 0.20402 0.81964 0.09578 0.56364 -0.03651
1403638541.427829504 0.84964 0.06027 0.20729 0.81973 0.09696 0.56313 -0.03894
1403638541.527829409 0.90573 0.09471 0.21658 0.81857 0.09777 0.56476 -0.03773
1403638541.627829552 0.96343 0.13795 0.23295 0.81703 0.10009 0.56652 -0.03878
1403638541.727829456 1.02195 0.18603 0.25674 0.81528 0.10445 0.56771 -0.04605
1403638541.827829599 1.07668 0.24003 0.28793 0.81428 0.11091 0.56676 -0.05850
1403638541.927829504 1.12847 0.29778 0.31924 0.81326 0.12254 0.56446 -0.07050
1403638542.027829409 1.18018 0.35635 0.34426 0.81168 0.13831 0.56125 -0.08389
1403638542.127829552 1.23035 0.41663 0.36335 0.80899 0.15758 0.55783 -0.09760
1403638542.227829456 1.28011 0.47769 0.37735 0.80536 0.17866 0.55361 -0.11398
1403638542.327829599 1.32579 0.54055 0.38772 0.80041 0.20244 0.54932 -0.12890
1403638542.427829504 1.37229 0.60312 0.39496 0.78931 0.22340 0.55465 -0.13945
1403638542.527829409 1.41577 0.66665 0.40018 0.77586 0.24314 0.56492 -0.14068
1403638542.627829552 1.44323 0.73768 0.41180 0.76709 0.25829 0.57060 -0.13883
1403638542.727829456 1.47896 0.81065 0.42212 0.76719 0.26307 0.56705 -0.14374
1403638542.827829599 1.51071 0.88782 0.43788 0.77171 0.26018 0.55966 -0.15346
1403638542.927829504 1.53755 0.96681 0.45864 0.77735 0.25663 0.55175 -0.15949
1403638543.027829409 1.55449 1.04518 0.48736 0.78129 0.25380 0.54651 -0.16277
1403638543.127829552 1.57038 1.12352 0.51519 0.78371 0.25045 0.54402 -0.16468
1403638543.227829456 1.58556 1.20377 0.53596 0.78462 0.24878 0.54369 -0.16397
