1403638522077829632 -0.01299 0.00441 0.00884 -0.00786 0.83507 0.01589 0.54986
1403638522177829632 -0.03115 0.01137 0.02805 -0.00950 0.83541 0.01021 0.54945
1403638522277829376 -0.04535 0.01764 0.05794 -0.01443 0.83039 0.00975 0.55691
1403638522377829632 -0.05601 0.02242 0.09859 -0.02101 0.82544 0.01179 0.56398
1403638522477829376 -0.07566 0.02970 0.14857 -0.03090 0.82627 0.01302 0.56227
1403638522577829632 -0.09039 0.03538 0.19729 -0.04200 0.82952 0.01149 0.55677
1403638522677829632 -0.09587 0.03893 0.24622 -0.04667 0.82708 0.01525 0.55993
1403638522777829376 -0.10174 0.04446 0.29753 -0.05000 0.82113 0.02289 0.56808
1403638522877829632 -0.10906 0.04857 0.34930 -0.06290 0.81535 0.02154 0.57514
1403638522977829376 -0.11964 0.04898 0.39965 -0.07143 0.81011 0.01693 0.58166
1403638523077829632 -0.13251 0.04712 0.43700 -0.07251 0.80754 0.01558 0.58513
1403638523177829632 -0.14144 0.03501 0.45290 -0.07229 0.80650 0.01618 0.58658
1403638523277829376 -0.15600 0.02754 0.44544 -0.06304 0.80407 0.01594 0.59096
1403638523377829632 -0.17132 0.02455 0.41871 -0.05850 0.80300 0.01502 0.59292
1403638523477829376 -0.18353 0.01592 0.37842 -0.05401 0.80671 0.01768 0.58821
1403638523577829632 -0.20214 0.00763 0.33029 -0.04718 0.81597 0.02204 0.57574
1403638523677829632 -0.22367 -0.00016 0.28030 -0.04034 0.82538 0.02504 0.56258
1403638523777829376 -0.23943 -0.00939 0.23381 -0.03681 0.82999 0.02805 0.55586
1403638523877829632 -0.25497 -0.01526 0.18874 -0.03343 0.83062 0.03099 0.55497
1403638523977829376 -0.27234 -0.01891 0.15095 -0.02399 0.83071 0.03699 0.55496
1403638524077829632 -0.29582 -0.01736 0.13643 -0.01664 0.83375 0.04527 0.55004
1403638524177829632 -0.31441 -0.01642 0.14982 -0.01712 0.83823 0.05014 0.54273
1403638524277829376 -0.32953 -0.01568 0.18849 -0.02307 0.83925 0.05103 0.54085
1403638524377829632 -0.33828 -0.01437 0.24195 -0.03225 0.83657 0.04930 0.54468
1403638524477829376 -0.34203 -0.01321 0.30151 -0.03902 0.83007 0.04741 0.55427
1403638524577829632 -0.34979 -0.01066 0.36081 -0.04196 0.82129 0.04598 0.56710
1403638524677829632 -0.33231 -0.01075 0.41643 -0.03784 0.81503 0.04045 0.57677
1403638524777829376 -0.27640 -0.00781 0.46160 -0.02490 0.81170 0.03512 0.58249
1403638524877829632 -0.26093 -0.00108 0.48895 -0.02084 0.81038 0.03222 0.58464
1403638524977829376 -0.25622 0.00332 0.50255 -0.02725 0.80901 0.03445 0.58615
1403638525077829632 -0.26214 0.00391 0.49132 -0.02497 0.80641 0.03791 0.58961
1403638525177829632 -0.26347 0.00372 0.46023 -0.02269 0.80508 0.04248 0.59120
1403638525277829376 -0.25221 0.00022 0.41823 -0.02291 0.80797 0.04744 0.58686
1403638525377829632 -0.25871 -0.00216 0.36564 -0.02555 0.81692 0.05240 0.57379
1403638525477829376 -0.26808 0.00232 0.31318 -0.03381 0.82921 0.05413 0.55529
1403638525577829632 -0.26162 0.00126 0.26919 -0.04004 0.83839 0.05359 0.54095
1403638525677829632 -0.25199 -0.00204 0.23097 -0.04101 0.84149 0.05058 0.53633
1403638525777829376 -0.25475 -0.00431 0.20245 -0.03814 0.83999 0.04471 0.53940
1403638525877829632 -0.25633 -0.00655 0.18059 -0.03112 0.83645 0.04037 0.54567
1403638525977829376 -0.25827 -0.01215 0.16944 -0.02243 0.83515 0.03907 0.54817
1403638526077829632 -0.25105 -0.03400 0.16574 -0.01808 0.83689 0.03694 0.54582
1403638526177829632 -0.25813 -0.06195 0.17205 -0.01607 0.83928 0.02773 0.54276
1403638526277829376 -0.26014 -0.09796 0.18710 -0.01254 0.83843 0.01865 0.54454
1403638526377829632 -0.27293 -0.14051 0.20268 -0.01021 0.83429 0.01005 0.55113
1403638526477829376 -0.27970 -0.18836 0.21457 -0.00901 0.82924 -0.00089 0.55882
1403638526577829632 -0.29031 -0.23916 0.22178 -0.00759 0.82391 -0.01190 0.56654
1403638526677829632 -0.30266 -0.29879 0.22947 -0.00320 0.81877 -0.02018 0.57375
1403638526777829376 -0.31866 -0.36353 0.23659 0.00523 0.81569 -0.02553 0.57790
1403638526877829632 -0.33223 -0.42928 0.23884 0.01321 0.81502 -0.02864 0.57858
1403638526977829376 -0.34588 -0.49166 0.24050 0.01755 0.81811 -0.03496 0.57372
1403638527077829632 -0.35870 -0.54950 0.24270 0.02537 0.82256 -0.04808 0.56608
1403638527177829632 -0.36866 -0.60058 0.24735 0.03333 0.82424 -0.06324 0.56171
1403638527277829376 -0.37251 -0.64190 0.25250 0.04494 0.82128 -0.07692 0.56353
1403638527377829632 -0.37363 -0.66467 0.25794 0.06058 0.81609 -0.08561 0.56833
1403638527477829376 -0.37038 -0.66853 0.26071 0.07100 0.81241 -0.08996 0.57171
1403638527577829632 -0.36074 -0.65203 0.26151 0.07409 0.81173 -0.09117 0.57209
1403638527677829632 -0.34800 -0.61485 0.25965 0.07269 0.81220 -0.08777 0.57214
1403638527777829376 -0.33199 -0.56690 0.25760 0.06754 0.81358 -0.08077 0.57184
1403638527877829632 -0.31558 -0.51262 0.25936 0.05389 0.81676 -0.07618 0.56938
1403638527977829376 -0.29737 -0.45608 0.26295 0.04416 0.81765 -0.07160 0.56953
1403638528077829632 -0.28259 -0.39698 0.26562 0.03803 0.81640 -0.06459 0.57261
1403638528177829632 -0.26755 -0.34022 0.26459 0.02901 0.81680 -0.05614 0.57344
1403638528277829376 -0.24507 -0.29028 0.26088 0.01711 0.81831 -0.04596 0.57268
1403638528377829632 -0.21660 -0.25228 0.25592 0.01046 0.81799 -0.03818 0.57387
1403638528477829376 -0.18386 -0.22608 0.25155 0.01246 0.81718 -0.03509 0.57518
1403638528577829632 -0.15016 -0.20752 0.24878 0.01429 0.81898 -0.03979 0.57227
1403638528677829632 -0.11707 -0.19516 0.24811 0.01350 0.82013 -0.04763 0.57004
1403638528777829376 -0.08384 -0.19154 0.24927 0.01877 0.81918 -0.05288 0.57078
1403638528877829632 -0.07077 -0.18500 0.25612 0.01545 0.81804 -0.06060 0.57175
1403638528977829376 -0.06873 -0.17580 0.26898 0.00920 0.81774 -0.06756 0.57154
1403638529077829632 -0.08873 -0.16705 0.28494 0.01075 0.81854 -0.06904 0.57018
1403638529177829632 -0.11819 -0.15135 0.29565 0.02799 0.81941 -0.06227 0.56913
1403638529277829376 -0.15318 -0.13164 0.29731 0.03989 0.82128 -0.05638 0.56633
1403638529377829632 -0.18906 -0.11203 0.28772 0.04414 0.82654 -0.05218 0.55871
1403638529477829376 -0.21536 -0.09144 0.26787 0.04298 0.83663 -0.05007 0.54378
1403638529577829632 -0.24392 -0.07989 0.24253 0.04067 0.84678 -0.04744 0.52825
1403638529677829632 -0.25642 -0.06848 0.21855 0.04220 0.85072 -0.04469 0.52201
1403638529777829376 -0.27296 -0.05844 0.19864 0.04176 0.84714 -0.04394 0.52790
1403638529877829632 -0.27937 -0.05070 0.18065 0.04064 0.84075 -0.04485 0.53802
1403638529977829376 -0.28147 -0.04813 0.16862 0.04026 0.83812 -0.04490 0.54214
1403638530077829632 -0.27400 -0.05093 0.15777 0.04078 0.83946 -0.04538 0.53999
1403638530177829632 -0.25860 -0.05191 0.14818 0.04190 0.84104 -0.04991 0.53703
1403638530277829376 -0.24424 -0.05540 0.13974 0.04418 0.84047 -0.05600 0.53715
1403638530377829632 -0.23459 -0.05796 0.13104 0.04687 0.83967 -0.06128 0.53758
1403638530477829376 -0.22310 -0.06180 0.12463 0.04730 0.83937 -0.06525 0.53756
1403638530577829632 -0.21441 -0.06384 0.11008 0.04663 0.83920 -0.06866 0.53745
1403638530677829632 -0.21056 -0.06732 0.10363 0.04781 0.84205 -0.07101 0.53256
1403638530777829376 -0.20694 -0.06974 0.09756 0.04790 0.84543 -0.07271 0.52695
1403638530877829632 -0.20620 -0.07107 0.09367 0.04599 0.84606 -0.07212 0.52617
1403638530977829376 -0.20410 -0.07155 0.09031 0.04474 0.84387 -0.07207 0.52979
1403638531077829632 -0.20412 -0.07122 0.08807 0.04544 0.84042 -0.07058 0.53539
1403638531177829632 -0.20413 -0.06960 0.08900 0.04610 0.83826 -0.06842 0.53899
1403638531277829376 -0.20408 -0.06856 0.08794 0.04881 0.83706 -0.06699 0.54080
1403638531377829632 -0.20456 -0.06784 0.08813 0.04873 0.83578 -0.06716 0.54276
1403638531477829376 -0.20470 -0.06818 0.08844 0.04891 0.83470 -0.06747 0.54436
1403638531577829632 -0.20508 -0.06816 0.08861 0.04948 0.83501 -0.06637 0.54397
1403638531677829632 -0.20476 -0.06802 0.08836 0.04874 0.83507 -0.06697 0.54387
1403638531777829376 -0.20450 -0.06819 0.08849 0.04903 0.83498 -0.06699 0.54398
1403638531877829632 -0.20472 -0.06813 0.08853 0.04916 0.83501 -0.06688 0.54393
1403638531977829376 -0.20479 -0.06812 0.08855 0.04935 0.83499 -0.06689 0.54395
1403638532077829632 -0.20479 -0.06812 0.08857 0.04946 0.83499 -0.06675 0.54396
1403638532177829632 -0.20442 -0.06816 0.08830 0.04938 0.83495 -0.06681 0.54403
1403638532277829376 -0.20468 -0.06806 0.08851 0.04922 0.83491 -0.06698 0.54407
1403638532377829632 -0.20446 -0.06812 0.08836 0.04911 0.83488 -0.06697 0.54414
1403638532477829376 -0.20421 -0.06819 0.08824 0.04900 0.83483 -0.06704 0.54420
1403638532577829632 -0.20422 -0.06815 0.08822 0.04902 0.83484 -0.06708 0.54418
1403638532677829632 -0.20415 -0.06816 0.08819 0.04904 0.83482 -0.06705 0.54423
1403638532777829376 -0.20409 -0.06815 0.08818 0.04913 0.83484 -0.06695 0.54419
1403638532877829632 -0.20361 -0.06826 0.08788 0.04918 0.83482 -0.06699 0.54421
1403638532977829376 -0.20385 -0.06823 0.08800 0.04914 0.83478 -0.06694 0.54428
1403638533077829632 -0.20397 -0.06821 0.08807 0.04913 0.83479 -0.06695 0.54427
1403638533177829632 -0.20384 -0.06823 0.08797 0.04910 0.83474 -0.06701 0.54435
1403638533277829376 -0.20381 -0.06824 0.08792 0.04908 0.83471 -0.06705 0.54438
1403638533377829632 -0.20348 -0.06830 0.08770 0.04912 0.83469 -0.06696 0.54442
1403638533477829376 -0.20367 -0.06828 0.08782 0.04905 0.83467 -0.06696 0.54446
1403638533577829632 -0.20362 -0.06826 0.08778 0.04905 0.83467 -0.06700 0.54445
1403638533677829632 -0.20355 -0.06832 0.08771 0.04902 0.83465 -0.06708 0.54449
1403638533777829376 -0.20355 -0.06831 0.08769 0.04905 0.83463 -0.06712 0.54450
1403638533877829632 -0.20300 -0.06845 0.08733 0.04879 0.83469 -0.06679 0.54448
1403638533977829376 -0.20317 -0.06843 0.08738 0.04893 0.83467 -0.06706 0.54446
1403638534077829632 -0.20309 -0.06853 0.08740 0.04938 0.83461 -0.06752 0.54446
1403638534177829632 -0.20318 -0.06852 0.08740 0.04902 0.83461 -0.06731 0.54451
1403638534277829376 -0.20338 -0.06830 0.08756 0.04878 0.83470 -0.06719 0.54441
1403638534377829632 -0.20327 -0.06836 0.08740 0.04879 0.83470 -0.06725 0.54440
1403638534477829376 -0.20329 -0.06837 0.08754 0.04899 0.83472 -0.06758 0.54431
1403638534577829632 -0.20323 -0.06832 0.08750 0.04887 0.83480 -0.06726 0.54424
1403638534677829632 -0.20331 -0.06836 0.08769 0.04859 0.83486 -0.06701 0.54420
1403638534777829376 -0.20326 -0.06838 0.08764 0.04869 0.83485 -0.06690 0.54422
1403638534877829632 -0.20343 -0.06838 0.08771 0.04899 0.83480 -0.06710 0.54425
1403638534977829376 -0.20356 -0.06847 0.08777 0.04907 0.83483 -0.06720 0.54418
1403638535077829632 -0.20331 -0.06855 0.08758 0.04894 0.83490 -0.06718 0.54409
1403638535177829632 -0.20333 -0.06851 0.08758 0.04884 0.83486 -0.06718 0.54416
1403638535277829376 -0.20337 -0.06853 0.08758 0.04877 0.83485 -0.06719 0.54418
1403638535377829632 -0.20306 -0.06866 0.08738 0.04882 0.83486 -0.06717 0.54417
1403638535477829376 -0.20238 -0.06897 0.08722 0.04886 0.83490 -0.06717 0.54409
1403638535577829632 -0.20209 -0.06905 0.08714 0.04881 0.83493 -0.06712 0.54406
1403638535677829632 -0.20207 -0.06906 0.08713 0.04877 0.83493 -0.06718 0.54406
1403638535777829376 -0.20207 -0.06904 0.08711 0.04883 0.83492 -0.06721 0.54407
1403638535877829632 -0.20215 -0.06905 0.08713 0.04873 0.83492 -0.06715 0.54407
1403638535977829376 -0.20240 -0.06889 0.08720 0.04869 0.83497 -0.06712 0.54401
1403638536077829632 -0.20284 -0.06892 0.08745 0.04863 0.83493 -0.06725 0.54407
1403638536177829632 -0.20313 -0.06883 0.08771 0.04867 0.83492 -0.06729 0.54407
1403638536277829376 -0.20268 -0.06895 0.08745 0.04871 0.83494 -0.06726 0.54404
1403638536377829632 -0.20214 -0.06912 0.08719 0.04869 0.83493 -0.06723 0.54406
1403638536477829376 -0.20221 -0.06912 0.08720 0.04867 0.83492 -0.06719 0.54408
1403638536577829632 -0.20219 -0.06913 0.08720 0.04861 0.83494 -0.06723 0.54406
1403638536677829632 -0.20226 -0.06905 0.08721 0.04861 0.83495 -0.06720 0.54405
1403638536777829376 -0.20239 -0.06899 0.08720 0.04867 0.83491 -0.06728 0.54409
1403638536877829632 -0.20274 -0.06888 0.08742 0.04859 0.83485 -0.06739 0.54417
1403638536977829376 -0.20318 -0.06872 0.08767 0.04854 0.83489 -0.06745 0.54411
1403638537077829632 -0.20307 -0.06865 0.08770 0.04857 0.83492 -0.06738 0.54407
1403638537177829632 -0.20298 -0.06886 0.08752 0.04868 0.83487 -0.06737 0.54413
1403638537277829376 -0.20277 -0.06896 0.08754 0.04884 0.83493 -0.06733 0.54404
1403638537377829632 -0.20270 -0.06898 0.08751 0.04883 0.83492 -0.06731 0.54405
1403638537477829376 -0.20274 -0.06901 0.08751 0.04876 0.83492 -0.06727 0.54407
1403638537577829632 -0.20281 -0.06904 0.08754 0.04882 0.83496 -0.06719 0.54401
1403638537677829632 -0.20288 -0.06896 0.08754 0.04891 0.83498 -0.06721 0.54397
1403638537777829376 -0.20291 -0.06895 0.08753 0.04886 0.83493 -0.06722 0.54404
1403638537877829632 -0.20256 -0.06908 0.08744 0.04891 0.83499 -0.06707 0.54396
1403638537977829376 -0.20264 -0.06901 0.08748 0.04898 0.83495 -0.06718 0.54400
1403638538077829632 -0.20272 -0.06894 0.08747 0.04899 0.83491 -0.06725 0.54406
1403638538177829632 -0.20263 -0.06900 0.08741 0.04901 0.83490 -0.06719 0.54409
1403638538277829376 -0.20205 -0.06918 0.08708 0.04899 0.83493 -0.06711 0.54404
1403638538377829632 -0.20207 -0.06911 0.08706 0.04921 0.83487 -0.06711 0.54412
1403638538477829376 -0.20166 -0.06924 0.08703 0.04915 0.83488 -0.06702 0.54412
1403638538577829632 -0.20074 -0.06947 0.08681 0.04935 0.83484 -0.06695 0.54417
1403638538677829632 -0.20000 -0.06975 0.08636 0.04906 0.83465 -0.06689 0.54450
1403638538777829376 -0.19858 -0.07004 0.08621 0.04882 0.83395 -0.06650 0.54564
1403638538877829632 -0.19667 -0.06981 0.08633 0.04801 0.83295 -0.06585 0.54732
1403638538977829376 -0.19427 -0.06963 0.08920 0.04876 0.82816 -0.06488 0.55458
1403638539077829632 -0.19350 -0.06857 0.09464 0.05051 0.82248 -0.06617 0.56267
1403638539177829632 -0.18540 -0.06823 0.10200 0.04976 0.81723 -0.06627 0.57032
1403638539277829376 -0.17723 -0.06775 0.11861 0.04956 0.81356 -0.06537 0.57566
1403638539377829632 -0.16876 -0.06730 0.14240 0.04920 0.81451 -0.06493 0.57440
1403638539477829376 -0.15845 -0.06797 0.17168 0.04891 0.81659 -0.06416 0.57156
1403638539577829632 -0.14929 -0.06860 0.20499 0.04863 0.81755 -0.06294 0.57034
1403638539677829632 -0.13992 -0.06934 0.23334 0.04702 0.81816 -0.06260 0.56964
1403638539777829376 -0.12991 -0.06984 0.25012 0.04741 0.81945 -0.06084 0.56794
1403638539877829632 -0.11835 -0.07024 0.25984 0.04650 0.82203 -0.06032 0.56433
1403638539977829376 -0.10371 -0.07141 0.26806 0.04471 0.82660 -0.06021 0.55777
1403638540077829632 -0.08519 -0.07254 0.27622 0.04446 0.83252 -0.06022 0.54892
1403638540177829632 -0.06275 -0.07487 0.28506 0.04413 0.83646 -0.06010 0.54293
1403638540277829376 -0.03296 -0.07671 0.29901 0.04470 0.83229 -0.05868 0.54941
1403638540377829632 0.00583 -0.07888 0.30816 0.04552 0.82626 -0.05655 0.55859
1403638540477829376 0.04663 -0.07969 0.31636 0.04241 0.82407 -0.05052 0.56264
1403638540577829632 0.09432 -0.08083 0.32214 0.03518 0.82451 -0.03906 0.56340
1403638540677829632 0.14076 -0.07900 0.32987 0.02689 0.82495 -0.02188 0.56414
1403638540777829376 0.19310 -0.07346 0.33615 0.01915 0.82446 0.00206 0.56560
1403638540877829632 0.24438 -0.06494 0.34208 0.00892 0.82418 0.03002 0.56545
1403638540977829376 0.29844 -0.05270 0.34499 -0.00477 0.82304 0.05629 0.56517
1403638541077829632 0.35620 -0.03868 0.34592 -0.01860 0.82116 0.07582 0.56533
1403638541177829632 0.41117 -0.01836 0.34261 -0.02836 0.81959 0.08913 0.56527
1403638541277829376 0.46724 0.00562 0.33643 -0.03355 0.81889 0.09791 0.56455
1403638541377829632 0.52592 0.03482 0.33222 -0.03659 0.81875 0.10148 0.56392
1403638541477829376 0.58220 0.06800 0.33579 -0.03784 0.81852 0.10175 0.56412
1403638541577829632 0.64071 0.10611 0.35042 -0.03722 0.81711 0.10241 0.56609
1403638541677829632 0.70036 0.15286 0.37115 -0.04149 0.81544 0.10544 0.56764
1403638541777829376 0.75700 0.20725 0.40129 -0.05131 0.81422 0.11100 0.56753
1403638541877829632 0.81376 0.26332 0.43256 -0.06334 0.81296 0.11995 0.56630
1403638541977829376 0.86982 0.32217 0.46077 -0.07514 0.81209 0.13424 0.56289
1403638542077829632 0.92796 0.38050 0.48605 -0.08915 0.81021 0.15124 0.55923
1403638542177829632 0.98185 0.44193 0.50241 -0.10442 0.80664 0.17106 0.55603
1403638542277829376 1.03183 0.50504 0.51325 -0.11912 0.80295 0.19420 0.55078
1403638542377829632 1.08202 0.57024 0.52100 -0.13265 0.79550 0.21591 0.55043
1403638542477829376 1.12968 0.63509 0.52629 -0.13874 0.78202 0.23630 0.55978
1403638542577829632 1.18054 0.70215 0.52870 -0.13488 0.77000 0.25497 0.56911
1403638542677829632 1.22380 0.77346 0.53371 -0.13566 0.76649 0.26444 0.56936
1403638542777829376 1.25222 0.84736 0.54871 -0.14501 0.77028 0.26342 0.56235
1403638542877829632 1.27520 0.92522 0.56994 -0.15217 0.77533 0.26042 0.55488
1403638542977829376 1.29534 1.00656 0.59796 -0.15667 0.77964 0.25736 0.54898
1403638543077829632 1.30645 1.08727 0.62889 -0.15975 0.78289 0.25438 0.54485
1403638543177829632 1.32579 1.17133 0.65228 -0.16020 0.78396 0.25207 0.54424
1403638543277829376 1.33975 1.25542 0.67153 -0.16061 0.78410 0.24981 0.54497
1403638543377829632 1.35469 1.34046 0.68428 -0.16026 0.78507 0.24897 0.54405
1403638543477829376 1.36945 1.42681 0.69425 -0.16274 0.78397 0.25353 0.54280
1403638543577829632 1.38815 1.51597 0.69802 -0.16810 0.78103 0.26478 0.54002
1403638543677829632 1.40490 1.60697 0.69918 -0.17520 0.77547 0.28260 0.53673
1403638543777829376 1.41302 1.69933 0.70708 -0.18542 0.76753 0.30398 0.53302
1403638543877829632 1.41975 1.79569 0.72526 -0.19690 0.75762 0.32643 0.52981
1403638543977829376 1.43386 1.89727 0.74665 -0.21088 0.74928 0.34480 0.52463
1403638544077829632 1.44761 2.00057 0.77030 -0.22579 0.74540 0.35614 0.51629
1403638544177829632 1.46294 2.10526 0.79358 -0.23626 0.74231 0.36279 0.51141
1403638544277829376 1.48037 2.20812 0.81354 -0.24321 0.73968 0.36633 0.50944
1403638544377829632 1.49851 2.31122 0.82333 -0.24494 0.73900 0.36899 0.50766
1403638544477829376 1.51923 2.41364 0.83048 -0.24430 0.73949 0.37023 0.50636
1403638544577829632 1.54135 2.52101 0.83673 -0.24619 0.73682 0.36944 0.50990
1403638544677829632 1.56378 2.62903 0.84774 -0.25133 0.73030 0.36897 0.51706
1403638544777829376 1.58544 2.73518 0.86552 -0.25270 0.72947 0.36996 0.51686
1403638544877829632 1.60806 2.83708 0.87981 -0.25099 0.73272 0.37233 0.51137
1403638544977829376 1.63146 2.94400 0.88693 -0.25115 0.73360 0.37302 0.50952
1403638545077829632 1.65556 3.04606 0.88844 -0.25276 0.73236 0.37303 0.51050
1403638545177829632 1.67964 3.14165 0.88576 -0.25273 0.73193 0.37421 0.51027
1403638545277829376 1.70159 3.24289 0.87591 -0.25205 0.73132 0.37585 0.51027
1403638545377829632 1.72551 3.34614 0.86172 -0.25389 0.72864 0.37503 0.51379
1403638545477829376 1.74237 3.43235 0.84632 -0.25629 0.72844 0.37596 0.51219
1403638545577829632 1.76293 3.54005 0.83233 -0.26047 0.72630 0.38260 0.50819
1403638545677829632 1.78301 3.64053 0.82096 -0.26933 0.72085 0.39409 0.50253
1403638545777829376 1.80054 3.71737 0.81926 -0.27860 0.71304 0.41076 0.49521
1403638545877829632 1.81429 3.79835 0.82745 -0.28993 0.70236 0.43040 0.48723
1403638545977829376 1.82949 3.89108 0.84255 -0.29997 0.68995 0.45247 0.47881
1403638546077829632 1.84639 3.98466 0.86210 -0.30666 0.67801 0.47148 0.47325
1403638546177829632 1.86365 4.08366 0.87520 -0.31447 0.66933 0.48388 0.46793
1403638546277829376 1.88114 4.18332 0.88073 -0.31965 0.66456 0.49152 0.46323
1403638546377829632 1.89672 4.28917 0.88207 -0.32605 0.66303 0.49370 0.45863
1403638546477829376 1.91442 4.40199 0.87626 -0.32881 0.66269 0.49498 0.45575
1403638546577829632 1.93088 4.50872 0.86936 -0.32992 0.66062 0.49825 0.45441
1403638546677829632 1.94774 4.61954 0.87070 -0.33361 0.65581 0.50418 0.45213
1403638546777829376 1.96376 4.74067 0.88114 -0.33597 0.65136 0.50989 0.45041
1403638546877829632 1.97764 4.85331 0.90338 -0.33667 0.64775 0.51483 0.44947
1403638546977829376 1.99364 4.97913 0.92125 -0.33530 0.64456 0.51924 0.45002
1403638547077829632 2.00517 5.10075 0.93461 -0.33333 0.64205 0.52255 0.45122
1403638547177829632 2.01414 5.23426 0.93953 -0.33013 0.64016 0.52567 0.45263
1403638547277829376 2.01761 5.36465 0.93881 -0.32812 0.63881 0.52711 0.45433
1403638547377829632 2.01418 5.49595 0.93354 -0.33103 0.64038 0.52473 0.45276
1403638547477829376 2.01061 5.62873 0.92784 -0.33563 0.64355 0.52096 0.44921
1403638547577829632 2.00669 5.76961 0.91835 -0.33870 0.64703 0.51751 0.44590
1403638547677829632 1.99467 5.89081 0.90072 -0.33917 0.64829 0.51580 0.44569
1403638547777829376 1.98609 6.02882 0.87557 -0.33702 0.64768 0.51632 0.44758
1403638547877829632 1.97729 6.15954 0.84855 -0.33337 0.64485 0.51840 0.45199
1403638547977829376 1.95952 6.26542 0.82104 -0.33372 0.64459 0.51879 0.45165
1403638548077829632 1.94192 6.39787 0.80433 -0.33638 0.64422 0.52106 0.44758
1403638548177829632 1.92129 6.53725 0.79578 -0.34082 0.64051 0.52652 0.44313
1403638548277829376 1.88921 6.63481 0.78904 -0.34760 0.63407 0.53511 0.43680
1403638548377829632 1.85317 6.75517 0.79611 -0.35527 0.62472 0.54661 0.42980
1403638548477829376 1.82501 6.88875 0.81031 -0.36348 0.61518 0.55740 0.42277
1403638548577829632 1.79606 7.02915 0.82121 -0.37001 0.60732 0.56542 0.41780
1403638548677829632 1.76705 7.16532 0.82993 -0.37491 0.60184 0.57094 0.41384
1403638548777829376 1.73789 7.29665 0.83836 -0.37774 0.59791 0.57500 0.41133
1403638548877829632 1.70870 7.42247 0.85292 -0.37922 0.59569 0.57767 0.40944
1403638548977829376 1.67851 7.62089 0.86902 -0.38037 0.59482 0.57861 0.40831
1403638549077829632 1.65393 7.71892 0.90214 -0.38139 0.59421 0.57917 0.40744
1403638549177829632 1.62544 7.86115 0.93361 -0.38270 0.59405 0.57828 0.40773
1403638549277829376 1.59569 8.02667 0.97261 -0.38342 0.59491 0.57731 0.40717
1403638549377829632 1.57555 8.12283 1.01901 -0.38637 0.59593 0.57516 0.40591
1403638549477829376 1.54278 8.29099 1.06210 -0.38814 0.59740 0.57293 0.40522
1403638549577829632 1.52562 8.39114 1.09845 -0.39012 0.59705 0.57148 0.40591
1403638549677829632 1.49808 8.56391 1.13232 -0.39141 0.59653 0.56998 0.40751
1403638549777829376 1.48107 8.66903 1.15834 -0.39023 0.59644 0.57063 0.40787
1403638549877829632 1.45640 8.83062 1.19492 -0.38923 0.59798 0.57077 0.40638
1403638549977829376 1.43438 8.98086 1.24356 -0.38904 0.59877 0.57086 0.40527
1403638550077829632 1.42065 9.08965 1.29465 -0.38967 0.59890 0.57068 0.40473
1403638550177829632 1.40078 9.25810 1.35834 -0.39048 0.59934 0.57061 0.40338
1403638550277829376 1.38153 9.43280 1.42662 -0.38996 0.59892 0.57148 0.40328
1403638550377829632 1.36936 9.56942 1.49766 -0.39019 0.59778 0.57195 0.40408
1403638550477829376 1.35554 9.72076 1.55921 -0.39301 0.59829 0.57044 0.40273
1403638550577829632 1.34090 9.87484 1.61650 -0.39695 0.59886 0.56812 0.40129
1403638550677829632 1.33482 10.01186 1.66494 -0.40189 0.59713 0.56483 0.40360
1403638550777829376 1.33356 10.14167 1.70852 -0.40509 0.59617 0.56270 0.40479
1403638550877829632 1.32845 10.31066 1.75690 -0.41094 0.59231 0.55853 0.41030
1403638550977829376 1.32747 10.45949 1.79510 -0.41660 0.58801 0.55408 0.41675
1403638551077829632 1.33081 10.57980 1.82784 -0.42052 0.58530 0.55117 0.42046
1403638551177829632 1.33619 10.71991 1.86754 -0.42509 0.58565 0.54842 0.41899
1403638551277829376 1.34783 10.83269 1.90885 -0.42612 0.58720 0.54728 0.41726
1403638551377829632 1.36954 10.90632 1.94255 -0.42168 0.59475 0.54421 0.41508
1403638551477829376 1.39333 11.02567 1.98644 -0.41453 0.60717 0.53485 0.41647
1403638551577829632 1.42920 11.09591 2.01063 -0.40868 0.62205 0.51847 0.42098
1403638551677829632 1.47074 11.18396 2.03553 -0.40220 0.63884 0.49995 0.42446
1403638551777829376 1.52010 11.29569 2.06379 -0.39332 0.65279 0.48145 0.43287
1403638551877829632 1.57893 11.39251 2.08529 -0.38345 0.66320 0.46588 0.44282
1403638551977829376 1.64220 11.45883 2.10475 -0.37162 0.66648 0.45806 0.45594
1403638552077829632 1.71070 11.51129 2.12864 -0.36197 0.66800 0.45286 0.46655
1403638552177829632 1.78450 11.57837 2.16368 -0.35618 0.67288 0.44977 0.46699
1403638552277829376 1.86220 11.64220 2.20480 -0.35225 0.67678 0.44884 0.46523
1403638552377829632 1.94527 11.71134 2.24695 -0.35449 0.67766 0.44619 0.46478
1403638552477829376 2.02548 11.75387 2.27716 -0.36133 0.67416 0.44051 0.47000
1403638552577829632 2.11751 11.80601 2.30809 -0.36718 0.67025 0.43727 0.47407
1403638552677829632 2.21119 11.84699 2.33068 -0.36787 0.66790 0.43861 0.47562
1403638552777829376 2.30623 11.87246 2.34522 -0.36729 0.66724 0.44088 0.47489
1403638552877829632 2.40223 11.88761 2.35570 -0.36502 0.66594 0.44475 0.47484
1403638552977829376 2.49837 11.89300 2.36038 -0.36029 0.66382 0.45062 0.47589
1403638553077829632 2.60691 11.90689 2.36452 -0.35690 0.66141 0.45622 0.47647
1403638553177829632 2.70245 11.90047 2.36506 -0.36183 0.65781 0.45468 0.47919
1403638553277829376 2.81184 11.90057 2.36637 -0.36948 0.65176 0.45174 0.48438
1403638553377829632 2.91524 11.88733 2.36961 -0.37109 0.64654 0.45263 0.48929
1403638553477829376 3.01607 11.86238 2.37781 -0.36742 0.64115 0.45614 0.49585
1403638553577829632 3.10987 11.82040 2.39272 -0.36416 0.63693 0.45899 0.50104
1403638553677829632 3.20005 11.76427 2.41136 -0.36190 0.63597 0.46117 0.50189
1403638553777829376 3.29210 11.70509 2.43991 -0.35997 0.63657 0.46300 0.50083
1403638553877829632 3.37627 11.63445 2.47363 -0.35769 0.63846 0.46449 0.49868
1403638553977829376 3.45716 11.55929 2.51108 -0.35689 0.64165 0.46482 0.49483
1403638554077829632 3.53027 11.47087 2.53891 -0.35538 0.64497 0.46570 0.49076
1403638554177829632 3.60304 11.38454 2.56828 -0.35035 0.64808 0.46920 0.48693
1403638554277829376 3.67202 11.28865 2.58449 -0.34245 0.65402 0.47496 0.47895
1403638554377829632 3.74183 11.19851 2.60286 -0.33648 0.65740 0.47944 0.47408
1403638554477829376 3.81356 11.11153 2.61680 -0.33384 0.65886 0.48164 0.47166
1403638554577829632 3.88561 11.02712 2.62330 -0.33511 0.65966 0.48140 0.46990
1403638554677829632 3.94394 10.93214 2.63192 -0.34099 0.66192 0.47756 0.46640
1403638554777829376 4.00744 10.84534 2.64940 -0.34592 0.66257 0.47432 0.46515
1403638554877829632 4.06976 10.75467 2.66846 -0.34898 0.66271 0.47234 0.46467
1403638554977829376 4.13529 10.66520 2.68894 -0.35156 0.66338 0.46916 0.46499
1403638555077829632 4.20383 10.58307 2.70771 -0.34787 0.66663 0.46482 0.46747
1403638555177829632 4.28217 10.50550 2.71413 -0.34133 0.67269 0.45826 0.47009
1403638555277829376 4.35378 10.40841 2.72048 -0.33543 0.67876 0.45015 0.47344
1403638555377829632 4.42586 10.32073 2.72180 -0.32816 0.68208 0.44530 0.47831
1403638555477829376 4.50325 10.23176 2.71647 -0.32240 0.68417 0.44221 0.48210
1403638555577829632 4.57788 10.14421 2.70993 -0.31995 0.68556 0.43949 0.48424
1403638555677829632 4.64958 10.05424 2.71034 -0.31921 0.68736 0.43775 0.48375
1403638555777829376 4.72178 9.96153 2.72288 -0.31820 0.68860 0.43792 0.48251
1403638555877829632 4.79494 9.86828 2.74307 -0.31750 0.68864 0.43891 0.48200
1403638555977829376 4.86782 9.77460 2.76644 -0.31615 0.68738 0.44055 0.48319
1403638556077829632 4.94129 9.68253 2.79419 -0.31461 0.68750 0.44186 0.48283
1403638556177829632 5.01375 9.59360 2.81693 -0.31367 0.69191 0.44235 0.47665
1403638556277829376 5.09106 9.50334 2.83219 -0.31242 0.69511 0.44344 0.47178
1403638556377829632 5.16178 9.42538 2.84737 -0.31092 0.69743 0.44405 0.46877
1403638556477829376 5.23733 9.35033 2.85986 -0.30839 0.70064 0.44523 0.46450
1403638556577829632 5.31501 9.28109 2.87314 -0.30782 0.70370 0.44475 0.46071
1403638556677829632 5.39413 9.21487 2.88722 -0.31520 0.70623 0.43859 0.45775
1403638556777829376 5.47394 9.15437 2.91112 -0.32160 0.70305 0.43374 0.46277
1403638556877829632 5.55812 9.09850 2.94191 -0.32698 0.70175 0.42928 0.46513
1403638556977829376 5.64770 9.05012 2.97438 -0.33011 0.70045 0.42655 0.46739
1403638557077829632 5.74373 8.99408 3.00138 -0.32865 0.69900 0.42795 0.46930
1403638557177829632 5.84632 8.94789 3.02154 -0.32674 0.69764 0.42950 0.47123
1403638557277829376 5.94763 8.86866 3.03561 -0.32600 0.69629 0.43047 0.47286
1403638557377829632 6.05694 8.80287 3.04558 -0.32360 0.69501 0.43262 0.47443
1403638557477829376 6.16801 8.76266 3.05384 -0.31774 0.69229 0.43689 0.47844
1403638557577829632 6.27729 8.71911 3.06774 -0.31302 0.69008 0.43995 0.48193
1403638557677829632 6.38630 8.67327 3.08721 -0.31036 0.68906 0.44178 0.48343
1403638557777829376 6.49012 8.63474 3.11014 -0.31005 0.68895 0.44132 0.48420
1403638557877829632 6.59763 8.58993 3.12896 -0.30696 0.68908 0.44265 0.48478
1403638557977829376 6.70058 8.55218 3.13837 -0.30381 0.69056 0.44410 0.48331
1403638558077829632 6.80348 8.51322 3.14334 -0.30262 0.69450 0.44480 0.47775
1403638558177829632 6.90540 8.47696 3.14536 -0.29951 0.70051 0.44618 0.46957
1403638558277829376 7.00356 8.44595 3.15078 -0.29568 0.70483 0.44766 0.46410
1403638558377829632 7.10236 8.41413 3.16623 -0.29081 0.70620 0.45023 0.46260
1403638558477829376 7.20482 8.39260 3.18850 -0.28434 0.70996 0.45371 0.45744
1403638558577829632 7.30315 8.39724 3.21143 -0.28520 0.71271 0.45221 0.45410
1403638558677829632 7.40985 8.38980 3.25030 -0.29355 0.71331 0.44572 0.45426
1403638558777829376 7.51744 8.39042 3.28809 -0.30137 0.71290 0.43957 0.45577
1403638558877829632 7.62887 8.39892 3.31832 -0.30395 0.71157 0.43746 0.45816
1403638558977829376 7.74852 8.41291 3.34022 -0.30580 0.70666 0.43639 0.46549
1403638559077829632 7.87560 8.42386 3.35509 -0.30645 0.70211 0.43632 0.47197
1403638559177829632 7.99352 8.45253 3.35674 -0.30655 0.69876 0.43669 0.47652
1403638559277829376 8.11682 8.46822 3.36029 -0.30448 0.69590 0.43905 0.47985
1403638559377829632 8.23288 8.48905 3.35841 -0.30073 0.69367 0.44224 0.48250
1403638559477829376 8.34912 8.51012 3.35218 -0.29858 0.69139 0.44444 0.48508
1403638559577829632 8.46441 8.53574 3.33958 -0.29754 0.68923 0.44606 0.48729
1403638559677829632 8.57839 8.56311 3.32504 -0.29815 0.68822 0.44631 0.48813
1403638559777829376 8.68359 8.58924 3.31203 -0.29853 0.68734 0.44703 0.48848
1403638559877829632 8.79599 8.62078 3.30841 -0.29994 0.68812 0.44640 0.48709
1403638559977829376 8.89921 8.65274 3.30253 -0.29887 0.69159 0.44046 0.48824
1403638560077829632 9.00248 8.68415 3.29020 -0.29363 0.69925 0.42755 0.49197
1403638560177829632 9.10466 8.71462 3.27038 -0.28406 0.70865 0.40939 0.49952
1403638560277829376 9.20561 8.74530 3.24560 -0.27180 0.71917 0.38802 0.50830
1403638560377829632 9.30534 8.77366 3.21949 -0.26070 0.72659 0.36365 0.52141
1403638560477829376 9.40066 8.79805 3.18926 -0.24807 0.73423 0.33830 0.53378
1403638560577829632 9.49371 8.81951 3.15430 -0.23694 0.74307 0.31132 0.54294
1403638560677829632 9.58101 8.83582 3.11650 -0.22734 0.75321 0.28316 0.54846
1403638560777829376 9.66996 8.84942 3.08053 -0.22030 0.76170 0.25759 0.55221
1403638560877829632 9.75400 8.85174 3.05360 -0.20972 0.76785 0.23471 0.55797
1403638560977829376 9.83514 8.84622 3.03436 -0.19752 0.77185 0.21368 0.56531
1403638561077829632 9.94557 8.85655 3.02065 -0.18501 0.77452 0.19431 0.57283
1403638561177829632 10.02361 8.83648 3.01969 -0.17414 0.77568 0.17664 0.58034
1403638561277829376 10.09143 8.80791 3.02129 -0.16715 0.77572 0.16310 0.58627
1403638561377829632 10.15155 8.76951 3.02659 -0.15812 0.78023 0.15814 0.58414
1403638561477829376 10.20993 8.72606 3.02720 -0.14460 0.78613 0.16161 0.57876
1403638561577829632 10.26403 8.67865 3.02175 -0.13494 0.78961 0.16618 0.57505
1403638561677829632 10.32059 8.63269 3.01215 -0.13111 0.79133 0.16902 0.57275
1403638561777829376 10.37322 8.58437 2.99762 -0.13020 0.79150 0.17138 0.57202
1403638561877829632 10.42153 8.53217 2.97602 -0.12775 0.79085 0.17209 0.57325
1403638561977829376 10.48226 8.50891 2.94382 -0.12142 0.79211 0.16701 0.57439
1403638562077829632 10.52752 8.45753 2.91925 -0.11415 0.79377 0.15828 0.57606
1403638562177829632 10.56894 8.40615 2.90555 -0.10656 0.79551 0.14857 0.57770
1403638562277829376 10.60959 8.35464 2.89357 -0.10017 0.79641 0.14043 0.57964
1403638562377829632 10.64544 8.30266 2.88859 -0.09423 0.79711 0.12861 0.58241
1403638562477829376 10.67834 8.24980 2.88803 -0.08641 0.79924 0.11263 0.58401
1403638562577829632 10.71112 8.19719 2.89267 -0.07696 0.80132 0.09259 0.58599
1403638562677829632 10.74256 8.14283 2.90233 -0.06845 0.80388 0.06852 0.58686
1403638562777829376 10.76918 8.08557 2.91365 -0.05984 0.80518 0.04238 0.58848
1403638562877829632 10.79219 8.02443 2.92069 -0.04657 0.80611 0.01783 0.58965
1403638562977829376 10.80948 7.95789 2.92159 -0.03237 0.80659 -0.00469 0.59021
1403638563077829632 10.82017 7.89014 2.91834 -0.02364 0.80623 -0.02860 0.59044
1403638563177829632 10.82851 7.81359 2.91079 -0.01203 0.80589 -0.04813 0.58999
1403638563277829376 10.83337 7.73456 2.89989 -0.00073 0.80270 -0.06164 0.59318
1403638563377829632 10.82888 7.64971 2.88425 0.00572 0.79484 -0.07095 0.60263
1403638563477829376 10.81651 7.56179 2.86282 0.00697 0.78872 -0.07763 0.60979
1403638563577829632 10.79471 7.46939 2.84011 0.01260 0.78933 -0.07727 0.60895
1403638563677829632 10.76581 7.37141 2.82314 0.01273 0.79291 -0.07732 0.60428
1403638563777829376 10.73077 7.26872 2.81312 0.00964 0.79523 -0.07756 0.60125
1403638563877829632 10.68573 7.15916 2.81159 0.00660 0.79485 -0.07668 0.60190
1403638563977829376 10.63301 7.04967 2.81756 0.00319 0.79382 -0.07496 0.60351
1403638564077829632 10.57944 6.92278 2.81980 -0.00138 0.79455 -0.07261 0.60285
1403638564177829632 10.51718 6.79579 2.81705 -0.00312 0.79458 -0.06787 0.60335
1403638564277829376 10.44628 6.66383 2.81274 -0.00222 0.79303 -0.06231 0.60598
1403638564377829632 10.37018 6.52670 2.81172 -0.00228 0.79173 -0.05718 0.60819
1403638564477829376 10.28712 6.38432 2.81807 -0.00158 0.79052 -0.05280 0.61015
1403638564577829632 10.19777 6.23620 2.82901 -0.00446 0.79238 -0.05223 0.60777
1403638564677829632 10.09965 6.08445 2.83715 -0.00969 0.79411 -0.05500 0.60520
1403638564777829376 10.00213 5.92403 2.84311 -0.01361 0.79476 -0.05797 0.60400
1403638564877829632 9.89154 5.76141 2.83638 -0.01578 0.79425 -0.06037 0.60438
1403638564977829376 9.77662 5.60471 2.81533 -0.01746 0.79374 -0.06215 0.60482
1403638565077829632 9.65442 5.43466 2.77384 -0.01861 0.79413 -0.06285 0.60421
1403638565177829632 9.53828 5.23662 2.71952 -0.01936 0.79493 -0.06287 0.60313
1403638565277829376 9.40710 5.06744 2.65633 -0.01746 0.79591 -0.06220 0.60196
1403638565377829632 9.27322 4.87057 2.59380 -0.01473 0.79692 -0.06089 0.60083
1403638565477829376 9.13516 4.68112 2.53366 -0.01157 0.79623 -0.06001 0.60189
1403638565577829632 8.99100 4.49180 2.47885 -0.00466 0.79406 -0.05786 0.60506
1403638565677829632 8.84330 4.30028 2.43266 0.00745 0.79378 -0.05208 0.60592
1403638565777829376 8.69190 4.10805 2.39173 0.01677 0.79648 -0.04795 0.60252
1403638565877829632 8.53580 3.91266 2.35743 0.02414 0.79866 -0.04483 0.59962
1403638565977829376 8.36723 3.74293 2.33320 0.02708 0.80040 -0.04581 0.59711
1403638566077829632 8.20364 3.56811 2.29872 0.02895 0.80138 -0.04647 0.59564
1403638566177829632 8.04105 3.38095 2.25026 0.02690 0.80154 -0.04791 0.59541
1403638566277829376 7.87564 3.20291 2.19507 0.02766 0.80114 -0.04717 0.59597
1403638566377829632 7.71140 3.01592 2.12658 0.02789 0.80215 -0.04611 0.59469
1403638566477829376 7.55629 2.85523 2.05875 0.02490 0.80246 -0.04712 0.59432
1403638566577829632 7.39009 2.67077 1.97848 0.02398 0.80561 -0.04520 0.59023
1403638566677829632 7.22706 2.50312 1.89811 0.02306 0.81500 -0.04348 0.57737
1403638566777829376 7.06295 2.33445 1.81288 0.02214 0.82671 -0.04178 0.56064
1403638566877829632 6.90786 2.17530 1.71910 0.02067 0.83477 -0.04083 0.54869
1403638566977829376 6.76693 2.02811 1.62891 0.02094 0.83877 -0.03826 0.54274
1403638567077829632 6.63325 1.89295 1.54442 0.02125 0.83061 -0.03694 0.55522
1403638567177829632 6.49701 1.75366 1.44895 0.02405 0.81811 -0.03503 0.57349
1403638567277829376 6.36810 1.61718 1.35365 0.02759 0.80936 -0.03328 0.58572
1403638567377829632 6.23658 1.48131 1.25335 0.03072 0.80739 -0.03276 0.58830
1403638567477829376 6.10497 1.35187 1.15807 0.03278 0.80816 -0.03374 0.58709
1403638567577829632 5.96475 1.22724 1.06771 0.03440 0.81161 -0.03572 0.58209
1403638567677829632 5.83230 1.10414 0.98553 0.03785 0.81487 -0.03640 0.57726
1403638567777829376 5.70105 0.98523 0.91243 0.03998 0.81813 -0.03712 0.57245
1403638567877829632 5.59317 0.88644 0.85475 0.03925 0.82163 -0.03954 0.56728
1403638567977829376 5.47386 0.75949 0.78666 0.03919 0.82254 -0.04058 0.56591
1403638568077829632 5.37356 0.65217 0.73409 0.04227 0.82245 -0.03887 0.56593
1403638568177829632 5.29035 0.55187 0.69268 0.04434 0.82189 -0.03763 0.56668
1403638568277829376 5.20558 0.45403 0.66032 0.04524 0.82185 -0.03787 0.56664
1403638568377829632 5.13166 0.36427 0.63035 0.04529 0.82246 -0.03822 0.56573
1403638568477829376 5.04469 0.27814 0.59327 0.04575 0.82333 -0.03812 0.56443
1403638568577829632 4.99877 0.20446 0.55950 0.04670 0.82497 -0.03756 0.56199
1403638568677829632 4.93994 0.13677 0.52293 0.04800 0.82690 -0.03623 0.55913
1403638568777829376 4.88758 0.06665 0.48321 0.04785 0.82831 -0.03644 0.55704
1403638568877829632 4.83495 0.00651 0.45361 0.04608 0.82770 -0.03815 0.55798
1403638568977829376 4.77660 -0.05440 0.43018 0.04804 0.82716 -0.03644 0.55873
1403638569077829632 4.73729 -0.10313 0.41894 0.04973 0.82700 -0.03550 0.55887
1403638569177829632 4.69629 -0.14963 0.41172 0.05030 0.82784 -0.03549 0.55758
1403638569277829376 4.66099 -0.19239 0.40538 0.05252 0.82912 -0.03458 0.55553
1403638569377829632 4.63202 -0.22661 0.39425 0.05349 0.82906 -0.03439 0.55553
1403638569477829376 4.60888 -0.25207 0.38224 0.05416 0.82765 -0.03397 0.55759
1403638569577829632 4.59787 -0.26832 0.36765 0.05515 0.82641 -0.03375 0.55934
1403638569677829632 4.58490 -0.28421 0.35589 0.05438 0.82529 -0.03471 0.56102
1403638569777829376 4.58121 -0.28842 0.34986 0.05552 0.82449 -0.03417 0.56211
1403638569877829632 4.57944 -0.28838 0.35170 0.05668 0.82326 -0.03307 0.56386
1403638569977829376 4.57677 -0.28737 0.35729 0.05554 0.82173 -0.03390 0.56615
1403638570077829632 4.58136 -0.27791 0.35934 0.05331 0.82114 -0.03545 0.56712
1403638570177829632 4.58288 -0.26642 0.35433 0.04834 0.82129 -0.03822 0.56717
1403638570277829376 4.59817 -0.24930 0.34244 0.04090 0.82075 -0.04289 0.56820
1403638570377829632 4.60523 -0.23308 0.32519 0.03464 0.82039 -0.05021 0.56854
1403638570477829376 4.61851 -0.21803 0.30447 0.03037 0.81965 -0.06573 0.56828
1403638570577829632 4.62407 -0.21028 0.27544 0.02332 0.81652 -0.09268 0.56935
1403638570677829632 4.62612 -0.21294 0.24094 0.02403 0.81078 -0.12165 0.57206
1403638570777829376 4.63697 -0.22711 0.20370 0.03130 0.79917 -0.14891 0.58153
1403638570877829632 4.63796 -0.25153 0.16638 0.04385 0.78699 -0.17302 0.59058
1403638570977829376 4.63125 -0.28633 0.12446 0.05918 0.77838 -0.19418 0.59407
1403638571077829632 4.61520 -0.33170 0.08019 0.07580 0.77523 -0.21323 0.58974
1403638571177829632 4.58730 -0.38497 0.03884 0.09690 0.77758 -0.22571 0.57882
1403638571277829376 4.55414 -0.44849 0.00641 0.11679 0.77863 -0.23226 0.57109
1403638571377829632 4.51558 -0.51473 -0.01519 0.12916 0.77787 -0.23757 0.56727
1403638571477829376 4.46838 -0.58249 -0.02821 0.13505 0.77494 -0.24223 0.56793
1403638571577829632 4.41724 -0.65336 -0.03895 0.14194 0.77244 -0.24641 0.56787
1403638571677829632 4.35758 -0.72460 -0.05240 0.14807 0.77186 -0.25579 0.56292
1403638571777829376 4.29466 -0.79913 -0.07167 0.15602 0.77095 -0.26921 0.55571
1403638571877829632 4.22647 -0.87520 -0.09215 0.16323 0.76751 -0.28677 0.54960
1403638571977829376 4.15624 -0.95599 -0.11029 0.17085 0.76096 -0.30654 0.54570
1403638572077829632 4.08298 -1.04056 -0.12052 0.17990 0.75355 -0.32552 0.54206
1403638572177829632 4.00423 -1.12870 -0.12181 0.19556 0.74627 -0.34049 0.53750
1403638572277829376 3.92622 -1.22081 -0.11889 0.20957 0.74159 -0.35706 0.52786
1403638572377829632 3.84274 -1.31457 -0.11791 0.22253 0.73625 -0.37530 0.51727
1403638572477829376 3.75860 -1.41150 -0.11941 0.23639 0.73188 -0.38835 0.50760
1403638572577829632 3.67505 -1.51100 -0.12095 0.24726 0.72778 -0.39694 0.50163
1403638572677829632 3.59434 -1.61543 -0.12314 0.25311 0.72583 -0.40234 0.49722
1403638572777829376 3.51836 -1.72425 -0.11441 0.26093 0.72719 -0.40221 0.49126
1403638572877829632 3.44648 -1.83508 -0.09748 0.26459 0.72960 -0.40166 0.48615
1403638572977829376 3.38123 -1.94851 -0.07485 0.26533 0.73177 -0.40081 0.48318
1403638573077829632 3.32029 -2.06244 -0.05516 0.26483 0.73383 -0.39977 0.48119
1403638573177829632 3.26120 -2.18082 -0.04300 0.26313 0.73545 -0.39864 0.48058
1403638573277829376 3.20719 -2.30334 -0.03188 0.26155 0.73692 -0.39670 0.48080
1403638573377829632 3.15474 -2.42933 -0.02143 0.26075 0.73774 -0.39579 0.48073
1403638573477829376 3.10830 -2.55632 -0.00628 0.26383 0.73783 -0.39597 0.47876
1403638573577829632 3.06917 -2.68663 0.01753 0.26559 0.73771 -0.39633 0.47767
1403638573677829632 3.03421 -2.81549 0.04843 0.26854 0.73797 -0.39700 0.47505
1403638573777829376 3.00592 -2.94575 0.08267 0.27555 0.73417 -0.40043 0.47405
1403638573877829632 2.98487 -3.07805 0.11562 0.28930 0.72364 -0.40594 0.47735
1403638573977829376 2.96994 -3.20828 0.14386 0.30120 0.70779 -0.41929 0.48220
1403638574077829632 2.95554 -3.33790 0.16440 0.30701 0.68699 -0.44053 0.48961
1403638574177829632 2.94039 -3.46223 0.18036 0.31303 0.66423 -0.46417 0.49534
1403638574277829376 2.92262 -3.57796 0.19420 0.32251 0.64496 -0.48620 0.49358
1403638574377829632 2.89455 -3.69468 0.20240 0.33471 0.63117 -0.50591 0.48337
1403638574477829376 2.86055 -3.80376 0.21125 0.34803 0.61909 -0.52382 0.47034
1403638574577829632 2.81954 -3.90971 0.22024 0.35831 0.60806 -0.53780 0.46114
1403638574677829632 2.77388 -4.01507 0.23665 0.37002 0.60149 -0.54476 0.45225
1403638574777829376 2.73243 -4.11512 0.25942 0.38081 0.60114 -0.54739 0.44043
1403638574877829632 2.68776 -4.21507 0.28414 0.38209 0.60313 -0.55186 0.43092
1403638574977829376 2.64025 -4.31348 0.30849 0.38061 0.60551 -0.55516 0.42460
1403638575077829632 2.59251 -4.40864 0.32712 0.37314 0.60411 -0.56048 0.42623
1403638575177829632 2.54376 -4.50590 0.33948 0.36738 0.60146 -0.56373 0.43069
1403638575277829376 2.49266 -4.60619 0.34675 0.36404 0.60017 -0.56456 0.43422
1403638575377829632 2.45355 -4.72736 0.34093 0.36110 0.60346 -0.56498 0.43155
1403638575477829376 2.38034 -4.82385 0.35001 0.35893 0.60925 -0.56319 0.42756
1403638575577829632 2.31944 -4.92689 0.34843 0.35807 0.61435 -0.56078 0.42413
1403638575677829632 2.25923 -5.05404 0.35496 0.36146 0.62089 -0.55580 0.41825
1403638575777829376 2.19499 -5.15613 0.36386 0.36251 0.62747 -0.55279 0.41145
1403638575877829632 2.13405 -5.27050 0.38551 0.36244 0.63175 -0.55077 0.40765
1403638575977829376 2.06452 -5.36222 0.42306 0.36213 0.63209 -0.54984 0.40865
1403638576077829632 2.01312 -5.47881 0.46991 0.36296 0.63267 -0.54859 0.40869
1403638576177829632 1.96844 -5.61148 0.50512 0.36385 0.63108 -0.54816 0.41093
1403638576277829376 1.91737 -5.73008 0.54910 0.36797 0.63164 -0.54554 0.40990
1403638576377829632 1.90523 -5.88182 0.57191 0.37289 0.63302 -0.54300 0.40668
1403638576477829376 1.88374 -6.02004 0.59846 0.37695 0.63552 -0.54075 0.40201
1403638576577829632 1.85316 -6.15746 0.62171 0.38140 0.63964 -0.53789 0.39506
1403638576677829632 1.86292 -6.31920 0.62666 0.38491 0.64093 -0.53618 0.39188
1403638576777829376 1.85109 -6.46392 0.64311 0.38988 0.63864 -0.53241 0.39582
1403638576877829632 1.84753 -6.62987 0.63909 0.39255 0.63382 -0.53045 0.40349
1403638576977829376 1.86227 -6.78116 0.63078 0.39079 0.62742 -0.53216 0.41283
1403638577077829632 1.88551 -6.92961 0.62189 0.38674 0.62354 -0.53566 0.41797
1403638577177829632 1.90067 -7.08271 0.62699 0.38381 0.62082 -0.53771 0.42207
1403638577277829376 1.90797 -7.23800 0.64605 0.38387 0.62153 -0.53736 0.42142
1403638577377829632 1.93695 -7.38148 0.66434 0.39051 0.62576 -0.53262 0.41502
1403638577477829376 1.94903 -7.57544 0.68664 0.39391 0.62878 -0.52914 0.41168
1403638577577829632 1.98838 -7.69163 0.70744 0.39139 0.62852 -0.53106 0.41202
1403638577677829632 2.02382 -7.84017 0.72596 0.38801 0.62750 -0.53319 0.41399
1403638577777829376 2.06165 -7.97819 0.72552 0.38516 0.62706 -0.53461 0.41551
1403638577877829632 2.10113 -8.11181 0.74055 0.38483 0.62729 -0.53438 0.41576
1403638577977829376 2.14750 -8.24784 0.74301 0.38562 0.62790 -0.53299 0.41588
1403638578077829632 2.20014 -8.39361 0.75425 0.38469 0.62714 -0.53300 0.41787
1403638578177829632 2.25597 -8.52565 0.76567 0.38017 0.62415 -0.53533 0.42347
1403638578277829376 2.31254 -8.65594 0.78710 0.37181 0.61927 -0.54079 0.43106
1403638578377829632 2.37088 -8.78645 0.80223 0.36981 0.61692 -0.54237 0.43414
1403638578477829376 2.42306 -8.92261 0.81439 0.36989 0.61658 -0.54275 0.43409
1403638578577829632 2.47529 -9.04876 0.81839 0.36992 0.61599 -0.54343 0.43405
1403638578677829632 2.52652 -9.19040 0.82112 0.37237 0.61591 -0.54227 0.43352
1403638578777829376 2.57736 -9.30394 0.81519 0.37776 0.61841 -0.53893 0.42944
1403638578877829632 2.62452 -9.41651 0.80885 0.38284 0.62122 -0.53530 0.42541
1403638578977829376 2.67260 -9.54361 0.80436 0.38513 0.62272 -0.53316 0.42383
1403638579077829632 2.72284 -9.66712 0.80496 0.38551 0.62347 -0.53208 0.42374
1403638579177829632 2.78416 -9.80600 0.81796 0.38617 0.62355 -0.53130 0.42401
1403638579277829376 2.84299 -9.90625 0.83389 0.38416 0.62247 -0.53237 0.42607
1403638579377829632 2.90446 -10.01434 0.85605 0.37862 0.61921 -0.53608 0.43111
1403638579477829376 2.96116 -10.12222 0.87250 0.37291 0.61496 -0.53983 0.43742
1403638579577829632 3.02093 -10.22876 0.88675 0.37188 0.61252 -0.53706 0.44506
1403638579677829632 3.07946 -10.36000 0.89096 0.37401 0.61362 -0.52489 0.45615
1403638579777829376 3.12831 -10.45873 0.88179 0.37233 0.62472 -0.50605 0.46369
1403638579877829632 3.18395 -10.59434 0.89626 0.36108 0.64562 -0.48535 0.46608
1403638579977829376 3.25571 -10.70956 0.88455 0.34437 0.66626 -0.46118 0.47415
1403638580077829632 3.31220 -10.83648 0.87760 0.32966 0.68198 -0.42699 0.49386
1403638580177829632 3.37622 -10.95007 0.87314 0.30986 0.69738 -0.39061 0.51486
1403638580277829376 3.43924 -11.04168 0.86114 0.28373 0.71529 -0.35653 0.52985
1403638580377829632 3.51875 -11.16017 0.84008 0.25400 0.73220 -0.33139 0.53810
1403638580477829376 3.57258 -11.24155 0.81636 0.22788 0.74428 -0.31540 0.54280
1403638580577829632 3.63400 -11.31066 0.79718 0.21122 0.75183 -0.30298 0.54621
1403638580677829632 3.69279 -11.39165 0.78442 0.19635 0.76228 -0.28932 0.54468
1403638580777829376 3.68889 -11.42828 0.75698 0.18361 0.77313 -0.27232 0.54259
1403638580877829632 3.70981 -11.47547 0.74518 0.17849 0.78031 -0.26115 0.53950
1403638580977829376 3.73779 -11.53006 0.74276 0.17249 0.78188 -0.25745 0.54095
1403638581077829632 3.74461 -11.53489 0.73310 0.17158 0.78272 -0.25536 0.54102
1403638581177829632 3.69501 -11.47728 0.73010 0.17381 0.78232 -0.25258 0.54219
1403638581277829376 3.66241 -11.45897 0.73199 0.17754 0.78219 -0.25153 0.54166
1403638581377829632 3.67990 -11.49192 0.74351 0.18090 0.78096 -0.25268 0.54179
1403638581477829376 3.69835 -11.52592 0.75331 0.18383 0.77880 -0.25446 0.54307
1403638581577829632 3.70639 -11.54815 0.75933 0.18688 0.77819 -0.25634 0.54201
1403638581677829632 3.72143 -11.57578 0.78107 0.19194 0.77414 -0.25616 0.54613
1403638581777829376 3.73619 -11.60499 0.78728 0.19389 0.77063 -0.25749 0.54976
1403638581877829632 3.74937 -11.62390 0.79083 0.19691 0.76757 -0.25736 0.55301
1403638581977829376 3.76201 -11.63478 0.79146 0.20120 0.75997 -0.25561 0.56270
1403638582077829632 3.77238 -11.64340 0.78978 0.20004 0.76170 -0.25741 0.55995
1403638582177829632 3.78317 -11.64245 0.79656 0.19620 0.76891 -0.26100 0.54969
1403638582277829376 3.79405 -11.63989 0.81424 0.19689 0.77183 -0.26127 0.54521
1403638582377829632 3.80680 -11.63449 0.84415 0.19972 0.76858 -0.25903 0.54981
1403638582477829376 3.81843 -11.63268 0.88187 0.20184 0.76748 -0.25739 0.55136
1403638582577829632 3.83157 -11.62130 0.92764 0.20318 0.76684 -0.25648 0.55217
1403638582677829632 3.84064 -11.60772 0.98503 0.20299 0.76789 -0.25676 0.55065
1403638582777829376 3.85116 -11.59299 1.05219 0.20120 0.76942 -0.25859 0.54830
1403638582877829632 3.85806 -11.57337 1.12140 0.20155 0.77072 -0.25913 0.54609
1403638582977829376 3.86313 -11.54846 1.18304 0.20032 0.77286 -0.26078 0.54273
1403638583077829632 3.86649 -11.51958 1.23739 0.19924 0.77530 -0.26246 0.53882
1403638583177829632 3.87190 -11.48843 1.28336 0.19925 0.77681 -0.26329 0.53622
1403638583277829376 3.88158 -11.45869 1.32318 0.19799 0.77737 -0.26461 0.53523
1403638583377829632 3.88538 -11.42077 1.35797 0.19847 0.77700 -0.26413 0.53583
1403638583477829376 3.88978 -11.38022 1.39058 0.19860 0.77763 -0.26418 0.53485
1403638583577829632 3.90586 -11.34553 1.43008 0.19876 0.77762 -0.26411 0.53484
1403638583677829632 3.87295 -11.24652 1.46816 0.20107 0.77729 -0.26306 0.53497
1403638583777829376 3.88479 -11.20399 1.51577 0.20072 0.77704 -0.26301 0.53549
1403638583877829632 3.87860 -11.13020 1.55031 0.20181 0.77595 -0.26265 0.53683
1403638583977829376 3.86718 -11.03103 1.56725 0.20306 0.77546 -0.26275 0.53702
1403638584077829632 3.88849 -10.97444 1.59126 0.20623 0.77209 -0.26058 0.54170
1403638584177829632 3.94240 -10.92364 1.59690 0.21135 0.76327 -0.25747 0.55358
1403638584277829376 3.98143 -10.86219 1.59409 0.21434 0.75427 -0.25528 0.56565
1403638584377829632 4.01006 -10.78742 1.57081 0.21659 0.75140 -0.25428 0.56906
1403638584477829376 4.02366 -10.70194 1.53822 0.21776 0.75117 -0.25380 0.56914
1403638584577829632 4.03085 -10.61438 1.52044 0.21750 0.75131 -0.25391 0.56899
1403638584677829632 4.04098 -10.52512 1.52178 0.21520 0.75312 -0.25531 0.56684
1403638584777829376 4.06209 -10.44569 1.51894 0.21129 0.76007 -0.25775 0.55787
1403638584877829632 4.06682 -10.34465 1.53310 0.20475 0.76764 -0.26259 0.54759
1403638584977829376 4.07186 -10.24147 1.54547 0.20280 0.77119 -0.26466 0.54231
1403638585077829632 4.04922 -10.12713 1.53715 0.20220 0.77231 -0.26505 0.54074
1403638585177829632 4.05034 -10.01943 1.53481 0.19983 0.77213 -0.26667 0.54108
1403638585277829376 4.05010 -9.91021 1.52796 0.20099 0.77029 -0.26584 0.54368
1403638585377829632 4.04619 -9.79877 1.51408 0.20159 0.76820 -0.26495 0.54684
1403638585477829376 4.07296 -9.69338 1.51212 0.20181 0.76853 -0.26545 0.54606
1403638585577829632 4.09840 -9.59002 1.51410 0.20107 0.77043 -0.26582 0.54346
1403638585677829632 4.11535 -9.47855 1.52815 0.20102 0.77302 -0.26605 0.53968
1403638585777829376 4.12823 -9.37001 1.53973 0.19770 0.77803 -0.26837 0.53250
1403638585877829632 4.16382 -9.27219 1.56405 0.19515 0.78193 -0.27051 0.52662
1403638585977829376 4.17784 -9.16232 1.59505 0.19340 0.78178 -0.27251 0.52646
1403638586077829632 4.21142 -9.06192 1.62496 0.19566 0.77769 -0.27182 0.53201
1403638586177829632 4.23391 -8.95522 1.64132 0.19757 0.77486 -0.27115 0.53576
1403638586277829376 4.26198 -8.85691 1.66326 0.19989 0.77236 -0.26985 0.53915
1403638586377829632 4.28891 -8.75604 1.67834 0.20577 0.76940 -0.26610 0.54302
1403638586477829376 4.32724 -8.66501 1.69464 0.21376 0.76796 -0.26100 0.54445
1403638586577829632 4.35274 -8.56524 1.70584 0.21585 0.76731 -0.25964 0.54519
1403638586677829632 4.37753 -8.46253 1.71107 0.21282 0.76819 -0.26172 0.54415
1403638586777829376 4.40425 -8.35997 1.70735 0.20862 0.76783 -0.26429 0.54504
1403638586877829632 4.41828 -8.23096 1.69395 0.20659 0.76656 -0.26515 0.54718
1403638586977829376 4.44370 -8.11508 1.66968 0.20687 0.76625 -0.26482 0.54766
1403638587077829632 4.45126 -7.98942 1.64257 0.20606 0.76593 -0.26518 0.54824
1403638587177829632 4.44897 -7.87434 1.61646 0.20520 0.76708 -0.26483 0.54712
1403638587277829376 4.43737 -7.75988 1.60187 0.20381 0.76876 -0.26453 0.54543
1403638587377829632 4.43890 -7.62906 1.60067 0.20303 0.77029 -0.26477 0.54344
1403638587477829376 4.44670 -7.48456 1.60995 0.20141 0.77019 -0.26668 0.54325
1403638587577829632 4.43074 -7.31855 1.62654 0.20084 0.76997 -0.26775 0.54325
1403638587677829632 4.42967 -7.19470 1.62259 0.20032 0.76957 -0.26807 0.54385
1403638587777829376 4.41896 -7.03902 1.61935 0.20033 0.76904 -0.26844 0.54442
1403638587877829632 4.42789 -6.90468 1.60590 0.19952 0.76860 -0.26931 0.54490
1403638587977829376 4.47409 -6.78700 1.58624 0.19945 0.76837 -0.27004 0.54489
1403638588077829632 4.49147 -6.65339 1.56403 0.20065 0.76792 -0.26898 0.54561
1403638588177829632 4.50232 -6.53002 1.53479 0.20707 0.76887 -0.26454 0.54404
1403638588277829376 4.52495 -6.40607 1.50150 0.20989 0.76973 -0.26222 0.54287
1403638588377829632 4.53141 -6.29711 1.47040 0.21004 0.77021 -0.26116 0.54264
1403638588477829376 4.54896 -6.15961 1.46006 0.20838 0.77010 -0.26220 0.54293
1403638588577829632 4.56856 -6.05506 1.44124 0.20559 0.76952 -0.26358 0.54415
1403638588677829632 4.57138 -5.96250 1.42945 0.20250 0.76889 -0.26435 0.54583
1403638588777829376 4.52590 -5.85485 1.43461 0.19987 0.76744 -0.26471 0.54866
1403638588877829632 4.48207 -5.74683 1.44193 0.19640 0.76688 -0.26613 0.55000
1403638588977829376 4.48190 -5.62028 1.43543 0.19660 0.76681 -0.26633 0.54992
1403638589077829632 4.47630 -5.48475 1.42367 0.19706 0.76697 -0.26660 0.54941
1403638589177829632 4.38516 -5.31309 1.45430 0.19787 0.76665 -0.26517 0.55025
1403638589277829376 4.37062 -5.17572 1.43671 0.19760 0.76558 -0.26523 0.55180
1403638589377829632 4.35439 -5.03789 1.41802 0.19778 0.76540 -0.26502 0.55210
1403638589477829376 4.33607 -4.89860 1.40341 0.19740 0.76619 -0.26564 0.55084
1403638589577829632 4.31611 -4.75865 1.39468 0.19672 0.76615 -0.26602 0.55095
1403638589677829632 4.29514 -4.61776 1.39442 0.19630 0.76668 -0.26608 0.55034
1403638589777829376 4.27238 -4.47638 1.40100 0.19661 0.76822 -0.26650 0.54787
1403638589877829632 4.20587 -4.36001 1.42237 0.19540 0.76892 -0.26661 0.54727
1403638589977829376 4.14355 -4.27836 1.40604 0.19447 0.76913 -0.26608 0.54756
1403638590077829632 4.10931 -4.14612 1.40124 0.19402 0.76906 -0.26690 0.54742
1403638590177829632 4.08679 -3.99056 1.40000 0.19501 0.76793 -0.26745 0.54839
1403638590277829376 4.01867 -3.92257 1.37647 0.19343 0.76741 -0.26709 0.54984
1403638590377829632 3.98073 -3.79408 1.35789 0.19364 0.76772 -0.26753 0.54913
1403638590477829376 3.94170 -3.66534 1.33681 0.19370 0.76829 -0.26779 0.54818
1403638590577829632 3.90131 -3.53663 1.31774 0.19265 0.76936 -0.26849 0.54670
1403638590677829632 3.84736 -3.37479 1.30753 0.19092 0.77090 -0.26958 0.54461
1403638590777829376 3.78219 -3.34663 1.28346 0.18906 0.77206 -0.26918 0.54380
1403638590877829632 3.73863 -3.21713 1.28621 0.18940 0.77285 -0.26926 0.54253
1403638590977829376 3.69684 -3.09920 1.29710 0.18812 0.77345 -0.27018 0.54165
1403638591077829632 3.65425 -2.97662 1.31090 0.18659 0.77427 -0.27143 0.54038
1403638591177829632 3.62671 -2.87478 1.32644 0.18585 0.77849 -0.27285 0.53383
1403638591277829376 3.59188 -2.74730 1.34252 0.18361 0.78423 -0.27534 0.52484
1403638591377829632 3.56799 -2.66825 1.36073 0.18004 0.78866 -0.27782 0.51809
1403638591477829376 3.53807 -2.56714 1.35702 0.17725 0.79139 -0.28001 0.51369
1403638591577829632 3.50232 -2.54067 1.37367 0.17267 0.79461 -0.28093 0.50977
1403638591677829632 3.48513 -2.58979 1.37459 0.16910 0.79560 -0.28056 0.50963
1403638591777829376 3.43961 -2.54287 1.36607 0.16939 0.79396 -0.27831 0.51331
1403638591877829632 3.40199 -2.45426 1.36361 0.17022 0.79149 -0.27717 0.51743
1403638591977829376 3.38638 -2.42024 1.36485 0.17073 0.78887 -0.27622 0.52177
1403638592077829632 3.37743 -2.37904 1.37459 0.17126 0.78626 -0.27515 0.52608
1403638592177829632 3.37231 -2.34339 1.39274 0.16937 0.78340 -0.27327 0.53191
1403638592277829376 3.36850 -2.31210 1.42279 0.16449 0.77790 -0.26787 0.54412
1403638592377829632 3.39090 -2.27193 1.47595 0.15664 0.77517 -0.25960 0.55424
1403638592477829376 3.39975 -2.26447 1.52397 0.14491 0.77790 -0.24583 0.55985
1403638592577829632 3.39188 -2.24499 1.57679 0.13720 0.78544 -0.23171 0.55729
1403638592677829632 3.43000 -2.29494 1.63243 0.13049 0.79330 -0.22097 0.55210
1403638592777829376 3.42327 -2.29091 1.68888 0.12532 0.80049 -0.21352 0.54583
1403638592877829632 3.47450 -2.35770 1.72956 0.12140 0.80591 -0.20956 0.54023
1403638592977829376 3.49017 -2.36948 1.77201 0.12110 0.80854 -0.20621 0.53766
1403638593077829632 3.50645 -2.38415 1.81084 0.12004 0.80943 -0.20497 0.53702
1403638593177829632 3.51797 -2.40163 1.85018 0.12059 0.80765 -0.20420 0.53987
1403638593277829376 3.53331 -2.42584 1.89603 0.12746 0.80439 -0.20039 0.54457
1403638593377829632 3.56129 -2.44740 1.94768 0.13692 0.80105 -0.19547 0.54896
1403638593477829376 3.58862 -2.46888 1.99570 0.14545 0.79648 -0.19161 0.55476
1403638593577829632 3.62846 -2.48707 2.03748 0.15071 0.79366 -0.19071 0.55769
1403638593677829632 3.66131 -2.50303 2.07136 0.15382 0.79244 -0.19065 0.55860
1403638593777829376 3.68164 -2.51927 2.10006 0.15508 0.78912 -0.19080 0.56288
1403638593877829632 3.73181 -2.52459 2.12463 0.15170 0.77873 -0.19116 0.57795
1403638593977829376 3.74931 -2.53312 2.15872 0.14474 0.77554 -0.18768 0.58512
1403638594077829632 3.78986 -2.52575 2.18324 0.13751 0.78113 -0.18640 0.57981
1403638594177829632 3.82881 -2.51857 2.21158 0.13583 0.78743 -0.18235 0.57293
1403638594277829376 3.83706 -2.51457 2.24636 0.13614 0.78998 -0.17758 0.57084
1403638594377829632 3.88160 -2.50343 2.26376 0.13936 0.78923 -0.17317 0.57245
1403638594477829376 3.89010 -2.49262 2.29734 0.14317 0.78805 -0.16774 0.57476
1403638594577829632 3.91620 -2.47975 2.33064 0.13772 0.78848 -0.16983 0.57488
1403638594677829632 3.91762 -2.46128 2.37581 0.13186 0.78911 -0.17294 0.57447
1403638594777829376 3.93461 -2.44321 2.41095 0.13001 0.78986 -0.17522 0.57316
1403638594877829632 3.93432 -2.42108 2.44342 0.12877 0.78993 -0.17694 0.57282
1403638594977829376 3.93273 -2.40070 2.46908 0.12982 0.79178 -0.17749 0.56984
1403638595077829632 3.93044 -2.38175 2.48988 0.12830 0.79300 -0.17925 0.56794
1403638595177829632 3.92405 -2.35831 2.50061 0.12822 0.79347 -0.18053 0.56690
1403638595277829376 3.91135 -2.33248 2.50459 0.12879 0.79389 -0.18081 0.56609
1403638595377829632 3.89956 -2.31022 2.50528 0.12853 0.79359 -0.18149 0.56636
1403638595477829376 3.89170 -2.28822 2.49987 0.12862 0.79395 -0.18172 0.56575
1403638595577829632 3.88219 -2.26531 2.49303 0.12867 0.79478 -0.18143 0.56467
1403638595677829632 3.89552 -2.25370 2.49823 0.13080 0.79504 -0.17967 0.56438
1403638595777829376 3.88732 -2.23242 2.50553 0.13520 0.79605 -0.17683 0.56281
1403638595877829632 3.88010 -2.20938 2.51099 0.13645 0.79650 -0.17617 0.56208
1403638595977829376 3.86877 -2.18529 2.50067 0.13882 0.79626 -0.17469 0.56230
1403638596077829632 3.85419 -2.15531 2.48144 0.14625 0.79706 -0.16979 0.56079
1403638596177829632 3.89396 -2.10174 2.51837 0.15805 0.79866 -0.16223 0.55754
1403638596277829376 3.88864 -2.05971 2.51251 0.16974 0.80051 -0.15356 0.55389
1403638596377829632 3.90691 -2.00014 2.52646 0.17943 0.80079 -0.14615 0.55244
1403638596477829376 3.90275 -1.93890 2.52495 0.18489 0.80052 -0.14126 0.55229
1403638596577829632 3.92766 -1.86747 2.54292 0.19169 0.80140 -0.13578 0.55007
1403638596677829632 3.93392 -1.78486 2.56743 0.19913 0.80176 -0.12964 0.54838
1403638596777829376 3.96148 -1.68298 2.59893 0.20290 0.80195 -0.12616 0.54754
1403638596877829632 3.98596 -1.56701 2.63440 0.20648 0.80133 -0.12318 0.54778
1403638596977829376 4.02529 -1.43463 2.67442 0.20814 0.80013 -0.12215 0.54914
1403638597077829632 4.05719 -1.28520 2.70509 0.21097 0.79924 -0.12101 0.54960
1403638597177829632 4.08806 -1.11676 2.73806 0.21323 0.79741 -0.12064 0.55147
1403638597277829376 4.13186 -0.93214 2.75592 0.21083 0.79476 -0.12356 0.55556
1403638597377829632 4.17687 -0.72502 2.77418 0.20627 0.79292 -0.12846 0.55877
1403638597477829376 4.22659 -0.50677 2.79026 0.19783 0.78957 -0.13536 0.56490
1403638597577829632 4.26951 -0.28011 2.80306 0.18520 0.78484 -0.14467 0.57340
1403638597677829632 4.30540 -0.04635 2.80912 0.18076 0.78245 -0.14857 0.57709
1403638597777829376 4.34109 0.19471 2.80548 0.18485 0.78428 -0.14347 0.57459
1403638597877829632 4.37477 0.44311 2.79888 0.18892 0.78704 -0.13211 0.57221
1403638597977829376 4.41059 0.70288 2.78754 0.18993 0.78884 -0.12289 0.57146
1403638598077829632 4.44524 0.97008 2.78220 0.18308 0.78910 -0.12036 0.57386
1403638598177829632 4.48047 1.24981 2.77970 0.16144 0.79057 -0.12960 0.57632
1403638598277829376 4.51380 1.53486 2.78127 0.14391 0.79244 -0.13808 0.57643
1403638598377829632 4.54434 1.82018 2.78032 0.13287 0.79419 -0.14343 0.57536
1403638598477829376 4.57183 2.10919 2.77449 0.12861 0.79641 -0.14532 0.57277
1403638598577829632 4.59392 2.38602 2.75607 0.12338 0.79847 -0.14328 0.57157
1403638598677829632 4.61720 2.67113 2.73645 0.11905 0.80091 -0.13484 0.57113
1403638598777829376 4.63836 2.95450 2.71456 0.11062 0.80331 -0.12410 0.57189
1403638598877829632 4.65917 3.22264 2.70115 0.10122 0.80471 -0.10957 0.57462
1403638598977829376 4.67961 3.49465 2.69157 0.09129 0.80758 -0.09322 0.57514
1403638599077829632 4.70019 3.76682 2.68853 0.07924 0.80939 -0.07657 0.57683
1403638599177829632 4.71853 4.03954 2.69313 0.06734 0.81111 -0.05899 0.57800
1403638599277829376 4.73168 4.31076 2.70222 0.05643 0.81346 -0.04005 0.57749
1403638599377829632 4.72637 4.58197 2.71955 0.04386 0.81692 -0.02273 0.57463
1403638599477829376 4.73413 4.85267 2.74127 0.03484 0.81933 -0.00947 0.57218
1403638599577829632 4.74644 5.13911 2.76242 0.02975 0.82181 -0.00129 0.56899
1403638599677829632 4.75706 5.38494 2.77655 0.02573 0.82343 0.00357 0.56683
1403638599777829376 4.77115 5.64910 2.77904 0.02451 0.82360 0.00463 0.56662
1403638599877829632 4.78685 5.90919 2.77522 0.02251 0.82489 0.00222 0.56484
1403638599977829376 4.80491 6.16674 2.76715 0.01868 0.82503 -0.00332 0.56477
1403638600077829632 4.82766 6.42148 2.75421 0.01223 0.82608 -0.01109 0.56330
1403638600177829632 4.85072 6.67045 2.73712 0.00007 0.82764 -0.02283 0.56079
1403638600277829376 4.87644 6.91264 2.71741 -0.00992 0.82961 -0.03350 0.55725
1403638600377829632 4.90476 7.14232 2.69492 -0.01757 0.83090 -0.04205 0.55455
1403638600477829376 4.93548 7.35827 2.67627 -0.02384 0.83196 -0.04849 0.55220
1403638600577829632 4.97219 7.55704 2.66678 -0.02186 0.83249 -0.04906 0.55142
1403638600677829632 5.01309 7.74209 2.66548 -0.02476 0.83393 -0.05203 0.54886
1403638600777829376 5.05994 7.91439 2.67145 -0.02450 0.83763 -0.05192 0.54321
1403638600877829632 5.11041 8.07463 2.68306 -0.01353 0.84151 -0.04318 0.53835
1403638600977829376 5.17675 8.22610 2.69386 0.00335 0.84382 -0.02977 0.53579
1403638601077829632 5.24908 8.37176 2.69906 0.01265 0.84435 -0.02184 0.53520
1403638601177829632 5.31855 8.51317 2.69839 0.02066 0.84298 -0.01544 0.53732
1403638601277829376 5.40199 8.65063 2.69605 0.03027 0.83666 -0.00782 0.54683
1403638601377829632 5.49000 8.79601 2.69188 0.02781 0.83165 -0.00400 0.55460
1403638601477829376 5.57689 8.94142 2.69070 0.01490 0.82731 0.00070 0.56155
1403638601577829632 5.66931 9.10985 2.69780 0.00449 0.82278 0.01489 0.56815
1403638601677829632 5.75872 9.24061 2.70778 -0.00691 0.82055 0.03516 0.57045
1403638601777829376 5.84865 9.36180 2.72585 -0.01977 0.81814 0.06082 0.57146
1403638601877829632 5.93808 9.50139 2.75190 -0.03364 0.81367 0.08995 0.57334
1403638601977829376 6.02273 9.64018 2.77998 -0.04856 0.81097 0.11342 0.57193
1403638602077829632 6.10360 9.82058 2.80673 -0.05970 0.80970 0.13013 0.56911
1403638602177829632 6.17171 9.94479 2.82321 -0.06585 0.80521 0.14601 0.57095
1403638602277829376 6.24615 10.09188 2.83558 -0.07344 0.79853 0.16361 0.57462
1403638602377829632 6.31746 10.25732 2.84929 -0.09571 0.78781 0.17626 0.58234
1403638602477829376 6.36811 10.39609 2.87190 -0.13053 0.76593 0.18322 0.60228
1403638602577829632 6.41649 10.53974 2.90207 -0.16559 0.74451 0.18860 0.61865
1403638602677829632 6.44973 10.66951 2.93688 -0.18630 0.73452 0.20219 0.62040
1403638602777829376 6.46852 10.81198 2.98045 -0.19699 0.73070 0.22164 0.61494
1403638602877829632 6.44470 10.91437 3.02506 -0.20787 0.72761 0.24108 0.60766
1403638602977829376 6.42151 10.99549 3.07054 -0.22763 0.72812 0.25633 0.59356
1403638603077829632 6.37990 11.06727 3.11331 -0.24643 0.72340 0.27096 0.58527
1403638603177829632 6.36183 11.16244 3.15451 -0.25851 0.71660 0.28529 0.58161
1403638603277829376 6.31007 11.17523 3.17431 -0.25733 0.72415 0.30233 0.56390
1403638603377829632 6.26176 11.20121 3.19079 -0.25105 0.73708 0.31649 0.54177
1403638603477829376 6.21170 11.21921 3.19998 -0.24804 0.74544 0.32366 0.52730
1403638603577829632 6.14206 11.22602 3.21822 -0.24991 0.74298 0.32849 0.52690
1403638603677829632 6.09766 11.24522 3.22208 -0.25215 0.73520 0.33128 0.53494
1403638603777829376 6.05124 11.26359 3.21998 -0.24565 0.72665 0.33769 0.54553
1403638603877829632 6.00019 11.27508 3.20957 -0.23900 0.71897 0.34292 0.55530
1403638603977829376 5.94382 11.28332 3.19220 -0.23426 0.71199 0.34620 0.56421
1403638604077829632 5.87487 11.28492 3.17132 -0.22813 0.70858 0.34889 0.56934
1403638604177829632 5.80256 11.28623 3.15211 -0.22723 0.70788 0.34997 0.56991
1403638604277829376 5.71703 11.28317 3.14254 -0.23379 0.71176 0.34624 0.56467
1403638604377829632 5.62356 11.27817 3.13853 -0.23943 0.71937 0.34312 0.55447
1403638604477829376 5.52349 11.26556 3.13946 -0.23765 0.72712 0.34482 0.54398
1403638604577829632 5.41620 11.24802 3.14991 -0.23597 0.73167 0.34621 0.53770
1403638604677829632 5.30799 11.23026 3.15509 -0.23884 0.73482 0.34466 0.53311
1403638604777829376 5.19844 11.21252 3.15528 -0.24332 0.73662 0.34205 0.53027
1403638604877829632 5.09097 11.18895 3.15625 -0.24437 0.73987 0.34127 0.52575
1403638604977829376 4.98576 11.16788 3.15724 -0.24212 0.74585 0.34295 0.51718
1403638605077829632 4.88446 11.14476 3.16684 -0.23975 0.75225 0.34485 0.50765
1403638605177829632 4.78283 11.12307 3.18203 -0.23750 0.75609 0.34672 0.50170
1403638605277829376 4.68752 11.10575 3.20013 -0.23370 0.75689 0.34933 0.50046
1403638605377829632 4.59813 11.09733 3.21470 -0.22719 0.75240 0.35346 0.50730
1403638605477829376 4.51442 11.09513 3.22578 -0.21970 0.74240 0.35908 0.52119
