1403638523327829504 0.01522 0.00945 0.15141 -0.05096 0.80400 0.00591 0.59241
1403638523427829504 0.00255 -0.01024 0.17787 -0.05088 0.80146 0.00860 0.59582
1403638523527829504 0.00788 -0.01507 0.11066 -0.04480 0.80891 0.01179 0.58610
1403638523627829504 0.00609 -0.02187 0.06934 -0.03788 0.81972 0.01550 0.57130
1403638523727829504 -0.00080 -0.02690 0.01207 -0.03302 0.82676 0.01816 0.56130
1403638523827829504 0.00137 -0.02836 0.01088 -0.03054 0.83043 0.02125 0.55587
1403638523927829504 -0.00702 -0.03252 -0.03488 -0.02329 0.82999 0.02550 0.55670
1403638524027829504 -0.00670 -0.03247 -0.02796 -0.01407 0.83238 0.03319 0.55304
1403638524127829504 -0.00891 -0.02652 -0.01225 -0.00971 0.83706 0.04048 0.54553
1403638524227829504 -0.00828 -0.02973 0.03055 -0.01478 0.84055 0.04332 0.53980
1403638524327829504 -0.00654 -0.03817 0.08801 -0.02340 0.83943 0.04332 0.54123
1403638524427829504 -0.00106 -0.03885 0.14857 -0.03191 0.83481 0.04097 0.54808
1403638524527829504 0.00015 -0.04077 0.21022 -0.03695 0.82646 0.04039 0.56033
1403638524627829504 0.00686 -0.03854 0.27017 -0.03699 0.81844 0.03678 0.57221
1403638524727829504 0.01387 -0.03050 0.31613 -0.02699 0.81340 0.03110 0.58025
1403638524827829504 0.01817 -0.02250 0.34825 -0.01389 0.81071 0.02568 0.58472
1403638524927829504 0.02472 -0.01621 0.36737 -0.01762 0.80968 0.02547 0.58605
1403638525027829504 0.02810 -0.01385 0.37016 -0.02188 0.80763 0.02888 0.58857
1403638525127829504 0.02828 -0.01237 0.34621 -0.01742 0.80529 0.03267 0.59173
1403638525227829504 0.03424 -0.01049 0.31458 -0.01596 0.80597 0.03758 0.59055
1403638525327829504 0.03387 -0.00745 0.26395 -0.01682 0.81194 0.04219 0.58197
1403638525427829504 0.02964 -0.00558 0.21032 -0.02214 0.82320 0.04539 0.56550
1403638525527829504 0.02577 -0.01075 0.15984 -0.03158 0.83466 0.04617 0.54792
1403638525627829504 0.02246 -0.01601 0.11650 -0.03515 0.84056 0.04442 0.53874
1403638525727829504 0.02287 -0.01750 0.08262 -0.03336 0.84116 0.04012 0.53826
1403638525827829504 0.02224 -0.01630 0.05725 -0.02863 0.83816 0.03416 0.54359
1403638525927829504 0.02042 -0.01918 0.04054 -0.01946 0.83510 0.03127 0.54886
1403638526027829504 0.01781 -0.03035 0.03261 -0.01300 0.83537 0.03072 0.54867
1403638526127829504 0.01273 -0.05274 0.03514 -0.01008 0.83790 0.02408 0.54520
1403638526227829504 0.00786 -0.08208 0.04820 -0.00748 0.83885 0.01431 0.54413
1403638526327829504 -0.00087 -0.11692 0.06195 -0.00405 0.83590 0.00556 0.54884
1403638526427829504 -0.01113 -0.15934 0.07536 -0.00149 0.83092 -0.00404 0.55638
1403638526527829504 -0.02277 -0.20599 0.08655 -0.00042 0.82567 -0.01578 0.56393
1403638526627829504 -0.03587 -0.26046 0.09495 0.00220 0.82002 -0.02540 0.57177
1403638526727829504 -0.05137 -0.32427 0.10233 0.00766 0.81591 -0.03251 0.57722
1403638526827829504 -0.06912 -0.39324 0.10849 0.01813 0.81372 -0.03612 0.57985
1403638526927829504 -0.08721 -0.45709 0.11183 0.02284 0.81491 -0.04038 0.57773
1403638527027829504 -0.10493 -0.51660 0.11539 0.02889 0.81906 -0.05042 0.57075
1403638527127829504 -0.12088 -0.57055 0.11950 0.03718 0.82240 -0.06566 0.56388
1403638527227829504 -0.13244 -0.61621 0.12524 0.04614 0.82149 -0.08049 0.56263
1403638527327829504 -0.13947 -0.64739 0.13173 0.06108 0.81667 -0.09215 0.56641
1403638527427829504 -0.13840 -0.65865 0.13741 0.07544 0.81175 -0.09855 0.57066
1403638527527829504 -0.13278 -0.64837 0.13909 0.08223 0.80962 -0.10135 0.57226
1403638527627829504 -0.12109 -0.61858 0.13805 0.08277 0.80981 -0.10082 0.57201
1403638527727829504 -0.10841 -0.57586 0.13740 0.07973 0.81061 -0.09452 0.57238
1403638527827829504 -0.08859 -0.52666 0.13705 0.07012 0.81329 -0.08883 0.57074
1403638527927829504 -0.07125 -0.46988 0.14022 0.05626 0.81585 -0.08463 0.56926
1403638528027829504 -0.04402 -0.41348 0.14269 0.04976 0.81553 -0.07814 0.57125
1403638528127829504 -0.02155 -0.35614 0.14071 0.04030 0.81504 -0.06963 0.57379
1403638528227829504 0.00173 -0.30476 0.13537 0.02865 0.81659 -0.05948 0.57343
1403638528327829504 0.03164 -0.26021 0.13178 0.01710 0.81775 -0.04878 0.57324
1403638528427829504 0.06361 -0.22857 0.12810 0.01449 0.81656 -0.04283 0.57549
1403638528527829504 0.09938 -0.20758 0.12480 0.01658 0.81728 -0.04300 0.57439
1403638528627829504 0.13393 -0.19332 0.12326 0.01652 0.81924 -0.05077 0.57095
1403638528727829504 0.16663 -0.18098 0.12357 0.01786 0.81925 -0.05612 0.57040
1403638528827829504 0.18915 -0.17327 0.12786 0.01917 0.81815 -0.06184 0.57135
1403638528927829504 0.19608 -0.16535 0.13683 0.01253 0.81732 -0.06943 0.57185
1403638529027829504 0.18838 -0.15671 0.15277 0.00652 0.81808 -0.07352 0.57034
1403638529127829504 0.16561 -0.14323 0.16829 0.01673 0.81905 -0.06989 0.56920
1403638529227829504 0.13542 -0.12243 0.17392 0.03181 0.82056 -0.06240 0.56726
1403638529327829504 0.10190 -0.09817 0.16942 0.03919 0.82405 -0.05717 0.56227
1403638529427829504 0.06880 -0.07649 0.15521 0.04052 0.83190 -0.05337 0.55086
1403638529527829504 0.03826 -0.06054 0.13276 0.03629 0.84317 -0.05155 0.53394
1403638529627829504 0.01472 -0.04847 0.10753 0.03683 0.85068 -0.04810 0.52219
1403638529727829504 0.00039 -0.04145 0.08089 0.03654 0.85073 -0.04591 0.52232
1403638529827829504 -0.01123 -0.03541 0.05812 0.03504 0.84471 -0.04631 0.53206
1403638529927829504 -0.01344 -0.02948 0.04193 0.03508 0.83983 -0.04664 0.53971
1403638530027829504 -0.01212 -0.02595 0.02919 0.03570 0.83943 -0.04690 0.54026
1403638530127829504 -0.00415 -0.02419 0.02048 0.03598 0.84156 -0.04922 0.53671
1403638530227829504 0.00956 -0.02581 0.01169 0.03832 0.84193 -0.05515 0.53538
1403638530327829504 0.02261 -0.02876 0.00123 0.03957 0.84111 -0.06118 0.53593
1403638530427829504 0.03344 -0.03491 -0.00884 0.04282 0.84048 -0.06496 0.53623
1403638530527829504 0.04323 -0.03947 -0.01486 0.04054 0.84025 -0.06899 0.53626
1403638530627829504 0.05021 -0.04417 -0.02082 0.04226 0.84143 -0.07150 0.53394
1403638530727829504 0.05398 -0.04603 -0.02973 0.04259 0.84514 -0.07378 0.52771
1403638530827829504 0.05857 -0.04932 -0.03752 0.04244 0.84721 -0.07431 0.52431
1403638530927829504 0.06135 -0.05041 -0.04213 0.04009 0.84636 -0.07359 0.52597
1403638531027829504 0.06157 -0.05003 -0.04427 0.03878 0.84371 -0.07345 0.53033
1403638531127829504 0.06104 -0.04894 -0.04412 0.04109 0.84011 -0.07196 0.53605
1403638531227829504 0.06183 -0.04770 -0.04492 0.04333 0.83982 -0.06931 0.53667
1403638531327829504 0.06246 -0.04663 -0.04613 0.04433 0.83618 -0.06954 0.54222
1403638531427829504 0.06232 -0.04705 -0.04637 0.04494 0.83695 -0.06899 0.54105
1403638531527829504 0.06201 -0.04761 -0.04658 0.04435 0.83613 -0.06944 0.54231
1403638531627829504 0.06191 -0.04711 -0.04605 0.04516 0.83630 -0.06858 0.54208
1403638531727829504 0.06197 -0.04701 -0.04626 0.04522 0.83641 -0.06913 0.54184
1403638531827829504 0.06206 -0.04707 -0.04644 0.04534 0.83642 -0.06938 0.54178
1403638531927829504 0.06223 -0.04711 -0.04672 0.04541 0.83638 -0.06970 0.54180
1403638532027829504 0.06224 -0.04707 -0.04682 0.04548 0.83636 -0.06997 0.54179
1403638532127829504 0.06254 -0.04709 -0.04702 0.04565 0.83635 -0.07019 0.54176
1403638532227829504 0.06250 -0.04714 -0.04711 0.04599 0.83637 -0.07016 0.54171
1403638532327829504 0.06255 -0.04724 -0.04719 0.04622 0.83634 -0.07022 0.54172
1403638532427829504 0.06255 -0.04725 -0.04722 0.04643 0.83634 -0.07029 0.54170
1403638532527829504 0.06262 -0.04731 -0.04731 0.04658 0.83632 -0.07043 0.54171
1403638532627829504 0.06279 -0.04733 -0.04746 0.04669 0.83630 -0.07055 0.54171
1403638532727829504 0.06293 -0.04738 -0.04765 0.04674 0.83624 -0.07064 0.54178
1403638532827829504 0.06381 -0.04751 -0.04782 0.04670 0.83624 -0.07068 0.54177
1403638532927829504 0.06293 -0.04738 -0.04773 0.04690 0.83619 -0.07076 0.54183
1403638533027829504 0.06318 -0.04748 -0.04790 0.04703 0.83615 -0.07083 0.54188
1403638533127829504 0.06394 -0.04763 -0.04808 0.04703 0.83615 -0.07086 0.54187
1403638533227829504 0.06326 -0.04748 -0.04804 0.04719 0.83610 -0.07098 0.54191
1403638533327829504 0.06338 -0.04758 -0.04818 0.04731 0.83606 -0.07104 0.54196
1403638533427829504 0.06332 -0.04757 -0.04815 0.04731 0.83602 -0.07108 0.54201
1403638533527829504 0.06335 -0.04761 -0.04819 0.04742 0.83598 -0.07116 0.54205
1403638533627829504 0.06347 -0.04766 -0.04829 0.04756 0.83595 -0.07120 0.54208
1403638533727829504 0.06352 -0.04767 -0.04832 0.04770 0.83594 -0.07126 0.54209
1403638533827829504 0.06377 -0.04767 -0.04852 0.04769 0.83587 -0.07134 0.54218
1403638533927829504 0.06368 -0.04766 -0.04860 0.04765 0.83589 -0.07125 0.54216
1403638534027829504 0.06323 -0.04767 -0.04834 0.04770 0.83587 -0.07138 0.54216
1403638534127829504 0.06319 -0.04776 -0.04804 0.04784 0.83589 -0.07159 0.54210
1403638534227829504 0.06337 -0.04775 -0.04823 0.04772 0.83585 -0.07167 0.54217
1403638534327829504 0.06355 -0.04762 -0.04836 0.04757 0.83586 -0.07160 0.54217
1403638534427829504 0.06341 -0.04752 -0.04844 0.04755 0.83588 -0.07165 0.54213
1403638534527829504 0.06333 -0.04763 -0.04835 0.04782 0.83587 -0.07192 0.54209
1403638534627829504 0.06317 -0.04768 -0.04824 0.04767 0.83590 -0.07154 0.54210
1403638534727829504 0.06322 -0.04764 -0.04826 0.04755 0.83591 -0.07132 0.54213
1403638534827829504 0.06331 -0.04759 -0.04832 0.04766 0.83587 -0.07139 0.54217
1403638534927829504 0.06318 -0.04763 -0.04826 0.04793 0.83585 -0.07161 0.54216
1403638535027829504 0.06311 -0.04771 -0.04821 0.04787 0.83585 -0.07159 0.54216
1403638535127829504 0.06316 -0.04771 -0.04826 0.04788 0.83588 -0.07151 0.54212
1403638535227829504 0.06323 -0.04768 -0.04831 0.04786 0.83582 -0.07152 0.54222
1403638535327829504 0.06315 -0.04773 -0.04826 0.04783 0.83581 -0.07157 0.54222
1403638535427829504 0.06325 -0.04775 -0.04828 0.04790 0.83578 -0.07150 0.54228
1403638535527829504 0.06325 -0.04774 -0.04822 0.04788 0.83573 -0.07155 0.54234
1403638535627829504 0.06317 -0.04775 -0.04819 0.04786 0.83573 -0.07151 0.54235
1403638535727829504 0.06317 -0.04773 -0.04817 0.04786 0.83572 -0.07151 0.54238
1403638535827829504 0.06306 -0.04772 -0.04815 0.04778 0.83571 -0.07148 0.54240
1403638535927829504 0.06301 -0.04774 -0.04818 0.04774 0.83572 -0.07150 0.54239
1403638536027829504 0.06310 -0.04772 -0.04828 0.04768 0.83571 -0.07144 0.54241
1403638536127829504 0.06319 -0.04773 -0.04825 0.04767 0.83571 -0.07145 0.54241
1403638536227829504 0.06323 -0.04778 -0.04823 0.04760 0.83566 -0.07142 0.54250
1403638536327829504 0.06325 -0.04771 -0.04825 0.04756 0.83559 -0.07139 0.54262
1403638536427829504 0.06321 -0.04771 -0.04825 0.04762 0.83559 -0.07148 0.54259
1403638536527829504 0.06314 -0.04766 -0.04818 0.04759 0.83560 -0.07143 0.54259
1403638536627829504 0.06327 -0.04776 -0.04818 0.04757 0.83556 -0.07151 0.54264
1403638536727829504 0.06338 -0.04774 -0.04829 0.04764 0.83555 -0.07137 0.54267
1403638536827829504 0.06335 -0.04776 -0.04837 0.04762 0.83553 -0.07140 0.54271
1403638536927829504 0.06337 -0.04779 -0.04828 0.04763 0.83550 -0.07142 0.54275
1403638537027829504 0.06328 -0.04774 -0.04824 0.04766 0.83549 -0.07142 0.54275
1403638537127829504 0.06328 -0.04771 -0.04826 0.04777 0.83546 -0.07135 0.54280
1403638537227829504 0.06327 -0.04770 -0.04822 0.04777 0.83546 -0.07142 0.54280
1403638537327829504 0.06337 -0.04774 -0.04816 0.04775 0.83543 -0.07142 0.54285
1403638537427829504 0.06345 -0.04783 -0.04817 0.04767 0.83539 -0.07133 0.54292
1403638537527829504 0.06344 -0.04786 -0.04814 0.04769 0.83538 -0.07125 0.54295
1403638537627829504 0.06343 -0.04783 -0.04809 0.04782 0.83535 -0.07116 0.54298
1403638537727829504 0.06339 -0.04782 -0.04801 0.04789 0.83539 -0.07118 0.54291
1403638537827829504 0.06340 -0.04773 -0.04793 0.04789 0.83535 -0.07124 0.54297
1403638537927829504 0.06360 -0.04781 -0.04810 0.04786 0.83532 -0.07117 0.54304
1403638538027829504 0.06331 -0.04778 -0.04796 0.04788 0.83534 -0.07122 0.54300
1403638538127829504 0.06298 -0.04815 -0.04776 0.04794 0.83524 -0.07118 0.54314
1403638538227829504 0.06372 -0.04779 -0.04813 0.04800 0.83527 -0.07119 0.54310
1403638538327829504 0.06376 -0.04781 -0.04826 0.04799 0.83523 -0.07111 0.54317
1403638538427829504 0.06367 -0.04799 -0.04798 0.04802 0.83511 -0.07116 0.54334
1403638538527829504 0.06352 -0.04779 -0.04783 0.04803 0.83512 -0.07119 0.54332
1403638538627829504 0.06337 -0.04785 -0.04765 0.04819 0.83491 -0.07127 0.54362
1403638538727829504 0.06324 -0.04821 -0.04767 0.04824 0.83458 -0.07115 0.54413
1403638538827829504 0.06450 -0.04775 -0.04758 0.04791 0.83408 -0.07071 0.54499
1403638538927829504 0.06794 -0.04750 -0.04694 0.04815 0.83116 -0.06978 0.54954
1403638539027829504 0.07106 -0.04766 -0.04325 0.04937 0.82649 -0.07037 0.55636
1403638539127829504 0.07875 -0.04823 -0.03888 0.04932 0.81983 -0.07155 0.56597
1403638539227829504 0.08687 -0.04842 -0.02691 0.04917 0.81506 -0.07073 0.57294
1403638539327829504 0.09767 -0.04907 -0.00864 0.04867 0.81416 -0.07040 0.57429
1403638539427829504 0.10705 -0.04971 0.01856 0.04860 0.81581 -0.06944 0.57208
1403638539527829504 0.11479 -0.05031 0.05203 0.04820 0.81778 -0.06834 0.56942
1403638539627829504 0.12636 -0.05163 0.08398 0.04740 0.81847 -0.06742 0.56861
1403638539727829504 0.13673 -0.05202 0.10739 0.04681 0.81911 -0.06645 0.56786
1403638539827829504 0.14953 -0.05296 0.11987 0.04656 0.82075 -0.06513 0.56565
1403638539927829504 0.16649 -0.05450 0.12838 0.04518 0.82463 -0.06459 0.56015
1403638540027829504 0.18336 -0.05561 0.13732 0.04371 0.83003 -0.06519 0.55217
1403638540127829504 0.20541 -0.05707 0.14562 0.04326 0.83587 -0.06517 0.54332
1403638540227829504 0.23790 -0.05960 0.15225 0.04360 0.83585 -0.06378 0.54350
1403638540327829504 0.27669 -0.06277 0.16363 0.04444 0.82969 -0.06262 0.55292
1403638540427829504 0.31835 -0.06534 0.17300 0.04384 0.82520 -0.05858 0.56008
1403638540527829504 0.36452 -0.06721 0.17636 0.03831 0.82492 -0.04990 0.56173
1403638540627829504 0.41311 -0.06640 0.18172 0.02953 0.82538 -0.03594 0.56265
1403638540727829504 0.46298 -0.06420 0.18797 0.02254 0.82495 -0.01451 0.56457
1403638540827829504 0.51510 -0.05961 0.19320 0.01356 0.82479 0.01194 0.56515
1403638540927829504 0.56805 -0.04999 0.19756 0.00187 0.82430 0.03999 0.56474
1403638541027829504 0.62269 -0.03529 0.20017 -0.01300 0.82297 0.06248 0.56448
1403638541127829504 0.67810 -0.01848 0.19922 -0.02525 0.82091 0.07879 0.56503
1403638541227829504 0.73457 0.00326 0.19474 -0.03278 0.82018 0.08975 0.56407
1403638541327829504 0.79109 0.02893 0.19215 -0.03670 0.81965 0.09563 0.56364
1403638541427829504 0.84736 0.05959 0.19542 -0.03917 0.81974 0.09683 0.56313
1403638541527829504 0.90329 0.09399 0.20471 -0.03796 0.81858 0.09764 0.56476
1403638541627829504 0.96071 0.13713 0.22107 -0.03902 0.81703 0.09996 0.56652
1403638541727829504 1.01905 0.18513 0.24486 -0.04629 0.81528 0.10432 0.56771
1403638541827829504 1.07385 0.23904 0.27597 -0.05873 0.81428 0.11077 0.56677
1403638541927829504 1.12531 0.29658 0.30736 -0.07072 0.81326 0.12240 0.56447
1403638542027829504 1.17704 0.35504 0.33238 -0.08408 0.81168 0.13815 0.56126
1403638542127829504 1.22711 0.41514 0.35147 -0.09777 0.80899 0.15741 0.55784
1403638542227829504 1.27686 0.47605 0.36547 -0.11413 0.80537 0.17847 0.55362
1403638542327829504 1.32245 0.53868 0.37581 -0.12901 0.80043 0.20223 0.54934
1403638542427829504 1.36931 0.60132 0.38308 -0.13950 0.78935 0.22316 0.55468
1403638542527829504 1.41296 0.66477 0.38830 -0.14069 0.77592 0.24286 0.56496
1403638542627829504 1.44073 0.73567 0.39989 -0.13877 0.76718 0.25798 0.57063
1403638542727829504 1.47663 0.80855 0.41023 -0.14362 0.76730 0.26271 0.56710
1403638542827829504 1.50844 0.88560 0.42602 -0.15330 0.77183 0.25979 0.55972
1403638542927829504 1.53421 0.96499 0.44745 -0.15955 0.77732 0.25637 0.55190
1403638543027829504 1.55154 1.04235 0.47642 -0.16255 0.78149 0.25336 0.54650
1403638543127829504 1.56744 1.12055 0.50363 -0.16446 0.78386 0.25002 0.54406
1403638543227829504 1.58318 1.20189 0.52370 -0.16394 0.78464 0.24847 0.54381
1403638543327829504 1.59713 1.28081 0.54099 -0.16401 0.78529 0.24610 0.54393
1403638543427829504 1.61296 1.36346 0.55140 -0.16523 0.78524 0.24760 0.54295
1403638543527829504 1.63234 1.45012 0.55787 -0.16920 0.78358 0.25482 0.54078
1403638543627829504 1.64840 1.53352 0.56339 -0.17410 0.77941 0.27022 0.53777
1403638543727829504 1.66696 1.61716 0.56317 -0.18343 0.77281 0.28970 0.53404
1403638543827829504 1.68042 1.70542 0.57095 -0.19326 0.76332 0.31292 0.53111
1403638543927829504 1.69316 1.79336 0.58755 -0.20775 0.75410 0.33375 0.52610
1403638544027829504 1.70574 1.88227 0.61033 -0.22273 0.74774 0.34844 0.51949
1403638544127829504 1.71930 1.97607 0.63420 -0.23450 0.74433 0.35776 0.51283
1403638544227829504 1.73540 2.06137 0.65530 -0.24441 0.74151 0.36242 0.50899
1403638544327829504 1.74838 2.14892 0.66870 -0.24918 0.73973 0.36588 0.50680
1403638544427829504 1.76421 2.23495 0.67713 -0.25068 0.74025 0.36729 0.50427
1403638544527829504 1.78211 2.32373 0.68410 -0.25006 0.73941 0.36757 0.50560
1403638544627829504 1.80122 2.41698 0.69270 -0.25437 0.73410 0.36703 0.51155
1403638544727829504 1.82092 2.51059 0.70682 -0.25784 0.72964 0.36717 0.51607
1403638544827829504 1.83694 2.60290 0.72586 -0.25686 0.73134 0.36920 0.51269
1403638544927829504 1.85247 2.69403 0.73843 -0.25586 0.73419 0.37067 0.50805
1403638545027829504 1.87136 2.78318 0.74392 -0.25722 0.73362 0.37086 0.50803
1403638545127829504 1.88719 2.86594 0.74562 -0.25832 0.73248 0.37137 0.50875
1403638545227829504 1.90570 2.95424 0.73933 -0.25703 0.73282 0.37304 0.50769
1403638545327829504 1.92147 3.04246 0.73062 -0.25755 0.73075 0.37357 0.51002
1403638545427829504 1.93863 3.12873 0.71392 -0.25950 0.72972 0.37278 0.51108
1403638545527829504 1.95871 3.22252 0.70064 -0.26252 0.72848 0.37627 0.50874
1403638545627829504 1.97447 3.31098 0.69252 -0.26959 0.72502 0.38521 0.50327
1403638545727829504 1.98939 3.39144 0.68799 -0.27798 0.71887 0.39947 0.49635
1403638545827829504 2.00555 3.47670 0.69221 -0.28825 0.70853 0.41815 0.48995
1403638545927829504 2.02167 3.56308 0.70310 -0.29861 0.69706 0.43950 0.48143
1403638546027829504 2.03784 3.64987 0.72045 -0.30707 0.68504 0.46031 0.47386
1403638546127829504 2.05466 3.73712 0.73584 -0.31337 0.67452 0.47652 0.46877
1403638546227829504 2.06884 3.82594 0.74568 -0.32060 0.66816 0.48593 0.46330
1403638546327829504 2.08178 3.91562 0.74899 -0.32670 0.66495 0.49076 0.45854
1403638546427829504 2.09544 4.00614 0.74572 -0.33156 0.66456 0.49200 0.45428
1403638546527829504 2.10901 4.09935 0.73813 -0.33276 0.66349 0.49390 0.45289
1403638546627829504 2.12164 4.19346 0.73484 -0.33485 0.65982 0.49896 0.45116
1403638546727829504 2.13363 4.29036 0.73835 -0.33862 0.65497 0.50487 0.44885
1403638546827829504 2.14491 4.39047 0.75405 -0.33940 0.65071 0.51067 0.44788
1403638546927829504 2.15554 4.49300 0.77119 -0.33955 0.64775 0.51486 0.44726
1403638547027829504 2.16407 4.59656 0.78372 -0.33820 0.64465 0.51882 0.44818
1403638547127829504 2.16945 4.70086 0.78822 -0.33453 0.64210 0.52271 0.45008
1403638547227829504 2.17158 4.80520 0.78900 -0.33264 0.64077 0.52479 0.45095
1403638547327829504 2.16822 4.90722 0.78239 -0.33166 0.63977 0.52572 0.45201
1403638547427829504 2.16352 5.01373 0.77706 -0.33691 0.64307 0.52184 0.44792
1403638547527829504 2.15677 5.12209 0.76768 -0.34170 0.64636 0.51776 0.44428
1403638547627829504 2.14616 5.22196 0.74952 -0.34406 0.64857 0.51513 0.44229
1403638547727829504 2.13626 5.33238 0.72994 -0.34265 0.64891 0.51475 0.44333
1403638547827829504 2.12486 5.44025 0.70546 -0.33840 0.64680 0.51705 0.44698
1403638547927829504 2.11086 5.55101 0.67970 -0.33811 0.64653 0.51708 0.44755
1403638548027829504 2.09064 5.65907 0.66124 -0.33992 0.64574 0.51844 0.44574
1403638548127829504 2.07252 5.77948 0.64971 -0.34331 0.64308 0.52238 0.44239
1403638548227829504 2.05105 5.90279 0.64884 -0.34946 0.63784 0.52916 0.43706
1403638548327829504 2.02789 6.02254 0.65697 -0.35717 0.62999 0.53914 0.42996
1403638548427829504 2.00337 6.14695 0.67067 -0.36433 0.62050 0.55159 0.42188
1403638548527829504 1.98089 6.26988 0.68876 -0.37231 0.61200 0.56043 0.41564
1403638548627829504 1.95774 6.37922 0.70430 -0.37778 0.60469 0.56768 0.41155
1403638548727829504 1.93559 6.49403 0.71355 -0.38168 0.60006 0.57251 0.40803
1403638548827829504 1.91291 6.60955 0.72422 -0.38426 0.59703 0.57580 0.40541
1403638548927829504 1.88873 6.72911 0.74234 -0.38631 0.59528 0.57719 0.40405
1403638549027829504 1.86438 6.85395 0.76452 -0.38541 0.59461 0.57903 0.40326
1403638549127829504 1.83887 6.97652 0.79228 -0.38766 0.59505 0.57760 0.40252
1403638549227829504 1.81636 7.10105 0.82666 -0.38804 0.59510 0.57718 0.40267
1403638549327829504 1.79139 7.22660 0.86568 -0.38966 0.59627 0.57536 0.40198
1403638549427829504 1.76687 7.35905 0.90371 -0.39201 0.59754 0.57287 0.40137
1403638549527829504 1.74170 7.48870 0.93753 -0.39280 0.59877 0.57142 0.40083
1403638549627829504 1.71881 7.62409 0.96596 -0.39458 0.59807 0.56945 0.40293
1403638549727829504 1.69699 7.75197 0.99217 -0.39345 0.59744 0.56945 0.40495
1403638549827829504 1.67641 7.88714 1.01937 -0.39349 0.59910 0.56903 0.40305
1403638549927829504 1.65745 8.01798 1.05620 -0.39157 0.59992 0.56984 0.40257
1403638550027829504 1.64072 8.15742 1.10098 -0.39219 0.60086 0.56926 0.40136
1403638550127829504 1.62419 8.29576 1.15378 -0.39327 0.60178 0.56875 0.39964
1403638550227829504 1.60964 8.43707 1.21193 -0.39308 0.60152 0.56957 0.39906
1403638550327829504 1.59162 8.58169 1.27951 -0.39232 0.60069 0.57032 0.39999
1403638550427829504 1.57800 8.72913 1.34292 -0.39444 0.60017 0.56950 0.39985
1403638550527829504 1.56647 8.87500 1.39772 -0.39707 0.60138 0.56796 0.39762
1403638550627829504 1.55718 9.01322 1.44418 -0.40167 0.60056 0.56496 0.39851
1403638550727829504 1.55145 9.14739 1.48844 -0.40589 0.59930 0.56208 0.40020
1403638550827829504 1.54894 9.27896 1.52681 -0.40939 0.59696 0.55939 0.40388
1403638550927829504 1.54928 9.41396 1.56462 -0.41554 0.59240 0.55469 0.41074
1403638551027829504 1.55284 9.54087 1.59760 -0.42061 0.58929 0.55093 0.41509
1403638551127829504 1.55839 9.65569 1.62596 -0.42385 0.58838 0.54856 0.41623
1403638551227829504 1.56769 9.77030 1.66114 -0.42755 0.58882 0.54654 0.41447
1403638551327829504 1.58242 9.87948 1.70064 -0.42479 0.59326 0.54562 0.41218
1403638551427829504 1.60325 9.98235 1.74044 -0.41895 0.60370 0.53892 0.41181
1403638551527829504 1.63243 10.08647 1.77666 -0.41167 0.61822 0.52611 0.41417
1403638551627829504 1.66870 10.18687 1.80769 -0.40549 0.63450 0.50798 0.41827
1403638551727829504 1.71272 10.28262 1.83302 -0.39745 0.64952 0.48939 0.42503
1403638551827829504 1.76464 10.37624 1.85142 -0.38763 0.66277 0.47134 0.43395
1403638551927829504 1.82438 10.46391 1.86905 -0.37540 0.66942 0.46044 0.44603
1403638552027829504 1.89127 10.54319 1.89288 -0.36450 0.67115 0.45411 0.45879
1403638552127829504 1.96044 10.61105 1.92259 -0.35668 0.67410 0.45023 0.46439
1403638552227829504 2.03365 10.67305 1.95654 -0.35203 0.67900 0.44811 0.46286
1403638552327829504 2.10959 10.73030 1.99387 -0.34995 0.68164 0.44689 0.46173
1403638552427829504 2.18710 10.78410 2.02947 -0.35561 0.68011 0.44180 0.46455
1403638552527829504 2.26906 10.82975 2.06024 -0.36238 0.67659 0.43702 0.46897
1403638552627829504 2.35418 10.86662 2.08643 -0.36586 0.67311 0.43556 0.47260
1403638552727829504 2.44314 10.89469 2.10476 -0.36572 0.67236 0.43741 0.47207
1403638552827829504 2.53651 10.91628 2.11706 -0.36450 0.67125 0.44049 0.47174
1403638552927829504 2.63307 10.93271 2.12455 -0.36051 0.66985 0.44625 0.47138
1403638553027829504 2.73276 10.94223 2.12916 -0.35574 0.66762 0.45228 0.47242
1403638553127829504 2.83086 10.94505 2.12882 -0.35621 0.66465 0.45474 0.47389
1403638553227829504 2.93213 10.94370 2.12883 -0.36441 0.65949 0.45119 0.47823
1403638553327829504 3.03104 10.93264 2.12955 -0.36925 0.65358 0.44981 0.48390
1403638553427829504 3.13065 10.91125 2.13682 -0.36715 0.64833 0.45276 0.48978
1403638553527829504 3.22761 10.88024 2.14976 -0.36396 0.64383 0.45627 0.49481
1403638553627829504 3.31984 10.83532 2.16690 -0.36100 0.64086 0.45899 0.49831
1403638553727829504 3.41175 10.78244 2.19265 -0.35948 0.64048 0.46107 0.49798
1403638553827829504 3.49339 10.71527 2.22133 -0.35728 0.64182 0.46293 0.49609
1403638553927829504 3.57575 10.64521 2.25992 -0.35522 0.64365 0.46432 0.49390
1403638554027829504 3.65839 10.57341 2.29637 -0.35572 0.64825 0.46408 0.48771
1403638554127829504 3.73075 10.48790 2.32394 -0.35340 0.65007 0.46581 0.48532
1403638554227829504 3.81014 10.40821 2.34933 -0.34520 0.65517 0.47201 0.47832
1403638554327829504 3.87817 10.31674 2.36469 -0.33819 0.65974 0.47729 0.47177
1403638554427829504 3.95072 10.23185 2.37963 -0.33453 0.66218 0.48026 0.46794
1403638554527829504 4.02045 10.14950 2.39059 -0.33304 0.66294 0.48163 0.46651
1403638554627829504 4.08508 10.06761 2.39826 -0.33588 0.66472 0.48017 0.46343
1403638554727829504 4.14521 9.98116 2.40919 -0.34156 0.66556 0.47644 0.46192
1403638554827829504 4.20847 9.90199 2.42462 -0.34608 0.66638 0.47376 0.46012
1403638554927829504 4.27146 9.81894 2.44481 -0.34946 0.66660 0.47121 0.45988
1403638555027829504 4.33608 9.73591 2.46164 -0.34980 0.66832 0.46691 0.46151
1403638555127829504 4.40414 9.65457 2.47125 -0.34355 0.67291 0.46195 0.46451
1403638555227829504 4.47377 9.57063 2.47730 -0.33752 0.67964 0.45367 0.46728
1403638555327829504 4.54613 9.48815 2.47951 -0.33157 0.68479 0.44681 0.47062
1403638555427829504 4.61974 9.40091 2.47887 -0.32383 0.68690 0.44395 0.47562
1403638555527829504 4.69208 9.31363 2.47315 -0.32092 0.68887 0.44035 0.47808
1403638555627829504 4.76424 9.22461 2.47107 -0.31860 0.68982 0.43889 0.47960
1403638555727829504 4.83553 9.13538 2.47686 -0.31894 0.69122 0.43758 0.47856
1403638555827829504 4.90558 9.04515 2.49077 -0.31745 0.69157 0.43872 0.47800
1403638555927829504 4.97472 8.95947 2.51132 -0.31604 0.69126 0.44033 0.47790
1403638556027829504 5.04495 8.87562 2.53728 -0.31505 0.69011 0.44170 0.47895
1403638556127829504 5.11759 8.79770 2.56108 -0.31385 0.69203 0.44290 0.47585
1403638556227829504 5.18978 8.71453 2.57815 -0.31183 0.69660 0.44409 0.46936
1403638556327829504 5.26183 8.64280 2.59472 -0.31081 0.69923 0.44479 0.46544
1403638556427829504 5.33547 8.56782 2.60641 -0.30983 0.70118 0.44549 0.46248
1403638556527829504 5.41185 8.50614 2.61762 -0.30693 0.70481 0.44679 0.45762
1403638556627829504 5.49178 8.44405 2.63016 -0.31131 0.70782 0.44311 0.45357
1403638556727829504 5.57763 8.39399 2.64813 -0.31879 0.70738 0.43725 0.45475
1403638556827829504 5.66605 8.33327 2.67052 -0.32509 0.70447 0.43289 0.45896
1403638556927829504 5.76308 8.28581 2.70236 -0.32974 0.70318 0.42963 0.46068
1403638557027829504 5.86543 8.23530 2.73345 -0.33093 0.70194 0.42916 0.46215
1403638557127829504 5.97151 8.18581 2.75686 -0.32855 0.70024 0.43151 0.46424
1403638557227829504 6.07882 8.12882 2.77192 -0.32754 0.69887 0.43259 0.46601
1403638557327829504 6.19174 8.07671 2.78201 -0.32638 0.69810 0.43380 0.46684
1403638557427829504 6.30332 8.02458 2.79064 -0.32301 0.69609 0.43681 0.46939
1403638557527829504 6.41872 7.97480 2.80667 -0.31733 0.69340 0.44118 0.47314
1403638557627829504 6.53386 7.91946 2.82665 -0.31401 0.69118 0.44364 0.47629
1403638557727829504 6.65112 7.88584 2.84734 -0.31290 0.69067 0.44445 0.47701
1403638557827829504 6.76447 7.84477 2.86775 -0.31092 0.69048 0.44524 0.47784
1403638557927829504 6.87581 7.80276 2.88136 -0.30807 0.69083 0.44691 0.47761
1403638558027829504 6.98576 7.76011 2.88766 -0.30647 0.69354 0.44791 0.47377
1403638558127829504 7.09517 7.71929 2.88698 -0.30452 0.69864 0.44877 0.46666
1403638558227829504 7.20724 7.67918 2.89058 -0.30172 0.70484 0.45006 0.45784
1403638558327829504 7.31774 7.64713 2.90050 -0.29753 0.70659 0.45233 0.45564
1403638558427829504 7.42977 7.62159 2.92073 -0.29145 0.70901 0.45584 0.45229
1403638558527829504 7.54345 7.60236 2.94758 -0.28811 0.71218 0.45735 0.44792
1403638558627829504 7.65957 7.59281 2.98178 -0.29298 0.71341 0.45333 0.44688
1403638558727829504 7.77943 7.59243 3.01900 -0.30341 0.71391 0.44543 0.44706
1403638558827829504 7.90142 7.59849 3.05143 -0.30881 0.71341 0.44108 0.44847
1403638558927829504 8.02526 7.61038 3.07692 -0.30946 0.71030 0.44046 0.45355
1403638559027829504 8.15070 7.62683 3.09589 -0.30991 0.70523 0.44032 0.46122
1403638559127829504 8.27822 7.64658 3.10812 -0.31081 0.70146 0.44006 0.46658
1403638559227829504 8.40714 7.66813 3.11349 -0.30977 0.69821 0.44165 0.47063
1403638559327829504 8.53578 7.69172 3.11212 -0.30791 0.69587 0.44372 0.47335
1403638559427829504 8.66293 7.71377 3.10733 -0.30373 0.69326 0.44740 0.47641
1403638559527829504 8.78902 7.73708 3.09710 -0.30238 0.69139 0.44890 0.47858
1403638559627829504 8.90972 7.76276 3.08065 -0.30266 0.68966 0.44951 0.48032
1403638559727829504 9.02716 7.79004 3.06344 -0.30305 0.68870 0.45012 0.48088
1403638559827829504 9.14104 7.82095 3.05215 -0.30431 0.68924 0.45020 0.47923
1403638559927829504 9.25273 7.85314 3.04570 -0.30450 0.69030 0.44769 0.47993
1403638560027829504 9.36284 7.88665 3.03485 -0.30130 0.69609 0.43823 0.48232
1403638560127829504 9.47465 7.91996 3.01675 -0.29390 0.70495 0.42253 0.48799
1403638560227829504 9.58561 7.95448 2.99205 -0.28219 0.71542 0.40297 0.49614
1403638560327829504 9.69473 7.98734 2.96524 -0.27019 0.72430 0.38012 0.50783
1403638560427829504 9.80189 8.01799 2.93589 -0.25824 0.73219 0.35550 0.52042
1403638560527829504 9.90316 8.04526 2.90243 -0.24551 0.74013 0.32990 0.53207
1403638560627829504 10.00032 8.06650 2.86339 -0.23530 0.75022 0.30184 0.53916
1403638560727829504 10.09126 8.08393 2.82360 -0.22794 0.76024 0.27418 0.54304
1403638560827829504 10.18059 8.09319 2.78889 -0.21747 0.76741 0.25103 0.54843
1403638560927829504 10.26663 8.09525 2.76228 -0.20699 0.77293 0.22822 0.55466
1403638561027829504 10.35182 8.08999 2.74372 -0.19387 0.77518 0.20837 0.56400
1403638561127829504 10.43342 8.07657 2.73314 -0.18208 0.77740 0.18901 0.57164
1403638561227829504 10.51092 8.05564 2.72953 -0.17283 0.77832 0.17342 0.57817
1403638561327829504 10.58240 8.02977 2.73305 -0.16656 0.77976 0.16359 0.58092
1403638561427829504 10.64785 7.99660 2.73412 -0.15453 0.78585 0.16394 0.57593
1403638561527829504 10.71035 7.95975 2.73070 -0.14198 0.79036 0.16892 0.57153
1403638561627829504 10.76615 7.91774 2.72336 -0.13522 0.79307 0.17270 0.56827
1403638561727829504 10.81935 7.87525 2.71152 -0.13372 0.79388 0.17518 0.56673
1403638561827829504 10.87024 7.83176 2.69453 -0.13229 0.79337 0.17717 0.56716
1403638561927829504 10.92087 7.78647 2.67033 -0.12801 0.79329 0.17602 0.56861
1403638562027829504 10.97277 7.74167 2.64552 -0.12264 0.79461 0.16870 0.57017
1403638562127829504 11.01551 7.69419 2.62764 -0.11515 0.79647 0.15896 0.57194
1403638562227829504 11.05658 7.64701 2.61276 -0.10818 0.79765 0.15088 0.57383
1403638562327829504 11.09344 7.60046 2.60393 -0.10217 0.79863 0.14120 0.57604
1403638562427829504 11.12424 7.54979 2.60019 -0.09544 0.79974 0.12761 0.57881
1403638562527829504 11.15376 7.50207 2.60190 -0.08642 0.80249 0.10983 0.58007
1403638562627829504 11.18086 7.44978 2.61053 -0.07787 0.80421 0.08741 0.58271
1403638562727829504 11.20530 7.39688 2.62145 -0.06893 0.80638 0.06251 0.58403
1403638562827829504 11.22704 7.34092 2.63001 -0.05770 0.80777 0.03700 0.58550
1403638562927829504 11.24323 7.28119 2.63269 -0.04405 0.80886 0.01308 0.58620
1403638563027829504 11.25709 7.21997 2.63043 -0.03199 0.80879 -0.00969 0.58714
1403638563127829504 11.26610 7.15568 2.62373 -0.02496 0.80890 -0.03374 0.58644
1403638563227829504 11.26922 7.08518 2.61312 -0.01170 0.80696 -0.04945 0.58841
1403638563327829504 11.27147 7.01047 2.59853 -0.00200 0.80231 -0.06004 0.59388
1403638563427829504 11.26567 6.93203 2.58119 0.00194 0.79365 -0.06811 0.60455
1403638563527829504 11.25330 6.84920 2.55873 0.00545 0.79147 -0.07062 0.60709
1403638563627829504 11.23219 6.76100 2.53979 0.00895 0.79419 -0.06969 0.60360
1403638563727829504 11.20118 6.66879 2.52849 0.00644 0.79707 -0.07025 0.59976
1403638563827829504 11.16588 6.57111 2.52471 0.00259 0.79849 -0.07014 0.59791
1403638563927829504 11.12594 6.46910 2.52865 -0.00088 0.79796 -0.06887 0.59876
1403638564027829504 11.08160 6.35967 2.53529 -0.00494 0.79766 -0.06643 0.59942
1403638564127829504 11.02810 6.24765 2.53649 -0.00831 0.79756 -0.06302 0.59988
1403638564227829504 10.96998 6.12865 2.53293 -0.00883 0.79691 -0.05747 0.60129
1403638564327829504 10.91167 5.99948 2.53239 -0.00719 0.79600 -0.05084 0.60311
1403638564427829504 10.83994 5.87300 2.53784 -0.00752 0.79407 -0.04687 0.60597
1403638564527829504 10.77231 5.73483 2.55006 -0.00908 0.79424 -0.04438 0.60592
1403638564627829504 10.68599 5.59997 2.56192 -0.01326 0.79639 -0.04525 0.60295
1403638564727829504 10.60299 5.45620 2.57260 -0.01853 0.79784 -0.04837 0.60064
1403638564827829504 10.50610 5.31087 2.57466 -0.02141 0.79804 -0.05137 0.60003
1403638564927829504 10.41046 5.15506 2.56490 -0.02384 0.79724 -0.05380 0.60079
1403638565027829504 10.30266 4.99808 2.53482 -0.02515 0.79720 -0.05467 0.60071
1403638565127829504 10.19788 4.82885 2.49154 -0.02628 0.79791 -0.05529 0.59966
1403638565227829504 10.08471 4.65875 2.43383 -0.02598 0.79875 -0.05474 0.59861
1403638565327829504 9.97220 4.47921 2.37458 -0.02377 0.79968 -0.05392 0.59752
1403638565427829504 9.85422 4.29972 2.31200 -0.02145 0.80058 -0.05273 0.59651
1403638565527829504 9.73305 4.11555 2.25279 -0.01594 0.79857 -0.05114 0.59951
1403638565627829504 9.60567 3.92998 2.20409 -0.00743 0.79703 -0.04764 0.60201
1403638565727829504 9.47330 3.74310 2.16283 0.00474 0.79814 -0.04129 0.60104
1403638565827829504 9.33470 3.55898 2.12843 0.01102 0.80109 -0.03881 0.59718
1403638565927829504 9.19140 3.37502 2.09968 0.01702 0.80346 -0.03685 0.59397
1403638566027829504 9.04495 3.19565 2.06902 0.01779 0.80462 -0.03792 0.59232
1403638566127829504 8.89499 3.01844 2.03020 0.01815 0.80473 -0.03836 0.59212
1403638566227829504 8.74298 2.84364 1.98189 0.01842 0.80438 -0.03818 0.59260
1403638566327829504 8.59094 2.67145 1.92615 0.01769 0.80539 -0.03813 0.59125
1403638566427829504 8.43962 2.50607 1.86484 0.01733 0.80522 -0.03696 0.59156
1403638566527829504 8.28885 2.34127 1.79718 0.01519 0.80554 -0.03630 0.59123
1403638566627829504 8.13887 2.18215 1.72271 0.01320 0.81213 -0.03519 0.58227
1403638566727829504 7.98976 2.02531 1.64049 0.01188 0.82445 -0.03414 0.56477
1403638566827829504 7.85376 1.87832 1.55476 0.01224 0.83421 -0.03118 0.55043
1403638566927829504 7.72179 1.73477 1.46669 0.01202 0.84044 -0.02879 0.54100
1403638567027829504 7.60125 1.59918 1.37849 0.01086 0.84035 -0.02762 0.54123
1403638567127829504 7.48465 1.45794 1.29442 0.01268 0.82782 -0.02505 0.56029
1403638567227829504 7.37527 1.31887 1.20416 0.01440 0.81653 -0.02340 0.57665
1403638567327829504 7.27206 1.18873 1.10885 0.01761 0.81100 -0.02216 0.58436
1403638567427829504 7.16058 1.05452 1.01137 0.01988 0.81051 -0.02241 0.58496
1403638567527829504 7.06390 0.93427 0.92038 0.02151 0.81324 -0.02353 0.58106
1403638567627829504 6.96290 0.81535 0.83719 0.02368 0.81718 -0.02470 0.57536
1403638567727829504 6.86734 0.70518 0.76438 0.02637 0.82046 -0.02539 0.57053
1403638567827829504 6.77616 0.59862 0.70181 0.02838 0.82456 -0.02586 0.56447
1403638567927829504 6.69461 0.49764 0.64721 0.02612 0.82618 -0.02848 0.56208
1403638568027829504 6.61974 0.40004 0.60003 0.02733 0.82697 -0.02855 0.56086
1403638568127829504 6.54604 0.30382 0.56302 0.03005 0.82623 -0.02690 0.56189
1403638568227829504 6.47553 0.21328 0.53324 0.03213 0.82561 -0.02574 0.56273
1403638568327829504 6.40249 0.12617 0.50302 0.03309 0.82574 -0.02586 0.56249
1403638568427829504 6.33901 0.04582 0.47458 0.03313 0.82704 -0.02626 0.56055
1403638568527829504 6.27457 -0.03132 0.43737 0.03400 0.82780 -0.02587 0.55940
1403638568627829504 6.21663 -0.10267 0.40311 0.03453 0.82943 -0.02542 0.55697
1403638568727829504 6.16122 -0.17064 0.36194 0.03627 0.83079 -0.02386 0.55489
1403638568827829504 6.10885 -0.23327 0.32969 0.03430 0.83070 -0.02496 0.55510
1403638568927829504 6.06473 -0.28909 0.30375 0.03540 0.83067 -0.02435 0.55511
1403638569027829504 6.01659 -0.34362 0.28772 0.03543 0.82975 -0.02438 0.55648
1403638569127829504 5.98230 -0.39027 0.27652 0.03710 0.82987 -0.02321 0.55624
1403638569227829504 5.94051 -0.43470 0.26967 0.03915 0.83131 -0.02235 0.55397
1403638569327829504 5.90922 -0.47373 0.25882 0.04033 0.83200 -0.02218 0.55286
1403638569427829504 5.87792 -0.50747 0.24282 0.04139 0.83098 -0.02174 0.55433
1403638569527829504 5.86155 -0.53243 0.22404 0.04150 0.82977 -0.02146 0.55615
1403638569627829504 5.84754 -0.55320 0.20571 0.04109 0.82836 -0.02209 0.55825
1403638569727829504 5.83559 -0.56889 0.19359 0.04201 0.82742 -0.02174 0.55959
1403638569827829504 5.82121 -0.58257 0.19060 0.04187 0.82676 -0.02132 0.56058
1403638569927829504 5.81615 -0.58778 0.19239 0.04297 0.82494 -0.02063 0.56321
1403638570027829504 5.81312 -0.58676 0.19328 0.04081 0.82373 -0.02186 0.56509
1403638570127829504 5.81353 -0.58025 0.18951 0.03730 0.82385 -0.02420 0.56506
1403638570227829504 5.81980 -0.56922 0.18288 0.03124 0.82341 -0.02758 0.56591
1403638570327829504 5.82225 -0.55704 0.16921 0.02248 0.82309 -0.03393 0.56645
1403638570427829504 5.82416 -0.54639 0.15006 0.01883 0.82273 -0.04406 0.56640
1403638570527829504 5.82682 -0.53767 0.12590 0.01263 0.82144 -0.06614 0.56630
1403638570627829504 5.83153 -0.53537 0.09246 0.00854 0.81768 -0.09524 0.56767
1403638570727829504 5.83183 -0.54311 0.06169 0.01404 0.80973 -0.12277 0.57364
1403638570827829504 5.82808 -0.56206 0.02934 0.02349 0.79722 -0.14972 0.58435
1403638570927829504 5.82066 -0.59031 -0.00760 0.03759 0.78739 -0.17246 0.59064
1403638571027829504 5.80564 -0.62918 -0.04865 0.05269 0.78059 -0.19346 0.59201
1403638571127829504 5.78146 -0.67650 -0.09360 0.07284 0.78164 -0.20944 0.58299
1403638571227829504 5.74776 -0.73194 -0.13046 0.09426 0.78401 -0.21811 0.57348
1403638571327829504 5.70843 -0.79334 -0.15723 0.11250 0.78440 -0.22286 0.56780
1403638571427829504 5.66309 -0.85849 -0.17371 0.12028 0.78222 -0.22883 0.56683
1403638571527829504 5.61377 -0.92875 -0.18029 0.12601 0.77928 -0.23198 0.56836
1403638571627829504 5.56005 -1.00000 -0.19007 0.13255 0.77796 -0.23880 0.56585
1403638571727829504 5.50407 -1.07446 -0.20550 0.13941 0.77788 -0.25038 0.55927
1403638571827829504 5.44551 -1.15241 -0.22670 0.14756 0.77645 -0.26562 0.55209
1403638571927829504 5.38508 -1.23474 -0.24893 0.15479 0.77161 -0.28478 0.54732
1403638572027829504 5.32229 -1.32159 -0.26518 0.16356 0.76509 -0.30419 0.54347
1403638572127829504 5.25512 -1.41168 -0.27288 0.17451 0.75765 -0.32210 0.54015
1403638572227829504 5.18199 -1.50392 -0.27288 0.19104 0.75203 -0.33685 0.53337
1403638572327829504 5.10674 -1.59791 -0.26993 0.20427 0.74766 -0.35461 0.52300
1403638572427829504 5.03176 -1.69641 -0.27254 0.21785 0.74274 -0.37132 0.51283
1403638572527829504 4.95763 -1.79792 -0.27457 0.23039 0.73926 -0.38187 0.50457
1403638572627829504 4.88573 -1.90273 -0.27944 0.23889 0.73597 -0.38845 0.50039
1403638572727829504 4.81573 -2.01126 -0.27850 0.24597 0.73563 -0.39102 0.49543
1403638572827829504 4.74914 -2.12382 -0.26991 0.25174 0.73774 -0.39020 0.49001
1403638572927829504 4.68817 -2.24026 -0.25413 0.25309 0.73963 -0.38963 0.48691
1403638573027829504 4.63170 -2.35942 -0.23826 0.25346 0.74209 -0.38849 0.48387
1403638573127829504 4.58080 -2.48153 -0.22892 0.25222 0.74433 -0.38690 0.48236
1403638573227829504 4.53169 -2.60763 -0.22514 0.25062 0.74527 -0.38502 0.48324
1403638573327829504 4.48951 -2.73343 -0.21777 0.24914 0.74635 -0.38299 0.48396
1403638573427829504 4.44733 -2.86370 -0.21202 0.25014 0.74739 -0.38329 0.48158
1403638573527829504 4.41487 -2.99611 -0.19842 0.25316 0.74720 -0.38335 0.48026
1403638573627829504 4.38546 -3.13031 -0.17538 0.25445 0.74683 -0.38375 0.47983
1403638573727829504 4.36134 -3.26509 -0.14754 0.25882 0.74613 -0.38566 0.47705
1403638573827829504 4.34308 -3.40228 -0.11549 0.26969 0.73897 -0.38970 0.47889
1403638573927829504 4.33207 -3.53883 -0.08853 0.28396 0.72642 -0.39842 0.48264
1403638574027829504 4.32621 -3.67388 -0.06850 0.29182 0.70808 -0.41666 0.48975
1403638574127829504 4.32048 -3.80639 -0.05456 0.29757 0.68648 -0.43965 0.49690
1403638574227829504 4.31308 -3.93504 -0.04520 0.30494 0.66530 -0.46333 0.49970
1403638574327829504 4.30094 -4.05994 -0.04045 0.31569 0.64961 -0.48456 0.49351
1403638574427829504 4.28189 -4.18288 -0.03905 0.32953 0.63773 -0.50292 0.48144
1403638574527829504 4.25821 -4.30314 -0.03940 0.34119 0.62648 -0.51998 0.46981
1403638574627829504 4.23125 -4.41833 -0.03421 0.35185 0.61692 -0.53059 0.46269
1403638574727829504 4.19823 -4.53252 -0.02011 0.36399 0.61398 -0.53471 0.45234
1403638574827829504 4.16746 -4.64395 -0.00410 0.37062 0.61606 -0.53759 0.44058
1403638574927829504 4.13477 -4.75322 0.01124 0.36929 0.61829 -0.54228 0.43275
1403638575027829504 4.10382 -4.85828 0.02012 0.36545 0.61907 -0.54603 0.43019
1403638575127829504 4.07148 -4.96420 0.02437 0.35814 0.61654 -0.55072 0.43396
1403638575227829504 4.03726 -5.07161 0.02627 0.35379 0.61444 -0.55254 0.43817
1403638575327829504 3.99862 -5.18156 0.02349 0.35016 0.61512 -0.55304 0.43950
1403638575427829504 3.95786 -5.29232 0.01590 0.34665 0.62029 -0.55266 0.43548
1403638575527829504 3.91357 -5.40752 0.00602 0.34509 0.62507 -0.55047 0.43264
1403638575627829504 3.86898 -5.52291 -0.00096 0.34723 0.63188 -0.54595 0.42674
1403638575727829504 3.82335 -5.64682 -0.00050 0.34958 0.63814 -0.54142 0.42122
1403638575827829504 3.77972 -5.77484 0.00822 0.35032 0.64405 -0.53887 0.41485
1403638575927829504 3.73893 -5.90668 0.02782 0.34931 0.64592 -0.53776 0.41422
1403638576027829504 3.70178 -6.04274 0.05577 0.34944 0.64637 -0.53642 0.41515
1403638576127829504 3.66867 -6.17951 0.09036 0.35028 0.64610 -0.53574 0.41575
1403638576227829504 3.63685 -6.32840 0.12488 0.35265 0.64530 -0.53397 0.41725
1403638576327829504 3.60943 -6.48010 0.15456 0.35742 0.64633 -0.53083 0.41560
1403638576427829504 3.58603 -6.63502 0.17808 0.36082 0.64843 -0.52872 0.41208
1403638576527829504 3.56697 -6.79273 0.19570 0.36613 0.65226 -0.52497 0.40609
1403638576627829504 3.55606 -6.94963 0.21002 0.36971 0.65507 -0.52261 0.40134
1403638576727829504 3.55415 -7.11131 0.21868 0.37293 0.65446 -0.52003 0.40271
1403638576827829504 3.56085 -7.27056 0.22560 0.37786 0.65040 -0.51657 0.40908
1403638576927829504 3.57411 -7.43072 0.22604 0.37803 0.64484 -0.51672 0.41747
1403638577027829504 3.59311 -7.59382 0.22256 0.37393 0.64018 -0.51962 0.42467
1403638577127829504 3.61664 -7.75051 0.22256 0.37071 0.63652 -0.52225 0.42973
1403638577227829504 3.64346 -7.90441 0.23050 0.36840 0.63492 -0.52408 0.43185
1403638577327829504 3.67243 -8.05903 0.24372 0.37225 0.63734 -0.52120 0.42844
1403638577427829504 3.70602 -8.21094 0.26779 0.37834 0.64201 -0.51630 0.42203
1403638577527829504 3.74432 -8.35959 0.28963 0.37885 0.64262 -0.51569 0.42140
1403638577627829504 3.78934 -8.50817 0.30795 0.37602 0.64173 -0.51767 0.42286
1403638577727829504 3.83782 -8.65042 0.31808 0.37377 0.64148 -0.51908 0.42350
1403638577827829504 3.88994 -8.79556 0.32270 0.37134 0.64124 -0.52025 0.42456
1403638577927829504 3.94438 -8.93598 0.32136 0.37136 0.64146 -0.51948 0.42515
1403638578027829504 4.00317 -9.08074 0.32376 0.37220 0.64173 -0.51802 0.42580
1403638578127829504 4.06643 -9.21613 0.32868 0.36978 0.64015 -0.51880 0.42933
1403638578227829504 4.13218 -9.36127 0.34491 0.36173 0.63508 -0.52385 0.43751
1403638578327829504 4.19675 -9.49489 0.36134 0.35585 0.63159 -0.52782 0.44258
1403638578427829504 4.25913 -9.62752 0.37190 0.35577 0.63095 -0.52824 0.44305
1403638578527829504 4.32139 -9.76515 0.38009 0.35575 0.63041 -0.52878 0.44320
1403638578627829504 4.37783 -9.88888 0.38301 0.35705 0.62945 -0.52858 0.44375
1403638578727829504 4.43560 -10.02384 0.38352 0.36090 0.63105 -0.52622 0.44115
1403638578827829504 4.49243 -10.15499 0.37982 0.36609 0.63475 -0.52257 0.43588
1403638578927829504 4.54583 -10.26781 0.37624 0.37032 0.63594 -0.51968 0.43403
1403638579027829504 4.60606 -10.39607 0.37414 0.37210 0.63708 -0.51758 0.43334
1403638579127829504 4.66619 -10.51366 0.38257 0.37249 0.63742 -0.51647 0.43383
1403638579227829504 4.73267 -10.63760 0.39884 0.37231 0.63737 -0.51623 0.43433
1403638579327829504 4.80103 -10.75858 0.41880 0.36913 0.63582 -0.51791 0.43732
1403638579427829504 4.86208 -10.86021 0.43279 0.36160 0.63119 -0.52302 0.44418
1403638579527829504 4.92897 -10.97696 0.44228 0.35658 0.62802 -0.52532 0.44997
1403638579627829504 4.99009 -11.07968 0.45163 0.35854 0.62575 -0.51710 0.46097
1403638579727829504 5.05420 -11.19041 0.45498 0.35967 0.63161 -0.50098 0.46982
1403638579827829504 5.11143 -11.28264 0.45014 0.35318 0.64703 -0.48091 0.47470
1403638579927829504 5.17389 -11.37326 0.44232 0.33884 0.66789 -0.45793 0.47896
1403638580027829504 5.23558 -11.45783 0.42939 0.32261 0.68552 -0.42826 0.49253
1403638580127829504 5.29835 -11.53816 0.41587 0.30590 0.69872 -0.39198 0.51436
1403638580227829504 5.36083 -11.61285 0.39771 0.28251 0.71470 -0.35547 0.53201
1403638580327829504 5.41224 -11.66745 0.36798 0.25357 0.73231 -0.32392 0.54268
1403638580427829504 5.47246 -11.73113 0.34283 0.22360 0.74610 -0.30380 0.54867
1403638580527829504 5.53748 -11.80846 0.31821 0.20266 0.75477 -0.29002 0.55239
1403638580627829504 5.58236 -11.85965 0.28576 0.18659 0.76304 -0.27637 0.55369
1403638580727829504 5.62052 -11.90631 0.25533 0.17290 0.77396 -0.26072 0.55056
1403638580827829504 5.65473 -11.95003 0.23330 0.16579 0.78207 -0.24786 0.54722
1403638580927829504 5.68827 -11.99593 0.22110 0.16175 0.78632 -0.23985 0.54591
1403638581027829504 5.72232 -12.04072 0.21979 0.15754 0.78745 -0.23802 0.54630
1403638581127829504 5.75248 -12.08361 0.22832 0.15850 0.78791 -0.23625 0.54614
1403638581227829504 5.78342 -12.12749 0.24135 0.16113 0.78808 -0.23560 0.54540
1403638581327829504 5.81477 -12.17153 0.25066 0.16495 0.78771 -0.23620 0.54454
1403638581427829504 5.83705 -12.20204 0.27164 0.16829 0.78581 -0.23710 0.54586
1403638581527829504 5.86210 -12.23286 0.29674 0.17095 0.78446 -0.23948 0.54593
1403638581627829504 5.88644 -12.26069 0.32308 0.17483 0.78211 -0.24046 0.54765
1403638581727829504 5.91418 -12.28795 0.34502 0.17956 0.77739 -0.24028 0.55289
1403638581827829504 5.94391 -12.31554 0.35640 0.18127 0.77573 -0.24170 0.55404
1403638581927829504 5.97259 -12.34156 0.36868 0.18462 0.76898 -0.24123 0.56249
1403638582027829504 6.00087 -12.36429 0.37231 0.18689 0.76554 -0.24047 0.56673
1403638582127829504 6.02558 -12.38527 0.38191 0.18477 0.77183 -0.24285 0.55782
1403638582227829504 6.04841 -12.40038 0.39872 0.18183 0.77787 -0.24530 0.54926
1403638582327829504 6.07239 -12.41584 0.42819 0.18391 0.77641 -0.24348 0.55143
1403638582427829504 6.09599 -12.43095 0.46960 0.18544 0.77397 -0.24190 0.55504
1403638582527829504 6.11993 -12.43937 0.51656 0.18645 0.77286 -0.24088 0.55669
1403638582627829504 6.14247 -12.45058 0.57231 0.18676 0.77277 -0.24023 0.55699
1403638582727829504 6.16266 -12.44861 0.63827 0.18586 0.77534 -0.24119 0.55329
1403638582827829504 6.19314 -12.46176 0.70372 0.18504 0.77673 -0.24201 0.55126
1403638582927829504 6.21300 -12.45415 0.77184 0.18472 0.77800 -0.24316 0.54905
1403638583027829504 6.23948 -12.44722 0.83117 0.18381 0.78074 -0.24476 0.54476
1403638583127829504 6.25955 -12.43467 0.88086 0.18323 0.78278 -0.24590 0.54150
1403638583227829504 6.28114 -12.41988 0.92223 0.18225 0.78379 -0.24730 0.53971
1403638583327829504 6.29977 -12.41164 0.94083 0.18231 0.78370 -0.24687 0.54003
1403638583427829504 6.32224 -12.39108 0.97214 0.18203 0.78403 -0.24714 0.53952
1403638583527829504 6.34715 -12.37025 1.00105 0.18173 0.78461 -0.24723 0.53874
1403638583627829504 6.37336 -12.34722 1.03677 0.18255 0.78452 -0.24665 0.53886
1403638583727829504 6.40145 -12.32382 1.07702 0.18380 0.78442 -0.24589 0.53893
1403638583827829504 6.42978 -12.29843 1.11241 0.18434 0.78426 -0.24533 0.53924
1403638583927829504 6.45014 -12.27171 1.11475 0.18379 0.78345 -0.24508 0.54071
1403638584027829504 6.48302 -12.24151 1.14350 0.18494 0.78277 -0.24436 0.54162
1403638584127829504 6.51472 -12.21074 1.16223 0.18940 0.77587 -0.24098 0.55144
1403638584227829504 6.53951 -12.17633 1.16220 0.19361 0.76624 -0.23725 0.56489
1403638584327829504 6.56413 -12.13332 1.16480 0.19512 0.76036 -0.23602 0.57277
1403638584427829504 6.58408 -12.08370 1.16137 0.19504 0.75936 -0.23614 0.57408
1403638584527829504 6.59767 -12.02785 1.15350 0.19451 0.75881 -0.23659 0.57480
1403638584627829504 6.60999 -11.96895 1.15901 0.19415 0.76003 -0.23639 0.57340
1403638584727829504 6.61534 -11.90473 1.16633 0.19192 0.76369 -0.23754 0.56878
1403638584827829504 6.61505 -11.82941 1.17317 0.18730 0.77165 -0.24088 0.55808
1403638584927829504 6.61557 -11.75563 1.19252 0.18208 0.77769 -0.24502 0.54955
1403638585027829504 6.60843 -11.67891 1.19968 0.18027 0.78032 -0.24645 0.54577
1403638585127829504 6.60761 -11.60390 1.20267 0.17900 0.78041 -0.24771 0.54549
1403638585227829504 6.61075 -11.52900 1.20529 0.17898 0.77932 -0.24795 0.54695
1403638585327829504 6.61254 -11.45578 1.19991 0.18021 0.77687 -0.24701 0.55045
1403638585427829504 6.61411 -11.38076 1.19280 0.18001 0.77633 -0.24681 0.55135
1403638585527829504 6.60936 -11.30518 1.18508 0.18016 0.77723 -0.24669 0.55009
1403638585627829504 6.61294 -11.23018 1.18784 0.17931 0.77929 -0.24683 0.54738
1403638585727829504 6.61374 -11.15374 1.19862 0.17791 0.78326 -0.24770 0.54176
1403638585827829504 6.60977 -11.07786 1.21654 0.17500 0.78782 -0.24979 0.53509
1403638585927829504 6.61937 -11.00469 1.24330 0.17192 0.79015 -0.25245 0.53139
1403638586027829504 6.62379 -10.93234 1.27798 0.17220 0.78734 -0.25282 0.53528
1403638586127829504 6.63754 -10.86114 1.30705 0.17462 0.78357 -0.25253 0.54015
1403638586227829504 6.65213 -10.79080 1.33024 0.17659 0.78122 -0.25149 0.54339
1403638586327829504 6.64915 -10.70389 1.34479 0.18014 0.77773 -0.24974 0.54801
1403638586427829504 6.66274 -10.63511 1.35817 0.18795 0.77519 -0.24486 0.55117
1403638586527829504 6.66589 -10.55393 1.36260 0.19473 0.77402 -0.24076 0.55227
1403638586627829504 6.67738 -10.47907 1.36404 0.19222 0.77459 -0.24263 0.55154
1403638586727829504 6.68640 -10.39502 1.35820 0.18885 0.77445 -0.24529 0.55173
1403638586827829504 6.69793 -10.31649 1.34844 0.18576 0.77361 -0.24730 0.55305
1403638586927829504 6.70695 -10.23151 1.32909 0.18581 0.77294 -0.24686 0.55417
1403638587027829504 6.71471 -10.14822 1.30893 0.18500 0.77277 -0.24716 0.55455
1403638587127829504 6.71974 -10.05908 1.28887 0.18426 0.77286 -0.24778 0.55438
1403638587227829504 6.72476 -9.97032 1.27892 0.18402 0.77513 -0.24727 0.55151
1403638587327829504 6.73031 -9.88282 1.27597 0.18366 0.77671 -0.24781 0.54916
1403638587427829504 6.73312 -9.78889 1.27762 0.18225 0.77724 -0.24890 0.54839
1403638587527829504 6.73791 -9.70010 1.27983 0.18098 0.77699 -0.24995 0.54869
1403638587627829504 6.74042 -9.60658 1.27671 0.18002 0.77684 -0.25128 0.54861
1403638587727829504 6.74347 -9.51690 1.26897 0.18035 0.77667 -0.25126 0.54875
1403638587827829504 6.74719 -9.42907 1.25631 0.17961 0.77619 -0.25246 0.54913
1403638587927829504 6.74930 -9.33302 1.23761 0.17927 0.77572 -0.25302 0.54964
1403638588027829504 6.75333 -9.24420 1.21557 0.17917 0.77506 -0.25307 0.55058
1403638588127829504 6.75650 -9.15778 1.18994 0.18247 0.77542 -0.25088 0.54999
1403638588227829504 6.75942 -9.06964 1.16344 0.18883 0.77641 -0.24621 0.54856
1403638588327829504 6.76594 -8.98037 1.13975 0.18966 0.77706 -0.24534 0.54774
1403638588427829504 6.77108 -8.88762 1.12516 0.18954 0.77696 -0.24525 0.54796
1403638588527829504 6.78142 -8.79288 1.11834 0.18745 0.77673 -0.24676 0.54833
1403638588627829504 6.78277 -8.69404 1.12017 0.18518 0.77605 -0.24797 0.54951
1403638588727829504 6.78506 -8.59412 1.12835 0.18258 0.77436 -0.24989 0.55189
1403638588827829504 6.78809 -8.49624 1.13708 0.18180 0.77373 -0.25065 0.55268
1403638588927829504 6.79155 -8.39864 1.14213 0.18058 0.77354 -0.25212 0.55268
1403638589027829504 6.78988 -8.29848 1.13745 0.18048 0.77350 -0.25284 0.55245
1403638589127829504 6.79024 -8.19781 1.12836 0.18199 0.77368 -0.25245 0.55187
1403638589227829504 6.78891 -8.09867 1.11334 0.18212 0.77342 -0.25228 0.55227
1403638589327829504 6.78456 -7.99809 1.09369 0.18233 0.77270 -0.25239 0.55316
1403638589427829504 6.78283 -7.89799 1.08031 0.18174 0.77280 -0.25266 0.55310
1403638589527829504 6.78255 -7.79787 1.07121 0.18159 0.77321 -0.25269 0.55256
1403638589627829504 6.77452 -7.69596 1.06797 0.18197 0.77302 -0.25247 0.55279
1403638589727829504 6.76637 -7.59621 1.07521 0.18125 0.77473 -0.25330 0.55025
1403638589827829504 6.76091 -7.49849 1.09006 0.18089 0.77564 -0.25425 0.54865
1403638589927829504 6.75137 -7.39725 1.09333 0.18206 0.77607 -0.25430 0.54763
1403638590027829504 6.74204 -7.29841 1.09143 0.18108 0.77562 -0.25572 0.54793
1403638590127829504 6.73364 -7.20130 1.09191 0.18176 0.77516 -0.25602 0.54821
1403638590227829504 6.72442 -7.10250 1.08077 0.18218 0.77431 -0.25631 0.54914
1403638590327829504 6.71438 -7.00405 1.06587 0.18220 0.77399 -0.25654 0.54949
1403638590427829504 6.70774 -6.91464 1.05385 0.18253 0.77515 -0.25670 0.54767
1403638590527829504 6.69396 -6.81870 1.03298 0.18137 0.77514 -0.25752 0.54767
1403638590627829504 6.68184 -6.72513 1.01953 0.18043 0.77719 -0.25803 0.54483
1403638590727829504 6.67253 -6.63340 1.01579 0.17827 0.77819 -0.25948 0.54342
1403638590827829504 6.66536 -6.54982 1.02204 0.17842 0.77930 -0.25927 0.54188
1403638590927829504 6.65835 -6.46199 1.03214 0.17752 0.77985 -0.25995 0.54106
1403638591027829504 6.64960 -6.37116 1.04666 0.17636 0.78060 -0.26118 0.53977
1403638591127829504 6.63988 -6.28154 1.05949 0.17562 0.78323 -0.26197 0.53580
1403638591227829504 6.63187 -6.19542 1.06576 0.17390 0.78819 -0.26361 0.52823
1403638591327829504 6.62767 -6.11204 1.06545 0.17042 0.79379 -0.26633 0.51954
1403638591427829504 6.63111 -6.03987 1.05836 0.16784 0.79700 -0.26840 0.51438
1403638591527829504 6.63540 -5.96860 1.04674 0.16490 0.79952 -0.27069 0.51019
1403638591627829504 6.64696 -5.90490 1.03197 0.16277 0.80154 -0.27219 0.50691
1403638591727829504 6.66516 -5.84771 1.01433 0.16263 0.80038 -0.27279 0.50846
1403638591827829504 6.69132 -5.79921 0.99771 0.16417 0.79795 -0.27161 0.51240
1403638591927829504 6.72327 -5.75841 0.98545 0.16551 0.79528 -0.27023 0.51683
1403638592027829504 6.76086 -5.74137 0.98664 0.16596 0.79267 -0.26957 0.52102
1403638592127829504 6.80230 -5.72532 0.99414 0.16610 0.79117 -0.26798 0.52407
1403638592227829504 6.85032 -5.70838 1.01197 0.16229 0.78655 -0.26459 0.53385
1403638592327829504 6.89344 -5.70051 1.03852 0.15543 0.78191 -0.25758 0.54600
1403638592427829504 6.93479 -5.68801 1.07192 0.14445 0.78164 -0.24573 0.55479
1403638592527829504 6.97629 -5.68055 1.11223 0.13396 0.78705 -0.23122 0.55601
1403638592627829504 7.01500 -5.67842 1.16085 0.12713 0.79461 -0.21815 0.55213
1403638592727829504 7.05243 -5.67781 1.21410 0.12133 0.80196 -0.20882 0.54639
1403638592827829504 7.09093 -5.68284 1.26052 0.11597 0.80837 -0.20350 0.54007
1403638592927829504 7.13080 -5.68831 1.30362 0.11404 0.81187 -0.19936 0.53677
1403638593027829504 7.17349 -5.69822 1.33887 0.11304 0.81328 -0.19689 0.53576
1403638593127829504 7.22017 -5.71546 1.37013 0.11257 0.81338 -0.19578 0.53610
1403638593227829504 7.27091 -5.73725 1.40617 0.11555 0.80999 -0.19374 0.54132
1403638593327829504 7.32380 -5.76237 1.44951 0.12364 0.80741 -0.18901 0.54505
1403638593427829504 7.37830 -5.78565 1.49627 0.13385 0.80285 -0.18344 0.55124
1403638593527829504 7.43301 -5.80945 1.53610 0.13921 0.79913 -0.18152 0.55593
1403638593627829504 7.48901 -5.83106 1.56885 0.14221 0.79720 -0.18128 0.55802
1403638593727829504 7.54476 -5.84754 1.59561 0.14411 0.79529 -0.18093 0.56037
1403638593827829504 7.60136 -5.86071 1.61753 0.14317 0.78897 -0.18185 0.56917
1403638593927829504 7.65119 -5.86606 1.64645 0.13763 0.77975 -0.17951 0.58381
1403638594027829504 7.69590 -5.86918 1.67719 0.12965 0.78218 -0.17674 0.58322
1403638594127829504 7.73289 -5.86909 1.71288 0.12396 0.78812 -0.17384 0.57731
1403638594227829504 7.76723 -5.86743 1.74683 0.12378 0.79299 -0.16894 0.57211
1403638594327829504 7.79820 -5.86284 1.78081 0.12407 0.79327 -0.16464 0.57291
1403638594427829504 7.82727 -5.85636 1.81333 0.12852 0.79194 -0.15832 0.57554
1403638594527829504 7.85321 -5.84508 1.85027 0.12705 0.79165 -0.15711 0.57660
1403638594627829504 7.87369 -5.82959 1.89816 0.12125 0.79216 -0.15961 0.57645
1403638594727829504 7.89027 -5.81422 1.94241 0.11743 0.79268 -0.16255 0.57571
1403638594827829504 7.90498 -5.79577 1.98171 0.11592 0.79300 -0.16431 0.57508
1403638594927829504 7.91429 -5.77379 2.01620 0.11584 0.79382 -0.16540 0.57365
1403638595027829504 7.92241 -5.75438 2.03973 0.11507 0.79533 -0.16701 0.57124
1403638595127829504 7.92510 -5.73123 2.05796 0.11489 0.79623 -0.16818 0.56968
1403638595227829504 7.93179 -5.70972 2.07115 0.11571 0.79669 -0.16854 0.56876
1403638595327829504 7.93828 -5.68789 2.07966 0.11615 0.79678 -0.16880 0.56847
1403638595427829504 7.94485 -5.66695 2.08354 0.11580 0.79662 -0.16966 0.56850
1403638595527829504 7.94435 -5.64702 2.07841 0.11573 0.79722 -0.16965 0.56769
1403638595627829504 7.94291 -5.62711 2.07502 0.11623 0.79785 -0.16891 0.56692
1403638595727829504 7.94084 -5.60567 2.08022 0.12038 0.79841 -0.16589 0.56616
1403638595827829504 7.93731 -5.56945 2.10086 0.12341 0.79919 -0.16439 0.56484
1403638595927829504 7.93196 -5.54498 2.09603 0.12461 0.79893 -0.16381 0.56511
1403638596027829504 7.93235 -5.51756 2.08517 0.12867 0.79873 -0.16117 0.56525
1403638596127829504 7.92811 -5.48495 2.06649 0.13895 0.79990 -0.15431 0.56307
1403638596227829504 7.92775 -5.44675 2.05258 0.15081 0.80195 -0.14566 0.55939
1403638596327829504 7.92598 -5.39644 2.05221 0.16173 0.80312 -0.13761 0.55670
1403638596427829504 7.92605 -5.34153 2.05195 0.16841 0.80307 -0.13207 0.55612
1403638596527829504 7.92905 -5.27175 2.06582 0.17500 0.80287 -0.12659 0.55565
1403638596627829504 7.93873 -5.19225 2.08283 0.18222 0.80339 -0.12078 0.55387
1403638596727829504 7.95183 -5.09402 2.11131 0.18848 0.80404 -0.11600 0.55185
1403638596827829504 7.97086 -4.98215 2.14153 0.19259 0.80366 -0.11250 0.55172
1403638596927829504 7.99027 -4.85221 2.18216 0.19493 0.80260 -0.11063 0.55280
1403638597027829504 8.01768 -4.70716 2.21682 0.19663 0.80155 -0.11057 0.55374
1403638597127829504 8.04708 -4.54727 2.24663 0.19935 0.79988 -0.10954 0.55538
1403638597227829504 8.08332 -4.37010 2.27050 0.19981 0.79775 -0.11079 0.55803
1403638597327829504 8.12501 -4.17827 2.28720 0.19625 0.79560 -0.11453 0.56160
1403638597427829504 8.16804 -3.96996 2.29718 0.19019 0.79345 -0.12020 0.56553
1403638597527829504 8.21127 -3.74941 2.30452 0.17833 0.78891 -0.12923 0.57369
1403638597627829504 8.25174 -3.51853 2.30899 0.16918 0.78545 -0.13670 0.57945
1403638597727829504 8.29046 -3.28166 2.30681 0.16875 0.78461 -0.13744 0.58054
1403638597827829504 8.32739 -3.03897 2.29907 0.17390 0.78731 -0.12773 0.57757
1403638597927829504 8.36197 -2.78663 2.28590 0.17794 0.79008 -0.11644 0.57494
1403638598027829504 8.39559 -2.52403 2.27464 0.17562 0.79113 -0.10996 0.57548
1403638598127829504 8.42973 -2.24887 2.27095 0.16015 0.79165 -0.11396 0.57850
1403638598227829504 8.45876 -1.96419 2.27335 0.13933 0.79257 -0.12369 0.58062
1403638598327829504 8.48605 -1.67679 2.27683 0.12489 0.79506 -0.13107 0.57888
1403638598427829504 8.51262 -1.39082 2.27459 0.11770 0.79705 -0.13462 0.57683
1403638598527829504 8.53516 -1.10562 2.26644 0.11382 0.79870 -0.13450 0.57536
1403638598627829504 8.55532 -0.82205 2.24957 0.10904 0.80198 -0.12948 0.57286
1403638598727829504 8.57561 -0.54124 2.23020 0.10288 0.80391 -0.11919 0.57353
1403638598827829504 8.59428 -0.26225 2.21499 0.09402 0.80518 -0.10651 0.57576
1403638598927829504 8.60927 0.01343 2.20531 0.08473 0.80785 -0.09098 0.57612
1403638599027829504 8.62159 0.28735 2.19954 0.07212 0.80975 -0.07537 0.57742
1403638599127829504 8.63261 0.56056 2.20245 0.06138 0.81108 -0.05727 0.57888
1403638599227829504 8.63796 0.83171 2.20936 0.04997 0.81275 -0.03879 0.57916
1403638599327829504 8.64195 1.10140 2.22258 0.03683 0.81493 -0.02076 0.57801
1403638599427829504 8.64447 1.36865 2.24218 0.02752 0.81794 -0.00441 0.57463
1403638599527829504 8.64671 1.63547 2.26379 0.02060 0.82022 0.00661 0.57163
1403638599627829504 8.64710 1.90036 2.27955 0.01470 0.82194 0.01188 0.56926
1403638599727829504 8.64872 2.16297 2.28551 0.01250 0.82320 0.01504 0.56741
1403638599827829504 8.65303 2.42199 2.28355 0.01136 0.82387 0.01420 0.56649
1403638599927829504 8.65996 2.67979 2.27674 0.00854 0.82508 0.01039 0.56486
1403638600027829504 8.66871 2.93488 2.26531 0.00355 0.82440 0.00386 0.56598
1403638600127829504 8.68054 3.18515 2.25227 -0.00479 0.82641 -0.00556 0.56302
1403638600227829504 8.69514 3.43090 2.23403 -0.01668 0.82910 -0.01725 0.55858
1403638600327829504 8.71291 3.66936 2.21079 -0.02540 0.83071 -0.02687 0.55548
1403638600427829504 8.73652 3.90011 2.18856 -0.03295 0.83186 -0.03528 0.55289
1403638600527829504 8.76324 4.11316 2.17679 -0.03401 0.83257 -0.03812 0.55157
1403638600627829504 8.79418 4.31160 2.17496 -0.03348 0.83393 -0.03947 0.54944
1403638600727829504 8.82984 4.49591 2.18010 -0.03394 0.83612 -0.04065 0.54598
1403638600827829504 8.87237 4.66747 2.19108 -0.03030 0.84017 -0.03753 0.54018
1403638600927829504 8.92134 4.82511 2.20456 -0.01464 0.84349 -0.02518 0.53635
1403638601027829504 8.97629 4.97526 2.21426 -0.00104 0.84447 -0.01407 0.53542
1403638601127829504 9.03981 5.11824 2.21971 0.00569 0.84335 -0.00833 0.53727
1403638601227829504 9.10984 5.25476 2.22017 0.01447 0.84045 -0.00090 0.54170
