1403638524627829504 -0.00805 -0.01409 -0.09027 -0.10229 0.80819 0.12320 0.56673
1403638524727829504 -0.00903 -0.00332 -0.04247 -0.08796 0.80516 0.11192 0.57572
1403638524827829504 -0.00574 0.00397 -0.01324 -0.07503 0.80330 0.10576 0.58129
1403638524927829504 0.00022 0.00616 0.00354 -0.07893 0.80253 0.10517 0.58194
1403638525027829504 0.00256 0.00189 0.00847 -0.08353 0.80019 0.10846 0.58391
1403638525127829504 0.00183 0.00136 -0.01332 -0.07914 0.79754 0.11192 0.58749
1403638525227829504 0.00290 -0.00384 -0.04781 -0.07789 0.79744 0.11709 0.58678
1403638525327829504 0.00015 -0.00374 -0.09919 -0.07794 0.80292 0.12231 0.57818
1403638525427829504 -0.00608 -0.00041 -0.14875 -0.08116 0.81393 0.12645 0.56120
1403638525527829504 -0.00923 0.00166 -0.19488 -0.08851 0.82546 0.12819 0.54254
1403638525627829504 -0.01020 -0.00447 -0.23506 -0.09120 0.83157 0.12722 0.53291
1403638525727829504 -0.00863 -0.00566 -0.26167 -0.08933 0.83275 0.12302 0.53236
1403638525827829504 -0.00218 -0.00359 -0.28166 -0.08517 0.83076 0.11683 0.53753
1403638525927829504 -0.00910 -0.00628 -0.30055 -0.07621 0.82782 0.11342 0.54409
1403638526027829504 -0.01080 -0.01549 -0.30676 -0.06960 0.82823 0.11272 0.54451
1403638526127829504 -0.00984 -0.03560 -0.30424 -0.06607 0.83156 0.10615 0.54118
1403638526227829504 -0.00878 -0.06798 -0.29273 -0.06357 0.83349 0.09667 0.54029
1403638526327829504 -0.00849 -0.09383 -0.28098 -0.05996 0.83158 0.08708 0.54525
1403638526427829504 -0.00431 -0.12826 -0.26746 -0.05762 0.82782 0.07664 0.55274
1403638526527829504 -0.00906 -0.17506 -0.25545 -0.05718 0.82378 0.06435 0.56033
1403638526627829504 -0.00855 -0.23009 -0.24784 -0.05551 0.81917 0.05432 0.56827
1403638526727829504 -0.00903 -0.29930 -0.23894 -0.05087 0.81583 0.04696 0.57413
1403638526827829504 -0.01029 -0.36975 -0.23142 -0.04085 0.81411 0.04327 0.57765
1403638526927829504 -0.01385 -0.43554 -0.22699 -0.03605 0.81575 0.03926 0.57594
1403638527027829504 -0.01680 -0.49783 -0.22520 -0.02948 0.82091 0.02981 0.56952
1403638527127829504 -0.01819 -0.55996 -0.22380 -0.02088 0.82571 0.01517 0.56351
1403638527227829504 -0.01817 -0.60854 -0.21948 -0.01195 0.82630 0.00040 0.56310
1403638527327829504 -0.01705 -0.64289 -0.21430 0.00244 0.82270 -0.01161 0.56835
1403638527427829504 -0.01661 -0.65452 -0.21058 0.01623 0.81838 -0.01838 0.57416
1403638527527829504 -0.01500 -0.64451 -0.21080 0.02290 0.81642 -0.02142 0.57660
1403638527627829504 -0.01158 -0.61063 -0.21197 0.02360 0.81649 -0.02094 0.57650
1403638527727829504 -0.00440 -0.56445 -0.21335 0.02074 0.81673 -0.01472 0.57646
1403638527827829504 0.00567 -0.51003 -0.21293 0.01153 0.81888 -0.00893 0.57378
1403638527927829504 0.01312 -0.45123 -0.20895 -0.00214 0.82104 -0.00444 0.57084
1403638528027829504 0.02250 -0.38978 -0.20745 -0.00805 0.81993 0.00140 0.57241
1403638528127829504 0.03329 -0.33275 -0.20951 -0.01698 0.81854 0.00934 0.57412
1403638528227829504 0.04431 -0.27839 -0.21395 -0.02735 0.81907 0.01877 0.57274
1403638528327829504 0.06351 -0.23186 -0.21860 -0.03775 0.81915 0.02879 0.57162
1403638528427829504 0.09224 -0.19286 -0.22214 -0.04002 0.81749 0.03424 0.57353
1403638528527829504 0.12427 -0.16476 -0.22383 -0.03820 0.81828 0.03433 0.57252
1403638528677829632 0.17185 -0.13484 -0.22526 -0.03872 0.82155 0.02380 0.56832
1403638528777829376 0.19931 -0.12019 -0.22171 -0.03401 0.82114 0.01878 0.56940
1403638528877829632 0.21428 -0.10971 -0.21519 -0.03807 0.82084 0.01135 0.56977
1403638529027829504 0.21273 -0.08983 -0.19162 -0.04620 0.82206 0.00311 0.56752
1403638529127829504 0.18712 -0.07758 -0.17689 -0.03561 0.82263 0.00665 0.56743
1403638529377829632 0.09648 -0.03901 -0.18061 -0.00991 0.82916 0.02149 0.55851
1403638529477829376 0.06162 -0.02334 -0.20258 -0.01034 0.83902 0.02494 0.54343
1403638529727829504 0.01413 0.00010 -0.26224 -0.01042 0.85156 0.03277 0.52312
1403638529827829504 0.00317 0.00727 -0.28352 -0.01326 0.84562 0.03212 0.53265
1403638530077829632 0.01465 0.01543 -0.31754 -0.01365 0.84157 0.03074 0.53909
1403638530177829632 0.02986 0.02078 -0.32767 -0.01215 0.84361 0.02634 0.53618
1403638530277829376 0.04830 0.02198 -0.33592 -0.00970 0.84363 0.02010 0.53646
1403638530627829504 0.09609 0.02525 -0.35927 -0.00617 0.84487 0.00630 0.53490
1403638530727829504 0.06663 -0.00076 -0.38198 -0.00634 0.84835 0.00513 0.52937
1403638530827829504 0.06843 -0.00277 -0.38804 -0.00627 0.85044 0.00477 0.52601
1403638530977829376 0.07423 -0.00420 -0.39584 -0.00952 0.84825 0.00523 0.52948
1403638531077829632 0.06976 -0.00546 -0.39575 -0.00926 0.84464 0.00646 0.53521
1403638531327829504 0.06578 -0.00243 -0.39401 -0.00649 0.83898 0.00886 0.54405
1403638531427829504 0.06695 -0.00247 -0.39462 -0.00554 0.83989 0.00942 0.54265
1403638531527829504 0.06701 -0.00268 -0.39497 -0.00608 0.83928 0.00894 0.54359
1403638531627829504 0.06761 -0.00291 -0.39519 -0.00561 0.83934 0.00999 0.54348
1403638531977829376 0.06766 -0.00264 -0.39633 -0.00557 0.83956 0.00918 0.54316
1403638532077829632 0.06784 -0.00288 -0.39612 -0.00539 0.83971 0.00929 0.54293
1403638532227829504 0.06798 -0.00276 -0.39670 -0.00562 0.83980 0.00895 0.54279
1403638532327829504 0.06798 -0.00265 -0.39684 -0.00547 0.83988 0.00891 0.54268
1403638532477829376 0.06825 -0.00263 -0.39732 -0.00562 0.83990 0.00877 0.54264
1403638532577829632 0.06817 -0.00270 -0.39725 -0.00556 0.83998 0.00872 0.54252
1403638532677829632 0.06827 -0.00272 -0.39748 -0.00552 0.83999 0.00872 0.54251
1403638532777829376 0.06824 -0.00273 -0.39747 -0.00543 0.84003 0.00884 0.54244
1403638532877829632 0.06852 -0.00272 -0.39783 -0.00541 0.84004 0.00882 0.54243
1403638533027829504 0.06862 -0.00272 -0.39816 -0.00549 0.83998 0.00879 0.54251
1403638533127829504 0.06850 -0.00272 -0.39793 -0.00546 0.84004 0.00876 0.54243
1403638533277829376 0.06875 -0.00272 -0.39848 -0.00546 0.84000 0.00871 0.54248
1403638533377829632 0.06872 -0.00272 -0.39830 -0.00539 0.84002 0.00876 0.54246
1403638533677829632 0.06896 -0.00270 -0.39905 -0.00551 0.83993 0.00864 0.54260
1403638533777829376 0.06890 -0.00274 -0.39874 -0.00548 0.83996 0.00866 0.54255
1403638533877829632 0.06896 -0.00275 -0.39876 -0.00571 0.83996 0.00893 0.54254
1403638533977829376 0.06875 -0.00265 -0.39866 -0.00549 0.83997 0.00865 0.54254
1403638534077829632 0.06878 -0.00285 -0.39845 -0.00517 0.83994 0.00829 0.54259
1403638534327829504 0.06882 -0.00282 -0.39850 -0.00572 0.83997 0.00856 0.54253
1403638534427829504 0.06850 -0.00278 -0.39829 -0.00571 0.84005 0.00845 0.54242
1403638534527829504 0.06848 -0.00285 -0.39810 -0.00543 0.84008 0.00819 0.54238
1403638534627829504 0.06848 -0.00278 -0.39805 -0.00559 0.84009 0.00859 0.54236
1403638534777829376 0.06860 -0.00275 -0.39821 -0.00572 0.84006 0.00888 0.54240
1403638534877829632 0.06863 -0.00279 -0.39814 -0.00542 0.84002 0.00868 0.54246
1403638534977829376 0.06856 -0.00277 -0.39805 -0.00537 0.84004 0.00866 0.54242
1403638535077829632 0.06852 -0.00285 -0.39798 -0.00553 0.84008 0.00869 0.54236
1403638535177829632 0.06846 -0.00278 -0.39789 -0.00560 0.84005 0.00863 0.54241
1403638535377829632 0.06832 -0.00273 -0.39781 -0.00568 0.84004 0.00868 0.54243
1403638535477829376 0.06841 -0.00275 -0.39781 -0.00559 0.84004 0.00872 0.54242
1403638535627829504 0.06850 -0.00266 -0.39793 -0.00565 0.84004 0.00881 0.54242
1403638535727829504 0.06843 -0.00269 -0.39786 -0.00570 0.84002 0.00880 0.54246
1403638535827829504 0.06836 -0.00270 -0.39788 -0.00584 0.83999 0.00888 0.54249
1403638535927829504 0.06838 -0.00274 -0.39781 -0.00591 0.84001 0.00889 0.54247
1403638536027829504 0.06829 -0.00263 -0.39785 -0.00597 0.84001 0.00892 0.54247
1403638536277829376 0.06829 -0.00262 -0.39785 -0.00599 0.83999 0.00894 0.54249
1403638536377829632 0.06840 -0.00264 -0.39798 -0.00605 0.83994 0.00901 0.54258
1403638536477829376 0.06846 -0.00259 -0.39800 -0.00609 0.83993 0.00907 0.54258
1403638536577829632 0.06837 -0.00260 -0.39793 -0.00621 0.83993 0.00910 0.54258
1403638536727829504 0.06835 -0.00260 -0.39786 -0.00624 0.83988 0.00913 0.54266
1403638536827829504 0.06834 -0.00264 -0.39793 -0.00633 0.83986 0.00913 0.54269
1403638536977829376 0.06829 -0.00265 -0.39799 -0.00648 0.83985 0.00903 0.54270
1403638537077829632 0.06818 -0.00260 -0.39794 -0.00650 0.83984 0.00919 0.54272
1403638537227829504 0.06834 -0.00255 -0.39795 -0.00637 0.83985 0.00932 0.54270
1403638537327829504 0.06844 -0.00261 -0.39811 -0.00648 0.83981 0.00937 0.54276
1403638537427829504 0.06844 -0.00253 -0.39811 -0.00655 0.83979 0.00944 0.54279
1403638537527829504 0.06842 -0.00252 -0.39807 -0.00656 0.83979 0.00953 0.54279
1403638537627829504 0.06839 -0.00253 -0.39792 -0.00655 0.83976 0.00973 0.54283
1403638537927829504 0.06826 -0.00235 -0.39779 -0.00656 0.83977 0.00971 0.54282
1403638538027829504 0.06830 -0.00241 -0.39759 -0.00653 0.83980 0.00965 0.54277
1403638538127829504 0.06822 -0.00247 -0.39754 -0.00653 0.83969 0.00980 0.54293
1403638538227829504 0.06847 -0.00251 -0.39782 -0.00660 0.83969 0.00980 0.54293
1403638538377829632 0.06835 -0.00241 -0.39773 -0.00654 0.83959 0.01003 0.54308
1403638538477829376 0.06826 -0.00241 -0.39754 -0.00664 0.83961 0.01010 0.54305
1403638538577829632 0.06821 -0.00239 -0.39738 -0.00649 0.83958 0.01015 0.54310
1403638538677829632 0.06824 -0.00245 -0.39743 -0.00678 0.83942 0.01014 0.54335
1403638538777829376 0.06823 -0.00242 -0.39697 -0.00707 0.83866 0.01031 0.54451
1403638539077829632 0.07461 0.00153 -0.39069 -0.00684 0.82740 0.00931 0.56150
1403638539177829632 0.07990 0.00385 -0.38349 -0.00821 0.82229 0.00799 0.56895
1403638539277829376 0.08791 0.00564 -0.36741 -0.00851 0.81864 0.00839 0.57418
1403638539377829632 0.09584 0.00753 -0.34308 -0.00877 0.81957 0.00906 0.57284
1403638539477829376 0.10448 0.00787 -0.31247 -0.00867 0.82152 0.01012 0.57002
1403638539577829632 0.11217 0.00421 -0.27924 -0.00876 0.82233 0.01135 0.56883
1403638539777829376 0.13168 0.00299 -0.23446 -0.00962 0.82397 0.01352 0.56639
1403638539877829632 0.14292 0.00379 -0.22493 -0.01006 0.82642 0.01419 0.56279
1403638539977829376 0.15745 0.00366 -0.21698 -0.01116 0.83091 0.01472 0.55609
1403638540077829632 0.17661 0.00501 -0.20977 -0.01058 0.83676 0.01529 0.54725
1403638540177829632 0.20570 0.00931 -0.20852 -0.01026 0.84067 0.01588 0.54122
1403638540327829504 0.25953 0.01572 -0.19840 -0.01014 0.83318 0.01711 0.55265
1403638540427829504 0.29900 0.02010 -0.19054 -0.01137 0.82830 0.02065 0.55978
1403638540577829632 0.36413 0.03085 -0.18263 -0.02088 0.82672 0.03556 0.56109
1403638540677829632 0.41122 0.04039 -0.18052 -0.02917 0.82549 0.05262 0.56120
1403638540827829504 0.48781 0.06099 -0.17387 -0.04165 0.82101 0.09040 0.56217
1403638540927829504 0.53419 0.07982 -0.17261 -0.05331 0.81779 0.11830 0.56070
1403638541127829504 0.62965 0.13338 -0.17259 -0.08035 0.81061 0.15660 0.55851
1403638541227829504 0.68050 0.16589 -0.17616 -0.08786 0.80881 0.16738 0.55685
1403638541527829504 0.82454 0.28384 -0.16640 -0.09305 0.80644 0.17498 0.55712
1403638541627829504 0.86967 0.33515 -0.15315 -0.09425 0.80468 0.17708 0.55880
1403638541827829504 0.95881 0.45006 -0.10328 -0.11372 0.80099 0.18746 0.55709
1403638541927829504 1.00103 0.50981 -0.07281 -0.12540 0.79900 0.19884 0.55348
1403638542127829504 1.07742 0.63437 -0.02933 -0.15150 0.79156 0.23290 0.54428
1403638542227829504 1.11198 0.69808 -0.01617 -0.16730 0.78596 0.25341 0.53858
1403638542327829504 1.14689 0.76393 -0.00927 -0.18160 0.77889 0.27645 0.53285
1403638542527829504 1.21584 0.89983 -0.00260 -0.19404 0.75100 0.31420 0.54739
1403638542627829504 1.24168 0.96941 0.00099 -0.19218 0.74130 0.32836 0.55292
1403638542777829376 1.27177 1.08090 0.01583 -0.20135 0.74377 0.33122 0.54457
1403638542877829632 1.28210 1.15694 0.03642 -0.20758 0.74918 0.32857 0.53635
1403638543127829504 1.29073 1.34802 0.10008 -0.21476 0.75830 0.32170 0.52476
1403638543227829504 1.29260 1.42472 0.12036 -0.21365 0.75943 0.31986 0.52470
1403638543427829504 1.29930 1.58182 0.14561 -0.21447 0.76025 0.31874 0.52386
1403638543527829504 1.30249 1.66333 0.14957 -0.21789 0.75802 0.32554 0.52149
1403638543877829632 1.30169 1.95908 0.16992 -0.24795 0.72679 0.39113 0.50726
1403638543977829376 1.30400 2.05189 0.19145 -0.26115 0.71701 0.40832 0.50097
1403638544277829376 1.29869 2.32735 0.25389 -0.29158 0.70572 0.42832 0.48320
1403638544377829632 1.30232 2.42321 0.26887 -0.29265 0.70511 0.43051 0.48150
1403638544577829632 1.30957 2.61825 0.28437 -0.29344 0.70318 0.43027 0.48404
1403638544677829632 1.31531 2.71502 0.29650 -0.29898 0.69684 0.42905 0.49087
1403638544777829376 1.32075 2.81775 0.31784 -0.30000 0.69613 0.42960 0.49077
1403638544927829504 1.32757 2.96140 0.33998 -0.29721 0.70002 0.43256 0.48429
1403638545027829504 1.32931 3.05435 0.34714 -0.29863 0.69936 0.43271 0.48423
1403638545377829632 1.34352 3.38104 0.32302 -0.30042 0.69507 0.43400 0.48813
1403638545477829376 1.34430 3.47169 0.30753 -0.30249 0.69485 0.43490 0.48636
1403638545577829632 1.34529 3.55950 0.29328 -0.30638 0.69209 0.44131 0.48207
1403638545777829376 1.34944 3.72948 0.28256 -0.32313 0.67656 0.46807 0.46771
1403638545877829632 1.35127 3.81037 0.29102 -0.33353 0.66439 0.48653 0.45895
1403638546077829632 1.35323 3.98231 0.32253 -0.34890 0.63666 0.52542 0.44370
1403638546177829632 1.35279 4.06382 0.33700 -0.35623 0.62694 0.53703 0.43777
1403638546427829504 1.34922 4.28972 0.34079 -0.36887 0.62001 0.54666 0.42506
1403638546527829504 1.34491 4.38046 0.33418 -0.36996 0.61879 0.54848 0.42354
1403638546727829504 1.33401 4.56816 0.33763 -0.37549 0.60933 0.55863 0.41911
1403638546827829504 1.32810 4.66661 0.35396 -0.37627 0.60455 0.56409 0.41803
1403638547077829632 1.30462 4.92097 0.39002 -0.37365 0.59643 0.57328 0.41953
1403638547177829632 1.29064 5.02425 0.39132 -0.37081 0.59414 0.57635 0.42109
1403638547427829504 1.24003 5.28607 0.37726 -0.37345 0.59620 0.57420 0.41877
1403638547527829504 1.21473 5.39111 0.36599 -0.37790 0.59982 0.57041 0.41478
1403638547827829504 1.12864 5.70529 0.30383 -0.37473 0.60040 0.56969 0.41778
1403638547927829504 1.09732 5.81343 0.27912 -0.37440 0.60018 0.56967 0.41844
1403638548077829632 1.04359 5.97426 0.25329 -0.37721 0.59846 0.57236 0.41468
1403638548177829632 1.00337 6.08884 0.24798 -0.38136 0.59422 0.57753 0.40978
1403638548427829504 0.89560 6.37377 0.26834 -0.39825 0.57137 0.60184 0.39079
1403638548527829504 0.85078 6.50060 0.28618 -0.40566 0.56212 0.61001 0.38386
1403638548927829504 0.67025 6.95860 0.33449 -0.41805 0.54443 0.62520 0.37143
1403638549027829504 0.62423 7.07794 0.35841 -0.41715 0.54351 0.62708 0.37061
1403638549327829504 0.48186 7.44295 0.45865 -0.42119 0.54556 0.62341 0.36922
1403638549427829504 0.43596 7.56544 0.49945 -0.42356 0.54701 0.62100 0.36840
1403638549527829504 0.39046 7.69955 0.53699 -0.42410 0.54860 0.61955 0.36788
1403638549827829504 0.25856 8.07357 0.62412 -0.42528 0.54892 0.61731 0.36980
1403638549927829504 0.21605 8.22278 0.66731 -0.42310 0.54992 0.61807 0.36954
1403638550127829504 0.13294 8.49755 0.76952 -0.42461 0.55189 0.61707 0.36652
1403638550227829504 0.09486 8.62920 0.82994 -0.42433 0.55159 0.61784 0.36600
1403638550677829632 -0.07543 9.29707 1.09544 -0.43521 0.55021 0.61141 0.36610
1403638550777829376 -0.10309 9.44451 1.13211 -0.43819 0.54959 0.60926 0.36707
1403638550877829632 -0.12678 9.57793 1.16321 -0.44450 0.54613 0.60472 0.37213
1403638551077829632 -0.16465 9.83364 1.22769 -0.45463 0.53993 0.59695 0.38136
1403638551177829632 -0.17645 9.96394 1.25458 -0.45901 0.54059 0.59415 0.37955
1403638551427829504 -0.17755 10.23955 1.34221 -0.45143 0.55622 0.58736 0.37661
1403638551527829504 -0.16314 10.33921 1.37524 -0.44449 0.57173 0.57568 0.37966
1403638551777829376 -0.10059 10.59376 1.43663 -0.42710 0.61351 0.53297 0.39640
1403638551877829632 -0.06168 10.68687 1.45503 -0.41780 0.62523 0.51828 0.40732
1403638552177829632 0.09974 10.95295 1.54346 -0.39236 0.63614 0.50338 0.43357
1403638552277829376 0.16211 11.04568 1.58867 -0.38798 0.64021 0.50279 0.43221
1403638552577829632 0.37950 11.24043 1.68447 -0.40319 0.63489 0.49065 0.44002
1403638552677829632 0.46463 11.30646 1.70961 -0.40389 0.63254 0.49178 0.44148
1403638553077829632 0.83351 11.43113 1.74254 -0.39301 0.62470 0.50888 0.44309
1403638553177829632 0.93229 11.44659 1.74231 -0.39864 0.62097 0.50730 0.44512
1403638553277829376 1.03186 11.45610 1.74520 -0.40636 0.61549 0.50366 0.44985
1403638553427829504 1.18190 11.45367 1.75242 -0.40684 0.60706 0.50556 0.45865
1403638553527829504 1.28051 11.43889 1.76668 -0.40405 0.60228 0.50867 0.46395
1403638553727829504 1.47898 11.37518 1.81149 -0.39991 0.59861 0.51302 0.46749
1403638553827829504 1.57486 11.32642 1.84392 -0.39761 0.59983 0.51503 0.46569
1403638554177829632 1.88958 11.10131 1.95655 -0.38863 0.60961 0.52165 0.45301
1403638554277829376 1.97800 11.03395 1.97939 -0.38014 0.61504 0.52800 0.44547
1403638554377829632 2.07153 10.96346 1.99958 -0.37396 0.61783 0.53294 0.44092
1403638554577829632 2.23767 10.81846 2.02449 -0.37233 0.61984 0.53514 0.43680
1403638554677829632 2.32095 10.74835 2.03357 -0.37802 0.62229 0.53168 0.43264
1403638554927829504 2.50714 10.55767 2.07294 -0.38715 0.62356 0.52551 0.43025
1403638555027829504 2.59213 10.49699 2.09425 -0.38758 0.62571 0.52151 0.43161
1403638555277829376 2.79863 10.32281 2.10960 -0.37289 0.64137 0.50591 0.44006
1403638555377829632 2.88545 10.25766 2.11197 -0.36620 0.64493 0.50155 0.44543
1403638555627829504 3.09185 10.08618 2.10204 -0.35772 0.64993 0.49538 0.45191
1403638555727829504 3.17944 10.01478 2.10637 -0.35799 0.65150 0.49422 0.45071
1403638555927829504 3.34678 9.86141 2.13788 -0.35503 0.65135 0.49685 0.45038
1403638556027829504 3.42925 9.79147 2.16261 -0.35409 0.65012 0.49810 0.45151
1403638556277829376 3.63296 9.62980 2.21342 -0.34972 0.65804 0.50105 0.44003
1403638556377829632 3.71461 9.57400 2.22807 -0.34830 0.66007 0.50210 0.43691
1403638556627829504 3.92291 9.45428 2.25890 -0.34800 0.66781 0.50100 0.42653
1403638556727829504 4.00912 9.41482 2.27715 -0.35557 0.66784 0.49495 0.42730
1403638556927829504 4.19417 9.35132 2.33295 -0.36681 0.66433 0.48700 0.43237
1403638557027829504 4.29398 9.32715 2.36135 -0.36806 0.66317 0.48636 0.43381
1403638557377829632 4.68738 9.21076 2.40918 -0.36257 0.65795 0.49193 0.44005
1403638557477829376 4.80727 9.17895 2.42050 -0.35757 0.65452 0.49615 0.44450
1403638557827829504 5.21921 9.08022 2.49029 -0.34942 0.65001 0.50127 0.45181
1403638557927829504 5.33141 9.06328 2.50216 -0.34657 0.65026 0.50298 0.45174
1403638558027829504 5.44281 9.04611 2.51003 -0.34464 0.65294 0.50425 0.44791
1403638558227829504 5.66631 9.00455 2.51399 -0.33849 0.66409 0.50734 0.43244
1403638558327829504 5.77807 9.00179 2.52388 -0.33416 0.66570 0.50982 0.43043
1403638558677829632 6.16365 9.02543 2.62767 -0.33353 0.67341 0.50782 0.42119
1403638558777829376 6.28858 9.05498 2.66142 -0.34163 0.67353 0.50182 0.42169
1403638559077829632 6.65279 9.15915 2.72933 -0.34817 0.66323 0.49758 0.43740
1403638559177829632 6.76924 9.20635 2.73747 -0.34880 0.65986 0.49768 0.44185
1403638559377829632 7.00666 9.29708 2.73430 -0.34360 0.65437 0.50276 0.44830
1403638559477829376 7.11646 9.34424 2.72139 -0.34166 0.65191 0.50470 0.45118
1403638559727829504 7.38715 9.46509 2.67905 -0.34171 0.64810 0.50635 0.45476
1403638559827829504 7.48557 9.51826 2.66395 -0.34285 0.64860 0.50641 0.45313
1403638560077829632 7.73863 9.64643 2.63803 -0.33712 0.66118 0.48828 0.45911
1403638560177829632 7.83916 9.69581 2.61881 -0.32805 0.67224 0.47103 0.46755
1403638560377829632 8.04393 9.78923 2.57029 -0.30658 0.69420 0.42720 0.49152
1403638560477829376 8.13883 9.82997 2.54243 -0.29502 0.70409 0.40271 0.50502
1403638560777829376 8.39660 9.92903 2.43502 -0.26847 0.73873 0.32466 0.52612
1403638560877829632 8.47834 9.94427 2.40615 -0.25833 0.74692 0.30233 0.53289
1403638561077829632 8.64232 9.96013 2.37412 -0.23512 0.75690 0.26205 0.55059
1403638561177829632 8.72903 9.96027 2.36801 -0.22489 0.75968 0.24465 0.55898
1403638561427829504 8.91509 9.91553 2.37168 -0.20252 0.76891 0.22854 0.56172
1403638561527829504 8.99284 9.88975 2.36946 -0.18993 0.77304 0.23410 0.55816
1403638561877829632 9.22031 9.77214 2.31461 -0.17867 0.77513 0.24254 0.55536
1403638561977829376 9.29454 9.74627 2.28865 -0.17408 0.77638 0.23884 0.55667
1403638562077829632 9.35844 9.71105 2.26565 -0.16718 0.77883 0.23055 0.55886
1403638562227829504 9.43521 9.65212 2.24218 -0.15691 0.78209 0.21737 0.56256
1403638562327829504 9.47988 9.61178 2.23628 -0.15101 0.78396 0.20768 0.56521
1403638562477829376 9.53991 9.54667 2.23386 -0.14018 0.78842 0.18567 0.56945
1403638562577829632 9.57697 9.49987 2.23949 -0.13095 0.79228 0.16585 0.57239
1403638562777829376 9.64722 9.40325 2.25974 -0.11393 0.80067 0.11613 0.57660
1403638562877829632 9.67456 9.34844 2.26778 -0.10064 0.80380 0.09174 0.57910
1403638563077829632 9.72369 9.22963 2.26586 -0.07747 0.80814 0.04543 0.58210
1403638563177829632 9.74041 9.16308 2.25710 -0.06563 0.80953 0.02586 0.58282
1403638563477829376 9.77979 8.93599 2.20314 -0.04839 0.79522 -0.00499 0.60436
1403638563577829632 9.77081 8.85052 2.18223 -0.04252 0.79575 -0.00470 0.60412
1403638563677829632 9.75329 8.75979 2.16702 -0.04168 0.79922 -0.00465 0.59957
1403638563827829504 9.72149 8.61132 2.15629 -0.04615 0.80170 -0.00461 0.59593
1403638563927829504 9.69974 8.50480 2.15898 -0.04958 0.80105 -0.00346 0.59653
1403638564177829632 9.61649 8.20918 2.16371 -0.05747 0.80002 0.00482 0.59719
1403638564277829376 9.57763 8.07878 2.16145 -0.05702 0.79801 0.01035 0.59985
1403638564477829376 9.48170 7.80418 2.17259 -0.05699 0.79469 0.01969 0.60401
1403638564577829632 9.42488 7.65544 2.18890 -0.05978 0.79651 0.02050 0.60132
1403638564827829504 9.24792 7.27385 2.20564 -0.06935 0.79940 0.01371 0.59662
1403638564927829504 9.17897 7.10498 2.19918 -0.07185 0.79882 0.01141 0.59715
1403638565177829632 8.97790 6.66247 2.09669 -0.07431 0.80003 0.01014 0.59526
1403638565277829376 8.88942 6.47245 2.03761 -0.07256 0.80092 0.01109 0.59426
1403638565477829376 8.71857 6.08166 1.91585 -0.06687 0.80116 0.01342 0.59455
1403638565577829632 8.63033 5.88093 1.86193 -0.06056 0.79889 0.01548 0.59822
1403638566027829504 8.15876 4.96904 1.70303 -0.02957 0.80494 0.02811 0.59195
1403638566127829504 8.05107 4.77893 1.66576 -0.02906 0.80519 0.02758 0.59166
1403638566227829504 7.93863 4.59401 1.62166 -0.02863 0.80491 0.02759 0.59207
1403638566427829504 7.70684 4.23056 1.50658 -0.02946 0.80573 0.02868 0.59086
1403638566527829504 7.58908 4.05152 1.43980 -0.03149 0.80597 0.02932 0.59039
1403638566927829504 7.13162 3.36840 1.11703 -0.03065 0.83987 0.03977 0.54046
1403638567027829504 7.03033 3.21029 1.03088 -0.03181 0.83954 0.04106 0.54081
1403638567127829504 6.95007 3.06499 0.94351 -0.03146 0.82685 0.04259 0.55993
1403638567327829504 6.78390 2.76138 0.75609 -0.02854 0.80970 0.04420 0.58448
1403638567627829504 6.52465 2.32865 0.48143 -0.02193 0.81577 0.04219 0.57641
1403638567727829504 6.44868 2.19494 0.40221 -0.01906 0.81903 0.04188 0.57190
1403638567927829504 6.28528 1.94182 0.27813 -0.01881 0.82474 0.03924 0.56383
1403638568027829504 6.21449 1.82233 0.22558 -0.01759 0.82542 0.03918 0.56289
1403638568127829504 6.14471 1.71108 0.18208 -0.01485 0.82445 0.04052 0.56429
1403638568327829504 6.02710 1.51666 0.12596 -0.01183 0.82390 0.04148 0.56509
1403638568427829504 5.98718 1.43862 0.10432 -0.01162 0.82530 0.04117 0.56307
1403638568577829632 5.91623 1.32264 0.05786 -0.01006 0.82689 0.04205 0.56070
1403638568677829632 5.86839 1.24606 0.02108 -0.00851 0.82857 0.04356 0.55812
1403638568877829632 5.79176 1.11638 -0.03597 -0.01071 0.82942 0.04197 0.55694
1403638568977829376 5.75809 1.05839 -0.05484 -0.00888 0.82874 0.04356 0.55786
1403638569277829376 5.66806 0.90595 -0.07745 -0.00446 0.83037 0.04594 0.55529
1403638569377829632 5.64464 0.86163 -0.09121 -0.00367 0.83027 0.04621 0.55543
1403638569677829632 5.60952 0.78221 -0.14002 -0.00391 0.82650 0.04594 0.56104
1403638569777829376 5.60108 0.76772 -0.14794 -0.00312 0.82563 0.04652 0.56229
1403638570027829504 5.59617 0.76376 -0.14218 -0.00475 0.82232 0.04601 0.56714
1403638570127829504 5.59295 0.76875 -0.14612 -0.00827 0.82265 0.04371 0.56680
1403638570227829504 5.59316 0.77726 -0.15524 -0.01445 0.82250 0.04035 0.56715
1403638570477829376 5.60329 0.80613 -0.19744 -0.02934 0.82378 0.01478 0.56596
1403638570577829632 5.60781 0.80977 -0.22282 -0.03652 0.82338 -0.01234 0.56618
1403638570827829504 5.62044 0.78093 -0.31169 -0.02421 0.80664 -0.08302 0.58468
1403638570927829504 5.62184 0.75085 -0.34947 -0.01073 0.79875 -0.10653 0.59206
1403638571177829632 5.58804 0.62603 -0.45357 0.03637 0.79811 -0.14855 0.58277
1403638571277829376 5.56300 0.56089 -0.48529 0.05711 0.79982 -0.15502 0.57706
1403638571527829504 5.47959 0.37913 -0.52143 0.07946 0.79564 -0.16696 0.57686
1403638571627829504 5.44287 0.29955 -0.53189 0.08616 0.79490 -0.17397 0.57485
1403638571877829632 5.33446 0.08668 -0.58019 0.10584 0.79427 -0.21054 0.56001
1403638571977829376 5.28233 -0.00525 -0.59789 0.11389 0.78974 -0.23082 0.55683
1403638572377829632 5.05926 -0.41353 -0.61443 0.16831 0.77209 -0.30126 0.53366
1403638572477829376 5.00103 -0.52416 -0.61233 0.18300 0.76917 -0.31446 0.52537
1403638572577829632 4.94653 -0.63701 -0.61545 0.19440 0.76603 -0.32326 0.52049
1403638572777829376 4.84582 -0.87341 -0.61155 0.20887 0.76605 -0.32827 0.51164
1403638572877829632 4.80264 -0.99582 -0.59606 0.21285 0.76843 -0.32732 0.50701
1403638573077829632 4.72478 -1.24685 -0.56168 0.21310 0.77246 -0.32465 0.50249
1403638573177829632 4.69010 -1.37542 -0.55263 0.21131 0.77393 -0.32332 0.50183
1403638573377829632 4.64004 -1.63434 -0.53672 0.20894 0.77582 -0.32035 0.50182
1403638573477829376 4.62531 -1.76863 -0.52691 0.21216 0.77595 -0.32042 0.50022
1403638573677829632 4.61601 -2.04269 -0.48138 0.21697 0.77627 -0.32130 0.49708
1403638573777829376 4.62232 -2.18228 -0.44892 0.22382 0.77299 -0.32493 0.49680
1403638573977829376 4.64988 -2.45465 -0.39482 0.24833 0.74888 -0.34616 0.50763
1403638574077829632 4.66779 -2.58658 -0.37680 0.25339 0.73041 -0.36930 0.51568
1403638574327829504 4.69434 -2.90842 -0.35307 0.27454 0.68721 -0.42941 0.51766
1403638574427829504 4.69690 -3.03116 -0.35139 0.28935 0.67686 -0.44868 0.50678
1403638574677829632 4.67638 -3.33647 -0.34043 0.31945 0.65674 -0.48081 0.48526
1403638574777829376 4.66683 -3.45699 -0.32632 0.33114 0.65687 -0.48322 0.47473
1403638574927829504 4.64854 -3.62976 -0.30135 0.33278 0.66084 -0.48922 0.46174
1403638575027829504 4.63486 -3.74341 -0.29029 0.32904 0.66202 -0.49281 0.45891
1403638575127829504 4.62162 -3.85522 -0.29047 0.32145 0.65989 -0.49770 0.46207
1403638575377829632 4.57613 -4.14272 -0.29354 0.31172 0.66109 -0.49982 0.46472
1403638575477829376 4.55323 -4.26088 -0.30498 0.31033 0.66640 -0.49769 0.46034
1403638575577829632 4.52833 -4.38005 -0.31523 0.30982 0.67121 -0.49468 0.45693
1403638575677829632 4.50345 -4.50459 -0.31881 0.31382 0.67711 -0.48884 0.45175
1403638575877829632 4.45895 -4.76132 -0.30083 0.31582 0.68736 -0.48274 0.44131
1403638575977829376 4.44287 -4.89743 -0.27557 0.31523 0.68767 -0.48190 0.44217
1403638576127829504 4.42576 -5.10957 -0.22805 0.31583 0.68776 -0.48054 0.44309
1403638576227829504 4.41977 -5.25580 -0.19477 0.31813 0.68677 -0.47888 0.44476
1403638576327829504 4.41612 -5.41865 -0.16655 0.32286 0.68759 -0.47550 0.44371
1403638576427829504 4.41789 -5.57331 -0.14277 0.32653 0.68950 -0.47317 0.44055
1403638576527829504 4.42553 -5.73260 -0.12540 0.33232 0.69298 -0.46913 0.43504
1403638576727829504 4.46324 -6.04463 -0.09956 0.33946 0.69459 -0.46422 0.43222
1403638576827829504 4.49691 -6.20215 -0.09254 0.34384 0.69028 -0.46111 0.43892
1403638576977829376 4.55864 -6.43591 -0.09406 0.34137 0.68180 -0.46312 0.45182
1403638577077829632 4.60566 -6.58935 -0.09721 0.33654 0.67839 -0.46675 0.45681
1403638577327829504 4.73786 -6.95867 -0.07371 0.33661 0.67760 -0.46684 0.45784
1403638577427829504 4.79502 -7.10270 -0.05186 0.34315 0.68185 -0.46159 0.45196
1403638577527829504 4.85565 -7.24820 -0.03112 0.34351 0.68245 -0.46089 0.45148
1403638577627829504 4.92273 -7.38923 -0.01089 0.34052 0.68178 -0.46289 0.45272
1403638577877829632 5.10207 -7.72459 0.00354 0.33559 0.68154 -0.46510 0.45449
1403638577977829376 5.18032 -7.85567 0.00433 0.33630 0.68201 -0.46363 0.45478
1403638578077829632 5.25954 -7.97841 0.00688 0.33516 0.68118 -0.46357 0.45691
1403638578227829504 5.39172 -8.17083 0.02976 0.32498 0.67569 -0.46955 0.46622
1403638578327829504 5.47762 -8.28614 0.04559 0.31885 0.67253 -0.47379 0.47070
1403638578477829376 5.60531 -8.47221 0.06391 0.31900 0.67159 -0.47435 0.47137
1403638578577829632 5.68608 -8.59071 0.06921 0.31911 0.67105 -0.47511 0.47131
1403638578677829632 5.76323 -8.70556 0.07114 0.32170 0.67079 -0.47393 0.47111
1403638578777829376 5.84069 -8.82749 0.06949 0.32723 0.67309 -0.47029 0.46766
1403638578977829376 5.99757 -9.06381 0.05978 0.33511 0.67680 -0.46415 0.46282
1403638579077829632 6.07347 -9.16119 0.06364 0.33575 0.67733 -0.46306 0.46268
1403638579177829632 6.15812 -9.27512 0.07723 0.33617 0.67737 -0.46221 0.46317
1403638579277829376 6.23125 -9.36446 0.09310 0.33387 0.67644 -0.46327 0.46512
1403638579427829504 6.36014 -9.52385 0.11863 0.32450 0.67173 -0.46932 0.47245
1403638579527829504 6.44124 -9.62361 0.13023 0.31902 0.66878 -0.47185 0.47782
1403638579727829504 6.59761 -9.80961 0.14023 0.32049 0.67030 -0.44741 0.49781
1403638579827829504 6.67060 -9.89304 0.13583 0.31363 0.68403 -0.42628 0.50202
1403638580027829504 6.80961 -10.03832 0.11008 0.28171 0.71802 -0.37064 0.51740
1403638580127829504 6.87405 -10.09912 0.09393 0.26328 0.72814 -0.33328 0.53797
1403638580227829504 6.94073 -10.15401 0.07323 0.23868 0.74100 -0.29550 0.55374
1403638580327829504 7.00750 -10.20760 0.04832 0.20913 0.75602 -0.26279 0.56182
1403638580427829504 7.07169 -10.26117 0.01916 0.17863 0.76811 -0.24146 0.56550
1403638580577829632 7.16015 -10.33427 -0.02753 0.14948 0.77879 -0.21949 0.56830
1403638580677829632 7.21181 -10.38042 -0.05775 0.13427 0.78765 -0.20415 0.56561
1403638580827829504 7.28143 -10.44467 -0.08714 0.12111 0.79955 -0.18254 0.55923
1403638580927829504 7.32306 -10.48661 -0.09728 0.11721 0.80316 -0.17419 0.55755
1403638581077829632 7.38696 -10.55122 -0.09003 0.11268 0.80451 -0.17172 0.55729
1403638581177829632 7.42610 -10.58886 -0.07704 0.11529 0.80433 -0.17028 0.55747
1403638581277829376 7.46120 -10.62391 -0.06323 0.11941 0.80441 -0.16996 0.55658
1403638581377829632 7.49351 -10.65440 -0.04756 0.12262 0.80327 -0.17109 0.55718
1403638581577829632 7.56065 -10.71159 -0.00331 0.12845 0.80094 -0.17511 0.55797
1403638581677829632 7.59280 -10.73638 0.02164 0.13316 0.79686 -0.17539 0.56261
1403638581827829504 7.64385 -10.76540 0.04483 0.13647 0.79285 -0.17748 0.56681
1403638581927829504 7.67879 -10.78331 0.05637 0.13921 0.78611 -0.17754 0.57544
1403638582127829504 7.74161 -10.81624 0.06915 0.13981 0.78909 -0.17884 0.57080
1403638582227829504 7.77169 -10.83070 0.08903 0.13756 0.79533 -0.18078 0.56201
1403638582327829504 7.79594 -10.83875 0.11799 0.13942 0.79368 -0.17906 0.56442
1403638582427829504 7.82697 -10.85263 0.15627 0.14063 0.79110 -0.17765 0.56818
1403638582527829504 7.85319 -10.85830 0.20475 0.14141 0.78993 -0.17667 0.56992
1403638582677829632 7.88964 -10.86727 0.29232 0.14166 0.79108 -0.17594 0.56848
1403638582777829376 7.91167 -10.86255 0.36240 0.14004 0.79280 -0.17753 0.56599
1403638582877829632 7.93658 -10.85699 0.43258 0.14058 0.79418 -0.17790 0.56380
1403638582977829376 7.95629 -10.84528 0.49676 0.13968 0.79651 -0.17928 0.56029
1403638583127829504 7.98407 -10.82501 0.57492 0.13926 0.80018 -0.18071 0.55468
1403638583227829504 8.00365 -10.80385 0.61478 0.13845 0.80129 -0.18203 0.55283
1403638583377829632 8.03361 -10.77313 0.66646 0.13829 0.80114 -0.18194 0.55313
1403638583477829376 8.03917 -10.76752 0.67206 0.13772 0.80187 -0.18139 0.55239
1403638583627829504 8.07958 -10.72813 0.73467 0.13840 0.80201 -0.18105 0.55214
1403638583727829504 8.10263 -10.69848 0.77629 0.13962 0.80184 -0.18028 0.55232
1403638583927829504 8.15066 -10.63501 0.84763 0.13975 0.80080 -0.17975 0.55397
1403638584027829504 8.16201 -10.60690 0.83295 0.14029 0.80007 -0.17862 0.55525
1403638584127829504 8.19792 -10.56790 0.85936 0.14415 0.79291 -0.17600 0.56528
1403638584227829504 8.21956 -10.52835 0.86336 0.14729 0.78301 -0.17298 0.57904
1403638584327829504 8.23784 -10.48421 0.86567 0.14804 0.77710 -0.17215 0.58699
1403638584427829504 8.25346 -10.43327 0.86145 0.14787 0.77618 -0.17227 0.58822
1403638584527829504 8.25726 -10.37813 0.85341 0.14728 0.77571 -0.17269 0.58887
1403638584627829504 8.25640 -10.31768 0.85396 0.14702 0.77689 -0.17237 0.58746
1403638584827829504 8.24510 -10.18194 0.87928 0.14147 0.78889 -0.17583 0.57159
1403638584927829504 8.23484 -10.10904 0.89459 0.13697 0.79528 -0.17950 0.56262
1403638585027829504 8.21701 -10.03217 0.89076 0.13557 0.79803 -0.18083 0.55863
1403638585127829504 8.20225 -9.95844 0.88935 0.13432 0.79820 -0.18206 0.55829
1403638585277829376 8.18946 -9.84622 0.89125 0.13465 0.79615 -0.18191 0.56119
1403638585377829632 8.17528 -9.77314 0.88387 0.13490 0.79394 -0.18133 0.56443
1403638585477829376 8.16238 -9.70007 0.87319 0.13480 0.79420 -0.18146 0.56405
1403638585577829632 8.14686 -9.62645 0.87023 0.13404 0.79595 -0.18138 0.56179
1403638585677829632 8.13680 -9.55147 0.87689 0.13420 0.79853 -0.18110 0.55816
1403638585777829376 8.11712 -9.47745 0.89042 0.13155 0.80360 -0.18271 0.55094
1403638585877829632 8.11044 -9.40366 0.91186 0.12952 0.80761 -0.18427 0.54501
1403638585977829376 8.10084 -9.32955 0.94065 0.12777 0.80756 -0.18630 0.54480
1403638586077829632 8.10328 -9.25593 0.97275 0.12935 0.80338 -0.18607 0.55067
1403638586227829504 8.09642 -9.13845 1.00706 0.13195 0.79907 -0.18552 0.55648
1403638586327829504 8.09209 -9.06107 1.02305 0.13511 0.79559 -0.18405 0.56116
1403638586477829376 8.08533 -8.95013 1.03995 0.14647 0.79200 -0.17688 0.56568
1403638586577829632 8.08332 -8.87473 1.04527 0.14860 0.79119 -0.17578 0.56660
1403638586777829376 8.07722 -8.71092 1.03258 0.14179 0.79208 -0.18070 0.56555
1403638586877829632 8.07585 -8.63081 1.01960 0.13945 0.79109 -0.18175 0.56718
1403638587027829504 8.06281 -8.50449 0.98835 0.13911 0.79053 -0.18166 0.56808
1403638587127829504 8.05646 -8.41819 0.96980 0.13841 0.79075 -0.18225 0.56775
1403638587227829504 8.04636 -8.32710 0.95954 0.13844 0.79292 -0.18161 0.56492
1403638587327829504 8.03903 -8.24039 0.95614 0.13830 0.79456 -0.18203 0.56250
1403638587477829376 8.02087 -8.10134 0.95904 0.13594 0.79526 -0.18390 0.56148
1403638587577829632 8.00948 -8.01080 0.95945 0.13516 0.79539 -0.18486 0.56117
1403638587677829632 7.99909 -7.91437 0.95210 0.13498 0.79498 -0.18543 0.56161
1403638587777829376 7.98914 -7.82462 0.94067 0.13489 0.79465 -0.18587 0.56195
1403638587877829632 7.97830 -7.73537 0.92508 0.13401 0.79431 -0.18679 0.56233
1403638587977829376 7.97063 -7.64939 0.90476 0.13371 0.79403 -0.18727 0.56264
1403638588277829376 7.93535 -7.38327 0.83026 0.14439 0.79445 -0.17928 0.56201
1403638588377829632 7.92541 -7.29382 0.80703 0.14507 0.79476 -0.17857 0.56162
1403638588527829504 7.90665 -7.15257 0.79328 0.14190 0.79459 -0.18061 0.56203
1403638588627829504 7.89267 -7.05413 0.79339 0.13955 0.79401 -0.18185 0.56303
1403638588727829504 7.88038 -6.95324 0.80458 0.13677 0.79256 -0.18389 0.56509
1403638588877829632 7.85605 -6.80352 0.81487 0.13423 0.79185 -0.18633 0.56589
1403638588977829376 7.84646 -6.70557 0.81839 0.13462 0.79196 -0.18661 0.56556
1403638589077829632 7.82885 -6.60427 0.80969 0.13514 0.79216 -0.18690 0.56505
1403638589177829632 7.81592 -6.50376 0.80012 0.13682 0.79198 -0.18621 0.56513
1403638589377829632 7.77674 -6.30281 0.76377 0.13656 0.79074 -0.18621 0.56693
1403638589477829376 7.75555 -6.20350 0.74971 0.13629 0.79162 -0.18674 0.56559
1403638589627829504 7.73029 -6.06057 0.74593 0.13600 0.79157 -0.18647 0.56581
1403638589727829504 7.70483 -5.95976 0.74938 0.13553 0.79332 -0.18714 0.56325
1403638589877829632 7.67369 -5.81603 0.76416 0.13597 0.79458 -0.18807 0.56106
1403638589977829376 7.64851 -5.71814 0.76518 0.13634 0.79461 -0.18852 0.56078
1403638590177829632 7.59954 -5.53000 0.75716 0.13637 0.79367 -0.18962 0.56172
1403638590277829376 7.57538 -5.43491 0.74595 0.13593 0.79297 -0.19031 0.56258
1403638590377829632 7.55096 -5.34868 0.73361 0.13613 0.79340 -0.19054 0.56185
1403638590527829504 7.51028 -5.20711 0.70368 0.13572 0.79406 -0.19104 0.56084
1403638590627829504 7.48276 -5.11788 0.68820 0.13499 0.79615 -0.19135 0.55795
1403638590777829376 7.44649 -4.99134 0.68712 0.13290 0.79777 -0.19233 0.55580
1403638590877829632 7.42049 -4.90232 0.69205 0.13321 0.79857 -0.19227 0.55459
1403638591027829504 7.38815 -4.77832 0.71539 0.13120 0.79977 -0.19395 0.55275
1403638591127829504 7.36235 -4.68800 0.72516 0.13080 0.80242 -0.19455 0.54879
1403638591277829376 7.32914 -4.56934 0.73327 0.12855 0.81057 -0.19672 0.53643
1403638591377829632 7.31316 -4.49065 0.73139 0.12579 0.81505 -0.19893 0.52943
1403638591577829632 7.29851 -4.35593 0.71031 0.12107 0.82088 -0.20267 0.52002
1403638591677829632 7.30156 -4.29351 0.69371 0.11989 0.82122 -0.20369 0.51936
1403638591877829632 7.33531 -4.19192 0.66281 0.12212 0.81691 -0.20211 0.52621
1403638591977829376 7.36850 -4.16402 0.65632 0.12243 0.81429 -0.20158 0.53038
1403638592227829504 7.46946 -4.10187 0.68261 0.11780 0.80598 -0.19694 0.54565
1403638592327829504 7.51048 -4.08129 0.70997 0.10988 0.80077 -0.19056 0.55712
1403638592427829504 7.55486 -4.06859 0.74306 0.09824 0.79957 -0.17872 0.56489
1403638592527829504 7.59548 -4.05400 0.78199 0.08770 0.80377 -0.16372 0.56521
1403638592627829504 7.63332 -4.04315 0.82849 0.08123 0.81021 -0.15003 0.56076
1403638592827829504 7.71186 -4.03254 0.92289 0.07121 0.82269 -0.13424 0.54781
1403638592927829504 7.75246 -4.04125 0.96347 0.06939 0.82587 -0.12962 0.54436
1403638593077829632 7.81844 -4.05534 1.01553 0.06814 0.82744 -0.12622 0.54293
1403638593177829632 7.87094 -4.06510 1.04780 0.06796 0.82569 -0.12541 0.54579
1403638593427829504 8.01411 -4.10451 1.15379 0.08773 0.81552 -0.11429 0.56051
1403638593527829504 8.07483 -4.11784 1.19161 0.09270 0.81167 -0.11264 0.56561
1403638593627829504 8.13100 -4.12600 1.22769 0.09554 0.80970 -0.11254 0.56798
1403638593727829504 8.18888 -4.13227 1.25692 0.09722 0.80775 -0.11239 0.57050
1403638593827829504 8.24742 -4.13538 1.27859 0.09551 0.80153 -0.11383 0.57919
1403638593977829376 8.32378 -4.13226 1.32213 0.08498 0.79190 -0.11059 0.59451
1403638594077829632 8.36556 -4.12683 1.35506 0.07705 0.79729 -0.10809 0.58883
1403638594227829504 8.41749 -4.11568 1.40900 0.07581 0.80458 -0.10058 0.58033
1403638594327829504 8.44488 -4.10763 1.44343 0.07583 0.80452 -0.09619 0.58116
1403638594477829376 8.48110 -4.08904 1.49677 0.08145 0.80187 -0.08776 0.58538
1403638594577829632 8.50012 -4.07130 1.53700 0.07586 0.80230 -0.08964 0.58525
1403638594777829376 8.52595 -4.03200 1.62881 0.06811 0.80407 -0.09474 0.58297
1403638594877829632 8.53589 -4.01203 1.66416 0.06679 0.80430 -0.09641 0.58253
1403638595127829504 8.54317 -3.95754 1.72449 0.06663 0.80777 -0.09935 0.57724
1403638595227829504 8.54544 -3.93479 1.73706 0.06753 0.80825 -0.09966 0.57640
1403638595377829632 8.54546 -3.90112 1.74597 0.06729 0.80829 -0.10073 0.57619
1403638595477829376 8.54716 -3.87847 1.74843 0.06748 0.80866 -0.10096 0.57561
1403638595627829504 8.54048 -3.84644 1.74667 0.06830 0.80941 -0.10000 0.57463
1403638595727829504 8.53366 -3.82110 1.75381 0.07260 0.80967 -0.09699 0.57424
1403638595827829504 8.52141 -3.79635 1.76334 0.07546 0.81032 -0.09538 0.57322
1403638595977829376 8.50412 -3.75682 1.75705 0.07818 0.80988 -0.09385 0.57374
1403638596077829632 8.49719 -3.72808 1.74039 0.08576 0.81019 -0.08895 0.57300
1403638596377829632 8.47784 -3.60506 1.70361 0.11874 0.81148 -0.06457 0.56854
1403638596477829376 8.47126 -3.53507 1.71588 0.12443 0.81071 -0.06001 0.56891
1403638596577829632 8.46586 -3.45748 1.73215 0.13139 0.81099 -0.05454 0.56750
1403638596677829632 8.46312 -3.36761 1.75133 0.13914 0.81073 -0.04853 0.56658
1403638596777829376 8.46438 -3.26171 1.78134 0.14309 0.81055 -0.04512 0.56613
1403638596977829376 8.47044 -2.99736 1.85306 0.14833 0.80831 -0.04145 0.56825
1403638597077829632 8.47223 -2.84209 1.88664 0.15108 0.80729 -0.04047 0.56905
1403638597427829504 8.49072 -2.16846 1.95078 0.14198 0.80088 -0.05156 0.57946
1403638597527829504 8.49153 -1.94266 1.95805 0.12944 0.79705 -0.06103 0.58672
1403638597677829632 8.48697 -1.58934 1.95738 0.11827 0.79326 -0.07012 0.59316
1403638597777829376 8.48057 -1.34221 1.95271 0.12265 0.79457 -0.06490 0.59111
1403638597877829632 8.47249 -1.09052 1.94355 0.12703 0.79620 -0.05343 0.58913
1403638597977829376 8.45896 -0.83039 1.93087 0.12819 0.79706 -0.04417 0.58849
1403638598077829632 8.44401 -0.55844 1.92260 0.12115 0.79704 -0.04169 0.59018
1403638598377829632 8.37314 0.30013 1.92481 0.07117 0.80427 -0.06419 0.58649
1403638598477829376 8.34812 0.58812 1.92026 0.06718 0.80671 -0.06578 0.58341
1403638598577829632 8.32019 0.87395 1.90782 0.06236 0.80855 -0.06366 0.58165
1403638598677829632 8.28912 1.15510 1.88662 0.05799 0.81018 -0.05493 0.58072
1403638598927829504 8.20904 1.85056 1.85221 0.03594 0.81232 -0.02122 0.58172
1403638599027829504 8.17734 2.12432 1.84584 0.02330 0.81298 -0.00545 0.58181
1403638599227829504 8.10287 2.66751 1.85479 0.00107 0.81291 0.03131 0.58154
1403638599327829504 8.06246 2.93802 1.86715 -0.01188 0.81357 0.04944 0.57924
1403638599477829376 7.99288 3.33528 1.89771 -0.02553 0.81583 0.07164 0.57327
1403638599577829632 7.94621 3.59737 1.91510 -0.03073 0.81742 0.08038 0.56958
1403638599677829632 7.89914 3.85520 1.92428 -0.03424 0.81849 0.08523 0.56713
1403638599827829504 7.83560 4.24131 1.92319 -0.03641 0.81938 0.08521 0.56571
1403638599927829504 7.80408 4.49809 1.91494 -0.03906 0.82098 0.08151 0.56376
1403638600127829504 7.74038 4.99867 1.88891 -0.05226 0.82371 0.06577 0.56075
1403638600227829504 7.71569 5.24260 1.86850 -0.06375 0.82742 0.05438 0.55529
1403638600427829504 7.67759 5.70088 1.82353 -0.07995 0.83176 0.03685 0.54811
1403638600527829504 7.67386 5.91299 1.80811 -0.08094 0.83275 0.03412 0.54663
1403638600877829632 7.70073 6.56198 1.82301 -0.06975 0.84138 0.04051 0.53439
1403638600977829376 7.73010 6.72859 1.83155 -0.05258 0.84236 0.05405 0.53361
1403638601077829632 7.76416 6.89018 1.83787 -0.04314 0.84209 0.06199 0.53403
1403638601177829632 7.81020 7.04205 1.84006 -0.03531 0.84021 0.06827 0.53679
1403638601277829376 7.86150 7.18916 1.83793 -0.02679 0.83319 0.07522 0.54719
1403638601477829376 7.97970 7.49810 1.83743 -0.04365 0.82311 0.08283 0.56010
1403638601577829632 8.04238 7.65092 1.84616 -0.05498 0.81720 0.09675 0.56550
1403638601877829632 8.21654 8.11115 1.90697 -0.09299 0.80059 0.17026 0.56694
1403638601977829376 8.27000 8.25658 1.93881 -0.10783 0.79550 0.19340 0.56405
1403638602077829632 8.31937 8.40817 1.96251 -0.11912 0.79244 0.21021 0.56006
1403638602277829376 8.40900 8.71312 1.99405 -0.13315 0.77801 0.24229 0.56415
1403638602377829632 8.45155 8.86732 2.01072 -0.15624 0.76603 0.25385 0.56951
1403638602727829504 8.50534 9.36978 2.11916 -0.25679 0.70719 0.28244 0.59513
1403638602827829504 8.48909 9.47429 2.16168 -0.26450 0.70177 0.30329 0.58786
1403638602977829376 8.44794 9.59918 2.23151 -0.28895 0.69854 0.32758 0.56678
1403638603077829632 8.39992 9.65252 2.27565 -0.30694 0.69228 0.34177 0.55653
1403638603177829632 8.35031 9.69867 2.31331 -0.31869 0.68381 0.35536 0.55187
1403638603377829632 8.24493 9.74227 2.35218 -0.30678 0.70119 0.38834 0.51324
1403638603477829376 8.18646 9.75232 2.36345 -0.30204 0.70888 0.39615 0.49933
1403638603827829504 8.01284 9.77673 2.36815 -0.29873 0.68526 0.41014 0.52246
1403638603927829504 7.95498 9.78592 2.36338 -0.29251 0.67773 0.41406 0.53261
1403638604027829504 7.88554 9.77892 2.34812 -0.28763 0.67243 0.41621 0.54025
1403638604127829504 7.80784 9.76841 2.33094 -0.28419 0.66933 0.41744 0.54496
1403638604227829504 7.72595 9.75076 2.31941 -0.28721 0.67081 0.41608 0.54258
1403638604427829504 7.53148 9.69804 2.31606 -0.29463 0.68587 0.41188 0.52262
1403638604527829504 7.42664 9.65719 2.32467 -0.29119 0.69278 0.41472 0.51311
1403638604827829504 7.10172 9.53819 2.33476 -0.29683 0.70111 0.41133 0.50114
1403638604927829504 6.99849 9.49103 2.33765 -0.29522 0.70500 0.41290 0.49531
1403638605027829504 6.89511 9.44762 2.34398 -0.29159 0.71195 0.41561 0.48515
1403638605177829632 6.74573 9.37795 2.37012 -0.28707 0.71822 0.41922 0.47540
1403638605277829376 6.65070 9.34270 2.39180 -0.28308 0.71882 0.42192 0.47449
1403638605477829376 6.46959 9.28972 2.42149 -0.27147 0.70334 0.43028 0.49647
1403638605577829632 6.37894 9.27320 2.42760 -0.26681 0.69471 0.43373 0.50800
1403638605727829504 6.23059 9.24938 2.42835 -0.26148 0.68766 0.43729 0.51723
1403638605827829504 6.12267 9.23575 2.43534 -0.25992 0.68818 0.43808 0.51666
1403638606077829632 5.82939 9.23300 2.48188 -0.25192 0.68684 0.44144 0.51953
1403638606177829632 5.69849 9.23810 2.49380 -0.24852 0.68650 0.44295 0.52034
1403638606427829504 5.33847 9.27444 2.48937 -0.25393 0.70163 0.43682 0.50242
1403638606527829504 5.18847 9.29715 2.47833 -0.26142 0.71275 0.43073 0.48797
1403638606627829504 5.03348 9.32527 2.45947 -0.26613 0.71887 0.42983 0.47712
1403638606777829376 4.81220 9.38081 2.42200 -0.27248 0.71851 0.44115 0.46356
1403638606877829632 4.66795 9.42365 2.39295 -0.28038 0.71369 0.45357 0.45421
1403638607077829632 4.39544 9.54119 2.35836 -0.30411 0.69514 0.48195 0.43820
1403638607177829632 4.26257 9.60543 2.35002 -0.32048 0.68476 0.48812 0.43605
1403638607627829504 3.75847 9.94576 2.28002 -0.35711 0.65736 0.49266 0.44457
1403638607727829504 3.64470 10.01124 2.24689 -0.35705 0.65490 0.49274 0.44814
1403638607827829504 3.53582 10.07202 2.21481 -0.35637 0.65552 0.49233 0.44823
1403638608027829504 3.36044 10.21152 2.13272 -0.36044 0.66202 0.48577 0.44255
1403638608127829504 3.28827 10.27572 2.08605 -0.35937 0.65948 0.48461 0.44843
1403638608327829504 3.14733 10.40012 1.97605 -0.35705 0.65063 0.48295 0.46471
1403638608427829504 3.08921 10.45938 1.91202 -0.35803 0.64715 0.48191 0.46986
1403638608827829504 2.82645 10.63728 1.64747 -0.36064 0.64839 0.47947 0.46866
1403638608927829504 2.77187 10.67363 1.59194 -0.35853 0.65224 0.48113 0.46320
1403638609127829504 2.65470 10.72986 1.50414 -0.35689 0.65750 0.48237 0.45568
1403638609227829504 2.59977 10.75538 1.46874 -0.36348 0.65800 0.47754 0.45483
1403638609327829504 2.54845 10.77422 1.42816 -0.36716 0.65870 0.47458 0.45397
1403638609427829504 2.50117 10.79012 1.37975 -0.36403 0.65854 0.47651 0.45469
1403638609527829504 2.45469 10.80976 1.32255 -0.36015 0.65853 0.47873 0.45546
1403638609777829376 2.35962 10.82993 1.16545 -0.35517 0.65745 0.48194 0.45755
1403638609877829632 2.32632 10.84460 1.10640 -0.35552 0.65775 0.48172 0.45708
1403638610177829632 2.25028 10.84515 0.98066 -0.36155 0.65240 0.47701 0.46488
1403638610277829376 2.23252 10.84140 0.93755 -0.36411 0.65136 0.47486 0.46655
1403638610527829504 2.18896 10.80154 0.80965 -0.36575 0.64762 0.47309 0.47222
1403638610627829504 2.17578 10.77318 0.75226 -0.37212 0.64078 0.46848 0.48109
1403638610827829504 2.14497 10.69091 0.64814 -0.36832 0.64843 0.47277 0.46944
1403638610927829504 2.13231 10.64428 0.60639 -0.36631 0.65117 0.47554 0.46439
1403638611177829632 2.10816 10.50774 0.50035 -0.37161 0.64739 0.47325 0.46778
1403638611277829376 2.09976 10.44262 0.44969 -0.37107 0.64690 0.47413 0.46800
1403638611677829632 2.06401 10.13338 0.32655 -0.34278 0.64065 0.49170 0.47991
1403638611777829376 2.04428 10.05116 0.29987 -0.34777 0.64678 0.48792 0.47189
1403638612027829504 1.99884 9.83216 0.21669 -0.35505 0.65768 0.48105 0.45825
1403638612127829504 1.98507 9.74681 0.19052 -0.35630 0.65967 0.47961 0.45592
1403638612227829504 1.97167 9.65943 0.17029 -0.35548 0.66019 0.47975 0.45566
1403638612427829504 1.95194 9.49185 0.14363 -0.35426 0.65882 0.47968 0.45865
1403638612527829504 1.94410 9.40555 0.12313 -0.35257 0.65682 0.47941 0.46308
1403638612777829376 1.92913 9.18315 0.04983 -0.34334 0.65269 0.48165 0.47342
1403638612877829632 1.91762 9.09711 0.01580 -0.34376 0.65173 0.47930 0.47680
1403638613127829504 1.88143 8.87223 -0.04163 -0.34439 0.65612 0.47641 0.47323
1403638613227829504 1.86326 8.78517 -0.04993 -0.34415 0.65787 0.47623 0.47113
1403638613377829632 1.83530 8.64632 -0.05419 -0.34280 0.65774 0.47708 0.47145
1403638613477829376 1.81625 8.55537 -0.05683 -0.34355 0.65731 0.47594 0.47265
1403638613827829504 1.74158 8.23536 -0.11752 -0.35040 0.66050 0.45373 0.48486
1403638613927829504 1.72090 8.13338 -0.15190 -0.34547 0.66538 0.44524 0.48958
1403638614177829632 1.66492 7.86008 -0.25012 -0.31544 0.68972 0.41672 0.50112
1403638614277829376 1.64118 7.73963 -0.28625 -0.30473 0.69975 0.40390 0.50434
1403638614677829632 1.53911 7.28209 -0.34850 -0.28595 0.72418 0.36681 0.50916
1403638614777829376 1.51742 7.16931 -0.33696 -0.28374 0.73548 0.35100 0.50533
1403638614877829632 1.49875 7.05040 -0.31936 -0.27591 0.74806 0.33445 0.50242
1403638615127829504 1.48629 6.74913 -0.25456 -0.23539 0.77166 0.28549 0.51732
1403638615227829504 1.49409 6.63312 -0.21296 -0.21232 0.77526 0.26483 0.53269
1403638615477829376 1.51832 6.33094 -0.13169 -0.16129 0.78826 0.20296 0.55806
1403638615577829632 1.52886 6.21047 -0.10496 -0.14462 0.79361 0.17910 0.56320
1403638615877829632 1.54322 5.85026 -0.03090 -0.11892 0.80172 0.13817 0.56923
1403638615977829376 1.54647 5.73246 -0.00001 -0.11176 0.80427 0.12653 0.56978
1403638616227829504 1.54542 5.42938 0.03472 -0.08837 0.80960 0.09185 0.57297
1403638616327829504 1.54661 5.30347 0.01733 -0.07614 0.81206 0.07306 0.57396
1403638616577829632 1.54280 4.99160 -0.05806 -0.04943 0.81782 0.03325 0.57239
1403638616677829632 1.54070 4.87194 -0.09243 -0.04296 0.82325 0.02399 0.56554
1403638617027829504 1.56278 4.43917 -0.22022 -0.04012 0.83488 0.01261 0.54883
1403638617127829504 1.58528 4.31229 -0.23748 -0.03358 0.83050 0.01913 0.55568
1403638617377829632 1.65906 4.00318 -0.25194 -0.02969 0.83519 0.02991 0.54835
1403638617477829376 1.69443 3.88603 -0.24624 -0.02944 0.83773 0.03324 0.54428
1403638617627829504 1.75898 3.71653 -0.22303 -0.02887 0.83769 0.03784 0.54407
1403638617727829504 1.81623 3.60605 -0.19925 -0.02739 0.83568 0.04194 0.54693
1403638617827829504 1.87782 3.49198 -0.16581 -0.02732 0.83538 0.04471 0.54718
1403638617977829376 1.97336 3.34227 -0.10597 -0.02973 0.83367 0.04619 0.54953
1403638618077829632 2.04595 3.24070 -0.07065 -0.03068 0.83326 0.04747 0.54999
1403638618277829376 2.19462 3.05178 -0.01970 -0.03275 0.83335 0.04909 0.54959
1403638618377829632 2.27175 2.96332 -0.00198 -0.03311 0.83254 0.05007 0.55071
1403638618577829632 2.43838 2.80407 0.02777 -0.03234 0.83154 0.05197 0.55208
1403638618677829632 2.52483 2.73567 0.04035 -0.02832 0.83169 0.04879 0.55236
1403638618827829504 2.66652 2.63987 0.06836 -0.02542 0.83083 0.04348 0.55425
1403638618927829504 2.76089 2.57653 0.09374 -0.02083 0.82863 0.03784 0.55813
1403638619177829632 3.00458 2.42229 0.12943 0.00762 0.82208 -0.00041 0.56933
1403638619277829376 3.09884 2.36781 0.13422 0.02156 0.82015 -0.02484 0.57120
1403638619477829376 3.28526 2.26192 0.11543 0.04825 0.81516 -0.07112 0.57282
1403638619577829632 3.38110 2.20972 0.10467 0.05470 0.81284 -0.08706 0.57334
1403638619827829504 3.60882 2.08957 0.05824 0.04647 0.80838 -0.11928 0.57457
1403638619927829504 3.69369 2.03744 0.03993 0.04698 0.80722 -0.12435 0.57509
1403638620177829632 3.88569 1.89088 -0.00692 0.05446 0.80153 -0.12649 0.58187
1403638620277829376 3.95321 1.82654 -0.01624 0.05728 0.80203 -0.12527 0.58118
1403638620377829632 4.00668 1.75935 -0.01564 0.06016 0.80319 -0.12301 0.57977
1403638620527829504 4.08901 1.65495 -0.00988 0.06167 0.80455 -0.11965 0.57842
1403638620627829504 4.13839 1.58530 -0.00897 0.05999 0.80667 -0.11874 0.57584
1403638620827829504 4.22654 1.44159 -0.01820 0.05558 0.81283 -0.11742 0.56783
1403638620927829504 4.26999 1.36716 -0.03071 0.06071 0.81424 -0.11132 0.56651
1403638621127829504 4.34683 1.21865 -0.05641 0.06571 0.81163 -0.10267 0.57131
1403638621227829504 4.38928 1.14524 -0.06335 0.06514 0.80991 -0.10045 0.57420
1403638621377829632 4.45066 1.03851 -0.06226 0.06712 0.81015 -0.09613 0.57439
1403638621477829376 4.48568 0.97221 -0.06609 0.06752 0.80812 -0.09432 0.57748
1403638621777829376 4.57946 0.78779 -0.10788 0.06742 0.80299 -0.09049 0.58522
1403638621877829632 4.59641 0.73730 -0.12690 0.06902 0.79936 -0.08908 0.59018
1403638622227829504 4.63343 0.57198 -0.22467 0.06362 0.79760 -0.09265 0.59263
1403638622327829504 4.62753 0.53643 -0.24687 0.06150 0.79771 -0.09468 0.59238
1403638622577829632 4.59049 0.45188 -0.26360 0.06975 0.79853 -0.09147 0.59086
1403638622677829632 4.57045 0.42052 -0.25717 0.07316 0.79433 -0.09012 0.59629
1403638622777829376 4.53473 0.40483 -0.23620 0.07480 0.78306 -0.08951 0.61091
1403638622977829376 4.45356 0.36745 -0.19717 0.07486 0.78217 -0.09161 0.61173
1403638623077829632 4.39757 0.36194 -0.18246 0.07203 0.78897 -0.09458 0.60282
1403638623327829504 4.23337 0.33751 -0.17411 0.06400 0.79826 -0.10081 0.59036
1403638623427829504 4.15488 0.33695 -0.17537 0.06452 0.80102 -0.10071 0.58657
1403638623677829632 3.95371 0.31944 -0.17560 0.06646 0.80159 -0.10030 0.58564
1403638623777829376 3.87122 0.31032 -0.16597 0.06882 0.80261 -0.09997 0.58402
1403638624227829504 3.45013 0.29558 -0.12310 0.06743 0.80575 -0.10740 0.57852
1403638624327829504 3.36266 0.28950 -0.11521 0.06638 0.80525 -0.10953 0.57894
1403638624427829504 3.27880 0.28222 -0.11831 0.06631 0.80517 -0.11096 0.57879
1403638624577829632 3.13243 0.27740 -0.13652 0.06199 0.79710 -0.11646 0.58927
1403638624677829632 3.03557 0.27214 -0.14900 0.06321 0.79272 -0.11455 0.59538
1403638624927829504 2.77647 0.25762 -0.15878 0.06746 0.80516 -0.09394 0.58167
1403638625027829504 2.66464 0.25323 -0.15249 0.06021 0.80659 -0.09213 0.58078
1403638625277829376 2.39366 0.24165 -0.15265 0.04733 0.80900 -0.09051 0.57887
1403638625377829632 2.28318 0.23421 -0.15577 0.04609 0.80907 -0.08947 0.57903
1403638625477829376 2.18264 0.22214 -0.15511 0.04491 0.80856 -0.08892 0.57991
1403638625777829376 1.86146 0.19738 -0.11537 0.04535 0.81530 -0.08881 0.57039
1403638625877829632 1.75788 0.18602 -0.10130 0.04590 0.81796 -0.08902 0.56649
1403638626077829632 1.57350 0.15504 -0.09260 0.04564 0.81985 -0.09073 0.56350
1403638626177829632 1.47860 0.13844 -0.09623 0.04592 0.82026 -0.09114 0.56281
1403638626527829504 1.18701 0.07260 -0.13600 0.05974 0.81635 -0.08165 0.56863
1403638626627829504 1.10350 0.06092 -0.15215 0.05883 0.81851 -0.08228 0.56552
1403638626727829504 1.03329 0.04871 -0.16789 0.05749 0.82145 -0.08277 0.56131
1403638626827829504 0.94971 0.03493 -0.17348 0.05609 0.82468 -0.08354 0.55658
1403638626927829504 0.88284 0.02162 -0.17405 0.05633 0.82692 -0.08281 0.55333
1403638627027829504 0.81958 0.00900 -0.17169 0.05567 0.82697 -0.08266 0.55335
1403638627127829504 0.75795 -0.00259 -0.17497 0.05489 0.82678 -0.08239 0.55375
1403638627227829504 0.69852 -0.01346 -0.17956 0.05425 0.82664 -0.08220 0.55405
1403638627327829504 0.64726 -0.02445 -0.18795 0.05686 0.82648 -0.07994 0.55436
1403638627427829504 0.60249 -0.03588 -0.19877 0.05799 0.82628 -0.07890 0.55468
