1403638524127829504 -0.41139 -0.26207 0.07143 -0.10068 0.78690 0.14326 0.59172
1403638524227829504 0.00411 -0.02639 0.04632 -0.03386 0.84285 0.07630 0.53163
1403638524327829504 -0.00944 -0.04609 0.00679 -0.04543 0.84004 0.07850 0.53489
1403638524427829504 -0.00711 -0.04767 0.06479 -0.05507 0.83501 0.07675 0.54207
1403638524527829504 -0.01526 -0.06561 0.06050 -0.06258 0.82484 0.07702 0.55658
1403638524627829504 -0.00719 -0.06392 0.09138 -0.06301 0.81653 0.07279 0.56922
1403638524727829504 0.00087 -0.05924 0.13417 -0.05387 0.81170 0.06718 0.57769
1403638524827829504 0.00578 -0.05381 0.16732 -0.04132 0.80930 0.06203 0.58265
1403638524927829504 0.00937 -0.04939 0.18614 -0.04541 0.80823 0.06194 0.58383
1403638525027829504 0.00954 -0.04860 0.18651 -0.05003 0.80593 0.06536 0.58626
1403638525127829504 0.00992 -0.04776 0.16383 -0.04585 0.80347 0.06919 0.58952
1403638525227829504 0.00950 -0.04820 0.12390 -0.04457 0.80358 0.07416 0.58888
1403638525327829504 0.00834 -0.04913 0.07375 -0.04528 0.80932 0.07923 0.58024
1403638525427829504 0.00469 -0.04932 0.02165 -0.04988 0.82047 0.08303 0.56342
1403638525527829504 -0.00008 -0.04972 -0.02702 -0.05830 0.83193 0.08406 0.54536
1403638525627829504 -0.00350 -0.05172 -0.06851 -0.06133 0.83800 0.08242 0.53592
1403638525727829504 -0.00319 -0.05268 -0.10202 -0.05942 0.83884 0.07816 0.53545
1403638525827829504 -0.00125 -0.05693 -0.12596 -0.05533 0.83620 0.07242 0.54080
1403638525927829504 -0.00014 -0.05460 -0.14412 -0.04592 0.83337 0.06908 0.54645
1403638526027829504 -0.00158 -0.06892 -0.14944 -0.03957 0.83373 0.06870 0.54645
1403638526127829504 -0.00418 -0.09461 -0.14898 -0.03661 0.83652 0.06235 0.54314
1403638526227829504 -0.00440 -0.12588 -0.13903 -0.03399 0.83792 0.05269 0.54217
1403638526327829504 -0.00784 -0.16539 -0.12477 -0.03089 0.83540 0.04392 0.54702
1403638526427829504 -0.01431 -0.21061 -0.11011 -0.02867 0.83087 0.03417 0.55467
1403638526527829504 -0.02134 -0.25926 -0.09910 -0.02798 0.82618 0.02234 0.56226
1403638526627829504 -0.02909 -0.31459 -0.09132 -0.02550 0.82097 0.01244 0.57026
1403638526727829504 -0.03837 -0.37639 -0.08523 -0.01997 0.81720 0.00503 0.57598
1403638526827829504 -0.04914 -0.44287 -0.08071 -0.00938 0.81520 0.00125 0.57910
1403638526927829504 -0.06105 -0.50681 -0.07782 -0.00454 0.81657 -0.00290 0.57722
1403638527027829504 -0.07279 -0.56691 -0.07484 0.00178 0.82119 -0.01273 0.57050
1403638527127829504 -0.08246 -0.62236 -0.07036 0.01023 0.82525 -0.02773 0.56400
1403638527227829504 -0.08893 -0.66900 -0.06386 0.01915 0.82509 -0.04252 0.56308
1403638527327829504 -0.09089 -0.70139 -0.05701 0.03378 0.82092 -0.05428 0.56745
1403638527427829504 -0.08968 -0.71632 -0.05192 0.04762 0.81631 -0.06076 0.57243
1403638527527829504 -0.08272 -0.70646 -0.04889 0.05420 0.81439 -0.06359 0.57428
1403638527627829504 -0.07189 -0.67745 -0.05024 0.05449 0.81462 -0.06294 0.57399
1403638527727829504 -0.06087 -0.63439 -0.05094 0.05117 0.81518 -0.05641 0.57418
1403638527827829504 -0.04762 -0.58061 -0.05142 0.04154 0.81758 -0.05056 0.57209
1403638527927829504 -0.03440 -0.52265 -0.04866 0.02735 0.81996 -0.04597 0.56991
1403638528027829504 -0.01707 -0.46484 -0.04631 0.02069 0.81926 -0.03958 0.57168
1403638528127829504 -0.00030 -0.40568 -0.04648 0.01120 0.81836 -0.03120 0.57375
1403638528227829504 0.01641 -0.35106 -0.05271 -0.00017 0.81935 -0.02119 0.57289
1403638528327829504 0.04061 -0.30529 -0.05762 -0.01151 0.81993 -0.01066 0.57225
1403638528427829504 0.06972 -0.27211 -0.06116 -0.01402 0.81844 -0.00495 0.57441
1403638528527829504 0.09769 -0.24441 -0.06744 -0.01188 0.81902 -0.00503 0.57362
1403638528627829504 0.13017 -0.22462 -0.06947 -0.01215 0.82140 -0.01242 0.57008
1403638528727829504 0.16283 -0.21052 -0.06909 -0.01023 0.82167 -0.01814 0.56958
1403638528827829504 0.18484 -0.20080 -0.06433 -0.00840 0.82083 -0.02424 0.57060
1403638528927829504 0.18949 -0.19514 -0.05577 -0.01469 0.82029 -0.03211 0.57085
1403638529027829504 0.17907 -0.18703 -0.04083 -0.02008 0.82113 -0.03651 0.56922
1403638529127829504 0.15297 -0.17664 -0.02543 -0.00941 0.82187 -0.03309 0.56864
1403638529227829504 0.12095 -0.15952 -0.02006 0.00610 0.82299 -0.02576 0.56743
1403638529327829504 0.08354 -0.14055 -0.02407 0.01397 0.82617 -0.02053 0.56287
1403638529427829504 0.04533 -0.12315 -0.03968 0.01625 0.83366 -0.01662 0.55179
1403638529527829504 0.01315 -0.11058 -0.06089 0.01298 0.84478 -0.01437 0.53476
1403638529627829504 -0.00922 -0.10059 -0.08806 0.01405 0.85204 -0.01050 0.52318
1403638529727829504 -0.02439 -0.09498 -0.11431 0.01353 0.85203 -0.00813 0.52326
1403638529827829504 -0.02981 -0.08548 -0.13899 0.01178 0.84606 -0.00886 0.53289
1403638529927829504 -0.02955 -0.07901 -0.15706 0.01117 0.84123 -0.00922 0.54048
1403638530027829504 -0.02755 -0.07908 -0.17072 0.01132 0.84083 -0.00918 0.54111
1403638530127829504 -0.01497 -0.07792 -0.17894 0.01151 0.84305 -0.01123 0.53760
1403638530227829504 -0.00058 -0.07764 -0.19151 0.01371 0.84361 -0.01684 0.53652
1403638530327829504 0.01057 -0.08082 -0.20047 0.01477 0.84308 -0.02278 0.53709
1403638530427829504 0.02741 -0.08225 -0.21392 0.01795 0.84257 -0.02669 0.53762
1403638530527829504 0.03827 -0.08560 -0.22143 0.01542 0.84252 -0.03053 0.53757
1403638530627829504 0.04585 -0.09013 -0.22785 0.01714 0.84380 -0.03294 0.53537
1403638530727829504 0.05093 -0.09281 -0.23477 0.01757 0.84765 -0.03502 0.52910
1403638530827829504 0.05419 -0.09505 -0.24087 0.01754 0.84969 -0.03550 0.52580
1403638530927829504 0.05588 -0.09589 -0.24448 0.01514 0.84878 -0.03490 0.52737
1403638531027829504 0.05631 -0.09568 -0.24682 0.01360 0.84613 -0.03482 0.53167
1403638531127829504 0.05560 -0.09455 -0.24670 0.01577 0.84249 -0.03356 0.53743
1403638531227829504 0.05605 -0.09340 -0.24730 0.01790 0.84210 -0.03085 0.53815
1403638531327829504 0.05727 -0.09227 -0.24909 0.01859 0.83850 -0.03120 0.54369
1403638531427829504 0.05692 -0.09229 -0.24890 0.01940 0.83930 -0.03064 0.54247
1403638531527829504 0.05647 -0.09240 -0.24862 0.01885 0.83856 -0.03116 0.54359
1403638531627829504 0.05639 -0.09263 -0.24842 0.01927 0.83869 -0.03009 0.54343
1403638531727829504 0.05561 -0.09225 -0.24815 0.01937 0.83881 -0.03063 0.54322
1403638531827829504 0.05600 -0.09228 -0.24851 0.01935 0.83882 -0.03079 0.54319
1403638531927829504 0.05605 -0.09225 -0.24852 0.01928 0.83881 -0.03101 0.54320
1403638532027829504 0.05614 -0.09224 -0.24867 0.01922 0.83880 -0.03115 0.54320
1403638532127829504 0.05630 -0.09222 -0.24886 0.01928 0.83880 -0.03127 0.54319
1403638532227829504 0.05625 -0.09223 -0.24886 0.01947 0.83882 -0.03115 0.54317
1403638532327829504 0.05637 -0.09228 -0.24898 0.01965 0.83880 -0.03118 0.54319
1403638532427829504 0.05638 -0.09234 -0.24903 0.01968 0.83879 -0.03115 0.54321
1403638532527829504 0.05633 -0.09236 -0.24900 0.01969 0.83877 -0.03120 0.54323
1403638532627829504 0.05645 -0.09233 -0.24912 0.01970 0.83878 -0.03125 0.54321
1403638532727829504 0.05655 -0.09232 -0.24933 0.01967 0.83874 -0.03130 0.54327
1403638532827829504 0.05660 -0.09228 -0.24930 0.01967 0.83873 -0.03133 0.54329
1403638532927829504 0.05660 -0.09228 -0.24939 0.01973 0.83871 -0.03129 0.54332
1403638533027829504 0.05668 -0.09232 -0.24947 0.01977 0.83868 -0.03133 0.54337
1403638533127829504 0.05669 -0.09231 -0.24941 0.01980 0.83868 -0.03137 0.54336
1403638533227829504 0.05675 -0.09229 -0.24957 0.01982 0.83864 -0.03141 0.54341
1403638533327829504 0.05675 -0.09234 -0.24955 0.01984 0.83863 -0.03142 0.54344
1403638533427829504 0.05671 -0.09234 -0.24955 0.01981 0.83862 -0.03144 0.54345
1403638533527829504 0.05679 -0.09231 -0.24965 0.01985 0.83860 -0.03146 0.54348
1403638533627829504 0.05687 -0.09233 -0.24971 0.01992 0.83859 -0.03145 0.54350
1403638533727829504 0.05674 -0.09233 -0.24966 0.01999 0.83858 -0.03149 0.54350
1403638533827829504 0.05679 -0.09234 -0.24963 0.01994 0.83854 -0.03154 0.54355
1403638533927829504 0.05681 -0.09242 -0.24969 0.01990 0.83856 -0.03146 0.54353
1403638534027829504 0.05678 -0.09239 -0.24969 0.02002 0.83853 -0.03160 0.54357
1403638534127829504 0.05670 -0.09246 -0.24965 0.02010 0.83855 -0.03174 0.54353
1403638534227829504 0.05661 -0.09238 -0.24953 0.01999 0.83853 -0.03179 0.54356
1403638534327829504 0.05673 -0.09232 -0.24960 0.01980 0.83857 -0.03175 0.54351
1403638534427829504 0.05686 -0.09242 -0.24991 0.01970 0.83862 -0.03177 0.54343
1403638534527829504 0.05662 -0.09247 -0.24946 0.01999 0.83862 -0.03203 0.54341
1403638534627829504 0.05659 -0.09237 -0.24942 0.01984 0.83863 -0.03166 0.54341
1403638534727829504 0.05660 -0.09233 -0.24948 0.01969 0.83862 -0.03144 0.54346
1403638534827829504 0.05673 -0.09233 -0.24954 0.01978 0.83860 -0.03153 0.54348
1403638534927829504 0.05672 -0.09238 -0.24956 0.02003 0.83859 -0.03169 0.54348
1403638535027829504 0.05659 -0.09240 -0.24941 0.01994 0.83859 -0.03161 0.54348
1403638535127829504 0.05661 -0.09241 -0.24941 0.01993 0.83862 -0.03159 0.54343
1403638535227829504 0.05655 -0.09241 -0.24944 0.01986 0.83858 -0.03159 0.54350
1403638535327829504 0.05659 -0.09240 -0.24945 0.01983 0.83860 -0.03158 0.54348
1403638535427829504 0.05658 -0.09233 -0.24936 0.01978 0.83853 -0.03144 0.54358
1403638535527829504 0.05658 -0.09235 -0.24930 0.01972 0.83853 -0.03147 0.54360
1403638535627829504 0.05663 -0.09227 -0.24934 0.01972 0.83854 -0.03140 0.54357
1403638535727829504 0.05668 -0.09230 -0.24935 0.01963 0.83850 -0.03139 0.54364
1403638535827829504 0.05662 -0.09227 -0.24932 0.01955 0.83847 -0.03135 0.54369
1403638535927829504 0.05664 -0.09224 -0.24932 0.01939 0.83844 -0.03129 0.54374
1403638536027829504 0.05670 -0.09221 -0.24935 0.01922 0.83842 -0.03119 0.54379
1403638536127829504 0.05669 -0.09220 -0.24940 0.01910 0.83840 -0.03115 0.54383
1403638536227829504 0.05673 -0.09217 -0.24930 0.01898 0.83837 -0.03111 0.54388
1403638536327829504 0.05675 -0.09211 -0.24930 0.01889 0.83829 -0.03103 0.54401
1403638536427829504 0.05676 -0.09212 -0.24928 0.01885 0.83828 -0.03103 0.54403
1403638536527829504 0.05674 -0.09208 -0.24924 0.01874 0.83827 -0.03090 0.54405
1403638536627829504 0.05682 -0.09208 -0.24932 0.01865 0.83822 -0.03092 0.54414
1403638536727829504 0.05680 -0.09207 -0.24926 0.01867 0.83820 -0.03080 0.54418
1403638536827829504 0.05674 -0.09205 -0.24931 0.01863 0.83818 -0.03083 0.54420
1403638536927829504 0.05674 -0.09210 -0.24926 0.01860 0.83817 -0.03082 0.54422
1403638537027829504 0.05670 -0.09202 -0.24921 0.01858 0.83817 -0.03075 0.54422
1403638537127829504 0.05684 -0.09203 -0.24926 0.01863 0.83814 -0.03066 0.54427
1403638537227829504 0.05683 -0.09202 -0.24921 0.01856 0.83812 -0.03067 0.54430
1403638537327829504 0.05683 -0.09200 -0.24919 0.01849 0.83808 -0.03063 0.54437
1403638537427829504 0.05688 -0.09195 -0.24921 0.01842 0.83805 -0.03057 0.54442
1403638537527829504 0.05692 -0.09193 -0.24923 0.01838 0.83803 -0.03048 0.54446
1403638537627829504 0.05691 -0.09189 -0.24918 0.01846 0.83802 -0.03034 0.54448
1403638537727829504 0.05690 -0.09192 -0.24918 0.01849 0.83807 -0.03040 0.54440
1403638537827829504 0.05685 -0.09191 -0.24912 0.01845 0.83805 -0.03037 0.54444
1403638537927829504 0.05697 -0.09193 -0.24919 0.01839 0.83801 -0.03029 0.54451
1403638538027829504 0.05690 -0.09187 -0.24905 0.01842 0.83805 -0.03031 0.54443
1403638538127829504 0.05692 -0.09189 -0.24901 0.01850 0.83797 -0.03026 0.54456
1403638538227829504 0.05693 -0.09185 -0.24905 0.01850 0.83796 -0.03029 0.54457
1403638538327829504 0.05697 -0.09189 -0.24911 0.01847 0.83796 -0.03017 0.54459
1403638538427829504 0.05707 -0.09191 -0.24909 0.01849 0.83785 -0.03020 0.54476
1403638538527829504 0.05708 -0.09186 -0.24899 0.01849 0.83784 -0.03027 0.54476
1403638538627829504 0.05689 -0.09190 -0.24878 0.01863 0.83763 -0.03040 0.54508
1403638538727829504 0.05693 -0.09191 -0.24875 0.01870 0.83730 -0.03028 0.54558
1403638538827829504 0.05783 -0.09165 -0.24864 0.01817 0.83677 -0.02974 0.54644
1403638538927829504 0.05997 -0.09110 -0.24678 0.01808 0.83383 -0.02901 0.55096
1403638539027829504 0.06455 -0.09092 -0.24368 0.01899 0.82927 -0.02982 0.55773
1403638539127829504 0.07210 -0.09054 -0.23902 0.01862 0.82258 -0.03142 0.56748
1403638539227829504 0.08198 -0.09005 -0.22842 0.01820 0.81772 -0.03092 0.57449
1403638539327829504 0.09271 -0.08993 -0.20937 0.01762 0.81677 -0.03064 0.57588
1403638539427829504 0.10268 -0.08993 -0.18300 0.01763 0.81832 -0.02958 0.57373
1403638539527829504 0.11130 -0.08996 -0.15051 0.01740 0.82023 -0.02842 0.57107
1403638539627829504 0.12272 -0.09046 -0.11910 0.01666 0.82086 -0.02758 0.57022
1403638539727829504 0.13394 -0.09000 -0.09672 0.01614 0.82147 -0.02657 0.56940
1403638539827829504 0.14538 -0.08958 -0.08513 0.01606 0.82303 -0.02518 0.56722
1403638539927829504 0.16132 -0.08927 -0.07603 0.01496 0.82685 -0.02446 0.56170
1403638540027829504 0.17844 -0.08878 -0.06762 0.01384 0.83226 -0.02474 0.55366
1403638540127829504 0.20027 -0.08745 -0.06039 0.01382 0.83807 -0.02438 0.54484
1403638540227829504 0.22990 -0.08654 -0.05140 0.01427 0.83794 -0.02313 0.54508
1403638540327829504 0.26664 -0.08566 -0.04038 0.01463 0.83172 -0.02229 0.55456
1403638540427829504 0.30753 -0.08383 -0.03137 0.01368 0.82702 -0.01849 0.56170
1403638540527829504 0.35206 -0.07993 -0.02364 0.00829 0.82630 -0.00997 0.56309
1403638540627829504 0.39833 -0.07410 -0.01659 -0.00044 0.82605 0.00393 0.56358
1403638540727829504 0.44751 -0.06656 -0.01042 -0.00744 0.82457 0.02525 0.56515
1403638540827829504 0.49848 -0.05681 -0.00492 -0.01632 0.82310 0.05151 0.56532
1403638540927829504 0.55113 -0.04331 -0.00254 -0.02800 0.82121 0.07952 0.56436
1403638541027829504 0.60312 -0.02507 -0.00010 -0.04289 0.81874 0.10192 0.56342
1403638541127829504 0.65563 -0.00054 0.00035 -0.05502 0.81591 0.11794 0.56334
1403638541227829504 0.70948 0.02628 -0.00472 -0.06250 0.81465 0.12879 0.56201
1403638541327829504 0.76326 0.05763 -0.00774 -0.06629 0.81389 0.13451 0.56133
1403638541427829504 0.81604 0.09275 -0.00362 -0.06868 0.81397 0.13559 0.56067
1403638541527829504 0.86676 0.13252 0.00552 -0.06742 0.81280 0.13625 0.56236
1403638541627829504 0.91979 0.17890 0.02143 -0.06845 0.81119 0.13837 0.56404
1403638541727829504 0.97165 0.23144 0.04432 -0.07565 0.80923 0.14258 0.56489
1403638541827829504 1.02362 0.28830 0.07443 -0.08797 0.80798 0.14893 0.56324
1403638541927829504 1.07111 0.34847 0.10515 -0.09969 0.80647 0.16041 0.56030
1403638542027829504 1.11324 0.41234 0.13395 -0.11254 0.80414 0.17584 0.55657
1403638542127829504 1.15184 0.47436 0.15358 -0.12613 0.80046 0.19494 0.55259
1403638542227829504 1.19325 0.53871 0.16812 -0.14218 0.79578 0.21574 0.54770
1403638542327829504 1.23165 0.60449 0.17790 -0.15667 0.78973 0.23911 0.54279
1403638542427829504 1.27374 0.67256 0.18688 -0.16706 0.77778 0.25921 0.54769
1403638542527829504 1.31543 0.74009 0.19096 -0.16827 0.76361 0.27799 0.55795
1403638542627829504 1.35162 0.81202 0.19655 -0.16573 0.75476 0.29222 0.56346
1403638542727829504 1.38075 0.88652 0.20587 -0.16955 0.75498 0.29639 0.55983
1403638542827829504 1.40060 0.96352 0.22199 -0.17869 0.75960 0.29351 0.55221
1403638542927829504 1.41547 1.04293 0.24370 -0.18434 0.76525 0.29013 0.54428
1403638543027829504 1.42056 1.12069 0.27362 -0.18732 0.76925 0.28746 0.53901
1403638543127829504 1.43971 1.20335 0.29952 -0.18880 0.77190 0.28413 0.53647
1403638543227829504 1.45284 1.28334 0.32028 -0.18776 0.77303 0.28227 0.53618
1403638543327829504 1.46401 1.36542 0.33442 -0.18751 0.77390 0.27973 0.53635
1403638543427829504 1.47600 1.44881 0.34496 -0.18833 0.77395 0.28099 0.53533
1403638543527829504 1.48937 1.53354 0.35156 -0.19189 0.77211 0.28794 0.53303
1403638543627829504 1.50106 1.62338 0.35244 -0.19654 0.76724 0.30306 0.52997
1403638543727829504 1.51119 1.71382 0.35715 -0.20543 0.75984 0.32197 0.52609
1403638543827829504 1.51724 1.80386 0.36664 -0.21505 0.74939 0.34454 0.52293
1403638543927829504 1.52256 1.89739 0.38557 -0.22906 0.73939 0.36472 0.51751
1403638544027829504 1.52823 1.99213 0.40878 -0.24354 0.73244 0.37892 0.51052
1403638544127829504 1.53366 2.08309 0.43419 -0.25505 0.72870 0.38814 0.50329
1403638544227829504 1.54122 2.17473 0.45591 -0.26449 0.72570 0.39251 0.49934
1403638544327829504 1.54897 2.26704 0.46930 -0.26883 0.72387 0.39568 0.49718
1403638544427829504 1.55828 2.36001 0.47777 -0.26987 0.72441 0.39692 0.49482
1403638544527829504 1.57072 2.45834 0.48438 -0.26903 0.72367 0.39703 0.49628
1403638544627829504 1.58150 2.55493 0.49562 -0.27360 0.71835 0.39625 0.50210
1403638544727829504 1.59313 2.65346 0.51058 -0.27737 0.71383 0.39629 0.50642
1403638544827829504 1.60096 2.74809 0.53022 -0.27632 0.71547 0.39836 0.50305
1403638544927829504 1.61013 2.84253 0.54331 -0.27522 0.71828 0.39998 0.49834
1403638545027829504 1.62276 2.93632 0.54871 -0.27660 0.71770 0.40021 0.49823
1403638545127829504 1.63049 3.02197 0.55054 -0.27789 0.71652 0.40060 0.49889
1403638545227829504 1.64206 3.11278 0.54466 -0.27672 0.71675 0.40239 0.49777
1403638545327829504 1.65438 3.20573 0.53444 -0.27741 0.71467 0.40277 0.50006
1403638545427829504 1.66354 3.29538 0.51994 -0.27953 0.71365 0.40201 0.50096
1403638545527829504 1.67482 3.38850 0.50448 -0.28249 0.71224 0.40551 0.49848
1403638545627829504 1.68098 3.47442 0.49606 -0.28953 0.70839 0.41440 0.49258
1403638545727829504 1.69025 3.56051 0.49050 -0.29761 0.70166 0.42840 0.48535
1403638545827829504 1.70154 3.64937 0.49547 -0.30760 0.69063 0.44664 0.47847
1403638545927829504 1.71111 3.73737 0.50594 -0.31760 0.67832 0.46756 0.46947
1403638546027829504 1.72049 3.82944 0.52385 -0.32575 0.66549 0.48780 0.46158
1403638546127829504 1.73112 3.92238 0.54056 -0.33179 0.65434 0.50359 0.45624
1403638546227829504 1.73961 4.01792 0.55033 -0.33868 0.64767 0.51269 0.45052
1403638546327829504 1.74778 4.11659 0.55300 -0.34446 0.64437 0.51736 0.44550
1403638546427829504 1.75532 4.21631 0.54987 -0.34909 0.64398 0.51847 0.44116
1403638546527829504 1.76223 4.31520 0.54304 -0.35027 0.64286 0.52032 0.43966
1403638546627829504 1.76682 4.41633 0.53867 -0.35228 0.63897 0.52524 0.43788
1403638546727829504 1.77172 4.51923 0.54369 -0.35592 0.63389 0.53094 0.43545
1403638546827829504 1.77585 4.62649 0.55763 -0.35669 0.62939 0.53655 0.43445
1403638546927829504 1.77581 4.73357 0.57466 -0.35684 0.62624 0.54061 0.43386
1403638547027829504 1.77901 4.84288 0.58814 -0.35556 0.62298 0.54446 0.43478
1403638547127829504 1.77725 4.95581 0.59186 -0.35199 0.62030 0.54820 0.43681
1403638547227829504 1.77240 5.06735 0.59327 -0.35009 0.61891 0.55023 0.43776
1403638547327829504 1.76243 5.17883 0.58987 -0.34884 0.61803 0.55096 0.43909
1403638547427829504 1.74443 5.28585 0.57912 -0.35418 0.62132 0.54724 0.43479
1403638547527829504 1.72774 5.39840 0.56908 -0.35888 0.62471 0.54333 0.43096
1403638547627829504 1.70799 5.50717 0.55214 -0.36105 0.62704 0.54079 0.42896
1403638547727829504 1.68496 5.61305 0.52716 -0.36009 0.62715 0.54052 0.42995
1403638547827829504 1.66547 5.72764 0.50327 -0.35589 0.62499 0.54275 0.43377
1403638547927829504 1.64255 5.84280 0.47715 -0.35564 0.62470 0.54278 0.43435
1403638548027829504 1.61679 5.96440 0.45866 -0.35700 0.62407 0.54389 0.43276
1403638548127829504 1.58576 6.07533 0.44279 -0.36070 0.62098 0.54779 0.42920
1403638548227829504 1.55411 6.20303 0.43985 -0.36645 0.61553 0.55435 0.42371
1403638548327829504 1.51862 6.31805 0.44525 -0.37408 0.60713 0.56395 0.41643
1403638548427829504 1.48268 6.44104 0.45590 -0.38099 0.59710 0.57592 0.40821
1403638548527829504 1.44749 6.57906 0.46989 -0.38850 0.58838 0.58425 0.40191
1403638548627829504 1.41311 6.68886 0.48158 -0.39369 0.58085 0.59108 0.39779
1403638548727829504 1.37926 6.81709 0.49027 -0.39730 0.57620 0.59553 0.39432
1403638548827829504 1.34529 6.92872 0.50236 -0.39976 0.57311 0.59861 0.39167
1403638548927829504 1.31147 7.04856 0.52087 -0.40178 0.57131 0.59994 0.39018
1403638549027829504 1.27552 7.17735 0.54314 -0.40086 0.57057 0.60177 0.38940
1403638549127829504 1.24106 7.29709 0.57320 -0.40318 0.57103 0.60038 0.38847
1403638549227829504 1.20583 7.42280 0.60800 -0.40361 0.57110 0.59994 0.38861
1403638549327829504 1.17272 7.55323 0.64916 -0.40520 0.57236 0.59821 0.38778
1403638549427829504 1.13661 7.68171 0.68905 -0.40762 0.57368 0.59574 0.38708
1403638549527829504 1.10441 7.80899 0.72504 -0.40840 0.57499 0.59437 0.38642
1403638549627829504 1.07032 7.94274 0.75518 -0.41040 0.57428 0.59243 0.38832
1403638549727829504 1.03967 8.07291 0.78259 -0.40927 0.57375 0.59236 0.39042
1403638549827829504 1.00601 8.20771 0.81284 -0.40931 0.57537 0.59201 0.38850
1403638549927829504 0.97844 8.34590 0.85029 -0.40731 0.57625 0.59281 0.38808
1403638550027829504 0.94830 8.48049 0.89595 -0.40800 0.57714 0.59226 0.38687
1403638550127829504 0.92166 8.61835 0.94833 -0.40907 0.57806 0.59180 0.38509
1403638550227829504 0.89303 8.76052 1.00985 -0.40880 0.57779 0.59257 0.38457
1403638550327829504 0.86705 8.90527 1.07504 -0.40822 0.57690 0.59329 0.38542
1403638550427829504 0.84085 9.05438 1.13944 -0.41022 0.57647 0.59243 0.38526
1403638550527829504 0.81784 9.20178 1.19186 -0.41279 0.57775 0.59091 0.38293
1403638550627829504 0.79844 9.34136 1.24234 -0.41734 0.57711 0.58788 0.38362
1403638550727829504 0.78216 9.49323 1.28659 -0.42177 0.57594 0.58494 0.38504
1403638550827829504 0.77107 9.62696 1.32386 -0.42541 0.57373 0.58212 0.38857
1403638550927829504 0.76292 9.76162 1.36236 -0.43193 0.56939 0.57715 0.39512
1403638551027829504 0.75684 9.89252 1.39434 -0.43721 0.56645 0.57321 0.39927
1403638551127829504 0.75455 10.01885 1.42703 -0.44046 0.56567 0.57077 0.40030
1403638551227829504 0.75637 10.13445 1.46150 -0.44413 0.56618 0.56875 0.39839
1403638551327829504 0.76276 10.24849 1.50389 -0.44129 0.57066 0.56795 0.39628
1403638551427829504 0.77524 10.36644 1.54494 -0.43539 0.58144 0.56162 0.39616
1403638551527829504 0.79748 10.46949 1.58193 -0.42833 0.59643 0.54929 0.39885
1403638551627829504 0.82716 10.58335 1.61398 -0.42239 0.61343 0.53182 0.40307
1403638551727829504 0.86267 10.68526 1.63902 -0.41462 0.62921 0.51378 0.41015
1403638551827829504 0.90840 10.78306 1.65681 -0.40528 0.64313 0.49621 0.41941
1403638551927829504 0.96117 10.87616 1.67296 -0.39352 0.65021 0.48547 0.43208
1403638552027829504 1.02213 10.95651 1.69809 -0.38327 0.65211 0.47926 0.44516
1403638552127829504 1.08462 11.04012 1.72833 -0.37547 0.65531 0.47540 0.45120
1403638552227829504 1.15251 11.10839 1.76493 -0.37073 0.66034 0.47347 0.44982
1403638552327829504 1.22369 11.17141 1.80392 -0.36859 0.66305 0.47232 0.44881
1403638552427829504 1.29937 11.23014 1.83954 -0.37445 0.66164 0.46726 0.45132
1403638552527829504 1.37971 11.28130 1.87085 -0.38141 0.65822 0.46246 0.45541
1403638552627829504 1.46424 11.32609 1.89465 -0.38499 0.65477 0.46097 0.45888
1403638552727829504 1.55236 11.36296 1.91227 -0.38477 0.65394 0.46284 0.45836
1403638552827829504 1.64485 11.39209 1.92485 -0.38350 0.65269 0.46588 0.45813
1403638552927829504 1.74112 11.41534 1.93292 -0.37952 0.65106 0.47156 0.45795
1403638553027829504 1.83940 11.42992 1.93800 -0.37476 0.64855 0.47749 0.45928
1403638553127829504 1.93847 11.44016 1.93769 -0.37528 0.64549 0.47981 0.46075
1403638553227829504 2.03716 11.44292 1.93727 -0.38360 0.64047 0.47598 0.46485
1403638553327829504 2.13804 11.44023 1.93807 -0.38859 0.63464 0.47437 0.47032
1403638553427829504 2.23940 11.42869 1.94535 -0.38661 0.62933 0.47704 0.47635
1403638553527829504 2.33770 11.40410 1.95828 -0.38356 0.62473 0.48028 0.48158
1403638553627829504 2.43637 11.36877 1.97560 -0.38074 0.62168 0.48288 0.48515
1403638553727829504 2.53030 11.32125 2.00079 -0.37916 0.62130 0.48480 0.48496
1403638553827829504 2.61923 11.26161 2.03322 -0.37690 0.62262 0.48672 0.48310
1403638553927829504 2.70923 11.20146 2.07242 -0.37470 0.62445 0.48817 0.48099
1403638554027829504 2.78968 11.12690 2.10516 -0.37487 0.62910 0.48798 0.47495
1403638554127829504 2.87975 11.05827 2.13813 -0.37257 0.63084 0.48990 0.47247
1403638554227829504 2.95679 10.97335 2.15875 -0.36405 0.63575 0.49614 0.46598
1403638554327829504 3.04123 10.89852 2.17647 -0.35682 0.64015 0.50167 0.45958
1403638554427829504 3.11860 10.81760 2.18855 -0.35301 0.64245 0.50474 0.45593
1403638554527829504 3.18892 10.73245 2.19699 -0.35145 0.64314 0.50607 0.45470
1403638554627829504 3.26253 10.65294 2.20374 -0.35424 0.64491 0.50471 0.45153
1403638554727829504 3.33499 10.57495 2.21503 -0.35989 0.64588 0.50108 0.44970
1403638554827829504 3.40446 10.49309 2.23104 -0.36442 0.64673 0.49844 0.44777
1403638554927829504 3.47437 10.41387 2.25188 -0.36774 0.64708 0.49588 0.44739
1403638555027829504 3.54859 10.34298 2.27012 -0.36806 0.64908 0.49163 0.44891
1403638555127829504 3.62146 10.26082 2.28155 -0.36197 0.65381 0.48684 0.45221
1403638555227829504 3.70188 10.18733 2.28725 -0.35601 0.66095 0.47885 0.45509
1403638555327829504 3.77912 10.10479 2.28583 -0.35021 0.66640 0.47211 0.45867
1403638555427829504 3.86187 10.02748 2.28703 -0.34262 0.66868 0.46943 0.46381
1403638555527829504 3.94096 9.94479 2.28001 -0.33976 0.67086 0.46584 0.46636
1403638555627829504 4.02163 9.86126 2.28374 -0.33736 0.67195 0.46453 0.46786
1403638555727829504 4.10007 9.78078 2.29114 -0.33750 0.67349 0.46336 0.46669
1403638555827829504 4.17802 9.69639 2.30408 -0.33597 0.67381 0.46452 0.46618
1403638555927829504 4.25597 9.61383 2.32705 -0.33450 0.67343 0.46621 0.46610
1403638556027829504 4.33559 9.53416 2.35280 -0.33361 0.67221 0.46753 0.46717
1403638556127829504 4.41365 9.45845 2.38074 -0.33216 0.67416 0.46883 0.46409
1403638556227829504 4.49242 9.38195 2.39976 -0.32985 0.67871 0.47019 0.45769
1403638556327829504 4.57090 9.31404 2.41635 -0.32860 0.68135 0.47104 0.45378
1403638556427829504 4.65314 9.24524 2.42774 -0.32754 0.68325 0.47184 0.45084
1403638556527829504 4.73687 9.18098 2.43795 -0.32459 0.68675 0.47327 0.44612
1403638556627829504 4.82285 9.13492 2.45307 -0.32861 0.69005 0.46979 0.44176
1403638556727829504 4.91174 9.09029 2.46968 -0.33611 0.68982 0.46391 0.44269
1403638556827829504 5.00717 9.03740 2.49200 -0.34258 0.68706 0.45947 0.44663
1403638556927829504 5.10922 8.99787 2.52308 -0.34730 0.68588 0.45619 0.44815
1403638557027829504 5.21774 8.96038 2.55254 -0.34855 0.68465 0.45575 0.44951
1403638557127829504 5.33257 8.91800 2.57353 -0.34631 0.68277 0.45809 0.45170
1403638557227829504 5.44601 8.86957 2.58736 -0.34539 0.68135 0.45911 0.45352
1403638557327829504 5.56476 8.82779 2.59502 -0.34431 0.68046 0.46034 0.45442
1403638557427829504 5.68517 8.78115 2.60266 -0.34110 0.67829 0.46324 0.45714
1403638557527829504 5.80747 8.74280 2.61577 -0.33559 0.67540 0.46750 0.46115
1403638557627829504 5.93402 8.69885 2.63457 -0.33257 0.67309 0.46991 0.46425
1403638557727829504 6.05852 8.65611 2.65687 -0.33164 0.67237 0.47055 0.46531
1403638557827829504 6.17918 8.61584 2.67613 -0.32978 0.67213 0.47118 0.46635
1403638557927829504 6.29788 8.57535 2.69134 -0.32701 0.67238 0.47279 0.46630
1403638558027829504 6.41658 8.53576 2.69798 -0.32536 0.67502 0.47382 0.46257
1403638558127829504 6.53351 8.49877 2.69867 -0.32316 0.68010 0.47483 0.45559
1403638558227829504 6.64966 8.46590 2.70102 -0.31991 0.68631 0.47633 0.44693
1403638558327829504 6.76593 8.44130 2.71163 -0.31560 0.68803 0.47861 0.44491
1403638558427829504 6.88180 8.42430 2.73295 -0.30929 0.69040 0.48218 0.44180
1403638558527829504 6.99711 8.41598 2.76103 -0.30567 0.69360 0.48374 0.43759
1403638558627829504 7.11341 8.41696 2.79662 -0.31036 0.69504 0.47974 0.43640
1403638558727829504 7.23150 8.42796 2.83489 -0.32066 0.69589 0.47180 0.43625
1403638558827829504 7.35308 8.44535 2.86781 -0.32605 0.69557 0.46743 0.43748
1403638558927829504 7.47783 8.46694 2.89186 -0.32694 0.69245 0.46665 0.44257
1403638559027829504 7.59992 8.49465 2.91078 -0.32755 0.68746 0.46622 0.45028
1403638559127829504 7.72757 8.52307 2.92396 -0.32869 0.68372 0.46578 0.45556
1403638559227829504 7.85718 8.55309 2.93010 -0.32781 0.68042 0.46721 0.45966
1403638559327829504 7.98715 8.58455 2.93023 -0.32613 0.67802 0.46917 0.46239
1403638559427829504 8.11514 8.61720 2.92408 -0.32209 0.67529 0.47273 0.46559
1403638559527829504 8.24239 8.64892 2.91288 -0.32089 0.67331 0.47417 0.46780
1403638559627829504 8.36209 8.68261 2.89662 -0.32118 0.67158 0.47468 0.46957
1403638559727829504 8.48037 8.71906 2.88081 -0.32153 0.67066 0.47525 0.47007
1403638559827829504 8.59680 8.75742 2.87133 -0.32274 0.67123 0.47535 0.46833
1403638559927829504 8.70979 8.79772 2.86491 -0.32301 0.67234 0.47287 0.46905
1403638560027829504 8.81978 8.83739 2.85690 -0.31984 0.67857 0.46357 0.47154
1403638560127829504 8.93171 8.87811 2.84022 -0.31261 0.68809 0.44817 0.47744
1403638560227829504 9.04217 8.91846 2.81798 -0.30118 0.69930 0.42898 0.48604
1403638560327829504 9.14922 8.95694 2.79221 -0.28959 0.70907 0.40640 0.49819
1403638560427829504 9.25317 8.99381 2.76208 -0.27812 0.71785 0.38207 0.51123
1403638560527829504 9.35033 9.02857 2.72845 -0.26570 0.72681 0.35672 0.52336
1403638560627829504 9.44376 9.05805 2.68976 -0.25563 0.73796 0.32904 0.53085
1403638560727829504 9.53286 9.08215 2.64993 -0.24837 0.74901 0.30176 0.53501
1403638560827829504 9.61750 9.09728 2.61484 -0.23796 0.75703 0.27881 0.54088
1403638560927829504 9.70780 9.10564 2.58912 -0.22786 0.76336 0.25631 0.54741
1403638561027829504 9.79502 9.10755 2.57128 -0.21506 0.76638 0.23652 0.55719
1403638561127829504 9.87961 9.10155 2.55972 -0.20360 0.76933 0.21729 0.56521
1403638561227829504 9.95805 9.08698 2.55547 -0.19455 0.77083 0.20170 0.57209
1403638561327829504 10.03192 9.06412 2.55834 -0.18834 0.77264 0.19174 0.57515
1403638561427829504 10.10019 9.03415 2.55940 -0.17614 0.77870 0.19224 0.57064
1403638561527829504 10.16527 8.99938 2.55614 -0.16339 0.78308 0.19726 0.56672
1403638561627829504 10.22771 8.96241 2.54756 -0.15651 0.78574 0.20111 0.56362
1403638561727829504 10.28655 8.92127 2.53542 -0.15511 0.78645 0.20364 0.56211
1403638561827829504 10.34455 8.87911 2.51684 -0.15377 0.78587 0.20564 0.56257
1403638561927829504 10.39826 8.83455 2.49233 -0.14952 0.78582 0.20444 0.56421
1403638562027829504 10.45077 8.78794 2.46735 -0.14418 0.78737 0.19709 0.56605
1403638562127829504 10.50066 8.73951 2.44773 -0.13690 0.78955 0.18746 0.56809
1403638562227829504 10.54645 8.69137 2.43297 -0.13001 0.79105 0.17938 0.57022
1403638562327829504 10.58693 8.64424 2.42580 -0.12399 0.79244 0.16960 0.57262
1403638562427829504 10.62516 8.59560 2.42113 -0.11720 0.79415 0.15588 0.57557
1403638562527829504 10.66036 8.54531 2.42318 -0.10833 0.79753 0.13824 0.57715
1403638562627829504 10.69132 8.49474 2.43192 -0.09968 0.80008 0.11586 0.58010
1403638562727829504 10.72274 8.44278 2.44199 -0.09075 0.80319 0.09104 0.58168
1403638562827829504 10.75125 8.38733 2.45046 -0.07952 0.80555 0.06556 0.58349
1403638562927829504 10.77497 8.32823 2.45343 -0.06583 0.80757 0.04169 0.58461
1403638563027829504 10.79572 8.26628 2.45190 -0.05374 0.80835 0.01891 0.58594
1403638563127829504 10.81389 8.20062 2.44589 -0.04673 0.80939 -0.00506 0.58539
1403638563227829504 10.82712 8.12972 2.43571 -0.03351 0.80809 -0.02085 0.58774
1403638563327829504 10.83604 8.05354 2.42105 -0.02387 0.80381 -0.03174 0.59356
1403638563427829504 10.83949 7.97312 2.40183 -0.02032 0.79543 -0.04011 0.60437
1403638563527829504 10.83100 7.88743 2.37886 -0.01669 0.79329 -0.04287 0.60710
1403638563627829504 10.81824 7.79606 2.35843 -0.01300 0.79596 -0.04195 0.60375
1403638563727829504 10.79586 7.70068 2.34558 -0.01525 0.79885 -0.04249 0.59983
1403638563827829504 10.76930 7.59949 2.33974 -0.01893 0.80027 -0.04244 0.59784
1403638563927829504 10.73690 7.49347 2.34223 -0.02227 0.79965 -0.04129 0.59863
1403638564027829504 10.70041 7.37960 2.34825 -0.02622 0.79924 -0.03895 0.59918
1403638564127829504 10.65610 7.26177 2.34861 -0.02950 0.79901 -0.03559 0.59954
1403638564227829504 10.60774 7.13706 2.34500 -0.02998 0.79815 -0.03009 0.60096
1403638564327829504 10.55667 7.00566 2.34436 -0.02816 0.79697 -0.02359 0.60290
1403638564427829504 10.49568 6.87177 2.34947 -0.02861 0.79490 -0.01968 0.60574
1403638564527829504 10.42865 6.73417 2.36219 -0.02977 0.79489 -0.01731 0.60577
1403638564627829504 10.35241 6.59269 2.37552 -0.03393 0.79709 -0.01805 0.60264
1403638564727829504 10.27424 6.44472 2.38675 -0.03893 0.79861 -0.02110 0.60021
1403638564827829504 10.18655 6.29218 2.38838 -0.04176 0.79891 -0.02413 0.59952
1403638564927829504 10.09671 6.13534 2.38190 -0.04407 0.79819 -0.02653 0.60020
1403638565027829504 9.99884 5.96889 2.35167 -0.04541 0.79817 -0.02738 0.60010
1403638565127829504 9.90327 5.79289 2.30865 -0.04653 0.79889 -0.02780 0.59902
1403638565227829504 9.80072 5.61563 2.25031 -0.04612 0.79971 -0.02729 0.59799
1403638565327829504 9.69454 5.43227 2.19268 -0.04382 0.80061 -0.02632 0.59700
1403638565427829504 9.58529 5.24736 2.13279 -0.04148 0.80148 -0.02497 0.59606
1403638565527829504 9.47361 5.05626 2.07513 -0.03604 0.79940 -0.02337 0.59927
1403638565627829504 9.35689 4.86081 2.02717 -0.02762 0.79772 -0.01991 0.60207
1403638565727829504 9.23681 4.66609 1.98622 -0.01538 0.79864 -0.01356 0.60146
1403638565827829504 9.11236 4.47028 1.95136 -0.00902 0.80153 -0.01097 0.59779
1403638565927829504 8.98098 4.27713 1.92272 -0.00290 0.80381 -0.00894 0.59481
1403638566027829504 8.84580 4.08514 1.89220 -0.00211 0.80500 -0.00992 0.59319
1403638566127829504 8.70707 3.89467 1.85404 -0.00175 0.80510 -0.01028 0.59305
1403638566227829504 8.56528 3.70766 1.80613 -0.00145 0.80473 -0.01004 0.59355
1403638566327829504 8.42550 3.52387 1.75005 -0.00210 0.80573 -0.00993 0.59220
1403638566427829504 8.28576 3.34346 1.68713 -0.00256 0.80556 -0.00867 0.59245
1403638566527829504 8.14701 3.16634 1.61786 -0.00468 0.80586 -0.00797 0.59203
1403638566627829504 8.00502 2.99630 1.54434 -0.00631 0.81239 -0.00665 0.58305
1403638566727829504 7.86915 2.82868 1.46183 -0.00696 0.82469 -0.00517 0.56552
1403638566827829504 7.73955 2.67139 1.37689 -0.00598 0.83431 -0.00185 0.55126
1403638566927829504 7.61797 2.52103 1.28930 -0.00582 0.84047 0.00078 0.54182
1403638567027829504 7.50372 2.36962 1.20111 -0.00695 0.84028 0.00206 0.54210
1403638567127829504 7.39882 2.22331 1.11547 -0.00572 0.82764 0.00419 0.56121
1403638567227829504 7.29722 2.07579 1.02421 -0.00458 0.81630 0.00552 0.57759
1403638567327829504 7.20000 1.93507 0.92709 -0.00160 0.81066 0.00663 0.58548
1403638567427829504 7.10447 1.79869 0.82959 0.00063 0.81028 0.00642 0.58601
1403638567527829504 7.00701 1.66491 0.73712 0.00241 0.81292 0.00543 0.58234
1403638567627829504 6.91238 1.53797 0.65351 0.00469 0.81691 0.00448 0.57672
1403638567727829504 6.82204 1.41512 0.57992 0.00743 0.82020 0.00396 0.57202
1403638567827829504 6.74231 1.30085 0.51733 0.00952 0.82435 0.00374 0.56599
1403638567927829504 6.66731 1.19087 0.46287 0.00721 0.82607 0.00127 0.56351
1403638568027829504 6.59609 1.08640 0.41579 0.00843 0.82683 0.00124 0.56239
1403638568127829504 6.53089 0.98689 0.37930 0.01112 0.82601 0.00275 0.56354
1403638568227829504 6.46498 0.89073 0.34841 0.01320 0.82532 0.00382 0.56450
1403638568327829504 6.40039 0.79934 0.32208 0.01405 0.82547 0.00383 0.56425
1403638568427829504 6.33649 0.71169 0.29041 0.01422 0.82673 0.00346 0.56241
1403638568527829504 6.27739 0.63124 0.25444 0.01515 0.82749 0.00386 0.56127
1403638568627829504 6.22119 0.55473 0.21743 0.01583 0.82908 0.00428 0.55889
1403638568727829504 6.17001 0.48264 0.17807 0.01760 0.83040 0.00594 0.55686
1403638568827829504 6.11855 0.41679 0.14756 0.01566 0.83035 0.00485 0.55700
1403638568927829504 6.07718 0.35778 0.12156 0.01674 0.83030 0.00546 0.55704
1403638569027829504 6.03300 0.30144 0.10617 0.01674 0.82939 0.00538 0.55839
1403638569127829504 5.99836 0.24914 0.09379 0.01835 0.82946 0.00658 0.55823
1403638569227829504 5.96387 0.20486 0.08934 0.02047 0.83092 0.00747 0.55597
1403638569327829504 5.93534 0.16481 0.07936 0.02166 0.83161 0.00770 0.55488
1403638569427829504 5.90906 0.12799 0.06581 0.02257 0.83060 0.00819 0.55635
1403638569527829504 5.89078 0.09864 0.04647 0.02255 0.82936 0.00845 0.55819
1403638569627829504 5.87555 0.07373 0.02811 0.02199 0.82797 0.00780 0.56029
1403638569727829504 5.85963 0.05438 0.01650 0.02282 0.82700 0.00808 0.56168
1403638569827829504 5.85134 0.04578 0.01322 0.02279 0.82635 0.00849 0.56264
1403638569927829504 5.84665 0.04122 0.01626 0.02379 0.82450 0.00911 0.56529
1403638570027829504 5.84485 0.04272 0.01897 0.02154 0.82336 0.00786 0.56706
1403638570127829504 5.84572 0.04984 0.01674 0.01801 0.82359 0.00554 0.56687
1403638570227829504 5.84712 0.05916 0.00696 0.01189 0.82326 0.00219 0.56754
1403638570327829504 5.84951 0.07027 -0.00757 0.00306 0.82319 -0.00412 0.56774
1403638570427829504 5.85199 0.08202 -0.02551 -0.00060 0.82323 -0.01429 0.56753
1403638570527829504 5.85418 0.09041 -0.05102 -0.00684 0.82272 -0.03631 0.56724
1403638570627829504 5.85693 0.09085 -0.08277 -0.01108 0.82005 -0.06549 0.56842
1403638570727829504 5.85648 0.08271 -0.11686 -0.00583 0.81303 -0.09325 0.57467
1403638570827829504 5.85511 0.06481 -0.15195 0.00317 0.80145 -0.12068 0.58575
1403638570927829504 5.85034 0.03610 -0.18961 0.01696 0.79243 -0.14383 0.59252
1403638571027829504 5.83718 -0.00441 -0.23033 0.03193 0.78639 -0.16510 0.59440
1403638571127829504 5.81612 -0.05445 -0.27491 0.05228 0.78805 -0.18098 0.58608
1403638571227829504 5.78631 -0.11271 -0.31262 0.07400 0.79071 -0.18968 0.57734
1403638571327829504 5.75233 -0.17698 -0.33931 0.09240 0.79129 -0.19449 0.57227
1403638571427829504 5.71152 -0.24648 -0.35563 0.10014 0.78935 -0.20054 0.57157
1403638571527829504 5.66678 -0.31967 -0.36401 0.10591 0.78644 -0.20392 0.57334
1403638571627829504 5.61878 -0.39540 -0.37424 0.11252 0.78539 -0.21081 0.57102
1403638571727829504 5.56693 -0.47411 -0.38981 0.11961 0.78569 -0.22243 0.56473
1403638571827829504 5.51203 -0.55634 -0.41055 0.12798 0.78477 -0.23774 0.55788
1403638571927829504 5.45641 -0.64281 -0.43377 0.13540 0.78059 -0.25714 0.55338
1403638572027829504 5.39841 -0.73348 -0.45028 0.14435 0.77473 -0.27683 0.54984
1403638572127829504 5.33631 -0.82838 -0.45861 0.15539 0.76791 -0.29502 0.54692
1403638572227829504 5.26904 -0.92633 -0.46042 0.17217 0.76281 -0.30999 0.54072
1403638572327829504 5.20236 -1.02776 -0.45503 0.18566 0.75919 -0.32792 0.53070
1403638572427829504 5.13438 -1.13341 -0.45695 0.19950 0.75492 -0.34478 0.52098
1403638572527829504 5.06676 -1.24168 -0.46077 0.21234 0.75178 -0.35545 0.51322
1403638572627829504 5.00235 -1.35331 -0.46522 0.22096 0.74877 -0.36214 0.50929
1403638572727829504 4.93939 -1.46832 -0.46424 0.22822 0.74855 -0.36473 0.50455
1403638572827829504 4.87969 -1.58622 -0.45400 0.23419 0.75064 -0.36385 0.49931
1403638572927829504 4.82370 -1.70805 -0.43792 0.23561 0.75248 -0.36319 0.49634
1403638573027829504 4.77410 -1.83157 -0.42005 0.23608 0.75493 -0.36197 0.49327
1403638573127829504 4.72947 -1.95750 -0.40854 0.23489 0.75710 -0.36034 0.49171
1403638573227829504 4.68833 -2.08793 -0.40322 0.23326 0.75801 -0.35852 0.49241
1403638573327829504 4.65258 -2.21959 -0.39747 0.23175 0.75900 -0.35642 0.49313
1403638573427829504 4.62067 -2.35209 -0.39119 0.23291 0.76005 -0.35679 0.49069
1403638573527829504 4.59585 -2.48733 -0.37583 0.23599 0.75986 -0.35687 0.48946
1403638573627829504 4.57686 -2.62328 -0.35362 0.23740 0.75947 -0.35736 0.48902
1403638573727829504 4.56358 -2.75967 -0.32536 0.24193 0.75884 -0.35939 0.48628
1403638573827829504 4.55824 -2.89689 -0.29461 0.25288 0.75181 -0.36376 0.48838
1403638573927829504 4.55702 -3.03601 -0.26807 0.26705 0.73958 -0.37291 0.49259
1403638574027829504 4.56296 -3.16960 -0.24815 0.27476 0.72184 -0.39186 0.49989
1403638574127829504 4.56791 -3.30154 -0.23255 0.28033 0.70106 -0.41558 0.50717
1403638574227829504 4.56936 -3.43260 -0.22270 0.28759 0.68072 -0.43999 0.51022
1403638574327829504 4.56625 -3.55913 -0.21723 0.29859 0.66573 -0.46183 0.50435
1403638574427829504 4.55719 -3.68421 -0.21623 0.31288 0.65446 -0.48068 0.49268
1403638574527829504 4.54231 -3.80512 -0.21640 0.32500 0.64377 -0.49813 0.48146
1403638574627829504 4.52044 -3.92413 -0.20948 0.33592 0.63451 -0.50907 0.47477
1403638574727829504 4.49569 -4.04169 -0.19654 0.34846 0.63169 -0.51333 0.46480
1403638574827829504 4.47047 -4.15382 -0.17901 0.35551 0.63383 -0.51610 0.45334
1403638574927829504 4.44563 -4.26431 -0.16385 0.35449 0.63620 -0.52071 0.44548
1403638575027829504 4.42003 -4.37241 -0.15384 0.35071 0.63711 -0.52440 0.44282
1403638575127829504 4.39595 -4.48078 -0.15105 0.34335 0.63471 -0.52921 0.44631
1403638575227829504 4.36920 -4.59151 -0.15026 0.33890 0.63265 -0.53112 0.45034
1403638575327829504 4.33875 -4.70666 -0.15422 0.33518 0.63339 -0.53156 0.45158
1403638575427829504 4.30525 -4.82203 -0.16109 0.33180 0.63854 -0.53101 0.44744
1403638575527829504 4.26816 -4.93883 -0.17116 0.33035 0.64326 -0.52861 0.44458
1403638575627829504 4.23229 -5.05965 -0.17965 0.33278 0.64988 -0.52389 0.43869
1403638575727829504 4.19456 -5.18640 -0.17934 0.33531 0.65602 -0.51909 0.43329
1403638575827829504 4.15987 -5.31364 -0.17040 0.33639 0.66182 -0.51636 0.42686
1403638575927829504 4.12902 -5.44893 -0.15196 0.33546 0.66365 -0.51518 0.42618
1403638576027829504 4.10175 -5.58476 -0.12466 0.33559 0.66403 -0.51392 0.42701
1403638576127829504 4.07635 -5.73185 -0.09071 0.33627 0.66380 -0.51317 0.42772
1403638576227829504 4.05519 -5.87930 -0.05554 0.33869 0.66285 -0.51154 0.42925
1403638576327829504 4.03724 -6.03533 -0.02601 0.34348 0.66384 -0.50826 0.42780
1403638576427829504 4.02397 -6.19286 -0.00263 0.34694 0.66592 -0.50596 0.42449
1403638576527829504 4.01715 -6.35046 0.01583 0.35254 0.66958 -0.50213 0.41862
1403638576627829504 4.01750 -6.50493 0.03067 0.35634 0.67224 -0.49974 0.41397
1403638576727829504 4.02605 -6.66787 0.04126 0.35954 0.67150 -0.49722 0.41545
1403638576827829504 4.04249 -6.82652 0.04895 0.36423 0.66733 -0.49387 0.42201
1403638576927829504 4.06587 -6.99044 0.04928 0.36406 0.66182 -0.49416 0.43041
1403638577027829504 4.09719 -7.14915 0.04402 0.35980 0.65720 -0.49722 0.43750
1403638577127829504 4.13096 -7.31003 0.04401 0.35638 0.65365 -0.49993 0.44250
1403638577227829504 4.16777 -7.46422 0.05289 0.35399 0.65213 -0.50182 0.44452
1403638577327829504 4.20791 -7.62191 0.06576 0.35791 0.65448 -0.49885 0.44125
1403638577427829504 4.25186 -7.77226 0.08882 0.36422 0.65898 -0.49380 0.43503
1403638577527829504 4.30065 -7.92002 0.11199 0.36470 0.65957 -0.49319 0.43442
1403638577627829504 4.35600 -8.06523 0.13100 0.36184 0.65876 -0.49520 0.43577
1403638577727829504 4.41452 -8.20632 0.14105 0.35954 0.65856 -0.49665 0.43632
1403638577827829504 4.47605 -8.35035 0.14533 0.35704 0.65839 -0.49780 0.43732
1403638577927829504 4.54075 -8.48870 0.14328 0.35703 0.65855 -0.49702 0.43797
1403638578027829504 4.60948 -8.62817 0.14635 0.35787 0.65876 -0.49556 0.43862
1403638578127829504 4.68199 -8.76482 0.15904 0.35519 0.65732 -0.49637 0.44203
1403638578227829504 4.75821 -8.90309 0.17360 0.34696 0.65238 -0.50161 0.44989
1403638578327829504 4.83324 -9.04313 0.18948 0.34079 0.64911 -0.50569 0.45476
1403638578427829504 4.90367 -9.17311 0.20412 0.34067 0.64845 -0.50618 0.45523
1403638578527829504 4.97615 -9.30871 0.21150 0.34065 0.64793 -0.50674 0.45536
1403638578627829504 5.04139 -9.43153 0.21360 0.34187 0.64696 -0.50669 0.45589
1403638578727829504 5.10891 -9.56389 0.21422 0.34584 0.64846 -0.50430 0.45340
1403638578827829504 5.17493 -9.69372 0.20985 0.35120 0.65204 -0.50051 0.44832
1403638578927829504 5.23802 -9.80726 0.20507 0.35552 0.65310 -0.49763 0.44658
1403638579027829504 5.30872 -9.93631 0.20395 0.35732 0.65418 -0.49550 0.44593
1403638579127829504 5.37883 -10.05893 0.21246 0.35764 0.65447 -0.49446 0.44641
1403638579227829504 5.44531 -10.16346 0.22564 0.35750 0.65437 -0.49411 0.44704
1403638579327829504 5.52266 -10.28265 0.24603 0.35422 0.65286 -0.49586 0.44993
1403638579427829504 5.59871 -10.39761 0.26259 0.34638 0.64846 -0.50122 0.45641
1403638579527829504 5.66728 -10.48994 0.27052 0.34136 0.64531 -0.50351 0.46209
1403638579627829504 5.74220 -10.60479 0.28061 0.34281 0.64278 -0.49553 0.47304
1403638579727829504 5.80470 -10.69386 0.27633 0.34377 0.64793 -0.47918 0.48208
1403638579827829504 5.86934 -10.78280 0.27265 0.33721 0.66262 -0.45868 0.48665
1403638579927829504 5.93455 -10.87022 0.26241 0.32274 0.68265 -0.43499 0.49052
1403638580027829504 6.00078 -10.95162 0.24654 0.30609 0.69923 -0.40468 0.50361
1403638580127829504 6.06918 -11.02978 0.23058 0.28874 0.71116 -0.36794 0.52488
1403638580227829504 6.13784 -11.10127 0.21145 0.26488 0.72587 -0.33093 0.54171
1403638580327829504 6.20276 -11.16376 0.18532 0.23580 0.74241 -0.29905 0.55118
1403638580427829504 6.26322 -11.22253 0.15824 0.20555 0.75552 -0.27838 0.55628
1403638580527829504 6.31436 -11.27048 0.12591 0.18438 0.76362 -0.26389 0.55969
1403638580627829504 6.36448 -11.32480 0.09242 0.16824 0.77144 -0.25003 0.56041
1403638580727829504 6.40991 -11.37348 0.06087 0.15481 0.78183 -0.23415 0.55672
1403638580827829504 6.45157 -11.42323 0.03780 0.14785 0.78951 -0.22112 0.55310
1403638580927829504 6.48821 -11.46678 0.02348 0.14395 0.79346 -0.21291 0.55170
1403638581027829504 6.52533 -11.51272 0.01933 0.13965 0.79455 -0.21088 0.55201
1403638581127829504 6.56285 -11.55868 0.02464 0.14065 0.79496 -0.20907 0.55186
1403638581227829504 6.59752 -11.59440 0.04616 0.14359 0.79501 -0.20883 0.55112
1403638581327829504 6.63221 -11.63669 0.05495 0.14744 0.79465 -0.20944 0.55039
1403638581427829504 6.65227 -11.65900 0.08032 0.15074 0.79279 -0.21039 0.55181
1403638581527829504 6.68554 -11.68567 0.10443 0.15374 0.79144 -0.21313 0.55187
1403638581627829504 6.71503 -11.71441 0.12760 0.15753 0.78912 -0.21420 0.55370
1403638581727829504 6.72912 -11.72644 0.15712 0.16192 0.78437 -0.21401 0.55924
1403638581827829504 6.76184 -11.75466 0.16767 0.16350 0.78276 -0.21542 0.56048
1403638581927829504 6.78686 -11.76956 0.18031 0.16668 0.77596 -0.21515 0.56905
1403638582027829504 6.81295 -11.78780 0.18440 0.16872 0.77247 -0.21442 0.57345
1403638582127829504 6.83950 -11.81144 0.19379 0.16671 0.77889 -0.21657 0.56447
1403638582227829504 6.86130 -11.82126 0.21180 0.16413 0.78500 -0.21881 0.55584
1403638582327829504 6.88344 -11.82957 0.24213 0.16620 0.78345 -0.21707 0.55810
1403638582427829504 6.91693 -11.84762 0.27799 0.16785 0.78092 -0.21585 0.56161
1403638582527829504 6.94030 -11.85720 0.32891 0.16862 0.77985 -0.21473 0.56329
1403638582627829504 6.96035 -11.85515 0.38839 0.16925 0.77970 -0.21425 0.56349
1403638582727829504 6.98931 -11.86532 0.45483 0.16829 0.78235 -0.21504 0.55979
1403638582827829504 7.01348 -11.87036 0.52602 0.16759 0.78376 -0.21583 0.55772
1403638582927829504 7.03954 -11.86527 0.59333 0.16736 0.78507 -0.21694 0.55551
1403638583027829504 7.06259 -11.85490 0.65270 0.16657 0.78785 -0.21846 0.55121
1403638583127829504 7.08181 -11.84069 0.70403 0.16609 0.78993 -0.21955 0.54792
1403638583227829504 7.10142 -11.82218 0.74629 0.16521 0.79097 -0.22097 0.54611
1403638583327829504 7.12202 -11.80138 0.78523 0.16567 0.79086 -0.22082 0.54621
1403638583427829504 7.14776 -11.78178 0.81415 0.16535 0.79119 -0.22101 0.54575
1403638583527829504 7.17637 -11.76143 0.84709 0.16508 0.79178 -0.22107 0.54494
1403638583627829504 7.20181 -11.75075 0.86151 0.16548 0.79172 -0.22009 0.54530
1403638583727829504 7.23006 -11.72154 0.91187 0.16680 0.79160 -0.21937 0.54536
1403638583827829504 7.26255 -11.69432 0.95298 0.16738 0.79144 -0.21881 0.54565
1403638583927829504 7.29515 -11.66378 0.98627 0.16708 0.79063 -0.21882 0.54691
1403638584027829504 7.31603 -11.63721 0.97860 0.16783 0.78998 -0.21769 0.54807
1403638584127829504 7.34774 -11.60085 1.00364 0.17200 0.78296 -0.21457 0.55799
1403638584227829504 7.38416 -11.56240 1.02293 0.17602 0.77320 -0.21122 0.57146
1403638584327829504 7.40881 -11.52472 1.01262 0.17704 0.76740 -0.20994 0.57938
1403638584427829504 7.42822 -11.47665 1.00071 0.17685 0.76644 -0.21002 0.58067
1403638584527829504 7.43819 -11.42000 0.99235 0.17624 0.76595 -0.21047 0.58135
1403638584627829504 7.44459 -11.35801 0.99538 0.17591 0.76716 -0.21020 0.57994
1403638584727829504 7.44568 -11.28985 1.00252 0.17385 0.77086 -0.21123 0.57527
1403638584827829504 7.44592 -11.21719 1.02117 0.16957 0.77900 -0.21422 0.56438
1403638584927829504 7.44029 -11.14114 1.03422 0.16463 0.78518 -0.21824 0.55567
1403638585027829504 7.42747 -11.06142 1.03364 0.16295 0.78796 -0.21962 0.55166
1403638585127829504 7.42394 -10.98338 1.03750 0.16165 0.78816 -0.22088 0.55126
1403638585227829504 7.41954 -10.90372 1.03417 0.16164 0.78699 -0.22125 0.55279
1403638585327829504 7.41671 -10.82421 1.02909 0.16272 0.78460 -0.22030 0.55623
1403638585427829504 7.40923 -10.74591 1.02002 0.16242 0.78399 -0.22009 0.55726
1403638585527829504 7.39504 -10.67072 1.00910 0.16251 0.78489 -0.21988 0.55605
1403638585627829504 7.39317 -10.59269 1.01121 0.16173 0.78695 -0.21995 0.55332
1403638585727829504 7.38286 -10.51413 1.02013 0.16044 0.79084 -0.22066 0.54785
1403638585827829504 7.38346 -10.43672 1.04107 0.15776 0.79561 -0.22265 0.54087
1403638585927829504 7.37676 -10.36199 1.06436 0.15463 0.79795 -0.22499 0.53734
1403638586027829504 7.38373 -10.28553 1.09734 0.15479 0.79524 -0.22545 0.54111
1403638586127829504 7.38376 -10.20922 1.12433 0.15697 0.79135 -0.22519 0.54627
1403638586227829504 7.39266 -10.13661 1.14759 0.15874 0.78899 -0.22421 0.54956
1403638586327829504 7.40235 -10.06558 1.16630 0.16198 0.78576 -0.22247 0.55394
1403638586427829504 7.39474 -9.98629 1.18039 0.16961 0.78288 -0.21757 0.55767
1403638586527829504 7.39437 -9.90435 1.18744 0.17631 0.78162 -0.21347 0.55894
1403638586627829504 7.40336 -9.82568 1.18696 0.17387 0.78225 -0.21536 0.55810
1403638586727829504 7.40061 -9.73898 1.18300 0.17041 0.78220 -0.21795 0.55822
1403638586827829504 7.40414 -9.65753 1.17340 0.16723 0.78144 -0.21996 0.55947
1403638586927829504 7.40291 -9.56980 1.15655 0.16720 0.78074 -0.21962 0.56058
1403638587027829504 7.40614 -9.48606 1.13590 0.16636 0.78061 -0.21993 0.56090
1403638587127829504 7.40183 -9.39134 1.11821 0.16566 0.78076 -0.22054 0.56066
1403638587227829504 7.40103 -9.30247 1.10818 0.16548 0.78303 -0.21993 0.55777
1403638587327829504 7.39979 -9.21141 1.10600 0.16521 0.78462 -0.22043 0.55541
1403638587427829504 7.39628 -9.11935 1.10717 0.16379 0.78526 -0.22139 0.55455
1403638587527829504 7.39321 -9.02710 1.10698 0.16247 0.78501 -0.22246 0.55486
1403638587627829504 7.39157 -8.93476 1.10386 0.16152 0.78499 -0.22372 0.55466
1403638587727829504 7.39101 -8.84375 1.09564 0.16182 0.78485 -0.22371 0.55478
1403638587827829504 7.38853 -8.75151 1.08396 0.16110 0.78440 -0.22493 0.55513
1403638587927829504 7.38977 -8.66153 1.06784 0.16077 0.78410 -0.22549 0.55543
1403638588027829504 7.38698 -8.57374 1.04393 0.16054 0.78341 -0.22555 0.55643
1403638588127829504 7.38469 -8.48752 1.01767 0.16382 0.78370 -0.22335 0.55597
1403638588227829504 7.38138 -8.39923 0.99135 0.17017 0.78451 -0.21871 0.55475
1403638588327829504 7.37709 -8.30498 0.96852 0.17097 0.78507 -0.21778 0.55409
1403638588427829504 7.37668 -8.20893 0.95368 0.17085 0.78494 -0.21774 0.55432
1403638588527829504 7.37726 -8.11558 0.94320 0.16869 0.78474 -0.21915 0.55470
1403638588627829504 7.37456 -8.01789 0.94204 0.16638 0.78410 -0.22038 0.55583
1403638588727829504 7.37521 -7.92072 0.94715 0.16370 0.78244 -0.22247 0.55812
1403638588827829504 7.37036 -7.82134 0.95678 0.16285 0.78183 -0.22327 0.55890
1403638588927829504 7.36553 -7.72821 0.95796 0.16150 0.78160 -0.22474 0.55903
1403638589027829504 7.35624 -7.62801 0.95335 0.16140 0.78158 -0.22544 0.55880
1403638589127829504 7.34688 -7.52860 0.94338 0.16286 0.78174 -0.22500 0.55833
1403638589227829504 7.33848 -7.42779 0.92798 0.16303 0.78139 -0.22498 0.55878
1403638589327829504 7.32767 -7.32309 0.90879 0.16325 0.78066 -0.22516 0.55967
1403638589427829504 7.31571 -7.21934 0.89289 0.16265 0.78072 -0.22540 0.55966
1403638589527829504 7.30311 -7.11529 0.88485 0.16250 0.78105 -0.22544 0.55923
1403638589627829504 7.28759 -7.01199 0.88296 0.16291 0.78086 -0.22522 0.55946
1403638589727829504 7.27138 -6.91153 0.89109 0.16229 0.78259 -0.22598 0.55691
1403638589827829504 7.25599 -6.81301 0.90410 0.16197 0.78350 -0.22684 0.55537
1403638589927829504 7.24052 -6.71178 0.90685 0.16318 0.78396 -0.22690 0.55434
1403638590027829504 7.22261 -6.61022 0.90538 0.16223 0.78355 -0.22834 0.55461
1403638590127829504 7.20392 -6.50900 0.89830 0.16288 0.78299 -0.22866 0.55508
1403638590227829504 7.18535 -6.40863 0.88655 0.16327 0.78214 -0.22898 0.55603
1403638590327829504 7.16604 -6.30870 0.87122 0.16327 0.78182 -0.22922 0.55638
1403638590427829504 7.14606 -6.20890 0.85246 0.16374 0.78284 -0.22945 0.55471
1403638590527829504 7.12534 -6.10911 0.83325 0.16264 0.78289 -0.23030 0.55461
1403638590627829504 7.10453 -6.01035 0.81893 0.16185 0.78494 -0.23076 0.55174
1403638590727829504 7.08505 -5.91356 0.81370 0.15971 0.78599 -0.23216 0.55028
1403638590827829504 7.09904 -5.85248 0.83288 0.15988 0.78739 -0.23187 0.54835
1403638590927829504 7.08862 -5.77640 0.84573 0.15893 0.78804 -0.23250 0.54743
1403638591027829504 7.07169 -5.68561 0.86140 0.15780 0.78883 -0.23370 0.54611
1403638591127829504 7.05565 -5.59340 0.87456 0.15723 0.79147 -0.23443 0.54212
1403638591227829504 7.04403 -5.51183 0.88024 0.15573 0.79654 -0.23587 0.53445
1403638591327829504 7.03373 -5.43261 0.88103 0.15250 0.80227 -0.23840 0.52562
1403638591427829504 7.02922 -5.35172 0.87710 0.15014 0.80559 -0.24037 0.52030
1403638591527829504 7.02981 -5.28052 0.86643 0.14726 0.80826 -0.24250 0.51596
1403638591627829504 7.03818 -5.21525 0.85165 0.14527 0.81033 -0.24394 0.51259
1403638591727829504 7.05249 -5.16048 0.83227 0.14499 0.80927 -0.24451 0.51408
1403638591827829504 7.07593 -5.11243 0.81749 0.14636 0.80681 -0.24344 0.51804
1403638591927829504 7.10485 -5.07350 0.80652 0.14749 0.80412 -0.24212 0.52251
1403638592027829504 7.14102 -5.04354 0.80515 0.14792 0.80146 -0.24160 0.52670
1403638592127829504 7.18588 -5.02951 0.81343 0.14790 0.80001 -0.24005 0.52961
1403638592227829504 7.23048 -5.00051 0.83029 0.14378 0.79522 -0.23687 0.53929
1403638592327829504 7.27446 -4.99315 0.85933 0.13636 0.79050 -0.22995 0.55104
1403638592427829504 7.31641 -4.98124 0.89436 0.12499 0.78988 -0.21811 0.55937
1403638592527829504 7.35708 -4.97115 0.93592 0.11438 0.79480 -0.20344 0.56020
1403638592627829504 7.39630 -4.96512 0.98639 0.10766 0.80193 -0.19013 0.55603
1403638592727829504 7.43507 -4.96214 1.04135 0.10205 0.80894 -0.18055 0.55009
1403638592827829504 7.47509 -4.96290 1.08970 0.09693 0.81520 -0.17497 0.54354
1403638592927829504 7.51612 -4.96665 1.13394 0.09507 0.81860 -0.17058 0.54014
1403638593027829504 7.56103 -4.97494 1.16983 0.09408 0.81993 -0.16805 0.53910
1403638593127829504 7.61097 -4.98801 1.20146 0.09364 0.81997 -0.16697 0.53945
1403638593227829504 7.66448 -5.00525 1.23989 0.09646 0.81650 -0.16507 0.54477
1403638593327829504 7.72071 -5.02712 1.28369 0.10438 0.81375 -0.16037 0.54881
1403638593427829504 7.77943 -5.04901 1.32961 0.11437 0.80899 -0.15497 0.55537
1403638593527829504 7.83874 -5.06842 1.36991 0.11962 0.80519 -0.15321 0.56026
1403638593627829504 7.89867 -5.08619 1.40292 0.12260 0.80323 -0.15304 0.56246
1403638593727829504 7.95698 -5.09964 1.43029 0.12440 0.80130 -0.15271 0.56491
1403638593827829504 8.01711 -5.10929 1.45363 0.12318 0.79502 -0.15386 0.57368
1403638593927829504 8.07232 -5.11251 1.48284 0.11717 0.78574 -0.15185 0.58807
1403638594027829504 8.12016 -5.11175 1.51461 0.10928 0.78810 -0.14896 0.58717
1403638594127829504 8.16084 -5.11008 1.55135 0.10382 0.79396 -0.14584 0.58102
1403638594227829504 8.19818 -5.10679 1.58551 0.10381 0.79865 -0.14077 0.57581
1403638594327829504 8.23051 -5.10157 1.61990 0.10400 0.79877 -0.13644 0.57665
1403638594427829504 8.25724 -5.09292 1.65463 0.10833 0.79717 -0.13012 0.57953
1403638594527829504 8.28248 -5.08033 1.69180 0.10682 0.79681 -0.12890 0.58058
1403638594627829504 8.29514 -5.06201 1.73827 0.10099 0.79733 -0.13131 0.58036
1403638594727829504 8.31280 -5.04417 1.78103 0.09727 0.79794 -0.13427 0.57948
1403638594827829504 8.32758 -5.02545 1.81983 0.09577 0.79832 -0.13600 0.57880
1403638594927829504 8.32614 -5.00066 1.85520 0.09567 0.79911 -0.13695 0.57751
1403638595027829504 8.33521 -4.97975 1.87935 0.09506 0.80068 -0.13852 0.57505
1403638595127829504 8.34073 -4.95768 1.89765 0.09495 0.80163 -0.13967 0.57347
1403638595227829504 8.34574 -4.93520 1.91060 0.09582 0.80209 -0.14002 0.57260
1403638595327829504 8.35056 -4.91241 1.91968 0.09629 0.80218 -0.14027 0.57233
1403638595427829504 8.35227 -4.88941 1.92387 0.09595 0.80203 -0.14113 0.57239
1403638595527829504 8.35043 -4.86581 1.92172 0.09601 0.80260 -0.14111 0.57158
1403638595627829504 8.34875 -4.84228 1.92079 0.09661 0.80319 -0.14038 0.57082
1403638595727829504 8.34737 -4.81823 1.92713 0.10085 0.80364 -0.13737 0.57020
1403638595827829504 8.33108 -4.78797 1.94230 0.10366 0.80435 -0.13574 0.56907
1403638595927829504 8.32828 -4.76307 1.93981 0.10490 0.80409 -0.13520 0.56934
1403638596027829504 8.32266 -4.73564 1.92506 0.10891 0.80377 -0.13256 0.56967
1403638596127829504 8.31854 -4.70435 1.90567 0.11926 0.80471 -0.12566 0.56783
1403638596227829504 8.31548 -4.66675 1.89075 0.13123 0.80646 -0.11693 0.56457
1403638596327829504 8.30353 -4.61420 1.88820 0.14221 0.80731 -0.10872 0.56232
1403638596427829504 8.30286 -4.55780 1.88759 0.14900 0.80706 -0.10321 0.56197
1403638596527829504 8.29723 -4.48422 1.90021 0.15564 0.80664 -0.09757 0.56178
1403638596627829504 8.30217 -4.40285 1.91637 0.16296 0.80695 -0.09176 0.56023
1403638596727829504 8.31109 -4.30531 1.94133 0.16931 0.80741 -0.08687 0.55846
1403638596827829504 8.32025 -4.18759 1.97726 0.17349 0.80689 -0.08339 0.55846
1403638596927829504 8.33538 -4.05601 2.01363 0.17582 0.80578 -0.08152 0.55961
1403638597027829504 8.35108 -3.90731 2.05050 0.17750 0.80471 -0.08147 0.56062
1403638597127829504 8.37176 -3.74375 2.08093 0.18014 0.80308 -0.08046 0.56225
1403638597227829504 8.39548 -3.56738 2.10933 0.18052 0.80096 -0.08190 0.56495
1403638597327829504 8.42203 -3.37153 2.12618 0.17683 0.79896 -0.08572 0.56837
1403638597427829504 8.44581 -3.16056 2.13582 0.17060 0.79700 -0.09147 0.57212
1403638597527829504 8.47069 -2.93417 2.14293 0.15843 0.79279 -0.10048 0.57990
1403638597627829504 8.49564 -2.69970 2.14602 0.14907 0.78963 -0.10803 0.58532
1403638597727829504 8.51614 -2.45864 2.14295 0.14861 0.78882 -0.10870 0.58640
1403638597827829504 8.53434 -2.21031 2.13513 0.15389 0.79114 -0.09892 0.58363
1403638597927829504 8.54897 -1.95338 2.12334 0.15805 0.79348 -0.08753 0.58116
1403638598027829504 8.56326 -1.68609 2.11113 0.15570 0.79429 -0.08095 0.58164
1403638598127829504 8.57729 -1.40675 2.10592 0.14009 0.79495 -0.08488 0.58415
1403638598227829504 8.58633 -1.11815 2.10691 0.11919 0.79626 -0.09450 0.58551
1403638598327829504 8.59391 -0.82573 2.10969 0.10486 0.79905 -0.10175 0.58324
1403638598427829504 8.59871 -0.53464 2.10715 0.09778 0.80115 -0.10524 0.58097
1403638598527829504 8.59934 -0.24514 2.09845 0.09397 0.80277 -0.10506 0.57939
1403638598627829504 8.59717 0.04236 2.08010 0.08929 0.80584 -0.09993 0.57677
1403638598727829504 8.59456 0.32768 2.06063 0.08313 0.80736 -0.08960 0.57726
1403638598827829504 8.58900 0.61084 2.04420 0.07421 0.80813 -0.07689 0.57923
1403638598927829504 8.58314 0.89125 2.03294 0.06493 0.81023 -0.06130 0.57927
1403638599027829504 8.57437 1.16917 2.02692 0.05227 0.81161 -0.04562 0.58007
1403638599127829504 8.56560 1.44578 2.02843 0.04143 0.81232 -0.02744 0.58109
1403638599227829504 8.55265 1.72030 2.03510 0.02996 0.81335 -0.00892 0.58093
1403638599327829504 8.53835 1.99304 2.04860 0.01683 0.81490 0.00916 0.57928
1403638599427829504 8.52172 2.26424 2.06830 0.00766 0.81732 0.02560 0.57557
1403638599527829504 8.50578 2.53167 2.08827 0.00073 0.81925 0.03679 0.57226
1403638599627829504 8.48832 2.79998 2.10243 -0.00510 0.82077 0.04213 0.56967
1403638599727829504 8.47050 3.06528 2.10793 -0.00727 0.82190 0.04537 0.56778
1403638599827829504 8.45886 3.32966 2.10487 -0.00835 0.82260 0.04450 0.56681
1403638599927829504 8.44908 3.59307 2.09668 -0.01109 0.82397 0.04070 0.56506
1403638600027829504 8.44292 3.85560 2.08383 -0.01605 0.82355 0.03407 0.56600
1403638600127829504 8.44123 4.11614 2.06691 -0.02409 0.82591 0.02460 0.56276
1403638600227829504 8.44258 4.36957 2.04705 -0.03575 0.82906 0.01299 0.55787
1403638600327829504 8.44535 4.61344 2.02250 -0.04442 0.83103 0.00345 0.55444
1403638600427829504 8.45261 4.84678 2.00080 -0.05212 0.83250 -0.00485 0.55154
1403638600527829504 8.46544 5.06599 1.98829 -0.05319 0.83333 -0.00765 0.55017
1403638600627829504 8.48482 5.26989 1.98497 -0.05269 0.83473 -0.00895 0.54805
1403638600727829504 8.50910 5.45941 1.98933 -0.05315 0.83696 -0.01008 0.54458
1403638600827829504 8.54030 5.63461 1.99962 -0.04948 0.84086 -0.00681 0.53895
1403638600927829504 8.58122 5.79864 2.01153 -0.03374 0.84374 0.00572 0.53566
1403638601027829504 8.62876 5.95068 2.02102 -0.02025 0.84431 0.01697 0.53520
1403638601127829504 8.68314 6.09932 2.02500 -0.01369 0.84296 0.02266 0.53733
1403638601227829504 8.74643 6.23914 2.02649 -0.00522 0.83979 0.03000 0.54206
1403638601327829504 8.81306 6.38445 2.02432 0.00073 0.83217 0.03636 0.55332
1403638601427829504 8.88724 6.53140 2.02230 -0.01000 0.82773 0.03873 0.55969
1403638601527829504 8.96300 6.67929 2.02692 -0.02203 0.82326 0.04820 0.56518
1403638601627829504 9.03943 6.82585 2.03885 -0.03337 0.81946 0.06508 0.56845
1403638601727829504 9.11529 6.96929 2.05774 -0.04574 0.81626 0.08811 0.56909
1403638601827829504 9.18999 7.11333 2.08351 -0.05946 0.81114 0.11571 0.57020
1403638601927829504 9.26086 7.25946 2.11367 -0.07370 0.80578 0.14317 0.56990
1403638602027829504 9.32951 7.40553 2.14141 -0.08676 0.80283 0.16328 0.56681
1403638602127829504 9.39452 7.55320 2.16262 -0.09501 0.79930 0.17854 0.56588
1403638602227829504 9.45550 7.70450 2.17817 -0.10064 0.79250 0.19509 0.56900
1403638602327829504 9.51026 7.85943 2.19107 -0.11413 0.78344 0.21092 0.57333
1403638602427829504 9.56016 8.01661 2.20912 -0.14663 0.76750 0.21816 0.58468
1403638602527829504 9.59942 8.17068 2.23690 -0.18278 0.74379 0.22267 0.60315
1403638602627829504 9.62575 8.31332 2.27135 -0.21228 0.72661 0.23021 0.61154
1403638602727829504 9.63505 8.43683 2.30902 -0.22731 0.71989 0.24686 0.60758
1403638602827829504 9.62708 8.53975 2.35229 -0.23536 0.71547 0.26789 0.60079
1403638602927829504 9.60649 8.62677 2.39851 -0.24916 0.71331 0.28587 0.58939
1403638603027829504 9.57336 8.69531 2.44767 -0.27075 0.71155 0.29943 0.57509
1403638603127829504 9.53484 8.74949 2.48979 -0.28757 0.70330 0.31316 0.56973
1403638603227829504 9.49008 8.78651 2.52205 -0.29191 0.70216 0.32905 0.55990
1403638603327829504 9.43795 8.80634 2.54171 -0.28526 0.71350 0.34609 0.53830
1403638603427829504 9.38354 8.82053 2.55618 -0.27903 0.72402 0.35751 0.51974
1403638603527829504 9.32970 8.83439 2.56871 -0.27676 0.72748 0.36275 0.51244
1403638603627829504 9.27854 8.85077 2.57529 -0.28097 0.72151 0.36459 0.51726
1403638603727829504 9.22744 8.86544 2.57809 -0.27792 0.71317 0.36898 0.52726
1403638603827829504 9.17392 8.87331 2.57185 -0.27173 0.70514 0.37398 0.53767
1403638603927829504 9.11533 8.87694 2.56056 -0.26500 0.69788 0.37819 0.54746
1403638604027829504 9.04936 8.87568 2.54248 -0.25969 0.69277 0.38055 0.55481
1403638604127829504 8.97222 8.87146 2.52453 -0.25610 0.68969 0.38205 0.55926
1403638604227829504 8.88774 8.86149 2.51190 -0.25923 0.69110 0.38061 0.55706
1403638604327829504 8.79193 8.86011 2.50407 -0.26521 0.69795 0.37647 0.54845
1403638604427829504 8.68653 8.83007 2.50592 -0.26766 0.70587 0.37577 0.53750
1403638604527829504 8.57601 8.80711 2.51415 -0.26444 0.71308 0.37797 0.52794
1403638604627829504 8.46363 8.78419 2.52162 -0.26321 0.71624 0.37882 0.52366
1403638604727829504 8.34836 8.75103 2.52252 -0.26751 0.71881 0.37627 0.51978
1403638604827829504 8.23547 8.72380 2.52067 -0.27071 0.72123 0.37398 0.51640
1403638604927829504 8.12350 8.68734 2.52140 -0.26921 0.72528 0.37520 0.51061
1403638605027829504 8.01242 8.65772 2.52716 -0.26600 0.73247 0.37739 0.50030
1403638605127829504 7.90402 8.62225 2.54095 -0.26308 0.73774 0.37959 0.49238
1403638605227829504 7.79958 8.59194 2.56260 -0.25998 0.73953 0.38177 0.48964
1403638605327829504 7.70119 8.56748 2.58076 -0.25530 0.73837 0.38513 0.49123
1403638605427829504 7.60720 8.55063 2.59503 -0.24882 0.73057 0.39001 0.50224
1403638605527829504 7.51328 8.53726 2.60462 -0.24307 0.72025 0.39416 0.51651
1403638605627829504 7.41199 8.52790 2.60781 -0.23696 0.71278 0.39818 0.52654
1403638605727829504 7.30812 8.52565 2.61022 -0.23409 0.70954 0.40007 0.53076
1403638605827829504 7.19750 8.52853 2.62038 -0.23240 0.71018 0.40083 0.53006
1403638605927829504 7.08280 8.53448 2.63775 -0.22958 0.70955 0.40234 0.53099
1403638606027829504 6.96233 8.54740 2.66018 -0.22554 0.70883 0.40401 0.53241
1403638606127829504 6.82973 8.56942 2.67321 -0.22245 0.70896 0.40476 0.53298
1403638606227829504 6.69208 8.59310 2.67984 -0.21929 0.70909 0.40617 0.53303
1403638606327829504 6.54625 8.62004 2.68018 -0.22043 0.71307 0.40430 0.52866
1403638606427829504 6.38902 8.65234 2.67206 -0.22702 0.72346 0.39873 0.51583
1403638606527829504 6.23078 8.68870 2.65814 -0.23526 0.73418 0.39214 0.50185
1403638606627829504 6.07034 8.72985 2.64090 -0.24052 0.74026 0.39092 0.49126
1403638606727829504 5.91240 8.77685 2.61878 -0.24434 0.74149 0.39745 0.48221
1403638606827829504 5.76010 8.83116 2.59307 -0.25072 0.73867 0.40851 0.47395
1403638606927829504 5.61545 8.89487 2.56940 -0.26021 0.73232 0.42270 0.46618
1403638607027829504 5.47644 8.96795 2.55299 -0.27328 0.72376 0.43748 0.45838
1403638607127829504 5.34597 9.04998 2.54659 -0.28985 0.71602 0.44691 0.45119
1403638607227829504 5.22348 9.13827 2.54490 -0.30441 0.70324 0.45283 0.45577
1403638607327829504 5.10687 9.23062 2.53805 -0.31746 0.69144 0.45461 0.46309
1403638607427829504 4.99414 9.32322 2.52190 -0.32676 0.68489 0.45508 0.46589
1403638607527829504 4.88972 9.41687 2.49678 -0.33100 0.68402 0.45564 0.46363
1403638607627829504 4.79228 9.50707 2.46691 -0.33221 0.68276 0.45688 0.46340
1403638607727829504 4.69943 9.59457 2.43484 -0.33202 0.68036 0.45723 0.46671
1403638607827829504 4.61127 9.67937 2.39856 -0.33137 0.68097 0.45693 0.46657
1403638607927829504 4.53710 9.76213 2.35469 -0.33378 0.68527 0.45373 0.46165
1403638608027829504 4.46574 9.84169 2.30942 -0.33615 0.68704 0.45023 0.46073
1403638608127829504 4.39814 9.91950 2.26176 -0.33483 0.68445 0.44925 0.46647
1403638608227829504 4.33747 9.99239 2.20910 -0.33169 0.68040 0.44980 0.47404
1403638608327829504 4.27187 10.06454 2.15191 -0.33188 0.67547 0.44813 0.48247
1403638608427829504 4.21233 10.12829 2.08864 -0.33271 0.67184 0.44730 0.48770
1403638608527829504 4.15001 10.19244 2.01910 -0.33096 0.67375 0.44801 0.48560
1403638608627829504 4.08996 10.24945 1.94796 -0.33321 0.67301 0.44568 0.48723
1403638608727829504 4.03073 10.30132 1.88188 -0.33724 0.67027 0.44339 0.49032
1403638608827829504 3.97023 10.34633 1.81969 -0.33550 0.67293 0.44484 0.48654
1403638608927829504 3.90945 10.38764 1.76462 -0.33361 0.67684 0.44627 0.48108
1403638609027829504 3.85187 10.42268 1.71711 -0.33362 0.68057 0.44654 0.47552
1403638609127829504 3.79646 10.45627 1.67714 -0.33237 0.68212 0.44730 0.47346
1403638609227829504 3.74475 10.48653 1.64106 -0.33911 0.68229 0.44251 0.47295
1403638609327829504 3.69633 10.50996 1.60008 -0.34296 0.68277 0.43951 0.47226
1403638609427829504 3.65251 10.53401 1.55179 -0.33975 0.68271 0.44153 0.47279
1403638609527829504 3.61009 10.54993 1.49712 -0.33604 0.68272 0.44365 0.47344
1403638609627829504 3.57526 10.56922 1.43586 -0.33407 0.68273 0.44470 0.47384
1403638609727829504 3.53938 10.57993 1.37124 -0.33113 0.68148 0.44686 0.47567
1403638609827829504 3.51095 10.59634 1.30979 -0.33151 0.68248 0.44680 0.47401
1403638609927829504 3.48222 10.60496 1.25636 -0.33178 0.68208 0.44657 0.47462
1403638610027829504 3.46097 10.61347 1.21248 -0.33413 0.68092 0.44512 0.47599
1403638610127829504 3.43773 10.61350 1.17600 -0.33741 0.67810 0.44278 0.47987
1403638610227829504 3.41555 10.61072 1.13919 -0.33882 0.67535 0.44171 0.48373
1403638610327829504 3.39529 10.60194 1.09578 -0.34010 0.67448 0.44046 0.48518
1403638610427829504 3.37673 10.58867 1.04548 -0.34142 0.67414 0.43925 0.48583
1403638610527829504 3.35948 10.57059 0.99238 -0.34108 0.67111 0.43920 0.49027
1403638610627829504 3.34293 10.54496 0.93718 -0.34695 0.66402 0.43503 0.49945
1403638610727829504 3.32513 10.51254 0.88215 -0.34721 0.66469 0.43533 0.49812
1403638610827829504 3.30643 10.47086 0.83128 -0.34381 0.67188 0.43892 0.48757
1403638610927829504 3.29127 10.42345 0.79128 -0.34215 0.67471 0.44155 0.48243
1403638611027829504 3.27689 10.37517 0.75493 -0.34491 0.67370 0.43983 0.48344
1403638611127829504 3.26404 10.32083 0.71478 -0.34751 0.67101 0.43883 0.48623
1403638611227829504 3.24951 10.25915 0.66780 -0.34729 0.67032 0.43976 0.48649
1403638611327829504 3.23802 10.19310 0.62609 -0.34460 0.66958 0.44210 0.48730
1403638611427829504 3.22528 10.11985 0.58999 -0.33406 0.66474 0.44909 0.49481
1403638611527829504 3.20811 10.04203 0.56224 -0.32340 0.66161 0.45597 0.49979
1403638611627829504 3.18849 9.96351 0.53805 -0.31818 0.66344 0.45856 0.49834
1403638611727829504 3.16313 9.88206 0.51667 -0.31998 0.66766 0.45684 0.49310
1403638611827829504 3.13605 9.79908 0.49012 -0.32622 0.67363 0.45192 0.48536
1403638611927829504 3.10886 9.71362 0.45897 -0.32982 0.67851 0.44848 0.47928
1403638612027829504 3.08340 9.62930 0.42704 -0.33144 0.68126 0.44686 0.47576
1403638612127829504 3.05945 9.54530 0.39924 -0.33283 0.68322 0.44525 0.47349
1403638612227829504 3.03855 9.46046 0.37867 -0.33205 0.68375 0.44539 0.47314
1403638612327829504 3.02071 9.37512 0.36588 -0.33159 0.68341 0.44559 0.47376
1403638612427829504 3.00544 9.29137 0.35466 -0.33083 0.68236 0.44535 0.47602
1403638612527829504 2.98960 9.20783 0.33610 -0.32889 0.68035 0.44519 0.48037
1403638612627829504 2.97380 9.12302 0.31072 -0.32417 0.67862 0.44699 0.48434
1403638612727829504 2.95749 9.03604 0.27820 -0.32001 0.67687 0.44795 0.48865
1403638612827829504 2.93944 8.95131 0.24494 -0.31910 0.67598 0.44627 0.49201
1403638612927829504 2.91754 8.86123 0.21215 -0.32015 0.67561 0.44376 0.49409
1403638613027829504 2.89638 8.77807 0.18745 -0.31994 0.67811 0.44285 0.49161
1403638613127829504 2.87087 8.69423 0.17187 -0.32007 0.67967 0.44200 0.49014
1403638613227829504 2.84500 8.60938 0.16231 -0.31996 0.68142 0.44174 0.48801
1403638613327829504 2.81525 8.51721 0.15707 -0.31899 0.68199 0.44221 0.48743
1403638613427829504 2.78778 8.43088 0.15546 -0.31833 0.68129 0.44268 0.48841
1403638613527829504 2.75923 8.34642 0.15034 -0.31950 0.68130 0.43922 0.49076
1403638613627829504 2.73004 8.26251 0.13917 -0.32140 0.68307 0.43307 0.49252
1403638613727829504 2.69909 8.17359 0.12109 -0.32549 0.68228 0.42637 0.49675
1403638613827829504 2.66707 8.07456 0.09387 -0.32555 0.68290 0.41906 0.50206
1403638613927829504 2.63775 7.98352 0.06244 -0.32033 0.68739 0.41032 0.50648
1403638614027829504 2.60786 7.87856 0.02573 -0.30998 0.69471 0.39984 0.51129
1403638614127829504 2.57624 7.76853 -0.01499 -0.29720 0.70454 0.38706 0.51525
1403638614227829504 2.54471 7.66137 -0.05145 -0.28377 0.71491 0.37397 0.51820
1403638614327829504 2.50908 7.54545 -0.08092 -0.27397 0.72313 0.36291 0.51992
1403638614427829504 2.47311 7.42991 -0.10248 -0.26879 0.72922 0.35340 0.52067
1403638614527829504 2.43812 7.31376 -0.11512 -0.26593 0.73386 0.34548 0.52093
1403638614627829504 2.40290 7.20344 -0.11945 -0.26233 0.73868 0.33560 0.52241
1403638614727829504 2.37015 7.09166 -0.11306 -0.25987 0.74660 0.32155 0.52121
1403638614827829504 2.33925 6.97769 -0.09771 -0.25460 0.75775 0.30478 0.51779
1403638614927829504 2.31461 6.86288 -0.07482 -0.24387 0.76860 0.28748 0.51686
1403638615027829504 2.29609 6.74519 -0.04927 -0.22941 0.77818 0.26711 0.52006
1403638615127829504 2.28509 6.62579 -0.01898 -0.20918 0.78516 0.24604 0.52842
1403638615227829504 2.28008 6.50627 0.01808 -0.18533 0.78775 0.22515 0.54259
1403638615327829504 2.27842 6.38795 0.05613 -0.16349 0.79144 0.20119 0.55355
1403638615427829504 2.27644 6.26859 0.08823 -0.14295 0.79559 0.17541 0.56198
1403638615527829504 2.27342 6.14898 0.11411 -0.12355 0.80021 0.15008 0.56734
1403638615627829504 2.26859 6.02748 0.13324 -0.10851 0.80322 0.12915 0.57130
1403638615727829504 2.26095 5.90695 0.15257 -0.09851 0.80544 0.11441 0.57313
1403638615827829504 2.25267 5.78949 0.17922 -0.09175 0.80695 0.10354 0.57419
1403638615927829504 2.24361 5.67097 0.20799 -0.08668 0.80829 0.09098 0.57522
1403638616027829504 2.23356 5.55164 0.23145 -0.07865 0.81020 0.07918 0.57543
1403638616127829504 2.22099 5.43224 0.24806 -0.06892 0.81148 0.06660 0.57647
1403638616227829504 2.21025 5.31368 0.24843 -0.05923 0.81339 0.05028 0.57651
1403638616327829504 2.19904 5.19347 0.23282 -0.04685 0.81489 0.03134 0.57687
1403638616427829504 2.18712 5.06951 0.20658 -0.03405 0.81608 0.01252 0.57680
1403638616527829504 2.17490 4.94582 0.17471 -0.02466 0.81732 -0.00299 0.57564
1403638616627829504 2.16352 4.82256 0.14005 -0.01669 0.82059 -0.01383 0.57111
1403638616727829504 2.15261 4.70022 0.10105 -0.01467 0.82808 -0.02326 0.55993
1403638616827829504 2.14234 4.58015 0.05987 -0.01892 0.83590 -0.03233 0.54760
1403638616927829504 2.13812 4.45518 0.02168 -0.01913 0.83801 -0.03504 0.54419
1403638617027829504 2.14077 4.32659 -0.00601 -0.01221 0.83455 -0.03022 0.54996
1403638617127829504 2.15149 4.19684 -0.02368 -0.00538 0.83049 -0.02344 0.55651
1403638617227829504 2.15952 4.06158 -0.03600 -0.00207 0.83003 -0.01769 0.55743
1403638617327829504 2.17459 3.92912 -0.04226 -0.00271 0.83310 -0.01460 0.55293
1403638617427829504 2.19438 3.79980 -0.04173 -0.00187 0.83713 -0.01084 0.54690
1403638617527829504 2.22319 3.67463 -0.03260 -0.00201 0.83884 -0.00744 0.54433
1403638617627829504 2.25691 3.55261 -0.01569 -0.00207 0.83834 -0.00469 0.54513
1403638617727829504 2.29957 3.43846 0.01091 -0.00032 0.83652 -0.00060 0.54793
1403638617827829504 2.34723 3.32823 0.04336 -0.00001 0.83637 0.00200 0.54816
1403638617927829504 2.40096 3.22331 0.08379 -0.00149 0.83520 0.00294 0.54993
1403638618027829504 2.45787 3.12108 0.12213 -0.00247 0.83473 0.00404 0.55064
1403638618127829504 2.51880 3.02160 0.15427 -0.00443 0.83487 0.00442 0.55041
1403638618227829504 2.58307 2.92247 0.18001 -0.00501 0.83460 0.00558 0.55080
1403638618327829504 2.65094 2.82943 0.20113 -0.00465 0.83393 0.00705 0.55181
1403638618427829504 2.72304 2.73811 0.21759 -0.00481 0.83381 0.00807 0.55197
1403638618527829504 2.79839 2.64820 0.23429 -0.00548 0.83329 0.00923 0.55274
1403638618627829504 2.87627 2.56244 0.24675 -0.00279 0.83298 0.00733 0.55324
1403638618727829504 2.95798 2.47904 0.26262 0.00135 0.83284 0.00509 0.55350
1403638618827829504 3.04226 2.40095 0.28354 0.00265 0.83179 0.00107 0.55509
1403638618927829504 3.13105 2.32858 0.30707 0.00746 0.82929 -0.00435 0.55876
1403638619027829504 3.22162 2.25514 0.32739 0.01597 0.82513 -0.01575 0.56449
1403638619127829504 3.31380 2.18259 0.33995 0.02984 0.82196 -0.03168 0.56788
1403638619227829504 3.40576 2.11472 0.34507 0.04351 0.81890 -0.05348 0.56978
1403638619327829504 3.49688 2.04822 0.34271 0.05892 0.81593 -0.07844 0.56977
1403638619427829504 3.58594 1.98494 0.33258 0.07213 0.81195 -0.10193 0.57022
1403638619527829504 3.67514 1.92449 0.32002 0.08031 0.80846 -0.12036 0.57049
1403638619627829504 3.76207 1.86764 0.30467 0.08305 0.80587 -0.13591 0.57027
1403638619727829504 3.84709 1.81066 0.28694 0.07751 0.80359 -0.15081 0.57052
1403638619827829504 3.92878 1.75243 0.26747 0.07515 0.80098 -0.15986 0.57204
1403638619927829504 4.00722 1.69318 0.24333 0.07573 0.79954 -0.16495 0.57253
1403638620027829504 4.07814 1.62980 0.22131 0.07842 0.79830 -0.16701 0.57331
1403638620127829504 4.14724 1.56217 0.20106 0.08175 0.79550 -0.16718 0.57668
1403638620227829504 4.20633 1.49282 0.19051 0.08452 0.79317 -0.16670 0.57962
1403638620327829504 4.26290 1.42015 0.18420 0.08861 0.79477 -0.16416 0.57752
1403638620427829504 4.30882 1.34755 0.18820 0.09003 0.79579 -0.16241 0.57640
1403638620527829504 4.35494 1.27270 0.19414 0.09072 0.79701 -0.16022 0.57522
1403638620627829504 4.39450 1.19695 0.19717 0.08892 0.79915 -0.15935 0.57277
1403638620727829504 4.43495 1.11878 0.19325 0.08512 0.80239 -0.15989 0.56865
1403638620827829504 4.47305 1.04041 0.18424 0.08394 0.80541 -0.15837 0.56497
1403638620927829504 4.50854 0.95797 0.17374 0.08894 0.80715 -0.15222 0.56341
1403638621027829504 4.54571 0.87669 0.15922 0.09357 0.80624 -0.14640 0.56550
1403638621127829504 4.58149 0.79464 0.14441 0.09411 0.80502 -0.14337 0.56791
1403638621227829504 4.61616 0.71649 0.13685 0.09370 0.80343 -0.14106 0.57081
1403638621327829504 4.65401 0.63849 0.13540 0.09527 0.80383 -0.13803 0.57072
1403638621427829504 4.68538 0.56493 0.13442 0.09511 0.80259 -0.13601 0.57298
1403638621527829504 4.71774 0.49424 0.12528 0.09596 0.80051 -0.13348 0.57633
1403638621627829504 4.74502 0.42760 0.11353 0.09579 0.79880 -0.13216 0.57902
1403638621727829504 4.76845 0.36582 0.09609 0.09604 0.79789 -0.13103 0.58050
1403638621827829504 4.78810 0.30630 0.07649 0.09741 0.79553 -0.12955 0.58383
1403638621927829504 4.80342 0.25141 0.05227 0.09877 0.79203 -0.12801 0.58868
1403638622027829504 4.81442 0.19819 0.02649 0.09789 0.79049 -0.12815 0.59086
1403638622127829504 4.81469 0.15608 -0.00067 0.09546 0.79113 -0.13034 0.58992
1403638622227829504 4.81462 0.11292 -0.03053 0.09312 0.79149 -0.13209 0.58943
1403638622327829504 4.80837 0.07403 -0.05374 0.09093 0.79150 -0.13413 0.58929
1403638622427829504 4.79569 0.03690 -0.06826 0.09347 0.79233 -0.13355 0.58792
1403638622527829504 4.77439 0.00758 -0.07215 0.09656 0.79231 -0.13241 0.58770
1403638622627829504 4.75462 -0.02708 -0.07251 0.10147 0.79071 -0.12996 0.58957
1403638622727829504 4.72489 -0.05128 -0.05868 0.10454 0.78266 -0.12865 0.59997
1403638622827829504 4.69204 -0.07440 -0.03969 0.10613 0.77298 -0.12843 0.61216
1403638622927829504 4.64701 -0.08611 -0.01481 0.10577 0.77304 -0.12973 0.61187
1403638623027829504 4.59366 -0.09530 0.00256 0.10340 0.77923 -0.13272 0.60373
1403638623127829504 4.53364 -0.10021 0.01226 0.09969 0.78502 -0.13619 0.59603
1403638623227829504 4.46326 -0.09892 0.01793 0.09589 0.78811 -0.13921 0.59187
1403638623327829504 4.39155 -0.09911 0.01826 0.09360 0.79160 -0.14105 0.58713
1403638623427829504 4.31693 -0.10128 0.01401 0.09384 0.79435 -0.14109 0.58335
1403638623527829504 4.23965 -0.10046 0.00807 0.09261 0.79487 -0.14208 0.58259
1403638623627829504 4.15862 -0.10073 0.00774 0.09545 0.79424 -0.14086 0.58330
1403638623727829504 4.07455 -0.09982 0.01558 0.09727 0.79496 -0.14058 0.58208
1403638623827829504 3.98486 -0.09771 0.02811 0.09900 0.79579 -0.14030 0.58071
1403638623927829504 3.89228 -0.09437 0.04567 0.10069 0.79756 -0.14093 0.57784
1403638624027829504 3.79842 -0.09062 0.05867 0.10090 0.79829 -0.14216 0.57650
1403638624127829504 3.70183 -0.08342 0.06603 0.09877 0.79880 -0.14509 0.57542
1403638624227829504 3.60593 -0.07689 0.06961 0.09631 0.79882 -0.14805 0.57506
1403638624327829504 3.51070 -0.07118 0.07107 0.09523 0.79818 -0.15006 0.57561
1403638624427829504 3.41018 -0.06418 0.06336 0.09518 0.79795 -0.15138 0.57559
1403638624527829504 3.30890 -0.05880 0.05432 0.09397 0.79486 -0.15382 0.57940
1403638624627829504 3.20931 -0.05558 0.04258 0.09114 0.78524 -0.15652 0.59212
1403638624727829504 3.10299 -0.05167 0.02935 0.09554 0.78754 -0.14973 0.59011
1403638624827829504 3.00141 -0.04818 0.02566 0.09882 0.79444 -0.13998 0.58267
1403638624927829504 2.88578 -0.04055 0.02628 0.09623 0.79879 -0.13444 0.57845
1403638625027829504 2.78676 -0.03403 0.03347 0.08894 0.80042 -0.13270 0.57776
1403638625127829504 2.67304 -0.02546 0.03571 0.08070 0.80147 -0.13325 0.57739
1403638625227829504 2.56621 -0.01924 0.03357 0.07656 0.80264 -0.13234 0.57653
1403638625327829504 2.46766 -0.01756 0.03119 0.07515 0.80303 -0.13087 0.57651
1403638625427829504 2.36992 -0.01804 0.02947 0.07454 0.80293 -0.12966 0.57701
1403638625527829504 2.25772 -0.01406 0.03278 0.07452 0.80272 -0.12917 0.57741
1403638625627829504 2.14794 -0.01268 0.04398 0.07511 0.80418 -0.12894 0.57534
1403638625727829504 2.03850 -0.01274 0.06140 0.07408 0.80714 -0.12966 0.57117
1403638625827829504 1.93906 -0.01659 0.07423 0.07347 0.81153 -0.13061 0.56476
1403638625927829504 1.82988 -0.01907 0.08402 0.07474 0.81254 -0.13036 0.56320
1403638626027829504 1.73057 -0.02489 0.08649 0.07470 0.81331 -0.13140 0.56185
1403638626127829504 1.62616 -0.03045 0.08518 0.07305 0.81376 -0.13332 0.56096
1403638626227829504 1.52648 -0.03833 0.07937 0.07465 0.81361 -0.13271 0.56112
1403638626327829504 1.42781 -0.04825 0.06873 0.08093 0.81157 -0.12888 0.56409
1403638626427829504 1.33247 -0.05744 0.05638 0.08652 0.80930 -0.12482 0.56742
1403638626527829504 1.23894 -0.06550 0.03979 0.08800 0.81056 -0.12339 0.56571
1403638626627829504 1.15609 -0.07007 0.02028 0.08696 0.81263 -0.12423 0.56270
1403638626727829504 1.07245 -0.07606 0.00671 0.08536 0.81551 -0.12491 0.55862
1403638626827829504 0.99079 -0.08209 -0.00206 0.08372 0.81873 -0.12585 0.55393
1403638626927829504 0.91211 -0.08798 -0.00024 0.08379 0.82098 -0.12530 0.55071
1403638627027829504 0.83598 -0.09191 0.00376 0.08316 0.82101 -0.12520 0.55078
1403638627127829504 0.76940 -0.09669 0.00392 0.08246 0.82078 -0.12506 0.55125
1403638627227829504 0.70552 -0.10269 -0.00172 0.08186 0.82066 -0.12487 0.55157
1403638627327829504 0.64714 -0.10815 -0.00961 0.08451 0.82062 -0.12262 0.55173
1403638627427829504 0.59783 -0.11226 -0.01879 0.08576 0.82049 -0.12161 0.55196
1403638627527829504 0.55590 -0.11602 -0.03093 0.08552 0.82017 -0.12194 0.55240
1403638627627829504 0.52024 -0.11630 -0.04514 0.08887 0.81809 -0.12059 0.55523
1403638627727829504 0.48066 -0.12010 -0.05845 0.08969 0.81501 -0.12041 0.55965
1403638627827829504 0.44781 -0.12198 -0.07416 0.09087 0.81367 -0.12014 0.56146
1403638627927829504 0.42251 -0.12154 -0.09036 0.09177 0.81485 -0.12012 0.55962
1403638628027829504 0.39873 -0.11900 -0.10582 0.09310 0.81641 -0.12004 0.55714
1403638628127829504 0.37753 -0.11612 -0.11935 0.09373 0.81739 -0.12055 0.55548
1403638628227829504 0.35854 -0.11249 -0.13199 0.09411 0.81753 -0.12126 0.55506
1403638628327829504 0.34167 -0.10574 -0.14243 0.09377 0.81821 -0.12239 0.55385
1403638628427829504 0.32486 -0.09872 -0.14879 0.09123 0.81783 -0.12447 0.55438
1403638628527829504 0.31161 -0.09061 -0.15191 0.08269 0.81213 -0.13091 0.56255
1403638628627829504 0.29928 -0.08304 -0.15224 0.07616 0.80544 -0.13574 0.57188
1403638628727829504 0.28554 -0.07739 -0.15376 0.07362 0.80498 -0.13749 0.57244
1403638628827829504 0.32553 -0.06838 -0.16219 0.07756 0.80662 -0.13561 0.57005
1403638628927829504 0.32318 -0.06399 -0.17374 0.08209 0.80663 -0.13325 0.56997
1403638629027829504 0.31471 -0.06062 -0.18318 0.08718 0.80757 -0.12981 0.56866
1403638629127829504 0.30669 -0.05637 -0.19133 0.09079 0.80881 -0.12708 0.56695
1403638629227829504 0.30272 -0.05414 -0.19564 0.09250 0.80984 -0.12554 0.56554
1403638629327829504 0.30820 -0.04558 -0.19699 0.09400 0.81070 -0.12494 0.56420
1403638629427829504 0.30249 -0.03636 -0.20091 0.09380 0.81480 -0.12582 0.55810
1403638629527829504 0.29968 -0.02753 -0.20347 0.09120 0.81949 -0.12833 0.55105
1403638629627829504 0.31869 -0.02074 -0.20442 0.08422 0.81994 -0.13383 0.55017
1403638629727829504 0.32278 -0.01514 -0.20127 0.07399 0.81606 -0.14170 0.55543
1403638629827829504 0.32646 -0.01329 -0.20042 0.06987 0.81005 -0.14503 0.56382
1403638629927829504 0.33053 -0.01411 -0.20431 0.07479 0.80382 -0.14248 0.57270
1403638630027829504 0.33438 -0.01817 -0.21774 0.08553 0.79778 -0.13539 0.58130
1403638630127829504 0.33650 -0.02123 -0.24267 0.09220 0.79806 -0.13074 0.58095
1403638630227829504 0.33660 -0.02388 -0.27529 0.09489 0.80209 -0.12851 0.57544
1403638630327829504 0.33397 -0.02480 -0.31303 0.09745 0.80872 -0.12791 0.56578
1403638630427829504 0.34206 -0.02019 -0.31562 0.08296 0.81508 -0.13418 0.55745
1403638630527829504 0.37367 -0.01335 -0.31728 0.09215 0.80531 -0.12746 0.57162
1403638630627829504 0.39487 -0.01082 -0.33100 0.09299 0.80462 -0.12794 0.57234
1403638630727829504 0.41331 -0.01675 -0.33961 0.08411 0.83086 -0.12062 0.53670
1403638630827829504 0.41080 -0.02250 -0.34385 0.08830 0.82839 -0.12256 0.53939
1403638630927829504 0.42116 -0.02431 -0.33917 0.08735 0.82943 -0.12086 0.53833
1403638631027829504 0.41892 -0.02320 -0.33265 0.08683 0.82974 -0.12110 0.53789
1403638631127829504 0.41990 -0.02355 -0.33342 0.08646 0.82979 -0.12148 0.53779
1403638631227829504 0.41946 -0.02343 -0.33336 0.08670 0.82978 -0.12136 0.53779
1403638631327829504 0.41971 -0.02356 -0.33336 0.08670 0.82965 -0.12141 0.53797
1403638631427829504 0.41963 -0.02349 -0.33351 0.08694 0.82967 -0.12126 0.53794
1403638631527829504 0.41998 -0.02353 -0.33380 0.08697 0.82974 -0.12135 0.53781
1403638631627829504 0.42016 -0.02363 -0.33404 0.08722 0.82981 -0.12118 0.53771
