1403638522577829632 0.01345 0.00803 0.15519 -0.04174 0.83037 0.01105 0.55553
1403638522677829632 0.01946 0.00867 0.20107 -0.04637 0.82796 0.01474 0.55868
1403638522777829376 0.02649 0.01113 0.24867 -0.04969 0.82203 0.02240 0.56683
1403638522877829632 0.03242 0.01276 0.29790 -0.06253 0.81631 0.02104 0.57384
1403638522977829376 0.03637 0.01014 0.34488 -0.07095 0.81112 0.01625 0.58033
1403638523077829632 0.03793 0.00517 0.37828 -0.07200 0.80857 0.01486 0.58379
1403638523177829632 0.03721 -0.00015 0.39268 -0.07126 0.80756 0.01521 0.58527
1403638523277829376 0.03558 -0.00821 0.38324 -0.06196 0.80516 0.01510 0.58962
1403638523377829632 0.03483 -0.01366 0.35179 -0.05741 0.80409 0.01421 0.59156
1403638523477829376 0.03316 -0.01937 0.30907 -0.05268 0.80776 0.01672 0.58692
1403638523577829632 0.02840 -0.02672 0.25968 -0.04576 0.81697 0.02106 0.57448
1403638523677829632 0.02171 -0.03269 0.21031 -0.03881 0.82631 0.02394 0.56137
1403638523777829376 0.01560 -0.03760 0.16254 -0.03515 0.83085 0.02684 0.55474
1403638523877829632 0.00723 -0.04189 0.11878 -0.03185 0.83138 0.02977 0.55399
1403638523977829376 0.00176 -0.04710 0.08501 -0.02272 0.83141 0.03588 0.55404
1403638524077829632 -0.00239 -0.04854 0.07267 -0.01576 0.83446 0.04430 0.54905
1403638524177829632 -0.00370 -0.04730 0.09236 -0.01651 0.83895 0.04939 0.54171
1403638524277829376 -0.00217 -0.04688 0.13605 -0.02277 0.83995 0.05050 0.53982
1403638524377829632 0.00168 -0.04656 0.19148 -0.03238 0.83711 0.04911 0.54386
1403638524477829376 0.00836 -0.04561 0.25189 -0.03944 0.83046 0.04741 0.55365
1403638524577829632 0.01633 -0.04363 0.31158 -0.04268 0.82156 0.04616 0.56665
1403638524677829632 0.02491 -0.04067 0.36541 -0.03873 0.81504 0.04068 0.57668
1403638524777829376 0.03146 -0.03643 0.40546 -0.02610 0.81115 0.03563 0.58317
1403638524877829632 0.03564 -0.03158 0.43160 -0.02218 0.80957 0.03282 0.58568
1403638524977829376 0.03723 -0.02803 0.44096 -0.02879 0.80798 0.03518 0.58745
1403638525077829632 0.03925 -0.02797 0.42820 -0.02736 0.80534 0.03920 0.59088
1403638525177829632 0.04121 -0.02716 0.39430 -0.02541 0.80387 0.04403 0.59263
1403638525277829376 0.03917 -0.02748 0.34829 -0.02522 0.80649 0.04880 0.58869
1403638525377829632 0.03872 -0.02827 0.29440 -0.02830 0.81539 0.05413 0.57568
1403638525477829376 0.03394 -0.02543 0.24106 -0.03645 0.82764 0.05584 0.55729
1403638525577829632 0.03250 -0.02834 0.19538 -0.04321 0.83668 0.05569 0.54314
1403638525677829632 0.03192 -0.03020 0.15670 -0.04433 0.83958 0.05280 0.53884
1403638525777829376 0.02753 -0.03121 0.12543 -0.04163 0.83789 0.04696 0.54222
1403638525877829632 0.02614 -0.03312 0.10376 -0.03501 0.83421 0.04281 0.54867
1403638525977829376 0.02344 -0.04170 0.09389 -0.02696 0.83281 0.04185 0.55132
1403638526077829632 0.02012 -0.06123 0.09436 -0.02276 0.83438 0.03986 0.54927
1403638526177829632 0.01705 -0.09075 0.10205 -0.02110 0.83675 0.03092 0.54630
1403638526277829376 0.01252 -0.12724 0.11572 -0.01784 0.83581 0.02206 0.54829
1403638526377829632 0.00607 -0.16842 0.13040 -0.01576 0.83168 0.01355 0.55487
1403638526477829376 -0.00262 -0.21430 0.14308 -0.01453 0.82661 0.00252 0.56258
1403638526577829632 -0.01258 -0.26662 0.15214 -0.01324 0.82128 -0.00851 0.57031
1403638526677829632 -0.02408 -0.32670 0.15953 -0.00901 0.81619 -0.01683 0.57747
1403638526777829376 -0.03799 -0.39238 0.16478 -0.00073 0.81315 -0.02222 0.58164
1403638526877829632 -0.05320 -0.45774 0.16817 0.00717 0.81240 -0.02540 0.58250
1403638526977829376 -0.06943 -0.51977 0.17092 0.01151 0.81547 -0.03180 0.57781
1403638527077829632 -0.08348 -0.57785 0.17415 0.01926 0.81999 -0.04495 0.57029
1403638527177829632 -0.09457 -0.62929 0.17941 0.02723 0.82179 -0.06019 0.56594
1403638527277829376 -0.10085 -0.67126 0.18570 0.03871 0.81892 -0.07396 0.56781
1403638527377829632 -0.10204 -0.69535 0.19124 0.05423 0.81380 -0.08278 0.57265
1403638527477829376 -0.09866 -0.69991 0.19420 0.06458 0.81016 -0.08719 0.57608
1403638527577829632 -0.08872 -0.67734 0.19519 0.06793 0.80947 -0.08857 0.57646
1403638527677829632 -0.07417 -0.63650 0.19291 0.06650 0.80999 -0.08512 0.57641
1403638527777829376 -0.05702 -0.58982 0.19202 0.06092 0.81146 -0.07777 0.57599
1403638527877829632 -0.03858 -0.53294 0.19317 0.04698 0.81469 -0.07286 0.57337
1403638527977829376 -0.01776 -0.47233 0.19563 0.03679 0.81568 -0.06791 0.57333
1403638528077829632 0.00113 -0.41337 0.19648 0.02989 0.81451 -0.06036 0.57623
1403638528177829632 0.02092 -0.35792 0.19389 0.01991 0.81500 -0.05126 0.57684
1403638528277829376 0.04442 -0.30785 0.18932 0.00725 0.81646 -0.04054 0.57593
1403638528377829632 0.07481 -0.26871 0.18324 0.00000 0.81612 -0.03238 0.57697
1403638528477829376 0.10977 -0.24108 0.17809 0.00146 0.81540 -0.02901 0.57817
1403638528577829632 0.14354 -0.21749 0.17283 0.00324 0.81734 -0.03367 0.57516
1403638528677829632 0.18150 -0.20311 0.16998 0.00212 0.81874 -0.04131 0.57267
1403638528777829376 0.21182 -0.19427 0.17532 0.00716 0.81802 -0.04647 0.57326
1403638528877829632 0.22823 -0.18669 0.18120 0.00347 0.81711 -0.05404 0.57393
1403638528977829376 0.23032 -0.17687 0.19285 -0.00311 0.81700 -0.06091 0.57341
1403638529077829632 0.21254 -0.16766 0.20889 -0.00175 0.81795 -0.06228 0.57191
1403638529177829632 0.18473 -0.15100 0.21910 0.01535 0.81895 -0.05546 0.57097
1403638529277829376 0.15048 -0.13012 0.21917 0.02717 0.82092 -0.04953 0.56824
1403638529377829632 0.11371 -0.10567 0.20823 0.03151 0.82620 -0.04533 0.56067
1403638529477829376 0.08279 -0.08829 0.18851 0.03034 0.83631 -0.04290 0.54573
1403638529577829632 0.05567 -0.07515 0.16302 0.02822 0.84651 -0.04013 0.53011
1403638529677829632 0.03301 -0.07524 0.13674 0.02920 0.85033 -0.03691 0.52414
1403638529777829376 0.01857 -0.06770 0.11421 0.02860 0.84672 -0.03622 0.53003
1403638529877829632 0.01054 -0.05916 0.09427 0.02748 0.84029 -0.03741 0.54014
1403638529977829376 0.01096 -0.05396 0.07842 0.02725 0.83767 -0.03770 0.54419
1403638530077829632 0.01915 -0.05199 0.06695 0.02808 0.83905 -0.03835 0.54197
1403638530177829632 0.03185 -0.05242 0.05686 0.02925 0.84072 -0.04290 0.53898
1403638530277829376 0.04698 -0.05429 0.04679 0.03158 0.84025 -0.04904 0.53905
1403638530377829632 0.06039 -0.05779 0.03661 0.03430 0.83957 -0.05437 0.53943
1403638530477829376 0.07223 -0.06169 0.02897 0.03478 0.83927 -0.05838 0.53945
1403638530577829632 0.08009 -0.06610 0.02342 0.03431 0.83920 -0.06186 0.53920
1403638530677829632 0.08455 -0.06948 0.01796 0.03558 0.84209 -0.06413 0.53432
1403638530777829376 0.08766 -0.07172 0.01232 0.03585 0.84547 -0.06581 0.52874
1403638530877829632 0.08994 -0.07309 0.00759 0.03404 0.84609 -0.06523 0.52793
1403638530977829376 0.09130 -0.07353 0.00461 0.03296 0.84388 -0.06533 0.53152
1403638531077829632 0.09150 -0.07320 0.00279 0.03390 0.84045 -0.06410 0.53702
1403638531177829632 0.09160 -0.07157 0.00356 0.03477 0.83828 -0.06210 0.54057
1403638531277829376 0.09195 -0.07057 0.00219 0.03776 0.83708 -0.06090 0.54236
1403638531377829632 0.09170 -0.06976 0.00204 0.03792 0.83585 -0.06124 0.54422
1403638531477829376 0.09152 -0.07019 0.00224 0.03830 0.83480 -0.06176 0.54574
1403638531577829632 0.09139 -0.07026 0.00207 0.03898 0.83512 -0.06071 0.54532
1403638531677829632 0.09139 -0.07012 0.00193 0.03819 0.83519 -0.06131 0.54519
1403638531777829376 0.09141 -0.07017 0.00196 0.03883 0.83511 -0.06153 0.54525
1403638531877829632 0.09135 -0.07022 0.00193 0.03918 0.83516 -0.06156 0.54514
1403638531977829376 0.09138 -0.07032 0.00190 0.03960 0.83514 -0.06170 0.54513
1403638532077829632 0.09138 -0.07038 0.00186 0.03993 0.83513 -0.06170 0.54512
1403638532177829632 0.09139 -0.07039 0.00184 0.04004 0.83511 -0.06189 0.54513
1403638532277829376 0.09140 -0.07039 0.00183 0.04007 0.83508 -0.06217 0.54513
1403638532377829632 0.09139 -0.07040 0.00181 0.04013 0.83505 -0.06228 0.54516
1403638532477829376 0.09140 -0.07043 0.00180 0.04021 0.83501 -0.06247 0.54520
1403638532577829632 0.09138 -0.07044 0.00178 0.04033 0.83502 -0.06257 0.54517
1403638532677829632 0.09142 -0.07050 0.00178 0.04052 0.83497 -0.06265 0.54521
1403638532777829376 0.09139 -0.07053 0.00178 0.04071 0.83498 -0.06260 0.54518
1403638532877829632 0.09139 -0.07054 0.00178 0.04086 0.83496 -0.06268 0.54520
1403638532977829376 0.09139 -0.07056 0.00179 0.04093 0.83493 -0.06273 0.54524
1403638533077829632 0.09137 -0.07058 0.00178 0.04102 0.83492 -0.06280 0.54523
1403638533177829632 0.09138 -0.07058 0.00178 0.04103 0.83487 -0.06286 0.54530
1403638533277829376 0.09137 -0.07059 0.00177 0.04104 0.83485 -0.06291 0.54533
1403638533377829632 0.09137 -0.07060 0.00176 0.04113 0.83483 -0.06290 0.54535
1403638533477829376 0.09139 -0.07062 0.00177 0.04113 0.83481 -0.06293 0.54537
1403638533577829632 0.09136 -0.07061 0.00176 0.04115 0.83481 -0.06298 0.54538
1403638533677829632 0.09137 -0.07062 0.00176 0.04117 0.83478 -0.06306 0.54541
1403638533777829376 0.09136 -0.07062 0.00176 0.04121 0.83476 -0.06311 0.54542
1403638533877829632 0.09140 -0.07058 0.00173 0.04103 0.83480 -0.06286 0.54541
1403638533977829376 0.09143 -0.07063 0.00172 0.04120 0.83479 -0.06313 0.54538
1403638534077829632 0.09136 -0.07067 0.00172 0.04164 0.83472 -0.06353 0.54542
1403638534177829632 0.09136 -0.07067 0.00174 0.04132 0.83475 -0.06336 0.54541
1403638534277829376 0.09139 -0.07061 0.00172 0.04109 0.83484 -0.06326 0.54530
1403638534377829632 0.09141 -0.07062 0.00173 0.04114 0.83484 -0.06332 0.54529
1403638534477829376 0.09137 -0.07069 0.00173 0.04133 0.83484 -0.06362 0.54524
1403638534577829632 0.09142 -0.07065 0.00173 0.04122 0.83495 -0.06335 0.54512
1403638534677829632 0.09144 -0.07060 0.00175 0.04104 0.83494 -0.06317 0.54516
1403638534777829376 0.09143 -0.07065 0.00175 0.04117 0.83494 -0.06311 0.54515
1403638534877829632 0.09141 -0.07070 0.00176 0.04148 0.83489 -0.06329 0.54519
1403638534977829376 0.09139 -0.07076 0.00176 0.04157 0.83492 -0.06335 0.54513
1403638535077829632 0.09139 -0.07075 0.00177 0.04146 0.83499 -0.06336 0.54504
1403638535177829632 0.09140 -0.07075 0.00176 0.04139 0.83496 -0.06340 0.54508
1403638535277829376 0.09139 -0.07075 0.00175 0.04132 0.83496 -0.06340 0.54508
1403638535377829632 0.09138 -0.07074 0.00177 0.04138 0.83496 -0.06339 0.54508
1403638535477829376 0.09138 -0.07075 0.00178 0.04148 0.83497 -0.06341 0.54506
1403638535577829632 0.09139 -0.07073 0.00178 0.04145 0.83498 -0.06336 0.54504
1403638535677829632 0.09139 -0.07073 0.00178 0.04141 0.83497 -0.06341 0.54506
1403638535777829376 0.09138 -0.07075 0.00177 0.04146 0.83495 -0.06341 0.54508
1403638535877829632 0.09139 -0.07074 0.00177 0.04137 0.83497 -0.06337 0.54507
1403638535977829376 0.09137 -0.07073 0.00177 0.04134 0.83502 -0.06337 0.54500
1403638536077829632 0.09139 -0.07074 0.00177 0.04132 0.83497 -0.06343 0.54507
1403638536177829632 0.09139 -0.07076 0.00178 0.04131 0.83496 -0.06346 0.54508
1403638536277829376 0.09139 -0.07076 0.00177 0.04135 0.83497 -0.06341 0.54507
1403638536377829632 0.09139 -0.07076 0.00178 0.04137 0.83493 -0.06343 0.54513
1403638536477829376 0.09138 -0.07076 0.00178 0.04137 0.83492 -0.06341 0.54514
1403638536577829632 0.09138 -0.07076 0.00177 0.04129 0.83493 -0.06342 0.54513
1403638536677829632 0.09138 -0.07076 0.00177 0.04128 0.83493 -0.06339 0.54513
1403638536777829376 0.09137 -0.07076 0.00176 0.04133 0.83490 -0.06344 0.54517
1403638536877829632 0.09137 -0.07076 0.00175 0.04124 0.83484 -0.06353 0.54525
1403638536977829376 0.09137 -0.07076 0.00176 0.04118 0.83487 -0.06357 0.54521
1403638537077829632 0.09140 -0.07074 0.00178 0.04120 0.83488 -0.06349 0.54521
1403638537177829632 0.09139 -0.07073 0.00179 0.04135 0.83483 -0.06347 0.54527
1403638537277829376 0.09139 -0.07073 0.00182 0.04148 0.83485 -0.06341 0.54523
1403638537377829632 0.09139 -0.07074 0.00181 0.04147 0.83484 -0.06339 0.54526
1403638537477829376 0.09139 -0.07074 0.00181 0.04143 0.83483 -0.06339 0.54528
1403638537577829632 0.09138 -0.07073 0.00186 0.04148 0.83487 -0.06328 0.54523
1403638537677829632 0.09140 -0.07073 0.00190 0.04154 0.83489 -0.06329 0.54519
1403638537777829376 0.09140 -0.07072 0.00189 0.04149 0.83486 -0.06332 0.54524
1403638537877829632 0.09142 -0.07072 0.00192 0.04160 0.83485 -0.06323 0.54525
1403638537977829376 0.09141 -0.07072 0.00194 0.04164 0.83482 -0.06334 0.54528
1403638538077829632 0.09141 -0.07071 0.00197 0.04160 0.83481 -0.06334 0.54530
1403638538177829632 0.09140 -0.07072 0.00198 0.04164 0.83478 -0.06333 0.54534
1403638538277829376 0.09149 -0.07069 0.00198 0.04165 0.83475 -0.06322 0.54540
1403638538377829632 0.09144 -0.07072 0.00202 0.04182 0.83471 -0.06321 0.54545
1403638538477829376 0.09142 -0.07072 0.00209 0.04180 0.83473 -0.06317 0.54542
1403638538577829632 0.09145 -0.07072 0.00215 0.04203 0.83471 -0.06319 0.54543
1403638538677829632 0.09145 -0.07070 0.00220 0.04184 0.83453 -0.06327 0.54571
1403638538777829376 0.09156 -0.07074 0.00258 0.04168 0.83376 -0.06309 0.54693
1403638538877829632 0.09304 -0.07031 0.00306 0.04094 0.83277 -0.06257 0.54855
1403638538977829376 0.09665 -0.07018 0.00580 0.04175 0.82807 -0.06173 0.55564
1403638539077829632 0.10170 -0.07048 0.00933 0.04327 0.82243 -0.06317 0.56369
1403638539177829632 0.10975 -0.07058 0.01723 0.04257 0.81714 -0.06358 0.57134
1403638539277829376 0.11860 -0.07041 0.03300 0.04247 0.81345 -0.06285 0.57667
1403638539377829632 0.12671 -0.07020 0.05670 0.04209 0.81439 -0.06235 0.57541
1403638539477829376 0.13589 -0.07071 0.08670 0.04180 0.81646 -0.06144 0.57261
1403638539577829632 0.14440 -0.07048 0.12028 0.04160 0.81740 -0.06014 0.57142
1403638539677829632 0.15329 -0.07107 0.14868 0.04003 0.81799 -0.05978 0.57072
1403638539777829376 0.16295 -0.07144 0.16536 0.04049 0.81926 -0.05804 0.56903
1403638539877829632 0.17412 -0.07154 0.17498 0.03963 0.82183 -0.05750 0.56543
1403638539977829376 0.18791 -0.07162 0.18336 0.03788 0.82641 -0.05728 0.55886
1403638540077829632 0.20758 -0.07529 0.19010 0.03758 0.83236 -0.05728 0.54998
1403638540177829632 0.23156 -0.07407 0.19769 0.03741 0.83633 -0.05707 0.54396
1403638540277829376 0.26541 -0.07611 0.20642 0.03804 0.83217 -0.05575 0.55041
1403638540377829632 0.30346 -0.07777 0.21645 0.03884 0.82610 -0.05369 0.55962
1403638540477829376 0.34425 -0.07817 0.22494 0.03573 0.82385 -0.04769 0.56367
1403638540577829632 0.39014 -0.07767 0.23068 0.02855 0.82421 -0.03627 0.56441
1403638540677829632 0.43984 -0.07650 0.23579 0.02025 0.82456 -0.01911 0.56510
1403638540777829376 0.49325 -0.07291 0.24055 0.01239 0.82392 0.00486 0.56656
1403638540877829632 0.54606 -0.06536 0.24555 0.00212 0.82345 0.03283 0.56643
1403638540977829376 0.59959 -0.05282 0.24884 -0.01157 0.82210 0.05908 0.56615
1403638541077829632 0.65320 -0.03656 0.24943 -0.02530 0.82005 0.07854 0.56632
1403638541177829632 0.70610 -0.01581 0.24533 -0.03502 0.81835 0.09182 0.56625
1403638541277829376 0.76209 0.00803 0.24041 -0.04021 0.81761 0.10061 0.56549
1403638541377829632 0.81684 0.03758 0.24133 -0.04323 0.81746 0.10416 0.56483
1403638541477829376 0.87155 0.07191 0.24617 -0.04444 0.81727 0.10435 0.56499
1403638541577829632 0.92553 0.11093 0.25822 -0.04381 0.81585 0.10499 0.56697
1403638541677829632 0.98226 0.15725 0.27729 -0.04810 0.81415 0.10802 0.56849
1403638541777829376 1.03873 0.20819 0.30305 -0.05811 0.81289 0.11365 0.56826
1403638541877829632 1.09214 0.26341 0.33461 -0.07014 0.81155 0.12258 0.56696
1403638541977829376 1.14130 0.32026 0.36418 -0.08206 0.81054 0.13692 0.56351
1403638542077829632 1.18846 0.37914 0.38673 -0.09615 0.80850 0.15399 0.55980
1403638542177829632 1.23290 0.43826 0.40371 -0.11171 0.80471 0.17399 0.55650
1403638542277829376 1.27883 0.49975 0.41428 -0.12668 0.80084 0.19734 0.55106
1403638542377829632 1.32275 0.56110 0.42216 -0.14055 0.79316 0.21923 0.55053
1403638542477829376 1.36692 0.62312 0.42837 -0.14694 0.77955 0.23965 0.55971
1403638542577829632 1.40892 0.68723 0.43222 -0.14329 0.76741 0.25825 0.56909
1403638542677829632 1.44403 0.75477 0.43824 -0.14424 0.76382 0.26776 0.56929
1403638542777829376 1.47187 0.82690 0.45046 -0.15359 0.76774 0.26683 0.56195
1403638542877829632 1.49585 0.90469 0.46984 -0.16043 0.77304 0.26371 0.55419
1403638542977829376 1.51408 0.98295 0.49608 -0.16470 0.77756 0.26055 0.54808
1403638543077829632 1.53033 1.06169 0.52540 -0.16754 0.78110 0.25741 0.54364
1403638543177829632 1.54578 1.14022 0.55004 -0.16756 0.78241 0.25481 0.54298
1403638543277829376 1.56233 1.22028 0.56987 -0.16755 0.78285 0.25221 0.54357
1403638543377829632 1.57740 1.30056 0.58196 -0.16705 0.78395 0.25128 0.54256
1403638543477829376 1.59443 1.38366 0.59062 -0.16932 0.78296 0.25571 0.54122
1403638543577829632 1.61243 1.46773 0.59658 -0.17411 0.78017 0.26651 0.53852
1403638543677829632 1.62826 1.55599 0.59933 -0.18090 0.77462 0.28399 0.53534
1403638543777829376 1.64195 1.64575 0.60483 -0.19103 0.76670 0.30518 0.53155
1403638543877829632 1.65393 1.73117 0.61698 -0.20273 0.75672 0.32764 0.52813
1403638543977829376 1.66865 1.82540 0.63666 -0.21672 0.74838 0.34590 0.52279
1403638544077829632 1.68099 1.91442 0.65964 -0.23173 0.74448 0.35723 0.51424
1403638544177829632 1.69460 2.00486 0.68226 -0.24227 0.74140 0.36384 0.50917
1403638544277829376 1.71098 2.09866 0.69873 -0.24913 0.73890 0.36722 0.50707
1403638544377829632 1.72692 2.19260 0.70943 -0.25076 0.73824 0.36976 0.50536
1403638544477829376 1.74470 2.28184 0.71684 -0.25019 0.73875 0.37100 0.50400
1403638544577829632 1.76374 2.37643 0.72277 -0.25213 0.73608 0.37022 0.50750
1403638544677829632 1.78240 2.47336 0.73695 -0.25724 0.72957 0.36957 0.51476
1403638544777829376 1.80114 2.56640 0.75263 -0.25858 0.72875 0.37056 0.51454
1403638544877829632 1.82170 2.65759 0.76606 -0.25676 0.73204 0.37289 0.50906
1403638544977829376 1.83646 2.75139 0.77689 -0.25699 0.73284 0.37360 0.50728
1403638545077829632 1.85435 2.84182 0.78021 -0.25864 0.73156 0.37362 0.50827
1403638545177829632 1.87109 2.93719 0.77914 -0.25841 0.73118 0.37469 0.50815
1403638545277829376 1.88948 3.02717 0.77039 -0.25777 0.73056 0.37637 0.50812
1403638545377829632 1.90813 3.11621 0.75624 -0.25955 0.72790 0.37548 0.51167
1403638545477829376 1.92268 3.20395 0.74252 -0.26178 0.72777 0.37643 0.51002
1403638545577829632 1.93815 3.29255 0.72827 -0.26597 0.72557 0.38307 0.50603
1403638545677829632 1.95258 3.38053 0.72114 -0.27476 0.72004 0.39451 0.50040
1403638545777829376 1.96599 3.46362 0.72393 -0.28392 0.71227 0.41126 0.49287
1403638545877829632 1.97988 3.54923 0.73123 -0.29491 0.70166 0.43077 0.48491
1403638545977829376 1.99601 3.63744 0.74691 -0.30482 0.68930 0.45278 0.47637
1403638546077829632 2.01208 3.72283 0.76439 -0.31129 0.67748 0.47173 0.47074
1403638546177829632 2.02785 3.81141 0.77681 -0.31894 0.66886 0.48401 0.46543
1403638546277829376 2.04439 3.90521 0.78165 -0.32390 0.66425 0.49151 0.46073
1403638546377829632 2.05943 4.00058 0.78177 -0.33019 0.66277 0.49363 0.45612
1403638546477829376 2.07423 4.09858 0.77656 -0.33290 0.66248 0.49483 0.45326
1403638546577829632 2.08814 4.19579 0.77109 -0.33392 0.66048 0.49799 0.45196
1403638546677829632 2.10075 4.29384 0.77138 -0.33754 0.65568 0.50390 0.44969
1403638546777829376 2.10820 4.39456 0.78180 -0.33975 0.65124 0.50944 0.44825
1403638546877829632 2.12291 4.49845 0.80142 -0.34093 0.64746 0.51463 0.44690
1403638546977829376 2.13332 4.60659 0.81849 -0.33957 0.64425 0.51904 0.44747
1403638547077829632 2.14088 4.71613 0.82771 -0.33778 0.64169 0.52242 0.44857
1403638547177829632 2.14637 4.82544 0.83289 -0.33473 0.63971 0.52564 0.44993
1403638547277829376 2.14891 4.93460 0.83315 -0.33282 0.63834 0.52713 0.45153
1403638547377829632 2.14298 5.04823 0.82754 -0.33601 0.63977 0.52489 0.44975
1403638547477829376 2.13547 5.15717 0.81979 -0.34075 0.64283 0.52118 0.44612
1403638547577829632 2.12212 5.25774 0.80641 -0.34430 0.64603 0.51791 0.44257
1403638547677829632 2.11149 5.36956 0.79005 -0.34477 0.64732 0.51623 0.44228
1403638547777829376 2.09802 5.47185 0.76808 -0.34306 0.64653 0.51693 0.44395
1403638547877829632 2.08465 5.58516 0.74314 -0.33937 0.64374 0.51898 0.44843
1403638547977829376 2.06788 5.69795 0.71978 -0.33959 0.64357 0.51935 0.44807
1403638548077829632 2.04703 5.80750 0.70413 -0.34249 0.64310 0.52170 0.44379
1403638548177829632 2.02714 5.93686 0.69773 -0.34686 0.63939 0.52713 0.43932
1403638548277829376 2.00420 6.05905 0.70018 -0.35361 0.63302 0.53571 0.43273
1403638548377829632 1.98000 6.18385 0.71057 -0.36135 0.62361 0.54728 0.42547
1403638548477829376 1.95472 6.30878 0.72781 -0.36953 0.61402 0.55803 0.41837
1403638548577829632 1.92997 6.43090 0.74328 -0.37610 0.60607 0.56604 0.41330
1403638548677829632 1.90591 6.55131 0.75485 -0.38101 0.60052 0.57159 0.40925
1403638548777829376 1.88203 6.67250 0.76500 -0.38385 0.59660 0.57565 0.40664
1403638548877829632 1.85671 6.80136 0.77907 -0.38517 0.59445 0.57833 0.40474
1403638548977829376 1.83215 6.92508 0.80152 -0.38669 0.59331 0.57934 0.40351
1403638549077829632 1.80586 7.05441 0.82656 -0.38722 0.59304 0.57978 0.40277
1403638549177829632 1.77940 7.18279 0.85782 -0.38841 0.59297 0.57883 0.40309
1403638549277829376 1.75308 7.31316 0.89476 -0.38911 0.59384 0.57787 0.40251
1403638549377829632 1.72676 7.44662 0.93592 -0.39135 0.59537 0.57548 0.40150
1403638549477829376 1.70070 7.57964 0.97423 -0.39318 0.59682 0.57335 0.40061
1403638549577829632 1.67479 7.71422 1.00709 -0.39458 0.59686 0.57164 0.40162
1403638549677829632 1.65268 7.84562 1.03643 -0.39591 0.59636 0.57014 0.40317
1403638549777829376 1.62752 7.98136 1.06511 -0.39423 0.59663 0.57057 0.40381
1403638549877829632 1.60877 8.11252 1.09999 -0.39337 0.59808 0.57081 0.40216
1403638549977829376 1.58929 8.25393 1.14296 -0.39305 0.59902 0.57086 0.40101
1403638550077829632 1.56992 8.39661 1.19284 -0.39333 0.59936 0.57061 0.40057
1403638550177829632 1.55341 8.54198 1.25080 -0.39414 0.59987 0.57048 0.39920
1403638550277829376 1.53594 8.69136 1.31624 -0.39360 0.59945 0.57133 0.39915
1403638550377829632 1.52051 8.84281 1.38405 -0.39368 0.59848 0.57171 0.39998
1403638550477829376 1.50542 8.99583 1.44569 -0.39636 0.59906 0.57016 0.39866
1403638550577829632 1.49437 9.14742 1.49750 -0.40035 0.59968 0.56781 0.39710
1403638550677829632 1.48701 9.29079 1.54385 -0.40533 0.59799 0.56447 0.39935
1403638550777829376 1.48345 9.42943 1.58603 -0.40836 0.59717 0.56233 0.40052
1403638550877829632 1.48350 9.56821 1.62514 -0.41426 0.59335 0.55814 0.40596
1403638550977829376 1.48496 9.70513 1.66049 -0.41987 0.58913 0.55371 0.41235
1403638551077829632 1.48925 9.83129 1.69034 -0.42352 0.58661 0.55086 0.41602
1403638551177829632 1.49581 9.95502 1.72210 -0.42786 0.58706 0.54809 0.41461
1403638551277829376 1.50678 10.07203 1.75887 -0.42847 0.58883 0.54695 0.41296
1403638551377829632 1.52511 10.18171 1.80115 -0.42378 0.59651 0.54392 0.41077
1403638551477829376 1.54927 10.28699 1.83707 -0.41631 0.60908 0.53455 0.41226
1403638551577829632 1.58128 10.38438 1.86909 -0.41016 0.62411 0.51822 0.41678
1403638551677829632 1.62029 10.48772 1.89508 -0.40327 0.64107 0.49973 0.42033
1403638551777829376 1.66787 10.58692 1.91676 -0.39399 0.65518 0.48120 0.42891
1403638551877829632 1.72333 10.68068 1.93410 -0.38378 0.66571 0.46559 0.43905
1403638551977829376 1.78632 10.76506 1.95431 -0.37178 0.66906 0.45791 0.45217
1403638552077829632 1.85469 10.84083 1.98240 -0.36214 0.67056 0.45288 0.46272
1403638552177829632 1.92598 10.90670 2.01551 -0.35625 0.67541 0.44979 0.46324
1403638552277829376 2.00045 10.96687 2.05433 -0.35209 0.67937 0.44881 0.46158
1403638552377829632 2.07764 11.02033 2.09308 -0.35412 0.68035 0.44605 0.46127
1403638552477829376 2.15952 11.07330 2.12547 -0.36129 0.67669 0.44056 0.46633
1403638552577829632 2.24490 11.11940 2.15225 -0.36671 0.67301 0.43715 0.47062
1403638552677829632 2.33091 11.14075 2.17546 -0.36747 0.67057 0.43850 0.47225
1403638552777829376 2.42184 11.16356 2.19071 -0.36684 0.66992 0.44078 0.47153
1403638552877829632 2.51735 11.18359 2.20077 -0.36468 0.66858 0.44477 0.47137
1403638552977829376 2.61474 11.19318 2.20750 -0.36032 0.66625 0.45087 0.47222
1403638553077829632 2.71458 11.20139 2.20868 -0.35661 0.66404 0.45631 0.47294
1403638553177829632 2.81352 11.20220 2.20741 -0.36201 0.66020 0.45504 0.47542
1403638553277829376 2.91316 11.19563 2.20781 -0.36929 0.65442 0.45190 0.48077
1403638553377829632 3.01288 11.18052 2.21216 -0.37092 0.64921 0.45283 0.48569
1403638553477829376 3.11323 11.15545 2.22288 -0.36745 0.64374 0.45652 0.49211
1403638553577829632 3.20993 11.11918 2.23928 -0.36440 0.63945 0.45956 0.49711
1403638553677829632 3.30298 11.07064 2.25944 -0.36218 0.63849 0.46192 0.49777
1403638553777829376 3.39278 11.01183 2.28860 -0.36036 0.63896 0.46388 0.49667
1403638553877829632 3.47152 10.94018 2.31986 -0.35809 0.64078 0.46536 0.49459
1403638553977829376 3.56001 10.87487 2.36181 -0.35743 0.64389 0.46592 0.49048
1403638554077829632 3.63197 10.79133 2.39071 -0.35589 0.64720 0.46680 0.48638
1403638554177829632 3.71581 10.71545 2.42059 -0.35110 0.65014 0.47063 0.48223
1403638554277829376 3.78354 10.62447 2.43695 -0.34319 0.65602 0.47640 0.47423
1403638554377829632 3.86155 10.54267 2.45580 -0.33736 0.65928 0.48111 0.46912
1403638554477829376 3.92660 10.45320 2.46605 -0.33472 0.66067 0.48327 0.46683
1403638554577829632 3.99976 10.37408 2.47768 -0.33592 0.66149 0.48314 0.46493
1403638554677829632 4.06218 10.28784 2.48565 -0.34185 0.66370 0.47935 0.46137
1403638554777829376 4.12268 10.20130 2.49888 -0.34682 0.66431 0.47610 0.46015
1403638554877829632 4.18931 10.12053 2.51968 -0.34993 0.66443 0.47421 0.45957
1403638554977829376 4.25444 10.03778 2.54007 -0.35250 0.66511 0.47104 0.45988
1403638555077829632 4.32203 9.95750 2.55543 -0.34887 0.66828 0.46682 0.46236
1403638555177829632 4.38931 9.87229 2.56242 -0.34219 0.67436 0.46013 0.46522
1403638555277829376 4.45871 9.78758 2.56421 -0.33611 0.68053 0.45209 0.46853
1403638555377829632 4.52940 9.70239 2.56310 -0.32902 0.68366 0.44742 0.47346
1403638555477829376 4.60343 9.61985 2.56092 -0.32319 0.68576 0.44448 0.47721
1403638555577829632 4.67603 9.53533 2.55508 -0.32080 0.68709 0.44186 0.47933
1403638555677829632 4.75497 9.45504 2.56342 -0.32016 0.68882 0.44053 0.47849
1403638555777829376 4.82713 9.36798 2.57246 -0.31921 0.69000 0.44076 0.47721
1403638555877829632 4.89853 9.27960 2.59015 -0.31857 0.68998 0.44179 0.47673
1403638555977829376 4.96968 9.19712 2.61300 -0.31721 0.68873 0.44350 0.47784
1403638556077829632 5.04080 9.11663 2.63998 -0.31563 0.68886 0.44486 0.47743
1403638556177829632 5.11265 9.03694 2.66126 -0.31471 0.69322 0.44540 0.47120
1403638556277829376 5.18298 8.96190 2.67747 -0.31314 0.69654 0.44640 0.46637
1403638556377829632 5.25728 8.88778 2.68893 -0.31197 0.69863 0.44718 0.46328
1403638556477829376 5.32808 8.82167 2.69959 -0.30943 0.70181 0.44836 0.45901
1403638556577829632 5.40713 8.75642 2.70991 -0.30904 0.70471 0.44800 0.45516
1403638556677829632 5.48510 8.70281 2.72165 -0.31647 0.70728 0.44185 0.45207
1403638556777829376 5.57096 8.64617 2.74073 -0.32310 0.70407 0.43715 0.45694
1403638556877829632 5.66022 8.58940 2.76642 -0.32895 0.70252 0.43286 0.45924
1403638556977829376 5.75157 8.55153 2.79715 -0.33236 0.70118 0.43028 0.46124
1403638557077829632 5.84984 8.50660 2.82073 -0.33098 0.69973 0.43177 0.46304
1403638557177829632 5.95402 8.46091 2.83678 -0.32946 0.69812 0.43342 0.46501
1403638557277829376 6.06000 8.41038 2.84750 -0.32844 0.69701 0.43455 0.46634
1403638557377829632 6.16810 8.36543 2.85333 -0.32596 0.69583 0.43666 0.46786
1403638557477829376 6.28000 8.31858 2.86200 -0.32056 0.69281 0.44111 0.47188
1403638557577829632 6.39244 8.26827 2.87828 -0.31616 0.69038 0.44425 0.47546
1403638557677829632 6.50409 8.22085 2.89856 -0.31370 0.68920 0.44615 0.47703
1403638557777829376 6.61358 8.18280 2.92034 -0.31366 0.68894 0.44591 0.47764
1403638557877829632 6.72230 8.13885 2.93742 -0.31080 0.68890 0.44732 0.47826
1403638557977829376 6.83088 8.09544 2.94859 -0.30808 0.69012 0.44896 0.47671
1403638558077829632 6.93814 8.05336 2.95313 -0.30712 0.69386 0.44972 0.47115
1403638558177829632 7.04305 8.01507 2.95328 -0.30411 0.69970 0.45119 0.46300
1403638558277829376 7.15355 7.97898 2.96115 -0.30064 0.70377 0.45296 0.45733
1403638558377829632 7.26183 7.95280 2.97725 -0.29584 0.70511 0.45569 0.45569
1403638558477829376 7.36978 7.93302 3.00158 -0.28942 0.70878 0.45930 0.45045
1403638558577829632 7.47932 7.92250 3.03362 -0.29062 0.71132 0.45800 0.44698
1403638558677829632 7.59066 7.92214 3.07246 -0.29886 0.71206 0.45150 0.44700
1403638558777829376 7.71665 7.92132 3.10947 -0.30704 0.71156 0.44551 0.44825
1403638558877829632 7.84010 7.93080 3.13941 -0.30976 0.71025 0.44342 0.45053
1403638558977829376 7.96509 7.94538 3.16264 -0.31164 0.70544 0.44223 0.45789
1403638559077829632 8.09044 7.96333 3.17855 -0.31230 0.70099 0.44207 0.46440
1403638559177829632 8.21677 7.98748 3.18579 -0.31264 0.69761 0.44250 0.46882
1403638559277829376 8.34304 8.01141 3.18846 -0.31059 0.69482 0.44483 0.47211
1403638559377829632 8.46940 8.03585 3.18477 -0.30697 0.69256 0.44807 0.47473
1403638559477829376 8.59236 8.06146 3.17630 -0.30488 0.69024 0.45027 0.47736
1403638559577829632 8.70968 8.08877 3.16187 -0.30379 0.68809 0.45177 0.47974
1403638559677829632 8.82415 8.11782 3.14436 -0.30440 0.68704 0.45193 0.48070
1403638559777829376 8.93468 8.14814 3.13022 -0.30476 0.68620 0.45260 0.48105
1403638559877829632 9.04383 8.18054 3.12222 -0.30608 0.68696 0.45187 0.47980
1403638559977829376 9.15086 8.21504 3.11407 -0.30499 0.69050 0.44594 0.48097
1403638560077829632 9.25658 8.24829 3.10039 -0.29960 0.69832 0.43308 0.48479
1403638560177829632 9.36306 8.28170 3.07913 -0.28994 0.70795 0.41503 0.49244
1403638560277829376 9.46905 8.31373 3.05380 -0.27768 0.71865 0.39384 0.50133
1403638560377829632 9.57375 8.34411 3.02680 -0.26651 0.72637 0.36955 0.51458
1403638560477829376 9.67361 8.37151 2.99634 -0.25388 0.73426 0.34436 0.52708
1403638560577829632 9.76885 8.39679 2.96107 -0.24255 0.74341 0.31745 0.53641
1403638560677829632 9.86104 8.41783 2.92232 -0.23283 0.75385 0.28944 0.54197
1403638560777829376 9.94801 8.43015 2.88670 -0.22559 0.76256 0.26381 0.54590
1403638560877829632 10.03290 8.43531 2.85888 -0.21484 0.76895 0.24095 0.55181
1403638560977829376 10.11919 8.43482 2.83889 -0.20259 0.77318 0.22003 0.55923
1403638561077829632 10.20212 8.42580 2.82642 -0.19033 0.77566 0.20010 0.56752
1403638561177829632 10.28061 8.40875 2.82043 -0.17944 0.77697 0.18245 0.57517
1403638561277829376 10.35259 8.38433 2.82117 -0.17248 0.77719 0.16901 0.58109
1403638561377829632 10.41990 8.35411 2.82387 -0.16343 0.78179 0.16425 0.57889
1403638561477829376 10.48225 8.31633 2.82308 -0.14992 0.78763 0.16786 0.57357
1403638561577829632 10.54054 8.27492 2.81731 -0.14028 0.79107 0.17254 0.56988
1403638561677829632 10.59487 8.23097 2.80456 -0.13644 0.79268 0.17533 0.56771
1403638561777829376 10.64769 8.18589 2.79303 -0.13568 0.79280 0.17771 0.56699
1403638561877829632 10.69685 8.13973 2.77062 -0.13317 0.79215 0.17836 0.56829
1403638561977829376 10.74739 8.09081 2.74713 -0.12822 0.79305 0.17415 0.56948
1403638562077829632 10.79403 8.04223 2.72308 -0.12095 0.79478 0.16550 0.57123
1403638562177829632 10.83561 7.99154 2.70741 -0.11347 0.79657 0.15586 0.57299
1403638562277829376 10.87633 7.94321 2.69559 -0.10712 0.79755 0.14772 0.57499
1403638562377829632 10.91475 7.89476 2.68958 -0.10125 0.79840 0.13596 0.57778
1403638562477829376 10.94708 7.84507 2.68775 -0.09339 0.80067 0.12004 0.57949
1403638562577829632 10.98493 7.79478 2.69295 -0.08417 0.80296 0.10024 0.58149
1403638562677829632 11.01619 7.74408 2.70239 -0.07561 0.80578 0.07621 0.58240
1403638562777829376 11.04333 7.68994 2.71233 -0.06690 0.80735 0.05006 0.58413
1403638562877829632 11.06585 7.63177 2.71822 -0.05349 0.80851 0.02551 0.58550
1403638562977829376 11.08350 7.57019 2.71831 -0.03906 0.80920 0.00292 0.58623
1403638563077829632 11.09613 7.50562 2.71317 -0.03009 0.80903 -0.02111 0.58662
1403638563177829632 11.10262 7.43673 2.70444 -0.01826 0.80884 -0.04072 0.58633
1403638563277829376 11.10500 7.36355 2.69162 -0.00682 0.80572 -0.05439 0.58976
1403638563377829632 11.10106 7.28533 2.67454 -0.00033 0.79794 -0.06387 0.59934
1403638563477829376 11.09090 7.20286 2.65237 0.00087 0.79189 -0.07064 0.60657
1403638563577829632 11.07500 7.11425 2.62963 0.00631 0.79251 -0.07015 0.60578
1403638563677829632 11.05192 7.02052 2.61333 0.00635 0.79608 -0.07007 0.60109
1403638563777829376 11.02414 6.92089 2.60368 0.00317 0.79840 -0.07023 0.59800
1403638563877829632 10.99048 6.81818 2.60186 -0.00003 0.79810 -0.06925 0.59853
1403638563977829376 10.94901 6.71141 2.60717 -0.00356 0.79707 -0.06749 0.60009
1403638564077829632 10.90555 6.59680 2.60927 -0.00817 0.79784 -0.06513 0.59928
1403638564177829632 10.85145 6.48031 2.60667 -0.00987 0.79782 -0.06045 0.59977
1403638564277829376 10.79181 6.35769 2.60190 -0.00902 0.79624 -0.05490 0.60242
1403638564377829632 10.73260 6.22682 2.60365 -0.00928 0.79496 -0.04972 0.60455
1403638564477829376 10.66165 6.09513 2.61127 -0.00860 0.79373 -0.04536 0.60652
1403638564577829632 10.58656 5.96000 2.62563 -0.01142 0.79560 -0.04484 0.60405
1403638564677829632 10.50005 5.82313 2.63647 -0.01653 0.79733 -0.04767 0.60143
1403638564777829376 10.40931 5.68138 2.64342 -0.02027 0.79797 -0.05079 0.60021
1403638564877829632 10.31270 5.53310 2.63933 -0.02244 0.79750 -0.05322 0.60055
1403638564977829376 10.21249 5.37929 2.62188 -0.02427 0.79701 -0.05498 0.60096
1403638565077829632 10.10423 5.22077 2.58621 -0.02540 0.79740 -0.05576 0.60033
1403638565177829632 9.99520 5.05938 2.53460 -0.02573 0.79817 -0.05607 0.59926
1403638565277829376 9.88300 4.89190 2.47642 -0.02399 0.79917 -0.05533 0.59807
1403638565377829632 9.76614 4.71551 2.41581 -0.02123 0.80020 -0.05411 0.59691
1403638565477829376 9.64587 4.53626 2.35483 -0.01820 0.79953 -0.05316 0.59799
1403638565577829632 9.52268 4.35298 2.30058 -0.01152 0.79739 -0.05089 0.60121
1403638565677829632 9.39534 4.16522 2.25495 0.00028 0.79709 -0.04488 0.60219
1403638565777829376 9.26544 3.97858 2.21624 0.00935 0.79977 -0.04051 0.59886
1403638565877829632 9.12882 3.79302 2.18518 0.01658 0.80192 -0.03723 0.59604
1403638565977829376 8.98850 3.61143 2.15802 0.01904 0.80370 -0.03782 0.59352
1403638566077829632 8.84508 3.43301 2.12485 0.02058 0.80468 -0.03822 0.59212
1403638566177829632 8.70114 3.25752 2.08249 0.01849 0.80484 -0.03963 0.59188
1403638566277829376 8.55535 3.08536 2.03148 0.01907 0.80443 -0.03878 0.59247
1403638566377829632 8.41018 2.91687 1.97158 0.01929 0.80541 -0.03772 0.59120
1403638566477829376 8.26825 2.75111 1.90672 0.01588 0.80568 -0.03841 0.59089
1403638566577829632 8.12884 2.59108 1.83558 0.01515 0.80888 -0.03662 0.58663
1403638566677829632 7.99157 2.43915 1.75639 0.01445 0.81824 -0.03487 0.57363
1403638566777829376 7.85934 2.29427 1.67291 0.01388 0.82997 -0.03316 0.55665
1403638566877829632 7.73177 2.15339 1.58637 0.01241 0.83800 -0.03204 0.54458
1403638566977829376 7.61255 2.01735 1.49770 0.01260 0.84192 -0.02932 0.53866
1403638567077829632 7.49890 1.87467 1.41133 0.01231 0.83377 -0.02777 0.55127
1403638567177829632 7.39878 1.74616 1.32248 0.01449 0.82145 -0.02575 0.56951
1403638567277829376 7.29652 1.61334 1.22898 0.01757 0.81277 -0.02389 0.58184
1403638567377829632 7.19215 1.48040 1.12974 0.02039 0.81081 -0.02316 0.58449
1403638567477829376 7.08900 1.35509 1.03537 0.02233 0.81161 -0.02400 0.58328
1403638567577829632 6.98309 1.23129 0.94744 0.02367 0.81512 -0.02564 0.57823
1403638567677829632 6.87560 1.11005 0.86849 0.02701 0.81837 -0.02610 0.57347
1403638567777829376 6.76740 0.99192 0.79748 0.02906 0.82158 -0.02662 0.56872
1403638567877829632 6.66941 0.88183 0.73595 0.02830 0.82498 -0.02884 0.56371
1403638567977829376 6.58117 0.77690 0.68218 0.02829 0.82595 -0.02981 0.56224
1403638568077829632 6.49642 0.67526 0.63646 0.03131 0.82579 -0.02799 0.56241
1403638568177829632 6.41948 0.58205 0.60119 0.03337 0.82509 -0.02671 0.56338
1403638568277829376 6.34667 0.49390 0.57333 0.03436 0.82499 -0.02698 0.56346
1403638568377829632 6.27316 0.40902 0.54284 0.03454 0.82541 -0.02742 0.56280
1403638568477829376 6.20819 0.33163 0.51233 0.03497 0.82630 -0.02726 0.56149
1403638568577829632 6.14158 0.25562 0.47298 0.03602 0.82761 -0.02673 0.55951
1403638568677829632 6.08228 0.18595 0.43650 0.03728 0.82939 -0.02527 0.55685
1403638568777829376 6.02421 0.12050 0.39835 0.03704 0.83064 -0.02539 0.55499
1403638568877829632 5.97209 0.06411 0.37342 0.03511 0.82997 -0.02702 0.55605
1403638568977829376 5.92635 0.00982 0.35101 0.03705 0.82940 -0.02533 0.55685
1403638569077829632 5.88538 -0.03817 0.33939 0.03861 0.82914 -0.02434 0.55718
1403638569177829632 5.84555 -0.08381 0.33237 0.03921 0.82991 -0.02434 0.55599
1403638569277829376 5.80734 -0.12433 0.32817 0.04129 0.83109 -0.02337 0.55411
1403638569377829632 5.77780 -0.15973 0.31627 0.04215 0.83098 -0.02312 0.55421
1403638569477829376 5.75067 -0.18964 0.30267 0.04264 0.82950 -0.02272 0.55641
1403638569577829632 5.73230 -0.21289 0.28355 0.04335 0.82822 -0.02236 0.55828
1403638569677829632 5.71854 -0.23027 0.27000 0.04244 0.82709 -0.02330 0.55998
1403638569777829376 5.70762 -0.24207 0.26295 0.04337 0.82625 -0.02267 0.56117
1403638569877829632 5.69890 -0.24869 0.26183 0.04438 0.82496 -0.02165 0.56303
1403638569977829376 5.69413 -0.25080 0.26569 0.04305 0.82345 -0.02247 0.56530
1403638570077829632 5.69404 -0.24604 0.26643 0.04072 0.82288 -0.02400 0.56624
1403638570177829632 5.69602 -0.23754 0.26115 0.03573 0.82306 -0.02679 0.56620
1403638570277829376 5.69882 -0.22675 0.24970 0.02812 0.82254 -0.03143 0.56713
1403638570377829632 5.70317 -0.21506 0.23360 0.02178 0.82228 -0.03875 0.56734
1403638570477829376 5.70910 -0.20454 0.21230 0.01747 0.82173 -0.05444 0.56700
1403638570577829632 5.71172 -0.19933 0.18388 0.01045 0.81901 -0.08146 0.56786
1403638570677829632 5.71556 -0.20158 0.15143 0.01121 0.81372 -0.11075 0.57049
1403638570777829376 5.71773 -0.21413 0.11565 0.01845 0.80250 -0.13841 0.58008
1403638570877829632 5.71580 -0.23657 0.07787 0.03106 0.79070 -0.16291 0.58931
1403638570977829376 5.70596 -0.27005 0.03673 0.04650 0.78244 -0.18432 0.59301
1403638571077829632 5.68699 -0.31388 -0.00815 0.06332 0.77960 -0.20345 0.58892
1403638571177829632 5.65912 -0.36616 -0.05085 0.08474 0.78215 -0.21587 0.57832
1403638571277829376 5.62327 -0.42529 -0.08329 0.10487 0.78333 -0.22237 0.57092
1403638571377829632 5.58021 -0.48894 -0.10533 0.11748 0.78260 -0.22777 0.56733
1403638571477829376 5.53267 -0.55666 -0.11757 0.12337 0.77975 -0.23247 0.56810
1403638571577829632 5.48112 -0.62753 -0.12620 0.13023 0.77732 -0.23663 0.56817
1403638571677829632 5.42595 -0.70063 -0.14101 0.13645 0.77693 -0.24603 0.56323
1403638571777829376 5.36697 -0.77823 -0.15858 0.14442 0.77630 -0.25936 0.55609
1403638571877829632 5.30633 -0.85836 -0.18213 0.15175 0.77319 -0.27703 0.54991
1403638571977829376 5.24267 -0.94315 -0.20311 0.15947 0.76700 -0.29695 0.54599
1403638572077829632 5.17538 -1.03172 -0.21636 0.16859 0.75994 -0.31605 0.54239
1403638572177829632 5.10334 -1.12424 -0.22035 0.18432 0.75298 -0.33111 0.53797
1403638572277829376 5.02797 -1.21959 -0.21984 0.19845 0.74854 -0.34763 0.52863
1403638572377829632 4.95146 -1.31792 -0.22114 0.21162 0.74354 -0.36589 0.51816
1403638572477829376 4.87556 -1.41926 -0.22544 0.22567 0.73943 -0.37893 0.50865
1403638572577829632 4.80117 -1.52459 -0.23076 0.23663 0.73554 -0.38753 0.50280
1403638572677829632 4.72764 -1.63223 -0.23650 0.24258 0.73365 -0.39289 0.49855
1403638572777829376 4.65857 -1.74497 -0.22958 0.25042 0.73504 -0.39265 0.49278
1403638572877829632 4.59297 -1.86017 -0.21599 0.25408 0.73745 -0.39194 0.48785
1403638572977829376 4.53180 -1.97832 -0.19719 0.25474 0.73958 -0.39092 0.48509
1403638573077829632 4.47472 -2.09845 -0.18209 0.25410 0.74162 -0.38973 0.48327
1403638573177829632 4.42145 -2.22010 -0.17332 0.25239 0.74318 -0.38852 0.48273
1403638573277829376 4.37258 -2.34431 -0.16669 0.25081 0.74456 -0.38656 0.48302
1403638573377829632 4.32962 -2.47298 -0.15925 0.25005 0.74533 -0.38565 0.48294
1403638573477829376 4.29051 -2.60270 -0.14918 0.25320 0.74539 -0.38582 0.48107
1403638573577829632 4.26035 -2.73792 -0.12957 0.25490 0.74530 -0.38611 0.48007
1403638573677829632 4.23202 -2.87252 -0.10316 0.25785 0.74557 -0.38671 0.47760
1403638573777829376 4.21049 -3.00922 -0.07211 0.26476 0.74187 -0.39013 0.47678
1403638573877829632 4.19642 -3.14773 -0.04346 0.27840 0.73151 -0.39571 0.48041
1403638573977829376 4.18744 -3.28562 -0.02020 0.29014 0.71598 -0.40921 0.48552
1403638574077829632 4.18176 -3.42011 -0.00412 0.29589 0.69558 -0.43074 0.49303
1403638574177829632 4.17705 -3.54992 0.00538 0.30187 0.67328 -0.45472 0.49880
1403638574277829376 4.16765 -3.67736 0.01044 0.31123 0.65454 -0.47694 0.49724
1403638574377829632 4.15221 -3.79982 0.01158 0.32367 0.64114 -0.49682 0.48717
1403638574477829376 4.13111 -3.91837 0.00944 0.33723 0.62942 -0.51487 0.47435
1403638574577829632 4.10542 -4.03397 0.01047 0.34772 0.61869 -0.52903 0.46524
1403638574677829632 4.07376 -4.14746 0.01849 0.35959 0.61227 -0.53606 0.45656
1403638574777829376 4.04516 -4.25998 0.03243 0.37048 0.61205 -0.53868 0.44494
1403638574877829632 4.01350 -4.36999 0.05012 0.37185 0.61412 -0.54306 0.43551
1403638574977829376 3.98123 -4.47562 0.06314 0.37051 0.61648 -0.54631 0.42921
1403638575077829632 3.94809 -4.58114 0.06967 0.36298 0.61512 -0.55160 0.43082
1403638575177829632 3.91452 -4.68814 0.07119 0.35711 0.61251 -0.55487 0.43522
1403638575277829376 3.87833 -4.79686 0.06920 0.35369 0.61123 -0.55569 0.43876
1403638575377829632 3.83899 -4.91044 0.06279 0.35049 0.61466 -0.55563 0.43660
1403638575477829376 3.79624 -5.02295 0.05373 0.34865 0.62021 -0.55397 0.43233
1403638575577829632 3.75175 -5.13946 0.04440 0.34775 0.62530 -0.55140 0.42899
1403638575677829632 3.70626 -5.25756 0.04164 0.35131 0.63166 -0.54611 0.42350
1403638575777829376 3.65919 -5.38176 0.04738 0.35232 0.63828 -0.54301 0.41667
1403638575877829632 3.61589 -5.50786 0.06162 0.35231 0.64251 -0.54089 0.41291
1403638575977829376 3.57639 -5.64147 0.08716 0.35181 0.64292 -0.54006 0.41379
1403638576077829632 3.54033 -5.77886 0.11894 0.35245 0.64357 -0.53861 0.41412
1403638576177829632 3.50592 -5.92478 0.15604 0.35322 0.64204 -0.53812 0.41647
1403638576277829376 3.47427 -6.07476 0.18892 0.35719 0.64262 -0.53549 0.41558
1403638576377829632 3.44654 -6.22789 0.21552 0.36170 0.64422 -0.53246 0.41310
1403638576477829376 3.42494 -6.37780 0.23794 0.36556 0.64681 -0.52990 0.40891
1403638576577829632 3.40761 -6.54395 0.25227 0.37003 0.65098 -0.52692 0.40207
1403638576677829632 3.39999 -6.70218 0.26367 0.37323 0.65243 -0.52471 0.39964
1403638576777829376 3.40115 -6.86383 0.27101 0.37815 0.65006 -0.52102 0.40369
1403638576877829632 3.40943 -7.02691 0.27465 0.38082 0.64509 -0.51926 0.41135
1403638576977829376 3.42476 -7.19020 0.27192 0.37881 0.63872 -0.52102 0.42081
1403638577077829632 3.44537 -7.35001 0.26972 0.37450 0.63496 -0.52440 0.42612
1403638577177829632 3.46973 -7.50783 0.27520 0.37167 0.63218 -0.52649 0.43013
1403638577277829376 3.49678 -7.66319 0.28661 0.37203 0.63273 -0.52620 0.42936
1403638577377829632 3.52638 -7.81985 0.30691 0.37865 0.63698 -0.52125 0.42329
1403638577477829376 3.56028 -7.97347 0.33242 0.38298 0.63947 -0.51795 0.41968
1403638577577829632 3.60072 -8.12414 0.35469 0.38006 0.63947 -0.51974 0.42011
1403638577677829632 3.64599 -8.27236 0.36984 0.37673 0.63844 -0.52187 0.42204
1403638577777829376 3.69503 -8.41797 0.37730 0.37404 0.63797 -0.52343 0.42322
1403638577877829632 3.74774 -8.56266 0.37914 0.37377 0.63815 -0.52317 0.42351
1403638577977829376 3.80483 -8.70448 0.37860 0.37461 0.63869 -0.52179 0.42366
1403638578077829632 3.86609 -8.84678 0.38413 0.37357 0.63790 -0.52175 0.42580
1403638578177829632 3.93179 -8.98888 0.39693 0.36896 0.63496 -0.52418 0.43120
1403638578277829376 3.99845 -9.13170 0.41535 0.36043 0.63015 -0.52971 0.43864
1403638578377829632 4.06497 -9.26930 0.43254 0.35852 0.62775 -0.53139 0.44160
1403638578477829376 4.12753 -9.40935 0.44352 0.35858 0.62741 -0.53175 0.44161
1403638578577829632 4.18855 -9.54599 0.44974 0.35862 0.62684 -0.53246 0.44152
1403638578677829632 4.24690 -9.68252 0.45243 0.36105 0.62671 -0.53129 0.44114
1403638578777829376 4.30291 -9.81430 0.45208 0.36636 0.62926 -0.52788 0.43721
1403638578877829632 4.36135 -9.94894 0.44767 0.37145 0.63207 -0.52423 0.43324
1403638578977829376 4.41982 -10.07784 0.44308 0.37385 0.63347 -0.52210 0.43170
1403638579077829632 4.48275 -10.20886 0.44692 0.37433 0.63414 -0.52109 0.43152
1403638579177829632 4.54425 -10.33192 0.45982 0.37480 0.63423 -0.52018 0.43206
1403638579277829376 4.61358 -10.46017 0.47897 0.37261 0.63328 -0.52128 0.43404
1403638579377829632 4.67987 -10.57423 0.49867 0.36692 0.63008 -0.52500 0.43903
1403638579477829376 4.74972 -10.69791 0.51530 0.36112 0.62587 -0.52890 0.44514
1403638579577829632 4.81302 -10.80760 0.52617 0.35984 0.62340 -0.52616 0.45282
1403638579677829632 4.87614 -10.91844 0.53317 0.36188 0.62412 -0.51402 0.46401
1403638579777829376 4.93884 -11.02695 0.53325 0.36020 0.63472 -0.49509 0.47146
1403638579877829632 5.00357 -11.13226 0.52732 0.34954 0.65486 -0.47402 0.47359
1403638579977829376 5.06157 -11.22249 0.51511 0.33229 0.67508 -0.44903 0.48189
1403638580077829632 5.12816 -11.32065 0.50174 0.31777 0.68979 -0.41469 0.50124
1403638580177829632 5.19050 -11.40391 0.48558 0.29784 0.70419 -0.37793 0.52209
1403638580277829376 5.25109 -11.47616 0.46476 0.27144 0.72129 -0.34326 0.53688
1403638580377829632 5.30969 -11.54359 0.43767 0.24114 0.73760 -0.31712 0.54520
1403638580477829376 5.36247 -11.60522 0.40698 0.21500 0.74925 -0.30076 0.54949
1403638580577829632 5.40924 -11.66220 0.37419 0.19745 0.75659 -0.28745 0.55314
1403638580677829632 5.45092 -11.71488 0.34116 0.18206 0.76672 -0.27285 0.55186
1403638580777829376 5.48934 -11.76638 0.31492 0.17167 0.77686 -0.25789 0.54819
1403638580877829632 5.52467 -11.81865 0.29730 0.16685 0.78381 -0.24703 0.54478
1403638580977829376 5.56100 -11.87209 0.29004 0.16094 0.78529 -0.24354 0.54599
1403638581077829632 5.59628 -11.92419 0.29163 0.15970 0.78634 -0.24170 0.54567
1403638581177829632 5.63103 -11.97634 0.30166 0.16227 0.78629 -0.24015 0.54566
1403638581277829376 5.66240 -12.02474 0.31400 0.16630 0.78638 -0.23984 0.54444
1403638581377829632 5.69169 -12.06818 0.32980 0.16956 0.78516 -0.24090 0.54473
1403638581477829376 5.72031 -12.10966 0.34501 0.17230 0.78303 -0.24256 0.54621
1403638581577829632 5.74217 -12.13562 0.37657 0.17546 0.78243 -0.24457 0.54516
1403638581677829632 5.76929 -12.16531 0.39990 0.18069 0.77828 -0.24457 0.54938
1403638581777829376 5.78674 -12.17562 0.42682 0.18298 0.77461 -0.24617 0.55308
1403638581877829632 5.80855 -12.19067 0.44289 0.18609 0.77150 -0.24618 0.55637
1403638581977829376 5.83694 -12.21531 0.44812 0.19002 0.76396 -0.24453 0.56610
1403638582077829632 5.86375 -12.23415 0.45674 0.18887 0.76575 -0.24642 0.56323
1403638582177829632 5.88867 -12.25167 0.47052 0.18477 0.77312 -0.24973 0.55297
1403638582277829376 5.91289 -12.26834 0.49329 0.18516 0.77614 -0.24974 0.54859
1403638582377829632 5.93878 -12.28217 0.52908 0.18768 0.77291 -0.24750 0.55330
1403638582477829376 5.96694 -12.29849 0.57151 0.18970 0.77178 -0.24589 0.55490
1403638582577829632 5.99290 -12.30824 0.62551 0.19069 0.77121 -0.24480 0.55583
1403638582677829632 6.02084 -12.32079 0.68478 0.19030 0.77232 -0.24501 0.55433
1403638582777829376 6.04471 -12.31844 0.75627 0.18859 0.77386 -0.24683 0.55195
1403638582877829632 6.06819 -12.31434 0.82845 0.18904 0.77517 -0.24740 0.54970
1403638582977829376 6.09025 -12.30541 0.89435 0.18788 0.77737 -0.24902 0.54625
1403638583077829632 6.11093 -12.29275 0.95230 0.18695 0.77985 -0.25073 0.54223
1403638583177829632 6.13163 -12.27738 1.00071 0.18691 0.78143 -0.25146 0.53963
1403638583277829376 6.15420 -12.25978 1.04224 0.18567 0.78199 -0.25274 0.53864
1403638583377829632 6.17805 -12.24048 1.07815 0.18614 0.78166 -0.25230 0.53916
1403638583477829376 6.21019 -12.23012 1.09924 0.18616 0.78234 -0.25228 0.53818
1403638583577829632 6.24105 -12.20771 1.14558 0.18640 0.78232 -0.25226 0.53814
1403638583677829632 6.26994 -12.18261 1.19247 0.18812 0.78260 -0.25103 0.53770
1403638583777829376 6.30071 -12.15507 1.23955 0.18789 0.78228 -0.25105 0.53825
1403638583877829632 6.33436 -12.12975 1.26090 0.18851 0.78146 -0.25047 0.53949
1403638583977829376 6.36602 -12.09808 1.29693 0.18895 0.78146 -0.25017 0.53947
1403638584077829632 6.39857 -12.06220 1.32329 0.19192 0.77801 -0.24796 0.54440
1403638584177829632 6.43192 -12.02184 1.32970 0.19609 0.76905 -0.24448 0.55708
1403638584277829376 6.46439 -11.98295 1.35074 0.19832 0.76005 -0.24214 0.56952
1403638584377829632 6.49270 -11.93265 1.34243 0.19999 0.75728 -0.24092 0.57314
1403638584477829376 6.51208 -11.87329 1.33063 0.20081 0.75719 -0.24028 0.57324
1403638584577829632 6.53052 -11.81376 1.33700 0.20046 0.75739 -0.24037 0.57306
1403638584677829632 6.54128 -11.74782 1.34680 0.19814 0.75920 -0.24170 0.57092
1403638584777829376 6.53553 -11.67165 1.33597 0.19434 0.76599 -0.24399 0.56210
1403638584877829632 6.54023 -11.59379 1.36029 0.18798 0.77362 -0.24860 0.55170
1403638584977829376 6.52937 -11.51003 1.35466 0.18597 0.77715 -0.25061 0.54649
1403638585077829632 6.52029 -11.42318 1.34748 0.18557 0.77833 -0.25130 0.54462
1403638585177829632 6.52416 -11.34365 1.35393 0.18315 0.77817 -0.25290 0.54494
1403638585277829376 6.50773 -11.26584 1.33411 0.18400 0.77626 -0.25197 0.54778
1403638585377829632 6.51137 -11.18682 1.32727 0.18458 0.77421 -0.25124 0.55082
1403638585477829376 6.50135 -11.10948 1.31326 0.18432 0.77446 -0.25133 0.55053
1403638585577829632 6.50669 -11.02903 1.31307 0.18344 0.77630 -0.25150 0.54813
1403638585677829632 6.50070 -10.95032 1.31695 0.18319 0.77886 -0.25141 0.54463
1403638585777829376 6.50429 -10.86914 1.33283 0.17996 0.78389 -0.25355 0.53745
1403638585877829632 6.49799 -10.78978 1.35555 0.17725 0.78770 -0.25532 0.53191
1403638585977829376 6.49834 -10.71028 1.38828 0.17539 0.78756 -0.25727 0.53178
1403638586077829632 6.51162 -10.63269 1.42197 0.17746 0.78340 -0.25666 0.53751
1403638586177829632 6.52429 -10.55874 1.44980 0.17929 0.78059 -0.25614 0.54122
1403638586277829376 6.51963 -10.47876 1.47415 0.18145 0.77791 -0.25487 0.54495
1403638586377829632 6.53427 -10.40399 1.49058 0.18733 0.77485 -0.25127 0.54898
1403638586477829376 6.54762 -10.32986 1.50334 0.19542 0.77323 -0.24634 0.55067
1403638586577829632 6.55301 -10.24614 1.51068 0.19765 0.77244 -0.24518 0.55150
1403638586677829632 6.56368 -10.16358 1.51135 0.19480 0.77331 -0.24741 0.55030
1403638586777829376 6.57108 -10.07779 1.50453 0.19071 0.77291 -0.25012 0.55107
1403638586877829632 6.58136 -9.99239 1.49167 0.18854 0.77180 -0.25106 0.55294
1403638586977829376 6.58871 -9.90281 1.47558 0.18881 0.77153 -0.25081 0.55334
1403638587077829632 6.59633 -9.82044 1.45096 0.18800 0.77135 -0.25130 0.55365
1403638587177829632 6.59814 -9.73246 1.43604 0.18750 0.77254 -0.25123 0.55219
1403638587277829376 6.60476 -9.64339 1.42950 0.18672 0.77424 -0.25136 0.55000
1403638587377829632 6.60812 -9.54916 1.42712 0.18615 0.77581 -0.25173 0.54781
1403638587477829376 6.61335 -9.45564 1.43033 0.18433 0.77587 -0.25351 0.54753
1403638587577829632 6.61837 -9.36025 1.42876 0.18355 0.77591 -0.25450 0.54726
1403638587677829632 6.62356 -9.26615 1.42357 0.18334 0.77546 -0.25508 0.54770
