1403638524027829504 -0.02301 -0.06721 -0.06011 -0.03362 0.83153 0.06433 0.55072
1403638524127829504 -0.02687 -0.06868 -0.07264 -0.02941 0.83567 0.07159 0.54376
1403638524227829504 -0.02720 -0.08168 -0.06716 -0.03440 0.83854 0.07420 0.53866
1403638524327829504 -0.01953 -0.08513 -0.03262 -0.04152 0.83773 0.07247 0.53966
1403638524427829504 -0.01312 -0.08554 0.02684 -0.05037 0.83330 0.07002 0.54606
1403638524527829504 -0.01125 -0.07914 0.09079 -0.05514 0.82500 0.06856 0.55825
1403638524627829504 -0.00454 -0.07396 0.14972 -0.05566 0.81713 0.06468 0.57011
1403638524727829504 0.00333 -0.06360 0.19061 -0.04633 0.81219 0.05916 0.57853
1403638524827829504 0.00733 -0.05511 0.21848 -0.03368 0.80965 0.05383 0.58347
1403638524927829504 0.01457 -0.04826 0.23503 -0.03788 0.80864 0.05381 0.58461
1403638525027829504 0.01844 -0.04729 0.23736 -0.04277 0.80650 0.05749 0.58687
1403638525127829504 0.01875 -0.04635 0.21519 -0.03877 0.80408 0.06147 0.59006
1403638525227829504 0.02405 -0.04059 0.17415 -0.03762 0.80432 0.06642 0.58928
1403638525327829504 0.02172 -0.04816 0.12513 -0.03877 0.81012 0.07180 0.58056
1403638525427829504 0.01699 -0.04792 0.07286 -0.04362 0.82127 0.07555 0.56383
1403638525527829504 0.01526 -0.05163 0.02378 -0.05257 0.83274 0.07682 0.54578
1403638525627829504 0.01288 -0.05593 -0.01842 -0.05582 0.83873 0.07531 0.53642
1403638525727829504 0.01382 -0.05574 -0.05199 -0.05398 0.83951 0.07099 0.53598
1403638525827829504 0.01330 -0.05532 -0.07666 -0.04954 0.83678 0.06502 0.54140
1403638525927829504 0.01111 -0.06045 -0.09221 -0.04076 0.83388 0.06221 0.54691
1403638526027829504 0.01046 -0.07188 -0.10014 -0.03434 0.83424 0.06170 0.54687
1403638526127829504 0.00632 -0.09348 -0.09931 -0.03123 0.83703 0.05512 0.54348
1403638526227829504 0.00310 -0.12483 -0.08816 -0.02881 0.83834 0.04560 0.54248
1403638526327829504 -0.00341 -0.16093 -0.07490 -0.02569 0.83571 0.03684 0.54733
1403638526427829504 -0.01005 -0.20430 -0.06163 -0.02346 0.83114 0.02710 0.55491
1403638526527829504 -0.01789 -0.25240 -0.05031 -0.02281 0.82637 0.01529 0.56245
1403638526627829504 -0.02692 -0.30870 -0.04188 -0.02065 0.82111 0.00555 0.57038
1403638526727829504 -0.03801 -0.37413 -0.03425 -0.01560 0.81730 -0.00161 0.57600
1403638526827829504 -0.05076 -0.44502 -0.02757 -0.00536 0.81528 -0.00520 0.57901
1403638526927829504 -0.06404 -0.51133 -0.02391 -0.00074 0.81666 -0.00927 0.57705
1403638527027829504 -0.07665 -0.57261 -0.02073 0.00549 0.82121 -0.01905 0.57028
1403638527127829504 -0.08859 -0.63046 -0.01622 0.01399 0.82516 -0.03405 0.56370
1403638527227829504 -0.09617 -0.67860 -0.01026 0.02289 0.82487 -0.04878 0.56275
1403638527327829504 -0.10052 -0.71106 -0.00353 0.03756 0.82057 -0.06051 0.56709
1403638527427829504 -0.09887 -0.72273 0.00214 0.05168 0.81594 -0.06704 0.57190
1403638527527829504 -0.09358 -0.71179 0.00410 0.05838 0.81395 -0.06988 0.57375
1403638527627829504 -0.08373 -0.68120 0.00342 0.05886 0.81414 -0.06930 0.57351
1403638527727829504 -0.07221 -0.63944 0.00257 0.05562 0.81474 -0.06281 0.57373
1403638527827829504 -0.05701 -0.58791 0.00275 0.04595 0.81721 -0.05697 0.57168
1403638527927829504 -0.04227 -0.53051 0.00621 0.03182 0.81964 -0.05243 0.56958
1403638528027829504 -0.02424 -0.47308 0.01014 0.02585 0.81894 -0.04643 0.57142
1403638528127829504 -0.00481 -0.41400 0.00853 0.01644 0.81809 -0.03809 0.57359
1403638528227829504 0.00979 -0.35989 0.00667 0.00608 0.81915 -0.02881 0.57283
1403638528327829504 0.04111 -0.31307 -0.00004 -0.00540 0.81987 -0.01816 0.57223
1403638528427829504 0.07055 -0.27900 -0.00360 -0.00802 0.81842 -0.01230 0.57443
1403638528527829504 0.10456 -0.25534 -0.00702 -0.00659 0.81913 -0.01197 0.57344
1403638528627829504 0.13880 -0.23716 -0.00829 -0.00745 0.82143 -0.01900 0.56994
1403638528727829504 0.17049 -0.22390 -0.00742 -0.00593 0.82162 -0.02443 0.56949
1403638528827829504 0.19254 -0.21540 -0.00279 -0.00446 0.82070 -0.03029 0.57053
1403638528927829504 0.19859 -0.20923 0.00646 -0.01100 0.82010 -0.03797 0.57085
1403638529027829504 0.18675 -0.20496 0.02465 -0.01616 0.82082 -0.04248 0.56938
1403638529127829504 0.16474 -0.19184 0.03885 -0.00572 0.82161 -0.03894 0.56868
1403638529227829504 0.13275 -0.17459 0.04503 0.00951 0.82282 -0.03143 0.56736
1403638529327829504 0.09743 -0.15410 0.04106 0.01718 0.82609 -0.02612 0.56268
1403638529427829504 0.06048 -0.13561 0.02690 0.01899 0.83372 -0.02206 0.55141
1403638529527829504 0.02803 -0.12293 0.00542 0.01538 0.84489 -0.01975 0.53436
1403638529627829504 0.00223 -0.11265 -0.01976 0.01629 0.85222 -0.01595 0.52268
1403638529727829504 -0.01326 -0.10693 -0.04666 0.01572 0.85224 -0.01357 0.52273
1403638529827829504 -0.02442 -0.09948 -0.06942 0.01402 0.84624 -0.01432 0.53242
1403638529927829504 -0.02707 -0.09346 -0.08484 0.01374 0.84141 -0.01482 0.54002
1403638530027829504 -0.02696 -0.08871 -0.09797 0.01438 0.84101 -0.01510 0.54061
1403638530127829504 -0.01948 -0.08577 -0.10634 0.01447 0.84323 -0.01706 0.53709
1403638530227829504 -0.00711 -0.08618 -0.11550 0.01645 0.84389 -0.02263 0.53579
1403638530327829504 0.00634 -0.08740 -0.12614 0.01735 0.84339 -0.02845 0.53626
1403638530427829504 0.01749 -0.09212 -0.13570 0.02022 0.84291 -0.03197 0.53673
1403638530527829504 0.02788 -0.09500 -0.14249 0.01754 0.84290 -0.03570 0.53660
1403638530627829504 0.03598 -0.09894 -0.14987 0.01955 0.84417 -0.03819 0.53436
1403638530727829504 0.04063 -0.10104 -0.15720 0.01984 0.84798 -0.04019 0.52813
1403638530827829504 0.04455 -0.10372 -0.16523 0.01989 0.85005 -0.04073 0.52475
1403638530927829504 0.04624 -0.10420 -0.16960 0.01718 0.84919 -0.03984 0.52630
1403638531027829504 0.04664 -0.10387 -0.17190 0.01541 0.84656 -0.03959 0.53060
1403638531127829504 0.04677 -0.10274 -0.17199 0.01745 0.84292 -0.03823 0.53640
1403638531227829504 0.04755 -0.10141 -0.17254 0.01938 0.84251 -0.03537 0.53717
1403638531327829504 0.04726 -0.10027 -0.17379 0.02002 0.83889 -0.03568 0.54276
1403638531427829504 0.04682 -0.10056 -0.17360 0.02069 0.83966 -0.03509 0.54158
1403638531527829504 0.04668 -0.10106 -0.17374 0.02003 0.83887 -0.03557 0.54279
1403638531627829504 0.04692 -0.10113 -0.17367 0.02051 0.83899 -0.03448 0.54267
1403638531727829504 0.04670 -0.10071 -0.17394 0.02054 0.83914 -0.03498 0.54240
1403638531827829504 0.04710 -0.10061 -0.17390 0.02043 0.83914 -0.03505 0.54240
1403638531927829504 0.04711 -0.10070 -0.17450 0.02032 0.83912 -0.03526 0.54242
1403638532027829504 0.04712 -0.10063 -0.17464 0.02027 0.83914 -0.03545 0.54238
1403638532127829504 0.04746 -0.10059 -0.17490 0.02032 0.83916 -0.03558 0.54234
1403638532227829504 0.04745 -0.10062 -0.17505 0.02054 0.83919 -0.03547 0.54229
1403638532327829504 0.04751 -0.10070 -0.17516 0.02068 0.83919 -0.03547 0.54228
1403638532427829504 0.04756 -0.10069 -0.17526 0.02080 0.83921 -0.03547 0.54225
1403638532527829504 0.04766 -0.10072 -0.17540 0.02086 0.83922 -0.03555 0.54223
1403638532627829504 0.04784 -0.10072 -0.17561 0.02091 0.83923 -0.03564 0.54220
1403638532727829504 0.04802 -0.10075 -0.17586 0.02093 0.83920 -0.03571 0.54225
1403638532827829504 0.04814 -0.10073 -0.17598 0.02098 0.83919 -0.03582 0.54224
1403638532927829504 0.04808 -0.10075 -0.17605 0.02110 0.83918 -0.03584 0.54227
1403638533027829504 0.04835 -0.10081 -0.17627 0.02119 0.83916 -0.03590 0.54229
1403638533127829504 0.04839 -0.10081 -0.17637 0.02128 0.83915 -0.03599 0.54229
1403638533227829504 0.04846 -0.10081 -0.17648 0.02139 0.83914 -0.03608 0.54230
1403638533327829504 0.04863 -0.10089 -0.17668 0.02149 0.83911 -0.03613 0.54234
1403638533427829504 0.04856 -0.10090 -0.17668 0.02151 0.83908 -0.03621 0.54237
1403638533527829504 0.04861 -0.10093 -0.17677 0.02162 0.83905 -0.03630 0.54241
1403638533627829504 0.04878 -0.10097 -0.17693 0.02176 0.83904 -0.03633 0.54243
1403638533727829504 0.04885 -0.10098 -0.17700 0.02189 0.83903 -0.03640 0.54242
1403638533827829504 0.04894 -0.10095 -0.17714 0.02194 0.83897 -0.03652 0.54251
1403638533927829504 0.04892 -0.10098 -0.17724 0.02196 0.83899 -0.03646 0.54249
1403638534027829504 0.04811 -0.10100 -0.17679 0.02211 0.83897 -0.03670 0.54249
1403638534127829504 0.04864 -0.10118 -0.17680 0.02238 0.83896 -0.03697 0.54247
1403638534227829504 0.04866 -0.10111 -0.17693 0.02233 0.83891 -0.03712 0.54254
1403638534327829504 0.04904 -0.10102 -0.17717 0.02224 0.83891 -0.03708 0.54255
1403638534427829504 0.04896 -0.10095 -0.17727 0.02225 0.83893 -0.03714 0.54251
1403638534527829504 0.04883 -0.10104 -0.17721 0.02257 0.83895 -0.03743 0.54245
1403638534627829504 0.04878 -0.10110 -0.17710 0.02247 0.83896 -0.03706 0.54246
1403638534727829504 0.04882 -0.10108 -0.17711 0.02236 0.83892 -0.03687 0.54254
1403638534827829504 0.04880 -0.10099 -0.17714 0.02248 0.83886 -0.03696 0.54262
1403638534927829504 0.04875 -0.10109 -0.17714 0.02276 0.83884 -0.03720 0.54263
1403638535027829504 0.04872 -0.10118 -0.17710 0.02271 0.83885 -0.03719 0.54262
1403638535127829504 0.04881 -0.10116 -0.17716 0.02272 0.83887 -0.03710 0.54258
1403638535227829504 0.04884 -0.10111 -0.17723 0.02267 0.83883 -0.03711 0.54266
1403638535327829504 0.04879 -0.10117 -0.17719 0.02265 0.83882 -0.03716 0.54266
1403638535427829504 0.04885 -0.10117 -0.17720 0.02269 0.83879 -0.03707 0.54272
1403638535527829504 0.04886 -0.10117 -0.17715 0.02265 0.83873 -0.03712 0.54280
1403638535627829504 0.04893 -0.10110 -0.17719 0.02261 0.83871 -0.03706 0.54284
1403638535727829504 0.04902 -0.10122 -0.17713 0.02261 0.83874 -0.03707 0.54280
1403638535827829504 0.04866 -0.10113 -0.17709 0.02250 0.83871 -0.03701 0.54285
1403638535927829504 0.04861 -0.10113 -0.17711 0.02240 0.83870 -0.03699 0.54287
1403638536027829504 0.04871 -0.10110 -0.17720 0.02227 0.83868 -0.03689 0.54291
1403638536127829504 0.04879 -0.10108 -0.17714 0.02217 0.83867 -0.03683 0.54293
1403638536227829504 0.04910 -0.10136 -0.17702 0.02213 0.83869 -0.03686 0.54292
1403638536327829504 0.04885 -0.10104 -0.17715 0.02200 0.83856 -0.03673 0.54312
1403638536427829504 0.04901 -0.10122 -0.17710 0.02202 0.83858 -0.03680 0.54309
1403638536527829504 0.04872 -0.10097 -0.17708 0.02191 0.83858 -0.03669 0.54310
1403638536627829504 0.04885 -0.10105 -0.17708 0.02177 0.83853 -0.03670 0.54318
1403638536727829504 0.04892 -0.10098 -0.17716 0.02173 0.83851 -0.03649 0.54322
1403638536827829504 0.04887 -0.10099 -0.17722 0.02160 0.83849 -0.03644 0.54327
1403638536927829504 0.04889 -0.10098 -0.17712 0.02150 0.83846 -0.03639 0.54332
1403638537027829504 0.04877 -0.10091 -0.17705 0.02141 0.83846 -0.03631 0.54333
1403638537127829504 0.04874 -0.10086 -0.17707 0.02139 0.83842 -0.03616 0.54340
1403638537227829504 0.04870 -0.10083 -0.17702 0.02126 0.83843 -0.03614 0.54340
1403638537327829504 0.04882 -0.10084 -0.17696 0.02110 0.83841 -0.03604 0.54344
1403638537427829504 0.04889 -0.10089 -0.17696 0.02088 0.83838 -0.03587 0.54350
1403638537527829504 0.04884 -0.10088 -0.17690 0.02076 0.83838 -0.03569 0.54352
1403638537627829504 0.04873 -0.10082 -0.17681 0.02072 0.83837 -0.03549 0.54355
1403638537727829504 0.04864 -0.10073 -0.17670 0.02066 0.83841 -0.03546 0.54349
1403638537827829504 0.04861 -0.10069 -0.17667 0.02050 0.83839 -0.03539 0.54353
1403638537927829504 0.04888 -0.10070 -0.17684 0.02032 0.83837 -0.03522 0.54358
1403638538027829504 0.04861 -0.10063 -0.17665 0.02020 0.83841 -0.03515 0.54353
1403638538127829504 0.04864 -0.10058 -0.17661 0.02015 0.83833 -0.03504 0.54366
1403638538227829504 0.04896 -0.10057 -0.17680 0.02002 0.83835 -0.03492 0.54364
1403638538327829504 0.04895 -0.10053 -0.17682 0.01989 0.83835 -0.03477 0.54365
1403638538427829504 0.04880 -0.10048 -0.17666 0.01981 0.83824 -0.03475 0.54384
1403638538527829504 0.04861 -0.10050 -0.17643 0.01966 0.83823 -0.03470 0.54385
1403638538627829504 0.04844 -0.10051 -0.17625 0.01971 0.83804 -0.03474 0.54415
1403638538727829504 0.04850 -0.10048 -0.17613 0.01970 0.83773 -0.03456 0.54463
1403638538827829504 0.04954 -0.10027 -0.17616 0.01909 0.83723 -0.03400 0.54546
1403638538927829504 0.05274 -0.09973 -0.17497 0.01909 0.83429 -0.03330 0.54999
1403638539027829504 0.05704 -0.09966 -0.17253 0.01985 0.82965 -0.03402 0.55689
1403638539127829504 0.06432 -0.09963 -0.16804 0.01928 0.82305 -0.03551 0.56654
1403638539227829504 0.07349 -0.09918 -0.15698 0.01870 0.81825 -0.03493 0.57350
1403638539327829504 0.08340 -0.09839 -0.13782 0.01780 0.81731 -0.03443 0.57489
1403638539427829504 0.09361 -0.09842 -0.11073 0.01752 0.81891 -0.03321 0.57269
1403638539527829504 0.10142 -0.09855 -0.07720 0.01692 0.82084 -0.03181 0.57002
1403638539627829504 0.11193 -0.09900 -0.04537 0.01612 0.82150 -0.03083 0.56915
1403638539727829504 0.12261 -0.09858 -0.02211 0.01528 0.82211 -0.02966 0.56835
1403638539827829504 0.13540 -0.09838 -0.00979 0.01485 0.82369 -0.02809 0.56615
1403638539927829504 0.15330 -0.09901 -0.00140 0.01370 0.82754 -0.02732 0.56058
1403638540027829504 0.16995 -0.09823 0.00757 0.01257 0.83295 -0.02759 0.55252
1403638540127829504 0.19183 -0.09740 0.01557 0.01251 0.83878 -0.02723 0.54365
1403638540227829504 0.22536 -0.09700 0.02218 0.01273 0.83868 -0.02578 0.54386
1403638540327829504 0.26445 -0.09674 0.03068 0.01291 0.83248 -0.02482 0.55336
1403638540427829504 0.30614 -0.09537 0.03946 0.01197 0.82779 -0.02104 0.56051
1403638540527829504 0.35209 -0.09267 0.04552 0.00647 0.82706 -0.01247 0.56194
1403638540627829504 0.39885 -0.08697 0.04981 -0.00232 0.82677 0.00147 0.56253
1403638540727829504 0.44933 -0.08017 0.05683 -0.00949 0.82524 0.02291 0.56424
1403638540827829504 0.50127 -0.07051 0.06261 -0.01844 0.82374 0.04925 0.56453
1403638540927829504 0.55145 -0.05561 0.06687 -0.03012 0.82181 0.07724 0.56369
1403638541027829504 0.60508 -0.03564 0.06986 -0.04507 0.81929 0.09971 0.56283
1403638541127829504 0.65906 -0.01375 0.06892 -0.05743 0.81636 0.11596 0.56287
1403638541227829504 0.71192 0.01304 0.06450 -0.06500 0.81503 0.12692 0.56161
1403638541327829504 0.76683 0.04386 0.06226 -0.06894 0.81418 0.13279 0.56100
1403638541427829504 0.81843 0.07944 0.06577 -0.07142 0.81419 0.13403 0.56038
1403638541527829504 0.86893 0.11834 0.07532 -0.07035 0.81300 0.13482 0.56206
1403638541627829504 0.91919 0.16584 0.09216 -0.07148 0.81134 0.13705 0.56377
1403638541727829504 0.96890 0.21740 0.11545 -0.07871 0.80936 0.14126 0.56461
1403638541827829504 1.01919 0.27534 0.14784 -0.09096 0.80804 0.14753 0.56305
1403638541927829504 1.06303 0.33560 0.17932 -0.10262 0.80646 0.15896 0.56020
1403638542027829504 1.10939 0.39773 0.20482 -0.11558 0.80414 0.17445 0.55639
1403638542127829504 1.15311 0.46061 0.22393 -0.12876 0.80057 0.19334 0.55239
1403638542227829504 1.19747 0.52475 0.23813 -0.14450 0.79602 0.21394 0.54746
1403638542327829504 1.23519 0.58853 0.24829 -0.15872 0.79006 0.23714 0.54257
1403638542427829504 1.28153 0.65697 0.25638 -0.16866 0.77827 0.25701 0.54753
1403638542527829504 1.32160 0.72414 0.26192 -0.16957 0.76424 0.27560 0.55788
1403638542627829504 1.32064 0.79195 0.27903 -0.16789 0.75452 0.29018 0.56419
1403638542727829504 1.35613 0.86967 0.28837 -0.17235 0.75444 0.29478 0.56055
1403638542827829504 1.39251 0.95106 0.30287 -0.18101 0.75944 0.29169 0.55263
1403638542927829504 1.41633 1.02944 0.32290 -0.18604 0.76559 0.28801 0.54435
1403638543027829504 1.42865 1.10559 0.35090 -0.18824 0.77015 0.28484 0.53879
1403638543127829504 1.44045 1.18463 0.37744 -0.18938 0.77293 0.28120 0.53632
1403638543227829504 1.45057 1.26448 0.39767 -0.18805 0.77413 0.27920 0.53611
1403638543327829504 1.45976 1.34386 0.41387 -0.18761 0.77504 0.27653 0.53632
1403638543427829504 1.46621 1.42328 0.42454 -0.18878 0.77494 0.27802 0.53529
1403638543527829504 1.48171 1.51096 0.43174 -0.19196 0.77324 0.28475 0.53308
1403638543627829504 1.49465 1.59801 0.43623 -0.19642 0.76854 0.29974 0.53002
1403638543727829504 1.50863 1.69398 0.43916 -0.20548 0.76121 0.31883 0.52600
1403638543827829504 1.52638 1.79608 0.44662 -0.21474 0.75093 0.34133 0.52296
1403638543927829504 1.52780 1.88249 0.46427 -0.22887 0.74091 0.36156 0.51763
1403638544027829504 1.53746 1.97603 0.48697 -0.24300 0.73421 0.37561 0.51069
1403638544127829504 1.54381 2.06557 0.51077 -0.25463 0.73048 0.38493 0.50338
1403638544227829504 1.55351 2.15850 0.53237 -0.26408 0.72757 0.38928 0.49936
1403638544327829504 1.55767 2.24260 0.54554 -0.26893 0.72555 0.39276 0.49698
1403638544427829504 1.56731 2.33304 0.55462 -0.27022 0.72604 0.39411 0.49449
1403638544527829504 1.57919 2.42542 0.56209 -0.26949 0.72525 0.39426 0.49593
1403638544627829504 1.59194 2.52062 0.57095 -0.27394 0.72000 0.39347 0.50173
1403638544727829504 1.60439 2.61718 0.58655 -0.27751 0.71557 0.39341 0.50614
1403638544827829504 1.61374 2.70731 0.60445 -0.27645 0.71719 0.39555 0.50275
1403638544927829504 1.62317 2.79885 0.61675 -0.27521 0.72002 0.39710 0.49814
1403638545027829504 1.63498 2.88800 0.62229 -0.27655 0.71946 0.39726 0.49808
1403638545127829504 1.64624 2.97598 0.62268 -0.27748 0.71840 0.39750 0.49890
1403638545227829504 1.65846 3.06779 0.61894 -0.27613 0.71866 0.39930 0.49783
1403638545327829504 1.66799 3.15901 0.61011 -0.27682 0.71654 0.39981 0.50009
1403638545427829504 1.68100 3.25092 0.59518 -0.27872 0.71560 0.39893 0.50109
1403638545527829504 1.69067 3.33625 0.57921 -0.28172 0.71417 0.40242 0.49865
1403638545627829504 1.70372 3.43495 0.57218 -0.28842 0.71048 0.41114 0.49294
1403638545727829504 1.71132 3.51860 0.56803 -0.29648 0.70381 0.42509 0.48585
1403638545827829504 1.72097 3.60104 0.57163 -0.30670 0.69271 0.44351 0.47895
1403638545927829504 1.73171 3.69158 0.58235 -0.31674 0.68047 0.46443 0.47004
1403638546027829504 1.73938 3.77424 0.59995 -0.32501 0.66762 0.48477 0.46223
1403638546127829504 1.74687 3.86069 0.61680 -0.33114 0.65647 0.50055 0.45699
1403638546227829504 1.75921 3.95565 0.62533 -0.33808 0.64983 0.50976 0.45118
1403638546327829504 1.76649 4.04790 0.62817 -0.34396 0.64646 0.51450 0.44617
1403638546427829504 1.77313 4.14262 0.62554 -0.34867 0.64600 0.51565 0.44183
1403638546527829504 1.78021 4.23863 0.61814 -0.34978 0.64489 0.51749 0.44042
1403638546627829504 1.78595 4.33446 0.61512 -0.35179 0.64104 0.52242 0.43862
1403638546727829504 1.79012 4.42939 0.61878 -0.35555 0.63592 0.52820 0.43611
1403638546827829504 1.79398 4.52982 0.63443 -0.35640 0.63139 0.53391 0.43504
1403638546927829504 1.79655 4.62930 0.65343 -0.35644 0.62832 0.53797 0.43446
1403638547027829504 1.79803 4.73258 0.66571 -0.35498 0.62517 0.54171 0.43555
1403638547127829504 1.79416 4.83431 0.66848 -0.35170 0.62227 0.54567 0.43742
1403638547227829504 1.78830 4.93709 0.67031 -0.34994 0.62079 0.54778 0.43829
1403638547327829504 1.77879 5.04652 0.66421 -0.34877 0.61989 0.54852 0.43956
1403638547427829504 1.76598 5.14963 0.65872 -0.35376 0.62339 0.54472 0.43533
1403638547527829504 1.75154 5.25947 0.65006 -0.35859 0.62672 0.54088 0.43138
1403638547627829504 1.73272 5.36145 0.63198 -0.36083 0.62905 0.53830 0.42934
1403638547727829504 1.71320 5.47044 0.61271 -0.35955 0.62934 0.53798 0.43039
1403638547827829504 1.69389 5.58486 0.58790 -0.35552 0.62711 0.54023 0.43415
1403638547927829504 1.67226 5.69810 0.56317 -0.35508 0.62695 0.54018 0.43481
1403638548027829504 1.64532 5.80698 0.54472 -0.35658 0.62625 0.54135 0.43312
1403638548127829504 1.61825 5.92412 0.53341 -0.35984 0.62344 0.54520 0.42964
1403638548227829504 1.58829 6.05103 0.53282 -0.36575 0.61798 0.55175 0.42415
1403638548327829504 1.55621 6.17138 0.54101 -0.37313 0.60981 0.56141 0.41680
1403638548427829504 1.52283 6.29314 0.55479 -0.37995 0.59990 0.57351 0.40847
1403638548527829504 1.49093 6.42824 0.57215 -0.38760 0.59115 0.58199 0.40199
1403638548627829504 1.45771 6.53950 0.58783 -0.39283 0.58364 0.58892 0.39778
1403638548727829504 1.42536 6.66331 0.59674 -0.39649 0.57892 0.59352 0.39419
1403638548827829504 1.39336 6.77439 0.60846 -0.39905 0.57572 0.59674 0.39142
1403638548927829504 1.35989 6.89230 0.62731 -0.40108 0.57389 0.59811 0.38994
1403638549027829504 1.32630 7.01762 0.64998 -0.40013 0.57317 0.59994 0.38916
1403638549127829504 1.29149 7.13875 0.67801 -0.40236 0.57365 0.59853 0.38832
1403638549227829504 1.25899 7.26902 0.71324 -0.40266 0.57378 0.59810 0.38848
1403638549327829504 1.22414 7.39458 0.75300 -0.40426 0.57501 0.59633 0.38771
1403638549427829504 1.19165 7.51934 0.79086 -0.40662 0.57634 0.59393 0.38697
1403638549527829504 1.15699 7.64688 0.82557 -0.40742 0.57761 0.59256 0.38634
1403638549627829504 1.12426 7.78196 0.85420 -0.40929 0.57696 0.59060 0.38831
1403638549727829504 1.09441 7.90058 0.87953 -0.40826 0.57632 0.59059 0.39036
1403638549827829504 1.06335 8.03986 0.90786 -0.40826 0.57797 0.59027 0.38840
1403638549927829504 1.03455 8.17142 0.94548 -0.40631 0.57877 0.59112 0.38797
1403638550027829504 1.00730 8.31120 0.99059 -0.40686 0.57975 0.59057 0.38675
1403638550127829504 0.98042 8.44841 1.04343 -0.40791 0.58066 0.59011 0.38498
1403638550227829504 0.95677 8.58050 1.10056 -0.40779 0.58031 0.59097 0.38433
1403638550327829504 0.92747 8.71837 1.16834 -0.40696 0.57950 0.59164 0.38539
1403638550427829504 0.90607 8.86339 1.22987 -0.40918 0.57896 0.59086 0.38505
1403638550527829504 0.88492 9.00651 1.28356 -0.41172 0.58023 0.58936 0.38273
1403638550627829504 0.86626 9.13366 1.32683 -0.41643 0.57946 0.58636 0.38339
1403638550727829504 0.85080 9.26562 1.37118 -0.42073 0.57828 0.58346 0.38490
1403638550827829504 0.83836 9.40196 1.41304 -0.42414 0.57618 0.58067 0.38852
1403638550927829504 0.82904 9.53887 1.44811 -0.43060 0.57177 0.57576 0.39517
1403638551027829504 0.82239 9.65890 1.47789 -0.43590 0.56874 0.57192 0.39929
1403638551127829504 0.81982 9.78477 1.51015 -0.43909 0.56796 0.56952 0.40034
1403638551227829504 0.82195 9.89709 1.54548 -0.44274 0.56847 0.56753 0.39842
1403638551327829504 0.82802 10.01586 1.58438 -0.43988 0.57294 0.56676 0.39626
1403638551427829504 0.84196 10.11654 1.62364 -0.43410 0.58357 0.56047 0.39608
1403638551527829504 0.86479 10.23214 1.66229 -0.42679 0.59864 0.54815 0.39876
1403638551627829504 0.89380 10.33098 1.69175 -0.42086 0.61551 0.53069 0.40298
1403638551727829504 0.93119 10.42675 1.71597 -0.41307 0.63121 0.51267 0.41002
1403638551827829504 0.97672 10.51294 1.73455 -0.40375 0.64502 0.49518 0.41921
1403638551927829504 1.03075 10.60958 1.75270 -0.39186 0.65215 0.48451 0.43174
1403638552027829504 1.09246 10.69951 1.77595 -0.38141 0.65414 0.47824 0.44488
1403638552127829504 1.15656 10.77159 1.80542 -0.37373 0.65729 0.47442 0.45080
1403638552227829504 1.22599 10.84109 1.83998 -0.36898 0.66229 0.47247 0.44944
1403638552327829504 1.29598 10.90158 1.87672 -0.36673 0.66506 0.47121 0.44850
1403638552427829504 1.37046 10.96014 1.91235 -0.37251 0.66370 0.46614 0.45106
1403638552527829504 1.45081 11.01444 1.94364 -0.37944 0.66035 0.46125 0.45520
1403638552627829504 1.53336 11.05722 1.96951 -0.38302 0.65695 0.45965 0.45873
1403638552727829504 1.62096 11.09233 1.98793 -0.38287 0.65613 0.46147 0.45821
1403638552827829504 1.71351 11.12109 2.00024 -0.38165 0.65489 0.46451 0.45793
1403638552927829504 1.80770 11.14244 2.00759 -0.37766 0.65327 0.47020 0.45773
1403638553027829504 1.90696 11.15971 2.01183 -0.37290 0.65084 0.47614 0.45896
1403638553127829504 2.00499 11.17055 2.01205 -0.37341 0.64778 0.47850 0.46042
1403638553227829504 2.10688 11.17612 2.01123 -0.38182 0.64272 0.47478 0.46444
1403638553327829504 2.20630 11.17228 2.01181 -0.38685 0.63687 0.47319 0.46993
1403638553427829504 2.30743 11.15788 2.01895 -0.38496 0.63151 0.47594 0.47591
1403638553527829504 2.40861 11.13481 2.03242 -0.38199 0.62687 0.47932 0.48101
1403638553627829504 2.50868 11.09872 2.05052 -0.37923 0.62374 0.48203 0.48455
1403638553727829504 2.59894 11.04953 2.07482 -0.37762 0.62333 0.48396 0.48439
1403638553827829504 2.69049 10.99196 2.10608 -0.37540 0.62458 0.48598 0.48248
1403638553927829504 2.76982 10.92318 2.14172 -0.37311 0.62645 0.48727 0.48055
1403638554027829504 2.85635 10.85677 2.17823 -0.37338 0.63106 0.48719 0.47434
1403638554127829504 2.93289 10.77695 2.20591 -0.37094 0.63283 0.48897 0.47205
1403638554227829504 3.02609 10.69828 2.23019 -0.36265 0.63762 0.49543 0.46527
1403638554327829504 3.09474 10.61631 2.24665 -0.35531 0.64204 0.50084 0.45901
1403638554427829504 3.17909 10.53582 2.26189 -0.35171 0.64424 0.50402 0.45522
1403638554527829504 3.25580 10.45664 2.27225 -0.35015 0.64497 0.50540 0.45386
1403638554627829504 3.32623 10.37907 2.27976 -0.35289 0.64681 0.50400 0.45066
1403638554727829504 3.39307 10.29799 2.29062 -0.35850 0.64779 0.50032 0.44892
1403638554827829504 3.46159 10.22393 2.30573 -0.36292 0.64872 0.49766 0.44696
1403638554927829504 3.52996 10.14659 2.32594 -0.36629 0.64903 0.49514 0.44657
1403638555027829504 3.60033 10.06867 2.34296 -0.36666 0.65093 0.49089 0.44820
1403638555127829504 3.67728 9.99463 2.35347 -0.36057 0.65568 0.48618 0.45133
1403638555227829504 3.75099 9.91326 2.35851 -0.35461 0.66272 0.47809 0.45440
1403638555327829504 3.82970 9.83510 2.36052 -0.34877 0.66813 0.47142 0.45796
1403638555427829504 3.91339 9.74877 2.36033 -0.34130 0.67029 0.46867 0.46323
1403638555527829504 3.99366 9.66452 2.35468 -0.33849 0.67239 0.46514 0.46579
1403638555627829504 4.06970 9.58344 2.35221 -0.33613 0.67344 0.46368 0.46743
1403638555727829504 4.14915 9.49753 2.35754 -0.33647 0.67488 0.46242 0.46636
1403638555827829504 4.22488 9.41539 2.37064 -0.33494 0.67520 0.46359 0.46583
1403638555927829504 4.29915 9.33528 2.39213 -0.33348 0.67485 0.46516 0.46583
1403638556027829504 4.37579 9.25678 2.41809 -0.33253 0.67365 0.46650 0.46691
1403638556127829504 4.45366 9.18569 2.44164 -0.33122 0.67553 0.46778 0.46383
1403638556227829504 4.53213 9.11117 2.45937 -0.32897 0.68005 0.46919 0.45736
1403638556327829504 4.61315 9.03853 2.47523 -0.32792 0.68257 0.47001 0.45350
1403638556427829504 4.69546 8.96512 2.48679 -0.32687 0.68446 0.47078 0.45059
1403638556527829504 4.77391 8.91622 2.49955 -0.32375 0.68807 0.47230 0.44572
1403638556627829504 4.85953 8.85578 2.51014 -0.32802 0.69118 0.46867 0.44161
1403638556727829504 4.95312 8.80920 2.52870 -0.33561 0.69092 0.46284 0.44247
1403638556827829504 5.04560 8.75647 2.55103 -0.34203 0.68818 0.45837 0.44644
1403638556927829504 5.14807 8.71443 2.58305 -0.34679 0.68699 0.45508 0.44797
1403638557027829504 5.25563 8.67075 2.61424 -0.34809 0.68574 0.45460 0.44937
1403638557127829504 5.36520 8.62873 2.63787 -0.34577 0.68398 0.45684 0.45157
1403638557227829504 5.47752 8.57959 2.65280 -0.34486 0.68254 0.45789 0.45336
1403638557327829504 5.59413 8.53706 2.66316 -0.34372 0.68175 0.45907 0.45422
1403638557427829504 5.71026 8.49226 2.67439 -0.34043 0.67971 0.46192 0.45686
1403638557527829504 5.83045 8.44856 2.68937 -0.33483 0.67681 0.46622 0.46093
1403638557627829504 5.95048 8.40146 2.70961 -0.33163 0.67451 0.46859 0.46420
1403638557727829504 6.07413 8.37677 2.72865 -0.33069 0.67390 0.46943 0.46491
1403638557827829504 6.19378 8.34216 2.75058 -0.32876 0.67369 0.47021 0.46579
1403638557927829504 6.31112 8.30740 2.76398 -0.32595 0.67397 0.47189 0.46566
1403638558027829504 6.42802 8.27176 2.77015 -0.32425 0.67661 0.47300 0.46187
1403638558127829504 6.54433 8.23769 2.76960 -0.32207 0.68166 0.47408 0.45482
1403638558227829504 6.66050 8.20551 2.77338 -0.31890 0.68782 0.47558 0.44612
1403638558327829504 6.77553 8.18027 2.78370 -0.31464 0.68951 0.47788 0.44408
1403638558427829504 6.89245 8.16166 2.80459 -0.30843 0.69181 0.48149 0.44095
1403638558527829504 7.01124 8.14927 2.83195 -0.30496 0.69490 0.48314 0.43668
1403638558627829504 7.12853 8.14854 2.86632 -0.30975 0.69630 0.47915 0.43548
1403638558727829504 7.25193 8.15633 2.90375 -0.32020 0.69707 0.47130 0.43524
1403638558827829504 7.37134 8.17278 2.93618 -0.32556 0.69679 0.46686 0.43650
1403638558927829504 7.49449 8.19471 2.96175 -0.32635 0.69373 0.46611 0.44156
1403638559027829504 7.61681 8.22188 2.98070 -0.32700 0.68873 0.46574 0.44924
1403638559127829504 7.74263 8.25160 2.99328 -0.32806 0.68500 0.46532 0.45457
1403638559227829504 7.87291 8.28301 2.99891 -0.32719 0.68169 0.46680 0.45864
1403638559327829504 8.00115 8.31494 2.99864 -0.32548 0.67927 0.46880 0.46140
1403638559427829504 8.12522 8.34810 2.99351 -0.32129 0.67659 0.47232 0.46467
1403638559527829504 8.25432 8.38136 2.98369 -0.32008 0.67464 0.47379 0.46683
1403638559627829504 8.37517 8.41682 2.96708 -0.32043 0.67290 0.47433 0.46855
1403638559727829504 8.49499 8.45383 2.95045 -0.32084 0.67192 0.47493 0.46906
1403638559827829504 8.60590 8.49321 2.93838 -0.32199 0.67247 0.47501 0.46741
1403638559927829504 8.71555 8.53401 2.93124 -0.32222 0.67363 0.47250 0.46813
1403638560027829504 8.82436 8.57530 2.92025 -0.31908 0.67975 0.46328 0.47065
1403638560127829504 8.92936 8.61541 2.90253 -0.31180 0.68924 0.44783 0.47663
1403638560227829504 9.04192 8.65898 2.87725 -0.30043 0.70036 0.42874 0.48520
1403638560327829504 9.15044 8.70030 2.85003 -0.28891 0.71006 0.40625 0.49730
1403638560427829504 9.25767 8.73949 2.82041 -0.27741 0.71885 0.38195 0.51030
1403638560527829504 9.36094 8.77451 2.78590 -0.26519 0.72770 0.35668 0.52240
1403638560627829504 9.45782 8.80505 2.74680 -0.25514 0.73886 0.32902 0.52984
1403638560727829504 9.54742 8.82969 2.70671 -0.24787 0.74990 0.30172 0.53401
1403638560827829504 9.63802 8.84629 2.67131 -0.23757 0.75792 0.27885 0.53977
1403638560927829504 9.72175 8.85367 2.64423 -0.22729 0.76427 0.25620 0.54643
1403638561027829504 9.80636 8.85453 2.62577 -0.21446 0.76725 0.23639 0.55629
1403638561127829504 9.88956 8.84727 2.61565 -0.20299 0.77017 0.21716 0.56434
1403638561227829504 9.96594 8.83143 2.61333 -0.19398 0.77165 0.20157 0.57123
1403638561327829504 10.03793 8.80861 2.61571 -0.18771 0.77343 0.19162 0.57433
1403638561427829504 10.10561 8.78094 2.61827 -0.17554 0.77948 0.19224 0.56977
1403638561527829504 10.17149 8.74880 2.61504 -0.16291 0.78379 0.19741 0.56583
1403638561627829504 10.23359 8.71076 2.60709 -0.15609 0.78636 0.20133 0.56280
1403638561727829504 10.28815 8.67135 2.59561 -0.15445 0.78708 0.20378 0.56136
1403638561827829504 10.34067 8.63147 2.57926 -0.15304 0.78649 0.20575 0.56186
1403638561927829504 10.39381 8.59062 2.55359 -0.14874 0.78645 0.20454 0.56350
1403638562027829504 10.45050 8.54817 2.53020 -0.14349 0.78804 0.19732 0.56522
1403638562127829504 10.49782 8.50344 2.51235 -0.13605 0.79025 0.18765 0.56725
1403638562227829504 10.54296 8.45889 2.49735 -0.12913 0.79174 0.17960 0.56939
1403638562327829504 10.58519 8.41393 2.48792 -0.12326 0.79305 0.17000 0.57182
1403638562427829504 10.62026 8.36504 2.48425 -0.11653 0.79469 0.15640 0.57483
1403638562527829504 10.65123 8.31759 2.48642 -0.10757 0.79803 0.13871 0.57648
1403638562627829504 10.68211 8.26954 2.49511 -0.09897 0.80061 0.11629 0.57940
1403638562727829504 10.71048 8.21807 2.50615 -0.09007 0.80368 0.09147 0.58105
1403638562827829504 10.73583 8.16375 2.51492 -0.07887 0.80599 0.06601 0.58292
1403638562927829504 10.75637 8.10497 2.51765 -0.06522 0.80795 0.04213 0.58412
1403638563027829504 10.77383 8.04547 2.51558 -0.05312 0.80870 0.01932 0.58550
1403638563127829504 10.78738 7.98223 2.50877 -0.04608 0.80967 -0.00469 0.58505
1403638563227829504 10.79595 7.91183 2.49813 -0.03291 0.80830 -0.02045 0.58749
1403638563327829504 10.80235 7.83830 2.48391 -0.02332 0.80403 -0.03126 0.59331
1403638563427829504 10.80287 7.76031 2.46580 -0.01986 0.79567 -0.03956 0.60411
1403638563527829504 10.79565 7.67723 2.44364 -0.01634 0.79357 -0.04221 0.60679
1403638563627829504 10.78117 7.58763 2.42463 -0.01274 0.79626 -0.04118 0.60342
1403638563727829504 10.75713 7.49553 2.41262 -0.01508 0.79916 -0.04165 0.59949
1403638563827829504 10.72728 7.39504 2.40993 -0.01885 0.80055 -0.04152 0.59752
1403638563927829504 10.69476 7.29124 2.41401 -0.02234 0.79998 -0.04027 0.59826
1403638564027829504 10.65831 7.17902 2.42086 -0.02645 0.79958 -0.03783 0.59878
1403638564127829504 10.61321 7.06447 2.42214 -0.02983 0.79937 -0.03441 0.59911
1403638564227829504 10.56454 6.94171 2.41882 -0.03042 0.79853 -0.02887 0.60049
1403638564327829504 10.51625 6.80830 2.41867 -0.02889 0.79739 -0.02224 0.60236
1403638564427829504 10.45428 6.67733 2.42479 -0.02936 0.79532 -0.01831 0.60520
1403638564527829504 10.39636 6.53387 2.43657 -0.03092 0.79539 -0.01581 0.60510
1403638564627829504 10.32040 6.39373 2.44857 -0.03501 0.79757 -0.01658 0.60198
1403638564727829504 10.24760 6.24284 2.45877 -0.04024 0.79912 -0.01961 0.59950
1403638564827829504 10.16071 6.09189 2.45943 -0.04307 0.79941 -0.02262 0.59881
1403638564927829504 10.07741 5.92796 2.45093 -0.04561 0.79870 -0.02502 0.59947
1403638565027829504 9.98174 5.76436 2.42151 -0.04691 0.79871 -0.02588 0.59933
1403638565127829504 9.88932 5.58835 2.37783 -0.04802 0.79944 -0.02647 0.59824
1403638565227829504 9.78921 5.41128 2.32025 -0.04768 0.80026 -0.02589 0.59720
1403638565327829504 9.68961 5.22306 2.26100 -0.04546 0.80116 -0.02502 0.59620
1403638565427829504 9.58425 5.03117 2.19829 -0.04318 0.80201 -0.02378 0.59527
1403638565527829504 9.47558 4.83773 2.13903 -0.03776 0.79993 -0.02225 0.59849
1403638565627829504 9.36113 4.64190 2.09036 -0.02932 0.79827 -0.01882 0.60129
1403638565727829504 9.24143 4.44430 2.04905 -0.01711 0.79914 -0.01244 0.60077
1403638565827829504 9.11568 4.24926 2.01469 -0.01066 0.80200 -0.00988 0.59714
1403638565927829504 8.98635 4.05701 1.98621 -0.00448 0.80431 -0.00788 0.59414
1403638566027829504 8.85212 3.86562 1.95534 -0.00367 0.80550 -0.00888 0.59252
1403638566127829504 8.71401 3.67593 1.91640 -0.00332 0.80562 -0.00928 0.59235
1403638566227829504 8.57421 3.49004 1.86809 -0.00304 0.80526 -0.00913 0.59284
1403638566327829504 8.43462 3.30722 1.81249 -0.00371 0.80627 -0.00904 0.59147
1403638566427829504 8.29561 3.13066 1.75175 -0.00412 0.80606 -0.00785 0.59177
1403638566527829504 8.15748 2.95486 1.68256 -0.00624 0.80637 -0.00717 0.59133
1403638566627829504 8.01832 2.78581 1.60900 -0.00786 0.81289 -0.00585 0.58233
1403638566727829504 7.87872 2.61727 1.52657 -0.00854 0.82515 -0.00432 0.56484
1403638566827829504 7.75297 2.46064 1.44102 -0.00763 0.83478 -0.00101 0.55053
1403638566927829504 7.63285 2.30977 1.35223 -0.00754 0.84093 0.00160 0.54109
1403638567027829504 7.52013 2.16145 1.26410 -0.00869 0.84077 0.00279 0.54132
1403638567127829504 7.41626 2.01435 1.18098 -0.00759 0.82819 0.00490 0.56038
1403638567227829504 7.31623 1.86576 1.08997 -0.00646 0.81682 0.00616 0.57682
1403638567327829504 7.22298 1.72848 0.99462 -0.00352 0.81126 0.00718 0.58464
1403638567427829504 7.12126 1.58623 0.89710 -0.00128 0.81077 0.00692 0.58532
1403638567527829504 7.03248 1.45762 0.80551 0.00047 0.81353 0.00590 0.58149
1403638567627829504 6.94197 1.33243 0.72329 0.00279 0.81754 0.00491 0.57585
1403638567727829504 6.85489 1.21520 0.65036 0.00567 0.82083 0.00433 0.57113
1403638567827829504 6.77622 1.10577 0.58996 0.00789 0.82496 0.00401 0.56511
1403638567927829504 6.69766 0.99220 0.53376 0.00564 0.82664 0.00149 0.56270
1403638568027829504 6.63320 0.89267 0.48783 0.00690 0.82745 0.00146 0.56150
1403638568127829504 6.56595 0.78932 0.45054 0.00954 0.82663 0.00312 0.56265
1403638568227829504 6.49953 0.69092 0.41925 0.01158 0.82596 0.00426 0.56359
1403638568327829504 6.43383 0.59985 0.38959 0.01255 0.82610 0.00411 0.56337
1403638568427829504 6.37551 0.51324 0.36086 0.01262 0.82740 0.00381 0.56146
1403638568527829504 6.31637 0.43281 0.32516 0.01358 0.82813 0.00421 0.56035
1403638568627829504 6.26199 0.35456 0.28891 0.01420 0.82974 0.00471 0.55794
1403638568727829504 6.21138 0.28272 0.24749 0.01603 0.83105 0.00632 0.55593
1403638568827829504 6.16088 0.21442 0.21518 0.01405 0.83100 0.00521 0.55608
1403638568927829504 6.11866 0.15395 0.18886 0.01515 0.83093 0.00582 0.55614
1403638569027829504 6.07337 0.09480 0.17228 0.01514 0.83002 0.00575 0.55750
1403638569127829504 6.04029 0.04499 0.16029 0.01685 0.83009 0.00691 0.55733
1403638569227829504 6.00188 -0.00250 0.15449 0.01897 0.83152 0.00781 0.55511
1403638569327829504 5.97535 -0.04343 0.14308 0.02017 0.83223 0.00804 0.55400
1403638569427829504 5.94448 -0.08005 0.12856 0.02118 0.83119 0.00843 0.55552
1403638569527829504 5.93041 -0.10615 0.10944 0.02124 0.82998 0.00867 0.55732
1403638569627829504 5.91597 -0.12937 0.09073 0.02075 0.82859 0.00800 0.55941
1403638569727829504 5.90481 -0.14572 0.07968 0.02161 0.82764 0.00830 0.56078
1403638569827829504 5.89496 -0.15739 0.07817 0.02143 0.82698 0.00870 0.56176
1403638569927829504 5.89140 -0.16170 0.07959 0.02246 0.82513 0.00932 0.56442
1403638570027829504 5.89058 -0.15955 0.08209 0.02024 0.82398 0.00806 0.56619
1403638570127829504 5.89174 -0.15293 0.07904 0.01673 0.82421 0.00572 0.56601
1403638570227829504 5.89445 -0.14282 0.07060 0.01063 0.82387 0.00233 0.56667
1403638570327829504 5.89569 -0.13080 0.05681 0.00185 0.82378 -0.00402 0.56689
1403638570427829504 5.89690 -0.11954 0.03759 -0.00178 0.82380 -0.01415 0.56670
1403638570527829504 5.89979 -0.11045 0.01325 -0.00797 0.82331 -0.03629 0.56638
1403638570627829504 5.90411 -0.10776 -0.01910 -0.01213 0.82063 -0.06550 0.56757
1403638570727829504 5.90612 -0.11501 -0.05071 -0.00686 0.81366 -0.09329 0.57376
1403638570827829504 5.90420 -0.13382 -0.08262 0.00215 0.80214 -0.12066 0.58481
1403638570927829504 5.89944 -0.16254 -0.11941 0.01600 0.79315 -0.14374 0.59161
1403638571027829504 5.88770 -0.20212 -0.16037 0.03103 0.78711 -0.16498 0.59353
1403638571127829504 5.86747 -0.25096 -0.20520 0.05150 0.78874 -0.18091 0.58524
1403638571227829504 5.83836 -0.30863 -0.24190 0.07324 0.79143 -0.18948 0.57651
1403638571327829504 5.80374 -0.37286 -0.26867 0.09166 0.79200 -0.19422 0.57151
1403638571427829504 5.76327 -0.44139 -0.28539 0.09943 0.79005 -0.20023 0.57083
1403638571527829504 5.71941 -0.51434 -0.29268 0.10519 0.78718 -0.20353 0.57259
1403638571627829504 5.67057 -0.58990 -0.30190 0.11178 0.78613 -0.21038 0.57031
1403638571727829504 5.62031 -0.66841 -0.31704 0.11889 0.78646 -0.22195 0.56398
1403638571827829504 5.56719 -0.75083 -0.33823 0.12729 0.78559 -0.23724 0.55710
1403638571927829504 5.51273 -0.83778 -0.36031 0.13468 0.78145 -0.25655 0.55261
1403638572027829504 5.45607 -0.92938 -0.37644 0.14359 0.77564 -0.27619 0.54908
1403638572127829504 5.39518 -1.02507 -0.38418 0.15463 0.76887 -0.29434 0.54616
1403638572227829504 5.32821 -1.12345 -0.38427 0.17138 0.76380 -0.30927 0.54000
1403638572327829504 5.26011 -1.22291 -0.38125 0.18499 0.76008 -0.32718 0.53011
1403638572427829504 5.19245 -1.32705 -0.38292 0.19888 0.75581 -0.34405 0.52042
1403638572527829504 5.12559 -1.43492 -0.38749 0.21176 0.75264 -0.35475 0.51268
1403638572627829504 5.06110 -1.54408 -0.39069 0.22040 0.74962 -0.36143 0.50879
1403638572727829504 4.99901 -1.65754 -0.38950 0.22767 0.74936 -0.36402 0.50409
1403638572827829504 4.93988 -1.77530 -0.38054 0.23361 0.75145 -0.36311 0.49890
1403638572927829504 4.88722 -1.89567 -0.36431 0.23510 0.75330 -0.36248 0.49585
1403638573027829504 4.83852 -2.01971 -0.34818 0.23555 0.75573 -0.36123 0.49285
1403638573127829504 4.79530 -2.14667 -0.33938 0.23432 0.75790 -0.35953 0.49135
1403638573227829504 4.75306 -2.28088 -0.33452 0.23257 0.75886 -0.35756 0.49214
1403638573327829504 4.72160 -2.40714 -0.32768 0.23112 0.75982 -0.35551 0.49281
1403638573427829504 4.68528 -2.54703 -0.32170 0.23211 0.76092 -0.35573 0.49050
1403638573527829504 4.66157 -2.68352 -0.30770 0.23516 0.76073 -0.35578 0.48929
1403638573627829504 4.64249 -2.82035 -0.28457 0.23651 0.76037 -0.35624 0.48886
1403638573727829504 4.62989 -2.95505 -0.25713 0.24107 0.75972 -0.35823 0.48620
1403638573827829504 4.62192 -3.09377 -0.22507 0.25189 0.75271 -0.36254 0.48841
1403638573927829504 4.62126 -3.23088 -0.19812 0.26605 0.74048 -0.37173 0.49267
1403638574027829504 4.62591 -3.36485 -0.17822 0.27368 0.72281 -0.39064 0.50005
1403638574127829504 4.62981 -3.49871 -0.16433 0.27916 0.70205 -0.41439 0.50741
1403638574227829504 4.63232 -3.62642 -0.15528 0.28644 0.68174 -0.43884 0.51049
1403638574327829504 4.62974 -3.75125 -0.15083 0.29744 0.66682 -0.46063 0.50469
1403638574427829504 4.62063 -3.87701 -0.14959 0.31168 0.65564 -0.47940 0.49312
1403638574527829504 4.60485 -4.00025 -0.14978 0.32374 0.64502 -0.49685 0.48195
1403638574627829504 4.58654 -4.11585 -0.14471 0.33468 0.63583 -0.50781 0.47523
1403638574727829504 4.56333 -4.24039 -0.13235 0.34710 0.63313 -0.51202 0.46530
1403638574827829504 4.53921 -4.35311 -0.11441 0.35414 0.63530 -0.51478 0.45385
1403638574927829504 4.51426 -4.46882 -0.09889 0.35305 0.63774 -0.51937 0.44599
1403638575027829504 4.49084 -4.57399 -0.08907 0.34929 0.63866 -0.52307 0.44329
1403638575127829504 4.46664 -4.67917 -0.08590 0.34196 0.63622 -0.52789 0.44679
1403638575227829504 4.44059 -4.78837 -0.08475 0.33747 0.63418 -0.52981 0.45081
1403638575327829504 4.40874 -4.90483 -0.08681 0.33377 0.63490 -0.53025 0.45204
1403638575427829504 4.37596 -5.01895 -0.09416 0.33041 0.64005 -0.52968 0.44789
1403638575527829504 4.33935 -5.13944 -0.10416 0.32895 0.64475 -0.52731 0.44500
1403638575627829504 4.30326 -5.25804 -0.11117 0.33131 0.65139 -0.52254 0.43919
1403638575727829504 4.26755 -5.37921 -0.11060 0.33397 0.65745 -0.51781 0.43371
1403638575827829504 4.23345 -5.50866 -0.10193 0.33493 0.66323 -0.51505 0.42740
1403638575927829504 4.20310 -5.64020 -0.08285 0.33404 0.66504 -0.51389 0.42668
1403638576027829504 4.17708 -5.77552 -0.05449 0.33423 0.66538 -0.51265 0.42750
1403638576127829504 4.14945 -5.92712 -0.02061 0.33474 0.66524 -0.51177 0.42837
1403638576227829504 4.13079 -6.07087 0.01480 0.33716 0.66430 -0.51009 0.42993
1403638576327829504 4.11490 -6.22196 0.04437 0.34201 0.66521 -0.50693 0.42843
1403638576427829504 4.10245 -6.37912 0.06786 0.34553 0.66723 -0.50475 0.42503
1403638576527829504 4.09357 -6.54300 0.08568 0.35102 0.67094 -0.50086 0.41923
1403638576627829504 4.09454 -6.69987 0.09935 0.35479 0.67367 -0.49839 0.41461
1403638576727829504 4.10463 -6.86013 0.10831 0.35800 0.67293 -0.49587 0.41608
1403638576827829504 4.12268 -7.01901 0.11532 0.36270 0.66875 -0.49256 0.42262
1403638576927829504 4.14761 -7.17991 0.11582 0.36257 0.66320 -0.49290 0.43100
1403638577027829504 4.17781 -7.34694 0.11270 0.35819 0.65866 -0.49597 0.43804
1403638577127829504 4.21292 -7.50395 0.11272 0.35479 0.65511 -0.49874 0.44297
1403638577227829504 4.25202 -7.65538 0.12031 0.35239 0.65358 -0.50061 0.44502
1403638577327829504 4.29173 -7.81119 0.13404 0.35640 0.65589 -0.49767 0.44171
1403638577427829504 4.33639 -7.96149 0.15818 0.36272 0.66038 -0.49260 0.43553
1403638577527829504 4.38610 -8.10911 0.17982 0.36326 0.66096 -0.49197 0.43490
1403638577627829504 4.44216 -8.25431 0.19835 0.36038 0.66014 -0.49398 0.43626
1403638577727829504 4.50169 -8.39385 0.20840 0.35812 0.65994 -0.49541 0.43681
1403638577827829504 4.56461 -8.53511 0.21304 0.35565 0.65975 -0.49657 0.43779
1403638577927829504 4.63065 -8.67790 0.21195 0.35566 0.65994 -0.49582 0.43834
1403638578027829504 4.70023 -8.81761 0.21435 0.35648 0.66016 -0.49434 0.43902
1403638578127829504 4.77460 -8.95024 0.21908 0.35395 0.65860 -0.49517 0.44246
1403638578227829504 4.85163 -9.08542 0.23433 0.34563 0.65372 -0.50041 0.45031
1403638578327829504 4.92734 -9.22321 0.25183 0.33954 0.65039 -0.50449 0.45519
1403638578427829504 5.00107 -9.35412 0.26241 0.33946 0.64976 -0.50493 0.45565
1403638578527829504 5.07432 -9.48920 0.27075 0.33943 0.64925 -0.50549 0.45579
1403638578627829504 5.14441 -9.61871 0.27375 0.34054 0.64841 -0.50533 0.45632
