1403638524027829504 -0.02301 -0.06721 -0.06011 -0.03362 0.83153 0.06433 0.55072
1403638524127829504 -0.02687 -0.06868 -0.07264 -0.02941 0.83567 0.07159 0.54376
1403638524227829504 -0.02720 -0.08168 -0.06716 -0.03440 0.83854 0.07420 0.53866
1403638524327829504 -0.01953 -0.08513 -0.03262 -0.04152 0.83773 0.07247 0.53966
1403638524427829504 -0.01312 -0.08554 0.02684 -0.05037 0.83330 0.07002 0.54606
1403638524527829504 -0.01125 -0.07914 0.09079 -0.05514 0.82500 0.06856 0.55825
1403638524627829504 -0.00454 -0.07396 0.14972 -0.05566 0.81713 0.06468 0.57011
1403638524727829504 0.00333 -0.06360 0.19061 -0.04633 0.81219 0.05916 0.57853
1403638524827829504 0.00733 -0.05511 0.21848 -0.03368 0.80965 0.05383 0.58347
1403638524927829504 0.01457 -0.04826 0.23503 -0.03788 0.80864 0.05381 0.58461
1403638525027829504 0.01844 -0.04729 0.23736 -0.04277 0.80650 0.05749 0.58687
1403638525127829504 0.01875 -0.04635 0.21519 -0.03877 0.80408 0.06147 0.59006
1403638525227829504 0.02405 -0.04059 0.17415 -0.03762 0.80432 0.06642 0.58928
1403638525327829504 0.02172 -0.04816 0.12513 -0.03877 0.81012 0.07180 0.58056
1403638525427829504 0.01699 -0.04792 0.07286 -0.04362 0.82127 0.07555 0.56383
1403638525527829504 0.01526 -0.05163 0.02378 -0.05257 0.83274 0.07682 0.54578
1403638525627829504 0.01288 -0.05593 -0.01842 -0.05582 0.83873 0.07531 0.53642
1403638525727829504 0.01382 -0.05574 -0.05199 -0.05398 0.83951 0.07099 0.53598
1403638525827829504 0.01330 -0.05532 -0.07666 -0.04954 0.83678 0.06502 0.54140
1403638525927829504 0.01111 -0.06045 -0.09221 -0.04076 0.83388 0.06221 0.54691
1403638526027829504 0.01046 -0.07188 -0.10014 -0.03434 0.83424 0.06170 0.54687
1403638526127829504 0.00632 -0.09348 -0.09931 -0.03123 0.83703 0.05512 0.54348
1403638526227829504 0.00310 -0.12483 -0.08816 -0.02881 0.83834 0.04560 0.54248
1403638526327829504 -0.00341 -0.16093 -0.07490 -0.02569 0.83571 0.03684 0.54733
1403638526427829504 -0.01005 -0.20430 -0.06163 -0.02346 0.83114 0.02710 0.55491
1403638526527829504 -0.01789 -0.25240 -0.05031 -0.02281 0.82637 0.01529 0.56245
1403638526627829504 -0.02692 -0.30870 -0.04188 -0.02065 0.82111 0.00555 0.57038
1403638526727829504 -0.03770 -0.37290 -0.03491 -0.01545 0.81727 -0.00169 0.57605
1403638526827829504 -0.05025 -0.44225 -0.02865 -0.00520 0.81524 -0.00528 0.57907
1403638526927829504 -0.06435 -0.51042 -0.02353 -0.00076 0.81666 -0.00927 0.57704
1403638527027829504 -0.07694 -0.57232 -0.02040 0.00544 0.82122 -0.01904 0.57027
1403638527127829504 -0.08896 -0.63026 -0.01579 0.01392 0.82517 -0.03403 0.56369
1403638527227829504 -0.09594 -0.67736 -0.01023 0.02275 0.82490 -0.04872 0.56271
1403638527327829504 -0.09928 -0.70929 -0.00259 0.03734 0.82064 -0.06039 0.56702
1403638527427829504 -0.09909 -0.72318 0.00213 0.05143 0.81599 -0.06691 0.57187
1403638527527829504 -0.09365 -0.71234 0.00400 0.05808 0.81399 -0.06974 0.57375
1403638527627829504 -0.08443 -0.68357 0.00393 0.05851 0.81415 -0.06913 0.57354
1403638527727829504 -0.07255 -0.63967 0.00269 0.05548 0.81471 -0.06278 0.57379
1403638527827829504 -0.05820 -0.58771 0.00307 0.04602 0.81713 -0.05707 0.57177
1403638527927829504 -0.04402 -0.53007 0.00665 0.03220 0.81953 -0.05275 0.56970
1403638528027829504 -0.02326 -0.47265 0.00983 0.02618 0.81886 -0.04671 0.57149
1403638528127829504 -0.01108 -0.41356 0.01115 0.01770 0.81792 -0.03902 0.57373
1403638528227829504 0.01274 -0.35998 0.00426 0.00717 0.81904 -0.02963 0.57292
1403638528327829504 0.04066 -0.31320 -0.00030 -0.00377 0.81977 -0.01934 0.57235
1403638528427829504 0.06997 -0.28026 -0.00415 -0.00546 0.81831 -0.01412 0.57458
1403638528527829504 0.10437 -0.25620 -0.00742 -0.00317 0.81902 -0.01434 0.57357
1403638528627829504 0.13774 -0.23926 -0.00844 -0.00354 0.82129 -0.02171 0.57009
1403638528727829504 0.16883 -0.22794 -0.00658 -0.00124 0.82139 -0.02764 0.56970
1403638528827829504 0.18979 -0.21964 -0.00161 0.00092 0.82035 -0.03392 0.57085
1403638528927829504 0.19554 -0.21396 0.00743 -0.00505 0.81963 -0.04195 0.57133
1403638529027829504 0.18682 -0.20573 0.02316 -0.01062 0.82041 -0.04622 0.56981
1403638529127829504 0.16219 -0.19484 0.03952 -0.00089 0.82125 -0.04219 0.56901
1403638529227829504 0.13006 -0.17695 0.04580 0.01377 0.82250 -0.03431 0.56756
1403638529327829504 0.09466 -0.15584 0.04192 0.02091 0.82582 -0.02868 0.56281
1403638529427829504 0.05952 -0.13645 0.02751 0.02223 0.83354 -0.02435 0.55148
1403638529527829504 0.02644 -0.12402 0.00710 0.01892 0.84460 -0.02234 0.53459
1403638529627829504 0.00252 -0.11339 -0.01944 0.01943 0.85200 -0.01830 0.52287
1403638529727829504 -0.01235 -0.10740 -0.04625 0.01901 0.85199 -0.01602 0.52297
1403638529827829504 -0.02326 -0.09999 -0.06902 0.01738 0.84597 -0.01676 0.53269
1403638529927829504 -0.02599 -0.09367 -0.08458 0.01666 0.84119 -0.01689 0.54022
1403638530027829504 -0.02594 -0.08884 -0.09785 0.01722 0.84079 -0.01711 0.54081
1403638530127829504 -0.01792 -0.08606 -0.10624 0.01721 0.84300 -0.01901 0.53731
1403638530227829504 -0.00556 -0.08635 -0.11542 0.01886 0.84367 -0.02435 0.53598
1403638530327829504 0.00852 -0.08885 -0.12476 0.02017 0.84312 -0.03049 0.53649
1403638530427829504 0.02098 -0.09290 -0.13474 0.02353 0.84261 -0.03443 0.53691
1403638530527829504 0.02994 -0.09572 -0.14257 0.02055 0.84255 -0.03785 0.53689
1403638530627829504 0.03851 -0.09983 -0.15054 0.02240 0.84380 -0.04021 0.53468
1403638530727829504 0.04277 -0.10215 -0.15698 0.02282 0.84766 -0.04238 0.52836
1403638530827829504 0.04673 -0.10489 -0.16541 0.02270 0.84972 -0.04280 0.52500
1403638530927829504 0.04949 -0.10544 -0.16945 0.02021 0.84886 -0.04213 0.52654
1403638531027829504 0.04850 -0.10494 -0.17206 0.01813 0.84624 -0.04157 0.53086
1403638531127829504 0.04795 -0.10386 -0.17196 0.02008 0.84262 -0.04010 0.53665
1403638531227829504 0.04854 -0.10259 -0.17276 0.02174 0.84229 -0.03707 0.53731
1403638531327829504 0.04891 -0.10128 -0.17371 0.02232 0.83865 -0.03732 0.54293
1403638531427829504 0.04874 -0.10151 -0.17387 0.02283 0.83948 -0.03660 0.54168
1403638531527829504 0.04841 -0.10164 -0.17372 0.02216 0.83871 -0.03702 0.54286
1403638531627829504 0.04839 -0.10173 -0.17384 0.02243 0.83891 -0.03583 0.54263
1403638531727829504 0.04831 -0.10159 -0.17403 0.02222 0.83908 -0.03618 0.54234
1403638531827829504 0.04843 -0.10154 -0.17424 0.02198 0.83915 -0.03617 0.54224
1403638531927829504 0.04858 -0.10150 -0.17454 0.02173 0.83916 -0.03628 0.54224
1403638532027829504 0.04859 -0.10140 -0.17468 0.02152 0.83919 -0.03636 0.54220
1403638532127829504 0.04887 -0.10133 -0.17491 0.02144 0.83923 -0.03640 0.54213
1403638532227829504 0.04881 -0.10133 -0.17504 0.02155 0.83928 -0.03621 0.54206
1403638532327829504 0.04889 -0.10138 -0.17515 0.02159 0.83929 -0.03614 0.54205
1403638532427829504 0.04891 -0.10136 -0.17523 0.02162 0.83931 -0.03608 0.54202
1403638532527829504 0.04898 -0.10136 -0.17535 0.02160 0.83932 -0.03610 0.54200
1403638532627829504 0.04915 -0.10134 -0.17554 0.02156 0.83934 -0.03612 0.54198
1403638532727829504 0.04930 -0.10134 -0.17575 0.02151 0.83932 -0.03614 0.54201
1403638532827829504 0.04942 -0.10131 -0.17588 0.02147 0.83931 -0.03619 0.54203
1403638532927829504 0.04936 -0.10132 -0.17594 0.02150 0.83929 -0.03615 0.54205
1403638533027829504 0.04959 -0.10136 -0.17614 0.02152 0.83927 -0.03615 0.54208
1403638533127829504 0.04961 -0.10134 -0.17623 0.02153 0.83927 -0.03619 0.54208
1403638533227829504 0.04969 -0.10132 -0.17633 0.02153 0.83926 -0.03620 0.54210
1403638533327829504 0.04984 -0.10138 -0.17652 0.02154 0.83923 -0.03619 0.54214
1403638533427829504 0.04972 -0.10137 -0.17650 0.02148 0.83921 -0.03621 0.54217
1403638533527829504 0.04977 -0.10138 -0.17657 0.02148 0.83919 -0.03623 0.54220
1403638533627829504 0.04992 -0.10140 -0.17671 0.02153 0.83918 -0.03620 0.54222
1403638533727829504 0.04996 -0.10139 -0.17677 0.02158 0.83918 -0.03620 0.54222
1403638533827829504 0.05000 -0.10133 -0.17688 0.02154 0.83912 -0.03626 0.54232
1403638533927829504 0.04999 -0.10134 -0.17697 0.02146 0.83914 -0.03614 0.54229
1403638534027829504 0.04918 -0.10133 -0.17653 0.02147 0.83913 -0.03627 0.54229
1403638534127829504 0.04969 -0.10147 -0.17652 0.02158 0.83914 -0.03643 0.54227
1403638534227829504 0.04966 -0.10136 -0.17663 0.02141 0.83910 -0.03650 0.54233
1403638534327829504 0.05002 -0.10125 -0.17686 0.02124 0.83910 -0.03639 0.54235
1403638534427829504 0.04987 -0.10114 -0.17693 0.02116 0.83912 -0.03640 0.54231
1403638534527829504 0.04965 -0.10124 -0.17678 0.02137 0.83911 -0.03664 0.54231
1403638534627829504 0.04965 -0.10129 -0.17671 0.02113 0.83913 -0.03618 0.54231
1403638534727829504 0.04972 -0.10122 -0.17672 0.02092 0.83913 -0.03588 0.54235
1403638534827829504 0.04970 -0.10111 -0.17674 0.02092 0.83908 -0.03589 0.54242
1403638534927829504 0.04963 -0.10119 -0.17672 0.02108 0.83906 -0.03606 0.54243
1403638535027829504 0.04955 -0.10125 -0.17668 0.02094 0.83907 -0.03597 0.54243
1403638535127829504 0.04962 -0.10120 -0.17671 0.02086 0.83910 -0.03583 0.54240
1403638535227829504 0.04967 -0.10114 -0.17677 0.02071 0.83906 -0.03577 0.54246
1403638535327829504 0.04959 -0.10118 -0.17672 0.02060 0.83906 -0.03575 0.54247
1403638535427829504 0.04966 -0.10117 -0.17674 0.02054 0.83905 -0.03561 0.54250
1403638535527829504 0.04965 -0.10114 -0.17669 0.02041 0.83901 -0.03559 0.54256
1403638535627829504 0.04958 -0.10112 -0.17665 0.02028 0.83902 -0.03548 0.54257
1403638535727829504 0.04955 -0.10108 -0.17662 0.02016 0.83900 -0.03540 0.54260
1403638535827829504 0.04941 -0.10104 -0.17657 0.01997 0.83900 -0.03529 0.54262
1403638535927829504 0.04935 -0.10104 -0.17660 0.01982 0.83900 -0.03523 0.54263
1403638536027829504 0.04944 -0.10100 -0.17668 0.01964 0.83900 -0.03510 0.54265
1403638536127829504 0.04950 -0.10097 -0.17662 0.01951 0.83900 -0.03502 0.54266
1403638536227829504 0.04955 -0.10101 -0.17659 0.01933 0.83895 -0.03492 0.54275
1403638536327829504 0.04957 -0.10090 -0.17660 0.01918 0.83888 -0.03482 0.54287
1403638536427829504 0.04948 -0.10088 -0.17659 0.01914 0.83888 -0.03484 0.54286
1403638536527829504 0.04942 -0.10082 -0.17651 0.01900 0.83889 -0.03472 0.54286
1403638536627829504 0.04956 -0.10090 -0.17652 0.01888 0.83885 -0.03474 0.54292
1403638536727829504 0.04962 -0.10084 -0.17659 0.01886 0.83883 -0.03454 0.54296
1403638536827829504 0.04957 -0.10084 -0.17665 0.01874 0.83881 -0.03451 0.54300
1403638536927829504 0.04959 -0.10085 -0.17655 0.01867 0.83878 -0.03447 0.54305
1403638537027829504 0.04949 -0.10078 -0.17648 0.01862 0.83878 -0.03442 0.54306
1403638537127829504 0.04947 -0.10074 -0.17650 0.01863 0.83874 -0.03429 0.54313
1403638537227829504 0.04945 -0.10072 -0.17645 0.01854 0.83874 -0.03430 0.54313
1403638537327829504 0.04958 -0.10074 -0.17640 0.01842 0.83871 -0.03424 0.54318
1403638537427829504 0.04967 -0.10081 -0.17641 0.01826 0.83868 -0.03410 0.54324
1403638537527829504 0.04964 -0.10081 -0.17635 0.01819 0.83867 -0.03397 0.54327
1403638537627829504 0.04953 -0.10077 -0.17626 0.01821 0.83866 -0.03381 0.54331
1403638537727829504 0.04946 -0.10069 -0.17615 0.01821 0.83869 -0.03382 0.54325
1403638537827829504 0.04945 -0.10067 -0.17614 0.01812 0.83866 -0.03380 0.54330
1403638537927829504 0.04974 -0.10070 -0.17632 0.01802 0.83863 -0.03368 0.54336
1403638538027829504 0.04950 -0.10065 -0.17614 0.01797 0.83866 -0.03366 0.54331
1403638538127829504 0.04954 -0.10061 -0.17610 0.01801 0.83858 -0.03360 0.54345
1403638538227829504 0.04987 -0.10061 -0.17629 0.01794 0.83859 -0.03353 0.54343
1403638538327829504 0.04989 -0.10060 -0.17632 0.01789 0.83858 -0.03344 0.54345
1403638538427829504 0.04977 -0.10057 -0.17618 0.01789 0.83846 -0.03347 0.54364
1403638538527829504 0.04961 -0.10062 -0.17598 0.01781 0.83845 -0.03347 0.54366
1403638538627829504 0.04943 -0.10064 -0.17580 0.01792 0.83824 -0.03355 0.54397
1403638538727829504 0.04953 -0.10064 -0.17571 0.01795 0.83793 -0.03341 0.54446
1403638538827829504 0.05050 -0.10040 -0.17569 0.01740 0.83741 -0.03289 0.54530
1403638538927829504 0.05387 -0.09979 -0.17402 0.01739 0.83445 -0.03220 0.54986
1403638539027829504 0.05801 -0.09984 -0.17175 0.01813 0.82981 -0.03295 0.55678
1403638539127829504 0.06524 -0.09977 -0.16721 0.01757 0.82319 -0.03446 0.56645
1403638539227829504 0.07443 -0.09938 -0.15619 0.01702 0.81837 -0.03393 0.57343
1403638539327829504 0.08278 -0.09884 -0.13588 0.01640 0.81741 -0.03359 0.57484
1403638539427829504 0.09435 -0.09889 -0.10988 0.01619 0.81899 -0.03242 0.57266
1403638539527829504 0.10211 -0.09902 -0.07639 0.01571 0.82091 -0.03107 0.56999
1403638539627829504 0.11255 -0.09947 -0.04470 0.01480 0.82155 -0.03003 0.56916
1403638539727829504 0.12308 -0.09904 -0.02139 0.01408 0.82215 -0.02893 0.56836
1403638539827829504 0.13551 -0.09890 -0.00907 0.01391 0.82374 -0.02751 0.56613
1403638539927829504 0.15202 -0.09884 -0.00055 0.01278 0.82758 -0.02674 0.56056
1403638540027829504 0.16958 -0.09849 0.00862 0.01152 0.83297 -0.02692 0.55254
1403638540127829504 0.19206 -0.09738 0.01598 0.01141 0.83879 -0.02650 0.54369
1403638540227829504 0.22377 -0.09691 0.02415 0.01186 0.83869 -0.02521 0.54389
1403638540327829504 0.26470 -0.09713 0.03146 0.01217 0.83250 -0.02435 0.55335
1403638540427829504 0.30624 -0.09571 0.04069 0.01125 0.82782 -0.02058 0.56050
1403638540527829504 0.35059 -0.09206 0.04824 0.00581 0.82707 -0.01206 0.56194
1403638540627829504 0.39834 -0.08672 0.05454 -0.00292 0.82681 0.00183 0.56247
1403638540727829504 0.44969 -0.08080 0.05863 -0.01002 0.82528 0.02322 0.56416
1403638540827829504 0.50190 -0.07098 0.06389 -0.01893 0.82377 0.04953 0.56444
1403638540927829504 0.55197 -0.05631 0.06717 -0.03053 0.82182 0.07747 0.56364
1403638541027829504 0.60566 -0.03639 0.07027 -0.04536 0.81930 0.09985 0.56277
1403638541127829504 0.65981 -0.01460 0.06940 -0.05764 0.81637 0.11604 0.56281
1403638541227829504 0.71273 0.01215 0.06507 -0.06511 0.81505 0.12695 0.56155
1403638541327829504 0.76465 0.04289 0.06278 -0.06900 0.81421 0.13278 0.56096
1403638541427829504 0.81855 0.07852 0.06656 -0.07136 0.81423 0.13394 0.56035
1403638541527829504 0.86977 0.11717 0.07605 -0.07017 0.81305 0.13467 0.56204
1403638541627829504 0.92060 0.16429 0.09269 -0.07130 0.81142 0.13688 0.56372
1403638541727829504 0.97170 0.21650 0.11691 -0.07847 0.80944 0.14105 0.56458
1403638541827829504 1.02059 0.27426 0.14851 -0.09069 0.80813 0.14732 0.56302
1403638541927829504 1.06442 0.33458 0.18001 -0.10236 0.80655 0.15875 0.56017
1403638542027829504 1.11078 0.39701 0.20586 -0.11534 0.80424 0.17425 0.55636
1403638542127829504 1.15443 0.46033 0.22588 -0.12861 0.80065 0.19318 0.55236
1403638542227829504 1.19496 0.52328 0.23908 -0.14454 0.79600 0.21392 0.54748
1403638542327829504 1.23636 0.58864 0.24997 -0.15881 0.79004 0.23713 0.54258
1403638542427829504 1.27856 0.65596 0.25717 -0.16913 0.77810 0.25723 0.54752
1403638542527829504 1.32214 0.72447 0.26355 -0.16978 0.76417 0.27567 0.55788
1403638542627829504 1.32191 0.79244 0.28055 -0.16799 0.75450 0.29018 0.56418
1403638542727829504 1.35222 0.86775 0.29064 -0.17220 0.75456 0.29461 0.56052
1403638542827829504 1.39191 0.94988 0.30461 -0.18101 0.75949 0.29163 0.55260
1403638542927829504 1.41757 1.02902 0.32425 -0.18601 0.76565 0.28793 0.54432
1403638543027829504 1.42613 1.10616 0.35321 -0.18900 0.76978 0.28525 0.53885
1403638543127829504 1.43223 1.18382 0.37972 -0.19096 0.77213 0.28214 0.53642
1403638543227829504 1.43781 1.26324 0.39999 -0.19041 0.77299 0.28061 0.53618
1403638543327829504 1.44372 1.34283 0.41507 -0.19059 0.77367 0.27833 0.53632
1403638543427829504 1.46383 1.42714 0.42909 -0.19017 0.77436 0.27886 0.53521
1403638543527829504 1.47314 1.51034 0.43541 -0.19385 0.77248 0.28590 0.53287
1403638543627829504 1.49003 1.59807 0.43915 -0.19774 0.76803 0.30059 0.52979
1403638543727829504 1.50453 1.69367 0.44187 -0.20671 0.76072 0.31963 0.52575
1403638543827829504 1.52505 1.79811 0.44927 -0.21528 0.75066 0.34165 0.52291
1403638543927829504 1.52909 1.88712 0.46491 -0.22941 0.74061 0.36197 0.51754
1403638544027829504 1.53310 1.97883 0.48745 -0.24388 0.73368 0.37619 0.51061
1403638544127829504 1.53788 2.06870 0.51341 -0.25554 0.72987 0.38542 0.50343
1403638544227829504 1.54758 2.16301 0.53617 -0.26495 0.72694 0.38970 0.49950
1403638544327829504 1.55454 2.25150 0.55037 -0.26938 0.72511 0.39290 0.49728
1403638544427829504 1.56473 2.34293 0.55962 -0.27049 0.72568 0.39413 0.49485
1403638544527829504 1.57613 2.43664 0.56515 -0.26963 0.72493 0.39421 0.49636
1403638544627829504 1.59006 2.52857 0.57528 -0.27401 0.71988 0.39345 0.50189
1403638544727829504 1.60288 2.62379 0.59051 -0.27759 0.71548 0.39342 0.50621
1403638544827829504 1.61359 2.71322 0.60621 -0.27649 0.71716 0.39550 0.50280
1403638544927829504 1.62201 2.80327 0.62025 -0.27532 0.71996 0.39715 0.49812
1403638545027829504 1.63439 2.89366 0.62609 -0.27665 0.71942 0.39733 0.49802
1403638545127829504 1.64503 2.98123 0.62815 -0.27764 0.71832 0.39772 0.49874
1403638545227829504 1.65692 3.07061 0.62223 -0.27633 0.71859 0.39944 0.49771
1403638545327829504 1.66685 3.16239 0.61341 -0.27693 0.71651 0.39989 0.50002
1403638545427829504 1.67978 3.25467 0.59860 -0.27885 0.71555 0.39901 0.50102
1403638545527829504 1.69156 3.34665 0.58390 -0.28180 0.71416 0.40247 0.49859
1403638545627829504 1.70245 3.44032 0.57579 -0.28855 0.71042 0.41122 0.49289
1403638545727829504 1.71006 3.52124 0.57140 -0.29668 0.70372 0.42521 0.48575
1403638545827829504 1.71958 3.60643 0.57538 -0.30678 0.69264 0.44350 0.47900
1403638545927829504 1.73055 3.69689 0.58590 -0.31684 0.68041 0.46449 0.47001
1403638546027829504 1.73905 3.78193 0.60349 -0.32510 0.66756 0.48485 0.46217
1403638546127829504 1.74707 3.86754 0.62014 -0.33124 0.65641 0.50063 0.45691
1403638546227829504 1.75475 3.95537 0.62985 -0.33826 0.64970 0.50979 0.45120
1403638546327829504 1.76420 4.05134 0.63227 -0.34413 0.64633 0.51455 0.44617
1403638546427829504 1.77005 4.14108 0.62972 -0.34880 0.64591 0.51566 0.44184
1403638546527829504 1.77853 4.24166 0.62215 -0.34990 0.64481 0.51753 0.44039
1403638546627829504 1.78424 4.33748 0.61909 -0.35192 0.64096 0.52247 0.43858
1403638546727829504 1.78811 4.43146 0.62275 -0.35560 0.63588 0.52819 0.43614
1403638546827829504 1.79178 4.52921 0.63845 -0.35635 0.63141 0.53385 0.43513
1403638546927829504 1.79472 4.63315 0.65551 -0.35661 0.62821 0.53801 0.43442
1403638547027829504 1.79585 4.73399 0.66956 -0.35511 0.62509 0.54174 0.43552
1403638547127829504 1.79397 4.83750 0.67439 -0.35149 0.62242 0.54553 0.43755
1403638547227829504 1.78865 4.94167 0.67490 -0.34959 0.62104 0.54756 0.43849
1403638547327829504 1.77998 5.04782 0.67241 -0.34819 0.62027 0.54822 0.43987
1403638547427829504 1.76462 5.15475 0.66314 -0.35389 0.62332 0.54477 0.43526
1403638547527829504 1.74975 5.26212 0.65403 -0.35867 0.62668 0.54091 0.43133
1403638547627829504 1.73046 5.36398 0.63610 -0.36098 0.62896 0.53835 0.42928
1403638547727829504 1.71151 5.47317 0.61673 -0.35960 0.62932 0.53797 0.43039
1403638547827829504 1.69258 5.58737 0.59168 -0.35549 0.62714 0.54020 0.43417
1403638547927829504 1.67079 5.70041 0.56698 -0.35509 0.62695 0.54017 0.43480
1403638548027829504 1.64611 5.80609 0.54789 -0.35641 0.62636 0.54127 0.43321
1403638548127829504 1.61882 5.91906 0.53655 -0.35971 0.62354 0.54514 0.42969
1403638548227829504 1.58761 6.04803 0.53585 -0.36567 0.61805 0.55171 0.42417
1403638548327829504 1.55526 6.16968 0.54498 -0.37321 0.60977 0.56143 0.41676
1403638548427829504 1.52127 6.28969 0.55854 -0.38003 0.59984 0.57353 0.40844
1403638548527829504 1.48867 6.41327 0.57564 -0.38770 0.59107 0.58203 0.40196
1403638548627829504 1.45621 6.52692 0.59042 -0.39292 0.58355 0.58894 0.39779
1403638548727829504 1.42416 6.65691 0.60075 -0.39659 0.57884 0.59354 0.39417
1403638548827829504 1.39226 6.76667 0.61269 -0.39914 0.57565 0.59674 0.39143
1403638548927829504 1.35988 6.88002 0.63081 -0.40113 0.57385 0.59808 0.38998
1403638549027829504 1.32659 6.99859 0.65380 -0.40025 0.57308 0.59992 0.38919
1403638549127829504 1.29122 7.13159 0.68273 -0.40242 0.57361 0.59854 0.38830
1403638549227829504 1.25843 7.24787 0.71693 -0.40288 0.57362 0.59813 0.38844
1403638549327829504 1.22261 7.38724 0.75704 -0.40433 0.57496 0.59634 0.38771
1403638549427829504 1.19008 7.50617 0.79599 -0.40676 0.57626 0.59391 0.38698
1403638549527829504 1.15456 7.64254 0.82990 -0.40747 0.57758 0.59254 0.38636
1403638549627829504 1.12249 7.76913 0.85831 -0.40942 0.57689 0.59062 0.38827
1403638549727829504 1.09125 7.89742 0.88477 -0.40831 0.57630 0.59059 0.39035
1403638549827829504 1.06202 8.02247 0.91212 -0.40838 0.57790 0.59028 0.38835
1403638549927829504 1.03377 8.14960 0.94914 -0.40642 0.57871 0.59111 0.38795
1403638550027829504 1.00579 8.29792 0.99451 -0.40699 0.57968 0.59058 0.38670
1403638550127829504 0.97969 8.43560 1.04716 -0.40801 0.58062 0.59012 0.38494
1403638550227829504 0.95561 8.57362 1.10502 -0.40785 0.58029 0.59094 0.38433
1403638550327829504 0.93174 8.70699 1.17213 -0.40711 0.57945 0.59170 0.38520
1403638550427829504 0.90744 8.85030 1.23458 -0.40919 0.57899 0.59084 0.38502
1403638550527829504 0.88591 8.99153 1.28909 -0.41169 0.58028 0.58933 0.38272
1403638550627829504 0.86681 9.13002 1.33609 -0.41628 0.57961 0.58627 0.38347
1403638550727829504 0.85109 9.26651 1.38135 -0.42054 0.57848 0.58334 0.38500
1403638550827829504 0.83832 9.40050 1.41914 -0.42409 0.57627 0.58055 0.38862
1403638550927829504 0.82880 9.53265 1.45500 -0.43049 0.57188 0.57567 0.39527
1403638551027829504 0.82288 9.65971 1.48801 -0.43569 0.56892 0.57180 0.39943
1403638551127829504 0.82076 9.77953 1.51857 -0.43890 0.56815 0.56937 0.40048
1403638551227829504 0.82295 9.89165 1.55374 -0.44257 0.56866 0.56737 0.39857
1403638551327829504 0.83079 9.99671 1.59301 -0.43980 0.57310 0.56660 0.39636
1403638551427829504 0.84556 10.09346 1.63167 -0.43407 0.58369 0.56033 0.39613
1403638551527829504 0.86759 10.18677 1.66566 -0.42698 0.59862 0.54799 0.39881
1403638551627829504 0.89613 10.28976 1.69554 -0.42099 0.61551 0.53058 0.40300
1403638551727829504 0.93319 10.38931 1.72090 -0.41319 0.63123 0.51259 0.40997
1403638551827829504 0.97880 10.48463 1.74062 -0.40375 0.64511 0.49510 0.41916
1403638551927829504 1.03255 10.57956 1.75982 -0.39190 0.65223 0.48442 0.43169
1403638552027829504 1.09471 10.68049 1.78361 -0.38125 0.65434 0.47805 0.44493
1403638552127829504 1.15932 10.75428 1.81472 -0.37361 0.65746 0.47428 0.45080
1403638552227829504 1.22752 10.82123 1.85026 -0.36888 0.66243 0.47240 0.44939
1403638552327829504 1.29938 10.88501 1.88768 -0.36672 0.66515 0.47123 0.44836
1403638552427829504 1.37461 10.94590 1.92231 -0.37249 0.66380 0.46613 0.45094
1403638552527829504 1.45401 10.99947 1.95195 -0.37933 0.66047 0.46124 0.45513
1403638552627829504 1.53722 11.04329 1.97797 -0.38291 0.65709 0.45959 0.45869
1403638552727829504 1.62414 11.07856 1.99597 -0.38269 0.65629 0.46140 0.45820
1403638552827829504 1.71589 11.10558 2.00864 -0.38148 0.65505 0.46442 0.45794
1403638552927829504 1.81046 11.12689 2.01611 -0.37752 0.65341 0.47011 0.45774
1403638553027829504 1.90818 11.14184 2.01912 -0.37274 0.65096 0.47604 0.45902
1403638553127829504 2.00602 11.15171 2.01837 -0.37327 0.64790 0.47839 0.46046
1403638553227829504 2.10922 11.15903 2.01858 -0.38167 0.64287 0.47465 0.46449
1403638553327829504 2.20861 11.15567 2.01951 -0.38667 0.63702 0.47305 0.47000
1403638553427829504 2.30984 11.14104 2.02661 -0.38480 0.63165 0.47580 0.47598
1403638553527829504 2.40969 11.11699 2.03974 -0.38183 0.62702 0.47916 0.48109
1403638553627829504 2.50776 11.07971 2.05761 -0.37904 0.62393 0.48183 0.48465
1403638553727829504 2.59977 11.03126 2.08275 -0.37743 0.62349 0.48380 0.48450
1403638553827829504 2.68908 10.97254 2.11321 -0.37521 0.62474 0.48579 0.48262
1403638553927829504 2.77175 10.90335 2.14808 -0.37299 0.62654 0.48714 0.48064
1403638554027829504 2.86126 10.83555 2.18516 -0.37324 0.63118 0.48703 0.47446
1403638554127829504 2.93435 10.75881 2.21395 -0.37079 0.63297 0.48882 0.47214
1403638554227829504 3.01697 10.67800 2.23574 -0.36242 0.63778 0.49519 0.46548
1403638554327829504 3.08990 10.59107 2.25014 -0.35515 0.64214 0.50062 0.45923
1403638554427829504 3.17348 10.51177 2.26642 -0.35145 0.64444 0.50376 0.45543
1403638554527829504 3.25007 10.43420 2.27804 -0.34993 0.64514 0.50517 0.45403
1403638554627829504 3.32099 10.35665 2.28604 -0.35270 0.64696 0.50378 0.45084
1403638554727829504 3.39091 10.28004 2.29833 -0.35833 0.64793 0.50017 0.44901
1403638554827829504 3.45985 10.20597 2.31378 -0.36278 0.64885 0.49752 0.44706
1403638554927829504 3.52821 10.12709 2.33271 -0.36617 0.64913 0.49499 0.44669
1403638555027829504 3.59954 10.04797 2.34976 -0.36662 0.65098 0.49077 0.44829
1403638555127829504 3.67554 9.97347 2.36103 -0.36048 0.65576 0.48602 0.45147
1403638555227829504 3.74963 9.89238 2.36393 -0.35454 0.66280 0.47794 0.45450
1403638555327829504 3.82915 9.81332 2.36741 -0.34875 0.66817 0.47128 0.45805
1403638555427829504 3.90649 9.73234 2.36423 -0.34118 0.67042 0.46846 0.46333
1403638555527829504 3.99151 9.64723 2.36247 -0.33843 0.67246 0.46504 0.46583
1403638555627829504 4.06873 9.56602 2.35787 -0.33615 0.67350 0.46360 0.46741
1403638555727829504 4.14705 9.48137 2.36440 -0.33645 0.67494 0.46235 0.46636
1403638555827829504 4.22379 9.39673 2.37805 -0.33494 0.67524 0.46351 0.46586
1403638555927829504 4.30040 9.31260 2.39775 -0.33358 0.67484 0.46507 0.46586
1403638556027829504 4.37644 9.23621 2.42567 -0.33254 0.67367 0.46640 0.46696
1403638556127829504 4.45275 9.16688 2.44976 -0.33117 0.67558 0.46768 0.46388
1403638556227829504 4.53151 9.08850 2.46655 -0.32893 0.68007 0.46906 0.45748
1403638556327829504 4.61040 9.02040 2.48351 -0.32778 0.68266 0.46987 0.45360
1403638556427829504 4.68975 8.95004 2.49492 -0.32670 0.68458 0.47063 0.45070
1403638556527829504 4.76924 8.89825 2.50778 -0.32355 0.68820 0.47211 0.44588
1403638556627829504 4.85428 8.83785 2.51852 -0.32781 0.69131 0.46848 0.44177
1403638556727829504 4.94608 8.79044 2.53630 -0.33535 0.69106 0.46259 0.44271
1403638556827829504 5.03819 8.73623 2.55896 -0.34178 0.68830 0.45813 0.44670
1403638556927829504 5.14086 8.69828 2.59078 -0.34658 0.68713 0.45490 0.44812
1403638557027829504 5.24797 8.65506 2.62203 -0.34787 0.68588 0.45441 0.44951
1403638557127829504 5.35789 8.60981 2.64471 -0.34558 0.68407 0.45663 0.45178
1403638557227829504 5.47053 8.56235 2.65983 -0.34468 0.68266 0.45770 0.45352
1403638557327829504 5.58855 8.51852 2.66969 -0.34358 0.68183 0.45891 0.45438
1403638557427829504 5.70452 8.47730 2.68085 -0.34031 0.67982 0.46178 0.45694
1403638557527829504 5.82417 8.43374 2.69589 -0.33472 0.67691 0.46608 0.46101
1403638557627829504 5.94398 8.38687 2.71599 -0.33151 0.67461 0.46846 0.46428
1403638557727829504 6.06710 8.35769 2.73714 -0.33050 0.67403 0.46922 0.46507
1403638557827829504 6.18606 8.32507 2.75784 -0.32855 0.67383 0.47001 0.46595
1403638557927829504 6.30275 8.28930 2.77195 -0.32574 0.67409 0.47170 0.46582
1403638558027829504 6.41596 8.25641 2.77787 -0.32397 0.67680 0.47278 0.46202
1403638558127829504 6.52851 8.22252 2.77856 -0.32173 0.68187 0.47384 0.45499
1403638558227829504 6.64538 8.19076 2.78115 -0.31860 0.68803 0.47535 0.44627
1403638558327829504 6.75824 8.16681 2.79100 -0.31432 0.68971 0.47768 0.44421
1403638558427829504 6.87198 8.14942 2.81205 -0.30809 0.69203 0.48128 0.44106
1403638558527829504 6.99284 8.13512 2.83943 -0.30470 0.69510 0.48291 0.43680
1403638558627829504 7.11002 8.13397 2.87360 -0.30950 0.69648 0.47892 0.43561
1403638558727829504 7.22662 8.14394 2.91192 -0.31984 0.69731 0.47103 0.43543
1403638558827829504 7.34703 8.15940 2.94539 -0.32524 0.69699 0.46665 0.43666
1403638558927829504 7.47439 8.17960 2.96936 -0.32613 0.69391 0.46589 0.44168
1403638559027829504 7.59957 8.20418 2.98894 -0.32689 0.68882 0.46559 0.44933
1403638559127829504 7.72604 8.23298 3.00138 -0.32801 0.68507 0.46518 0.45464
1403638559227829504 7.85409 8.26561 3.00668 -0.32706 0.68180 0.46662 0.45875
1403638559327829504 7.98150 8.30004 3.00513 -0.32525 0.67942 0.46860 0.46153
1403638559427829504 8.10566 8.33147 3.00083 -0.32115 0.67671 0.47215 0.46475
1403638559527829504 8.22890 8.36397 2.98993 -0.31987 0.67477 0.47358 0.46700
1403638559627829504 8.34998 8.39883 2.97422 -0.32022 0.67305 0.47413 0.46869
1403638559727829504 8.46538 8.43445 2.95796 -0.32061 0.67209 0.47470 0.46922
1403638559827829504 8.57640 8.47276 2.94633 -0.32177 0.67263 0.47477 0.46757
1403638559927829504 8.68693 8.51446 2.93930 -0.32195 0.67378 0.47229 0.46830
1403638560027829504 8.79260 8.55459 2.92837 -0.31883 0.67992 0.46302 0.47082
1403638560127829504 8.89924 8.59565 2.91027 -0.31156 0.68938 0.44761 0.47680
1403638560227829504 9.01202 8.63973 2.88456 -0.30019 0.70050 0.42850 0.48535
1403638560327829504 9.11696 8.67967 2.85794 -0.28862 0.71022 0.40598 0.49746
1403638560427829504 9.22794 8.71938 2.82778 -0.27721 0.71896 0.38173 0.51043
1403638560527829504 9.32574 8.75365 2.79439 -0.26492 0.72782 0.35644 0.52253
1403638560627829504 9.42046 8.78401 2.75614 -0.25487 0.73896 0.32878 0.52998
1403638560727829504 9.51187 8.80955 2.71697 -0.24766 0.74999 0.30153 0.53409
1403638560827829504 9.60075 8.82539 2.68249 -0.23735 0.75800 0.27863 0.53987
1403638560927829504 9.68811 8.83165 2.65330 -0.22709 0.76434 0.25595 0.54654
1403638561027829504 9.77248 8.83297 2.63589 -0.21425 0.76732 0.23614 0.55637
1403638561127829504 9.85372 8.82488 2.62542 -0.20275 0.77023 0.21688 0.56445
1403638561227829504 9.93071 8.80883 2.62170 -0.19372 0.77170 0.20128 0.57134
1403638561327829504 10.00297 8.78579 2.62431 -0.18749 0.77347 0.19137 0.57442
1403638561427829504 10.07085 8.75593 2.62497 -0.17530 0.77952 0.19190 0.56990
1403638561527829504 10.13596 8.72279 2.62222 -0.16260 0.78385 0.19703 0.56597
1403638561627829504 10.19660 8.68556 2.61422 -0.15575 0.78643 0.20095 0.56293
1403638561727829504 10.25268 8.64662 2.60183 -0.15418 0.78715 0.20345 0.56146
1403638561827829504 10.30509 8.60733 2.58773 -0.15284 0.78654 0.20550 0.56193
1403638561927829504 10.35717 8.56588 2.56268 -0.14855 0.78650 0.20430 0.56357
1403638562027829504 10.40736 8.52388 2.53586 -0.14306 0.78808 0.19689 0.56541
1403638562127829504 10.45324 8.47999 2.51647 -0.13557 0.79030 0.18716 0.56746
1403638562227829504 10.49508 8.43633 2.50213 -0.12853 0.79181 0.17902 0.56962
1403638562327829504 10.53680 8.39318 2.49436 -0.12259 0.79317 0.16938 0.57199
1403638562427829504 10.57141 8.34860 2.49034 -0.11575 0.79486 0.15570 0.57494
1403638562527829504 10.60593 8.30051 2.49300 -0.10700 0.79819 0.13820 0.57650
1403638562627829504 10.63812 8.25201 2.50166 -0.09852 0.80073 0.11591 0.57939
1403638562727829504 10.66785 8.20227 2.51274 -0.08971 0.80381 0.09118 0.58098
1403638562827829504 10.69446 8.14855 2.52204 -0.07862 0.80612 0.06583 0.58280
1403638562927829504 10.71710 8.09061 2.52541 -0.06510 0.80810 0.04206 0.58392
1403638563027829504 10.73663 8.02961 2.52329 -0.05320 0.80886 0.01938 0.58527
1403638563127829504 10.75061 7.96427 2.51583 -0.04626 0.80981 -0.00459 0.58485
1403638563227829504 10.76234 7.89458 2.50475 -0.03319 0.80848 -0.02026 0.58723
1403638563327829504 10.77005 7.82063 2.48956 -0.02367 0.80421 -0.03104 0.59307
1403638563427829504 10.77101 7.74211 2.47110 -0.02020 0.79582 -0.03934 0.60391
1403638563527829504 10.75898 7.65807 2.44974 -0.01662 0.79364 -0.04211 0.60671
1403638563627829504 10.74290 7.56995 2.43055 -0.01290 0.79629 -0.04117 0.60338
1403638563727829504 10.71839 7.47685 2.41918 -0.01521 0.79918 -0.04166 0.59945
1403638563827829504 10.68891 7.37953 2.41425 -0.01885 0.80057 -0.04161 0.59750
1403638563927829504 10.65413 7.27526 2.41941 -0.02223 0.79997 -0.04043 0.59826
1403638564027829504 10.61436 7.16594 2.42578 -0.02609 0.79955 -0.03814 0.59882
1403638564127829504 10.56851 7.05126 2.42714 -0.02943 0.79933 -0.03475 0.59916
1403638564227829504 10.51744 6.93061 2.42372 -0.02992 0.79847 -0.02927 0.60058
1403638564327829504 10.46573 6.79890 2.42294 -0.02824 0.79730 -0.02272 0.60249
1403638564427829504 10.40638 6.66500 2.42893 -0.02885 0.79528 -0.01873 0.60527
1403638564527829504 10.35228 6.51633 2.44309 -0.03060 0.79539 -0.01611 0.60511
1403638564627829504 10.27806 6.37614 2.45609 -0.03481 0.79757 -0.01681 0.60199
1403638564727829504 10.20703 6.22550 2.46565 -0.04012 0.79913 -0.01980 0.59949
1403638564827829504 10.12158 6.07444 2.46767 -0.04300 0.79944 -0.02278 0.59878
1403638564927829504 10.03246 5.91556 2.45626 -0.04529 0.79868 -0.02523 0.59952
1403638565027829504 9.94145 5.74726 2.42833 -0.04680 0.79872 -0.02607 0.59931
1403638565127829504 9.84590 5.57537 2.38337 -0.04776 0.79942 -0.02667 0.59828
1403638565227829504 9.74670 5.40080 2.32626 -0.04737 0.80025 -0.02616 0.59721
1403638565327829504 9.64535 5.21473 2.26628 -0.04511 0.80114 -0.02528 0.59623
1403638565427829504 9.54021 5.02655 2.20412 -0.04277 0.80199 -0.02406 0.59532
1403638565527829504 9.43164 4.83309 2.14526 -0.03734 0.79990 -0.02256 0.59854
1403638565627829504 9.32006 4.62947 2.09711 -0.02920 0.79827 -0.01904 0.60129
1403638565727829504 9.20089 4.43231 2.05573 -0.01700 0.79915 -0.01265 0.60076
1403638565827829504 9.07409 4.23675 2.02146 -0.01053 0.80201 -0.01010 0.59714
1403638565927829504 8.94581 4.04425 1.99323 -0.00443 0.80430 -0.00804 0.59415
1403638566027829504 8.81357 3.85496 1.96325 -0.00362 0.80550 -0.00903 0.59251
1403638566127829504 8.67790 3.66851 1.92533 -0.00324 0.80564 -0.00946 0.59232
1403638566227829504 8.53663 3.48203 1.87645 -0.00297 0.80528 -0.00930 0.59282
1403638566327829504 8.39488 3.29781 1.81918 -0.00362 0.80627 -0.00922 0.59147
1403638566427829504 8.25465 3.12062 1.75807 -0.00396 0.80606 -0.00807 0.59176
1403638566527829504 8.11706 2.94657 1.69065 -0.00609 0.80636 -0.00739 0.59134
1403638566627829504 7.97729 2.77548 1.61600 -0.00775 0.81290 -0.00605 0.58233
1403638566727829504 7.83752 2.60686 1.53355 -0.00844 0.82515 -0.00453 0.56483
1403638566827829504 7.71155 2.45001 1.44794 -0.00754 0.83478 -0.00121 0.55053
1403638566927829504 7.59061 2.29595 1.36051 -0.00748 0.84092 0.00146 0.54111
1403638567027829504 7.47807 2.14622 1.27122 -0.00864 0.84074 0.00266 0.54137
1403638567127829504 7.37356 2.00183 1.18748 -0.00750 0.82818 0.00472 0.56040
1403638567227829504 7.27401 1.85384 1.09671 -0.00637 0.81682 0.00599 0.57682
1403638567327829504 7.18069 1.71579 1.00106 -0.00345 0.81125 0.00703 0.58465
1403638567427829504 7.07887 1.57346 0.90350 -0.00121 0.81077 0.00676 0.58533
1403638567527829504 6.98308 1.44006 0.81165 0.00056 0.81342 0.00573 0.58165
1403638567627829504 6.89850 1.31965 0.72929 0.00291 0.81753 0.00472 0.57587
1403638567727829504 6.80709 1.19803 0.65530 0.00572 0.82077 0.00417 0.57122
1403638567827829504 6.72192 1.08390 0.59169 0.00795 0.82486 0.00384 0.56527
1403638567927829504 6.63652 0.97108 0.53270 0.00573 0.82645 0.00125 0.56298
1403638568027829504 6.56925 0.86910 0.48504 0.00705 0.82725 0.00119 0.56179
1403638568127829504 6.50468 0.76900 0.44689 0.00980 0.82648 0.00275 0.56288
1403638568227829504 6.44350 0.67253 0.41755 0.01182 0.82587 0.00397 0.56372
1403638568327829504 6.38287 0.58204 0.39158 0.01261 0.82609 0.00399 0.56339
1403638568427829504 6.32195 0.49497 0.35919 0.01275 0.82736 0.00365 0.56152
1403638568527829504 6.26452 0.41405 0.32596 0.01364 0.82812 0.00409 0.56037
1403638568627829504 6.21124 0.33676 0.28846 0.01427 0.82973 0.00459 0.55797
1403638568727829504 6.15986 0.26355 0.24873 0.01606 0.83105 0.00623 0.55594
1403638568827829504 6.10972 0.19528 0.21627 0.01408 0.83100 0.00511 0.55608
1403638568927829504 6.06782 0.13509 0.19006 0.01517 0.83093 0.00573 0.55614
1403638569027829504 6.03067 0.08092 0.17327 0.01516 0.83006 0.00568 0.55743
1403638569127829504 6.00046 0.03225 0.16314 0.01681 0.83015 0.00687 0.55724
1403638569227829504 5.97096 -0.01173 0.15720 0.01891 0.83164 0.00780 0.55493
1403638569327829504 5.93999 -0.05320 0.14638 0.02011 0.83231 0.00801 0.55389
1403638569427829504 5.91272 -0.08835 0.13143 0.02113 0.83128 0.00842 0.55539
1403638569527829504 5.88930 -0.11881 0.11124 0.02120 0.83001 0.00862 0.55727
1403638569627829504 5.87175 -0.14357 0.09212 0.02074 0.82861 0.00793 0.55938
1403638569727829504 5.86141 -0.15861 0.08138 0.02160 0.82766 0.00824 0.56076
1403638569827829504 5.85304 -0.16859 0.07717 0.02151 0.82699 0.00865 0.56174
1403638569927829504 5.84765 -0.17354 0.07815 0.02251 0.82513 0.00925 0.56443
1403638570027829504 5.84581 -0.17307 0.08111 0.02027 0.82399 0.00799 0.56619
1403638570127829504 5.84503 -0.16638 0.07708 0.01676 0.82418 0.00566 0.56605
1403638570227829504 5.84603 -0.15805 0.07314 0.01071 0.82387 0.00223 0.56667
1403638570327829504 5.84692 -0.14700 0.05906 0.00190 0.82379 -0.00413 0.56688
1403638570427829504 5.84813 -0.13573 0.03985 -0.00172 0.82381 -0.01426 0.56669
1403638570527829504 5.85087 -0.12609 0.01563 -0.00789 0.82330 -0.03641 0.56638
1403638570627829504 5.85506 -0.12406 -0.01676 -0.01207 0.82062 -0.06561 0.56756
1403638570727829504 5.85721 -0.13128 -0.04824 -0.00682 0.81365 -0.09341 0.57377
1403638570827829504 5.85491 -0.14989 -0.08030 0.00224 0.80213 -0.12079 0.58480
1403638570927829504 5.85017 -0.17865 -0.11713 0.01608 0.79313 -0.14387 0.59160
1403638571027829504 5.83843 -0.21823 -0.15811 0.03111 0.78709 -0.16510 0.59351
1403638571127829504 5.81813 -0.26709 -0.20294 0.05156 0.78872 -0.18103 0.58523
1403638571227829504 5.78908 -0.32515 -0.23970 0.07329 0.79142 -0.18959 0.57649
1403638571327829504 5.75483 -0.38984 -0.26653 0.09169 0.79200 -0.19433 0.57145
1403638571427829504 5.71523 -0.45766 -0.28334 0.09953 0.79004 -0.20039 0.57077
1403638571527829504 5.67128 -0.52913 -0.29194 0.10538 0.78711 -0.20374 0.57258
1403638571627829504 5.62194 -0.60460 -0.30055 0.11194 0.78606 -0.21055 0.57031
1403638571727829504 5.57143 -0.68302 -0.31575 0.11905 0.78639 -0.22213 0.56398
1403638571827829504 5.51828 -0.76477 -0.33697 0.12748 0.78550 -0.23743 0.55710
1403638571927829504 5.46368 -0.85045 -0.35959 0.13493 0.78133 -0.25678 0.55261
1403638572027829504 5.40695 -0.94179 -0.37585 0.14383 0.77552 -0.27640 0.54907
1403638572127829504 5.34633 -1.03916 -0.38260 0.15478 0.76878 -0.29452 0.54614
1403638572227829504 5.27976 -1.13719 -0.38262 0.17150 0.76372 -0.30942 0.53998
1403638572327829504 5.21197 -1.23664 -0.38055 0.18512 0.75997 -0.32735 0.53011
1403638572427829504 5.14433 -1.34008 -0.38147 0.19904 0.75570 -0.34422 0.52040
1403638572527829504 5.07773 -1.44680 -0.38500 0.21190 0.75255 -0.35490 0.51264
1403638572627829504 5.01345 -1.55576 -0.39030 0.22058 0.74950 -0.36158 0.50877
1403638572727829504 4.95108 -1.66956 -0.38859 0.22782 0.74927 -0.36418 0.50405
1403638572827829504 4.89249 -1.78576 -0.37971 0.23381 0.75135 -0.36326 0.49885
1403638572927829504 4.83927 -1.90739 -0.36242 0.23523 0.75323 -0.36263 0.49579
1403638573027829504 4.79157 -2.02933 -0.34579 0.23570 0.75566 -0.36139 0.49276
1403638573127829504 4.74932 -2.15375 -0.33548 0.23450 0.75784 -0.35972 0.49122
1403638573227829504 4.71191 -2.28017 -0.32901 0.23292 0.75874 -0.35791 0.49190
1403638573327829504 4.67705 -2.41269 -0.32374 0.23134 0.75975 -0.35575 0.49265
1403638573427829504 4.63823 -2.55589 -0.31902 0.23226 0.76086 -0.35589 0.49040
1403638573527829504 4.61693 -2.68783 -0.30520 0.23539 0.76064 -0.35600 0.48917
1403638573627829504 4.60197 -2.82086 -0.28248 0.23671 0.76028 -0.35646 0.48875
1403638573727829504 4.58620 -2.95762 -0.25557 0.24123 0.75963 -0.35839 0.48614
1403638573827829504 4.57466 -3.10008 -0.22221 0.25202 0.75263 -0.36269 0.48835
1403638573927829504 4.57368 -3.23738 -0.19518 0.26617 0.74041 -0.37187 0.49261
1403638574027829504 4.57903 -3.37036 -0.17596 0.27374 0.72274 -0.39077 0.50001
1403638574127829504 4.58260 -3.50534 -0.16214 0.27928 0.70197 -0.41453 0.50735
1403638574227829504 4.58512 -3.63267 -0.15319 0.28657 0.68165 -0.43898 0.51042
1403638574327829504 4.58236 -3.75720 -0.14885 0.29754 0.66672 -0.46075 0.50464
1403638574427829504 4.57310 -3.88263 -0.14760 0.31178 0.65554 -0.47952 0.49308
1403638574527829504 4.55742 -4.00568 -0.14786 0.32384 0.64492 -0.49697 0.48190
1403638574627829504 4.53866 -4.12236 -0.14240 0.33474 0.63574 -0.50791 0.47519
1403638574727829504 4.51500 -4.23984 -0.12926 0.34723 0.63299 -0.51213 0.46526
1403638574827829504 4.49010 -4.35272 -0.11020 0.35421 0.63521 -0.51487 0.45383
1403638574927829504 4.46539 -4.46368 -0.09315 0.35316 0.63761 -0.51948 0.44595
1403638575027829504 4.44276 -4.57301 -0.08625 0.34945 0.63850 -0.52322 0.44322
1403638575127829504 4.41863 -4.68127 -0.08342 0.34206 0.63611 -0.52802 0.44671
1403638575227829504 4.39223 -4.79054 -0.08149 0.33758 0.63406 -0.52993 0.45075
1403638575327829504 4.36077 -4.90690 -0.08424 0.33387 0.63478 -0.53039 0.45195
1403638575427829504 4.32814 -5.02062 -0.09189 0.33052 0.63993 -0.52983 0.44782
1403638575527829504 4.29142 -5.14139 -0.10174 0.32905 0.64464 -0.52746 0.44492
1403638575627829504 4.25534 -5.25981 -0.10874 0.33141 0.65127 -0.52268 0.43911
1403638575727829504 4.21937 -5.38167 -0.10810 0.33409 0.65734 -0.51796 0.43361
1403638575827829504 4.18476 -5.50742 -0.09954 0.33516 0.66309 -0.51523 0.42722
1403638575927829504 4.15463 -5.63814 -0.08071 0.33429 0.66489 -0.51408 0.42650
1403638576027829504 4.12846 -5.77454 -0.05241 0.33443 0.66523 -0.51282 0.42736
1403638576127829504 4.10584 -5.91261 -0.01780 0.33525 0.66494 -0.51214 0.42799
1403638576227829504 4.08703 -6.05513 0.01888 0.33767 0.66399 -0.51048 0.42954
1403638576327829504 4.06895 -6.21170 0.04888 0.34237 0.66498 -0.50723 0.42815
1403638576427829504 4.05404 -6.37589 0.07061 0.34566 0.66710 -0.50490 0.42493
1403638576527829504 4.04692 -6.53250 0.08954 0.35123 0.67077 -0.50106 0.41910
1403638576627829504 4.04725 -6.69066 0.10400 0.35496 0.67350 -0.49860 0.41449
1403638576727829504 4.05713 -6.84817 0.11518 0.35815 0.67274 -0.49611 0.41596
1403638576827829504 4.07548 -7.00615 0.12252 0.36285 0.66858 -0.49279 0.42250
1403638576927829504 4.10073 -7.16669 0.12265 0.36268 0.66304 -0.49315 0.43087
1403638577027829504 4.13265 -7.32485 0.11913 0.35835 0.65848 -0.49621 0.43792
1403638577127829504 4.16460 -7.49375 0.11614 0.35487 0.65502 -0.49887 0.44289
1403638577227829504 4.20295 -7.64794 0.12504 0.35245 0.65351 -0.50074 0.44493
1403638577327829504 4.24455 -7.79738 0.13747 0.35643 0.65581 -0.49778 0.44168
1403638577427829504 4.28937 -7.94782 0.16089 0.36277 0.66030 -0.49271 0.43548
1403638577527829504 4.33796 -8.09521 0.18334 0.36332 0.66087 -0.49210 0.43483
1403638577627829504 4.39334 -8.24350 0.20171 0.36047 0.66005 -0.49411 0.43618
1403638577727829504 4.45280 -8.38209 0.21170 0.35821 0.65984 -0.49554 0.43673
1403638577827829504 4.51469 -8.52370 0.21665 0.35570 0.65967 -0.49669 0.43773
1403638577927829504 4.58112 -8.66526 0.21508 0.35574 0.65985 -0.49595 0.43827
1403638578027829504 4.65035 -8.80319 0.21732 0.35653 0.66007 -0.49446 0.43897
1403638578127829504 4.72486 -8.93867 0.22222 0.35402 0.65852 -0.49529 0.44239
1403638578227829504 4.80146 -9.08024 0.23857 0.34568 0.65363 -0.50053 0.45027
1403638578327829504 4.87709 -9.20926 0.25496 0.33959 0.65031 -0.50460 0.45514
1403638578427829504 4.95097 -9.34334 0.26553 0.33953 0.64967 -0.50506 0.45559
1403638578527829504 5.02388 -9.47658 0.27351 0.33951 0.64915 -0.50562 0.45572
1403638578627829504 5.09112 -9.60050 0.27684 0.34078 0.64820 -0.50547 0.45631
1403638578727829504 5.15940 -9.73238 0.27736 0.34473 0.64971 -0.50305 0.45385
1403638578827829504 5.22668 -9.86165 0.27358 0.35010 0.65327 -0.49926 0.44878
1403638578927829504 5.28723 -9.96404 0.26828 0.35429 0.65441 -0.49626 0.44716
1403638579027829504 5.35650 -10.09162 0.26735 0.35609 0.65546 -0.49413 0.44656
1403638579127829504 5.42697 -10.20224 0.27684 0.35653 0.65573 -0.49304 0.44701
1403638579227829504 5.49991 -10.31705 0.29288 0.35630 0.65570 -0.49276 0.44754
1403638579327829504 5.57950 -10.44085 0.30843 0.35306 0.65415 -0.49449 0.45046
1403638579427829504 5.64924 -10.53826 0.32384 0.34527 0.64974 -0.49977 0.45702
1403638579527829504 5.72618 -10.65302 0.33683 0.34003 0.64668 -0.50220 0.46257
1403638579627829504 5.79215 -10.74190 0.34521 0.34151 0.64413 -0.49404 0.47370
1403638579727829504 5.86732 -10.85683 0.34986 0.34239 0.64938 -0.47773 0.48253
1403638579827829504 5.93071 -10.94297 0.34511 0.33572 0.66407 -0.45711 0.48719
1403638579927829504 5.99731 -11.02464 0.33676 0.32120 0.68410 -0.43335 0.49097
1403638580027829504 6.06626 -11.10619 0.32447 0.30447 0.70064 -0.40306 0.50393
1403638580127829504 6.13671 -11.18512 0.31114 0.28701 0.71250 -0.36633 0.52513
1403638580227829504 6.20456 -11.25487 0.29280 0.26299 0.72715 -0.32927 0.54192
1403638580327829504 6.26398 -11.30713 0.26610 0.23379 0.74360 -0.29721 0.55142
1403638580427829504 6.32336 -11.36128 0.23784 0.20351 0.75665 -0.27645 0.55645
1403638580527829504 6.39053 -11.43086 0.21312 0.18244 0.76479 -0.26230 0.55947
1403638580627829504 6.44038 -11.47981 0.18058 0.16634 0.77259 -0.24838 0.56013
1403638580727829504 6.48304 -11.52445 0.15033 0.15276 0.78292 -0.23235 0.55652
1403638580827829504 6.52190 -11.56808 0.12875 0.14576 0.79059 -0.21919 0.55289
1403638580927829504 6.55795 -11.61076 0.11623 0.14175 0.79454 -0.21096 0.55146
1403638581027829504 6.59252 -11.65125 0.11421 0.13747 0.79559 -0.20901 0.55178
1403638581127829504 6.62841 -11.69191 0.12333 0.13854 0.79596 -0.20739 0.55158
1403638581227829504 6.66310 -11.73398 0.13492 0.14117 0.79611 -0.20672 0.55095
1403638581327829504 6.69540 -11.77328 0.14612 0.14501 0.79574 -0.20730 0.55027
1403638581427829504 6.72503 -11.80749 0.16165 0.14827 0.79393 -0.20829 0.55164
1403638581527829504 6.75032 -11.83474 0.18717 0.15085 0.79266 -0.21063 0.55188
1403638581627829504 6.78045 -11.86434 0.21125 0.15467 0.79034 -0.21174 0.55372
1403638581727829504 6.81291 -11.89379 0.22906 0.15911 0.78568 -0.21169 0.55909
1403638581827829504 6.84153 -11.91595 0.24410 0.16077 0.78404 -0.21312 0.56037
1403638581927829504 6.87144 -11.93840 0.25361 0.16375 0.77728 -0.21280 0.56898
1403638582027829504 6.89909 -11.95713 0.25715 0.16587 0.77377 -0.21214 0.57338
1403638582127829504 6.92377 -11.97238 0.26569 0.16412 0.78013 -0.21428 0.56440
1403638582227829504 6.94691 -11.98344 0.28437 0.16158 0.78623 -0.21653 0.55574
1403638582327829504 6.96994 -11.99161 0.31501 0.16367 0.78467 -0.21482 0.55799
1403638582427829504 6.99368 -11.99855 0.35472 0.16526 0.78213 -0.21343 0.56161
1403638582527829504 7.01581 -12.00142 0.40437 0.16623 0.78099 -0.21249 0.56327
1403638582627829504 7.04038 -12.01259 0.46510 0.16658 0.78091 -0.21192 0.56349
1403638582727829504 7.06857 -12.03112 0.53249 0.16544 0.78362 -0.21262 0.55979
1403638582827829504 7.09339 -12.03517 0.59912 0.16476 0.78501 -0.21344 0.55773
1403638582927829504 7.11940 -12.03262 0.66642 0.16449 0.78635 -0.21452 0.55550
1403638583027829504 7.13957 -12.02096 0.72470 0.16369 0.78913 -0.21599 0.55121
1403638583127829504 7.15827 -12.00684 0.77439 0.16323 0.79121 -0.21705 0.54793
1403638583227829504 7.17814 -11.99065 0.81805 0.16233 0.79229 -0.21845 0.54609
1403638583327829504 7.19794 -11.97775 0.84443 0.16253 0.79218 -0.21812 0.54631
1403638583427829504 7.21982 -11.95883 0.87600 0.16219 0.79253 -0.21834 0.54582
1403638583527829504 7.24348 -11.93830 0.90416 0.16186 0.79312 -0.21837 0.54504
1403638583627829504 7.26682 -11.91142 0.93267 0.16268 0.79299 -0.21777 0.54523
1403638583727829504 7.29266 -11.88595 0.97498 0.16391 0.79287 -0.21700 0.54535
1403638583827829504 7.31947 -11.85864 1.01664 0.16444 0.79270 -0.21644 0.54565
1403638583927829504 7.33901 -11.82938 1.01553 0.16389 0.79187 -0.21626 0.54710
1403638584027829504 7.36729 -11.79691 1.04000 0.16495 0.79117 -0.21551 0.54809
1403638584127829504 7.39781 -11.76371 1.05821 0.16908 0.78414 -0.21241 0.55805
1403638584227829504 7.42086 -11.72830 1.05955 0.17279 0.77438 -0.20904 0.57165
1403638584327829504 7.44443 -11.68575 1.06741 0.17399 0.76849 -0.20793 0.57958
1403638584427829504 7.46046 -11.63432 1.06173 0.17385 0.76750 -0.20810 0.58088
1403638584527829504 7.47209 -11.57884 1.05828 0.17330 0.76699 -0.20848 0.58157
1403638584627829504 7.47704 -11.51765 1.05692 0.17298 0.76818 -0.20832 0.58016
1403638584727829504 7.47879 -11.45182 1.06645 0.17092 0.77187 -0.20938 0.57547
1403638584827829504 7.47501 -11.37924 1.07884 0.16665 0.77998 -0.21237 0.56458
1403638584927829504 7.47281 -11.30603 1.09907 0.16176 0.78619 -0.21631 0.55583
1403638585027829504 7.45629 -11.22627 1.09807 0.16011 0.78881 -0.21769 0.55204
1403638585127829504 7.45045 -11.15134 1.10372 0.15882 0.78902 -0.21890 0.55165
1403638585227829504 7.44800 -11.07652 1.10567 0.15876 0.78792 -0.21918 0.55311
1403638585327829504 7.44464 -11.00203 1.10173 0.15987 0.78549 -0.21833 0.55658
1403638585427829504 7.44082 -10.92673 1.09378 0.15966 0.78490 -0.21819 0.55753
1403638585527829504 7.43273 -10.85119 1.08675 0.15987 0.78582 -0.21804 0.55623
1403638585627829504 7.42946 -10.77619 1.08907 0.15911 0.78787 -0.21810 0.55352
1403638585727829504 7.42625 -10.70060 1.09908 0.15790 0.79187 -0.21884 0.54783
1403638585827829504 7.42103 -10.62528 1.11726 0.15526 0.79655 -0.22077 0.54098
1403638585927829504 7.42154 -10.55172 1.14309 0.15230 0.79893 -0.22331 0.53726
1403638586027829504 7.42372 -10.47825 1.17658 0.15245 0.79615 -0.22378 0.54114
1403638586127829504 7.43402 -10.40965 1.20715 0.15466 0.79242 -0.22362 0.54602
1403638586227829504 7.44423 -10.34064 1.23101 0.15648 0.79005 -0.22266 0.54933
1403638586327829504 7.44858 -10.26684 1.24869 0.15980 0.78671 -0.22100 0.55382
1403638586427829504 7.45409 -10.19417 1.26174 0.16753 0.78392 -0.21624 0.55736
1403638586527829504 7.44243 -10.10477 1.26551 0.17429 0.78249 -0.21217 0.55886
1403638586627829504 7.43700 -10.02378 1.26236 0.17181 0.78299 -0.21397 0.55824
1403638586727829504 7.43952 -9.93397 1.25733 0.16849 0.78292 -0.21666 0.55831
1403638586827829504 7.44500 -9.85539 1.24807 0.16534 0.78217 -0.21869 0.55951
1403638586927829504 7.44799 -9.77181 1.23188 0.16529 0.78154 -0.21826 0.56057
1403638587027829504 7.44956 -9.68481 1.20800 0.16454 0.78131 -0.21858 0.56099
1403638587127829504 7.44876 -9.59715 1.18829 0.16379 0.78146 -0.21917 0.56076
1403638587227829504 7.44711 -9.50876 1.17746 0.16364 0.78370 -0.21859 0.55790
1403638587327829504 7.44579 -9.42019 1.17497 0.16335 0.78530 -0.21907 0.55555
1403638587427829504 7.44168 -9.32710 1.17655 0.16198 0.78588 -0.22010 0.55471
1403638587527829504 7.43935 -9.23618 1.17865 0.16071 0.78564 -0.22117 0.55500
1403638587627829504 7.43600 -9.14364 1.17577 0.15978 0.78557 -0.22250 0.55484
1403638587727829504 7.43156 -9.05160 1.16787 0.16006 0.78538 -0.22250 0.55503
1403638587827829504 7.42833 -8.96220 1.15525 0.15932 0.78493 -0.22372 0.55539
1403638587927829504 7.42339 -8.86580 1.13645 0.15894 0.78448 -0.22428 0.55590
1403638588027829504 7.42017 -8.77597 1.11499 0.15879 0.78382 -0.22436 0.55684
1403638588127829504 7.41638 -8.68880 1.08986 0.16210 0.78410 -0.22215 0.55639
1403638588227829504 7.41432 -8.60080 1.06251 0.16852 0.78494 -0.21745 0.55515
1403638588327829504 7.41383 -8.50796 1.03827 0.16938 0.78554 -0.21656 0.55438
1403638588427829504 7.41102 -8.41547 1.02355 0.16922 0.78544 -0.21646 0.55461
1403638588527829504 7.41117 -8.32033 1.01654 0.16708 0.78523 -0.21794 0.55497
1403638588627829504 7.40737 -8.22188 1.01767 0.16479 0.78462 -0.21919 0.55604
1403638588727829504 7.40048 -8.12166 1.02551 0.16207 0.78297 -0.22117 0.55838
1403638588827829504 7.39553 -8.02172 1.03449 0.16127 0.78238 -0.22195 0.55912
1403638588927829504 7.39073 -7.92266 1.03849 0.16001 0.78223 -0.22341 0.55911
1403638589027829504 7.38331 -7.82330 1.03444 0.15994 0.78225 -0.22413 0.55882
1403638589127829504 7.37447 -7.72369 1.02371 0.16143 0.78241 -0.22369 0.55833
1403638589227829504 7.36343 -7.62386 1.00760 0.16149 0.78211 -0.22353 0.55881
1403638589327829504 7.35400 -7.52520 0.98974 0.16170 0.78143 -0.22368 0.55963
1403638589427829504 7.34834 -7.42058 0.97814 0.16117 0.78157 -0.22397 0.55948
1403638589527829504 7.33588 -7.32225 0.96725 0.16096 0.78193 -0.22397 0.55904
1403638589627829504 7.32267 -7.22195 0.96440 0.16136 0.78177 -0.22374 0.55923
1403638589727829504 7.30656 -7.12096 0.96851 0.16075 0.78349 -0.22449 0.55670
1403638589827829504 7.29437 -7.02151 0.98512 0.16045 0.78444 -0.22542 0.55506
1403638589927829504 7.28003 -6.91870 0.99065 0.16169 0.78491 -0.22547 0.55403
1403638590027829504 7.26370 -6.82196 0.98857 0.16071 0.78450 -0.22690 0.55429
1403638590127829504 7.24745 -6.72625 0.98630 0.16135 0.78403 -0.22720 0.55466
1403638590227829504 7.23266 -6.62310 0.97907 0.16179 0.78324 -0.22755 0.55550
1403638590327829504 7.21716 -6.52503 0.96486 0.16181 0.78294 -0.22778 0.55582
1403638590427829504 7.20107 -6.43274 0.95202 0.16220 0.78408 -0.22789 0.55406
1403638590527829504 7.18308 -6.33682 0.93335 0.16108 0.78414 -0.22872 0.55396
1403638590627829504 7.16158 -6.24384 0.91759 0.16022 0.78618 -0.22914 0.55113
1403638590727829504 7.14619 -6.15805 0.91541 0.15809 0.78726 -0.23054 0.54962
1403638590827829504 7.12951 -6.05870 0.91970 0.15834 0.78830 -0.23030 0.54815
1403638590927829504 7.11704 -5.97354 0.93022 0.15749 0.78889 -0.23098 0.54726
1403638591027829504 7.10269 -5.88829 0.94610 0.15637 0.78970 -0.23217 0.54591
1403638591127829504 7.08523 -5.79355 0.95781 0.15576 0.79235 -0.23286 0.54194
1403638591227829504 7.07106 -5.71565 0.96421 0.15430 0.79738 -0.23429 0.53431
1403638591327829504 7.06059 -5.63405 0.96444 0.15110 0.80308 -0.23680 0.52550
1403638591427829504 7.05699 -5.56083 0.95993 0.14871 0.80636 -0.23879 0.52023
1403638591527829504 7.05692 -5.49208 0.94860 0.14587 0.80899 -0.24097 0.51594
1403638591627829504 7.06404 -5.43049 0.93227 0.14389 0.81105 -0.24238 0.51258
1403638591727829504 7.07838 -5.37174 0.91455 0.14369 0.80991 -0.24307 0.51412
1403638591827829504 7.10071 -5.32734 0.89828 0.14502 0.80747 -0.24192 0.51812
1403638591927829504 7.12967 -5.29083 0.88731 0.14612 0.80478 -0.24060 0.52258
1403638592027829504 7.16425 -5.25557 0.88459 0.14659 0.80208 -0.24011 0.52681
1403638592127829504 7.20465 -5.24290 0.89378 0.14655 0.80054 -0.23859 0.52985
1403638592227829504 7.25073 -5.22005 0.91154 0.14240 0.79579 -0.23537 0.53949
1403638592327829504 7.29578 -5.20230 0.93806 0.13510 0.79090 -0.22863 0.55132
1403638592427829504 7.33745 -5.18941 0.97194 0.12382 0.79021 -0.21676 0.55969
1403638592527829504 7.37717 -5.18150 1.01208 0.11331 0.79507 -0.20203 0.56054
1403638592627829504 7.41537 -5.17600 1.06062 0.10661 0.80214 -0.18867 0.55642
1403638592727829504 7.45326 -5.17333 1.11223 0.10103 0.80913 -0.17907 0.55049
1403638592827829504 7.49221 -5.17536 1.15876 0.09594 0.81535 -0.17349 0.54397
1403638592927829504 7.52915 -5.18229 1.20344 0.09397 0.81869 -0.16916 0.54065
1403638593027829504 7.57300 -5.18839 1.23927 0.09303 0.82000 -0.16665 0.53960
1403638593127829504 7.62113 -5.20198 1.27019 0.09257 0.82006 -0.16554 0.53994
1403638593227829504 7.67340 -5.21990 1.30644 0.09536 0.81659 -0.16363 0.54526
1403638593327829504 7.72914 -5.24075 1.34945 0.10334 0.81385 -0.15901 0.54927
1403638593427829504 7.78593 -5.26123 1.39495 0.11330 0.80909 -0.15361 0.55582
1403638593527829504 7.84276 -5.28016 1.43520 0.11851 0.80531 -0.15184 0.56070
1403638593627829504 7.89969 -5.29733 1.46913 0.12141 0.80336 -0.15168 0.56291
1403638593727829504 7.95627 -5.30971 1.49580 0.12322 0.80143 -0.15140 0.56534
1403638593827829504 8.01353 -5.31770 1.51821 0.12200 0.79514 -0.15256 0.57410
1403638593927829504 8.06482 -5.32044 1.54674 0.11589 0.78586 -0.15056 0.58850
1403638594027829504 8.11074 -5.32060 1.57752 0.10794 0.78820 -0.14771 0.58760
1403638594127829504 8.14938 -5.31760 1.61135 0.10257 0.79404 -0.14463 0.58143
1403638594227829504 8.18201 -5.31364 1.64851 0.10248 0.79871 -0.13950 0.57628
1403638594327829504 8.21266 -5.30701 1.68145 0.10273 0.79882 -0.13520 0.57711
1403638594427829504 8.24029 -5.29789 1.71397 0.10709 0.79725 -0.12892 0.57992
1403638594527829504 8.26532 -5.28480 1.75076 0.10558 0.79691 -0.12772 0.58092
1403638594627829504 8.28577 -5.26834 1.79877 0.09977 0.79753 -0.13020 0.58055
1403638594727829504 8.30140 -5.25091 1.84287 0.09601 0.79815 -0.13313 0.57966
1403638594827829504 8.31397 -5.23193 1.88256 0.09451 0.79854 -0.13486 0.57898
1403638594927829504 8.32085 -5.20917 1.91683 0.09448 0.79939 -0.13591 0.57756
1403638595027829504 8.32700 -5.18902 1.94028 0.09379 0.80096 -0.13746 0.57513
1403638595127829504 8.33098 -5.16847 1.95738 0.09361 0.80192 -0.13858 0.57355
1403638595227829504 8.33379 -5.14654 1.96995 0.09444 0.80239 -0.13891 0.57268
1403638595327829504 8.33631 -5.12510 1.97624 0.09485 0.80249 -0.13914 0.57242
1403638595427829504 8.33819 -5.10398 1.97804 0.09447 0.80235 -0.13999 0.57246
1403638595527829504 8.33917 -5.08257 1.97616 0.09451 0.80295 -0.13997 0.57161
1403638595627829504 8.33905 -5.06013 1.97646 0.09512 0.80356 -0.13925 0.57084
1403638595727829504 8.33648 -5.03577 1.98374 0.09936 0.80400 -0.13623 0.57022
1403638595827829504 8.32927 -5.00481 2.00000 0.10231 0.80474 -0.13467 0.56902
1403638595927829504 8.32466 -4.98002 1.99965 0.10355 0.80446 -0.13410 0.56933
1403638596027829504 8.31883 -4.95296 1.98506 0.10755 0.80414 -0.13146 0.56965
1403638596127829504 8.31273 -4.92051 1.96708 0.11792 0.80506 -0.12457 0.56785
1403638596227829504 8.30961 -4.88237 1.95318 0.12991 0.80679 -0.11585 0.56461
1403638596327829504 8.30429 -4.83213 1.95243 0.14094 0.80766 -0.10776 0.56232
1403638596427829504 8.30018 -4.77738 1.95236 0.14764 0.80741 -0.10223 0.56200
1403638596527829504 8.29828 -4.70682 1.96605 0.15425 0.80700 -0.09678 0.56177
1403638596627829504 8.30186 -4.62672 1.98304 0.16153 0.80731 -0.09094 0.56026
1403638596727829504 8.30763 -4.52776 2.01155 0.16786 0.80778 -0.08615 0.55847
1403638596827829504 8.31845 -4.41488 2.04198 0.17196 0.80727 -0.08266 0.55849
1403638596927829504 8.32822 -4.28344 2.08239 0.17426 0.80615 -0.08082 0.55966
1403638597027829504 8.34499 -4.13698 2.11727 0.17593 0.80509 -0.08081 0.56066
1403638597127829504 8.36198 -3.97542 2.14678 0.17858 0.80339 -0.07984 0.56240
1403638597227829504 8.38494 -3.79578 2.17043 0.17895 0.80130 -0.08115 0.56507
1403638597327829504 8.41053 -3.60090 2.18692 0.17527 0.79935 -0.08497 0.56842
1403638597427829504 8.44007 -3.39015 2.19687 0.16908 0.79734 -0.09078 0.57221
1403638597527829504 8.46774 -3.16553 2.20567 0.15693 0.79312 -0.10001 0.57994
1403638597627829504 8.49036 -2.93218 2.20939 0.14757 0.78996 -0.10756 0.58533
1403638597727829504 8.51100 -2.69295 2.20663 0.14713 0.78916 -0.10829 0.58639
1403638597827829504 8.53038 -2.44410 2.19936 0.15237 0.79150 -0.09852 0.58362
1403638597927829504 8.54625 -2.19162 2.18602 0.15648 0.79384 -0.08713 0.58115
1403638598027829504 8.56066 -1.92597 2.17478 0.15414 0.79466 -0.08062 0.58160
1403638598127829504 8.57450 -1.64795 2.17121 0.13858 0.79532 -0.08460 0.58404
1403638598227829504 8.58265 -1.36101 2.17365 0.11769 0.79661 -0.09427 0.58539
1403638598327829504 8.58793 -1.07223 2.17706 0.10331 0.79936 -0.10155 0.58313
1403638598427829504 8.59260 -0.78332 2.17513 0.09619 0.80148 -0.10502 0.58081
1403638598527829504 8.59411 -0.49762 2.16692 0.09236 0.80311 -0.10483 0.57921
1403638598627829504 8.59344 -0.21224 2.14981 0.08766 0.80621 -0.09969 0.57655
1403638598727829504 8.59296 0.07064 2.13060 0.08148 0.80776 -0.08934 0.57698
1403638598827829504 8.59086 0.35141 2.11545 0.07254 0.80856 -0.07661 0.57888
1403638598927829504 8.58500 0.62722 2.10590 0.06322 0.81065 -0.06097 0.57891
1403638599027829504 8.57664 0.90067 2.10043 0.05058 0.81197 -0.04530 0.57974
1403638599127829504 8.56754 1.17567 2.10288 0.03977 0.81262 -0.02715 0.58080
1403638599227829504 8.55247 1.44679 2.11067 0.02835 0.81362 -0.00862 0.58064
1403638599327829504 8.53650 1.71706 2.12347 0.01529 0.81512 0.00947 0.57901
1403638599427829504 8.51886 1.98385 2.14340 0.00611 0.81751 0.02592 0.57530
1403638599527829504 8.50111 2.25052 2.16502 -0.00070 0.81938 0.03703 0.57205
1403638599627829504 8.48268 2.51267 2.18199 -0.00650 0.82090 0.04235 0.56946
1403638599727829504 8.46440 2.77865 2.18672 -0.00861 0.82205 0.04555 0.56753
1403638599827829504 8.44920 3.03557 2.18577 -0.00973 0.82274 0.04474 0.56657
1403638599927829504 8.43742 3.29559 2.17812 -0.01248 0.82410 0.04097 0.56483
1403638600027829504 8.42742 3.55078 2.16666 -0.01750 0.82367 0.03442 0.56575
1403638600127829504 8.42130 3.80498 2.15154 -0.02561 0.82602 0.02502 0.56250
1403638600227829504 8.41949 4.05369 2.13210 -0.03725 0.82913 0.01340 0.55765
1403638600327829504 8.42018 4.29435 2.10918 -0.04583 0.83110 0.00385 0.55421
1403638600427829504 8.42535 4.52356 2.08875 -0.05345 0.83257 -0.00444 0.55132
1403638600527829504 8.43628 4.73871 2.07701 -0.05448 0.83338 -0.00725 0.54996
1403638600627829504 8.45252 4.93890 2.07517 -0.05387 0.83479 -0.00854 0.54786
1403638600727829504 8.47385 5.12232 2.08067 -0.05428 0.83701 -0.00961 0.54440
1403638600827829504 8.50436 5.30073 2.09131 -0.05037 0.84096 -0.00635 0.53871
1403638600927829504 8.54172 5.46266 2.10482 -0.03459 0.84382 0.00611 0.53547
1403638601027829504 8.58554 5.61686 2.11460 -0.02097 0.84439 0.01726 0.53504
1403638601127829504 8.63837 5.76499 2.12008 -0.01432 0.84306 0.02295 0.53714
1403638601227829504 8.69802 5.90633 2.12065 -0.00572 0.83988 0.03028 0.54189
1403638601327829504 8.76329 6.04862 2.11777 0.00026 0.83229 0.03658 0.55313
1403638601427829504 8.83331 6.19652 2.11721 -0.01045 0.82784 0.03893 0.55952
1403638601527829504 8.90496 6.34273 2.12200 -0.02247 0.82336 0.04842 0.56500
1403638601627829504 8.97860 6.48630 2.13366 -0.03382 0.81957 0.06537 0.56823
1403638601727829504 9.05170 6.62826 2.15151 -0.04616 0.81637 0.08835 0.56887
1403638601827829504 9.12306 6.76906 2.17912 -0.05992 0.81124 0.11592 0.56996
1403638601927829504 9.19142 6.91107 2.21125 -0.07420 0.80591 0.14340 0.56960
1403638602027829504 9.25664 7.05574 2.23844 -0.08718 0.80295 0.16341 0.56655
1403638602127829504 9.32241 7.19679 2.26061 -0.09555 0.79944 0.17871 0.56553
1403638602227829504 9.38390 7.34168 2.27524 -0.10130 0.79266 0.19530 0.56858
1403638602327829504 9.44192 7.48915 2.28657 -0.11491 0.78363 0.21117 0.57282
1403638602427829504 9.49444 7.64018 2.30418 -0.14748 0.76770 0.21847 0.58409
1403638602527829504 9.53479 7.78711 2.33067 -0.18376 0.74399 0.22301 0.60248
1403638602627829504 9.56018 7.92319 2.36307 -0.21330 0.72677 0.23053 0.61087
1403638602727829504 9.57074 8.04135 2.39942 -0.22835 0.72006 0.24719 0.60686
1403638602827829504 9.55693 8.13498 2.44018 -0.23637 0.71552 0.26821 0.60019
1403638602927829504 9.53175 8.21265 2.48447 -0.25019 0.71328 0.28620 0.58883
1403638603027829504 9.49655 8.27824 2.52857 -0.27160 0.71146 0.29967 0.57468
1403638603127829504 9.45752 8.33313 2.56954 -0.28827 0.70326 0.31331 0.56936
1403638603227829504 9.41453 8.37293 2.60020 -0.29249 0.70219 0.32915 0.55950
1403638603327829504 9.36703 8.40464 2.62070 -0.28559 0.71368 0.34605 0.53791
1403638603427829504 9.31467 8.42874 2.63664 -0.27907 0.72436 0.35729 0.51939
1403638603527829504 9.26371 8.44913 2.64992 -0.27663 0.72795 0.36237 0.51211
1403638603627829504 9.21267 8.46594 2.65867 -0.28087 0.72198 0.36424 0.51690
1403638603727829504 9.16233 8.47635 2.66184 -0.27808 0.71352 0.36888 0.52677
1403638603827829504 9.11059 8.47966 2.65713 -0.27217 0.70539 0.37412 0.53701
1403638603927829504 9.05297 8.48288 2.64729 -0.26550 0.69812 0.37837 0.54679
1403638604027829504 8.98889 8.47703 2.62875 -0.26039 0.69293 0.38086 0.55406
1403638604127829504 8.91557 8.46906 2.60976 -0.25705 0.68976 0.38253 0.55842
1403638604227829504 8.82796 8.46553 2.60156 -0.25960 0.69148 0.38070 0.55636
1403638604327829504 8.73248 8.45217 2.59733 -0.26602 0.69810 0.37690 0.54757
1403638604427829504 8.62921 8.43292 2.59864 -0.26791 0.70632 0.37579 0.53676
1403638604527829504 8.52191 8.41156 2.60716 -0.26462 0.71357 0.37805 0.52714
1403638604627829504 8.41127 8.38517 2.61304 -0.26363 0.71653 0.37912 0.52283
1403638604727829504 8.30094 8.35668 2.61374 -0.26775 0.71921 0.37653 0.51892
1403638604827829504 8.18863 8.32849 2.61253 -0.27092 0.72162 0.37420 0.51560
1403638604927829504 8.07778 8.29643 2.61318 -0.26925 0.72571 0.37532 0.50989
1403638605027829504 7.96915 8.26623 2.61953 -0.26602 0.73289 0.37751 0.49958
1403638605127829504 7.86246 8.23381 2.63460 -0.26299 0.73821 0.37965 0.49168
1403638605227829504 7.76139 8.20045 2.65616 -0.25996 0.73994 0.38181 0.48901
1403638605327829504 7.66328 8.17703 2.67503 -0.25527 0.73880 0.38508 0.49065
1403638605427829504 7.57270 8.16038 2.69053 -0.24880 0.73100 0.38998 0.50165
1403638605527829504 7.47821 8.14863 2.69900 -0.24304 0.72071 0.39414 0.51592
1403638605627829504 7.38127 8.14037 2.70134 -0.23707 0.71316 0.39834 0.52585
1403638605727829504 7.27894 8.13577 2.70326 -0.23436 0.70984 0.40032 0.53004
1403638605827829504 7.17215 8.13587 2.71326 -0.23287 0.71040 0.40116 0.52932
1403638605927829504 7.05932 8.14229 2.73125 -0.23004 0.70979 0.40267 0.53022
1403638606027829504 6.93757 8.15491 2.75063 -0.22605 0.70905 0.40437 0.53163
1403638606127829504 6.81068 8.17189 2.76611 -0.22315 0.70909 0.40526 0.53213
1403638606227829504 6.67300 8.19296 2.77462 -0.22006 0.70920 0.40672 0.53215
1403638606327829504 6.53250 8.22052 2.77643 -0.22118 0.71320 0.40487 0.52774
1403638606427829504 6.38066 8.25115 2.76959 -0.22786 0.72357 0.39942 0.51477
1403638606527829504 6.22610 8.28598 2.75697 -0.23614 0.73428 0.39287 0.50072
1403638606627829504 6.07141 8.32647 2.74063 -0.24143 0.74036 0.39164 0.49009
1403638606727829504 5.91957 8.37415 2.71921 -0.24523 0.74159 0.39817 0.48101
1403638606827829504 5.77018 8.42884 2.69379 -0.25162 0.73876 0.40917 0.47275
1403638606927829504 5.63523 8.49386 2.66925 -0.26106 0.73243 0.42332 0.46497
1403638607027829504 5.50135 8.56927 2.65164 -0.27412 0.72387 0.43804 0.45716
1403638607127829504 5.37859 8.65007 2.64259 -0.29074 0.71606 0.44749 0.44997
1403638607227829504 5.25877 8.73921 2.64131 -0.30529 0.70326 0.45337 0.45461
1403638607327829504 5.14753 8.82886 2.63428 -0.31843 0.69143 0.45513 0.46193
1403638607427829504 5.04125 8.91904 2.61741 -0.32783 0.68482 0.45561 0.46473
1403638607527829504 4.93936 9.00818 2.59343 -0.33212 0.68387 0.45617 0.46251
1403638607627829504 4.84394 9.09374 2.56248 -0.33340 0.68255 0.45743 0.46230
1403638607727829504 4.74945 9.17878 2.53061 -0.33317 0.68016 0.45772 0.46570
1403638607827829504 4.65916 9.26090 2.49475 -0.33248 0.68081 0.45731 0.46565
1403638607927829504 4.57194 9.34212 2.45403 -0.33473 0.68514 0.45394 0.46095
1403638608027829504 4.49325 9.42056 2.40999 -0.33697 0.68697 0.45033 0.46014
1403638608127829504 4.42254 9.49679 2.36247 -0.33562 0.68438 0.44928 0.46598
1403638608227829504 4.36111 9.56792 2.31065 -0.33243 0.68037 0.44977 0.47360
1403638608327829504 4.29963 9.63653 2.25386 -0.33270 0.67543 0.44812 0.48197
1403638608427829504 4.23928 9.70098 2.19264 -0.33341 0.67191 0.44722 0.48721
1403638608527829504 4.17800 9.76327 2.12386 -0.33168 0.67383 0.44794 0.48506
1403638608627829504 4.11579 9.82173 2.05329 -0.33383 0.67314 0.44553 0.48677
1403638608727829504 4.05357 9.87610 1.98857 -0.33771 0.67049 0.44320 0.48987
1403638608827829504 3.99318 9.91883 1.92771 -0.33599 0.67314 0.44465 0.48608
1403638608927829504 3.93406 9.95579 1.87500 -0.33419 0.67702 0.44612 0.48056
1403638609027829504 3.87754 9.99174 1.82798 -0.33413 0.68078 0.44638 0.47501
1403638609127829504 3.82339 10.02024 1.78969 -0.33294 0.68229 0.44711 0.47299
1403638609227829504 3.77151 10.04593 1.75455 -0.33972 0.68245 0.44223 0.47254
1403638609327829504 3.72085 10.07486 1.71229 -0.34331 0.68307 0.43915 0.47191
1403638609427829504 3.67568 10.09321 1.66529 -0.34017 0.68300 0.44108 0.47249
1403638609527829504 3.63397 10.10796 1.61125 -0.33640 0.68305 0.44320 0.47313
1403638609627829504 3.58978 10.12498 1.55037 -0.33430 0.68309 0.44413 0.47368
1403638609727829504 3.55653 10.14390 1.48454 -0.33125 0.68194 0.44635 0.47540
1403638609827829504 3.52471 10.15099 1.42459 -0.33170 0.68293 0.44614 0.47386
1403638609927829504 3.49941 10.16350 1.37395 -0.33191 0.68256 0.44602 0.47436
1403638610027829504 3.47399 10.16769 1.32904 -0.33427 0.68143 0.44442 0.47582
1403638610127829504 3.45441 10.17193 1.29413 -0.33750 0.67865 0.44211 0.47965
1403638610227829504 3.43311 10.16902 1.25738 -0.33890 0.67592 0.44103 0.48350
1403638610327829504 3.41311 10.16159 1.21439 -0.34015 0.67507 0.43977 0.48496
1403638610427829504 3.39202 10.14707 1.16277 -0.34147 0.67471 0.43855 0.48564
1403638610527829504 3.37275 10.12913 1.10759 -0.34114 0.67176 0.43839 0.49007
1403638610627829504 3.35496 10.10463 1.05284 -0.34683 0.66471 0.43422 0.49931
1403638610727829504 3.33559 10.07395 0.99616 -0.34701 0.66541 0.43451 0.49801
1403638610827829504 3.31552 10.03243 0.94526 -0.34355 0.67262 0.43809 0.48747
1403638610927829504 3.29689 9.98703 0.90395 -0.34180 0.67547 0.44072 0.48236
1403638611027829504 3.27804 9.93723 0.86690 -0.34445 0.67447 0.43894 0.48351
1403638611127829504 3.26430 9.88192 0.82734 -0.34701 0.67181 0.43792 0.48629
1403638611227829504 3.25240 9.82183 0.78298 -0.34684 0.67122 0.43887 0.48637
1403638611327829504 3.24177 9.75555 0.74200 -0.34418 0.67050 0.44121 0.48713
1403638611427829504 3.22950 9.67596 0.70819 -0.33378 0.66559 0.44819 0.49468
1403638611527829504 3.21096 9.59741 0.67893 -0.32311 0.66248 0.45506 0.49963
1403638611627829504 3.19160 9.51769 0.65659 -0.31786 0.66431 0.45767 0.49819
1403638611727829504 3.16592 9.43603 0.63557 -0.31967 0.66851 0.45596 0.49296
1403638611827829504 3.13983 9.35528 0.60944 -0.32591 0.67447 0.45108 0.48518
1403638611927829504 3.11383 9.27113 0.57896 -0.32948 0.67936 0.44767 0.47907
1403638612027829504 3.08962 9.18810 0.54915 -0.33108 0.68209 0.44610 0.47553
1403638612127829504 3.06723 9.10382 0.52350 -0.33251 0.68402 0.44457 0.47319
1403638612227829504 3.04590 9.02084 0.50384 -0.33167 0.68456 0.44473 0.47286
1403638612327829504 3.02718 8.93674 0.48946 -0.33116 0.68422 0.44500 0.47345
1403638612427829504 3.01084 8.85349 0.47696 -0.33036 0.68319 0.44476 0.47572
1403638612527829504 2.99600 8.76987 0.45959 -0.32844 0.68118 0.44461 0.48005
1403638612627829504 2.97898 8.68061 0.43264 -0.32371 0.67948 0.44635 0.48403
1403638612727829504 2.96490 8.59836 0.40365 -0.31953 0.67770 0.44741 0.48831
1403638612827829504 2.94834 8.51480 0.37048 -0.31862 0.67681 0.44576 0.49164
1403638612927829504 2.92691 8.42755 0.33895 -0.31960 0.67648 0.44327 0.49370
1403638613027829504 2.90253 8.34033 0.31306 -0.31938 0.67898 0.44230 0.49128
1403638613127829504 2.87592 8.25207 0.29628 -0.31957 0.68051 0.44143 0.48981
1403638613227829504 2.84534 8.15915 0.28458 -0.31948 0.68226 0.44115 0.48768
1403638613327829504 2.81904 8.07670 0.28278 -0.31845 0.68283 0.44170 0.48707
1403638613427829504 2.79075 7.98719 0.28102 -0.31780 0.68212 0.44217 0.48806
1403638613527829504 2.76200 7.89952 0.27669 -0.31901 0.68211 0.43871 0.49040
1403638613627829504 2.73297 7.81165 0.26540 -0.32096 0.68386 0.43259 0.49213
1403638613727829504 2.70284 7.72551 0.24673 -0.32503 0.68309 0.42589 0.49635
1403638613827829504 2.67115 7.63504 0.22089 -0.32498 0.68377 0.41854 0.50166
1403638613927829504 2.64121 7.53574 0.18856 -0.31986 0.68819 0.40985 0.50608
1403638614027829504 2.61255 7.43755 0.15341 -0.30943 0.69557 0.39934 0.51085
1403638614127829504 2.57839 7.31950 0.11211 -0.29669 0.70534 0.38655 0.51483
1403638614227829504 2.54293 7.20171 0.07485 -0.28328 0.71563 0.37348 0.51781
1403638614327829504 2.50843 7.08993 0.04343 -0.27346 0.72386 0.36241 0.51952
1403638614427829504 2.46719 6.96531 0.02159 -0.26821 0.72993 0.35291 0.52031
1403638614527829504 2.43153 6.85392 0.01181 -0.26521 0.73461 0.34493 0.52061
1403638614627829504 2.39483 6.73863 0.00844 -0.26165 0.73936 0.33509 0.52211
1403638614727829504 2.36099 6.62646 0.01528 -0.25913 0.74726 0.32111 0.52090
1403638614827829504 2.33043 6.51209 0.02772 -0.25389 0.75838 0.30439 0.51744
1403638614927829504 2.30482 6.39437 0.05303 -0.24318 0.76914 0.28713 0.51656
1403638615027829504 2.28776 6.27806 0.07929 -0.22875 0.77869 0.26684 0.51972
1403638615127829504 2.27752 6.16118 0.11291 -0.20843 0.78566 0.24578 0.52810
1403638615227829504 2.27507 6.04527 0.15224 -0.18455 0.78823 0.22499 0.54223
1403638615327829504 2.27330 5.92568 0.18972 -0.16275 0.79185 0.20109 0.55321
1403638615427829504 2.26884 5.80456 0.22105 -0.14220 0.79595 0.17527 0.56172
1403638615527829504 2.26319 5.68438 0.24675 -0.12276 0.80050 0.14988 0.56715
1403638615627829504 2.25660 5.56411 0.26613 -0.10768 0.80347 0.12891 0.57115
1403638615727829504 2.24765 5.44491 0.28496 -0.09766 0.80566 0.11416 0.57301
1403638615827829504 2.23809 5.32725 0.31045 -0.09093 0.80714 0.10331 0.57409
1403638615927829504 2.22706 5.20930 0.33879 -0.08589 0.80843 0.09073 0.57518
1403638616027829504 2.21552 5.09191 0.36338 -0.07783 0.81032 0.07892 0.57541
1403638616127829504 2.20512 4.97097 0.37911 -0.06832 0.81158 0.06646 0.57642
1403638616227829504 2.19565 4.84822 0.37874 -0.05891 0.81345 0.05031 0.57645
1403638616327829504 2.18392 4.72614 0.36350 -0.04666 0.81493 0.03145 0.57682
1403638616427829504 2.17250 4.60496 0.33599 -0.03387 0.81612 0.01261 0.57674
1403638616527829504 2.15923 4.48149 0.30419 -0.02455 0.81737 -0.00290 0.57558
1403638616627829504 2.14472 4.36079 0.26884 -0.01662 0.82060 -0.01372 0.57110
1403638616727829504 2.13056 4.24036 0.22949 -0.01463 0.82803 -0.02315 0.56001
1403638616827829504 2.12089 4.11960 0.18705 -0.01902 0.83585 -0.03213 0.54768
1403638616927829504 2.12051 3.99715 0.14923 -0.01917 0.83802 -0.03490 0.54418
1403638617027829504 2.12294 3.86770 0.12217 -0.01231 0.83460 -0.03004 0.54990
1403638617127829504 2.13269 3.73723 0.10440 -0.00555 0.83052 -0.02327 0.55647
1403638617227829504 2.14624 3.60733 0.09365 -0.00215 0.83018 -0.01757 0.55721
1403638617327829504 2.16368 3.47998 0.08860 -0.00275 0.83329 -0.01454 0.55264
1403638617427829504 2.18407 3.35344 0.08857 -0.00191 0.83732 -0.01085 0.54661
1403638617527829504 2.21152 3.23162 0.09788 -0.00196 0.83900 -0.00756 0.54407
1403638617627829504 2.24491 3.11246 0.11480 -0.00195 0.83848 -0.00482 0.54490
1403638617727829504 2.28395 2.99502 0.13806 -0.00040 0.83657 -0.00065 0.54786
1403638617827829504 2.33016 2.88457 0.17033 -0.00011 0.83640 0.00202 0.54812
1403638617927829504 2.38255 2.78189 0.21117 -0.00158 0.83522 0.00301 0.54991
1403638618027829504 2.44041 2.67778 0.24860 -0.00271 0.83475 0.00423 0.55060
1403638618127829504 2.50259 2.57701 0.27916 -0.00475 0.83489 0.00473 0.55037
1403638618227829504 2.56616 2.47788 0.30397 -0.00537 0.83462 0.00589 0.55077
1403638618327829504 2.63588 2.38812 0.32283 -0.00496 0.83394 0.00741 0.55179
1403638618427829504 2.70714 2.29608 0.33896 -0.00520 0.83382 0.00856 0.55194
1403638618527829504 2.78037 2.20700 0.35273 -0.00589 0.83324 0.00971 0.55280
1403638618627829504 2.86032 2.12488 0.36647 -0.00317 0.83299 0.00783 0.55322
1403638618727829504 2.94129 2.04315 0.37922 0.00093 0.83282 0.00557 0.55352
1403638618827829504 3.02838 1.96490 0.39761 0.00208 0.83180 0.00158 0.55507
1403638618927829504 3.11630 1.89253 0.42131 0.00674 0.82933 -0.00383 0.55871
1403638619027829504 3.20733 1.81993 0.44107 0.01517 0.82522 -0.01525 0.56440
1403638619127829504 3.29947 1.74694 0.45329 0.02893 0.82207 -0.03113 0.56780
1403638619227829504 3.39019 1.68103 0.45674 0.04255 0.81904 -0.05295 0.56969
1403638619327829504 3.48038 1.61548 0.45167 0.05794 0.81610 -0.07792 0.56969
1403638619427829504 3.56911 1.55277 0.43948 0.07112 0.81218 -0.10141 0.57011
1403638619527829504 3.65929 1.49096 0.43117 0.07928 0.80872 -0.11984 0.57037
1403638619627829504 3.74514 1.43574 0.41697 0.08203 0.80617 -0.13541 0.57012
1403638619727829504 3.82975 1.37917 0.39983 0.07649 0.80391 -0.15033 0.57034
1403638619827829504 3.91014 1.32265 0.38091 0.07418 0.80130 -0.15941 0.57185
1403638619927829504 3.98791 1.26384 0.35626 0.07472 0.79987 -0.16447 0.57235
1403638620027829504 4.05976 1.20171 0.33166 0.07734 0.79867 -0.16650 0.57309
1403638620127829504 4.12634 1.13344 0.31415 0.08070 0.79582 -0.16669 0.57652
1403638620227829504 4.18227 1.06685 0.30412 0.08344 0.79349 -0.16622 0.57947
1403638620327829504 4.23803 0.99590 0.29852 0.08760 0.79509 -0.16371 0.57737
1403638620427829504 4.28600 0.92288 0.30271 0.08904 0.79615 -0.16190 0.57620
1403638620527829504 4.33321 0.84855 0.30730 0.08973 0.79739 -0.15969 0.57499
1403638620627829504 4.37318 0.77406 0.31157 0.08793 0.79957 -0.15879 0.57248
1403638620727829504 4.41148 0.69844 0.30750 0.08417 0.80280 -0.15934 0.56837
1403638620827829504 4.45090 0.61898 0.29813 0.08297 0.80581 -0.15780 0.56469
1403638620927829504 4.48452 0.54373 0.28689 0.08807 0.80757 -0.15168 0.56309
1403638621027829504 4.52211 0.46340 0.27147 0.09268 0.80665 -0.14583 0.56520
1403638621127829504 4.55737 0.38537 0.25763 0.09325 0.80548 -0.14285 0.56754
1403638621227829504 4.59242 0.30919 0.25101 0.09285 0.80389 -0.14053 0.57043
1403638621327829504 4.62649 0.23505 0.25128 0.09439 0.80428 -0.13757 0.57035
1403638621427829504 4.65818 0.16351 0.25031 0.09426 0.80302 -0.13554 0.57262
1403638621527829504 4.68607 0.09590 0.24374 0.09509 0.80092 -0.13310 0.57599
1403638621627829504 4.71236 0.03154 0.23213 0.09491 0.79921 -0.13175 0.57871
1403638621727829504 4.73286 -0.02636 0.21524 0.09518 0.79827 -0.13068 0.58020
1403638621827829504 4.75279 -0.08532 0.19540 0.09650 0.79593 -0.12915 0.58353
1403638621927829504 4.76665 -0.13846 0.17237 0.09783 0.79243 -0.12769 0.58837
1403638622027829504 4.77779 -0.18993 0.14618 0.09695 0.79090 -0.12782 0.59055
1403638622127829504 4.78223 -0.23394 0.11652 0.09449 0.79153 -0.13003 0.58961
1403638622227829504 4.78224 -0.27659 0.08693 0.09213 0.79188 -0.13179 0.58913
1403638622327829504 4.77808 -0.31852 0.06265 0.08984 0.79191 -0.13381 0.58899
1403638622427829504 4.76694 -0.35816 0.04687 0.09229 0.79275 -0.13320 0.58761
1403638622527829504 4.74821 -0.39426 0.03928 0.09525 0.79273 -0.13211 0.58742
1403638622627829504 4.72216 -0.41904 0.04210 0.10036 0.79104 -0.12974 0.58937
1403638622727829504 4.69166 -0.44041 0.05667 0.10349 0.78294 -0.12857 0.59980
1403638622827829504 4.65836 -0.46298 0.07699 0.10504 0.77327 -0.12835 0.61200
1403638622927829504 4.61633 -0.47618 0.09930 0.10465 0.77332 -0.12969 0.61172
1403638623027829504 4.56429 -0.48426 0.11613 0.10231 0.77949 -0.13270 0.60359
1403638623127829504 4.50532 -0.49085 0.12621 0.09854 0.78531 -0.13616 0.59586
1403638623227829504 4.43842 -0.49087 0.13135 0.09476 0.78841 -0.13915 0.59166
1403638623327829504 4.36676 -0.49153 0.13162 0.09246 0.79189 -0.14097 0.58692
1403638623427829504 4.29217 -0.49291 0.12735 0.09270 0.79465 -0.14103 0.58313
1403638623527829504 4.21470 -0.49369 0.12158 0.09143 0.79518 -0.14194 0.58240
1403638623627829504 4.13388 -0.49402 0.12082 0.09428 0.79453 -0.14071 0.58312
1403638623727829504 4.04584 -0.49446 0.12922 0.09602 0.79523 -0.14032 0.58198
1403638623827829504 3.95703 -0.49208 0.14259 0.09778 0.79607 -0.14005 0.58060
1403638623927829504 3.86478 -0.48920 0.15952 0.09948 0.79782 -0.14069 0.57774
1403638624027829504 3.76943 -0.48483 0.16956 0.09977 0.79851 -0.14191 0.57645
1403638624127829504 3.67343 -0.47908 0.17733 0.09758 0.79906 -0.14478 0.57534
1403638624227829504 3.57547 -0.47221 0.17840 0.09511 0.79904 -0.14772 0.57503
1403638624327829504 3.47932 -0.46677 0.18206 0.09407 0.79842 -0.14978 0.57554
1403638624427829504 3.38158 -0.46026 0.17644 0.09401 0.79822 -0.15109 0.57548
1403638624527829504 3.28059 -0.45423 0.16601 0.09283 0.79512 -0.15355 0.57931
1403638624627829504 3.18131 -0.45124 0.15374 0.09001 0.78550 -0.15628 0.59199
1403638624727829504 3.07846 -0.44901 0.14207 0.09437 0.78790 -0.14932 0.58992
1403638624827829504 2.97626 -0.44476 0.13546 0.09769 0.79473 -0.13949 0.58258
1403638624927829504 2.86536 -0.43798 0.13682 0.09508 0.79909 -0.13394 0.57834
1403638625027829504 2.75876 -0.43039 0.14245 0.08784 0.80065 -0.13219 0.57773
1403638625127829504 2.65661 -0.42316 0.14432 0.07963 0.80176 -0.13270 0.57726
1403638625227829504 2.54936 -0.41749 0.14185 0.07548 0.80294 -0.13177 0.57639
1403638625327829504 2.44404 -0.41334 0.13712 0.07418 0.80326 -0.13033 0.57644
1403638625427829504 2.33524 -0.41079 0.13534 0.07364 0.80310 -0.12913 0.57700
1403638625527829504 2.22441 -0.40763 0.13998 0.07362 0.80290 -0.12867 0.57739
1403638625627829504 2.11677 -0.40776 0.15086 0.07421 0.80442 -0.12847 0.57523
1403638625727829504 2.00713 -0.40753 0.16652 0.07319 0.80738 -0.12917 0.57105
1403638625827829504 1.89965 -0.40808 0.18043 0.07264 0.81174 -0.13009 0.56469
1403638625927829504 1.79287 -0.41195 0.19073 0.07390 0.81276 -0.12986 0.56311
1403638626027829504 1.68862 -0.41687 0.19521 0.07387 0.81353 -0.13089 0.56177
1403638626127829504 1.59489 -0.42429 0.19316 0.07225 0.81401 -0.13279 0.56084
1403638626227829504 1.49452 -0.43190 0.18736 0.07386 0.81386 -0.13219 0.56099
1403638626327829504 1.39423 -0.44015 0.17884 0.08019 0.81181 -0.12838 0.56396
1403638626427829504 1.29689 -0.44848 0.16570 0.08581 0.80954 -0.12425 0.56731
1403638626527829504 1.20645 -0.45763 0.15059 0.08725 0.81082 -0.12284 0.56557
1403638626627829504 1.11623 -0.46481 0.13406 0.08614 0.81293 -0.12357 0.56254
1403638626727829504 1.02340 -0.46937 0.11906 0.08456 0.81574 -0.12420 0.55856
1403638626827829504 0.93843 -0.47471 0.11279 0.08294 0.81896 -0.12515 0.55386
1403638626927829504 0.86118 -0.48052 0.11350 0.08303 0.82120 -0.12458 0.55066
1403638627027829504 0.78866 -0.48678 0.11788 0.08235 0.82125 -0.12440 0.55072
1403638627127829504 0.72425 -0.49106 0.11608 0.08167 0.82101 -0.12429 0.55120
1403638627227829504 0.66032 -0.49582 0.11252 0.08110 0.82089 -0.12411 0.55150
1403638627327829504 0.60411 -0.50175 0.10650 0.08373 0.82086 -0.12186 0.55166
1403638627427829504 0.55237 -0.50553 0.09628 0.08497 0.82072 -0.12085 0.55190
1403638627527829504 0.50816 -0.51030 0.08379 0.08470 0.82041 -0.12115 0.55234
1403638627627829504 0.47061 -0.51394 0.06994 0.08793 0.81834 -0.11972 0.55520
1403638627727829504 0.43620 -0.51614 0.05520 0.08880 0.81528 -0.11957 0.55958
1403638627827829504 0.40098 -0.51742 0.03956 0.08998 0.81393 -0.11929 0.56142
1403638627927829504 0.37863 -0.51871 0.02202 0.09083 0.81512 -0.11924 0.55956
1403638628027829504 0.36294 -0.51794 0.00333 0.09216 0.81674 -0.11916 0.55699
1403638628127829504 0.33761 -0.51451 -0.01042 0.09275 0.81772 -0.11968 0.55535
1403638628227829504 0.32281 -0.51215 -0.02284 0.09310 0.81786 -0.12037 0.55492
1403638628327829504 0.31901 -0.50701 -0.03724 0.09278 0.81859 -0.12146 0.55367
1403638628427829504 0.30318 -0.49694 -0.04295 0.09030 0.81821 -0.12357 0.55418
1403638628527829504 0.29419 -0.48720 -0.04504 0.08178 0.81254 -0.13006 0.56230
1403638628627829504 0.28884 -0.47934 -0.04581 0.07526 0.80587 -0.13493 0.57158
1403638628727829504 0.28319 -0.47330 -0.04772 0.07275 0.80544 -0.13669 0.57209
1403638628827829504 0.27740 -0.47021 -0.05457 0.07639 0.80685 -0.13467 0.57011
1403638628927829504 0.28374 -0.46823 -0.06526 0.08088 0.80691 -0.13228 0.56996
1403638629027829504 0.27437 -0.46564 -0.07425 0.08594 0.80787 -0.12882 0.56866
1403638629127829504 0.26291 -0.46506 -0.08210 0.08939 0.80911 -0.12602 0.56698
1403638629227829504 0.25608 -0.46204 -0.08712 0.09113 0.81011 -0.12448 0.56561
1403638629327829504 0.25658 -0.45600 -0.08815 0.09253 0.81098 -0.12386 0.56427
1403638629427829504 0.25626 -0.44541 -0.09038 0.09239 0.81513 -0.12477 0.55808
1403638629527829504 0.25504 -0.43730 -0.09238 0.08978 0.81982 -0.12729 0.55103
1403638629627829504 0.26037 -0.43006 -0.09190 0.08271 0.82021 -0.13277 0.55026
1403638629727829504 0.26543 -0.42403 -0.08993 0.07247 0.81634 -0.14062 0.55549
1403638629827829504 0.27707 -0.42136 -0.08708 0.06849 0.81039 -0.14408 0.56375
1403638629927829504 0.28103 -0.42270 -0.09022 0.07340 0.80421 -0.14149 0.57257
1403638630027829504 0.28518 -0.42931 -0.10206 0.08395 0.79820 -0.13443 0.58116
1403638630127829504 0.28430 -0.43168 -0.12714 0.09060 0.79846 -0.12981 0.58086
1403638630227829504 0.28154 -0.43278 -0.15896 0.09336 0.80250 -0.12763 0.57532
1403638630327829504 0.27851 -0.43150 -0.19748 0.09601 0.80912 -0.12703 0.56565
1403638630427829504 0.28553 -0.42765 -0.19978 0.08149 0.81548 -0.13326 0.55731
1403638630527829504 0.29418 -0.42623 -0.19178 0.09020 0.80574 -0.12609 0.57161
1403638630627829504 0.30638 -0.42769 -0.20474 0.09085 0.80506 -0.12640 0.57241
1403638630727829504 0.31582 -0.43111 -0.21967 0.08214 0.83118 -0.11899 0.53687
1403638630827829504 0.30149 -0.43847 -0.21759 0.08623 0.82866 -0.12087 0.53971
1403638630927829504 0.31658 -0.43340 -0.21484 0.08572 0.82965 -0.11938 0.53860
1403638631027829504 0.33555 -0.43316 -0.20643 0.08541 0.83020 -0.11990 0.53768
1403638631127829504 0.33879 -0.43301 -0.20573 0.08508 0.83028 -0.12031 0.53751
1403638631227829504 0.33919 -0.43288 -0.20558 0.08531 0.83030 -0.12020 0.53747
1403638631327829504 0.33946 -0.43299 -0.20548 0.08531 0.83018 -0.12024 0.53765
1403638631427829504 0.33929 -0.43296 -0.20562 0.08554 0.83020 -0.12007 0.53762
1403638631527829504 0.33932 -0.43300 -0.20575 0.08558 0.83028 -0.12016 0.53746
1403638631627829504 0.33960 -0.43326 -0.20565 0.08582 0.83035 -0.12000 0.53736
