1403638523327829504 0.01522 0.00945 0.15141 -0.05096 0.80400 0.00591 0.59241
1403638523427829504 0.01346 0.00796 0.10366 -0.04753 0.80401 0.00619 0.59268
1403638523527829504 0.00850 0.00081 0.07995 -0.04171 0.80979 0.00968 0.58516
1403638523627829504 0.00359 -0.00688 0.03158 -0.03491 0.82016 0.01338 0.57092
1403638523727829504 0.00830 -0.01333 0.01362 -0.03086 0.82828 0.01666 0.55922
1403638523827829504 0.00470 -0.01666 -0.00031 -0.02907 0.83143 0.01997 0.55451
1403638523927829504 0.00047 -0.02064 -0.01026 -0.02186 0.83167 0.02479 0.55429
1403638524027829504 -0.00261 -0.01788 -0.02297 -0.01254 0.83344 0.03208 0.55153
1403638524127829504 -0.00525 -0.01327 -0.01763 -0.00846 0.83781 0.03937 0.54447
1403638524227829504 -0.00752 -0.01662 0.01235 -0.01378 0.84097 0.04230 0.53924
1403638524327829504 -0.01050 -0.03144 0.06711 -0.02311 0.83967 0.04294 0.54091
1403638524427829504 -0.00402 -0.02990 0.12469 -0.03166 0.83503 0.04052 0.54779
1403638524527829504 -0.00021 -0.02954 0.18400 -0.03671 0.82675 0.03981 0.55996
1403638524627829504 -0.00009 -0.03524 0.23852 -0.03722 0.81853 0.03687 0.57207
1403638524727829504 0.00667 -0.02662 0.28338 -0.02721 0.81350 0.03115 0.58010
1403638524827829504 0.01074 -0.01871 0.31516 -0.01414 0.81082 0.02575 0.58456
1403638524927829504 0.01701 -0.01244 0.33457 -0.01791 0.80978 0.02557 0.58590
1403638525027829504 0.01944 -0.00972 0.33467 -0.02234 0.80765 0.02903 0.58853
1403638525127829504 0.01913 -0.00689 0.31143 -0.01797 0.80529 0.03287 0.59170
1403638525227829504 0.02561 -0.00431 0.27606 -0.01659 0.80593 0.03779 0.59057
1403638525327829504 0.02387 -0.00226 0.22521 -0.01762 0.81183 0.04250 0.58208
1403638525427829504 0.01997 0.00030 0.17266 -0.02295 0.82315 0.04571 0.56552
1403638525527829504 0.01789 -0.00378 0.12498 -0.03244 0.83478 0.04660 0.54764
1403638525627829504 0.01459 -0.00950 0.08156 -0.03620 0.84069 0.04501 0.53843
1403638525727829504 0.01361 -0.02395 0.04615 -0.03538 0.84119 0.04146 0.53798
1403638525827829504 0.01356 -0.01298 0.02230 -0.03020 0.83827 0.03508 0.54329
1403638525927829504 0.01231 -0.01331 0.00608 -0.02104 0.83523 0.03220 0.54855
1403638526027829504 0.01351 -0.01851 -0.00001 -0.01431 0.83562 0.03146 0.54822
1403638526127829504 0.00423 -0.04619 0.00093 -0.01201 0.83803 0.02530 0.54491
1403638526227829504 -0.00065 -0.07745 0.01134 -0.00972 0.83897 0.01576 0.54387
1403638526327829504 -0.00922 -0.11078 0.02558 -0.00647 0.83605 0.00715 0.54857
1403638526427829504 -0.01898 -0.15329 0.03854 -0.00419 0.83110 -0.00226 0.55610
1403638526527829504 -0.03004 -0.19985 0.04942 -0.00336 0.82590 -0.01385 0.56363
1403638526627829504 -0.04243 -0.25427 0.05756 -0.00098 0.82030 -0.02335 0.57146
1403638526727829504 -0.05710 -0.31813 0.06480 0.00427 0.81624 -0.03036 0.57691
1403638526827829504 -0.07393 -0.38723 0.07081 0.01453 0.81409 -0.03386 0.57956
1403638526927829504 -0.09136 -0.45148 0.07416 0.01904 0.81531 -0.03798 0.57746
1403638527027829504 -0.10798 -0.51099 0.07733 0.02493 0.81952 -0.04789 0.57051
1403638527127829504 -0.12299 -0.56511 0.08112 0.03307 0.82294 -0.06300 0.56366
1403638527227829504 -0.13354 -0.61082 0.08652 0.04187 0.82212 -0.07772 0.56243
1403638527327829504 -0.13972 -0.64198 0.09257 0.05663 0.81740 -0.08930 0.56628
1403638527427829504 -0.13854 -0.65316 0.09750 0.07084 0.81254 -0.09565 0.57063
1403638527527829504 -0.13225 -0.64275 0.09889 0.07750 0.81044 -0.09839 0.57228
1403638527627829504 -0.12264 -0.61625 0.09983 0.07787 0.81060 -0.09777 0.57211
1403638527727829504 -0.10858 -0.57281 0.09879 0.07487 0.81135 -0.09149 0.57249
1403638527827829504 -0.08850 -0.52030 0.09728 0.06545 0.81394 -0.08592 0.57082
1403638527927829504 -0.06753 -0.46268 0.09889 0.05120 0.81653 -0.08141 0.56924
1403638528027829504 -0.04384 -0.40622 0.10237 0.04466 0.81613 -0.07491 0.57125
1403638528127829504 -0.02228 -0.34862 0.10063 0.03528 0.81555 -0.06648 0.57377
1403638528227829504 0.00027 -0.29695 0.09548 0.02376 0.81700 -0.05640 0.57338
1403638528327829504 0.03004 -0.25208 0.09191 0.01236 0.81807 -0.04580 0.57316
1403638528427829504 0.06204 -0.22003 0.08821 0.00991 0.81683 -0.03998 0.57541
1403638528527829504 0.09820 -0.19870 0.08440 0.01224 0.81753 -0.04031 0.57435
1403638528627829504 0.13373 -0.18248 0.08276 0.01129 0.81960 -0.04746 0.57085
1403638528727829504 0.16650 -0.17076 0.08308 0.01284 0.81962 -0.05297 0.57032
1403638528827829504 0.18932 -0.16293 0.08715 0.01441 0.81852 -0.05887 0.57127
1403638528927829504 0.19610 -0.15620 0.09578 0.00796 0.81767 -0.06660 0.57177
1403638529027829504 0.18790 -0.14672 0.11152 0.00227 0.81841 -0.07088 0.57024
1403638529127829504 0.16547 -0.13480 0.12625 0.01326 0.81919 -0.06773 0.56936
1403638529227829504 0.13415 -0.11421 0.13269 0.02851 0.82069 -0.06036 0.56746
1403638529327829504 0.10038 -0.09038 0.12806 0.03607 0.82417 -0.05524 0.56249
1403638529427829504 0.06675 -0.06865 0.11375 0.03758 0.83202 -0.05151 0.55107
1403638529527829504 0.03613 -0.05286 0.09126 0.03352 0.84328 -0.04974 0.53412
1403638529627829504 0.01234 -0.04078 0.06591 0.03420 0.85079 -0.04634 0.52234
1403638529727829504 -0.00230 -0.03402 0.03912 0.03377 0.85091 -0.04407 0.52238
1403638529827829504 -0.01373 -0.02767 0.01639 0.03240 0.84489 -0.04460 0.53209
1403638529927829504 -0.01600 -0.02153 0.00050 0.03234 0.84005 -0.04494 0.53967
1403638530027829504 -0.01640 -0.01683 -0.01254 0.03306 0.83967 -0.04525 0.54020
1403638530127829504 -0.00672 -0.01620 -0.02151 0.03341 0.84179 -0.04762 0.53666
1403638530227829504 0.00585 -0.01796 -0.03085 0.03574 0.84219 -0.05355 0.53532
1403638530327829504 0.01915 -0.02037 -0.04178 0.03705 0.84142 -0.05965 0.53580
1403638530427829504 0.03109 -0.02650 -0.05138 0.04042 0.84079 -0.06352 0.53611
1403638530527829504 0.04033 -0.03082 -0.05772 0.03814 0.84056 -0.06757 0.53614
1403638530627829504 0.04744 -0.03520 -0.06632 0.04002 0.84166 -0.07002 0.53396
1403638530727829504 0.05157 -0.03765 -0.07230 0.04032 0.84540 -0.07240 0.52766
1403638530827829504 0.05635 -0.04106 -0.08023 0.04027 0.84744 -0.07297 0.52431
1403638530927829504 0.05915 -0.04216 -0.08488 0.03798 0.84655 -0.07230 0.52600
1403638531027829504 0.05940 -0.04177 -0.08705 0.03674 0.84387 -0.07222 0.53040
1403638531127829504 0.05886 -0.04063 -0.08694 0.03925 0.84025 -0.07090 0.53611
1403638531227829504 0.05997 -0.03958 -0.08760 0.04124 0.83996 -0.06809 0.53678
1403638531327829504 0.06029 -0.03847 -0.08876 0.04205 0.83630 -0.06824 0.54238
1403638531427829504 0.06008 -0.03861 -0.08899 0.04308 0.83704 -0.06789 0.54120
1403638531527829504 0.05970 -0.03877 -0.08881 0.04284 0.83623 -0.06856 0.54239
1403638531627829504 0.05979 -0.03892 -0.08890 0.04340 0.83637 -0.06757 0.54225
1403638531727829504 0.05980 -0.03885 -0.08910 0.04363 0.83646 -0.06823 0.54201
1403638531827829504 0.05995 -0.03891 -0.08928 0.04380 0.83644 -0.06851 0.54199
1403638531927829504 0.06012 -0.03896 -0.08954 0.04391 0.83637 -0.06886 0.54204
1403638532027829504 0.06015 -0.03893 -0.08963 0.04404 0.83633 -0.06917 0.54206
1403638532127829504 0.06045 -0.03896 -0.08980 0.04425 0.83630 -0.06941 0.54206
1403638532227829504 0.06041 -0.03901 -0.08988 0.04465 0.83630 -0.06942 0.54203
1403638532327829504 0.06046 -0.03912 -0.08994 0.04492 0.83626 -0.06951 0.54205
1403638532427829504 0.06045 -0.03915 -0.08996 0.04518 0.83624 -0.06960 0.54205
1403638532527829504 0.06053 -0.03921 -0.09003 0.04538 0.83620 -0.06977 0.54207
1403638532627829504 0.06069 -0.03924 -0.09017 0.04553 0.83618 -0.06991 0.54208
1403638532727829504 0.06083 -0.03929 -0.09035 0.04561 0.83611 -0.07003 0.54216
1403638532827829504 0.06093 -0.03929 -0.09039 0.04572 0.83608 -0.07017 0.54218
1403638532927829504 0.06083 -0.03931 -0.09039 0.04590 0.83604 -0.07022 0.54222
1403638533027829504 0.06107 -0.03941 -0.09056 0.04604 0.83599 -0.07031 0.54227
1403638533127829504 0.06108 -0.03943 -0.09059 0.04620 0.83595 -0.07044 0.54230
1403638533227829504 0.06116 -0.03944 -0.09066 0.04636 0.83591 -0.07055 0.54234
1403638533327829504 0.06127 -0.03954 -0.09078 0.04648 0.83586 -0.07062 0.54239
1403638533427829504 0.06116 -0.03954 -0.09073 0.04653 0.83582 -0.07069 0.54244
1403638533527829504 0.06121 -0.03957 -0.09078 0.04663 0.83578 -0.07077 0.54249
1403638533627829504 0.06133 -0.03963 -0.09087 0.04679 0.83574 -0.07081 0.54252
1403638533727829504 0.06138 -0.03965 -0.09091 0.04694 0.83572 -0.07088 0.54253
1403638533827829504 0.06145 -0.03963 -0.09100 0.04700 0.83564 -0.07100 0.54263
1403638533927829504 0.06135 -0.03964 -0.09104 0.04704 0.83565 -0.07096 0.54262
1403638534027829504 0.06068 -0.03961 -0.09066 0.04716 0.83562 -0.07116 0.54264
1403638534127829504 0.06108 -0.03980 -0.09059 0.04738 0.83560 -0.07139 0.54261
1403638534227829504 0.06111 -0.03973 -0.09070 0.04732 0.83554 -0.07151 0.54269
1403638534327829504 0.06142 -0.03966 -0.09088 0.04723 0.83553 -0.07147 0.54272
1403638534427829504 0.06130 -0.03956 -0.09095 0.04721 0.83556 -0.07152 0.54268
1403638534527829504 0.06106 -0.03966 -0.09080 0.04749 0.83553 -0.07181 0.54266
1403638534627829504 0.06103 -0.03971 -0.09067 0.04734 0.83558 -0.07141 0.54265
1403638534727829504 0.06110 -0.03968 -0.09070 0.04722 0.83558 -0.07118 0.54269
1403638534827829504 0.06109 -0.03960 -0.09073 0.04732 0.83553 -0.07124 0.54275
1403638534927829504 0.06101 -0.03969 -0.09070 0.04758 0.83550 -0.07147 0.54273
1403638535027829504 0.06093 -0.03976 -0.09064 0.04752 0.83552 -0.07145 0.54272
1403638535127829504 0.06101 -0.03975 -0.09068 0.04753 0.83555 -0.07137 0.54268
1403638535227829504 0.06106 -0.03972 -0.09074 0.04747 0.83552 -0.07136 0.54274
1403638535327829504 0.06098 -0.03977 -0.09069 0.04745 0.83552 -0.07141 0.54273
1403638535427829504 0.06106 -0.03979 -0.09072 0.04749 0.83552 -0.07133 0.54274
1403638535527829504 0.06104 -0.03979 -0.09067 0.04747 0.83548 -0.07139 0.54279
1403638535627829504 0.06096 -0.03979 -0.09062 0.04745 0.83549 -0.07135 0.54279
1403638535727829504 0.06097 -0.03976 -0.09063 0.04744 0.83545 -0.07134 0.54285
1403638535827829504 0.06085 -0.03976 -0.09059 0.04736 0.83544 -0.07130 0.54287
1403638535927829504 0.06080 -0.03977 -0.09062 0.04731 0.83545 -0.07131 0.54286
1403638536027829504 0.06088 -0.03976 -0.09070 0.04726 0.83546 -0.07126 0.54286
1403638536127829504 0.06097 -0.03977 -0.09067 0.04725 0.83547 -0.07128 0.54285
1403638536227829504 0.06103 -0.03982 -0.09066 0.04716 0.83539 -0.07122 0.54299
1403638536327829504 0.06107 -0.03974 -0.09067 0.04712 0.83529 -0.07118 0.54314
1403638536427829504 0.06101 -0.03975 -0.09065 0.04719 0.83530 -0.07128 0.54310
1403638536527829504 0.06094 -0.03969 -0.09058 0.04717 0.83532 -0.07124 0.54309
1403638536627829504 0.06104 -0.03979 -0.09056 0.04714 0.83528 -0.07132 0.54313
1403638536727829504 0.06115 -0.03977 -0.09067 0.04722 0.83528 -0.07119 0.54314
1403638536827829504 0.06115 -0.03980 -0.09077 0.04724 0.83522 -0.07123 0.54323
1403638536927829504 0.06117 -0.03983 -0.09066 0.04726 0.83520 -0.07126 0.54325
1403638537027829504 0.06107 -0.03978 -0.09061 0.04729 0.83520 -0.07126 0.54325
1403638537127829504 0.06105 -0.03975 -0.09063 0.04740 0.83518 -0.07120 0.54329
1403638537227829504 0.06105 -0.03975 -0.09060 0.04743 0.83514 -0.07127 0.54333
1403638537327829504 0.06119 -0.03980 -0.09055 0.04743 0.83510 -0.07128 0.54340
1403638537427829504 0.06126 -0.03988 -0.09053 0.04736 0.83507 -0.07120 0.54346
1403638537527829504 0.06124 -0.03991 -0.09049 0.04739 0.83507 -0.07113 0.54347
1403638537627829504 0.06114 -0.03989 -0.09042 0.04750 0.83506 -0.07103 0.54349
1403638537727829504 0.06109 -0.03983 -0.09032 0.04758 0.83509 -0.07110 0.54341
1403638537827829504 0.06108 -0.03981 -0.09028 0.04757 0.83507 -0.07113 0.54345
1403638537927829504 0.06135 -0.03986 -0.09044 0.04755 0.83504 -0.07107 0.54350
1403638538027829504 0.06112 -0.03982 -0.09030 0.04758 0.83507 -0.07110 0.54345
1403638538127829504 0.06117 -0.03981 -0.09028 0.04769 0.83499 -0.07108 0.54357
1403638538227829504 0.06149 -0.03985 -0.09046 0.04769 0.83500 -0.07106 0.54355
1403638538327829504 0.06153 -0.03985 -0.09052 0.04771 0.83499 -0.07100 0.54358
1403638538427829504 0.06143 -0.03983 -0.09037 0.04777 0.83486 -0.07106 0.54376
1403638538527829504 0.06126 -0.03987 -0.09019 0.04774 0.83484 -0.07109 0.54378
1403638538627829504 0.06110 -0.03988 -0.09000 0.04792 0.83464 -0.07120 0.54407
1403638538727829504 0.06120 -0.03989 -0.08989 0.04813 0.83429 -0.07114 0.54459
1403638538827829504 0.06229 -0.03983 -0.08988 0.04777 0.83377 -0.07069 0.54548
1403638538927829504 0.06573 -0.03957 -0.08916 0.04801 0.83086 -0.06975 0.55000
1403638539027829504 0.06947 -0.03978 -0.08563 0.04931 0.82616 -0.07036 0.55684
1403638539127829504 0.07689 -0.04050 -0.08138 0.04930 0.81948 -0.07159 0.56648
1403638539227829504 0.08588 -0.04100 -0.07026 0.04915 0.81473 -0.07080 0.57340
1403638539327829504 0.09553 -0.04121 -0.05089 0.04866 0.81384 -0.07046 0.57475
1403638539427829504 0.10470 -0.04177 -0.02356 0.04851 0.81549 -0.06945 0.57254
1403638539527829504 0.11264 -0.04245 0.00991 0.04814 0.81748 -0.06837 0.56986
1403638539627829504 0.12416 -0.04375 0.04194 0.04733 0.81817 -0.06746 0.56904
1403638539727829504 0.13384 -0.04451 0.06544 0.04673 0.81883 -0.06649 0.56825
1403638539827829504 0.14732 -0.04506 0.07798 0.04649 0.82048 -0.06517 0.56604
1403638539927829504 0.16453 -0.04671 0.08643 0.04499 0.82436 -0.06455 0.56056
1403638540027829504 0.17967 -0.04746 0.09606 0.04343 0.82975 -0.06509 0.55263
1403638540127829504 0.20235 -0.04855 0.10343 0.04296 0.83560 -0.06504 0.54378
1403638540227829504 0.23567 -0.05164 0.11068 0.04337 0.83558 -0.06371 0.54393
1403638540327829504 0.27412 -0.05489 0.12068 0.04422 0.82942 -0.06257 0.55335
1403638540427829504 0.31647 -0.05768 0.12885 0.04347 0.82494 -0.05844 0.56051
1403638540527829504 0.36238 -0.05929 0.13455 0.03799 0.82467 -0.04980 0.56213
1403638540627829504 0.41089 -0.05842 0.14007 0.02924 0.82513 -0.03585 0.56304
1403638540727829504 0.46072 -0.05628 0.14610 0.02218 0.82470 -0.01435 0.56496
1403638540827829504 0.51290 -0.05153 0.15153 0.01324 0.82453 0.01206 0.56553
1403638540927829504 0.56578 -0.04169 0.15634 0.00155 0.82404 0.04013 0.56511
1403638541027829504 0.62044 -0.02694 0.15882 -0.01330 0.82271 0.06262 0.56485
1403638541127829504 0.67576 -0.01012 0.15763 -0.02553 0.82064 0.07893 0.56540
1403638541227829504 0.73212 0.01170 0.15317 -0.03305 0.81990 0.08988 0.56444
1403638541327829504 0.78856 0.03743 0.15059 -0.03696 0.81937 0.09575 0.56400
1403638541427829504 0.84474 0.06814 0.15388 -0.03941 0.81947 0.09694 0.56349
1403638541527829504 0.90056 0.10265 0.16328 -0.03820 0.81831 0.09775 0.56512
1403638541627829504 0.95808 0.14573 0.17951 -0.03920 0.81678 0.10003 0.56686
1403638541727829504 1.01658 0.19368 0.20261 -0.04637 0.81504 0.10434 0.56804
1403638541827829504 1.07106 0.24762 0.23465 -0.05884 0.81405 0.11079 0.56709
1403638541927829504 1.12273 0.30523 0.26599 -0.07082 0.81303 0.12242 0.56478
1403638542027829504 1.17459 0.36375 0.29108 -0.08417 0.81146 0.13817 0.56156
1403638542127829504 1.22536 0.42379 0.31023 -0.09769 0.80881 0.15732 0.55815
1403638542227829504 1.27518 0.48494 0.32431 -0.11404 0.80520 0.17839 0.55392
1403638542327829504 1.32099 0.54774 0.33472 -0.12892 0.80026 0.20216 0.54963
1403638542427829504 1.36797 0.61050 0.34204 -0.13941 0.78918 0.22309 0.55497
1403638542527829504 1.41174 0.67408 0.34729 -0.14058 0.77577 0.24279 0.56522
1403638542627829504 1.44007 0.74512 0.35873 -0.13863 0.76705 0.25790 0.57088
1403638542727829504 1.47600 0.81816 0.36914 -0.14346 0.76719 0.26262 0.56734
1403638542827829504 1.50773 0.89539 0.38500 -0.15314 0.77172 0.25970 0.55996
1403638542927829504 1.53446 0.97433 0.40584 -0.15915 0.77737 0.25613 0.55205
1403638543027829504 1.55123 1.05308 0.43443 -0.16243 0.78130 0.25331 0.54682
1403638543127829504 1.56739 1.13145 0.46260 -0.16434 0.78373 0.24995 0.54432
1403638543227829504 1.58272 1.21191 0.48340 -0.16361 0.78465 0.24827 0.54398
1403638543327829504 1.59662 1.29135 0.50008 -0.16379 0.78525 0.24597 0.54411
1403638543427829504 1.61249 1.37265 0.51141 -0.16499 0.78527 0.24747 0.54304
1403638543527829504 1.63063 1.45815 0.51770 -0.16887 0.78364 0.25463 0.54088
1403638543627829504 1.64675 1.54385 0.52279 -0.17405 0.77934 0.27020 0.53789
1403638543727829504 1.66585 1.62802 0.52240 -0.18335 0.77275 0.28966 0.53417
1403638543827829504 1.67962 1.71683 0.53020 -0.19315 0.76327 0.31286 0.53125
1403638543927829504 1.69244 1.80491 0.54677 -0.20764 0.75406 0.33369 0.52624
1403638544027829504 1.70509 1.89403 0.56956 -0.22262 0.74770 0.34840 0.51962
1403638544127829504 1.71852 1.98297 0.59318 -0.23467 0.74428 0.35795 0.51268
1403638544227829504 1.73399 2.07012 0.61378 -0.24450 0.74147 0.36258 0.50890
1403638544327829504 1.74730 2.15959 0.62748 -0.24918 0.73968 0.36596 0.50681
1403638544427829504 1.76310 2.24637 0.63613 -0.25066 0.74019 0.36735 0.50433
1403638544527829504 1.78116 2.33549 0.64302 -0.25002 0.73935 0.36761 0.50568
1403638544627829504 1.80109 2.43543 0.65320 -0.25414 0.73411 0.36695 0.51170
1403638544727829504 1.82007 2.52427 0.66686 -0.25774 0.72960 0.36716 0.51619
1403638544827829504 1.83572 2.61496 0.68494 -0.25685 0.73127 0.36926 0.51276
1403638544927829504 1.85153 2.70652 0.69740 -0.25583 0.73412 0.37072 0.50811
1403638545027829504 1.87028 2.79641 0.70285 -0.25716 0.73357 0.37090 0.50812
1403638545127829504 1.88624 2.87847 0.70455 -0.25831 0.73242 0.37143 0.50881
1403638545227829504 1.90439 2.96631 0.69831 -0.25707 0.73274 0.37314 0.50771
1403638545327829504 1.91986 3.05411 0.68945 -0.25766 0.73064 0.37371 0.51002
1403638545427829504 1.93925 3.14451 0.67431 -0.25952 0.72966 0.37286 0.51110
1403638545527829504 1.95767 3.23444 0.65930 -0.26251 0.72842 0.37633 0.50879
1403638545627829504 1.97337 3.32289 0.65109 -0.26958 0.72495 0.38527 0.50332
1403638545727829504 1.98793 3.40247 0.64656 -0.27801 0.71879 0.39957 0.49638
1403638545827829504 2.00414 3.48799 0.65075 -0.28828 0.70845 0.41825 0.48997
1403638545927829504 2.01840 3.57423 0.66157 -0.29865 0.69696 0.43954 0.48152
1403638546027829504 2.03643 3.66103 0.67889 -0.30708 0.68497 0.46040 0.47386
1403638546127829504 2.05321 3.74882 0.69436 -0.31340 0.67443 0.47663 0.46877
1403638546227829504 2.06764 3.83719 0.70403 -0.32060 0.66809 0.48603 0.46329
1403638546327829504 2.08127 3.92729 0.70682 -0.32667 0.66491 0.49089 0.45849
1403638546427829504 2.09409 4.01801 0.70406 -0.33155 0.66449 0.49207 0.45430
1403638546527829504 2.10762 4.11121 0.69646 -0.33276 0.66342 0.49398 0.45290
1403638546627829504 2.12023 4.20549 0.69322 -0.33485 0.65975 0.49904 0.45118
1403638546727829504 2.13212 4.30242 0.69671 -0.33865 0.65489 0.50497 0.44883
1403638546827829504 2.14335 4.40248 0.71206 -0.33949 0.65060 0.51080 0.44783
1403638546927829504 2.15307 4.50410 0.72919 -0.33980 0.64754 0.51510 0.44711
1403638547027829504 2.16240 4.60922 0.74204 -0.33827 0.64454 0.51895 0.44814
1403638547127829504 2.16677 4.71289 0.74587 -0.33476 0.64190 0.52292 0.44995
1403638547227829504 2.16907 4.81723 0.74740 -0.33285 0.64057 0.52500 0.45083
1403638547327829504 2.16668 4.92063 0.74077 -0.33168 0.63968 0.52581 0.45201
1403638547427829504 2.16204 5.02764 0.73547 -0.33692 0.64299 0.52192 0.44793
1403638547527829504 2.15496 5.13728 0.72631 -0.34167 0.64630 0.51781 0.44433
1403638547627829504 2.14341 5.23329 0.70781 -0.34428 0.64838 0.51534 0.44216
1403638547727829504 2.13454 5.34569 0.68866 -0.34284 0.64874 0.51496 0.44318
1403638547827829504 2.12087 5.44610 0.66278 -0.33874 0.64654 0.51729 0.44681
1403638547927829504 2.10793 5.56037 0.63750 -0.33832 0.64634 0.51727 0.44745
1403638548027829504 2.08868 5.67256 0.61938 -0.33998 0.64564 0.51854 0.44574
1403638548127829504 2.07054 5.79350 0.60782 -0.34336 0.64298 0.52246 0.44239
1403638548227829504 2.04892 5.91615 0.60695 -0.34953 0.63773 0.52926 0.43705
1403638548327829504 2.02570 6.03627 0.61506 -0.35724 0.62988 0.53924 0.42995
1403638548427829504 2.00108 6.16091 0.62875 -0.36439 0.62039 0.55169 0.42187
1403638548527829504 1.97584 6.28477 0.64418 -0.37223 0.61195 0.56049 0.41572
1403638548627829504 1.95537 6.39190 0.66240 -0.37785 0.60456 0.56779 0.41152
1403638548727829504 1.93334 6.50566 0.67175 -0.38176 0.59993 0.57262 0.40799
1403638548827829504 1.91055 6.62225 0.68234 -0.38433 0.59690 0.57590 0.40538
1403638548927829504 1.88629 6.74219 0.70045 -0.38637 0.59516 0.57730 0.40402
1403638549027829504 1.86193 6.86653 0.72264 -0.38548 0.59448 0.57914 0.40323
1403638549127829504 1.83698 6.98946 0.75076 -0.38773 0.59493 0.57771 0.40246
1403638549227829504 1.81393 7.11296 0.78479 -0.38812 0.59497 0.57729 0.40263
1403638549327829504 1.78929 7.23920 0.82369 -0.38976 0.59613 0.57547 0.40193
1403638549427829504 1.76426 7.36784 0.86323 -0.39217 0.59737 0.57295 0.40135
1403638549527829504 1.73892 7.50056 0.89617 -0.39291 0.59862 0.57152 0.40079
1403638549627829504 1.71593 7.63672 0.92415 -0.39466 0.59794 0.56954 0.40291
1403638549727829504 1.69399 7.76490 0.95041 -0.39354 0.59731 0.56954 0.40493
1403638549827829504 1.67330 7.90018 0.97762 -0.39357 0.59897 0.56912 0.40303
1403638549927829504 1.65435 8.03225 1.01456 -0.39163 0.59980 0.56992 0.40255
1403638550027829504 1.63669 8.16857 1.05956 -0.39230 0.60072 0.56935 0.40135
1403638550127829504 1.62026 8.30973 1.11179 -0.39337 0.60165 0.56883 0.39964
1403638550227829504 1.60661 8.45089 1.17050 -0.39319 0.60138 0.56968 0.39900
1403638550327829504 1.58852 8.59780 1.23823 -0.39237 0.60059 0.57042 0.39996
1403638550427829504 1.57411 8.74567 1.30182 -0.39450 0.60006 0.56958 0.39985
1403638550527829504 1.56234 8.89189 1.35674 -0.39713 0.60127 0.56803 0.39762
1403638550627829504 1.55265 9.03392 1.40421 -0.40173 0.60045 0.56503 0.39850
1403638550727829504 1.54676 9.16884 1.44874 -0.40594 0.59919 0.56215 0.40020
1403638550827829504 1.54445 9.29887 1.48678 -0.40946 0.59685 0.55947 0.40387
1403638550927829504 1.54492 9.42934 1.52360 -0.41566 0.59226 0.55477 0.41071
1403638551027829504 1.54756 9.55438 1.55476 -0.42076 0.58913 0.55102 0.41506
1403638551127829504 1.55391 9.67474 1.58586 -0.42395 0.58824 0.54865 0.41620
1403638551227829504 1.56318 9.78856 1.62087 -0.42765 0.58868 0.54663 0.41445
1403638551327829504 1.57756 9.89904 1.66017 -0.42486 0.59314 0.54571 0.41216
1403638551427829504 1.59922 9.99414 1.69882 -0.41916 0.60349 0.53904 0.41175
1403638551527829504 1.62792 10.10449 1.73626 -0.41177 0.61809 0.52620 0.41415
1403638551627829504 1.66400 10.20390 1.76712 -0.40561 0.63436 0.50807 0.41825
1403638551727829504 1.70795 10.29992 1.79255 -0.39758 0.64939 0.48949 0.42500
1403638551827829504 1.75961 10.38430 1.81102 -0.38793 0.66254 0.47149 0.43387
1403638551927829504 1.82018 10.48103 1.82829 -0.37548 0.66932 0.46048 0.44607
1403638552027829504 1.88605 10.55597 1.85270 -0.36470 0.67098 0.45423 0.45875
1403638552127829504 1.95543 10.62438 1.88285 -0.35688 0.67395 0.45034 0.46436
1403638552227829504 2.02802 10.68829 1.91684 -0.35216 0.67888 0.44821 0.46283
1403638552327829504 2.10401 10.74661 1.95277 -0.35005 0.68155 0.44687 0.46181
1403638552427829504 2.18247 10.80072 1.98928 -0.35571 0.68001 0.44187 0.46454
1403638552527829504 2.26397 10.84595 2.02020 -0.36248 0.67649 0.43709 0.46896
1403638552627829504 2.34919 10.88291 2.04631 -0.36596 0.67301 0.43564 0.47260
1403638552727829504 2.43815 10.91111 2.06458 -0.36581 0.67227 0.43748 0.47207
1403638552827829504 2.53150 10.93257 2.07680 -0.36460 0.67115 0.44057 0.47174
1403638552927829504 2.62783 10.94839 2.08430 -0.36061 0.66974 0.44632 0.47139
1403638553027829504 2.72787 10.95859 2.08891 -0.35584 0.66752 0.45235 0.47242
1403638553127829504 2.82624 10.96202 2.08910 -0.35630 0.66455 0.45481 0.47389
1403638553227829504 2.92743 10.96014 2.08855 -0.36455 0.65937 0.45127 0.47821
1403638553327829504 3.02606 10.94923 2.08952 -0.36935 0.65347 0.44988 0.48391
1403638553427829504 3.12574 10.92763 2.09653 -0.36725 0.64822 0.45283 0.48978
1403638553527829504 3.22346 10.89715 2.10995 -0.36405 0.64374 0.45634 0.49479
1403638553627829504 3.31800 10.85396 2.12796 -0.36112 0.64073 0.45915 0.49824
1403638553727829504 3.40689 10.79891 2.15254 -0.35958 0.64036 0.46113 0.49799
1403638553827829504 3.49383 10.73582 2.18399 -0.35745 0.64168 0.46312 0.49599
1403638553927829504 3.57136 10.66154 2.21983 -0.35530 0.64355 0.46437 0.49393
1403638554027829504 3.65418 10.58974 2.25628 -0.35579 0.64816 0.46413 0.48774
1403638554127829504 3.72669 10.50413 2.28388 -0.35347 0.64997 0.46586 0.48535
1403638554227829504 3.80606 10.42443 2.30925 -0.34527 0.65508 0.47206 0.47835
1403638554327829504 3.87420 10.33282 2.32464 -0.33825 0.65965 0.47733 0.47181
1403638554427829504 3.94722 10.24880 2.34002 -0.33460 0.66207 0.48032 0.46796
1403638554527829504 4.01662 10.16564 2.35051 -0.33310 0.66285 0.48167 0.46655
1403638554627829504 4.08130 10.08366 2.35819 -0.33594 0.66463 0.48021 0.46347
1403638554727829504 4.14179 9.99715 2.36899 -0.34163 0.66547 0.47649 0.46195
1403638554827829504 4.20173 9.91148 2.38365 -0.34619 0.66623 0.47375 0.46027
1403638554927829504 4.26778 9.83461 2.40469 -0.34950 0.66652 0.47123 0.45993
1403638555027829504 4.33251 9.75140 2.42164 -0.34985 0.66823 0.46694 0.46156
1403638555127829504 4.40204 9.67363 2.43232 -0.34360 0.67284 0.46203 0.46448
1403638555227829504 4.47027 9.58589 2.43730 -0.33758 0.67956 0.45370 0.46733
1403638555327829504 4.54261 9.50342 2.43948 -0.33163 0.68471 0.44684 0.47067
1403638555427829504 4.61612 9.41632 2.43879 -0.32388 0.68682 0.44397 0.47567
1403638555527829504 4.68859 9.32907 2.43302 -0.32097 0.68879 0.44038 0.47813
1403638555627829504 4.76080 9.23996 2.43092 -0.31865 0.68974 0.43892 0.47965
1403638555727829504 4.83213 9.15067 2.43671 -0.31899 0.69114 0.43760 0.47861
1403638555827829504 4.90143 9.06357 2.44907 -0.31747 0.69153 0.43875 0.47801
1403638555927829504 4.97135 8.97468 2.47111 -0.31609 0.69119 0.44035 0.47795
1403638556027829504 5.04161 8.89052 2.49711 -0.31509 0.69004 0.44171 0.47901
1403638556127829504 5.11432 8.81262 2.52091 -0.31390 0.69196 0.44292 0.47590
1403638556227829504 5.18700 8.73160 2.53881 -0.31189 0.69653 0.44414 0.46937
1403638556327829504 5.25920 8.65726 2.55454 -0.31089 0.69914 0.44483 0.46549
1403638556427829504 5.33279 8.58214 2.56628 -0.30990 0.70110 0.44552 0.46253
1403638556527829504 5.40926 8.52279 2.57906 -0.30701 0.70473 0.44690 0.45758
1403638556627829504 5.48926 8.45806 2.59005 -0.31138 0.70774 0.44314 0.45362
1403638556727829504 5.57495 8.40828 2.60799 -0.31885 0.70730 0.43728 0.45480
1403638556827829504 5.66350 8.34726 2.63045 -0.32515 0.70439 0.43292 0.45901
1403638556927829504 5.76047 8.29990 2.66237 -0.32980 0.70311 0.42966 0.46072
1403638557027829504 5.86317 8.25001 2.69356 -0.33102 0.70186 0.42922 0.46217
1403638557127829504 5.96869 8.20051 2.71735 -0.32859 0.70019 0.43154 0.46427
1403638557227829504 6.07599 8.14314 2.73198 -0.32760 0.69880 0.43262 0.46605
1403638557327829504 6.18809 8.09358 2.74243 -0.32644 0.69805 0.43386 0.46683
1403638557427829504 6.30093 8.03880 2.75076 -0.32307 0.69602 0.43683 0.46943
1403638557527829504 6.41645 7.98901 2.76684 -0.31738 0.69333 0.44121 0.47318
1403638557627829504 6.53167 7.93352 2.78689 -0.31406 0.69111 0.44366 0.47634
1403638557727829504 6.64867 7.90091 2.80651 -0.31298 0.69058 0.44449 0.47704
1403638557827829504 6.76190 7.85899 2.82833 -0.31095 0.69043 0.44527 0.47787
1403638557927829504 6.87326 7.81700 2.84192 -0.30810 0.69078 0.44693 0.47764
1403638558027829504 6.98321 7.77437 2.84822 -0.30650 0.69349 0.44793 0.47380
1403638558127829504 7.09261 7.73359 2.84753 -0.30455 0.69860 0.44879 0.46669
1403638558227829504 7.20468 7.69354 2.85113 -0.30175 0.70479 0.45008 0.45787
1403638558327829504 7.31516 7.66148 2.86109 -0.29755 0.70655 0.45234 0.45568
1403638558427829504 7.42720 7.63597 2.88131 -0.29147 0.70897 0.45586 0.45232
1403638558527829504 7.54079 7.61681 2.90814 -0.28813 0.71214 0.45736 0.44795
1403638558627829504 7.65698 7.60727 2.94235 -0.29300 0.71337 0.45335 0.44691
1403638558727829504 7.77679 7.60693 2.97956 -0.30343 0.71387 0.44545 0.44710
1403638558827829504 7.89890 7.61298 3.01201 -0.30884 0.71337 0.44109 0.44850
1403638558927829504 8.02277 7.62488 3.03752 -0.30948 0.71026 0.44048 0.45358
1403638559027829504 8.14832 7.64132 3.05654 -0.30992 0.70519 0.44034 0.46125
1403638559127829504 8.27545 7.66130 3.06891 -0.31082 0.70143 0.44008 0.46660
1403638559227829504 8.40471 7.68271 3.07417 -0.30979 0.69817 0.44166 0.47067
1403638559327829504 8.53334 7.70632 3.07279 -0.30793 0.69583 0.44373 0.47339
1403638559427829504 8.66070 7.72826 3.06857 -0.30375 0.69323 0.44741 0.47644
1403638559527829504 8.78655 7.75165 3.05785 -0.30240 0.69135 0.44891 0.47862
1403638559627829504 8.90728 7.77735 3.04117 -0.30269 0.68962 0.44951 0.48036
1403638559727829504 9.02462 7.80416 3.02481 -0.30306 0.68867 0.45014 0.48091
1403638559827829504 9.13840 7.83521 3.01312 -0.30430 0.68921 0.45021 0.47927
1403638559927829504 9.25009 7.86761 3.00664 -0.30450 0.69027 0.44770 0.47998
1403638560027829504 9.36015 7.90113 2.99574 -0.30131 0.69605 0.43824 0.48236
1403638560127829504 9.47185 7.93447 2.97761 -0.29391 0.70492 0.42254 0.48803
1403638560227829504 9.58281 7.96902 2.95289 -0.28219 0.71538 0.40298 0.49619
1403638560327829504 9.69243 8.00199 2.92580 -0.27024 0.72425 0.38014 0.50787
1403638560427829504 9.79926 8.03249 2.89648 -0.25827 0.73214 0.35551 0.52046
1403638560527829504 9.90067 8.05863 2.86253 -0.24561 0.74005 0.32990 0.53213
1403638560627829504 9.99743 8.08097 2.82399 -0.23534 0.75018 0.30185 0.53920
1403638560727829504 10.08837 8.09838 2.78420 -0.22798 0.76020 0.27419 0.54309
1403638560827829504 10.17761 8.10761 2.74955 -0.21750 0.76736 0.25104 0.54848
1403638560927829504 10.26350 8.10925 2.72260 -0.20705 0.77288 0.22823 0.55470
1403638561027829504 10.34876 8.10444 2.70465 -0.19389 0.77514 0.20836 0.56405
1403638561127829504 10.43148 8.09129 2.69402 -0.18219 0.77736 0.18909 0.57164
1403638561227829504 10.50864 8.07065 2.69076 -0.17298 0.77828 0.17352 0.57814
1403638561327829504 10.57994 8.04436 2.69365 -0.16660 0.77972 0.16359 0.58096
1403638561427829504 10.64541 8.01117 2.69472 -0.15456 0.78581 0.16393 0.57597
1403638561527829504 10.70808 7.97434 2.69122 -0.14200 0.79033 0.16891 0.57156
1403638561627829504 10.76423 7.93239 2.68353 -0.13524 0.79304 0.17269 0.56831
1403638561727829504 10.81761 7.88947 2.67011 -0.13369 0.79386 0.17511 0.56679
1403638561827829504 10.86819 7.84611 2.65481 -0.13230 0.79334 0.17715 0.56721
1403638561927829504 10.92012 7.80111 2.63056 -0.12808 0.79326 0.17604 0.56864
1403638562027829504 10.97100 7.75602 2.60577 -0.12265 0.79458 0.16868 0.57021
1403638562127829504 11.01311 7.70898 2.58602 -0.11508 0.79644 0.15885 0.57202
1403638562227829504 11.05481 7.66113 2.57280 -0.10819 0.79762 0.15085 0.57388
1403638562327829504 11.09290 7.61390 2.56354 -0.10226 0.79857 0.14122 0.57610
1403638562427829504 11.12269 7.56383 2.56016 -0.09544 0.79971 0.12757 0.57886
1403638562527829504 11.15130 7.51399 2.56205 -0.08651 0.80241 0.10984 0.58016
1403638562627829504 11.17923 7.46364 2.57045 -0.07787 0.80418 0.08737 0.58275
1403638562727829504 11.20371 7.41069 2.58136 -0.06894 0.80635 0.06247 0.58408
1403638562827829504 11.22549 7.35465 2.58991 -0.05771 0.80774 0.03696 0.58555
1403638562927829504 11.24170 7.29485 2.59261 -0.04405 0.80883 0.01303 0.58624
1403638563027829504 11.25558 7.23353 2.59038 -0.03198 0.80877 -0.00975 0.58718
1403638563127829504 11.26475 7.16908 2.58360 -0.02496 0.80887 -0.03379 0.58648
1403638563227829504 11.26774 7.09857 2.57307 -0.01171 0.80693 -0.04950 0.58845
1403638563327829504 11.26958 7.02365 2.55884 -0.00198 0.80227 -0.06011 0.59392
1403638563427829504 11.26418 6.94521 2.54108 0.00193 0.79362 -0.06816 0.60459
1403638563527829504 11.25173 6.86231 2.51861 0.00546 0.79143 -0.07067 0.60713
1403638563627829504 11.23091 6.77398 2.49950 0.00895 0.79416 -0.06975 0.60363
1403638563727829504 11.19955 6.68181 2.48829 0.00645 0.79703 -0.07031 0.59979
1403638563827829504 11.16420 6.58404 2.48446 0.00260 0.79845 -0.07020 0.59794
1403638563927829504 11.12420 6.48187 2.48838 -0.00086 0.79792 -0.06893 0.59880
1403638564027829504 11.07953 6.37245 2.49499 -0.00488 0.79762 -0.06652 0.59946
1403638564127829504 11.02492 6.26132 2.49594 -0.00816 0.79751 -0.06316 0.59994
1403638564227829504 10.96440 6.14464 2.49222 -0.00853 0.79682 -0.05769 0.60139
1403638564327829504 10.90922 6.01203 2.49202 -0.00714 0.79596 -0.05092 0.60316
1403638564427829504 10.83742 5.88526 2.49685 -0.00747 0.79403 -0.04696 0.60602
1403638564527829504 10.76970 5.74700 2.50964 -0.00904 0.79420 -0.04446 0.60596
1403638564627829504 10.68344 5.61232 2.52245 -0.01323 0.79635 -0.04532 0.60300
1403638564727829504 10.60016 5.46806 2.53220 -0.01848 0.79780 -0.04845 0.60069
1403638564827829504 10.50216 5.32296 2.53318 -0.02133 0.79799 -0.05148 0.60010
1403638564927829504 10.40723 5.16654 2.52446 -0.02380 0.79719 -0.05389 0.60084
1403638565027829504 10.29923 5.00906 2.49471 -0.02511 0.79716 -0.05475 0.60076
1403638565127829504 10.19441 4.84007 2.45107 -0.02623 0.79787 -0.05537 0.59971
1403638565227829504 10.08119 4.67014 2.39335 -0.02592 0.79871 -0.05483 0.59866
1403638565327829504 9.96855 4.49048 2.33403 -0.02372 0.79964 -0.05401 0.59757
1403638565427829504 9.85119 4.31039 2.27146 -0.02142 0.80056 -0.05284 0.59654
1403638565527829504 9.72938 4.12691 2.21216 -0.01588 0.79853 -0.05123 0.59955
1403638565627829504 9.60194 3.94146 2.16342 -0.00736 0.79700 -0.04774 0.60205
1403638565727829504 9.47067 3.75301 2.12135 0.00479 0.79812 -0.04140 0.60106
1403638565827829504 9.33087 3.56986 2.08763 0.01110 0.80106 -0.03893 0.59721
1403638565927829504 9.18830 3.38580 2.05928 0.01707 0.80343 -0.03694 0.59401
