1403638524627829504 -0.00805 -0.01409 -0.09027 -0.10229 0.80819 0.12320 0.56673
1403638524727829504 -0.00903 -0.00332 -0.04247 -0.08796 0.80516 0.11192 0.57572
1403638524827829504 -0.00574 0.00397 -0.01324 -0.07503 0.80330 0.10576 0.58129
1403638524927829504 0.00022 0.00616 0.00354 -0.07893 0.80253 0.10517 0.58194
1403638525027829504 0.00256 0.00189 0.00847 -0.08353 0.80019 0.10846 0.58391
1403638525127829504 0.00183 0.00136 -0.01332 -0.07914 0.79754 0.11192 0.58749
1403638525227829504 0.00290 -0.00384 -0.04781 -0.07789 0.79744 0.11709 0.58678
1403638525327829504 0.00015 -0.00374 -0.09919 -0.07794 0.80292 0.12231 0.57818
1403638525427829504 -0.00608 -0.00041 -0.14875 -0.08116 0.81393 0.12645 0.56120
1403638525527829504 -0.00923 0.00166 -0.19488 -0.08851 0.82546 0.12819 0.54254
1403638525627829504 -0.01020 -0.00447 -0.23506 -0.09120 0.83157 0.12722 0.53291
1403638525727829504 -0.00863 -0.00566 -0.26167 -0.08933 0.83275 0.12302 0.53236
1403638525827829504 -0.00218 -0.00359 -0.28166 -0.08517 0.83076 0.11683 0.53753
1403638525927829504 -0.00910 -0.00628 -0.30055 -0.07621 0.82782 0.11342 0.54409
1403638526027829504 -0.01080 -0.01549 -0.30676 -0.06960 0.82823 0.11272 0.54451
1403638526127829504 -0.00984 -0.03560 -0.30424 -0.06607 0.83156 0.10615 0.54118
1403638526227829504 -0.00878 -0.06798 -0.29273 -0.06357 0.83349 0.09667 0.54029
1403638526327829504 -0.00849 -0.09383 -0.28098 -0.05996 0.83158 0.08708 0.54525
1403638526427829504 -0.00431 -0.12826 -0.26746 -0.05762 0.82782 0.07664 0.55274
1403638526527829504 -0.00906 -0.17506 -0.25545 -0.05718 0.82378 0.06435 0.56033
1403638526627829504 -0.00855 -0.23009 -0.24784 -0.05551 0.81917 0.05432 0.56827
1403638526727829504 -0.00903 -0.29930 -0.23894 -0.05087 0.81583 0.04696 0.57413
1403638526827829504 -0.01029 -0.36975 -0.23142 -0.04085 0.81411 0.04327 0.57765
1403638526927829504 -0.01385 -0.43554 -0.22699 -0.03605 0.81575 0.03926 0.57594
1403638527027829504 -0.01680 -0.49783 -0.22520 -0.02948 0.82091 0.02981 0.56952
1403638527127829504 -0.01819 -0.55996 -0.22380 -0.02088 0.82571 0.01517 0.56351
1403638527227829504 -0.01817 -0.60854 -0.21948 -0.01195 0.82630 0.00040 0.56310
1403638527327829504 -0.01705 -0.64289 -0.21430 0.00244 0.82270 -0.01161 0.56835
1403638527427829504 -0.01661 -0.65452 -0.21058 0.01623 0.81838 -0.01838 0.57416
1403638527527829504 -0.01500 -0.64451 -0.21080 0.02290 0.81642 -0.02142 0.57660
1403638527627829504 -0.01158 -0.61063 -0.21197 0.02360 0.81649 -0.02094 0.57650
1403638527727829504 -0.00440 -0.56445 -0.21335 0.02074 0.81673 -0.01472 0.57646
1403638527827829504 0.00567 -0.51003 -0.21293 0.01153 0.81888 -0.00893 0.57378
1403638527927829504 0.01312 -0.45123 -0.20895 -0.00214 0.82104 -0.00444 0.57084
1403638528027829504 0.02250 -0.38978 -0.20745 -0.00805 0.81993 0.00140 0.57241
1403638528177829632 0.03712 -0.30381 -0.21047 -0.02179 0.81870 0.01398 0.57364
1403638528277829376 0.05188 -0.25218 -0.21536 -0.03365 0.81931 0.02429 0.57184
1403638528377829632 0.07858 -0.21017 -0.22074 -0.04049 0.81838 0.03211 0.57235
1403638528627829504 0.15396 -0.14232 -0.22835 -0.03759 0.82095 0.02657 0.56915
1403638528877829632 0.21275 -0.11108 -0.21661 -0.03650 0.82074 0.01031 0.57005
1403638528977829376 0.21083 -0.10472 -0.20247 -0.04327 0.82109 0.00365 0.56914
1403638529127829504 0.18647 -0.08044 -0.17776 -0.03407 0.82248 0.00561 0.56774
1403638529227829504 0.15232 -0.06382 -0.17273 -0.01842 0.82316 0.01292 0.56736
1403638529477829376 0.06228 -0.02537 -0.20276 -0.00878 0.83889 0.02384 0.54371
1403638529577829632 0.04221 -0.01189 -0.22610 -0.01060 0.84890 0.02813 0.52769
1403638529777829376 0.01635 0.00800 -0.27290 -0.01064 0.84893 0.03243 0.52740
1403638529877829632 0.01000 0.00451 -0.29367 -0.01358 0.84267 0.03140 0.53733
1403638530027829504 0.01977 0.01221 -0.31293 -0.01372 0.84049 0.03109 0.54077
1403638530127829504 0.03449 0.01537 -0.32263 -0.01354 0.84281 0.02931 0.53725
1403638530277829376 0.05620 0.01663 -0.33746 -0.01064 0.84359 0.02078 0.53648
1403638530577829632 0.10123 0.01729 -0.35827 -0.00812 0.84372 0.00797 0.53666
1403638530827829504 0.09680 0.00816 -0.39520 -0.00625 0.85057 0.00471 0.52580
1403638530927829504 0.08008 0.00375 -0.39393 -0.00919 0.84953 0.00557 0.52743
1403638531027829504 0.07634 -0.00039 -0.39628 -0.01125 0.84675 0.00583 0.53184
1403638531127829504 0.07139 0.00029 -0.39426 -0.00934 0.84322 0.00685 0.53744
1403638531227829504 0.07219 0.00171 -0.39522 -0.00729 0.84283 0.00951 0.53804
1403638531477829376 0.07226 0.00187 -0.39651 -0.00690 0.83915 0.00887 0.54379
1403638531577829632 0.07171 0.00165 -0.39652 -0.00629 0.83949 0.00994 0.54325
1403638531677829632 0.07108 0.00201 -0.39621 -0.00703 0.83971 0.00931 0.54291
1403638531877829632 0.07220 0.00184 -0.39736 -0.00659 0.83982 0.00932 0.54274
1403638531977829376 0.07261 0.00165 -0.39765 -0.00649 0.83996 0.00935 0.54253
1403638532077829632 0.07283 0.00162 -0.39784 -0.00642 0.84006 0.00947 0.54237
1403638532327829504 0.07389 0.00163 -0.39925 -0.00670 0.84008 0.00920 0.54234
1403638532427829504 0.07319 0.00170 -0.39865 -0.00675 0.84020 0.00930 0.54216
1403638532527829504 0.07331 0.00161 -0.39878 -0.00683 0.84026 0.00931 0.54206
1403638532677829632 0.07382 0.00151 -0.39952 -0.00710 0.84026 0.00919 0.54206
1403638532777829376 0.07329 0.00159 -0.39908 -0.00705 0.84035 0.00935 0.54192
1403638532877829632 0.07381 0.00149 -0.39957 -0.00710 0.84037 0.00938 0.54188
1403638533027829504 0.07381 0.00140 -0.39980 -0.00725 0.84034 0.00938 0.54193
1403638533127829504 0.07354 0.00153 -0.39962 -0.00727 0.84039 0.00938 0.54186
1403638533227829504 0.07382 0.00155 -0.39990 -0.00732 0.84041 0.00941 0.54183
1403638533327829504 0.07413 0.00144 -0.40008 -0.00734 0.84040 0.00944 0.54184
1403638533527829504 0.07469 0.00140 -0.40090 -0.00744 0.84032 0.00943 0.54195
1403638533627829504 0.07434 0.00144 -0.40053 -0.00742 0.84036 0.00947 0.54189
1403638533727829504 0.07430 0.00132 -0.40059 -0.00741 0.84037 0.00947 0.54188
1403638533877829632 0.07457 0.00134 -0.40085 -0.00774 0.84034 0.00969 0.54192
1403638534027829504 0.07429 0.00151 -0.40068 -0.00749 0.84032 0.00945 0.54196
1403638534127829504 0.07435 0.00142 -0.40060 -0.00746 0.84040 0.00936 0.54184
1403638534327829504 0.07422 0.00147 -0.40057 -0.00781 0.84038 0.00939 0.54185
1403638534427829504 0.07361 0.00131 -0.40023 -0.00789 0.84048 0.00932 0.54171
1403638534527829504 0.07313 0.00115 -0.39980 -0.00763 0.84052 0.00906 0.54165
1403638534627829504 0.07265 0.00127 -0.39934 -0.00779 0.84056 0.00952 0.54158
1403638534827829504 0.07277 0.00140 -0.39958 -0.00791 0.84051 0.00971 0.54165
1403638535027829504 0.07264 0.00149 -0.39945 -0.00770 0.84053 0.00957 0.54162
1403638535127829504 0.07285 0.00134 -0.39947 -0.00785 0.84055 0.00980 0.54159
1403638535227829504 0.07287 0.00132 -0.39953 -0.00795 0.84053 0.00981 0.54161
1403638535327829504 0.07288 0.00124 -0.39959 -0.00801 0.84057 0.00977 0.54156
1403638535477829376 0.07252 0.00147 -0.39933 -0.00800 0.84054 0.00989 0.54160
1403638535577829632 0.07213 0.00146 -0.39904 -0.00813 0.84054 0.00999 0.54159
1403638535677829632 0.07186 0.00134 -0.39891 -0.00828 0.84054 0.01000 0.54160
1403638535827829504 0.07165 0.00126 -0.39874 -0.00842 0.84052 0.01014 0.54162
1403638535927829504 0.07144 0.00131 -0.39860 -0.00855 0.84053 0.01025 0.54160
1403638536027829504 0.07176 0.00138 -0.39886 -0.00870 0.84054 0.01035 0.54159
1403638536177829632 0.07185 0.00129 -0.39892 -0.00873 0.84052 0.01024 0.54161
1403638536377829632 0.07154 0.00131 -0.39875 -0.00885 0.84050 0.01044 0.54165
1403638536477829376 0.07168 0.00130 -0.39878 -0.00896 0.84049 0.01058 0.54165
1403638536577829632 0.07136 0.00120 -0.39863 -0.00915 0.84048 0.01069 0.54167
1403638536677829632 0.07114 0.00126 -0.39840 -0.00925 0.84049 0.01080 0.54165
1403638536777829376 0.07132 0.00127 -0.39862 -0.00923 0.84045 0.01076 0.54170
1403638536877829632 0.07129 0.00112 -0.39862 -0.00936 0.84040 0.01073 0.54178
1403638536977829376 0.07110 0.00103 -0.39845 -0.00953 0.84042 0.01079 0.54174
1403638537127829504 0.07141 0.00107 -0.39865 -0.00945 0.84040 0.01110 0.54176
1403638537227829504 0.07124 0.00098 -0.39859 -0.00955 0.84043 0.01110 0.54173
1403638537377829632 0.07137 0.00105 -0.39861 -0.00961 0.84040 0.01134 0.54176
1403638537527829504 0.07129 0.00094 -0.39860 -0.00987 0.84037 0.01146 0.54181
1403638537627829504 0.07085 0.00108 -0.39819 -0.00984 0.84037 0.01164 0.54180
1403638537777829376 0.07103 0.00113 -0.39837 -0.00986 0.84039 0.01160 0.54176
1403638537877829632 0.07093 0.00109 -0.39835 -0.00990 0.84037 0.01178 0.54179
1403638537977829376 0.07066 0.00121 -0.39804 -0.00997 0.84036 0.01178 0.54181
1403638538127829504 0.07063 0.00127 -0.39801 -0.01002 0.84033 0.01185 0.54185
1403638538227829504 0.07078 0.00124 -0.39820 -0.01003 0.84034 0.01180 0.54184
1403638538377829632 0.07078 0.00138 -0.39809 -0.01001 0.84026 0.01209 0.54196
1403638538477829376 0.07070 0.00137 -0.39793 -0.01008 0.84027 0.01214 0.54194
1403638538677829632 0.07057 0.00144 -0.39778 -0.01010 0.84008 0.01204 0.54224
1403638538777829376 0.07096 0.00149 -0.39760 -0.01042 0.83934 0.01222 0.54337
1403638538877829632 0.07261 0.00256 -0.39745 -0.01129 0.83831 0.01269 0.54492
1403638539027829504 0.07794 0.00329 -0.39365 -0.01039 0.83170 0.01214 0.55499
1403638539127829504 0.08546 0.00449 -0.38919 -0.01136 0.82521 0.01045 0.56461
1403638539227829504 0.09247 0.00589 -0.37671 -0.01204 0.82041 0.01059 0.57154
1403638539377829632 0.10219 0.00968 -0.34285 -0.01235 0.82026 0.01137 0.57174
1403638539527829504 0.11345 0.01076 -0.29516 -0.01257 0.82283 0.01323 0.56799
1403638539627829504 0.12481 0.01077 -0.26451 -0.01320 0.82347 0.01413 0.56703
1403638539727829504 0.13333 0.01160 -0.24129 -0.01373 0.82402 0.01513 0.56619
1403638539927829504 0.15489 0.01493 -0.22059 -0.01457 0.82928 0.01753 0.55837
1403638540027829504 0.17000 0.01718 -0.21235 -0.01522 0.83467 0.01748 0.55026
1403638540127829504 0.19020 0.01987 -0.20498 -0.01475 0.84045 0.01805 0.54138
1403638540277829376 0.24563 0.02262 -0.19677 -0.01438 0.83730 0.01965 0.54620
1403638540377829632 0.28884 0.02749 -0.19008 -0.01436 0.83114 0.02107 0.55548
1403638540477829376 0.32977 0.03386 -0.18339 -0.01786 0.82836 0.02680 0.55927
1403638540577829632 0.37560 0.04057 -0.17937 -0.02516 0.82766 0.03817 0.55937
1403638540827829504 0.49421 0.07108 -0.16511 -0.04604 0.82171 0.09290 0.56039
1403638540927829504 0.54548 0.09201 -0.16303 -0.05764 0.81842 0.12067 0.55885
1403638541027829504 0.60076 0.11409 -0.15908 -0.07255 0.81485 0.14283 0.55709
1403638541327829504 0.75022 0.20651 -0.16947 -0.09619 0.80816 0.17526 0.55399
1403638541427829504 0.79801 0.24736 -0.16590 -0.09851 0.80809 0.17639 0.55332
1403638541527829504 0.84283 0.29287 -0.15784 -0.09730 0.80684 0.17702 0.55516
1403638541677829632 0.91434 0.36876 -0.13071 -0.10220 0.80411 0.18024 0.55721
1403638541927829504 1.01961 0.51827 -0.06003 -0.12967 0.79920 0.20080 0.55149
1403638542077829632 1.05814 0.61281 -0.02727 -0.14914 0.79379 0.22520 0.54492
1403638542177829632 1.09442 0.67881 -0.00861 -0.16407 0.78821 0.24443 0.54042
1403638542477829376 1.19732 0.87957 0.01596 -0.19860 0.75719 0.30667 0.54145
1403638542577829632 1.22303 0.94920 0.02028 -0.19541 0.74333 0.32396 0.55165
1403638542677829632 1.24807 1.02261 0.02702 -0.19588 0.73887 0.33288 0.55217
1403638542927829504 1.27316 1.21112 0.07136 -0.21305 0.75056 0.32810 0.53255
1403638543227829504 1.28110 1.44883 0.14669 -0.21609 0.75832 0.32068 0.52480
1403638543327829504 1.28854 1.53354 0.16629 -0.21548 0.75930 0.31784 0.52536
1403638543427829504 1.28793 1.61682 0.18202 -0.21597 0.75924 0.31870 0.52473
1403638543527829504 1.28979 1.70117 0.18688 -0.21970 0.75689 0.32573 0.52225
1403638543777829376 1.29268 1.92215 0.19358 -0.23807 0.73751 0.36977 0.51251
1403638543927829504 1.28860 2.06545 0.21988 -0.25551 0.72042 0.40056 0.50524
1403638544027829504 1.29066 2.16604 0.24334 -0.26891 0.71310 0.41396 0.49781
1403638544277829376 1.29134 2.40855 0.29833 -0.29157 0.70515 0.42767 0.48461
1403638544377829632 1.29532 2.50383 0.31082 -0.29254 0.70464 0.42980 0.48289
1403638544527829504 1.30625 2.65462 0.31983 -0.29156 0.70472 0.43000 0.48318
1403638544627829504 1.31234 2.75501 0.32793 -0.29602 0.69965 0.42880 0.48887
1403638544877829632 1.32733 3.00195 0.36550 -0.29728 0.69905 0.43164 0.48646
1403638545027829504 1.33273 3.14101 0.37636 -0.29827 0.69913 0.43251 0.48496
1403638545127829504 1.33552 3.23261 0.37671 -0.29930 0.69808 0.43256 0.48579
1403638545277829376 1.33835 3.37426 0.36926 -0.29835 0.69730 0.43505 0.48528
1403638545577829632 1.34781 3.64653 0.32853 -0.30668 0.69171 0.44146 0.48229
1403638545677829632 1.35282 3.74056 0.32015 -0.31499 0.68535 0.45233 0.47589
1403638545777829376 1.35719 3.81472 0.32201 -0.32358 0.67619 0.46839 0.46763
1403638546027829504 1.35640 4.02621 0.35655 -0.34669 0.64257 0.51756 0.44614
1403638546177829632 1.35634 4.15740 0.38138 -0.35691 0.62634 0.53769 0.43728
1403638546277829376 1.35609 4.25255 0.38762 -0.36169 0.62094 0.54496 0.43200
1403638546377829632 1.35199 4.34522 0.38721 -0.36784 0.61908 0.54713 0.42672
1403638546677829632 1.34243 4.63810 0.37384 -0.37472 0.61097 0.55690 0.41972
1403638546827829504 1.33279 4.78602 0.39018 -0.37731 0.60362 0.56493 0.41728
1403638547077829632 1.31098 5.05650 0.42737 -0.37462 0.59561 0.57403 0.41881
1403638547177829632 1.29680 5.16902 0.42763 -0.37183 0.59333 0.57705 0.42039
1403638547427829504 1.24493 5.44393 0.41584 -0.37447 0.59530 0.57503 0.41800
1403638547577829632 1.20284 5.60319 0.39699 -0.38036 0.60046 0.56979 0.41244
1403638547677829632 1.17177 5.70266 0.37365 -0.38088 0.60189 0.56811 0.41219
1403638547927829504 1.09424 5.97051 0.31486 -0.37572 0.59903 0.57065 0.41756
1403638548027829504 1.05453 6.06528 0.29421 -0.37734 0.59807 0.57197 0.41566
1403638548127829504 1.01415 6.18992 0.28461 -0.38035 0.59510 0.57565 0.41208
1403638548277829376 0.94748 6.38564 0.28302 -0.38872 0.58587 0.58664 0.40188
1403638548577829632 0.80620 6.75364 0.32371 -0.40944 0.55650 0.61454 0.38081
1403638548727829504 0.73661 6.93495 0.33856 -0.41510 0.54815 0.62175 0.37503
1403638548877829632 0.66813 7.12716 0.35526 -0.41768 0.54396 0.62570 0.37167
1403638548977829376 0.62618 7.23731 0.37548 -0.41912 0.54273 0.62659 0.37036
1403638549127829504 0.55735 7.42591 0.41601 -0.42044 0.54287 0.62631 0.36912
1403638549527829504 0.36268 7.93315 0.56809 -0.42549 0.54712 0.62038 0.36709
1403638549627829504 0.32131 8.04874 0.60253 -0.42751 0.54649 0.61844 0.36893
1403638549727829504 0.27919 8.17395 0.63212 -0.42649 0.54593 0.61836 0.37106
1403638550077829632 0.12423 8.64120 0.77590 -0.42520 0.54945 0.61849 0.36713
1403638550177829632 0.08528 8.78319 0.83795 -0.42579 0.54999 0.61839 0.36579
1403638550277829376 0.04663 8.91696 0.90241 -0.42533 0.54945 0.61926 0.36567
1403638550427829504 -0.01566 9.14018 1.00130 -0.42718 0.54865 0.61868 0.36571
1403638550777829376 -0.13335 9.63885 1.17606 -0.43970 0.54797 0.61024 0.36605
1403638550877829632 -0.15644 9.76916 1.20650 -0.44615 0.54442 0.60578 0.37093
1403638550977829376 -0.17627 9.89757 1.23524 -0.45239 0.54055 0.60100 0.37676
1403638551377829632 -0.21180 10.36186 1.37519 -0.45647 0.54857 0.59188 0.37467
1403638551477829376 -0.20439 10.47469 1.41004 -0.44929 0.56182 0.58365 0.37662
1403638551827829504 -0.11420 10.80694 1.49319 -0.42440 0.61895 0.52616 0.39992
1403638551927829504 -0.07279 10.91290 1.51126 -0.41325 0.62651 0.51588 0.41302
1403638552077829632 0.00570 11.06793 1.55534 -0.39987 0.62977 0.50758 0.43110
1403638552177829632 0.06535 11.15718 1.59066 -0.39398 0.63492 0.50492 0.43210
1403638552427829504 0.23408 11.33527 1.68188 -0.39516 0.63870 0.49859 0.43281
1403638552577829632 0.34849 11.43051 1.72195 -0.40488 0.63373 0.49216 0.43844
1403638552677829632 0.42998 11.48029 1.74185 -0.40547 0.63141 0.49322 0.44006
1403638552827829504 0.56143 11.54226 1.76164 -0.40427 0.62986 0.49686 0.43928
1403638553127829504 0.84757 11.62257 1.77357 -0.39621 0.62194 0.51049 0.44227
1403638553277829376 0.99274 11.63741 1.77580 -0.40788 0.61418 0.50511 0.44864
1403638553377829632 1.09505 11.63706 1.78109 -0.41003 0.60875 0.50568 0.45342
1403638553627829504 1.34073 11.58619 1.81669 -0.40310 0.59756 0.51256 0.46660
1403638553727829504 1.44241 11.54899 1.84441 -0.40168 0.59701 0.51448 0.46641
1403638553827829504 1.53828 11.50121 1.87816 -0.39939 0.59820 0.51654 0.46457
1403638553927829504 1.62583 11.44209 1.91465 -0.39706 0.59994 0.51798 0.46272
1403638554277829376 1.93854 11.19944 2.01136 -0.38188 0.61335 0.52952 0.44449
1403638554377829632 2.02535 11.12646 2.02910 -0.37572 0.61619 0.53439 0.43997
1403638554577829632 2.20188 10.98469 2.05233 -0.37418 0.61812 0.53670 0.43574
1403638554777829376 2.36238 10.84486 2.07538 -0.38474 0.62150 0.53009 0.42979
1403638554877829632 2.45002 10.77914 2.09253 -0.38785 0.62174 0.52831 0.42884
1403638555127829504 2.64328 10.59845 2.13206 -0.38357 0.62901 0.51863 0.43387
1403638555277829376 2.77016 10.50002 2.13736 -0.37482 0.63981 0.50754 0.43882
1403638555377829632 2.85331 10.43995 2.13851 -0.36801 0.64352 0.50310 0.44424
1403638555677829632 3.10523 10.22820 2.12918 -0.35954 0.64942 0.49604 0.45048
1403638555827829504 3.23238 10.11574 2.14742 -0.35819 0.65044 0.49672 0.44933
1403638555927829504 3.31973 10.03866 2.16866 -0.35684 0.64999 0.49827 0.44933
1403638556227829504 3.57165 9.83373 2.23649 -0.35185 0.65509 0.50239 0.44120
1403638556477829376 3.77664 9.68449 2.26861 -0.34737 0.66169 0.50489 0.43196
1403638556577829632 3.85564 9.64602 2.28287 -0.34643 0.66475 0.50481 0.42808
1403638556677829632 3.94269 9.60807 2.29793 -0.35359 0.66782 0.49900 0.42425
1403638556777829376 4.03248 9.57207 2.31833 -0.36056 0.66504 0.49411 0.42845
1403638556927829504 4.17580 9.52746 2.36200 -0.36859 0.66317 0.48823 0.43125
1403638557227829504 4.50582 9.41831 2.42765 -0.36682 0.65850 0.49062 0.43717
1403638557327829504 4.62490 9.40215 2.43369 -0.36573 0.65762 0.49205 0.43779
1403638557527829504 4.86461 9.34265 2.45275 -0.35719 0.65226 0.49897 0.44497
1403638557677829632 5.04344 9.29829 2.48524 -0.35291 0.64942 0.50221 0.44888
1403638557827829504 5.21494 9.26731 2.51495 -0.35105 0.64897 0.50258 0.45057
1403638557927829504 5.32607 9.25019 2.52649 -0.34816 0.64923 0.50421 0.45061
1403638558227829504 5.66265 9.18790 2.53642 -0.33998 0.66305 0.50852 0.43149
1403638558377829632 5.83109 9.17353 2.55657 -0.33281 0.66496 0.51265 0.42925
1403638558677829632 6.15782 9.21167 2.64793 -0.33493 0.67234 0.50902 0.42033
1403638558777829376 6.28627 9.23862 2.68187 -0.34313 0.67243 0.50302 0.42080
1403638558877829632 6.40484 9.27246 2.70838 -0.34603 0.67136 0.50071 0.42288
1403638558977829376 6.52256 9.31145 2.73051 -0.34846 0.66673 0.49907 0.43008
1403638559277829376 6.88035 9.43883 2.75805 -0.34854 0.65595 0.50066 0.44452
1403638559427829504 7.05571 9.50723 2.75021 -0.34370 0.65189 0.50496 0.44936
1403638559527829504 7.16569 9.55570 2.73587 -0.34251 0.64992 0.50619 0.45173
1403638559777829376 7.43853 9.67496 2.69620 -0.34355 0.64674 0.50753 0.45400
1403638560077829632 7.74334 9.83035 2.66507 -0.33871 0.66040 0.48910 0.45817
1403638560177829632 7.85876 9.88334 2.64728 -0.32989 0.67144 0.47203 0.46641
1403638560277829376 7.96127 9.93213 2.62339 -0.31847 0.68385 0.45178 0.47625
1403638560427829504 8.11128 10.00223 2.58119 -0.30259 0.69871 0.41620 0.49701
1403638560577829632 8.24678 10.06474 2.52938 -0.28633 0.71487 0.37775 0.51409
1403638560677829632 8.33404 10.10039 2.48953 -0.27715 0.72754 0.35071 0.52046
1403638560927829504 8.55173 10.15936 2.41133 -0.25457 0.75017 0.29298 0.53536
1403638561027829504 8.63497 10.16981 2.39588 -0.24226 0.75415 0.27339 0.54574
1403638561127829504 8.71543 10.17035 2.38651 -0.23113 0.75805 0.25424 0.55435
1403638561227829504 8.80194 10.16868 2.38279 -0.22244 0.76036 0.23890 0.56152
1403638561577829632 9.05036 10.08560 2.37366 -0.18695 0.77424 0.23726 0.55616
1403638561677829632 9.11986 10.05539 2.36078 -0.18308 0.77562 0.24037 0.55418
1403638561777829376 9.19692 10.02753 2.34811 -0.18276 0.77549 0.24332 0.55318
1403638561877829632 9.25871 9.99213 2.32706 -0.18046 0.77479 0.24399 0.55462
1403638562077829632 9.37921 9.91490 2.27641 -0.16838 0.77849 0.23137 0.55863
1403638562227829504 9.44967 9.84986 2.25172 -0.15803 0.78171 0.21803 0.56251
1403638562327829504 9.49382 9.80590 2.24864 -0.15218 0.78359 0.20835 0.56517
1403638562527829504 9.57239 9.71934 2.25053 -0.13659 0.79033 0.17714 0.57038
1403638562627829504 9.61030 9.67363 2.26003 -0.12813 0.79406 0.15486 0.57365
1403638562727829504 9.64536 9.62229 2.27297 -0.11931 0.79841 0.13004 0.57568
1403638562977829376 9.72262 9.48536 2.28707 -0.08766 0.80632 0.07003 0.58074
1403638563077829632 9.73915 9.42213 2.28401 -0.07857 0.80812 0.04590 0.58195
1403638563177829632 9.75219 9.35873 2.27386 -0.06651 0.80956 0.02615 0.58267
1403638563277829376 9.76345 9.28766 2.26161 -0.05525 0.80756 0.01220 0.58706
1403638563627829504 9.78472 8.99897 2.19082 -0.04191 0.79760 -0.00362 0.60172
1403638563727829504 9.76660 8.90553 2.17891 -0.04379 0.80048 -0.00413 0.59774
1403638563827829504 9.74435 8.80530 2.17357 -0.04724 0.80185 -0.00412 0.59564
1403638564077829632 9.67612 8.52723 2.18254 -0.05648 0.80055 0.00039 0.59659
1403638564177829632 9.63779 8.40469 2.18076 -0.05827 0.80013 0.00508 0.59697
1403638564277829376 9.59404 8.27523 2.17781 -0.05767 0.79808 0.01048 0.59970
1403638564577829632 9.43416 7.85504 2.20176 -0.06017 0.79648 0.02048 0.60131
1403638564677829632 9.36786 7.70722 2.21514 -0.06509 0.79844 0.01784 0.59828
1403638565027829504 9.10386 7.13721 2.18349 -0.07356 0.79878 0.01052 0.59702
1403638565127829504 9.02732 6.95332 2.13829 -0.07463 0.79950 0.01013 0.59593
1403638565227829504 8.94516 6.76160 2.08495 -0.07437 0.80033 0.01075 0.59483
1403638565427829504 8.76662 6.37719 1.96085 -0.06954 0.80192 0.01308 0.59322
1403638565527829504 8.68702 6.17765 1.90484 -0.06431 0.79984 0.01459 0.59658
1403638565627829504 8.59912 5.97570 1.85666 -0.05604 0.79808 0.01787 0.59967
1403638565977829376 8.23895 5.26787 1.73682 -0.02989 0.80405 0.02899 0.59310
1403638566077829632 8.13039 5.07477 1.70362 -0.02815 0.80514 0.02854 0.59173
1403638566477829376 7.66741 4.32996 1.49100 -0.03245 0.80609 0.02820 0.59023
1403638566577829632 7.55555 4.15654 1.41934 -0.03275 0.80911 0.03017 0.58597
1403638566677829632 7.43408 3.97830 1.34127 -0.03248 0.81820 0.03281 0.57308
1403638566827829504 7.26424 3.72906 1.21561 -0.03161 0.83392 0.03688 0.54974
1403638566927829504 7.16226 3.56888 1.12863 -0.03111 0.83992 0.03990 0.54035
1403638567177829632 6.93684 3.17719 0.90921 -0.03272 0.82044 0.04267 0.56920
1403638567327829504 6.81756 2.95431 0.76366 -0.02914 0.80977 0.04429 0.58435
1403638567427829504 6.73704 2.80869 0.66409 -0.02699 0.80934 0.04400 0.58507
1403638567577829632 6.61628 2.60005 0.52913 -0.02461 0.81426 0.04226 0.57844
1403638567877829632 6.36732 2.21196 0.31665 -0.01873 0.82442 0.03978 0.56427
1403638567977829376 6.29601 2.10060 0.26374 -0.01852 0.82544 0.03886 0.56285
1403638568077829632 6.23655 1.99600 0.21968 -0.01545 0.82519 0.04060 0.56319
1403638568227829504 6.15775 1.85549 0.17584 -0.01309 0.82397 0.04148 0.56496
1403638568527829504 5.98872 1.58343 0.08147 -0.01089 0.82617 0.04149 0.56179
1403638568627829504 5.95686 1.51782 0.05979 -0.01014 0.82788 0.04212 0.55923
1403638568827829504 5.87529 1.37657 -0.00477 -0.01028 0.82922 0.04284 0.55718
1403638568927829504 5.83086 1.30739 -0.03138 -0.00931 0.82909 0.04343 0.55735
1403638569077829632 5.78372 1.21806 -0.05327 -0.00779 0.82851 0.04462 0.55814
1403638569177829632 5.75006 1.16290 -0.06272 -0.00714 0.82929 0.04476 0.55698
1403638569477829376 5.68026 1.03853 -0.09604 -0.00372 0.82882 0.04661 0.55756
1403638569577829632 5.66593 1.01135 -0.11664 -0.00318 0.82751 0.04686 0.55949
1403638569877829632 5.63495 0.96240 -0.13732 -0.00262 0.82422 0.04751 0.56427
1403638569977829376 5.63685 0.96472 -0.13278 -0.00405 0.82279 0.04654 0.56642
1403638570077829632 5.63675 0.96845 -0.13274 -0.00648 0.82233 0.04499 0.56719
1403638570177829632 5.63765 0.97436 -0.13874 -0.01148 0.82273 0.04225 0.56674
1403638570327829504 5.63428 0.98568 -0.15742 -0.02379 0.82272 0.03413 0.56693
1403638570627829504 5.64092 1.01043 -0.23279 -0.03782 0.82242 -0.02726 0.56697
1403638570777829376 5.64753 0.99548 -0.28118 -0.02988 0.81170 -0.06998 0.57910
1403638570877829632 5.65094 0.97055 -0.31487 -0.01824 0.80208 -0.09514 0.58930
1403638571077829632 5.63065 0.88758 -0.39731 0.01392 0.79445 -0.13629 0.59167
1403638571377829632 5.55667 0.69743 -0.49059 0.06974 0.79952 -0.16026 0.57465
1403638571677829632 5.44308 0.46730 -0.52516 0.08916 0.79538 -0.17911 0.57214
1403638571777829376 5.40173 0.38292 -0.54286 0.09779 0.79585 -0.19255 0.56567
1403638571877829632 5.35554 0.29594 -0.56463 0.10563 0.79419 -0.21040 0.56020
1403638571977829376 5.30547 0.20613 -0.58196 0.11370 0.78966 -0.23067 0.55705
1403638572077829632 5.25245 0.11214 -0.59181 0.12316 0.78420 -0.25023 0.55431
1403638572427829504 5.05047 -0.24980 -0.59552 0.17551 0.77034 -0.30878 0.52955
1403638572577829632 4.96518 -0.41650 -0.59763 0.19419 0.76586 -0.32316 0.52089
1403638572677829632 4.90991 -0.53156 -0.59652 0.20037 0.76450 -0.32857 0.51715
1403638572777829376 4.86082 -0.64888 -0.58833 0.20866 0.76585 -0.32819 0.51209
1403638573077829632 4.74126 -1.01689 -0.54155 0.21311 0.77220 -0.32467 0.50288
1403638573177829632 4.70975 -1.14282 -0.53306 0.21140 0.77369 -0.32335 0.50216
1403638573377829632 4.66207 -1.40006 -0.51720 0.20898 0.77563 -0.32028 0.50215
1403638573477829376 4.64615 -1.53179 -0.50570 0.21221 0.77573 -0.32036 0.50058
1403638573577829632 4.63604 -1.66768 -0.48670 0.21393 0.77567 -0.32063 0.49977
1403638573777829376 4.63735 -1.93729 -0.42774 0.22393 0.77270 -0.32485 0.49725
1403638573877829632 4.64739 -2.07764 -0.39658 0.23708 0.76295 -0.33117 0.50202
1403638573977829376 4.66499 -2.21479 -0.37299 0.24828 0.74869 -0.34592 0.50809
1403638574227829504 4.70460 -2.54351 -0.34152 0.26311 0.70100 -0.40675 0.52338
1403638574327829504 4.71124 -2.67162 -0.33673 0.27422 0.68712 -0.42915 0.51817
1403638574427829504 4.71398 -2.79652 -0.33655 0.28895 0.67682 -0.44837 0.50733
1403638574627829504 4.70157 -3.03799 -0.33166 0.31266 0.65836 -0.47759 0.49062
1403638574727829504 4.69117 -3.15651 -0.31870 0.32568 0.65578 -0.48194 0.48127
1403638574827829504 4.67728 -3.27372 -0.30092 0.33312 0.65814 -0.48456 0.47019
1403638574977829376 4.65817 -3.44467 -0.27808 0.33206 0.66199 -0.49018 0.45960
1403638575177829632 4.63003 -3.66972 -0.27078 0.31812 0.65882 -0.49908 0.46441
1403638575327829504 4.60271 -3.83797 -0.27595 0.31287 0.65851 -0.50003 0.46738
1403638575427829504 4.58124 -3.95466 -0.28509 0.30974 0.66360 -0.49922 0.46311
1403638575577829632 4.54601 -4.13428 -0.29991 0.30942 0.67123 -0.49444 0.45743
1403638575677829632 4.52139 -4.26083 -0.30276 0.31340 0.67711 -0.48857 0.45233
1403638575777829376 4.49690 -4.39537 -0.29994 0.31493 0.68344 -0.48481 0.44575
1403638575977829376 4.46154 -4.65796 -0.26201 0.31473 0.68774 -0.48155 0.44279
1403638576077829632 4.44886 -4.80133 -0.23055 0.31527 0.68827 -0.47999 0.44329
1403638576177829632 4.44043 -4.95389 -0.19466 0.31577 0.68672 -0.47958 0.44578
1403638576277829376 4.43685 -5.10253 -0.16223 0.31987 0.68702 -0.47698 0.44517
1403638576477829376 4.43868 -5.41841 -0.11604 0.32872 0.69072 -0.47093 0.43940
1403638576577829632 4.45140 -5.56830 -0.09913 0.33388 0.69453 -0.46765 0.43297
1403638576677829632 4.46977 -5.72873 -0.08647 0.33716 0.69582 -0.46531 0.43086
1403638576877829632 4.53729 -6.02662 -0.07580 0.34376 0.68799 -0.46050 0.44321
1403638576977829376 4.57916 -6.19513 -0.07670 0.34079 0.68192 -0.46278 0.45242
1403638577077829632 4.62650 -6.34658 -0.07961 0.33600 0.67849 -0.46642 0.45739
1403638577277829376 4.73140 -6.64521 -0.06514 0.33318 0.67646 -0.46845 0.46037
1403638577377829632 4.78790 -6.78967 -0.04579 0.34032 0.68023 -0.46318 0.45490
1403638577527829504 4.87952 -7.00779 -0.01034 0.34306 0.68253 -0.46059 0.45202
1403638577627829504 4.94584 -7.15372 0.01012 0.34002 0.68187 -0.46257 0.45328
1403638577827829504 5.08980 -7.42568 0.02678 0.33514 0.68162 -0.46512 0.45470
1403638577927829504 5.16700 -7.55643 0.02782 0.33502 0.68180 -0.46435 0.45530
1403638578027829504 5.24615 -7.68532 0.02861 0.33597 0.68182 -0.46289 0.45604
1403638578227829504 5.42103 -7.94461 0.05776 0.32448 0.67576 -0.46927 0.46674
1403638578327829504 5.50914 -8.06508 0.07563 0.31828 0.67264 -0.47349 0.47123
1403638578427829504 5.59452 -8.18512 0.08719 0.31826 0.67200 -0.47400 0.47164
1403638578527829504 5.67720 -8.30855 0.09562 0.31821 0.67152 -0.47458 0.47178
1403638578727829504 5.83575 -8.55293 0.09959 0.32354 0.67194 -0.47209 0.47006
1403638578827829504 5.91287 -8.68145 0.09550 0.32900 0.67538 -0.46813 0.46528
1403638578927829504 5.98440 -8.78616 0.08583 0.33338 0.67630 -0.46509 0.46385
1403638579127829504 6.14904 -9.01791 0.09320 0.33558 0.67747 -0.46193 0.46373
1403638579227829504 6.22737 -9.11482 0.10438 0.33550 0.67728 -0.46164 0.46435
1403638579327829504 6.31333 -9.22590 0.12634 0.33200 0.67590 -0.46344 0.46708
1403638579477829376 6.43521 -9.36734 0.14685 0.32076 0.66980 -0.47104 0.47602
1403638579577829632 6.51935 -9.47043 0.15658 0.31876 0.66713 -0.46856 0.48351
1403638579677829632 6.59647 -9.56117 0.16096 0.31990 0.66675 -0.45633 0.49484
1403638579777829376 6.66728 -9.64495 0.16105 0.31774 0.67559 -0.43637 0.50219
1403638579977829376 6.81292 -9.80166 0.14474 0.28922 0.71172 -0.38685 0.51005
1403638580077829632 6.88748 -9.87735 0.13195 0.27310 0.72335 -0.35122 0.52804
1403638580177829632 6.96365 -9.94680 0.11419 0.25148 0.73450 -0.31327 0.54693
1403638580377829632 7.09953 -10.05420 0.06731 0.19298 0.76251 -0.24965 0.56482
1403638580477829376 7.16104 -10.09701 0.04077 0.16676 0.77267 -0.23244 0.56670
1403638580577829632 7.21885 -10.14391 0.01211 0.14908 0.77881 -0.21870 0.56869
1403638580677829632 7.26968 -10.18628 -0.01831 0.13392 0.78766 -0.20332 0.56597
1403638580827829504 7.33650 -10.24403 -0.05219 0.12080 0.79951 -0.18162 0.55965
1403638580977829376 7.39996 -10.30753 -0.06346 0.11341 0.80363 -0.17245 0.55819
1403638581077829632 7.43770 -10.34480 -0.05750 0.11219 0.80447 -0.17055 0.55781
1403638581227829504 7.49624 -10.40152 -0.03976 0.11628 0.80453 -0.16881 0.55742
1403638581327829504 7.53029 -10.43452 -0.02464 0.12016 0.80420 -0.16945 0.55687
1403638581427829504 7.56700 -10.46817 -0.01208 0.12338 0.80247 -0.17056 0.55833
1403638581527829504 7.59294 -10.48924 0.01802 0.12592 0.80137 -0.17292 0.55862
1403638581627829504 7.62424 -10.51435 0.04415 0.12964 0.79911 -0.17416 0.56061
1403638581777829376 7.67814 -10.55200 0.06802 0.13397 0.79350 -0.17572 0.56704
1403638581877829632 7.70882 -10.57210 0.08739 0.13653 0.79055 -0.17590 0.57049
1403638581977829376 7.74098 -10.59027 0.10005 0.13969 0.78291 -0.17489 0.58047
1403638582177829632 7.80077 -10.61978 0.11524 0.13547 0.79248 -0.17905 0.56707
1403638582277829376 7.83497 -10.64006 0.14142 0.13626 0.79552 -0.17877 0.56270
1403638582377829632 7.86596 -10.65465 0.17755 0.13826 0.79209 -0.17679 0.56765
1403638582477829376 7.89091 -10.65930 0.22116 0.14012 0.79077 -0.17525 0.56950
1403638582677829632 7.93665 -10.66072 0.33955 0.14079 0.79118 -0.17427 0.56908
1403638582777829376 7.95878 -10.66684 0.40471 0.13883 0.79286 -0.17565 0.56679
1403638582877829632 7.98119 -10.65587 0.47789 0.13952 0.79423 -0.17609 0.56456
1403638582977829376 8.00085 -10.64555 0.54205 0.13856 0.79657 -0.17742 0.56107
1403638583127829504 8.02670 -10.62239 0.62329 0.13818 0.80026 -0.17886 0.55543
1403638583227829504 8.04686 -10.60366 0.66525 0.13733 0.80139 -0.18015 0.55359
1403638583327829504 8.06546 -10.58068 0.70174 0.13775 0.80126 -0.17995 0.55373
1403638583427829504 8.08453 -10.55665 0.73273 0.13742 0.80160 -0.18011 0.55328
1403638583577829632 8.10115 -10.53765 0.76014 0.13676 0.80192 -0.17937 0.55322
1403638583677829632 8.13938 -10.50891 0.80581 0.13872 0.80212 -0.17831 0.55279
1403638583777829376 8.16528 -10.47772 0.84979 0.13841 0.80183 -0.17835 0.55327
1403638583877829632 8.18889 -10.44769 0.88767 0.13891 0.80099 -0.17789 0.55450
1403638584077829632 8.22856 -10.38626 0.90551 0.14126 0.79744 -0.17536 0.55980
1403638584177829632 8.26802 -10.34311 0.92993 0.14446 0.78829 -0.17295 0.57255
1403638584277829376 8.28871 -10.30756 0.92128 0.14526 0.77919 -0.17139 0.58514
1403638584377829632 8.30352 -10.26022 0.91300 0.14649 0.77635 -0.17050 0.58886
1403638584527829504 8.31206 -10.17290 0.90211 0.14601 0.77586 -0.17089 0.58951
1403638584627829504 8.31545 -10.10521 0.89709 0.14602 0.77696 -0.17071 0.58811
1403638584727829504 8.31128 -10.03581 0.90175 0.14429 0.78066 -0.17161 0.58335
1403638584827829504 8.30230 -9.95409 0.90404 0.14088 0.78874 -0.17456 0.57234
1403638584927829504 8.29106 -9.87915 0.92502 0.13635 0.79514 -0.17818 0.56340
1403638585077829632 8.26608 -9.76222 0.93456 0.13554 0.79803 -0.17951 0.55907
1403638585177829632 8.25554 -9.68160 0.93623 0.13315 0.79796 -0.18122 0.55919
1403638585277829376 8.24452 -9.60048 0.93250 0.13408 0.79594 -0.18079 0.56197
1403638585427829504 8.22783 -9.48113 0.91294 0.13439 0.79367 -0.18056 0.56518
1403638585527829504 8.21435 -9.40337 0.90678 0.13466 0.79465 -0.18034 0.56380
1403638585627829504 8.19677 -9.32534 0.90656 0.13397 0.79657 -0.18033 0.56126
1403638585727829504 8.18640 -9.24549 0.91663 0.13306 0.80062 -0.18088 0.55550
1403638585827829504 8.17992 -9.16637 0.93630 0.13078 0.80549 -0.18266 0.54838
1403638586077829632 8.18462 -8.97707 1.01322 0.12914 0.80334 -0.18550 0.55096
1403638586177829632 8.15527 -8.89886 1.03421 0.13053 0.80023 -0.18504 0.55529
1403638586277829376 8.14919 -8.81766 1.05407 0.13262 0.79744 -0.18427 0.55905
1403638586377829632 8.15090 -8.74289 1.07006 0.13809 0.79408 -0.18096 0.56358
1403638586577829632 8.14228 -8.58551 1.08469 0.14818 0.79107 -0.17514 0.56707
1403638586677829632 8.13694 -8.50417 1.08337 0.14537 0.79214 -0.17722 0.56566
1403638586777829376 8.12793 -8.41599 1.07804 0.14132 0.79196 -0.17997 0.56607
1403638586877829632 8.12457 -8.33038 1.06450 0.13903 0.79095 -0.18098 0.56772
1403638587027829504 8.11584 -8.19441 1.03386 0.13880 0.79039 -0.18097 0.56856
1403638587127829504 8.11053 -8.10696 1.01361 0.13807 0.79064 -0.18157 0.56821
1403638587227829504 8.09713 -8.02043 1.00088 0.13798 0.79285 -0.18074 0.56540
1403638587327829504 8.08774 -7.93082 0.99713 0.13781 0.79448 -0.18114 0.56303
1403638587527829504 8.06010 -7.74061 1.00133 0.13517 0.79495 -0.18308 0.56238
1403638587627829504 8.04932 -7.64645 0.99952 0.13423 0.79500 -0.18435 0.56211
1403638587727829504 8.03622 -7.55070 0.99033 0.13457 0.79482 -0.18434 0.56229
1403638587827829504 8.02428 -7.45814 0.97595 0.13381 0.79443 -0.18559 0.56261
1403638588027829504 7.99968 -7.27587 0.93579 0.13317 0.79344 -0.18626 0.56394
1403638588127829504 7.98757 -7.18563 0.90840 0.13648 0.79364 -0.18394 0.56362
1403638588227829504 7.97488 -7.09493 0.87951 0.14295 0.79421 -0.17924 0.56274
1403638588327829504 7.96341 -7.00359 0.85558 0.14374 0.79482 -0.17828 0.56197
1403638588427829504 7.95065 -6.90449 0.83952 0.14361 0.79469 -0.17820 0.56222
1403638588627829504 7.93086 -6.70032 0.83250 0.13919 0.79408 -0.18089 0.56333
1403638588727829504 7.91517 -6.59624 0.84123 0.13635 0.79253 -0.18297 0.56553
1403638588827829504 7.90638 -6.49066 0.85153 0.13559 0.79207 -0.18380 0.56609
1403638588977829376 7.88015 -6.33617 0.85398 0.13417 0.79192 -0.18572 0.56601
1403638589077829632 7.86871 -6.23716 0.84921 0.13472 0.79228 -0.18594 0.56531
1403638589227829504 7.83987 -6.07779 0.82487 0.13585 0.79188 -0.18557 0.56572
1403638589327829504 7.82410 -5.97910 0.80945 0.13596 0.79132 -0.18559 0.56646
1403638589427829504 7.80141 -5.87583 0.79277 0.13532 0.79139 -0.18580 0.56645
1403638589627829504 7.75544 -5.66875 0.77979 0.13551 0.79161 -0.18555 0.56619
1403638589727829504 7.73200 -5.56525 0.78547 0.13501 0.79339 -0.18623 0.56358
1403638589827829504 7.70921 -5.46102 0.79872 0.13480 0.79437 -0.18706 0.56197
1403638589927829504 7.68375 -5.35816 0.80298 0.13602 0.79483 -0.18703 0.56104
1403638590127829504 7.63438 -5.16702 0.79675 0.13557 0.79405 -0.18868 0.56170
1403638590227829504 7.60678 -5.06549 0.78454 0.13587 0.79322 -0.18903 0.56268
1403638590327829504 7.58340 -4.97185 0.77551 0.13578 0.79300 -0.18911 0.56299
1403638590427829504 7.55395 -4.87236 0.75685 0.13627 0.79401 -0.18927 0.56139
1403638590627829504 7.49648 -4.67879 0.72318 0.13444 0.79617 -0.19044 0.55837
1403638590727829504 7.46991 -4.60344 0.72196 0.13223 0.79735 -0.19161 0.55680
1403638590877829632 7.43376 -4.47180 0.73168 0.13253 0.79870 -0.19131 0.55491
1403638590977829376 7.41057 -4.37990 0.74519 0.13136 0.79936 -0.19218 0.55393
1403638591127829504 7.36947 -4.25227 0.76782 0.13012 0.80255 -0.19348 0.54913
1403638591227829504 7.34605 -4.16206 0.77274 0.12905 0.80759 -0.19479 0.54148
1403638591377829632 7.31792 -4.03657 0.77193 0.12527 0.81518 -0.19788 0.52974
1403638591477829376 7.30524 -3.96033 0.76527 0.12302 0.81809 -0.19962 0.52511
1403638591627829504 7.30199 -3.85284 0.74401 0.11999 0.82164 -0.20216 0.51927
1403638591727829504 7.31144 -3.79514 0.72852 0.11959 0.82057 -0.20290 0.52076
1403638591827829504 7.33126 -3.74566 0.71028 0.12089 0.81809 -0.20182 0.52477
1403638592027829504 7.39135 -3.66937 0.69735 0.12196 0.81268 -0.20027 0.53345
1403638592127829504 7.43164 -3.65001 0.70654 0.12172 0.81105 -0.19900 0.53646
1403638592327829504 7.52402 -3.62484 0.74983 0.10911 0.80105 -0.18929 0.55730
1403638592427829504 7.56641 -3.61084 0.78421 0.09729 0.79980 -0.17759 0.56509
1403638592527829504 7.60722 -3.61187 0.82406 0.08662 0.80399 -0.16251 0.56541
1403638592627829504 7.64502 -3.61188 0.87002 0.08006 0.81045 -0.14867 0.56095
1403638592827829504 7.72360 -3.61151 0.96349 0.06988 0.82293 -0.13272 0.54798
1403638592927829504 7.76650 -3.61682 1.00501 0.06813 0.82612 -0.12812 0.54449
1403638593077829632 7.83445 -3.62944 1.05527 0.06693 0.82769 -0.12474 0.54304
1403638593177829632 7.88642 -3.63980 1.08822 0.06671 0.82594 -0.12391 0.54591
1403638593277829376 7.94060 -3.65406 1.13080 0.07294 0.82234 -0.12031 0.55133
1403638593377829632 8.00132 -3.66833 1.17399 0.08143 0.81857 -0.11540 0.55677
1403638593627829504 8.15162 -3.69848 1.26672 0.09427 0.80998 -0.11095 0.56810
1403638593727829504 8.21003 -3.70340 1.29532 0.09595 0.80804 -0.11077 0.57061
1403638593927829504 8.32586 -3.70559 1.34489 0.08736 0.79252 -0.11064 0.59332
1403638594027829504 8.37505 -3.70119 1.37252 0.07954 0.79477 -0.10769 0.59197
1403638594127829504 8.41433 -3.69407 1.41038 0.07440 0.80045 -0.10426 0.58556
1403638594227829504 8.44984 -3.68496 1.44525 0.07468 0.80486 -0.09895 0.58038
1403638594427829504 8.50767 -3.66585 1.51248 0.07888 0.80287 -0.08833 0.58428
1403638594527829504 8.52991 -3.65090 1.54962 0.07728 0.80243 -0.08710 0.58527
1403638594627829504 8.53875 -3.63222 1.59809 0.07138 0.80313 -0.08942 0.58472
1403638594727829504 8.55297 -3.61102 1.64138 0.06768 0.80388 -0.09234 0.58367
1403638594827829504 8.55628 -3.58947 1.68699 0.06608 0.80434 -0.09392 0.58296
1403638595027829504 8.57151 -3.54656 1.74476 0.06550 0.80693 -0.09636 0.57905
1403638595127829504 8.57321 -3.52233 1.76669 0.06547 0.80791 -0.09746 0.57749
1403638595327829504 8.57715 -3.47648 1.78859 0.06676 0.80851 -0.09797 0.57642
1403638595427829504 8.56742 -3.45049 1.80086 0.06635 0.80838 -0.09882 0.57649
1403638595527829504 8.56417 -3.42807 1.79736 0.06640 0.80896 -0.09878 0.57568
1403638595627829504 8.55979 -3.40516 1.79647 0.06703 0.80951 -0.09802 0.57497
1403638595877829632 8.54322 -3.34336 1.81523 0.07446 0.81046 -0.09318 0.57353
1403638595977829376 8.53546 -3.31388 1.80668 0.07689 0.81003 -0.09175 0.57405
1403638596077829632 8.52506 -3.28145 1.79215 0.08447 0.81031 -0.08693 0.57333
1403638596327829504 8.50548 -3.18514 1.75578 0.11290 0.81197 -0.06621 0.56884
1403638596427829504 8.49840 -3.12676 1.76146 0.11960 0.81144 -0.06070 0.56883
1403638596527829504 8.49071 -3.05565 1.77151 0.12624 0.81069 -0.05517 0.56904
1403638596727829504 8.48406 -2.87618 1.81153 0.13998 0.81089 -0.04436 0.56647
1403638596827829504 8.48455 -2.75800 1.84392 0.14411 0.81019 -0.04088 0.56670
1403638596977829376 8.48847 -2.55154 1.90002 0.14687 0.80821 -0.03929 0.56893
1403638597077829632 8.49146 -2.39547 1.93311 0.14960 0.80726 -0.03827 0.56963
1403638597277829376 8.49956 -2.03596 1.97971 0.14893 0.80305 -0.04143 0.57551
1403638597377829632 8.50028 -1.83310 1.99356 0.14382 0.80170 -0.04639 0.57831
1403638597477829376 8.49790 -1.61549 2.00066 0.13464 0.79896 -0.05371 0.58365
1403638597727829504 8.49453 -1.02293 1.99839 0.11755 0.79346 -0.06698 0.59339
1403638597827829504 8.48783 -0.77507 1.98912 0.12300 0.79523 -0.05711 0.59095
1403638597927829504 8.47363 -0.51753 1.97610 0.12729 0.79693 -0.04560 0.58874
1403638598077829632 8.44892 -0.11198 1.96100 0.11946 0.79701 -0.03925 0.59074
1403638598327829504 8.38609 0.60655 1.96214 0.07398 0.80311 -0.05968 0.58820
1403638598427829504 8.35894 0.89708 1.96078 0.06702 0.80539 -0.06309 0.58555
1403638598527829504 8.33036 1.18547 1.95250 0.06330 0.80703 -0.06281 0.58374
1403638598727829504 8.26461 1.75480 1.91674 0.05259 0.81081 -0.04713 0.58103
1403638598827829504 8.23121 2.03473 1.89917 0.04356 0.81095 -0.03441 0.58247
1403638598927829504 8.19606 2.31223 1.88748 0.03431 0.81225 -0.01873 0.58199
1403638599177829632 8.09238 2.99675 1.88786 0.00444 0.81229 0.02398 0.58275
1403638599277829376 8.04825 3.26639 1.89793 -0.00643 0.81265 0.04312 0.58112
1403638599427829504 7.97508 3.66694 1.92642 -0.02267 0.81469 0.06848 0.57539
1403638599527829504 7.92302 3.93199 1.94679 -0.02930 0.81595 0.07967 0.57185
1403638599727829504 7.82503 4.45682 1.96889 -0.03698 0.81815 0.08834 0.56697
1403638599827829504 7.78184 4.71732 1.96452 -0.03800 0.81891 0.08755 0.56592
1403638599927829504 7.74253 4.97347 1.95709 -0.04074 0.82050 0.08391 0.56399
1403638600127829504 7.67372 5.48281 1.93156 -0.05383 0.82332 0.06812 0.56089
1403638600227829504 7.65115 5.72924 1.91129 -0.06529 0.82712 0.05675 0.55533
1403638600327829504 7.63133 5.96669 1.88650 -0.07380 0.82963 0.04737 0.55138
1403638600577829632 7.59737 6.51115 1.84797 -0.08118 0.83268 0.03620 0.54658
1403638600677829632 7.60511 6.71082 1.84210 -0.08359 0.83448 0.03330 0.54363
1403638600827829504 7.62572 6.97881 1.85288 -0.07795 0.84005 0.03762 0.53556
1403638600927829504 7.65162 7.14143 1.86573 -0.06208 0.84225 0.05030 0.53313
1403638601177829632 7.73846 7.52004 1.87999 -0.03749 0.83992 0.07095 0.53674
1403638601277829376 7.78906 7.66872 1.88056 -0.02894 0.83289 0.07790 0.54717
1403638601377829632 7.84464 7.81597 1.87817 -0.03239 0.82753 0.08137 0.55455
1403638601627829504 7.99615 8.19381 1.89574 -0.06321 0.81492 0.10824 0.56586
1403638601727829504 8.06261 8.33876 1.91343 -0.07562 0.81058 0.13103 0.56575
1403638601827829504 8.12043 8.48655 1.94010 -0.08935 0.80400 0.15832 0.56616
1403638601977829376 8.20177 8.71265 1.98414 -0.11037 0.79479 0.19609 0.56363
1403638602227829504 8.32864 9.09017 2.03244 -0.13048 0.78132 0.23659 0.56262
1403638602327829504 8.37351 9.24219 2.04517 -0.14431 0.77147 0.25195 0.56615
1403638602427829504 8.40741 9.39763 2.06375 -0.17743 0.75513 0.25838 0.57580
1403638602727829504 8.44969 9.81329 2.16036 -0.25935 0.70613 0.28461 0.59424
1403638602827829504 8.43558 9.91633 2.20474 -0.26699 0.70064 0.30545 0.58696
1403638602927829504 8.41023 10.00045 2.25113 -0.28016 0.69755 0.32334 0.57479
1403638603177829632 8.30206 10.13457 2.35090 -0.32105 0.68250 0.35751 0.55074
1403638603427829504 8.17737 10.17997 2.39420 -0.30606 0.70434 0.39562 0.50370
1403638603527829504 8.11978 10.18520 2.40206 -0.30352 0.70736 0.40125 0.49651
1403638603627829504 8.06884 10.19526 2.41107 -0.30827 0.70109 0.40309 0.50096
1403638603877829632 7.94118 10.21657 2.40426 -0.29729 0.67956 0.41439 0.52735
1403638603977829376 7.87881 10.22173 2.39254 -0.29297 0.67257 0.41659 0.53691
1403638604077829632 7.81161 10.21184 2.37221 -0.28749 0.66884 0.41899 0.54263
1403638604177829632 7.73330 10.20044 2.35770 -0.28643 0.66815 0.41981 0.54342
1403638604377829632 7.55105 10.15572 2.34715 -0.29662 0.68046 0.41389 0.52696
1403638604477829376 7.44879 10.11245 2.35297 -0.29395 0.68786 0.41652 0.51668
1403638604577829632 7.33922 10.07181 2.36494 -0.29150 0.69231 0.41819 0.51074
1403638604827829504 7.07467 9.97388 2.36880 -0.29877 0.69963 0.41360 0.50019
1403638604927829504 6.97114 9.92871 2.36887 -0.29704 0.70347 0.41517 0.49451
1403638605027829504 6.86784 9.88522 2.37555 -0.29332 0.71046 0.41778 0.48443
1403638605277829376 6.62535 9.77918 2.42381 -0.28479 0.71732 0.42414 0.47376
1403638605427829504 6.49261 9.73213 2.44725 -0.27643 0.70772 0.43046 0.48727
1403638605527829504 6.40384 9.70776 2.45654 -0.27150 0.69716 0.43409 0.50181
1403638605727829504 6.21919 9.67090 2.46250 -0.26371 0.68591 0.43977 0.51632
1403638605877829632 6.06002 9.65499 2.47496 -0.26075 0.68581 0.44150 0.51647
1403638606027829504 5.88760 9.65431 2.50418 -0.25535 0.68493 0.44385 0.51833
1403638606127829504 5.75980 9.65346 2.51803 -0.25255 0.68488 0.44471 0.51902
1403638606327829504 5.48876 9.67211 2.52535 -0.25037 0.68902 0.44465 0.51464
1403638606527829504 5.18899 9.70768 2.50732 -0.26365 0.71087 0.43368 0.48691
1403638606627829504 5.03498 9.72932 2.48848 -0.26844 0.71694 0.43287 0.47599
1403638606827829504 4.74226 9.79856 2.43967 -0.27780 0.71438 0.45041 0.45784
1403638606927829504 4.59967 9.84222 2.41405 -0.28700 0.70712 0.46430 0.44949
1403638607027829504 4.46170 9.89664 2.39616 -0.29972 0.69762 0.47857 0.44098
1403638607277829376 4.14887 10.06894 2.38477 -0.33718 0.66864 0.49425 0.44153
1403638607377829632 4.03050 10.13984 2.37173 -0.35036 0.66010 0.49358 0.44486
1403638607577829632 3.80893 10.28308 2.32663 -0.35815 0.65566 0.49562 0.44295
1403638607677829632 3.69610 10.34922 2.29842 -0.35992 0.65392 0.49535 0.44437
1403638607977829376 3.41575 10.55597 2.18932 -0.36120 0.65962 0.49074 0.44001
1403638608077829632 3.33320 10.62177 2.14312 -0.36222 0.65862 0.48810 0.44358
1403638608177829632 3.25534 10.68798 2.09254 -0.35892 0.65560 0.48820 0.45059
1403638608477829376 3.04549 10.86782 1.91577 -0.35946 0.64548 0.48495 0.46794
1403638608577829632 2.97942 10.92205 1.84422 -0.35742 0.64694 0.48585 0.46655
1403638608677829632 2.91507 10.96671 1.77628 -0.36322 0.64455 0.48172 0.46965
1403638608777829376 2.84945 11.00150 1.71438 -0.36365 0.64473 0.48143 0.46936
1403638609127829504 2.63808 11.08911 1.54619 -0.35914 0.65507 0.48536 0.45424
1403638609227829504 2.58384 11.10518 1.51150 -0.36591 0.65549 0.48049 0.45339
1403638609327829504 2.54237 11.13182 1.46694 -0.36967 0.65622 0.47753 0.45242
1403638609577829632 2.43501 11.15932 1.33431 -0.36110 0.65591 0.48262 0.45439
1403638609677829632 2.39745 11.18512 1.26829 -0.35897 0.65496 0.48402 0.45595
1403638609777829376 2.36406 11.20736 1.20116 -0.35754 0.65519 0.48473 0.45599
1403638610127829504 2.26707 11.21354 1.03722 -0.36399 0.65193 0.47999 0.46055
1403638610227829504 2.25125 11.21896 0.99863 -0.36557 0.64931 0.47878 0.46424
1403638610427829504 2.21287 11.19284 0.90369 -0.36820 0.64828 0.47625 0.46620
1403638610527829504 2.19615 11.17468 0.84828 -0.36813 0.64537 0.47594 0.47060
1403638610827829504 2.15546 11.07033 0.68664 -0.37063 0.64625 0.47561 0.46775
1403638610927829504 2.14347 11.01727 0.64678 -0.36864 0.64894 0.47837 0.46275
1403638611027829504 2.13034 10.97226 0.60562 -0.37141 0.64808 0.47651 0.46365
1403638611327829504 2.10856 10.79273 0.46938 -0.37125 0.64407 0.47840 0.46742
1403638611477829376 2.09968 10.68174 0.41449 -0.35573 0.63701 0.48866 0.47843
1403638611577829632 2.09022 10.59971 0.38211 -0.34711 0.63616 0.49368 0.48072
1403638611877829632 2.04324 10.34608 0.30494 -0.35482 0.65064 0.48662 0.46257
1403638611977829376 2.02646 10.25434 0.27258 -0.35725 0.65412 0.48436 0.45814
1403638612177829632 1.99850 10.08388 0.21657 -0.35777 0.65744 0.48286 0.45455
1403638612277829376 1.99047 9.99741 0.20004 -0.35837 0.65742 0.48227 0.45473
1403638612577829632 1.97443 9.73466 0.15510 -0.35408 0.65342 0.48250 0.46353
1403638612677829632 1.96662 9.64785 0.12492 -0.34863 0.65129 0.48474 0.46830
1403638612777829376 1.95859 9.55651 0.08915 -0.34607 0.65034 0.48450 0.47176
1403638613077829632 1.92622 9.29346 0.00747 -0.34776 0.65311 0.47923 0.47207
1403638613227829504 1.90012 9.15775 -0.01375 -0.34688 0.65557 0.47909 0.46944
1403638613327829504 1.87990 9.06154 -0.01926 -0.34586 0.65608 0.47962 0.46894
1403638613477829376 1.85295 8.92901 -0.02072 -0.34620 0.65507 0.47872 0.47101
1403638613777829376 1.79272 8.65773 -0.06455 -0.35396 0.65750 0.46016 0.48027
1403638613977829376 1.75291 8.45692 -0.12744 -0.34407 0.66731 0.44291 0.49005
1403638614077829632 1.73398 8.34892 -0.16688 -0.33254 0.67638 0.43185 0.49541
1403638614377829632 1.66916 8.01293 -0.26970 -0.29887 0.70545 0.39819 0.50445
1403638614527829504 1.63192 7.83552 -0.29487 -0.29423 0.71359 0.38572 0.50540
1403638614627829504 1.60665 7.71672 -0.30038 -0.29080 0.71894 0.37608 0.50708
1403638614927829504 1.55570 7.37129 -0.27104 -0.27206 0.75156 0.32966 0.50245
1403638615077829632 1.55062 7.20018 -0.22710 -0.24818 0.76666 0.29975 0.51067
1403638615177829632 1.55613 7.09224 -0.18871 -0.22781 0.77209 0.27798 0.52412
1403638615327829504 1.57376 6.93338 -0.12362 -0.19361 0.77924 0.24474 0.54351
1403638615727829504 1.60718 6.45811 -0.02857 -0.12986 0.79797 0.15890 0.56669
1403638615827829504 1.61266 6.34723 0.00288 -0.12311 0.80011 0.14820 0.56808
1403638615977829376 1.61832 6.17203 0.04971 -0.11409 0.80395 0.13011 0.56896
1403638616277829376 1.61772 5.81222 0.07654 -0.08502 0.81063 0.08601 0.57294
1403638616377829632 1.61902 5.69495 0.05558 -0.07181 0.81303 0.06689 0.57390
1403638616477829376 1.62119 5.57465 0.02569 -0.06127 0.81512 0.04917 0.57393
1403638616727829504 1.61613 5.27276 -0.06292 -0.04532 0.82801 0.02281 0.55842
1403638616827829504 1.62100 5.15190 -0.10300 -0.04905 0.83635 0.01431 0.54581
1403638617127829504 1.67419 4.77918 -0.18586 -0.03600 0.83057 0.02290 0.55528
1403638617227829504 1.70455 4.65692 -0.19790 -0.03254 0.82995 0.02856 0.55616
1403638617327829504 1.73684 4.53571 -0.20220 -0.03285 0.83289 0.03174 0.55155
1403638617427829504 1.77369 4.41407 -0.20103 -0.03164 0.83674 0.03574 0.54551
1403638617527829504 1.81548 4.29390 -0.19226 -0.03165 0.83826 0.03915 0.54295
1403638617727829504 1.91657 4.06836 -0.14847 -0.03025 0.83553 0.04596 0.54669
1403638617827829504 1.97364 3.94882 -0.11698 -0.03026 0.83515 0.04875 0.54702
1403638617927829504 2.03705 3.83898 -0.07794 -0.03208 0.83388 0.04981 0.54876
1403638618027829504 2.10816 3.74613 -0.04026 -0.03312 0.83336 0.05088 0.54938
1403638618277829376 2.29334 3.51848 0.02582 -0.03553 0.83306 0.05310 0.54948
1403638618377829632 2.37544 3.43934 0.04273 -0.03581 0.83229 0.05401 0.55053
1403638618577829632 2.54200 3.28288 0.07003 -0.03504 0.83126 0.05593 0.55195
1403638618677829632 2.62899 3.21215 0.08335 -0.03112 0.83140 0.05282 0.55227
1403638618777829376 2.72511 3.14927 0.09754 -0.02857 0.83104 0.04952 0.55326
1403638618877829632 2.82093 3.08674 0.12018 -0.02576 0.82963 0.04598 0.55582
1403638619127829504 3.06458 2.92765 0.16480 -0.00193 0.82262 0.01413 0.56841
1403638619227829504 3.16047 2.87835 0.17051 0.01175 0.82083 -0.00792 0.57100
1403638619577829632 3.49761 2.69234 0.13011 0.05152 0.81330 -0.08288 0.57361
1403638619677829632 3.59405 2.64403 0.11383 0.04762 0.81128 -0.09948 0.57416
1403638619777829376 3.68577 2.59478 0.09753 0.04389 0.80987 -0.11116 0.57431
1403638619877829632 3.77604 2.54484 0.07663 0.04340 0.80832 -0.11769 0.57523
1403638619977829376 3.86217 2.49217 0.05158 0.04479 0.80779 -0.12142 0.57509
1403638620227829504 4.05445 2.34008 0.01007 0.05183 0.80178 -0.12218 0.58269
1403638620327829504 4.11778 2.27739 0.00567 0.05617 0.80321 -0.11962 0.58085
1403638620427829504 4.16945 2.21177 0.01328 0.05772 0.80410 -0.11787 0.57982
1403638620577829632 4.25211 2.10689 0.01948 0.05777 0.80607 -0.11504 0.57765
1403638620877829632 4.38904 1.89188 -0.00186 0.05554 0.81470 -0.11009 0.56662
1403638620977829376 4.41902 1.82151 -0.01108 0.06023 0.81471 -0.10415 0.56726
1403638621127829504 4.47234 1.71584 -0.03074 0.06257 0.81201 -0.09869 0.57182
1403638621277829376 4.53578 1.60753 -0.03801 0.06222 0.80988 -0.09518 0.57547
1403638621427829504 4.59321 1.50432 -0.03524 0.06336 0.80912 -0.09166 0.57699
1403638621527829504 4.63036 1.43741 -0.04234 0.06399 0.80692 -0.08937 0.58034
1403638621877829632 4.72690 1.23144 -0.09945 0.06578 0.79966 -0.08504 0.59075
1403638621977829376 4.74355 1.18240 -0.12182 0.06593 0.79706 -0.08464 0.59429
1403638622077829632 4.75266 1.13793 -0.14879 0.06444 0.79671 -0.08577 0.59477
1403638622427829504 4.75429 0.98941 -0.23064 0.06080 0.79882 -0.08997 0.59169
1403638622527829504 4.73907 0.95694 -0.23540 0.06386 0.79877 -0.08882 0.59160
1403638622627829504 4.71377 0.92708 -0.22988 0.06870 0.79712 -0.08615 0.59368
1403638622827829504 4.65574 0.87571 -0.19862 0.07209 0.77934 -0.08552 0.61654
1403638623127829504 4.50346 0.84185 -0.14700 0.06642 0.79189 -0.09241 0.59996
1403638623277829376 4.40170 0.83526 -0.13851 0.06143 0.79721 -0.09610 0.59283
1403638623377829632 4.33231 0.82927 -0.13964 0.05949 0.80002 -0.09761 0.58898
1403638623677829632 4.10169 0.80167 -0.14408 0.06318 0.80220 -0.09613 0.58586
1403638623777829376 4.01923 0.79451 -0.13380 0.06559 0.80324 -0.09583 0.58422
1403638623877829632 3.93040 0.78674 -0.11699 0.06713 0.80445 -0.09579 0.58239
1403638624177829632 3.65397 0.77207 -0.08798 0.06508 0.80622 -0.10169 0.57917
1403638624327829504 3.51850 0.76430 -0.08460 0.06312 0.80593 -0.10522 0.57916
1403638624477829376 3.38213 0.75592 -0.09217 0.06416 0.80567 -0.10673 0.57913
1403638624577829632 3.28500 0.74909 -0.10546 0.05864 0.79778 -0.11224 0.58950
1403638624877829632 2.97591 0.73180 -0.13339 0.06714 0.80380 -0.09140 0.58398
1403638624977829376 2.87452 0.72338 -0.12594 0.06000 0.80691 -0.08894 0.58085
1403638625127829504 2.71417 0.71619 -0.11964 0.04863 0.80823 -0.08824 0.58019
1403638625227829504 2.60310 0.71093 -0.12130 0.04456 0.80930 -0.08725 0.57916
1403638625527829504 2.28556 0.68446 -0.12377 0.04255 0.80905 -0.08402 0.58015
1403638625677829632 2.12946 0.66974 -0.10303 0.04271 0.81111 -0.08399 0.57725
1403638625827829504 1.98778 0.64922 -0.08006 0.04224 0.81794 -0.08497 0.56743
1403638625927829504 1.88568 0.63597 -0.07146 0.04357 0.81893 -0.08469 0.56594
1403638626227829504 1.59721 0.58396 -0.07171 0.04357 0.82008 -0.08700 0.56392
1403638626377829632 1.45654 0.55617 -0.08545 0.05325 0.81668 -0.08092 0.56890
1403638626527829504 1.32940 0.52969 -0.10951 0.05669 0.81654 -0.07788 0.56920
1403638626627829504 1.24752 0.51387 -0.12545 0.05574 0.81869 -0.07849 0.56611
1403638626777829376 1.13279 0.49189 -0.14646 0.05352 0.82344 -0.07947 0.55925
1403638626877829632 1.05782 0.47653 -0.14923 0.05330 0.82610 -0.07911 0.55539
1403638626977829376 0.98891 0.46498 -0.15019 0.05279 0.82699 -0.07913 0.55410
1403638627077829632 0.92782 0.45268 -0.14835 0.05218 0.82708 -0.07873 0.55410
1403638627177829632 0.86767 0.44105 -0.15220 0.05145 0.82696 -0.07865 0.55435
1403638627277829376 0.81589 0.43160 -0.16430 0.05286 0.82684 -0.07740 0.55457
1403638627377829632 0.76831 0.42039 -0.17200 0.05482 0.82609 -0.07560 0.55574
