1403638523377829632 0.02618 -0.00466 0.25799 -0.05467 0.80257 0.01136 0.59394
1403638523477829376 0.02596 -0.00950 0.20333 -0.05012 0.80645 0.01388 0.58901
1403638523577829632 0.02732 -0.01208 0.14097 -0.04288 0.81606 0.01775 0.57610
1403638523677829632 0.02428 -0.00161 0.08388 -0.03366 0.82559 0.01899 0.56294
1403638523777829376 0.01576 -0.01718 0.07888 -0.03222 0.83083 0.02364 0.55508
1403638523877829632 0.00951 -0.02649 0.06428 -0.02993 0.83204 0.02743 0.55322
1403638523977829376 0.00358 -0.03843 0.04108 -0.02170 0.83235 0.03434 0.55276
1403638524077829632 -0.00073 -0.03844 0.02813 -0.01446 0.83547 0.04252 0.54770
1403638524177829632 -0.00128 -0.03690 0.04127 -0.01496 0.83998 0.04725 0.54035
1403638524277829376 0.00046 -0.04343 0.08719 -0.02159 0.84102 0.04868 0.53837
1403638524377829632 -0.00107 -0.04828 0.14510 -0.03137 0.83811 0.04739 0.54254
1403638524477829376 0.00031 -0.05121 0.21042 -0.03843 0.83146 0.04562 0.55237
1403638524577829632 0.00826 -0.05053 0.27319 -0.04122 0.82273 0.04412 0.56522
1403638524677829632 0.01666 -0.04817 0.32847 -0.03680 0.81635 0.03841 0.57510
1403638524777829376 0.02330 -0.04449 0.37069 -0.02368 0.81260 0.03307 0.58140
1403638524877829632 0.02873 -0.03980 0.39687 -0.01948 0.81115 0.03012 0.58374
1403638524977829376 0.03116 -0.03688 0.40791 -0.02590 0.80970 0.03228 0.58538
1403638525077829632 0.03197 -0.03628 0.39715 -0.02353 0.80713 0.03562 0.58883
1403638525177829632 0.03354 -0.03538 0.36457 -0.02102 0.80580 0.04002 0.59046
1403638525277829376 0.03373 -0.03547 0.31760 -0.02101 0.80856 0.04481 0.58633
1403638525377829632 0.03158 -0.03491 0.26445 -0.02355 0.81752 0.04960 0.57328
1403638525477829376 0.02735 -0.03366 0.21209 -0.03185 0.82980 0.05118 0.55480
1403638525577829632 0.02613 -0.03363 0.16405 -0.03787 0.83894 0.05042 0.54056
1403638525677829632 0.02088 -0.03388 0.12652 -0.03848 0.84192 0.04725 0.53615
1403638525777829376 0.01968 -0.03402 0.09538 -0.03542 0.84041 0.04141 0.53921
1403638525877829632 0.01778 -0.03244 0.07290 -0.02800 0.83684 0.03686 0.54549
1403638525977829376 0.01524 -0.04244 0.05925 -0.01953 0.83549 0.03587 0.54799
1403638526077829632 0.01141 -0.06086 0.05663 -0.01500 0.83708 0.03363 0.54583
1403638526177829632 0.00611 -0.08965 0.06504 -0.01306 0.83943 0.02434 0.54277
1403638526277829376 -0.00096 -0.12591 0.08128 -0.00953 0.83850 0.01535 0.54460
1403638526377829632 -0.00912 -0.16656 0.09678 -0.00714 0.83438 0.00674 0.55110
1403638526477829376 -0.01794 -0.21336 0.10942 -0.00576 0.82930 -0.00425 0.55875
1403638526577829632 -0.02955 -0.26479 0.11891 -0.00422 0.82397 -0.01519 0.56642
1403638526677829632 -0.04067 -0.32280 0.12583 0.00041 0.81884 -0.02352 0.57354
1403638526777829376 -0.05739 -0.38657 0.13192 0.00902 0.81576 -0.02894 0.57759
1403638526877829632 -0.07405 -0.45166 0.13567 0.01697 0.81506 -0.03217 0.57824
1403638526977829376 -0.09076 -0.51273 0.13814 0.02129 0.81807 -0.03864 0.57342
1403638527077829632 -0.10553 -0.56964 0.14133 0.02905 0.82242 -0.05191 0.56576
1403638527177829632 -0.11727 -0.62001 0.14676 0.03705 0.82403 -0.06724 0.56132
1403638527277829376 -0.12500 -0.65907 0.15324 0.04880 0.82095 -0.08107 0.56310
1403638527377829632 -0.12763 -0.68166 0.15985 0.06443 0.81571 -0.08978 0.56780
1403638527477829376 -0.12517 -0.68506 0.16305 0.07491 0.81205 -0.09425 0.57104
1403638527577829632 -0.11647 -0.66493 0.16352 0.07822 0.81134 -0.09564 0.57136
1403638527677829632 -0.10374 -0.62695 0.16179 0.07680 0.81190 -0.09230 0.57132
1403638527777829376 -0.08800 -0.57865 0.16142 0.07160 0.81336 -0.08533 0.57100
1403638527877829632 -0.07163 -0.52378 0.16415 0.05792 0.81658 -0.08081 0.56860
1403638527977829376 -0.05592 -0.46557 0.16895 0.04822 0.81749 -0.07630 0.56883
1403638528077829632 -0.04140 -0.40639 0.17249 0.04207 0.81629 -0.06931 0.57192
1403638528177829632 -0.02520 -0.35048 0.17188 0.03299 0.81679 -0.06087 0.57277
1403638528277829376 0.00057 -0.30314 0.16803 0.02093 0.81841 -0.05067 0.57201
1403638528377829632 0.03102 -0.26645 0.16409 0.01422 0.81818 -0.04288 0.57319
1403638528477829376 0.07140 -0.24166 0.16408 0.01607 0.81762 -0.03971 0.57416
1403638528577829632 0.10968 -0.22320 0.16304 0.01779 0.81952 -0.04431 0.57106
1403638528677829632 0.14310 -0.21161 0.16385 0.01699 0.82062 -0.05220 0.56883
1403638528777829376 0.16993 -0.20597 0.16890 0.02237 0.81959 -0.05751 0.56962
1403638528877829632 0.18309 -0.19990 0.17617 0.01894 0.81842 -0.06522 0.57059
1403638528977829376 0.18648 -0.18092 0.18515 0.01194 0.81824 -0.07166 0.57027
1403638529077829632 0.16602 -0.17215 0.20281 0.01343 0.81904 -0.07314 0.56890
1403638529177829632 0.13909 -0.15177 0.21344 0.02909 0.82021 -0.06537 0.56757
1403638529277829376 0.10613 -0.12579 0.21456 0.03963 0.82237 -0.05859 0.56453
1403638529377829632 0.07581 -0.10085 0.20217 0.04260 0.82786 -0.05368 0.55674
1403638529477829376 0.04445 -0.08242 0.18421 0.04128 0.83788 -0.05149 0.54184
1403638529577829632 0.01678 -0.07269 0.15415 0.03882 0.84797 -0.04875 0.52636
1403638529677829632 -0.00109 -0.06345 0.12667 0.03926 0.85195 -0.04516 0.52019
1403638529777829376 -0.00877 -0.05824 0.09877 0.03769 0.84848 -0.04356 0.52609
1403638529877829632 -0.00905 -0.05124 0.07950 0.03593 0.84223 -0.04415 0.53610
1403638529977829376 -0.00909 -0.05003 0.06657 0.03466 0.83971 -0.04361 0.54017
1403638530077829632 -0.00068 -0.05024 0.05429 0.03528 0.84102 -0.04406 0.53805
1403638530177829632 0.01023 -0.05267 0.04672 0.03603 0.84263 -0.04831 0.53511
1403638530277829376 0.02574 -0.05545 0.03802 0.03826 0.84210 -0.05438 0.53521
1403638530377829632 0.03080 -0.05589 0.02202 0.04092 0.84117 -0.05950 0.53593
1403638530477829376 0.04216 -0.05969 0.01350 0.04127 0.84085 -0.06348 0.53594
1403638530577829632 0.05271 -0.06480 0.00465 0.03998 0.84082 -0.06626 0.53575
1403638530677829632 0.05662 -0.06827 -0.00091 0.04064 0.84384 -0.06819 0.53069
1403638530777829376 0.05937 -0.07083 -0.00677 0.04066 0.84717 -0.06973 0.52516
1403638530877829632 0.06092 -0.07271 -0.01150 0.03851 0.84788 -0.06902 0.52427
1403638530977829376 0.06249 -0.07334 -0.01508 0.03705 0.84576 -0.06881 0.52781
1403638531077829632 0.06297 -0.07304 -0.01698 0.03774 0.84236 -0.06740 0.53335
1403638531177829632 0.06232 -0.07119 -0.01564 0.03836 0.84024 -0.06527 0.53691
1403638531277829376 0.06258 -0.07018 -0.01694 0.04104 0.83906 -0.06387 0.53872
1403638531377829632 0.06311 -0.06956 -0.01787 0.04097 0.83780 -0.06401 0.54066
1403638531477829376 0.06324 -0.06989 -0.01816 0.04104 0.83686 -0.06436 0.54207
1403638531577829632 0.06297 -0.06987 -0.01813 0.04159 0.83723 -0.06326 0.54158
1403638531677829632 0.06307 -0.06962 -0.01835 0.04084 0.83733 -0.06385 0.54142
1403638531777829376 0.06353 -0.06991 -0.01847 0.04107 0.83727 -0.06387 0.54149
1403638531877829632 0.06388 -0.07022 -0.01864 0.04115 0.83732 -0.06376 0.54142
1403638531977829376 0.06362 -0.06983 -0.01902 0.04147 0.83734 -0.06377 0.54136
1403638532077829632 0.06361 -0.06983 -0.01924 0.04161 0.83739 -0.06367 0.54128
1403638532177829632 0.06377 -0.06987 -0.01944 0.04153 0.83740 -0.06376 0.54127
1403638532277829376 0.06385 -0.06984 -0.01953 0.04141 0.83739 -0.06395 0.54127
1403638532377829632 0.06391 -0.06979 -0.01963 0.04135 0.83739 -0.06399 0.54127
1403638532477829376 0.06414 -0.06985 -0.01990 0.04128 0.83738 -0.06409 0.54127
1403638532577829632 0.06420 -0.06984 -0.02005 0.04132 0.83740 -0.06416 0.54123
1403638532677829632 0.06435 -0.06991 -0.02019 0.04140 0.83738 -0.06417 0.54126
1403638532777829376 0.06434 -0.06994 -0.02025 0.04150 0.83740 -0.06409 0.54123
1403638532877829632 0.06437 -0.06992 -0.02032 0.04158 0.83739 -0.06412 0.54124
1403638532977829376 0.06443 -0.06993 -0.02032 0.04159 0.83738 -0.06413 0.54125
1403638533077829632 0.06452 -0.06996 -0.02054 0.04161 0.83736 -0.06418 0.54127
1403638533177829632 0.06461 -0.06997 -0.02061 0.04160 0.83733 -0.06423 0.54132
1403638533277829376 0.06455 -0.06996 -0.02061 0.04159 0.83731 -0.06427 0.54135
1403638533377829632 0.06468 -0.07000 -0.02075 0.04165 0.83729 -0.06424 0.54137
1403638533477829376 0.06483 -0.07003 -0.02088 0.04165 0.83727 -0.06428 0.54139
1403638533577829632 0.06488 -0.07003 -0.02099 0.04166 0.83727 -0.06432 0.54139
1403638533677829632 0.06495 -0.07003 -0.02106 0.04165 0.83725 -0.06436 0.54143
1403638533777829376 0.06490 -0.07005 -0.02107 0.04167 0.83722 -0.06441 0.54146
1403638533877829632 0.06498 -0.07008 -0.02112 0.04148 0.83725 -0.06416 0.54146
1403638533977829376 0.06505 -0.07014 -0.02108 0.04161 0.83723 -0.06440 0.54145
1403638534077829632 0.06487 -0.07015 -0.02099 0.04202 0.83715 -0.06478 0.54150
1403638534177829632 0.06489 -0.07019 -0.02095 0.04166 0.83718 -0.06456 0.54150
1403638534277829376 0.06489 -0.07008 -0.02098 0.04144 0.83724 -0.06448 0.54143
1403638534377829632 0.06485 -0.07004 -0.02090 0.04147 0.83722 -0.06451 0.54146
1403638534477829376 0.06495 -0.07022 -0.02093 0.04159 0.83724 -0.06478 0.54139
1403638534577829632 0.06494 -0.07017 -0.02095 0.04146 0.83733 -0.06446 0.54130
1403638534677829632 0.06511 -0.07014 -0.02110 0.04128 0.83731 -0.06430 0.54137
1403638534777829376 0.06507 -0.07026 -0.02108 0.04135 0.83731 -0.06419 0.54137
1403638534877829632 0.06516 -0.07019 -0.02109 0.04167 0.83725 -0.06436 0.54142
1403638534977829376 0.06500 -0.07023 -0.02101 0.04170 0.83727 -0.06436 0.54138
1403638535077829632 0.06481 -0.07020 -0.02085 0.04156 0.83730 -0.06437 0.54134
1403638535177829632 0.06484 -0.07017 -0.02081 0.04148 0.83727 -0.06440 0.54140
1403638535277829376 0.06481 -0.07015 -0.02083 0.04141 0.83726 -0.06441 0.54141
1403638535377829632 0.06480 -0.07010 -0.02073 0.04141 0.83722 -0.06435 0.54149
1403638535477829376 0.06496 -0.07007 -0.02081 0.04144 0.83718 -0.06427 0.54155
1403638535577829632 0.06497 -0.07011 -0.02082 0.04135 0.83718 -0.06419 0.54157
1403638535677829632 0.06495 -0.07012 -0.02080 0.04126 0.83716 -0.06418 0.54161
1403638535777829376 0.06494 -0.07014 -0.02082 0.04126 0.83713 -0.06415 0.54166
1403638535877829632 0.06488 -0.07011 -0.02073 0.04115 0.83714 -0.06409 0.54166
1403638535977829376 0.06495 -0.07010 -0.02082 0.04111 0.83717 -0.06409 0.54161
1403638536077829632 0.06504 -0.07007 -0.02085 0.04106 0.83710 -0.06413 0.54172
1403638536177829632 0.06499 -0.07011 -0.02073 0.04100 0.83709 -0.06411 0.54175
1403638536277829376 0.06497 -0.07012 -0.02073 0.04098 0.83708 -0.06398 0.54178
1403638536377829632 0.06502 -0.07015 -0.02074 0.04095 0.83704 -0.06397 0.54184
1403638536477829376 0.06516 -0.07014 -0.02084 0.04096 0.83703 -0.06395 0.54186
1403638536577829632 0.06518 -0.07008 -0.02093 0.04085 0.83700 -0.06392 0.54192
1403638536677829632 0.06515 -0.07012 -0.02084 0.04081 0.83701 -0.06389 0.54191
1403638536777829376 0.06504 -0.07008 -0.02081 0.04083 0.83696 -0.06389 0.54199
1403638536877829632 0.06501 -0.07010 -0.02075 0.04069 0.83688 -0.06394 0.54212
1403638536977829376 0.06508 -0.07009 -0.02076 0.04060 0.83688 -0.06393 0.54212
1403638537077829632 0.06512 -0.07006 -0.02075 0.04058 0.83687 -0.06381 0.54216
1403638537177829632 0.06517 -0.07008 -0.02071 0.04070 0.83682 -0.06377 0.54222
1403638537277829376 0.06521 -0.07009 -0.02072 0.04080 0.83683 -0.06367 0.54222
1403638537377829632 0.06515 -0.07010 -0.02072 0.04074 0.83678 -0.06362 0.54230
1403638537477829376 0.06516 -0.07008 -0.02064 0.04066 0.83676 -0.06356 0.54235
1403638537577829632 0.06515 -0.07006 -0.02060 0.04067 0.83678 -0.06339 0.54234
1403638537677829632 0.06511 -0.07006 -0.02053 0.04070 0.83678 -0.06340 0.54233
1403638537777829376 0.06507 -0.07001 -0.02050 0.04064 0.83673 -0.06342 0.54241
1403638537877829632 0.06523 -0.07000 -0.02058 0.04074 0.83673 -0.06331 0.54242
1403638537977829376 0.06515 -0.06999 -0.02046 0.04075 0.83668 -0.06342 0.54247
1403638538077829632 0.06508 -0.07000 -0.02034 0.04069 0.83667 -0.06340 0.54251
1403638538177829632 0.06513 -0.07004 -0.02034 0.04070 0.83665 -0.06333 0.54254
1403638538277829376 0.06535 -0.07005 -0.02059 0.04068 0.83662 -0.06320 0.54260
1403638538377829632 0.06522 -0.07003 -0.02042 0.04084 0.83657 -0.06316 0.54267
1403638538477829376 0.06510 -0.07004 -0.02025 0.04081 0.83658 -0.06317 0.54267
1403638538577829632 0.06507 -0.07001 -0.02014 0.04104 0.83655 -0.06318 0.54269
1403638538677829632 0.06512 -0.07009 -0.02012 0.04085 0.83637 -0.06327 0.54297
1403638538777829376 0.06515 -0.07049 -0.02012 0.04061 0.83559 -0.06308 0.54421
1403638538877829632 0.06683 -0.06961 -0.01947 0.03995 0.83462 -0.06252 0.54581
1403638538977829376 0.06997 -0.06940 -0.01644 0.04077 0.82988 -0.06166 0.55302
1403638539077829632 0.07492 -0.06955 -0.01270 0.04231 0.82432 -0.06311 0.56100
1403638539177829632 0.08444 -0.06976 -0.00608 0.04155 0.81901 -0.06349 0.56873
1403638539277829376 0.09481 -0.07029 0.00872 0.04127 0.81536 -0.06268 0.57407
1403638539377829632 0.10520 -0.07105 0.03113 0.04077 0.81633 -0.06215 0.57278
1403638539477829376 0.11438 -0.07171 0.06116 0.04042 0.81838 -0.06115 0.56999
1403638539577829632 0.12324 -0.07261 0.09450 0.04011 0.81932 -0.05982 0.56879
1403638539677829632 0.13413 -0.07362 0.12201 0.03855 0.81991 -0.05940 0.56809
1403638539777829376 0.14512 -0.07469 0.13890 0.03886 0.82119 -0.05757 0.56641
1403638539877829632 0.15621 -0.07515 0.14847 0.03794 0.82374 -0.05698 0.56282
1403638539977829376 0.17112 -0.07569 0.15642 0.03616 0.82830 -0.05674 0.55623
1403638540077829632 0.19201 -0.07727 0.16334 0.03596 0.83422 -0.05669 0.54733
1403638540177829632 0.21750 -0.07853 0.17017 0.03567 0.83818 -0.05648 0.54129
1403638540277829376 0.25335 -0.08185 0.17831 0.03617 0.83403 -0.05512 0.54776
1403638540377829632 0.29040 -0.08359 0.18840 0.03688 0.82798 -0.05305 0.55703
1403638540477829376 0.33227 -0.08459 0.19477 0.03372 0.82573 -0.04705 0.56109
1403638540577829632 0.37942 -0.08471 0.20165 0.02646 0.82607 -0.03561 0.56182
1403638540677829632 0.42795 -0.08430 0.20759 0.01808 0.82634 -0.01844 0.56258
1403638540777829376 0.48030 -0.08103 0.21145 0.01020 0.82562 0.00551 0.56410
1403638540877829632 0.53369 -0.07365 0.21502 -0.00007 0.82508 0.03343 0.56403
1403638540977829376 0.58758 -0.06273 0.21737 -0.01379 0.82364 0.05963 0.56380
1403638541077829632 0.64091 -0.04517 0.21900 -0.02748 0.82153 0.07898 0.56400
1403638541177829632 0.69209 -0.02228 0.21804 -0.03713 0.81985 0.09203 0.56391
1403638541277829376 0.74756 0.00369 0.21317 -0.04217 0.81911 0.10066 0.56316
1403638541377829632 0.80293 0.03216 0.21415 -0.04517 0.81898 0.10423 0.56246
1403638541477829376 0.85691 0.06691 0.21973 -0.04624 0.81877 0.10435 0.56266
1403638541577829632 0.91082 0.10486 0.23257 -0.04559 0.81734 0.10495 0.56469
1403638541677829632 0.96724 0.15181 0.25240 -0.04971 0.81561 0.10786 0.56629
1403638541777829376 1.02239 0.20198 0.27957 -0.05965 0.81426 0.11344 0.56617
1403638541877829632 1.07478 0.25711 0.31090 -0.07163 0.81287 0.12230 0.56493
1403638541977829376 1.12479 0.31496 0.33961 -0.08337 0.81182 0.13654 0.56157
1403638542077829632 1.17070 0.37394 0.36358 -0.09725 0.80971 0.15339 0.55802
1403638542177829632 1.21845 0.43444 0.38135 -0.11252 0.80593 0.17313 0.55484
1403638542277829376 1.26338 0.49534 0.39327 -0.12729 0.80202 0.19625 0.54959
1403638542377829632 1.30916 0.55899 0.40221 -0.14083 0.79435 0.21779 0.54931
1403638542477829376 1.35640 0.62308 0.40758 -0.14689 0.78080 0.23800 0.55869
1403638542577829632 1.40238 0.69138 0.41275 -0.14277 0.76867 0.25630 0.56839
1403638542677829632 1.44069 0.76086 0.41903 -0.14348 0.76515 0.26564 0.56868
1403638542777829376 1.47318 0.83720 0.43282 -0.15240 0.76906 0.26430 0.56167
1403638542877829632 1.49480 0.91285 0.45140 -0.15949 0.77417 0.26129 0.55402
1403638542977829376 1.51304 0.99108 0.47751 -0.16395 0.77856 0.25817 0.54801
1403638543077829632 1.52738 1.06905 0.50538 -0.16699 0.78195 0.25516 0.54366
1403638543177829632 1.54801 1.15004 0.53212 -0.16739 0.78312 0.25272 0.54298
1403638543277829376 1.56392 1.22847 0.54980 -0.16776 0.78337 0.25036 0.54361
1403638543377829632 1.58282 1.31143 0.56162 -0.16711 0.78454 0.24935 0.54259
1403638543477829376 1.59945 1.39371 0.57020 -0.16937 0.78353 0.25378 0.54128
1403638543577829632 1.61839 1.47882 0.57555 -0.17446 0.78064 0.26484 0.53854
1403638543677829632 1.63297 1.56374 0.57670 -0.18153 0.77501 0.28259 0.53531
1403638543777829376 1.64642 1.65194 0.58098 -0.19173 0.76705 0.30389 0.53153
1403638543877829632 1.66184 1.74622 0.59653 -0.20281 0.75729 0.32598 0.52831
1403638543977829376 1.67792 1.84094 0.61666 -0.21659 0.74899 0.34412 0.52315
1403638544077829632 1.69256 1.93423 0.64108 -0.23119 0.74517 0.35519 0.51489
1403638544177829632 1.70646 2.03038 0.66370 -0.24163 0.74204 0.36177 0.51002
1403638544277829376 1.72164 2.12581 0.68022 -0.24850 0.73942 0.36521 0.50806
1403638544377829632 1.73451 2.21368 0.69313 -0.25025 0.73866 0.36788 0.50639
1403638544477829376 1.75199 2.30849 0.70022 -0.24944 0.73921 0.36901 0.50516
1403638544577829632 1.77043 2.40445 0.70776 -0.25127 0.73657 0.36813 0.50874
1403638544677829632 1.79018 2.50181 0.72312 -0.25613 0.73018 0.36744 0.51597
1403638544777829376 1.80924 2.59554 0.73860 -0.25745 0.72939 0.36840 0.51574
1403638544877829632 1.82644 2.68654 0.75342 -0.25560 0.73268 0.37072 0.51030
1403638544977829376 1.84617 2.77747 0.76208 -0.25573 0.73363 0.37141 0.50837
1403638545077829632 1.86333 2.86503 0.76757 -0.25735 0.73241 0.37146 0.50928
1403638545177829632 1.88202 2.95631 0.76438 -0.25703 0.73211 0.37251 0.50910
1403638545277829376 1.89944 3.04594 0.75679 -0.25633 0.73153 0.37418 0.50907
1403638545377829632 1.91832 3.13657 0.74368 -0.25810 0.72887 0.37331 0.51261
1403638545477829376 1.93674 3.22647 0.72704 -0.26026 0.72881 0.37420 0.51095
1403638545577829632 1.95284 3.31622 0.71391 -0.26447 0.72664 0.38086 0.50695
1403638545677829632 1.97056 3.40637 0.70931 -0.27344 0.72117 0.39248 0.50110
1403638545777829376 1.98452 3.48967 0.71214 -0.28251 0.71349 0.40917 0.49365
1403638545877829632 2.00124 3.58010 0.71960 -0.29358 0.70295 0.42882 0.48558
1403638545977829376 2.01685 3.66904 0.73480 -0.30357 0.69057 0.45099 0.47703
1403638546077829632 2.03193 3.75723 0.75345 -0.31013 0.67867 0.46999 0.47152
1403638546177829632 2.04929 3.85230 0.76599 -0.31789 0.67004 0.48252 0.46602
1403638546277829376 2.06222 3.94102 0.77119 -0.32295 0.66531 0.49014 0.46133
1403638546377829632 2.07854 4.04354 0.77147 -0.32921 0.66383 0.49229 0.45673
1403638546477829376 2.09404 4.14181 0.76597 -0.33194 0.66351 0.49356 0.45385
1403638546577829632 2.10927 4.24062 0.75949 -0.33297 0.66150 0.49679 0.45249
1403638546677829632 2.12236 4.34119 0.76013 -0.33655 0.65674 0.50268 0.45026
1403638546777829376 2.13515 4.44515 0.77079 -0.33892 0.65230 0.50836 0.44857
1403638546877829632 2.14719 4.55416 0.78483 -0.33966 0.64872 0.51329 0.44758
1403638546977829376 2.15873 4.66274 0.80160 -0.33838 0.64548 0.51774 0.44811
1403638547077829632 2.16474 4.76814 0.80832 -0.33660 0.64288 0.52115 0.44923
1403638547177829632 2.17115 4.88072 0.81347 -0.33350 0.64095 0.52435 0.45057
1403638547277829376 2.17283 4.99673 0.80937 -0.33172 0.63952 0.52585 0.45218
1403638547377829632 2.16850 5.10780 0.80468 -0.33487 0.64096 0.52358 0.45044
1403638547477829376 2.16077 5.21992 0.79583 -0.33965 0.64400 0.51988 0.44680
1403638547577829632 2.15023 5.33236 0.77952 -0.34283 0.64740 0.51638 0.44350
1403638547677829632 2.14068 5.44645 0.76197 -0.34336 0.64867 0.51473 0.44316
1403638547777829376 2.12588 5.55688 0.73667 -0.34158 0.64790 0.51532 0.44497
1403638547877829632 2.11499 5.67780 0.71141 -0.33783 0.64516 0.51738 0.44940
1403638547977829376 2.10017 5.79633 0.68735 -0.33801 0.64503 0.51775 0.44903
1403638548077829632 2.07836 5.91518 0.66825 -0.34080 0.64459 0.51996 0.44497
1403638548177829632 2.05853 6.04642 0.66010 -0.34532 0.64084 0.52542 0.44046
1403638548277829376 2.03246 6.18101 0.65815 -0.35216 0.63436 0.53400 0.43407
1403638548377829632 2.00522 6.29879 0.66687 -0.35996 0.62496 0.54546 0.42700
1403638548477829376 1.98078 6.44294 0.68201 -0.36805 0.61553 0.55602 0.42012
1403638548577829632 1.95608 6.57563 0.69783 -0.37460 0.60771 0.56393 0.41516
1403638548677829632 1.93061 6.69925 0.70910 -0.37950 0.60221 0.56944 0.41117
1403638548777829376 1.90672 6.82960 0.71856 -0.38231 0.59834 0.57349 0.40858
1403638548877829632 1.88179 6.93869 0.73526 -0.38391 0.59604 0.57627 0.40653
1403638548977829376 1.85634 7.06555 0.75796 -0.38539 0.59493 0.57732 0.40526
1403638549077829632 1.83076 7.19677 0.78391 -0.38592 0.59466 0.57780 0.40447
1403638549177829632 1.80558 7.31845 0.81625 -0.38719 0.59451 0.57690 0.40476
1403638549277829376 1.77916 7.45060 0.85243 -0.38790 0.59537 0.57591 0.40421
1403638549377829632 1.75513 7.58190 0.89521 -0.39018 0.59686 0.57360 0.40311
1403638549477829376 1.72939 7.71475 0.93363 -0.39203 0.59828 0.57146 0.40224
1403638549577829632 1.70415 7.84919 0.96627 -0.39344 0.59829 0.56977 0.40326
1403638549677829632 1.68029 7.98342 0.99469 -0.39476 0.59777 0.56825 0.40488
1403638549777829376 1.65975 8.11670 1.02330 -0.39320 0.59794 0.56883 0.40534
1403638549877829632 1.64025 8.25425 1.05872 -0.39218 0.59950 0.56900 0.40378
1403638549977829376 1.62160 8.39564 1.10102 -0.39184 0.60039 0.56910 0.40264
1403638550077829632 1.60361 8.53999 1.15195 -0.39208 0.60076 0.56885 0.40219
1403638550177829632 1.58796 8.68728 1.20994 -0.39280 0.60129 0.56873 0.40087
1403638550277829376 1.57326 8.83463 1.27560 -0.39228 0.60088 0.56959 0.40077
1403638550377829632 1.55949 8.98477 1.34440 -0.39226 0.59993 0.57002 0.40162
1403638550477829376 1.54629 9.13590 1.40559 -0.39499 0.60050 0.56846 0.40030
1403638550577829632 1.53512 9.28887 1.45909 -0.39881 0.60115 0.56611 0.39887
1403638550677829632 1.52748 9.43609 1.50920 -0.40357 0.59953 0.56279 0.40121
1403638550777829376 1.52339 9.58677 1.55109 -0.40651 0.59873 0.56062 0.40247
1403638550877829632 1.52366 9.72988 1.59099 -0.41234 0.59491 0.55643 0.40798
1403638550977829376 1.52800 9.86816 1.62386 -0.41805 0.59059 0.55202 0.41437
1403638551077829632 1.53485 9.99734 1.65193 -0.42183 0.58799 0.54917 0.41801
1403638551177829632 1.54426 10.11995 1.68575 -0.42630 0.58839 0.54638 0.41657
1403638551277829376 1.55824 10.23450 1.72491 -0.42704 0.59011 0.54525 0.41486
1403638551377829632 1.57779 10.34012 1.76677 -0.42242 0.59774 0.54221 0.41265
1403638551477829376 1.60375 10.44365 1.80403 -0.41509 0.61021 0.53285 0.41402
1403638551577829632 1.63674 10.54177 1.83560 -0.40896 0.62519 0.51649 0.41849
1403638551677829632 1.67722 10.64266 1.86208 -0.40216 0.64208 0.49797 0.42193
1403638551777829376 1.72625 10.73568 1.88398 -0.39296 0.65612 0.47940 0.43041
1403638551877829632 1.78335 10.83376 1.89995 -0.38268 0.66669 0.46375 0.44048
1403638551977829376 1.84728 10.91626 1.91929 -0.37064 0.67002 0.45601 0.45360
1403638552077829632 1.91517 10.98889 1.94618 -0.36090 0.67155 0.45088 0.46420
1403638552177829632 1.98712 11.05752 1.97969 -0.35496 0.67644 0.44774 0.46472
1403638552277829376 2.06235 11.11690 2.01671 -0.35078 0.68044 0.44670 0.46306
1403638552377829632 2.14117 11.17358 2.05345 -0.35275 0.68145 0.44390 0.46277
1403638552477829376 2.22350 11.22343 2.08578 -0.35991 0.67776 0.43843 0.46786
1403638552577829632 2.30983 11.26716 2.11272 -0.36534 0.67406 0.43501 0.47216
1403638552677829632 2.39927 11.30141 2.13440 -0.36591 0.67180 0.43625 0.47379
1403638552777829376 2.49194 11.32711 2.14937 -0.36526 0.67120 0.43850 0.47307
1403638552877829632 2.58777 11.34519 2.15953 -0.36312 0.66985 0.44247 0.47293
1403638552977829376 2.68599 11.35450 2.16537 -0.35877 0.66755 0.44853 0.47379
1403638553077829632 2.78557 11.35916 2.16584 -0.35510 0.66532 0.45396 0.47452
1403638553177829632 2.88527 11.35805 2.16420 -0.36053 0.66146 0.45270 0.47703
1403638553277829376 2.98504 11.35048 2.16257 -0.36778 0.65567 0.44954 0.48245
1403638553377829632 3.08528 11.33293 2.16647 -0.36943 0.65043 0.45045 0.48740
1403638553477829376 3.18380 11.30475 2.17526 -0.36591 0.64497 0.45405 0.49393
1403638553577829632 3.27786 11.26415 2.18968 -0.36280 0.64069 0.45700 0.49906
1403638553677829632 3.37219 11.21225 2.21098 -0.36069 0.63964 0.45937 0.49974
1403638553777829376 3.45952 11.14981 2.23956 -0.35885 0.64010 0.46126 0.49874
1403638553877829632 3.54136 11.08150 2.27641 -0.35657 0.64195 0.46282 0.49655
1403638553977829376 3.62468 11.00969 2.31313 -0.35595 0.64497 0.46332 0.49260
1403638554077829632 3.69867 10.92780 2.34504 -0.35449 0.64828 0.46428 0.48837
1403638554177829632 3.77776 10.84447 2.37157 -0.34975 0.65117 0.46803 0.48436
1403638554277829376 3.84675 10.75165 2.38847 -0.34192 0.65706 0.47382 0.47629
1403638554377829632 3.91641 10.66009 2.40189 -0.33611 0.66030 0.47842 0.47133
1403638554477829376 3.98169 10.56820 2.41188 -0.33352 0.66167 0.48063 0.46899
1403638554577829632 4.05455 10.48820 2.42206 -0.33473 0.66249 0.48049 0.46712
1403638554677829632 4.11844 10.40234 2.43101 -0.34065 0.66471 0.47672 0.46352
1403638554777829376 4.18423 10.31871 2.44624 -0.34565 0.66531 0.47356 0.46219
1403638554877829632 4.25388 10.24230 2.46811 -0.34870 0.66551 0.47171 0.46152
1403638554977829376 4.32144 10.16388 2.49099 -0.35129 0.66619 0.46863 0.46171
1403638555077829632 4.39303 10.08620 2.50471 -0.34768 0.66939 0.46439 0.46408
1403638555177829632 4.46010 9.99909 2.51231 -0.34110 0.67540 0.45773 0.46687
1403638555277829376 4.53163 9.91268 2.51392 -0.33504 0.68155 0.44965 0.47016
1403638555377829632 4.60547 9.82675 2.51383 -0.32794 0.68475 0.44492 0.47499
1403638555477829376 4.68048 9.74006 2.51089 -0.32213 0.68687 0.44185 0.47876
1403638555577829632 4.75419 9.65100 2.50573 -0.31979 0.68819 0.43921 0.48086
1403638555677829632 4.82768 9.56145 2.50637 -0.31918 0.68992 0.43756 0.48029
1403638555777829376 4.90173 9.47389 2.52087 -0.31816 0.69114 0.43790 0.47890
1403638555877829632 4.97302 9.38130 2.53803 -0.31752 0.69113 0.43889 0.47843
1403638555977829376 5.04564 9.29399 2.56087 -0.31620 0.68985 0.44064 0.47954
1403638556077829632 5.11918 9.20636 2.58664 -0.31472 0.68995 0.44200 0.47913
1403638556177829632 5.19138 9.12475 2.61020 -0.31374 0.69435 0.44253 0.47288
1403638556277829376 5.26576 9.03960 2.62452 -0.31235 0.69758 0.44355 0.46806
1403638556377829632 5.34117 8.95809 2.63514 -0.31121 0.69966 0.44429 0.46500
1403638556477829376 5.41843 8.88792 2.64705 -0.30873 0.70282 0.44557 0.46065
1403638556577829632 5.49870 8.81723 2.65699 -0.30832 0.70574 0.44518 0.45682
1403638556677829632 5.58180 8.75120 2.66834 -0.31586 0.70818 0.43909 0.45378
1403638556777829376 5.66941 8.70615 2.69178 -0.32215 0.70518 0.43440 0.45852
1403638556877829632 5.76306 8.67387 2.72279 -0.32784 0.70382 0.43041 0.46034
1403638556977829376 5.86207 8.61845 2.75309 -0.33133 0.70232 0.42787 0.46249
1403638557077829632 5.96755 8.57062 2.77833 -0.32995 0.70089 0.42942 0.46421
1403638557177829632 6.07580 8.51643 2.79646 -0.32842 0.69927 0.43107 0.46620
1403638557277829376 6.18911 8.47393 2.80679 -0.32740 0.69827 0.43230 0.46728
1403638557377829632 6.30342 8.42333 2.81387 -0.32506 0.69700 0.43455 0.46871
1403638557477829376 6.42165 8.37166 2.82359 -0.31970 0.69400 0.43897 0.47272
1403638557577829632 6.53830 8.32747 2.84102 -0.31531 0.69170 0.44216 0.47605
1403638557677829632 6.65701 8.27855 2.86420 -0.31288 0.69060 0.44409 0.47745
1403638557777829376 6.77331 8.22901 2.88791 -0.31288 0.69033 0.44371 0.47820
1403638557877829632 6.88755 8.18209 2.90579 -0.30992 0.69037 0.44504 0.47883
1403638557977829376 6.99946 8.14296 2.91592 -0.30698 0.69179 0.44658 0.47724
1403638558077829632 7.11030 8.09907 2.91955 -0.30589 0.69560 0.44727 0.47172
1403638558177829632 7.22385 8.06366 2.91897 -0.30294 0.70147 0.44880 0.46340
1403638558277829376 7.33600 8.02758 2.92422 -0.29930 0.70565 0.45040 0.45784
1403638558377829632 7.44998 7.99715 2.93798 -0.29468 0.70690 0.45307 0.45628
1403638558477829376 7.56381 7.97369 2.96161 -0.28829 0.71058 0.45663 0.45106
1403638558577829632 7.67995 7.95761 2.99269 -0.28956 0.71308 0.45527 0.44766
1403638558677829632 7.79489 7.95266 3.03017 -0.29777 0.71379 0.44863 0.44786
1403638558777829376 7.91381 7.95685 3.06758 -0.30553 0.71347 0.44246 0.44926
1403638558877829632 8.03677 7.96465 3.09809 -0.30806 0.71222 0.44028 0.45166
1403638558977829376 8.16112 7.97708 3.12092 -0.30978 0.70745 0.43901 0.45915
1403638559077829632 8.28373 7.99516 3.13387 -0.31025 0.70304 0.43871 0.46586
1403638559177829632 8.41159 8.01552 3.14119 -0.31049 0.69963 0.43911 0.47041
1403638559277829376 8.54061 8.03696 3.14326 -0.30841 0.69682 0.44147 0.47374
1403638559377829632 8.66898 8.06188 3.13822 -0.30473 0.69455 0.44475 0.47638
1403638559477829376 8.79509 8.08415 3.12953 -0.30265 0.69222 0.44699 0.47900
1403638559577829632 8.91858 8.10805 3.11580 -0.30163 0.69001 0.44860 0.48132
1403638559677829632 9.03875 8.13315 3.09875 -0.30228 0.68892 0.44883 0.48225
1403638559777829376 9.15547 8.16016 3.08580 -0.30266 0.68803 0.44960 0.48257
1403638559877829632 9.26840 8.18939 3.07818 -0.30397 0.68878 0.44887 0.48135
1403638559977829376 9.37949 8.21978 3.07122 -0.30286 0.69225 0.44297 0.48254
1403638560077829632 9.49131 8.25083 3.05877 -0.29748 0.69997 0.43017 0.48631
1403638560177829632 9.61205 8.28455 3.04196 -0.28783 0.70948 0.41232 0.49375
1403638560277829376 9.72443 8.31582 3.01837 -0.27557 0.72009 0.39118 0.50250
1403638560377829632 9.83458 8.34606 2.99246 -0.26435 0.72770 0.36697 0.51566
1403638560477829376 9.93891 8.37350 2.96261 -0.25159 0.73554 0.34180 0.52807
1403638560577829632 10.03964 8.39751 2.92774 -0.24026 0.74456 0.31496 0.53732
1403638560677829632 10.13253 8.41654 2.88769 -0.23056 0.75485 0.28695 0.54287
1403638560777829376 10.22387 8.43108 2.85136 -0.22322 0.76349 0.26134 0.54678
1403638560877829632 10.30976 8.43539 2.82125 -0.21237 0.76980 0.23843 0.55269
1403638560977829376 10.39614 8.43358 2.79983 -0.20000 0.77392 0.21739 0.56017
1403638561077829632 10.47982 8.42552 2.78429 -0.18767 0.77630 0.19742 0.56847
1403638561177829632 10.55946 8.40879 2.77597 -0.17672 0.77753 0.17974 0.57612
1403638561277829376 10.63448 8.38460 2.77548 -0.16979 0.77768 0.16632 0.58200
1403638561377829632 10.70176 8.35289 2.77740 -0.16070 0.78221 0.16143 0.57988
1403638561477829376 10.76566 8.31800 2.77658 -0.14718 0.78807 0.16503 0.57449
1403638561577829632 10.82519 8.27655 2.76979 -0.13756 0.79150 0.16970 0.57079
1403638561677829632 10.88266 8.23432 2.75957 -0.13378 0.79314 0.17256 0.56855
1403638561777829376 10.93560 8.18970 2.74310 -0.13291 0.79324 0.17492 0.56789
1403638561877829632 10.98674 8.14324 2.72183 -0.13049 0.79259 0.17564 0.56915
1403638561977829376 11.03533 8.09556 2.69618 -0.12534 0.79347 0.17133 0.57039
1403638562077829632 11.08113 8.04713 2.67239 -0.11806 0.79516 0.16264 0.57213
1403638562177829632 11.12664 7.99496 2.65986 -0.11088 0.79688 0.15326 0.57376
1403638562277829376 11.16666 7.94577 2.64810 -0.10463 0.79777 0.14527 0.57577
1403638562377829632 11.20255 7.89537 2.64283 -0.09887 0.79850 0.13361 0.57859
1403638562477829376 11.23532 7.84416 2.64175 -0.09117 0.80067 0.11779 0.58029
1403638562577829632 11.26670 7.79271 2.64709 -0.08180 0.80284 0.09790 0.58239
1403638562677829632 11.29554 7.74020 2.65628 -0.07325 0.80552 0.07391 0.58336
1403638562777829376 11.32395 7.68338 2.66554 -0.06470 0.80695 0.04790 0.58510
1403638562877829632 11.34659 7.62285 2.67143 -0.05142 0.80802 0.02344 0.58644
1403638562977829376 11.36391 7.56157 2.67178 -0.03707 0.80862 0.00092 0.58716
1403638563077829632 11.37917 7.49657 2.66624 -0.02828 0.80840 -0.02294 0.58751
1403638563177829632 11.39039 7.42662 2.65663 -0.01670 0.80820 -0.04232 0.58715
1403638563277829376 11.39617 7.35327 2.64452 -0.00538 0.80508 -0.05585 0.59050
1403638563377829632 11.39853 7.27453 2.62747 0.00094 0.79737 -0.06512 0.59997
1403638563477829376 11.39342 7.19178 2.60477 0.00202 0.79136 -0.07176 0.60713
1403638563577829632 11.37903 7.10429 2.58162 0.00749 0.79199 -0.07129 0.60631
1403638563677829632 11.35530 7.01283 2.56460 0.00762 0.79554 -0.07131 0.60164
1403638563777829376 11.32412 6.91668 2.55425 0.00462 0.79782 -0.07162 0.59861
1403638563877829632 11.28714 6.81614 2.55253 0.00150 0.79746 -0.07070 0.59921
1403638563977829376 11.24381 6.71021 2.55720 -0.00198 0.79643 -0.06899 0.60078
1403638564077829632 11.19332 6.59867 2.55942 -0.00645 0.79713 -0.06672 0.60007
1403638564177829632 11.13721 6.48200 2.55631 -0.00818 0.79712 -0.06201 0.60058
1403638564277829376 11.07536 6.35730 2.55321 -0.00741 0.79556 -0.05641 0.60320
1403638564377829632 11.00722 6.23030 2.55308 -0.00752 0.79421 -0.05129 0.60542
1403638564477829376 10.93244 6.09868 2.56000 -0.00686 0.79298 -0.04691 0.60741
1403638564577829632 10.84919 5.96315 2.57192 -0.00966 0.79479 -0.04637 0.60503
1403638564677829632 10.76195 5.82135 2.58842 -0.01494 0.79659 -0.04909 0.60234
1403638564777829376 10.66849 5.67637 2.59909 -0.01884 0.79727 -0.05207 0.60108
1403638564877829632 10.57056 5.52613 2.60000 -0.02112 0.79684 -0.05443 0.60136
1403638564977829376 10.46996 5.37020 2.58514 -0.02314 0.79642 -0.05602 0.60169
1403638565077829632 10.35963 5.20940 2.54670 -0.02435 0.79681 -0.05668 0.60107
1403638565177829632 10.24701 5.04337 2.49606 -0.02487 0.79761 -0.05679 0.59998
1403638565277829376 10.13085 4.87233 2.43665 -0.02320 0.79859 -0.05596 0.59882
1403638565377829632 10.01091 4.69632 2.37475 -0.02041 0.79962 -0.05468 0.59766
1403638565477829376 9.88688 4.51609 2.31420 -0.01742 0.79897 -0.05372 0.59871
1403638565577829632 9.75995 4.33173 2.26091 -0.01080 0.79686 -0.05145 0.60188
1403638565677829632 9.63141 4.14818 2.22009 0.00100 0.79666 -0.04548 0.60271
1403638565777829376 9.49643 3.96470 2.18335 0.01016 0.79936 -0.04113 0.59936
1403638565877829632 9.35515 3.78139 2.15298 0.01743 0.80151 -0.03789 0.59652
1403638565977829376 9.21045 3.59991 2.12549 0.01987 0.80331 -0.03848 0.59399
1403638566077829632 9.06263 3.42142 2.09153 0.02140 0.80430 -0.03885 0.59257
1403638566177829632 8.91310 3.24637 2.04948 0.01931 0.80444 -0.04025 0.59235
1403638566277829376 8.76082 3.07023 1.99654 0.01974 0.80405 -0.03929 0.59294
1403638566377829632 8.60987 2.89756 1.93668 0.01988 0.80505 -0.03814 0.59165
1403638566477829376 8.45913 2.73350 1.87270 0.01654 0.80526 -0.03884 0.59142
1403638566577829632 8.31033 2.56987 1.80098 0.01579 0.80844 -0.03697 0.58721
1403638566677829632 8.16187 2.41472 1.72213 0.01505 0.81778 -0.03515 0.57426
1403638566777829376 8.01865 2.26545 1.63955 0.01443 0.82950 -0.03335 0.55733
1403638566877829632 7.88212 2.12362 1.55565 0.01297 0.83755 -0.03220 0.54525
1403638566977829376 7.75265 1.98429 1.46842 0.01311 0.84148 -0.02941 0.53933
1403638567077829632 7.63428 1.84830 1.38324 0.01293 0.83338 -0.02793 0.55185
1403638567177829632 7.52333 1.71270 1.29558 0.01490 0.82105 -0.02574 0.57009
1403638567277829376 7.41224 1.57429 1.20249 0.01791 0.81233 -0.02384 0.58243
1403638567377829632 7.31117 1.44627 1.10379 0.02076 0.81053 -0.02308 0.58488
1403638567477829376 7.20736 1.32044 1.00976 0.02266 0.81139 -0.02389 0.58357
1403638567577829632 7.10320 1.19787 0.92278 0.02400 0.81499 -0.02549 0.57841
1403638567677829632 7.00223 1.07985 0.84606 0.02731 0.81835 -0.02587 0.57349
1403638567777829376 6.90117 0.96768 0.77871 0.02937 0.82168 -0.02638 0.56858
1403638567877829632 6.80896 0.86012 0.72023 0.02858 0.82519 -0.02852 0.56341
1403638567977829376 6.72467 0.75615 0.66806 0.02852 0.82622 -0.02943 0.56185
1403638568077829632 6.64894 0.65827 0.62518 0.03146 0.82613 -0.02753 0.56192
1403638568177829632 6.57246 0.56330 0.58988 0.03346 0.82543 -0.02619 0.56290
1403638568277829376 6.49643 0.47428 0.56035 0.03453 0.82527 -0.02652 0.56306
1403638568377829632 6.42920 0.39218 0.53355 0.03463 0.82575 -0.02690 0.56232
1403638568477829376 6.36416 0.31296 0.50167 0.03505 0.82662 -0.02676 0.56104
1403638568577829632 6.30073 0.23963 0.46443 0.03611 0.82795 -0.02623 0.55903
1403638568677829632 6.23956 0.16990 0.42622 0.03746 0.82969 -0.02489 0.55640
1403638568777829376 6.18514 0.10518 0.38835 0.03717 0.83099 -0.02497 0.55448
1403638568877829632 6.12943 0.04634 0.36084 0.03529 0.83028 -0.02669 0.55559
1403638568977829376 6.08375 -0.01048 0.33855 0.03714 0.82971 -0.02496 0.55639
1403638569077829632 6.04030 -0.05957 0.32743 0.03869 0.82943 -0.02402 0.55675
1403638569177829632 6.00544 -0.10468 0.32008 0.03928 0.83023 -0.02397 0.55552
1403638569277829376 5.96547 -0.14733 0.31388 0.04137 0.83139 -0.02297 0.55367
1403638569377829632 5.93702 -0.18263 0.30223 0.04222 0.83129 -0.02271 0.55376
1403638569477829376 5.90934 -0.21381 0.28673 0.04278 0.82982 -0.02231 0.55594
1403638569577829632 5.89121 -0.23725 0.26785 0.04350 0.82853 -0.02196 0.55782
1403638569677829632 5.87564 -0.25831 0.25322 0.04252 0.82739 -0.02288 0.55955
1403638569777829376 5.86448 -0.27090 0.24659 0.04345 0.82653 -0.02223 0.56077
1403638569877829632 5.85215 -0.28026 0.24530 0.04449 0.82524 -0.02113 0.56263
1403638569977829376 5.84950 -0.28057 0.24811 0.04325 0.82372 -0.02196 0.56492
1403638570077829632 5.84990 -0.27588 0.24808 0.04092 0.82314 -0.02349 0.56588
1403638570177829632 5.85143 -0.26791 0.24217 0.03595 0.82331 -0.02627 0.56585
1403638570277829376 5.85112 -0.25689 0.22904 0.02838 0.82276 -0.03091 0.56684
1403638570377829632 5.85715 -0.24630 0.21417 0.02201 0.82251 -0.03821 0.56704
1403638570477829376 5.86358 -0.23544 0.19158 0.01774 0.82197 -0.05386 0.56670
1403638570577829632 5.86880 -0.22994 0.16230 0.01070 0.81927 -0.08089 0.56757
1403638570677829632 5.87136 -0.23289 0.12924 0.01149 0.81402 -0.10998 0.57021
1403638570777829376 5.87366 -0.24461 0.09483 0.01872 0.80281 -0.13768 0.57982
1403638570877829632 5.86794 -0.26879 0.06043 0.03122 0.79105 -0.16220 0.58903
1403638570977829376 5.85425 -0.30142 0.02105 0.04671 0.78275 -0.18364 0.59279
1403638571077829632 5.83416 -0.34491 -0.02238 0.06352 0.77991 -0.20273 0.58873
1403638571177829632 5.80449 -0.39523 -0.06361 0.08511 0.78239 -0.21528 0.57816
1403638571277829376 5.76903 -0.45453 -0.09594 0.10526 0.78353 -0.22185 0.57078
1403638571377829632 5.72841 -0.51833 -0.11805 0.11784 0.78282 -0.22720 0.56718
1403638571477829376 5.68016 -0.58644 -0.12959 0.12367 0.77997 -0.23191 0.56795
1403638571577829632 5.62883 -0.65663 -0.13803 0.13052 0.77754 -0.23608 0.56803
1403638571677829632 5.57394 -0.72954 -0.15090 0.13668 0.77718 -0.24542 0.56310
1403638571777829376 5.51579 -0.80632 -0.16987 0.14467 0.77654 -0.25876 0.55596
1403638571877829632 5.45465 -0.88588 -0.19278 0.15194 0.77346 -0.27634 0.54983
1403638571977829376 5.39160 -0.96938 -0.21235 0.15970 0.76728 -0.29623 0.54593
1403638572077829632 5.32395 -1.05629 -0.22475 0.16885 0.76020 -0.31531 0.54237
1403638572177829632 5.25226 -1.14682 -0.22783 0.18463 0.75324 -0.33036 0.53796
1403638572277829376 5.17713 -1.23996 -0.22513 0.19875 0.74882 -0.34684 0.52865
1403638572377829632 5.10177 -1.33676 -0.22455 0.21187 0.74386 -0.36507 0.51818
1403638572477829376 5.02498 -1.43727 -0.22794 0.22583 0.73976 -0.37807 0.50874
1403638572577829632 4.95024 -1.54047 -0.23170 0.23675 0.73586 -0.38665 0.50295
1403638572677829632 4.87798 -1.64806 -0.23490 0.24260 0.73404 -0.39200 0.49867
1403638572777829376 4.80859 -1.76019 -0.23027 0.25039 0.73542 -0.39172 0.49297
1403638572877829632 4.74189 -1.87469 -0.21734 0.25402 0.73782 -0.39100 0.48808
1403638572977829376 4.68051 -1.99215 -0.19927 0.25468 0.73996 -0.38997 0.48531
1403638573077829632 4.62412 -2.11219 -0.18385 0.25398 0.74203 -0.38877 0.48347
1403638573177829632 4.57264 -2.23658 -0.17414 0.25212 0.74369 -0.38753 0.48289
1403638573277829376 4.52629 -2.36171 -0.16696 0.25049 0.74511 -0.38555 0.48313
1403638573377829632 4.48455 -2.49072 -0.15981 0.24971 0.74591 -0.38464 0.48303
1403638573477829376 4.44746 -2.62197 -0.14915 0.25280 0.74602 -0.38475 0.48116
1403638573577829632 4.41650 -2.75770 -0.13049 0.25448 0.74593 -0.38501 0.48020
1403638573677829632 4.38527 -2.89710 -0.10976 0.25737 0.74623 -0.38550 0.47780
1403638573777829376 4.36733 -3.03225 -0.08058 0.26438 0.74256 -0.38894 0.47691
1403638573877829632 4.35422 -3.17063 -0.05187 0.27799 0.73222 -0.39452 0.48055
1403638573977829376 4.34632 -3.30765 -0.02876 0.28975 0.71671 -0.40801 0.48570
1403638574077829632 4.34013 -3.44269 -0.01225 0.29545 0.69635 -0.42955 0.49325
1403638574177829632 4.33278 -3.57028 0.00178 0.30147 0.67407 -0.45352 0.49906
1403638574277829376 4.32182 -3.69784 0.00985 0.31080 0.65538 -0.47574 0.49755
1403638574377829632 4.30693 -3.82294 0.01242 0.32321 0.64207 -0.49562 0.48749
1403638574477829376 4.28565 -3.94746 0.01112 0.33668 0.63049 -0.51362 0.47468
1403638574577829632 4.25839 -4.06614 0.01394 0.34714 0.61984 -0.52774 0.46561
1403638574677829632 4.22664 -4.18269 0.02514 0.35904 0.61346 -0.53481 0.45688
1403638574777829376 4.19324 -4.29770 0.04077 0.36985 0.61331 -0.53728 0.44541
1403638574877829632 4.15918 -4.40791 0.05897 0.37126 0.61540 -0.54163 0.43599
1403638574977829376 4.12704 -4.51482 0.07159 0.36997 0.61778 -0.54486 0.42964
1403638575077829632 4.09378 -4.62220 0.07855 0.36243 0.61646 -0.55018 0.43119
1403638575177829632 4.05996 -4.73102 0.07977 0.35652 0.61387 -0.55342 0.43564
1403638575277829376 4.02330 -4.84178 0.07857 0.35303 0.61263 -0.55421 0.43922
1403638575377829632 3.98318 -4.95387 0.07231 0.34982 0.61605 -0.55412 0.43710
1403638575477829376 3.94112 -5.06598 0.06253 0.34805 0.62156 -0.55246 0.43279
1403638575577829632 3.89623 -5.18345 0.05171 0.34713 0.62666 -0.54989 0.42943
1403638575677829632 3.85037 -5.30321 0.04769 0.35067 0.63304 -0.54457 0.42395
1403638575777829376 3.80418 -5.42601 0.05168 0.35176 0.63961 -0.54147 0.41711
1403638575877829632 3.76025 -5.55510 0.06528 0.35167 0.64388 -0.53928 0.41343
1403638575977829376 3.72177 -5.68636 0.08874 0.35121 0.64424 -0.53850 0.41428
1403638576077829632 3.68482 -5.82451 0.12164 0.35175 0.64492 -0.53697 0.41475
1403638576177829632 3.65102 -5.96818 0.15656 0.35253 0.64337 -0.53653 0.41706
1403638576277829376 3.62023 -6.11742 0.18965 0.35650 0.64394 -0.53390 0.41618
1403638576377829632 3.59377 -6.26748 0.21726 0.36110 0.64546 -0.53088 0.41371
1403638576477829376 3.57170 -6.42287 0.23771 0.36492 0.64807 -0.52828 0.40958
1403638576577829632 3.55632 -6.58069 0.25217 0.36948 0.65215 -0.52531 0.40278
1403638576677829632 3.54970 -6.73625 0.26551 0.37266 0.65363 -0.52311 0.40032
1403638576777829376 3.55063 -6.89685 0.27428 0.37754 0.65127 -0.51939 0.40440
1403638576877829632 3.55706 -7.06090 0.27796 0.38017 0.64631 -0.51760 0.41212
1403638576977829376 3.57452 -7.21954 0.27368 0.37820 0.63994 -0.51935 0.42157
1403638577077829632 3.59462 -7.38317 0.27002 0.37387 0.63622 -0.52268 0.42690
1403638577177829632 3.61899 -7.54259 0.27301 0.37096 0.63353 -0.52476 0.43087
1403638577277829376 3.64650 -7.69693 0.28349 0.37130 0.63409 -0.52451 0.43007
1403638577377829632 3.67401 -7.85910 0.30347 0.37791 0.63836 -0.51946 0.42407
1403638577477829376 3.70846 -8.01060 0.32989 0.38227 0.64082 -0.51618 0.42045
1403638577577829632 3.74953 -8.15729 0.35160 0.37945 0.64077 -0.51795 0.42091
1403638577677829632 3.79475 -8.30462 0.36746 0.37605 0.63977 -0.52007 0.42286
1403638577777829376 3.84383 -8.45058 0.37484 0.37330 0.63933 -0.52161 0.42407
1403638577877829632 3.89505 -8.59869 0.37342 0.37300 0.63955 -0.52127 0.42441
1403638577977829376 3.95029 -8.74303 0.37417 0.37369 0.64018 -0.51983 0.42463
1403638578077829632 4.01030 -8.88704 0.37977 0.37258 0.63942 -0.51977 0.42680
1403638578177829632 4.07361 -9.01906 0.39056 0.36805 0.63644 -0.52214 0.43226
1403638578277829376 4.13982 -9.16228 0.40904 0.35948 0.63168 -0.52768 0.43967
1403638578377829632 4.20279 -9.29611 0.42567 0.35746 0.62931 -0.52931 0.44273
1403638578477829376 4.26396 -9.43537 0.43673 0.35755 0.62896 -0.52968 0.44273
1403638578577829632 4.32325 -9.56642 0.44199 0.35766 0.62834 -0.53040 0.44266
1403638578677829632 4.38161 -9.70188 0.44407 0.36009 0.62823 -0.52923 0.44225
1403638578777829376 4.43812 -9.83500 0.44267 0.36539 0.63080 -0.52580 0.43831
1403638578877829632 4.49307 -9.95337 0.43863 0.37071 0.63348 -0.52218 0.43430
1403638578977829376 4.55275 -10.08894 0.43522 0.37306 0.63492 -0.52002 0.43276
1403638579077829632 4.60967 -10.20240 0.43866 0.37358 0.63549 -0.51903 0.43266
1403638579177829632 4.67254 -10.32850 0.45279 0.37406 0.63558 -0.51820 0.43312
1403638579277829376 4.73785 -10.44804 0.47074 0.37184 0.63462 -0.51926 0.43516
1403638579377829632 4.80499 -10.56851 0.49126 0.36601 0.63153 -0.52296 0.44013
1403638579477829376 4.86468 -10.67054 0.50313 0.36024 0.62727 -0.52678 0.44639
1403638579577829632 4.93031 -10.78798 0.51352 0.35887 0.62483 -0.52409 0.45402
1403638579677829632 4.98803 -10.88652 0.51507 0.36099 0.62543 -0.51193 0.46526
1403638579777829376 5.04626 -10.98429 0.51120 0.35945 0.63584 -0.49297 0.47273
1403638579877829632 5.10546 -11.07776 0.50351 0.34889 0.65583 -0.47183 0.47491
1403638579977829376 5.17248 -11.17525 0.50016 0.33189 0.67596 -0.44701 0.48281
1403638580077829632 5.23501 -11.26617 0.48711 0.31730 0.69061 -0.41256 0.50216
1403638580177829632 5.29892 -11.35166 0.47778 0.29721 0.70508 -0.37582 0.52277
1403638580277829376 5.35919 -11.42180 0.45539 0.27076 0.72214 -0.34111 0.53745
1403638580377829632 5.41776 -11.48706 0.42913 0.24047 0.73844 -0.31498 0.54559
1403638580477829376 5.45860 -11.52338 0.39326 0.21439 0.74997 -0.29839 0.55004
1403638580577829632 5.47548 -11.53583 0.35183 0.19650 0.75717 -0.28428 0.55431
1403638580677829632 5.52100 -11.59259 0.31915 0.18127 0.76724 -0.26991 0.55284
1403638580777829376 5.55016 -11.63502 0.28736 0.17087 0.77726 -0.25473 0.54935
1403638580877829632 5.58932 -11.69160 0.26953 0.16621 0.78416 -0.24408 0.54579
1403638580977829376 5.62480 -11.74425 0.26268 0.16031 0.78562 -0.24068 0.54697
1403638581077829632 5.65946 -11.78938 0.26737 0.15929 0.78659 -0.23913 0.54655
1403638581177829632 5.68869 -11.82990 0.27932 0.16189 0.78650 -0.23757 0.54659
1403638581277829376 5.71289 -11.86698 0.29262 0.16590 0.78657 -0.23722 0.54545
1403638581377829632 5.73813 -11.89744 0.31355 0.16931 0.78528 -0.23848 0.54571
1403638581477829376 5.76147 -11.92734 0.33194 0.17208 0.78312 -0.24015 0.54720
1403638581577829632 5.78482 -11.95657 0.35777 0.17509 0.78255 -0.24210 0.54621
1403638581677829632 5.80677 -11.97723 0.38450 0.18031 0.77839 -0.24212 0.55043
1403638581777829376 5.82546 -11.99469 0.39826 0.18255 0.77462 -0.24366 0.55431
1403638581877829632 5.85746 -12.02337 0.41235 0.18546 0.77168 -0.24370 0.55743
1403638581977829376 5.88337 -12.04496 0.41876 0.18933 0.76411 -0.24212 0.56715
1403638582077829632 5.90502 -12.06017 0.42237 0.18806 0.76591 -0.24386 0.56440
1403638582177829632 5.93497 -12.08687 0.43851 0.18381 0.77341 -0.24723 0.55401
1403638582277829376 5.95449 -12.09567 0.46240 0.18427 0.77642 -0.24726 0.54962
1403638582377829632 5.98340 -12.11962 0.49781 0.18661 0.77331 -0.24498 0.55421
1403638582477829376 6.00620 -12.12787 0.53868 0.18873 0.77215 -0.24339 0.55582
1403638582577829632 6.02659 -12.13489 0.59149 0.18961 0.77159 -0.24223 0.55680
1403638582677829632 6.05150 -12.14363 0.65160 0.18928 0.77273 -0.24240 0.55525
1403638582777829376 6.06982 -12.13814 0.72072 0.18752 0.77431 -0.24419 0.55285
1403638582877829632 6.08978 -12.13219 0.79170 0.18793 0.77566 -0.24473 0.55059
1403638582977829376 6.11696 -12.13260 0.85399 0.18670 0.77789 -0.24627 0.54716
1403638583077829632 6.13562 -12.12017 0.90966 0.18575 0.78041 -0.24797 0.54312
1403638583177829632 6.16150 -12.11271 0.95219 0.18568 0.78201 -0.24866 0.54051
1403638583277829376 6.18506 -12.09893 0.98983 0.18440 0.78261 -0.24995 0.53948
1403638583377829632 6.20659 -12.08095 1.02488 0.18482 0.78232 -0.24950 0.53997
1403638583477829376 6.22900 -12.05997 1.04924 0.18492 0.78300 -0.24954 0.53893
1403638583577829632 6.25439 -12.03889 1.08198 0.18500 0.78299 -0.24941 0.53898
1403638583677829632 6.28594 -12.03442 1.09691 0.18638 0.78338 -0.24786 0.53864
1403638583777829376 6.31634 -12.00743 1.14870 0.18620 0.78309 -0.24794 0.53910
1403638583877829632 6.34534 -11.98697 1.16791 0.18670 0.78234 -0.24725 0.54033
1403638583977829376 6.37493 -11.95731 1.19779 0.18710 0.78236 -0.24693 0.54031
1403638584077829632 6.40584 -11.92529 1.22251 0.19002 0.77893 -0.24473 0.54522
1403638584177829632 6.44018 -11.89223 1.23793 0.19411 0.77002 -0.24130 0.55783
1403638584277829376 6.47377 -11.85523 1.23890 0.19629 0.76100 -0.23905 0.57027
1403638584377829632 6.50226 -11.81071 1.23290 0.19789 0.75824 -0.23794 0.57384
1403638584477829376 6.51985 -11.75860 1.22502 0.19862 0.75817 -0.23739 0.57391
1403638584577829632 6.53127 -11.70065 1.22150 0.19827 0.75836 -0.23744 0.57376
1403638584677829632 6.53903 -11.63683 1.22550 0.19596 0.76017 -0.23875 0.57161
1403638584777829376 6.54475 -11.56653 1.23922 0.19230 0.76700 -0.24099 0.56272
1403638584877829632 6.54298 -11.48974 1.24310 0.18597 0.77462 -0.24570 0.55228
1403638584977829376 6.54622 -11.40949 1.25532 0.18415 0.77818 -0.24778 0.54693
1403638585077829632 6.54713 -11.33356 1.26282 0.18374 0.77939 -0.24845 0.54504
1403638585177829632 6.55199 -11.25653 1.26811 0.18136 0.77923 -0.25009 0.54532
1403638585277829376 6.55614 -11.18003 1.26753 0.18248 0.77734 -0.24940 0.54795
1403638585377829632 6.56011 -11.10262 1.26229 0.18304 0.77526 -0.24870 0.55102
1403638585477829376 6.56405 -11.02459 1.25546 0.18296 0.77554 -0.24892 0.55054
1403638585577829632 6.56827 -10.94700 1.25412 0.18206 0.77737 -0.24906 0.54819
1403638585677829632 6.57244 -10.86981 1.26074 0.18189 0.77996 -0.24905 0.54456
1403638585777829376 6.57446 -10.79313 1.27347 0.17866 0.78497 -0.25112 0.53744
1403638585877829632 6.58284 -10.71889 1.29572 0.17610 0.78883 -0.25301 0.53172
1403638585977829376 6.57533 -10.64644 1.32238 0.17405 0.78864 -0.25474 0.53184
1403638586077829632 6.58902 -10.57596 1.35501 0.17604 0.78451 -0.25409 0.53758
1403638586177829632 6.58847 -10.49675 1.37891 0.17780 0.78159 -0.25341 0.54157
1403638586277829376 6.57914 -10.41860 1.39886 0.17986 0.77890 -0.25202 0.54540
1403638586377829632 6.59313 -10.34925 1.41517 0.18568 0.77585 -0.24840 0.54944
1403638586477829376 6.60548 -10.27763 1.42699 0.19375 0.77421 -0.24345 0.55117
1403638586577829632 6.61788 -10.20310 1.43308 0.19597 0.77351 -0.24228 0.55189
1403638586677829632 6.62533 -10.11915 1.43195 0.19316 0.77434 -0.24453 0.55072
1403638586777829376 6.63335 -10.03692 1.42447 0.18906 0.77397 -0.24723 0.55146
1403638586877829632 6.64282 -9.95408 1.41181 0.18688 0.77286 -0.24817 0.55333
1403638586977829376 6.64553 -9.86243 1.39228 0.18715 0.77251 -0.24797 0.55381
1403638587077829632 6.65265 -9.77746 1.37213 0.18636 0.77233 -0.24848 0.55411
1403638587177829632 6.65949 -9.69020 1.35765 0.18592 0.77354 -0.24844 0.55259
1403638587277829376 6.66459 -9.60084 1.35124 0.18518 0.77522 -0.24862 0.55039
1403638587377829632 6.66942 -9.51200 1.35041 0.18457 0.77683 -0.24898 0.54816
1403638587477829376 6.67259 -9.42283 1.34829 0.18269 0.77687 -0.25075 0.54793
1403638587577829632 6.67776 -9.33110 1.34751 0.18191 0.77691 -0.25174 0.54767
1403638587677829632 6.68269 -9.23933 1.34164 0.18171 0.77646 -0.25233 0.54811
1403638587777829376 6.68657 -9.14807 1.33013 0.18165 0.77607 -0.25275 0.54848
1403638587877829632 6.69239 -9.05676 1.31352 0.18084 0.77564 -0.25361 0.54896
1403638587977829376 6.69682 -8.96597 1.29376 0.18068 0.77524 -0.25410 0.54935
1403638588077829632 6.70010 -8.87619 1.27188 0.18180 0.77476 -0.25294 0.55019
1403638588177829632 6.70177 -8.78725 1.24681 0.18843 0.77562 -0.24851 0.54877
1403638588277829376 6.70442 -8.69643 1.22081 0.19128 0.77641 -0.24607 0.54777
1403638588377829632 6.70787 -8.60646 1.20083 0.19188 0.77678 -0.24535 0.54736
1403638588477829376 6.71277 -8.51111 1.18981 0.19018 0.77668 -0.24637 0.54764
1403638588577829632 6.71837 -8.41322 1.18423 0.18783 0.77598 -0.24800 0.54869
1403638588677829632 6.72031 -8.31238 1.18931 0.18550 0.77515 -0.24930 0.55007
1403638588777829376 6.72483 -8.21025 1.19839 0.18401 0.77364 -0.25074 0.55204
1403638588877829632 6.72936 -8.12002 1.19857 0.18146 0.77297 -0.25298 0.55281
1403638588977829376 6.73029 -8.02502 1.19643 0.18172 0.77288 -0.25321 0.55273
1403638589077829632 6.72972 -7.92201 1.18901 0.18225 0.77308 -0.25354 0.55214
1403638589177829632 6.72818 -7.82102 1.17652 0.18387 0.77285 -0.25284 0.55223
1403638589277829376 6.72570 -7.71982 1.16061 0.18361 0.77177 -0.25292 0.55379
1403638589377829632 6.72148 -7.61526 1.14231 0.18385 0.77159 -0.25274 0.55406
1403638589477829376 6.71525 -7.51016 1.12988 0.18354 0.77238 -0.25335 0.55277
1403638589577829632 6.70953 -7.40913 1.12587 0.18288 0.77240 -0.25364 0.55283
1403638589677829632 6.70216 -7.30570 1.12785 0.18248 0.77293 -0.25373 0.55218
1403638589777829376 6.69214 -7.20290 1.13533 0.18284 0.77446 -0.25411 0.54973
1403638589877829632 6.68229 -7.10649 1.14411 0.18276 0.77501 -0.25502 0.54857
1403638589977829376 6.67488 -7.00752 1.15026 0.18317 0.77509 -0.25549 0.54810
1403638590077829632 6.66435 -6.90856 1.14728 0.18271 0.77504 -0.25630 0.54794
1403638590177829632 6.65343 -6.80744 1.13826 0.18333 0.77398 -0.25660 0.54910
1403638590277829376 6.64218 -6.70685 1.12483 0.18299 0.77321 -0.25722 0.55000
1403638590377829632 6.63021 -6.60666 1.10810 0.18322 0.77351 -0.25766 0.54929
1403638590477829376 6.61763 -6.50635 1.08887 0.18330 0.77409 -0.25792 0.54834
1403638590577829632 6.60418 -6.40625 1.07166 0.18227 0.77516 -0.25861 0.54683
1403638590677829632 6.59186 -6.30791 1.06203 0.18039 0.77685 -0.25964 0.54456
1403638590777829376 6.58003 -6.21110 1.06168 0.17965 0.77767 -0.26011 0.54340
1403638590877829632 6.56970 -6.11695 1.06790 0.17987 0.77852 -0.26012 0.54212
1403638590977829376 6.56760 -6.03974 1.08675 0.17853 0.77924 -0.26100 0.54110
1403638591077829632 6.56285 -5.95946 1.10638 0.17710 0.78021 -0.26241 0.53949
1403638591177829632 6.55923 -5.88078 1.11997 0.17613 0.78450 -0.26359 0.53297
1403638591277829376 6.55883 -5.80723 1.12472 0.17354 0.79044 -0.26579 0.52387
1403638591377829632 6.56149 -5.73275 1.12212 0.17014 0.79481 -0.26833 0.51703
1403638591477829376 6.56568 -5.65992 1.11534 0.16740 0.79758 -0.27046 0.51254
1403638591577829632 6.57547 -5.59282 1.10223 0.16467 0.80034 -0.27269 0.50791
1403638591677829632 6.59141 -5.53576 1.08619 0.16330 0.80063 -0.27378 0.50731
1403638591777829376 6.61358 -5.48716 1.06893 0.16501 0.79886 -0.27258 0.51020
1403638591877829632 6.64206 -5.44238 1.05362 0.16600 0.79652 -0.27176 0.51395
1403638591977829376 6.67629 -5.40609 1.04585 0.16676 0.79387 -0.27104 0.51816
1403638592077829632 6.71674 -5.37957 1.04869 0.16717 0.79137 -0.26983 0.52248
1403638592177829632 6.76279 -5.37348 1.06211 0.16509 0.78875 -0.26765 0.52819
1403638592277829376 6.80999 -5.35435 1.08386 0.16008 0.78326 -0.26235 0.54042
1403638592377829632 6.85498 -5.34451 1.11409 0.15098 0.78077 -0.25339 0.55081
1403638592477829376 6.89969 -5.33401 1.15353 0.13914 0.78334 -0.23955 0.55644
1403638592577829632 6.94178 -5.32634 1.19819 0.13137 0.79072 -0.22539 0.55381
1403638592677829632 6.98159 -5.32659 1.25228 0.12473 0.79821 -0.21418 0.54903
1403638592777829376 7.02081 -5.32726 1.30419 0.11953 0.80531 -0.20668 0.54266
1403638592877829632 7.06112 -5.33205 1.35004 0.11540 0.81035 -0.20212 0.53774
1403638592977829376 7.10388 -5.34056 1.38831 0.11477 0.81284 -0.19848 0.53546
1403638593077829632 7.14986 -5.35430 1.42304 0.11368 0.81361 -0.19719 0.53500
1403638593177829632 7.19883 -5.37151 1.45834 0.11376 0.81191 -0.19625 0.53791
1403638593277829376 7.25442 -5.39459 1.49822 0.12051 0.80866 -0.19243 0.54270
1403638593377829632 7.31232 -5.42025 1.54296 0.12949 0.80531 -0.18726 0.54740
1403638593477829376 7.36774 -5.44328 1.58724 0.13774 0.80063 -0.18334 0.55355
1403638593577829632 7.42665 -5.46565 1.62326 0.14235 0.79778 -0.18203 0.55690
1403638593677829632 7.48514 -5.48575 1.65230 0.14494 0.79659 -0.18161 0.55808
1403638593777829376 7.54511 -5.50091 1.67541 0.14625 0.79328 -0.18188 0.56235
1403638593877829632 7.60038 -5.51165 1.70276 0.14191 0.78284 -0.18187 0.57788
1403638593977829376 7.65253 -5.51826 1.73075 0.13531 0.77947 -0.17873 0.58496
1403638594077829632 7.69633 -5.51878 1.76541 0.12706 0.78501 -0.17668 0.58000
1403638594177829632 7.73463 -5.51766 1.80168 0.12491 0.79110 -0.17211 0.57353
1403638594277829376 7.76755 -5.51711 1.84051 0.12514 0.79354 -0.16726 0.57154
1403638594377829632 7.79910 -5.51307 1.87154 0.12758 0.79258 -0.16233 0.57375
1403638594477829376 7.82492 -5.50474 1.90910 0.13122 0.79126 -0.15685 0.57627
1403638594577829632 7.84858 -5.49241 1.94909 0.12560 0.79154 -0.15875 0.57662
1403638594677829632 7.86081 -5.47466 1.99833 0.11983 0.79207 -0.16190 0.57624
1403638594777829376 7.87874 -5.45847 2.04012 0.11768 0.79279 -0.16392 0.57513
1403638594877829632 7.89311 -5.44042 2.07501 0.11637 0.79286 -0.16561 0.57481
1403638594977829376 7.89121 -5.41282 2.10504 0.11759 0.79457 -0.16615 0.57203
1403638595077829632 7.89932 -5.39310 2.12578 0.11619 0.79575 -0.16794 0.57015
1403638595177829632 7.90720 -5.37183 2.14246 0.11609 0.79624 -0.16919 0.56913
1403638595277829376 7.91205 -5.34965 2.15355 0.11669 0.79666 -0.16947 0.56833
1403638595377829632 7.91690 -5.32647 2.15902 0.11656 0.79634 -0.17023 0.56858
1403638595477829376 7.91985 -5.30606 2.15765 0.11662 0.79668 -0.17043 0.56802
1403638595577829632 7.92456 -5.28340 2.15833 0.11672 0.79750 -0.17010 0.56695
1403638595677829632 7.92167 -5.25892 2.16204 0.11916 0.79753 -0.16842 0.56690
1403638595777829376 7.91947 -5.23306 2.16998 0.12349 0.79850 -0.16548 0.56547
1403638595877829632 7.91805 -5.20635 2.17465 0.12481 0.79889 -0.16484 0.56482
1403638595977829376 7.90306 -5.17185 2.17335 0.12722 0.79856 -0.16340 0.56518
1403638596077829632 7.90123 -5.14481 2.15283 0.13468 0.79930 -0.15852 0.56378
1403638596177829632 7.89732 -5.10844 2.13772 0.14601 0.80073 -0.15063 0.56108
1403638596277829376 7.89943 -5.06762 2.12270 0.15780 0.80247 -0.14198 0.55766
1403638596377829632 7.89303 -5.01003 2.12678 0.16720 0.80261 -0.13443 0.55659
1403638596477829376 7.89661 -4.94716 2.13092 0.17282 0.80227 -0.12964 0.55650
1403638596577829632 7.90123 -4.86945 2.14796 0.17972 0.80300 -0.12412 0.55452
1403638596677829632 7.91268 -4.78141 2.16818 0.18737 0.80326 -0.11809 0.55293
1403638596777829376 7.92752 -4.67710 2.19716 0.19126 0.80337 -0.11467 0.55215
1403638596877829632 7.94404 -4.55409 2.23597 0.19493 0.80268 -0.11175 0.55247
1403638596977829376 7.97131 -4.41612 2.27275 0.19670 0.80141 -0.11087 0.55386
1403638597077829632 8.00089 -4.26133 2.30634 0.19963 0.80047 -0.10978 0.55439
1403638597177829632 8.03597 -4.09274 2.33258 0.20203 0.79862 -0.10955 0.55623
1403638597277829376 8.07451 -3.90593 2.35319 0.19960 0.79600 -0.11261 0.56024
1403638597377829632 8.11486 -3.70320 2.36751 0.19491 0.79420 -0.11750 0.56343
1403638597477829376 8.15700 -3.48708 2.37443 0.18630 0.79090 -0.12445 0.56946
1403638597577829632 8.19932 -3.25603 2.37972 0.17364 0.78627 -0.13394 0.57765
1403638597677829632 8.24102 -3.01938 2.38013 0.16926 0.78396 -0.13798 0.58114
1403638597777829376 8.27753 -2.77678 2.37361 0.17343 0.78574 -0.13288 0.57868
1403638597877829632 8.31246 -2.52653 2.36338 0.17761 0.78839 -0.12151 0.57631
1403638597977829376 8.34506 -2.26604 2.35046 0.17870 0.79007 -0.11229 0.57554
1403638598077829632 8.38164 -1.99524 2.33999 0.17180 0.79034 -0.10968 0.57777
1403638598177829632 8.41569 -1.71196 2.33694 0.15015 0.79194 -0.11886 0.57978
1403638598277829376 8.44411 -1.42150 2.33981 0.13269 0.79392 -0.12731 0.57955
1403638598377829632 8.47060 -1.13068 2.33946 0.12176 0.79575 -0.13261 0.57825
1403638598477829376 8.49432 -0.84062 2.33393 0.11755 0.79805 -0.13439 0.57553
1403638598577829632 8.51518 -0.55199 2.32020 0.11258 0.80007 -0.13236 0.57419
1403638598677829632 8.53405 -0.26511 2.29960 0.10823 0.80243 -0.12381 0.57364
1403638598777829376 8.55343 0.01976 2.28047 0.09983 0.80473 -0.11296 0.57418
1403638598877829632 8.57058 0.30186 2.26752 0.09058 0.80588 -0.09850 0.57675
1403638598977829376 8.58497 0.58260 2.25839 0.08070 0.80848 -0.08211 0.57715
1403638599077829632 8.59739 0.86085 2.25511 0.06863 0.81000 -0.06540 0.57871
1403638599177829632 8.60714 1.13789 2.25872 0.05664 0.81143 -0.04774 0.57974
1403638599277829376 8.61269 1.41272 2.26722 0.04566 0.81348 -0.02870 0.57908
1403638599377829632 8.61554 1.68577 2.28355 0.03312 0.81677 -0.01136 0.57589
1403638599477829376 8.61644 1.95473 2.30414 0.02393 0.81898 0.00208 0.57332
1403638599577829632 8.61668 2.22264 2.32380 0.01832 0.82132 0.01071 0.57007
1403638599677829632 8.61612 2.48987 2.33436 0.01462 0.82280 0.01542 0.56793
1403638599777829376 8.61675 2.75464 2.33542 0.01325 0.82292 0.01660 0.56776
1403638599877829632 8.62147 3.01811 2.33012 0.01129 0.82422 0.01423 0.56597
1403638599977829376 8.63116 3.28168 2.31991 0.00758 0.82443 0.00862 0.56585
1403638600077829632 8.64415 3.54347 2.30503 0.00128 0.82559 0.00080 0.56427
1403638600177829632 8.66118 3.80130 2.28673 -0.01062 0.82734 -0.01098 0.56150
1403638600277829376 8.67738 4.04821 2.26526 -0.02057 0.82946 -0.02157 0.55777
1403638600377829632 8.70129 4.28638 2.23890 -0.02801 0.83090 -0.03012 0.55490
1403638600477829376 8.72613 4.50954 2.22115 -0.03419 0.83208 -0.03654 0.55240
1403638600577829632 8.75487 4.71646 2.21404 -0.03217 0.83264 -0.03711 0.55163
1403638600677829632 8.79229 4.91000 2.21329 -0.03491 0.83423 -0.04002 0.54885
1403638600777829376 8.83249 5.09230 2.22091 -0.03448 0.83797 -0.03986 0.54316
1403638600877829632 8.87878 5.25785 2.23384 -0.02350 0.84180 -0.03100 0.53839
1403638600977829376 8.93119 5.41118 2.24548 -0.00674 0.84393 -0.01745 0.53613
1403638601077829632 8.99369 5.55360 2.25419 0.00234 0.84442 -0.00931 0.53560
1403638601177829632 9.06059 5.69516 2.25611 0.01023 0.84303 -0.00286 0.53777
1403638601277829376 9.13533 5.82927 2.25666 0.01948 0.83664 0.00477 0.54739
1403638601377829632 9.21629 5.96683 2.25456 0.01663 0.83160 0.00866 0.55505
1403638601477829376 9.30177 6.10801 2.25639 0.00349 0.82725 0.01336 0.56167
1403638601577829632 9.38825 6.24805 2.26581 -0.00741 0.82251 0.02771 0.56803
1403638601677829632 9.47376 6.38886 2.28026 -0.01870 0.81994 0.04782 0.57014
1403638601777829376 9.55797 6.52994 2.30184 -0.03139 0.81710 0.07335 0.57095
1403638601877829632 9.64044 6.67043 2.33100 -0.04537 0.81212 0.10245 0.57263
1403638601977829376 9.71918 6.81369 2.36080 -0.06024 0.80898 0.12587 0.57103
1403638602077829632 9.79569 6.95690 2.38424 -0.07181 0.80732 0.14282 0.56804
1403638602177829632 9.86932 7.10044 2.40148 -0.07781 0.80261 0.15849 0.56977
1403638602277829376 9.93989 7.24782 2.41384 -0.08540 0.79560 0.17595 0.57338
1403638602377829632 10.00367 7.40004 2.42650 -0.10782 0.78456 0.18845 0.58079
1403638602477829376 10.05851 7.55421 2.44933 -0.14269 0.76260 0.19483 0.60010
1403638602577829632 10.10130 7.70079 2.48012 -0.17786 0.74102 0.19973 0.61592
1403638602677829632 10.12961 7.83379 2.51595 -0.19847 0.73081 0.21307 0.61736
1403638602777829376 10.14016 7.94858 2.55591 -0.20945 0.72652 0.23265 0.61170
1403638602877829632 10.13133 8.04929 2.59971 -0.22037 0.72317 0.25215 0.60405
1403638602977829376 10.11021 8.13227 2.64713 -0.23996 0.72339 0.26744 0.58958
1403638603077829632 10.07878 8.20031 2.68971 -0.25867 0.71845 0.28199 0.58086
1403638603177829632 10.03831 8.25022 2.72658 -0.27090 0.71112 0.29626 0.57719
1403638603277829376 9.98969 8.28035 2.75154 -0.26922 0.71843 0.31335 0.55964
1403638603377829632 9.93806 8.30363 2.76776 -0.26238 0.73118 0.32765 0.53775
1403638603477829376 9.88553 8.32357 2.78017 -0.25884 0.73956 0.33472 0.52346
1403638603577829632 9.83357 8.34494 2.79143 -0.25989 0.73747 0.33872 0.52332
1403638603677829632 9.78346 8.36272 2.79588 -0.26196 0.72975 0.34107 0.53152
1403638603777829376 9.73445 8.37104 2.79066 -0.25585 0.72101 0.34753 0.54213
1403638603877829632 9.67510 8.38257 2.78380 -0.24887 0.71344 0.35216 0.55231
1403638603977829376 9.60956 8.38386 2.76998 -0.24395 0.70657 0.35505 0.56142
1403638604077829632 9.53958 8.38337 2.74885 -0.23808 0.70304 0.35783 0.56658
1403638604177829632 9.45857 8.38492 2.73405 -0.23694 0.70246 0.35872 0.56721
1403638604277829376 9.36658 8.38160 2.72623 -0.24324 0.70649 0.35490 0.56192
1403638604377829632 9.26622 8.36893 2.72165 -0.24881 0.71414 0.35192 0.55159
1403638604477829376 9.15667 8.35768 2.72474 -0.24657 0.72202 0.35344 0.54126
1403638604577829632 9.04724 8.34842 2.73376 -0.24454 0.72674 0.35472 0.53499
1403638604677829632 8.93206 8.32900 2.73989 -0.24735 0.72995 0.35319 0.53033
1403638604777829376 8.81679 8.30603 2.73965 -0.25158 0.73186 0.35059 0.52742
1403638604877829632 8.70303 8.28081 2.73960 -0.25268 0.73506 0.34993 0.52286
1403638604977829376 8.59029 8.26155 2.74295 -0.24999 0.74119 0.35154 0.51435
1403638605077829632 8.47919 8.23503 2.75326 -0.24744 0.74761 0.35350 0.50485
1403638605177829632 8.37198 8.21140 2.77192 -0.24487 0.75161 0.35546 0.49877
1403638605277829376 8.26982 8.18848 2.79306 -0.24109 0.75242 0.35814 0.49747
1403638605377829632 8.17070 8.17459 2.81024 -0.23492 0.74775 0.36234 0.50437
1403638605477829376 8.07735 8.16783 2.82192 -0.22766 0.73766 0.36785 0.51838
1403638605577829632 7.98019 8.16464 2.82848 -0.22199 0.72937 0.37197 0.52951
1403638605677829632 7.88099 8.16615 2.83057 -0.21735 0.72367 0.37520 0.53693
1403638605777829376 7.77520 8.17177 2.83508 -0.21572 0.72280 0.37625 0.53802
1403638605877829632 7.66386 8.18214 2.84937 -0.21292 0.72275 0.37785 0.53807
1403638605977829376 7.54565 8.20071 2.87099 -0.20879 0.72207 0.37974 0.53928
1403638606077829632 7.41924 8.22377 2.88853 -0.20615 0.72221 0.38045 0.53961
1403638606177829632 7.28933 8.25287 2.90176 -0.20269 0.72201 0.38199 0.54010
1403638606277829376 7.14903 8.28901 2.90646 -0.20045 0.72326 0.38227 0.53906
1403638606377829632 6.99800 8.32787 2.90202 -0.20596 0.73181 0.37741 0.52877
1403638606477829376 6.84911 8.37460 2.89195 -0.21406 0.74209 0.37071 0.51580
1403638606577829632 6.69137 8.42082 2.87676 -0.22107 0.75064 0.36608 0.50363
1403638606677829632 6.53569 8.47474 2.85715 -0.22653 0.75378 0.36820 0.49491
1403638606777829376 6.38688 8.53571 2.83327 -0.23136 0.75370 0.37737 0.48581
1403638606877829632 6.24436 8.60536 2.80824 -0.23989 0.75008 0.39005 0.47718
1403638606977829376 6.11161 8.68403 2.78758 -0.25080 0.74284 0.40558 0.46989
1403638607077829632 5.98597 8.77086 2.77613 -0.26478 0.73412 0.42000 0.46321
1403638607177829632 5.86835 8.86367 2.77281 -0.28121 0.72440 0.42706 0.46236
1403638607277829376 5.75759 8.96174 2.76975 -0.29499 0.71089 0.43146 0.47058
1403638607377829632 5.64753 9.06112 2.75737 -0.30766 0.70247 0.43145 0.47512
1403638607477829376 5.54681 9.15981 2.73613 -0.31350 0.69940 0.43259 0.47479
1403638607577829632 5.45283 9.25724 2.70840 -0.31546 0.69840 0.43392 0.47374
1403638607677829632 5.36444 9.35236 2.67690 -0.31712 0.69673 0.43391 0.47511
1403638607777829376 5.28398 9.44482 2.64151 -0.31562 0.69528 0.43438 0.47779
1403638607877829632 5.20388 9.53427 2.60385 -0.31682 0.69752 0.43228 0.47562
1403638607977829376 5.13430 9.62223 2.55896 -0.31912 0.70197 0.42895 0.47053
1403638608077829632 5.06823 9.70721 2.51291 -0.31994 0.70074 0.42643 0.47409
1403638608177829632 5.01676 9.78567 2.46130 -0.31635 0.69767 0.42697 0.48050
1403638608277829376 4.95653 9.86380 2.40659 -0.31505 0.69311 0.42628 0.48849
1403638608377829632 4.90351 9.93648 2.34869 -0.31544 0.68733 0.42513 0.49733
1403638608477829376 4.84156 10.00710 2.28319 -0.31543 0.68729 0.42469 0.49777
1403638608577829632 4.78323 10.07150 2.21224 -0.31356 0.68885 0.42538 0.49621
1403638608677829632 4.72393 10.13272 2.14449 -0.31898 0.68614 0.42144 0.49986
1403638608777829376 4.66483 10.18605 2.08201 -0.31938 0.68631 0.42115 0.49961
1403638608877829632 4.60595 10.23279 2.02500 -0.31800 0.68977 0.42248 0.49457
1403638608977829376 4.54877 10.27173 1.97579 -0.31715 0.69381 0.42336 0.48868
1403638609077829632 4.49661 10.30644 1.93331 -0.31660 0.69651 0.42398 0.48464
1403638609177829632 4.44554 10.34090 1.89678 -0.31843 0.69700 0.42264 0.48391
1403638609277829376 4.39665 10.37203 1.85986 -0.32632 0.69715 0.41694 0.48338
1403638609377829632 4.35089 10.39742 1.81584 -0.32513 0.69739 0.41744 0.48341
1403638609477829376 4.30928 10.41911 1.76430 -0.32144 0.69745 0.41960 0.48391
1403638609577829632 4.27025 10.43773 1.70633 -0.31793 0.69747 0.42156 0.48451
1403638609677829632 4.23405 10.45743 1.64246 -0.31576 0.69651 0.42317 0.48590
1403638609777829376 4.20056 10.46952 1.57885 -0.31457 0.69661 0.42392 0.48587
1403638609877829632 4.17518 10.48639 1.52400 -0.31504 0.69679 0.42388 0.48535
1403638609977829376 4.14884 10.49120 1.47541 -0.31608 0.69627 0.42309 0.48611
1403638610077829632 4.12971 10.50022 1.43714 -0.31945 0.69399 0.42080 0.48914
1403638610177829632 4.10729 10.50265 1.40158 -0.32055 0.69092 0.41992 0.49349
1403638610277829376 4.08655 10.49994 1.36172 -0.32298 0.68964 0.41793 0.49539
1403638610377829632 4.06733 10.49304 1.31550 -0.32385 0.68928 0.41728 0.49588
1403638610477829376 4.05252 10.47134 1.26399 -0.32423 0.68754 0.41690 0.49835
1403638610577829632 4.03518 10.45050 1.20922 -0.32712 0.68230 0.41470 0.50545
1403638610677829632 4.01931 10.42252 1.15604 -0.33162 0.67716 0.41166 0.51187
1403638610777829376 3.99856 10.38699 1.10225 -0.32924 0.68246 0.41434 0.50416
1403638610877829632 3.97861 10.34513 1.05708 -0.32548 0.68879 0.41829 0.49463
1403638610977829376 3.96180 10.30079 1.02105 -0.32612 0.68916 0.41867 0.49338
1403638611077829632 3.93684 10.24255 0.98315 -0.32921 0.68620 0.41686 0.49697
1403638611177829632 3.91919 10.18580 0.93947 -0.33060 0.68522 0.41699 0.49729
1403638611277829376 3.90334 10.12436 0.89405 -0.33008 0.68482 0.41795 0.49738
1403638611377829632 3.88768 10.05543 0.85447 -0.32372 0.68240 0.42242 0.50110
1403638611477829376 3.86650 9.97887 0.81847 -0.31152 0.67797 0.43044 0.50797
1403638611577829632 3.84334 9.90194 0.79316 -0.30268 0.67752 0.43565 0.50946
1403638611677829632 3.81667 9.82270 0.77284 -0.30106 0.67988 0.43608 0.50691
1403638611777829376 3.78659 9.74439 0.74990 -0.30676 0.68564 0.43185 0.49930
1403638611877829632 3.75093 9.65579 0.71956 -0.31211 0.69109 0.42750 0.49217
1403638611977829376 3.71966 9.57712 0.68680 -0.31477 0.69449 0.42490 0.48792
1403638612077829632 3.68980 9.49711 0.65603 -0.31419 0.69642 0.42465 0.48575
1403638612177829632 3.66016 9.41229 0.63187 -0.31566 0.69760 0.42311 0.48445
1403638612277829376 3.63490 9.32962 0.61571 -0.31624 0.69755 0.42249 0.48468
1403638612377829632 3.61308 9.24964 0.60605 -0.31461 0.69711 0.42309 0.48585
1403638612477829376 3.59140 9.16573 0.58896 -0.31397 0.69586 0.42241 0.48864
1403638612577829632 3.57055 9.08180 0.56791 -0.31108 0.69368 0.42296 0.49309
1403638612677829632 3.55029 8.99805 0.54049 -0.30529 0.69175 0.42541 0.49731
1403638612777829376 3.52594 8.91184 0.50578 -0.30240 0.69077 0.42526 0.50055
1403638612877829632 3.49990 8.82558 0.46965 -0.30260 0.68959 0.42302 0.50394
1403638612977829376 3.47462 8.74376 0.44213 -0.30350 0.69021 0.42099 0.50424
1403638613077829632 3.44609 8.66189 0.42233 -0.30409 0.69301 0.41984 0.50099
1403638613177829632 3.41602 8.57926 0.40948 -0.30363 0.69544 0.41961 0.49809
1403638613277829376 3.38342 8.49169 0.40365 -0.30287 0.69586 0.41988 0.49774
1403638613377829632 3.35092 8.40921 0.40434 -0.30215 0.69542 0.42040 0.49836
1403638613477829376 3.31742 8.32384 0.40126 -0.30281 0.69489 0.41931 0.49961
1403638613577829632 3.28094 8.23572 0.39178 -0.30208 0.69613 0.41506 0.50187
1403638613677829632 3.24722 8.15446 0.37819 -0.30601 0.69683 0.40838 0.50400
1403638613777829376 3.21188 8.06919 0.35669 -0.30986 0.69557 0.40071 0.50951
1403638613877829632 3.17476 7.97327 0.32716 -0.30687 0.69770 0.39273 0.51460
1403638613977829376 3.13851 7.87914 0.29402 -0.29920 0.70375 0.38278 0.51835
1403638614077829632 3.09907 7.77002 0.25596 -0.28730 0.71178 0.37098 0.52269
1403638614177829632 3.05704 7.65921 0.21881 -0.27262 0.72205 0.35807 0.52547
1403638614277829376 3.01686 7.55156 0.18757 -0.26160 0.73098 0.34465 0.52768
1403638614377829632 2.97201 7.43918 0.16168 -0.25298 0.73769 0.33522 0.52863
1403638614477829376 2.92977 7.33446 0.14201 -0.24951 0.74246 0.32625 0.52920
1403638614577829632 2.88417 7.22011 0.13913 -0.24555 0.74686 0.31800 0.52988
1403638614677829632 2.84364 7.11027 0.14073 -0.24254 0.75203 0.30609 0.53097
1403638614777829376 2.80543 7.00105 0.15336 -0.24073 0.76192 0.28956 0.52695
1403638614877829632 2.76765 6.88777 0.17381 -0.23311 0.77309 0.27196 0.52348
1403638614977829376 2.73494 6.77157 0.19970 -0.21995 0.78234 0.25278 0.52504
1403638615077829632 2.70715 6.65475 0.23108 -0.20169 0.78978 0.23188 0.53085
1403638615177829632 2.68793 6.53722 0.26768 -0.18012 0.79328 0.20976 0.54246
1403638615277829376 2.67351 6.42012 0.30969 -0.15492 0.79572 0.18830 0.55441
1403638615377829632 2.65767 6.29659 0.34230 -0.13365 0.79934 0.16290 0.56273
1403638615477829376 2.65086 6.17509 0.36881 -0.11368 0.80243 0.13726 0.56951
1403638615577829632 2.63974 6.05309 0.38864 -0.09675 0.80577 0.11306 0.57323
1403638615677829632 2.62849 5.93517 0.40635 -0.08357 0.80792 0.09584 0.57541
1403638615777829376 2.61685 5.81952 0.42861 -0.07594 0.80928 0.08348 0.57649
1403638615877829632 2.60235 5.70427 0.45792 -0.07080 0.81055 0.07175 0.57693
1403638615977829376 2.58795 5.58867 0.48375 -0.06371 0.81214 0.05992 0.57687
1403638616077829632 2.57116 5.47130 0.50370 -0.05489 0.81277 0.04773 0.57803
1403638616177829632 2.55085 5.35414 0.51385 -0.04510 0.81397 0.03365 0.57817
1403638616277829376 2.53748 5.23863 0.50392 -0.03453 0.81506 0.01554 0.57813
1403638616377829632 2.51952 5.11798 0.48250 -0.02138 0.81579 -0.00367 0.57794
1403638616477829376 2.50153 4.99546 0.45300 -0.01094 0.81633 -0.02148 0.57708
1403638616577829632 2.48618 4.87379 0.41931 -0.00170 0.81810 -0.03388 0.57408
1403638616677829632 2.46115 4.75078 0.38329 0.00416 0.82264 -0.04358 0.56688
1403638616777829376 2.44108 4.62820 0.34293 0.00112 0.83108 -0.05383 0.55354
1403638616877829632 2.42625 4.50630 0.30191 -0.00273 0.83680 -0.06057 0.54415
1403638616977829376 2.41765 4.37903 0.26968 0.00247 0.83497 -0.05814 0.54720
1403638617077829632 2.41686 4.24749 0.24696 0.00799 0.83128 -0.05298 0.55326
