1403715895.034058094 -0.00161 0.00628 0.00660 0.80978 0.03426 0.58483 -0.03265
1403715895.134057999 -0.00890 0.02670 0.02409 0.80825 0.03264 0.58711 -0.03121
1403715895.234057903 -0.01719 0.06392 0.04932 0.80919 0.02666 0.58632 -0.02711
1403715895.334058046 -0.01063 0.07133 0.04973 0.81075 0.02351 0.58440 -0.02462
1403715895.434057951 -0.00596 0.07935 0.05164 0.81163 0.02075 0.58343 -0.02094
1403715895.534058094 -0.00278 0.08168 0.05427 0.81323 0.01855 0.58137 -0.01813
1403715895.634057999 -0.00114 0.08942 0.05751 0.81423 0.01569 0.58016 -0.01371
1403715895.734057903 0.00023 0.09729 0.05924 0.81526 0.01250 0.57888 -0.00969
1403715895.834058046 0.00191 0.10439 0.06136 0.81602 0.00987 0.57791 -0.00606
1403715895.934057951 0.00300 0.11166 0.06468 0.81636 0.00760 0.57748 -0.00281
1403715896.034058094 0.00353 0.11943 0.06776 0.81738 0.00358 0.57608 -0.00238
1403715896.134057999 0.00491 0.12651 0.06956 0.81857 -0.00212 0.57437 -0.00623
1403715896.234057903 0.00588 0.13265 0.06979 0.81803 -0.01136 0.57487 -0.01473
1403715896.334058046 0.00763 0.13740 0.07086 0.81519 -0.02432 0.57800 -0.02811
1403715896.434057951 0.00871 0.13982 0.07265 0.81340 -0.03506 0.57941 -0.03784
1403715896.534058094 0.00972 0.13922 0.07514 0.81100 -0.04302 0.58179 -0.04415
1403715896.634057999 0.01086 0.13822 0.07870 0.80803 -0.04939 0.58532 -0.04526
1403715896.734057903 0.00995 0.13446 0.08394 0.80689 -0.05356 0.58663 -0.04391
1403715896.834058046 0.00710 0.12608 0.08841 0.81054 -0.05798 0.58111 -0.04450
1403715896.934057951 0.00574 0.11046 0.09188 0.81491 -0.06425 0.57399 -0.04829
1403715897.034058094 0.00592 0.09886 0.09615 0.81816 -0.07414 0.56740 -0.05631
1403715897.134057999 0.00896 0.10926 0.10250 0.82027 -0.08237 0.56348 -0.05355
1403715897.234057903 0.01081 0.08135 0.10982 0.82314 -0.07849 0.56076 -0.04273
1403715897.334058046 0.00952 0.06689 0.12106 0.82763 -0.06218 0.55768 -0.01252
1403715897.434057951 0.01119 0.04183 0.13417 0.83189 -0.04138 0.55310 0.01805
1403715897.534058094 0.00688 0.01812 0.14780 0.83252 -0.02812 0.55227 0.03339
1403715897.634057999 0.00179 -0.00781 0.15734 0.83203 -0.02625 0.55337 0.02857
1403715897.734057903 -0.00204 -0.03890 0.16390 0.83074 -0.02927 0.55572 0.01349
1403715897.834058046 -0.00330 -0.07666 0.16987 0.82826 -0.03195 0.55943 0.00201
1403715897.934057951 -0.00253 -0.12503 0.17452 0.82427 -0.02636 0.56557 -0.00377
1403715898.034058094 -0.00053 -0.17615 0.17961 0.81979 -0.01795 0.57238 -0.00257
1403715898.134057999 -0.00155 -0.22699 0.18713 0.81164 -0.01115 0.58403 0.00459
1403715898.234057903 -0.00633 -0.27604 0.19464 0.80559 -0.01104 0.59221 0.01379
1403715898.334058046 -0.01483 -0.32129 0.19760 0.80584 -0.01661 0.59134 0.02574
1403715898.434057951 -0.02581 -0.36553 0.19689 0.81135 -0.02732 0.58272 0.03753
1403715898.534058094 -0.03546 -0.41061 0.19565 0.81869 -0.04193 0.57065 0.04837
1403715898.634057999 -0.03922 -0.45566 0.19293 0.82337 -0.05735 0.56138 0.06027
1403715898.734057903 -0.03666 -0.50437 0.18792 0.82071 -0.07347 0.56201 0.07192
1403715898.834058046 -0.03205 -0.55670 0.17417 0.82061 -0.08643 0.55907 0.08109
1403715898.934057951 -0.02315 -0.61282 0.15261 0.82087 -0.09557 0.55650 0.08569
1403715899.034058094 -0.02007 -0.68309 0.13446 0.81968 -0.09953 0.55747 0.08630
1403715899.134057999 -0.01067 -0.74943 0.11144 0.82156 -0.10208 0.55454 0.08430
1403715899.234057903 0.00229 -0.81265 0.09600 0.82634 -0.09980 0.54753 0.08609
1403715899.334058046 0.01861 -0.87351 0.09453 0.83143 -0.09518 0.54033 0.08779
1403715899.434057951 0.02617 -0.93795 0.10638 0.83322 -0.08733 0.53847 0.09044
1403715899.534058094 0.03570 -1.00053 0.12127 0.82881 -0.08262 0.54656 0.08668
1403715899.634057999 0.05342 -1.06395 0.13138 0.82387 -0.07934 0.55557 0.07927
1403715899.734057903 0.08307 -1.12713 0.13037 0.81844 -0.07102 0.56515 0.07555
1403715899.834058046 0.11327 -1.18198 0.12693 0.80974 -0.05803 0.57872 0.07766
1403715899.934057951 0.14429 -1.22710 0.12406 0.80008 -0.04198 0.59248 0.08416
1403715900.034058094 0.17686 -1.26555 0.12309 0.79304 -0.02755 0.60174 0.09074
1403715900.134057999 0.21047 -1.29590 0.12256 0.78870 -0.01776 0.60754 0.09241
1403715900.234057903 0.24663 -1.31961 0.12335 0.78539 -0.01054 0.61175 0.09384
1403715900.334058046 0.28980 -1.34200 0.12682 0.78413 -0.00666 0.61347 0.09358
1403715900.434057951 0.33602 -1.35606 0.13314 0.78379 -0.00629 0.61429 0.09103
1403715900.534058094 0.38707 -1.36352 0.14251 0.78070 -0.01782 0.62080 0.06922
1403715900.634057999 0.43802 -1.36513 0.15424 0.77129 -0.02773 0.63396 0.04931
1403715900.734057903 0.48424 -1.36665 0.16309 0.75751 -0.03790 0.65110 0.02840
1403715900.834058046 0.52750 -1.37091 0.16734 0.74175 -0.03819 0.66914 0.02452
1403715900.934057951 0.56433 -1.37163 0.16966 0.73144 -0.03583 0.68031 0.02964
1403715901.034058094 0.59009 -1.36767 0.17543 0.72164 -0.03441 0.69062 0.03306
1403715901.134057999 0.60908 -1.35700 0.18455 0.71316 -0.03324 0.69934 0.03495
1403715901.234057903 0.61934 -1.33921 0.19683 0.70649 -0.03405 0.70598 0.03601
1403715901.334058046 0.61259 -1.31594 0.21245 0.70698 -0.03645 0.70548 0.03381
1403715901.434057951 0.59994 -1.28204 0.22811 0.71919 -0.04039 0.69300 0.02986
1403715901.534058094 0.54503 -1.25888 0.24615 0.73413 -0.04285 0.67700 0.02974
1403715901.634057999 0.52626 -1.21037 0.26276 0.74133 -0.04262 0.66881 0.03627
1403715901.734057903 0.51615 -1.15120 0.27636 0.74765 -0.04543 0.66122 0.04173
1403715901.834058046 0.50814 -1.09270 0.28617 0.75744 -0.05074 0.64910 0.04884
1403715901.934057951 0.43135 -1.05701 0.29788 0.76340 -0.05258 0.64165 0.05233
1403715902.034058094 0.44255 -0.98689 0.30155 0.76668 -0.05947 0.63650 0.05944
1403715902.134057999 0.44307 -0.92671 0.30279 0.76687 -0.06233 0.63499 0.06941
1403715902.234057903 0.38092 -0.87711 0.30607 0.76850 -0.06068 0.63179 0.08106
1403715902.334058046 0.35325 -0.82203 0.30116 0.77523 -0.05771 0.62284 0.08804
1403715902.434057951 0.29022 -0.76723 0.30002 0.78040 -0.05810 0.61568 0.09239
1403715902.534058094 0.23631 -0.70270 0.29670 0.78611 -0.06389 0.60914 0.08313
1403715902.634057999 0.16751 -0.63477 0.29522 0.79173 -0.06619 0.60303 0.07167
1403715902.734057903 0.10428 -0.56976 0.29034 0.79894 -0.06240 0.59512 0.06022
1403715902.834058046 0.03969 -0.50565 0.27488 0.80638 -0.05098 0.58716 0.04896
1403715902.934057951 -0.01191 -0.44877 0.25059 0.81275 -0.03341 0.58038 0.03856
1403715903.034058094 -0.05305 -0.39261 0.22645 0.81438 -0.01018 0.57939 0.03147
1403715903.134057999 -0.09214 -0.33542 0.20380 0.81382 0.01663 0.58031 0.02561
1403715903.234057903 -0.12933 -0.27190 0.18524 0.81327 0.03832 0.58030 0.01958
1403715903.334058046 -0.15648 -0.20739 0.16626 0.81743 0.05019 0.57377 0.00855
1403715903.434057951 -0.18004 -0.13479 0.15033 0.82233 0.06057 0.56576 -0.00451
1403715903.534058094 -0.19596 -0.05424 0.14730 0.82401 0.07545 0.56124 -0.01805
1403715903.634057999 -0.20481 0.03546 0.15804 0.82250 0.09562 0.55974 -0.03245
1403715903.734057903 -0.20689 0.13380 0.18430 0.81660 0.11956 0.56266 -0.04783
1403715903.834058046 -0.19363 0.23374 0.22710 0.80726 0.14130 0.56837 -0.07299
1403715903.934057951 -0.16536 0.33084 0.28150 0.79532 0.16807 0.57382 -0.09980
1403715904.034058094 -0.12811 0.42969 0.33556 0.78255 0.19918 0.57636 -0.12549
1403715904.134057999 -0.08364 0.52722 0.38703 0.77098 0.23112 0.57364 -0.15203
1403715904.234057903 -0.04441 0.61199 0.44077 0.75984 0.26935 0.56567 -0.17353
1403715904.334058046 -0.00438 0.69334 0.49346 0.74362 0.31056 0.56123 -0.18868
1403715904.434057951 0.03403 0.76752 0.53902 0.72576 0.34659 0.55709 -0.20689
1403715904.534058094 0.06815 0.84701 0.57185 0.70817 0.37914 0.55293 -0.22139
1403715904.634057999 0.09592 0.92070 0.59139 0.68785 0.41074 0.55019 -0.23545
1403715904.734057903 0.11690 1.00139 0.59945 0.66980 0.43714 0.54146 -0.25903
1403715904.834058046 0.12770 1.07832 0.59383 0.65661 0.46063 0.52080 -0.29232
1403715904.934057951 0.12970 1.15374 0.57616 0.63680 0.48652 0.50148 -0.32605
1403715905.034058094 0.12465 1.21951 0.54382 0.61019 0.51423 0.48452 -0.35843
1403715905.134057999 0.11624 1.27554 0.49692 0.57893 0.54003 0.47128 -0.38872
1403715905.234057903 0.10365 1.32967 0.44351 0.54766 0.56430 0.46150 -0.41067
1403715905.334058046 0.08063 1.35583 0.38570 0.52549 0.59381 0.44214 -0.41925
1403715905.434057951 0.04867 1.36179 0.32804 0.50506 0.62168 0.41995 -0.42669
1403715905.534058094 0.00469 1.32551 0.27905 0.48335 0.64762 0.39510 -0.43688
1403715905.634057999 -0.04256 1.28619 0.23767 0.46538 0.66740 0.36193 -0.45497
1403715905.734057903 -0.08394 1.24508 0.20485 0.44751 0.68424 0.32316 -0.47656
1403715905.834058046 -0.11844 1.21558 0.17890 0.42312 0.70330 0.28710 -0.49387
1403715905.934057951 -0.15187 1.19697 0.14805 0.39585 0.72869 0.25223 -0.49870
1403715906.034058094 -0.17847 1.17205 0.11971 -0.35766 -0.75757 -0.21873 0.50033
1403715906.134057999 -0.21250 1.16004 0.09324 -0.31186 -0.77867 -0.19771 0.50728
1403715906.234057903 -0.25289 1.15298 0.06742 -0.25775 -0.79175 -0.18681 0.52134
1403715906.334058046 -0.29554 1.13915 0.04180 -0.20870 -0.80341 -0.16729 0.53197
1403715906.434057951 -0.35180 1.12333 0.01190 -0.16345 -0.81273 -0.14455 0.54024
1403715906.534058094 -0.40889 1.10258 -0.01151 -0.12093 -0.81602 -0.11964 0.55242
1403715906.634057999 -0.47009 1.07888 -0.02632 -0.08587 -0.81746 -0.08605 0.56301
1403715906.734057903 -0.52673 1.05081 -0.02838 -0.05402 -0.81716 -0.04705 0.57194
1403715906.834058046 -0.58865 1.02157 -0.02208 -0.01987 -0.81734 -0.00975 0.57573
1403715906.934057951 -0.66071 0.99207 -0.02210 0.01822 -0.81445 0.02235 0.57952
1403715907.034058094 -0.72646 0.96150 -0.03316 0.06026 -0.80920 0.05038 0.58227
1403715907.134057999 -0.78960 0.93296 -0.05029 0.11030 -0.80437 0.06978 0.57961
1403715907.234057903 -0.84885 0.89305 -0.05790 0.16081 -0.79643 0.09361 0.57539
1403715907.334058046 -0.89278 0.82885 -0.05743 0.20778 -0.78610 0.12294 0.56899
1403715907.434057951 -0.93804 0.78229 -0.03998 0.25465 -0.77145 0.15029 0.56341
1403715907.534058094 -0.98532 0.71726 -0.01917 0.29652 -0.75702 0.17313 0.55590
1403715907.634057999 -0.99824 0.66033 0.00719 0.33179 -0.74251 0.19831 0.54705
1403715907.734057903 -1.00024 0.60346 0.03370 0.35941 -0.72589 0.22731 0.54059
1403715907.834058046 -0.99008 0.55002 0.05805 0.38451 -0.70766 0.25634 0.53447
1403715907.934057951 -0.96758 0.50254 0.08179 0.40697 -0.69089 0.28784 0.52364
1403715908.034058094 -0.94275 0.46369 0.10158 0.43139 -0.67313 0.31842 0.50932
1403715908.134057999 -0.91606 0.42926 0.11358 -0.45886 0.65150 -0.34712 -0.49447
1403715908.234057903 -0.88509 0.40946 0.12057 -0.48983 0.62813 -0.37269 -0.47605
1403715908.334058046 -0.84820 0.39412 0.13070 -0.52149 0.60312 -0.39654 -0.45502
1403715908.434057951 -0.81176 0.38324 0.14036 -0.55241 0.57637 -0.41890 -0.43263
1403715908.534058094 -0.77858 0.38269 0.14812 0.58299 -0.54572 0.44033 0.41039
1403715908.634057999 -0.74293 0.38091 0.15896 0.61298 -0.51125 0.45989 0.38907
1403715908.734057903 -0.70554 0.38243 0.16898 0.63893 -0.47423 0.48015 0.36923
1403715908.834058046 -0.66599 0.38917 0.17524 0.66018 -0.44029 0.50056 0.34604
1403715908.934057951 -0.62884 0.40531 0.17650 0.68356 -0.40995 0.51291 0.31876
1403715909.034058094 -0.59916 0.43169 0.17783 0.70912 -0.37681 0.51816 0.29442
1403715909.134057999 -0.56797 0.46264 0.17537 0.73148 -0.34370 0.52173 0.27313
1403715909.234057903 -0.53473 0.49989 0.16939 0.74917 -0.31361 0.52695 0.25044
1403715909.334058046 -0.49881 0.54160 0.16080 0.76229 -0.28509 0.53442 0.22810
1403715909.434057951 -0.46154 0.58909 0.15066 0.77388 -0.25510 0.54035 0.20990
1403715909.534058094 -0.41955 0.64289 0.13467 0.78396 -0.21988 0.54594 0.19750
1403715909.634057999 -0.37616 0.70268 0.11573 0.79396 -0.18305 0.55106 0.18015
1403715909.734057903 -0.32778 0.77507 0.09436 0.80098 -0.14736 0.55965 0.15332
1403715909.834058046 -0.27694 0.85830 0.07083 0.80636 -0.10901 0.56871 0.12025
1403715909.934057951 -0.22286 0.96312 0.04569 0.80541 -0.06911 0.58342 0.07843
1403715910.034058094 -0.17290 1.06851 0.02148 0.80145 -0.02354 0.59653 0.03578
1403715910.134057999 -0.13009 1.18608 -0.00667 0.79955 0.02715 0.59997 -0.00406
1403715910.234057903 -0.09155 1.30863 -0.03707 0.79923 0.07670 0.59481 -0.03942
1403715910.334058046 -0.06238 1.43145 -0.06840 0.79432 0.12103 0.59091 -0.07240
1403715910.434057951 -0.04063 1.54427 -0.09830 0.78339 0.16008 0.59192 -0.10157
1403715910.534058094 -0.03232 1.65038 -0.12890 0.76916 0.19564 0.59463 -0.12855
1403715910.634057999 -0.03807 1.75434 -0.15839 0.75772 0.22791 0.59171 -0.15423
1403715910.734057903 -0.06022 1.84888 -0.18098 0.74903 0.25776 0.58332 -0.17959
1403715910.834058046 -0.09498 1.93379 -0.19587 0.73830 0.28655 0.57560 -0.20369
1403715910.934057951 -0.15555 1.98925 -0.20439 0.72673 0.31507 0.56592 -0.22876
1403715911.034058094 -0.22043 2.04378 -0.21556 0.71513 0.34189 0.55417 -0.25414
1403715911.134057999 -0.28946 2.10231 -0.22717 0.69804 0.36587 0.54766 -0.28098
1403715911.234057903 -0.36819 2.15056 -0.23637 0.68019 0.39081 0.53918 -0.30641
1403715911.334058046 -0.44617 2.17522 -0.24196 0.66452 0.41849 0.52445 -0.32898
1403715911.434057951 -0.50297 2.15887 -0.23482 0.65043 0.44562 0.50577 -0.35010
1403715911.534058094 -0.59785 2.16640 -0.24754 0.64018 0.47126 0.48324 -0.36683
1403715911.634057999 -0.67857 2.15833 -0.25539 0.62965 0.49965 0.46053 -0.37657
1403715911.734057903 -0.75292 2.14496 -0.26032 0.61350 0.52893 0.44503 -0.38184
1403715911.834058046 -0.81896 2.12454 -0.25131 0.59466 0.55421 0.43303 -0.38951
1403715911.934057951 -0.89245 2.10858 -0.23126 0.57657 0.57386 0.42202 -0.40020
1403715912.034058094 -0.97583 2.09489 -0.19967 0.56196 0.58839 0.41006 -0.41213
1403715912.134057999 -1.06317 2.07952 -0.16395 0.55095 0.59853 0.39681 -0.42516
1403715912.234057903 -1.14779 2.06510 -0.12916 0.54008 0.60809 0.38447 -0.43671
1403715912.334058046 -1.23260 2.05095 -0.09627 0.52807 0.61743 0.37405 -0.44722
1403715912.434057951 -1.31222 2.03554 -0.06616 0.51537 0.62873 0.36279 -0.45550
1403715912.534058094 -1.38995 2.01921 -0.03844 0.50068 0.64078 0.35060 -0.46454
1403715912.634057999 -1.45922 2.00831 -0.01602 0.48364 0.65472 0.33524 -0.47439
1403715912.734057903 -1.51983 1.99412 0.00446 0.46115 0.67023 0.31879 -0.48631
1403715912.834058046 -1.58294 1.97528 0.02397 0.43361 0.68795 0.29893 -0.49935
1403715912.934057951 -1.64946 1.95148 0.03613 -0.40123 -0.70706 -0.27644 0.51251
1403715913.034058094 -1.71669 1.92514 0.03483 -0.36837 -0.72424 -0.25215 0.52555
1403715913.134057999 -1.78853 1.89441 0.02509 -0.33421 -0.74004 -0.22997 0.53642
1403715913.234057903 -1.86412 1.85796 0.01369 -0.29974 -0.75063 -0.20974 0.55020
1403715913.334058046 -1.93998 1.82201 -0.00013 -0.26242 -0.75861 -0.19961 0.56196
1403715913.434057951 -2.01159 1.78276 -0.01249 -0.22966 -0.76441 -0.19769 0.56908
1403715913.534058094 -2.07685 1.73936 -0.02331 -0.20495 -0.76537 -0.20147 0.57586
1403715913.634057999 -2.13265 1.68479 -0.03505 -0.18150 -0.76612 -0.21596 0.57747
1403715913.734057903 -2.18543 1.61909 -0.04530 -0.17005 -0.76691 -0.22326 0.57714
1403715913.834058046 -2.24019 1.53565 -0.05438 -0.17373 -0.77223 -0.21720 0.57123
1403715913.934057951 -2.29515 1.43711 -0.05972 -0.18324 -0.77871 -0.20732 0.56308
1403715914.034058094 -2.35068 1.32343 -0.06265 -0.19102 -0.78181 -0.20226 0.55801
1403715914.134057999 -2.40785 1.19755 -0.06144 -0.19493 -0.78285 -0.20504 0.55418
1403715914.234057903 -2.46300 1.06462 -0.05858 -0.21049 -0.78283 -0.19776 0.55115
1403715914.334058046 -2.51633 0.92593 -0.05536 -0.23526 -0.78598 -0.18718 0.54024
1403715914.434057951 -2.56605 0.78628 -0.04932 -0.25981 -0.79068 -0.18162 0.52377
1403715914.534058094 -2.61549 0.65387 -0.03896 -0.28043 -0.79271 -0.18389 0.50907
1403715914.634057999 -2.67084 0.52247 -0.02808 0.30406 0.79030 0.18466 -0.49888
1403715914.734057903 -2.73257 0.38747 -0.01936 0.33641 0.78393 0.17752 -0.49068
1403715914.834058046 -2.80093 0.26625 -0.01249 0.37386 0.77409 0.15995 -0.48522
1403715914.934057951 -2.87375 0.18023 -0.00488 0.40130 0.76531 0.14684 -0.48135
1403715915.034058094 -2.94795 0.11171 0.00322 0.41753 0.75802 0.14177 -0.48059
1403715915.134057999 -3.02012 0.07494 0.01176 0.42573 0.75315 0.14023 -0.48151
1403715915.234057903 -3.08773 0.07291 0.02262 0.42229 0.74819 0.15109 -0.48893
1403715915.334058046 -3.14977 0.10029 0.03336 0.40231 0.74670 0.17929 -0.49844
1403715915.434057951 -3.21426 0.14780 0.03361 -0.38036 -0.74785 -0.20647 0.50340
1403715915.534058094 -3.27593 0.19960 0.01836 -0.36663 -0.74750 -0.22101 0.50792
1403715915.634057999 -3.33866 0.25446 -0.01001 -0.35442 -0.74847 -0.23235 0.51010
1403715915.734057903 -3.40484 0.30783 -0.04345 -0.34685 -0.75144 -0.23692 0.50882
1403715915.834058046 -3.46862 0.35999 -0.07980 -0.34848 -0.75605 -0.22906 0.50447
1403715915.934057951 -3.54804 0.41694 -0.11325 0.35066 0.76110 0.22042 -0.49918
1403715916.034058094 -3.62957 0.48170 -0.14434 -0.34905 -0.75940 -0.21821 0.50385
1403715916.134057999 -3.71405 0.55293 -0.17457 -0.34975 -0.75472 -0.22227 0.50860
1403715916.234057903 -3.78719 0.61950 -0.20848 -0.35775 -0.74534 -0.23203 0.51248
1403715916.334058046 -3.87829 0.70519 -0.23688 -0.37259 -0.73414 -0.24676 0.51120
1403715916.434057951 -3.96555 0.79157 -0.26678 -0.39326 -0.72032 -0.25988 0.50886
1403715916.534058094 -4.05284 0.87896 -0.29846 -0.41988 -0.70640 -0.27055 0.50150
1403715916.634057999 -4.13426 0.96720 -0.32848 0.44729 0.69077 0.28264 -0.49283
1403715916.734057903 -4.21071 1.05668 -0.35707 0.47495 0.67323 0.28919 -0.48739
1403715916.834058046 -4.27950 1.14745 -0.38303 0.49836 0.65705 0.29192 -0.48446
1403715916.934057951 -4.33872 1.24018 -0.40203 0.51784 0.63935 0.29167 -0.48786
1403715917.034058094 -4.38628 1.33697 -0.41877 0.53021 0.62499 0.29424 -0.49162
1403715917.134057999 -4.42278 1.44190 -0.42449 0.52766 0.61188 0.31680 -0.49681
1403715917.234057903 -4.43636 1.54442 -0.42274 0.51361 0.60357 0.36015 -0.49213
1403715917.334058046 -4.44246 1.63767 -0.42351 0.50980 0.59528 0.39077 -0.48275
1403715917.434057951 -4.43595 1.71535 -0.42186 0.51310 0.58908 0.40420 -0.47574
1403715917.534058094 -4.44390 1.78522 -0.42552 0.52756 0.58857 0.39510 -0.46815
1403715917.634057999 -4.44481 1.84743 -0.43355 0.54226 0.58686 0.37998 -0.46601
1403715917.734057903 -4.44150 1.90909 -0.44719 0.54619 0.57909 0.37483 -0.47523
1403715917.834058046 -4.42974 1.96195 -0.46768 0.54071 0.57206 0.38075 -0.48519
1403715917.934057951 -4.40875 1.99301 -0.48294 0.53247 0.56963 0.38843 -0.49103
1403715918.034058094 -4.36933 1.99954 -0.49706 0.52367 0.57282 0.39793 -0.48917
1403715918.134057999 -4.32735 1.98738 -0.51268 0.52138 0.57840 0.40934 -0.47545
1403715918.234057903 -4.28034 1.96049 -0.51638 0.52605 0.57443 0.41954 -0.46615
1403715918.334058046 -4.23822 1.92715 -0.53016 0.54263 0.56249 0.41691 -0.46405
1403715918.434057951 -4.19591 1.87972 -0.55751 0.56977 0.55127 0.40274 -0.45745
1403715918.534058094 -4.15316 1.82481 -0.59802 0.59419 0.54117 0.39236 -0.44736
1403715918.634057999 -4.10622 1.76380 -0.64414 0.61058 0.53195 0.39089 -0.43752
1403715918.734057903 -4.05230 1.70847 -0.68604 0.61693 0.53171 0.39807 -0.42217
1403715918.834058046 -3.99131 1.65015 -0.70972 0.61776 0.53947 0.40895 -0.40014
1403715918.934057951 -3.92640 1.59560 -0.72294 0.62109 0.55178 0.40904 -0.37745
1403715919.034058094 -3.86315 1.54470 -0.72302 0.62715 0.56112 0.40197 -0.36089
1403715919.134057999 -3.79753 1.50383 -0.70956 0.62544 0.57094 0.40274 -0.34735
1403715919.234057903 -3.74660 1.48072 -0.68997 0.61306 0.57996 0.41758 -0.33680
1403715919.334058046 -3.70351 1.47064 -0.66859 0.59577 0.58499 0.43779 -0.33344
1403715919.434057951 -3.66959 1.46763 -0.65924 0.59290 0.57902 0.44106 -0.34449
1403715919.534058094 -3.64133 1.46796 -0.66355 0.59638 0.56916 0.43704 -0.35971
1403715919.634057999 -3.61701 1.47424 -0.68113 0.59933 0.56168 0.43430 -0.36973
1403715919.734057903 -3.61404 1.48934 -0.71322 0.60006 0.55956 0.43489 -0.37107
1403715919.834058046 -3.61779 1.51561 -0.75427 0.59836 0.56032 0.43972 -0.36696
1403715919.934057951 -3.62865 1.53882 -0.80027 0.59848 0.56249 0.43948 -0.36369
1403715920.034058094 -3.64693 1.57295 -0.83684 0.60391 0.56567 0.43106 -0.35986
1403715920.134057999 -3.66815 1.60800 -0.85875 0.60838 0.56765 0.42272 -0.35910
1403715920.234057903 -3.69433 1.64608 -0.86563 0.61146 0.56722 0.41590 -0.36249
1403715920.334058046 -3.72398 1.68996 -0.85490 0.60906 0.56340 0.41282 -0.37578
1403715920.434057951 -3.75392 1.73488 -0.83321 0.60461 0.55929 0.41187 -0.38989
1403715920.534058094 -3.78530 1.78284 -0.81043 0.59878 0.55426 0.41341 -0.40417
1403715920.634057999 -3.81450 1.83192 -0.79050 0.59282 0.54880 0.41622 -0.41730
1403715920.734057903 -3.84378 1.88134 -0.76886 0.58524 0.54566 0.41960 -0.42859
1403715920.834058046 -3.87848 1.93143 -0.73464 0.57701 0.54815 0.41931 -0.43676
1403715920.934057951 -3.90249 1.96842 -0.69136 0.57176 0.55679 0.40937 -0.44214
1403715921.034058094 -3.91812 1.99247 -0.64075 0.57015 0.57109 0.38990 -0.44357
1403715921.134057999 -3.92540 2.00808 -0.58862 0.56437 0.58685 0.37506 -0.44321
1403715921.234057903 -3.93287 2.02579 -0.53608 0.55624 0.59795 0.36856 -0.44408
1403715921.334058046 -3.93764 2.04215 -0.48203 0.54801 0.60827 0.36790 -0.44084
1403715921.434057951 -3.94139 2.05895 -0.42827 0.54127 0.61784 0.36928 -0.43466
1403715921.534058094 -3.94245 2.07407 -0.37383 0.53785 0.62243 0.36981 -0.43191
1403715921.634057999 -3.94635 2.09161 -0.31133 0.53598 0.62364 0.37130 -0.43120
1403715921.734057903 -3.95211 2.11061 -0.24042 0.53790 0.62267 0.36988 -0.43143
1403715921.834058046 -3.95959 2.13321 -0.16750 0.54198 0.61759 0.36602 -0.43688
1403715921.934057951 -3.96886 2.16040 -0.09989 0.54516 0.61292 0.36461 -0.44066
1403715922.034058094 -3.97729 2.19011 -0.04057 0.54681 0.61038 0.36632 -0.44073
1403715922.134057999 -3.98488 2.22207 0.02141 0.54592 0.60648 0.37117 -0.44315
1403715922.234057903 -3.98869 2.25246 0.09084 0.54369 0.60079 0.37662 -0.44901
1403715922.334058046 -3.99071 2.28136 0.17088 0.54040 0.59738 0.38236 -0.45267
1403715922.434057951 -3.99198 2.30554 0.25464 0.53625 0.59972 0.38807 -0.44963
1403715922.534058094 -3.99170 2.32257 0.33555 0.53562 0.59997 0.38760 -0.45047
1403715922.634057999 -3.99148 2.33888 0.41217 0.53619 0.59692 0.38518 -0.45588
1403715922.734057903 -3.98819 2.35078 0.47905 0.53586 0.59674 0.38480 -0.45683
1403715922.834058046 -3.98557 2.35967 0.53100 0.53343 0.60054 0.38748 -0.45239
1403715922.934057951 -3.98368 2.36343 0.56703 0.53152 0.60420 0.38975 -0.44780
1403715923.034058094 -3.98230 2.36218 0.59384 0.52986 0.60619 0.39183 -0.44525
1403715923.134057999 -3.98268 2.35507 0.62142 0.53017 0.60859 0.39137 -0.44201
1403715923.234057903 -3.98547 2.34234 0.65848 0.53266 0.61290 0.38781 -0.43615
1403715923.334058046 -3.99270 2.32821 0.70773 0.53794 0.61437 0.37990 -0.43457
1403715923.434057951 -3.99973 2.31284 0.75816 0.54502 0.61083 0.36863 -0.44040
1403715923.534058094 -4.00732 2.29964 0.79792 0.55173 0.60522 0.35823 -0.44831
1403715923.634057999 -4.01041 2.28544 0.82018 0.55631 0.59932 0.35066 -0.45648
1403715923.734057903 -4.00849 2.27375 0.81755 0.55784 0.59481 0.34723 -0.46308
1403715923.834058046 -4.00048 2.26373 0.79174 0.55573 0.59108 0.34965 -0.46854
1403715923.934057951 -3.98494 2.25601 0.75228 0.54893 0.58641 0.35836 -0.47580
1403715924.034058094 -3.96243 2.24777 0.70344 0.54159 0.58498 0.36839 -0.47830
1403715924.134057999 -3.93380 2.23394 0.64501 0.53510 0.58734 0.37796 -0.47523
1403715924.234057903 -3.89789 2.21295 0.58444 0.53236 0.59219 0.38214 -0.46891
1403715924.334058046 -3.85907 2.18410 0.52571 0.53261 0.59707 0.38209 -0.46242
1403715924.434057951 -3.81721 2.14774 0.46875 0.53604 0.60219 0.37814 -0.45502
1403715924.534058094 -3.77291 2.10708 0.41410 0.54181 0.60851 0.37086 -0.44567
1403715924.634057999 -3.73039 2.07033 0.35863 0.54853 0.60892 0.36410 -0.44245
1403715924.734057903 -3.68103 2.03103 0.30865 0.55970 0.59987 0.35997 -0.44421
1403715924.834058046 -3.61838 1.99186 0.25572 0.57188 0.58592 0.36431 -0.44377
1403715924.934057951 -3.56606 1.96550 0.20510 0.58539 0.56811 0.37573 -0.43977
1403715925.034058094 -3.49243 1.92988 0.15399 0.59550 0.54678 0.39916 -0.43254
1403715925.134057999 -3.41476 1.89328 0.11538 0.60197 0.52489 0.42779 -0.42323
1403715925.234057903 -3.33174 1.84900 0.09021 0.61450 0.50347 0.44698 -0.41122
1403715925.334058046 -3.24777 1.79648 0.07922 0.63454 0.48249 0.45452 -0.39746
1403715925.434057951 -3.16351 1.73688 0.07398 0.65888 0.46135 0.45502 -0.38208
1403715925.534058094 -3.07519 1.67018 0.06975 0.68280 0.44121 0.45419 -0.36447
1403715925.634057999 -2.97985 1.60074 0.06297 0.70136 0.41996 0.45972 -0.34698
1403715925.734057903 -2.87338 1.52760 0.05973 0.71545 0.39632 0.47065 -0.33097
1403715925.834058046 -2.75665 1.45034 0.05633 0.72845 0.37169 0.48180 -0.31476
1403715925.934057951 -2.64197 1.37323 0.04916 0.73871 0.34701 0.49631 -0.29592
1403715926.034058094 -2.51163 1.28613 0.04315 0.74702 0.32046 0.51201 -0.27768
1403715926.134057999 -2.38624 1.19327 0.03147 0.75329 0.28663 0.52971 -0.26419
1403715926.234057903 -2.26610 1.09067 0.00536 0.75957 0.25140 0.54614 -0.24815
1403715926.334058046 -2.14347 0.97708 -0.03533 0.76516 0.21808 0.56131 -0.22783
1403715926.434057951 -2.03694 0.85698 -0.08154 0.76769 0.18805 0.57863 -0.20119
1403715926.534058094 -1.93325 0.73112 -0.13029 0.76831 0.16032 0.59510 -0.17278
1403715926.634057999 -1.85319 0.60157 -0.18192 0.77698 0.13478 0.59814 -0.14275
1403715926.734057903 -1.77696 0.46889 -0.23531 0.79013 0.10963 0.59211 -0.11439
1403715926.834058046 -1.71747 0.33226 -0.28219 0.80177 0.09045 0.58505 -0.08190
1403715926.934057951 -1.67254 0.19734 -0.31847 0.81055 0.07174 0.57862 -0.05533
1403715927.034058094 -1.62593 0.06527 -0.33890 0.81519 0.05285 0.57567 -0.03558
1403715927.134057999 -1.57357 -0.06424 -0.35460 0.81241 0.03482 0.58177 -0.01777
1403715927.234057903 -1.52694 -0.19119 -0.36619 0.80588 0.02539 0.59141 0.01204
1403715927.334058046 -1.48651 -0.29715 -0.37425 0.79870 0.01706 0.60000 0.04224
1403715927.434057951 -1.44994 -0.39956 -0.38061 0.78723 0.00371 0.61341 0.06312
1403715927.534058094 -1.43498 -0.47335 -0.38292 0.77453 -0.02389 0.62851 0.06713
1403715927.634057999 -1.43308 -0.54326 -0.38353 0.76278 -0.05599 0.64054 0.06877
1403715927.734057903 -1.44228 -0.60985 -0.38808 0.75617 -0.08742 0.64345 0.08091
1403715927.834058046 -1.46634 -0.66823 -0.39779 0.75444 -0.11530 0.63701 0.10837
1403715927.934057951 -1.51348 -0.71359 -0.40688 0.75423 -0.14405 0.62493 0.14090
1403715928.034058094 -1.57911 -0.73955 -0.42286 0.75345 -0.17727 0.60928 0.17222
1403715928.134057999 -1.65790 -0.74678 -0.45191 0.74990 -0.22022 0.59310 0.19334
1403715928.234057903 -1.74310 -0.74399 -0.49238 0.74091 -0.26591 0.57869 0.21322
1403715928.334058046 -1.83249 -0.73502 -0.54112 0.72064 -0.30628 0.57464 0.23804
1403715928.434057951 -1.92873 -0.71532 -0.59356 0.69798 -0.34124 0.57188 0.26333
1403715928.534058094 -2.02843 -0.68994 -0.65001 0.68496 -0.37707 0.55803 0.27795
1403715928.634057999 -2.13580 -0.65786 -0.70387 0.67900 -0.40672 0.54025 0.28577
1403715928.734057903 -2.24925 -0.61640 -0.74461 0.68341 -0.42551 0.51693 0.29099
1403715928.834058046 -2.36605 -0.57493 -0.77034 0.70103 -0.43991 0.48509 0.28235
1403715928.934057951 -2.47310 -0.52918 -0.76966 0.72236 -0.44348 0.45960 0.26511
1403715929.034058094 -2.57097 -0.49519 -0.73611 0.74428 -0.43719 0.44203 0.24396
1403715929.134057999 -2.65310 -0.48375 -0.68212 0.76233 -0.42704 0.43036 0.22643
1403715929.234057903 -2.71989 -0.49143 -0.62477 0.77801 -0.41270 0.42095 0.21720
1403715929.334058046 -2.77017 -0.51491 -0.57244 0.78699 -0.38388 0.42237 0.23427
1403715929.434057951 -2.80886 -0.55245 -0.52736 0.78778 -0.34197 0.43332 0.27331
1403715929.534058094 -2.82884 -0.59134 -0.48769 0.78306 -0.30170 0.44339 0.31495
1403715929.634057999 -2.83044 -0.62265 -0.44995 0.77689 -0.27449 0.44869 0.34607
1403715929.734057903 -2.80519 -0.63609 -0.41987 0.77169 -0.28751 0.45667 0.33657
1403715929.834058046 -2.75168 -0.63711 -0.39387 0.76080 -0.31616 0.47569 0.30814
1403715929.934057951 -2.68046 -0.63052 -0.37629 0.74095 -0.34539 0.50524 0.27646
1403715930.034058094 -2.60432 -0.62106 -0.36749 0.72141 -0.36832 0.52986 0.25130
1403715930.134057999 -2.53699 -0.60482 -0.36399 0.70446 -0.38739 0.54863 0.22952
1403715930.234057903 -2.48074 -0.58608 -0.36185 0.69156 -0.40236 0.56089 0.21273
1403715930.334058046 -2.44061 -0.56783 -0.35882 0.68635 -0.41013 0.56392 0.20668
1403715930.434057951 -2.41830 -0.55511 -0.35956 0.69608 -0.41075 0.55008 0.21017
1403715930.534058094 -2.40870 -0.55344 -0.37026 0.70966 -0.41079 0.53048 0.21501
1403715930.634057999 -2.40694 -0.55014 -0.38914 0.72179 -0.41288 0.51202 0.21535
1403715930.734057903 -2.40783 -0.56068 -0.39916 0.72777 -0.41695 0.50197 0.21102
1403715930.834058046 -2.40627 -0.58583 -0.39550 0.73251 -0.41656 0.49453 0.21294
1403715930.934057951 -2.41016 -0.62517 -0.37486 0.74117 -0.40670 0.48307 0.22783
1403715931.034058094 -2.41714 -0.67725 -0.34922 0.74984 -0.40128 0.46988 0.23649
1403715931.134057999 -2.41403 -0.74056 -0.33455 0.75765 -0.40198 0.45704 0.23555
1403715931.234057903 -2.40333 -0.81426 -0.32026 0.76078 -0.40297 0.45144 0.23459
1403715931.334058046 -2.38308 -0.89991 -0.29289 0.75872 -0.40475 0.45365 0.23392
1403715931.434057951 -2.35045 -0.99971 -0.25208 0.75450 -0.40418 0.46018 0.23579
1403715931.534058094 -2.31040 -1.11362 -0.21297 0.75130 -0.40269 0.46537 0.23837
1403715931.634057999 -2.26172 -1.23565 -0.18640 0.75027 -0.39687 0.46969 0.24287
1403715931.734057903 -2.20549 -1.36428 -0.17411 0.75042 -0.38903 0.47306 0.24847
1403715931.834058046 -2.14232 -1.49896 -0.17216 0.74886 -0.38307 0.47919 0.25068
1403715931.934057951 -2.07066 -1.63988 -0.16540 0.74141 -0.37533 0.49380 0.25611
1403715932.034058094 -1.99451 -1.78102 -0.15817 0.73154 -0.36771 0.51139 0.26099
1403715932.134057999 -1.91519 -1.92045 -0.14544 0.71699 -0.35682 0.53400 0.27101
1403715932.234057903 -1.83577 -2.05311 -0.12543 0.69793 -0.34292 0.55965 0.28652
1403715932.334058046 -1.75752 -2.17484 -0.10086 0.67582 -0.33084 0.58676 0.29919
1403715932.434057951 -1.69062 -2.27272 -0.07282 0.65842 -0.32172 0.60637 0.30870
1403715932.534058094 -1.63520 -2.34451 -0.04378 0.64452 -0.31558 0.62185 0.31354
1403715932.634057999 -1.60013 -2.38289 -0.01046 0.62874 -0.30922 0.63861 0.31819
1403715932.734057903 -1.59968 -2.37832 0.02398 0.61652 -0.30375 0.65099 0.32226
1403715932.834058046 -1.62843 -2.32699 0.05549 0.61483 -0.30352 0.65155 0.32456
1403715932.934057951 -1.68820 -2.23339 0.07907 0.63817 -0.31738 0.62591 0.31662
1403715933.034058094 -1.77787 -2.09690 0.09795 0.67369 -0.33968 0.58433 0.29886
1403715933.134057999 -1.86702 -1.94521 0.11713 0.70481 -0.35963 0.54288 0.28140
1403715933.234057903 -1.96167 -1.78365 0.13424 0.73279 -0.37798 0.50124 0.26252
1403715933.334058046 -2.04284 -1.63536 0.15499 0.75687 -0.39511 0.46210 0.23978
1403715933.434057951 -2.11692 -1.49596 0.17341 0.77516 -0.41743 0.42508 0.21021
1403715933.534058094 -2.17863 -1.38341 0.19269 0.78975 -0.43723 0.39035 0.18096
1403715933.634057999 -2.23434 -1.31191 0.21957 0.80355 -0.44413 0.36216 0.16089
1403715933.734057903 -2.26576 -1.27488 0.25685 0.81358 -0.44275 0.34208 0.15822
1403715933.834058046 -2.26988 -1.28759 0.30798 0.81788 -0.43638 0.33729 0.16397
1403715933.934057951 -2.24144 -1.35058 0.36851 0.80862 -0.42501 0.36372 0.18224
1403715934.034058094 -2.17954 -1.43523 0.44182 0.77789 -0.40946 0.42391 0.21799
1403715934.134057999 -2.10374 -1.54039 0.51594 0.73632 -0.38723 0.49213 0.25629
1403715934.234057903 -2.02586 -1.65078 0.57107 0.69143 -0.36393 0.55280 0.28963
1403715934.334058046 -1.95112 -1.75130 0.60083 0.65691 -0.34471 0.59341 0.31227
1403715934.434057951 -1.88592 -1.83434 0.61685 0.62841 -0.32861 0.62421 0.32783
1403715934.534058094 -1.83184 -1.89497 0.62075 0.60477 -0.31498 0.64868 0.33800
1403715934.634057999 -1.80413 -1.91923 0.62483 0.58586 -0.30348 0.66810 0.34396
1403715934.734057903 -1.79677 -1.91422 0.63155 0.57614 -0.29782 0.68026 0.34148
1403715934.834058046 -1.82086 -1.87005 0.65153 0.58059 -0.30053 0.68049 0.33096
1403715934.934057951 -1.87817 -1.77574 0.66876 0.61793 -0.31773 0.64768 0.31260
1403715935.034058094 -1.96679 -1.64535 0.68073 0.66170 -0.34123 0.60287 0.28682
1403715935.134057999 -2.07552 -1.49332 0.68055 0.70269 -0.36331 0.55274 0.26215
1403715935.234057903 -2.18832 -1.33335 0.66488 0.73466 -0.38110 0.50679 0.24126
1403715935.334058046 -2.30435 -1.17473 0.63884 0.75772 -0.39286 0.46952 0.22599
1403715935.434057951 -2.26112 -0.93985 0.60459 0.73796 -0.46376 0.42088 0.25140
1403715935.534058094 -2.33591 -0.79359 0.56386 0.74944 -0.46815 0.40109 0.24144
1403715935.634057999 -2.39846 -0.66809 0.51887 0.75701 -0.47164 0.38675 0.23436
1403715935.734057903 -2.44890 -0.56663 0.47481 0.76447 -0.47549 0.37171 0.22655
1403715935.834058046 -2.48176 -0.49755 0.43336 0.77089 -0.47907 0.35779 0.21957
1403715935.934057951 -2.48302 -0.46550 0.39930 0.77151 -0.48315 0.35105 0.21930
1403715936.034058094 -2.46599 -0.47905 0.37722 0.76014 -0.47769 0.37246 0.23512
1403715936.134057999 -2.42957 -0.53250 0.36828 0.73569 -0.46219 0.41705 0.26684
1403715936.234057903 -2.38033 -0.60536 0.36390 0.70528 -0.44322 0.46428 0.30096
1403715936.334058046 -2.32510 -0.69671 0.36420 0.67388 -0.42597 0.50667 0.32822
1403715936.434057951 -2.27037 -0.77545 0.35752 0.64952 -0.41748 0.53541 0.34229
1403715936.534058094 -2.22565 -0.83641 0.34898 0.63519 -0.41456 0.55106 0.34786
1403715936.634057999 -2.19222 -0.87426 0.33933 0.62337 -0.41494 0.56411 0.34788
1403715936.734057903 -2.17014 -0.88670 0.33087 0.61879 -0.41718 0.56850 0.34623
1403715936.834058046 -2.15803 -0.87810 0.31874 0.63023 -0.42239 0.55415 0.34251
1403715936.934057951 -2.15676 -0.85191 0.30442 0.64167 -0.42786 0.53952 0.33781
1403715937.034058094 -2.16043 -0.81485 0.29154 0.65211 -0.42983 0.53035 0.32974
1403715937.134057999 -2.16421 -0.77253 0.27412 0.66815 -0.42937 0.51975 0.31477
1403715937.234057903 -2.17337 -0.72204 0.25748 0.68435 -0.42191 0.51400 0.29909
1403715937.334058046 -2.18364 -0.66679 0.23210 0.69966 -0.40749 0.51385 0.28353
1403715937.434057951 -2.19559 -0.60926 0.19764 0.71222 -0.38865 0.51871 0.26951
1403715937.534058094 -2.20899 -0.55139 0.14894 0.72903 -0.37637 0.51391 0.25052
1403715937.634057999 -2.21882 -0.49732 0.09249 0.75183 -0.36786 0.49667 0.22968
1403715937.734057903 -2.22425 -0.44983 0.03597 0.76991 -0.35748 0.48445 0.21153
1403715937.834058046 -2.22478 -0.40654 -0.01694 0.78281 -0.34486 0.47905 0.19697
1403715937.934057951 -2.21621 -0.37539 -0.06451 0.79294 -0.33029 0.47785 0.18389
1403715938.034058094 -2.19851 -0.35649 -0.10932 0.80303 -0.31256 0.47763 0.17123
1403715938.134057999 -2.16863 -0.34990 -0.14824 0.81313 -0.29336 0.47729 0.15796
1403715938.234057903 -2.12034 -0.36140 -0.17092 0.82127 -0.27142 0.48035 0.14529
1403715938.334058046 -2.05683 -0.38294 -0.17628 0.82083 -0.23819 0.49839 0.14527
1403715938.434057951 -1.98113 -0.40996 -0.16732 0.81631 -0.20483 0.52051 0.14405
1403715938.534058094 -1.89705 -0.43873 -0.15515 0.81046 -0.17826 0.54183 0.13340
1403715938.634057999 -1.80899 -0.46580 -0.14884 0.80821 -0.16035 0.55364 0.12067
1403715938.734057903 -1.71686 -0.49376 -0.14554 0.81385 -0.15121 0.55044 0.10867
1403715938.834058046 -1.62268 -0.52215 -0.14631 0.82761 -0.14743 0.53250 0.09884
1403715938.934057951 -1.51924 -0.55244 -0.15018 0.84089 -0.14629 0.51320 0.09019
1403715939.034058094 -1.40782 -0.58545 -0.15660 0.85068 -0.14593 0.49821 0.08268
1403715939.134057999 -1.27983 -0.62361 -0.16152 0.85382 -0.14305 0.49405 0.08023
1403715939.234057903 -1.13522 -0.66723 -0.15968 0.83745 -0.13681 0.52239 0.08412
1403715939.334058046 -0.97975 -0.71366 -0.15648 0.81210 -0.12972 0.56177 0.08990
1403715939.434057951 -0.82573 -0.75869 -0.15586 0.78488 -0.12438 0.59950 0.09536
1403715939.534058094 -0.68457 -0.79846 -0.15634 0.76129 -0.11963 0.62915 0.10149
1403715939.634057999 -0.55786 -0.83058 -0.15340 0.73583 -0.11601 0.65829 0.10838
1403715939.734057903 -0.46034 -0.85210 -0.14165 0.70754 -0.11302 0.68803 0.11506
1403715939.834058046 -0.39078 -0.86130 -0.12249 0.68852 -0.11245 0.70630 0.12013
1403715939.934057951 -0.36414 -0.85263 -0.09361 0.68121 -0.11303 0.71257 0.12419
1403715940.034058094 -0.37669 -0.82779 -0.05659 0.69843 -0.11720 0.69486 0.12503
1403715940.134057999 -0.42111 -0.78730 -0.01663 0.73745 -0.12535 0.65267 0.12034
1403715940.234057903 -0.48727 -0.73635 0.02553 0.77484 -0.13309 0.60746 0.11360
1403715940.334058046 -0.56442 -0.67826 0.06531 0.80857 -0.14069 0.56183 0.10374
1403715940.434057951 -0.64652 -0.61791 0.10586 0.83801 -0.14782 0.51688 0.09342
1403715940.534058094 -0.71563 -0.56031 0.14142 0.86392 -0.15610 0.47193 0.08097
1403715940.634057999 -0.75782 -0.50816 0.17365 0.88725 -0.16779 0.42473 0.06516
1403715940.734057903 -0.76833 -0.46901 0.20920 0.90397 -0.17807 0.38527 0.05189
1403715940.834058046 -0.73867 -0.45612 0.25231 0.91340 -0.17047 0.36621 0.05024
1403715940.934057951 -0.66218 -0.45843 0.30514 0.90686 -0.16321 0.38396 0.05949
1403715941.034058094 -0.54436 -0.48590 0.36807 0.88074 -0.14320 0.44621 0.06843
1403715941.134057999 -0.39397 -0.51355 0.43669 0.83349 -0.13521 0.52907 0.08423
1403715941.234057903 -0.23856 -0.53982 0.50150 0.78009 -0.12724 0.60481 0.09735
1403715941.334058046 -0.09239 -0.56356 0.55667 0.73908 -0.12438 0.65447 0.09980
1403715941.434057951 0.03303 -0.58182 0.60220 0.70933 -0.12306 0.68689 0.09944
1403715941.534058094 0.13537 -0.59454 0.62853 0.69256 -0.12327 0.70421 0.09619
1403715941.634057999 0.21439 -0.59978 0.63081 0.67686 -0.12354 0.71977 0.09236
1403715941.734057903 0.26022 -0.59465 0.62532 0.65642 -0.12421 0.73901 0.08688
1403715941.834058046 0.26782 -0.58403 0.61654 0.63754 -0.12275 0.75586 0.08454
1403715941.934057951 0.22660 -0.56458 0.60211 0.63595 -0.12027 0.75730 0.08717
1403715942.034058094 0.13029 -0.53519 0.57521 0.66797 -0.12020 0.72874 0.09109
1403715942.134057999 -0.01554 -0.49900 0.53737 0.71780 -0.12339 0.67927 0.09023
1403715942.234057903 -0.18105 -0.45711 0.48207 0.76620 -0.12806 0.62396 0.08488
1403715942.334058046 -0.36068 -0.41203 0.40116 0.81089 -0.13443 0.56437 0.07667
1403715942.434057951 -0.53557 -0.36145 0.30132 0.84007 -0.14121 0.51930 0.06838
1403715942.534058094 -0.70593 -0.31813 0.19731 0.86086 -0.14738 0.48354 0.05826
1403715942.634057999 -0.85425 -0.28123 0.09593 0.87848 -0.14872 0.45072 0.05485
1403715942.734057903 -0.96844 -0.25291 -0.00262 0.88966 -0.14792 0.42848 0.05496
1403715942.834058046 -1.05219 -0.24129 -0.09670 0.89361 -0.14447 0.42125 0.05600
1403715942.934057951 -1.09783 -0.24424 -0.18568 0.89319 -0.14019 0.42338 0.05750
1403715943.034058094 -1.09843 -0.25455 -0.26498 0.88982 -0.13568 0.43096 0.06393
1403715943.134057999 -1.03549 -0.27426 -0.32053 0.88321 -0.12970 0.44417 0.07638
1403715943.234057903 -0.97178 -0.30538 -0.35526 0.86269 -0.12293 0.48404 0.07977
1403715943.334058046 -0.87321 -0.34508 -0.37032 0.82697 -0.11647 0.54409 0.08075
1403715943.434057951 -0.76386 -0.37656 -0.37518 0.78674 -0.10478 0.60281 0.08170
1403715943.534058094 -0.65426 -0.40473 -0.38055 0.75869 -0.09450 0.63961 0.07968
1403715943.634057999 -0.56870 -0.42857 -0.38611 0.74111 -0.08970 0.66063 0.07924
1403715943.734057903 -0.50082 -0.44617 -0.39145 0.72527 -0.09114 0.67796 0.07777
1403715943.834058046 -0.46223 -0.45681 -0.39506 0.70778 -0.09372 0.69552 0.08066
1403715943.934057951 -0.45828 -0.45916 -0.38695 0.69637 -0.09656 0.70611 0.08456
1403715944.034058094 -0.49210 -0.45257 -0.36552 0.70935 -0.10338 0.69258 0.08040
1403715944.134057999 -0.55722 -0.43616 -0.33950 0.75346 -0.11058 0.64477 0.06589
1403715944.234057903 -0.65167 -0.41401 -0.31287 0.80197 -0.11184 0.58499 0.04607
1403715944.334058046 -0.75248 -0.39298 -0.29153 0.84191 -0.10286 0.52892 0.02914
1403715944.434057951 -0.84734 -0.37498 -0.27689 0.86838 -0.08415 0.48847 0.01552
1403715944.534058094 -0.92941 -0.36098 -0.26915 0.88673 -0.06057 0.45829 0.00179
1403715944.634057999 -0.97857 -0.35156 -0.25644 0.89685 -0.03691 0.44052 -0.01527
1403715944.734057903 -0.98801 -0.34847 -0.24019 0.90178 -0.01384 0.43076 -0.03254
1403715944.834058046 -0.95013 -0.34023 -0.21489 0.90029 0.00565 0.43367 -0.03721
1403715944.934057951 -0.88514 -0.34498 -0.18229 0.87969 0.03958 0.47263 -0.03472
1403715945.034058094 -0.80202 -0.35291 -0.14752 0.84086 0.07360 0.53508 -0.03501
1403715945.134057999 -0.71645 -0.36044 -0.11356 0.79688 0.09698 0.59507 -0.03836
1403715945.234057903 -0.63783 -0.36352 -0.08174 0.76475 0.10946 0.63368 -0.04022
1403715945.334058046 -0.57233 -0.36463 -0.05273 0.73897 0.11316 0.66280 -0.04255
1403715945.434057951 -0.53509 -0.36319 -0.01894 0.71376 0.11201 0.68996 -0.04422
1403715945.534058094 -0.52523 -0.35762 0.01391 0.69435 0.10581 0.71006 -0.04988
1403715945.634057999 -0.55398 -0.35016 0.03597 0.72030 0.09708 0.68437 -0.05803
1403715945.734057903 -0.60860 -0.34527 0.05935 0.76192 0.09096 0.63825 -0.06190
1403715945.834058046 -0.67719 -0.34084 0.08254 0.80161 0.08968 0.58822 -0.05812
1403715945.934057951 -0.74312 -0.33571 0.11031 0.83732 0.08907 0.53677 -0.05340
1403715946.034058094 -0.81018 -0.32620 0.13495 0.86219 0.09156 0.49538 -0.05324
1403715946.134057999 -0.85511 -0.30893 0.15932 0.87849 0.09924 0.46387 -0.05687
1403715946.234057903 -0.87565 -0.28639 0.18610 0.89009 0.11284 0.43713 -0.06262
1403715946.334058046 -0.85980 -0.25369 0.21866 0.89160 0.13042 0.42787 -0.07045
1403715946.434057951 -0.81526 -0.21043 0.25676 0.87387 0.15346 0.45467 -0.07790
1403715946.534058094 -0.75035 -0.15637 0.30024 0.84245 0.16879 0.50338 -0.09161
1403715946.634057999 -0.67324 -0.09514 0.34480 0.80529 0.17365 0.55615 -0.10975
1403715946.734057903 -0.59380 -0.03022 0.38595 0.77293 0.17367 0.59731 -0.12502
1403715946.834058046 -0.52276 0.03008 0.42200 0.75236 0.17281 0.62086 -0.13645
1403715946.934057951 -0.46053 0.08597 0.44957 0.73730 0.17259 0.63735 -0.14280
1403715947.034058094 -0.41441 0.13206 0.47137 0.72354 0.17133 0.65264 -0.14559
1403715947.134057999 -0.39369 0.17069 0.49497 0.70174 0.16320 0.67628 -0.15350
1403715947.234057903 -0.40128 0.19529 0.51824 0.67621 0.15272 0.70274 -0.15989
1403715947.334058046 -0.43823 0.20636 0.53108 0.67621 0.14610 0.70377 -0.16156
1403715947.434057951 -0.50690 0.20031 0.52739 0.70894 0.14880 0.67229 -0.15261
1403715947.534058094 -0.60532 0.17926 0.50894 0.74994 0.15253 0.62670 -0.14686
1403715947.634057999 -0.71834 0.14976 0.47835 0.78857 0.15394 0.57712 -0.14625
1403715947.734057903 -0.83302 0.11736 0.43481 0.82230 0.15527 0.52800 -0.14468
1403715947.834058046 -0.94049 0.08211 0.38209 0.84293 0.16374 0.49473 -0.13380
1403715947.934057951 -1.03298 0.05015 0.32268 0.85875 0.17489 0.46614 -0.12112
1403715948.034058094 -1.10181 0.02562 0.26277 0.87235 0.18567 0.43829 -0.11152
1403715948.134057999 -1.13773 0.01289 0.20552 0.88232 0.19442 0.41545 -0.10541
1403715948.234057903 -1.13719 0.01744 0.15677 0.88464 0.19932 0.40847 -0.10410
1403715948.334058046 -1.09989 0.03978 0.12060 0.87298 0.19850 0.43141 -0.11132
1403715948.434057951 -1.03345 0.08105 0.09314 0.84927 0.18907 0.47767 -0.12179
1403715948.534058094 -0.94293 0.12719 0.07296 0.82022 0.18329 0.52645 -0.12846
1403715948.634057999 -0.84546 0.17419 0.05218 0.79232 0.17657 0.56890 -0.13193
1403715948.734057903 -0.75319 0.21770 0.02740 0.76702 0.16955 0.60420 -0.13373
1403715948.834058046 -0.67334 0.25757 -0.00162 0.74881 0.16376 0.62801 -0.13444
1403715948.934057951 -0.60895 0.29300 -0.03060 0.73487 0.16036 0.64386 -0.14032
1403715949.034058094 -0.56642 0.31809 -0.05888 0.72018 0.16240 0.65752 -0.15046
1403715949.134057999 -0.54710 0.33309 -0.08662 0.71424 0.17020 0.65930 -0.16194
1403715949.234057903 -0.54992 0.34005 -0.11342 0.73076 0.18807 0.63432 -0.16810
1403715949.334058046 -0.57187 0.33379 -0.14319 0.75916 0.21186 0.59125 -0.17094
1403715949.434057951 -0.60267 0.32120 -0.17021 0.79061 0.23594 0.53950 -0.16797
1403715949.534058094 -0.63337 0.30944 -0.19083 0.81147 0.25760 0.49782 -0.16535
1403715949.634057999 -0.65498 0.30405 -0.20567 0.82126 0.27923 0.46882 -0.16661
1403715949.734057903 -0.66275 0.31062 -0.21695 0.82684 0.30072 0.44363 -0.17056
1403715949.834058046 -0.64837 0.33447 -0.22394 0.82533 0.32485 0.42846 -0.17244
1403715949.934057951 -0.60833 0.37795 -0.22207 0.81508 0.35073 0.42695 -0.17418
1403715950.034058094 -0.55267 0.44189 -0.21527 0.79737 0.37759 0.43720 -0.17458
1403715950.134057999 -0.48551 0.52755 -0.20471 0.76743 0.39668 0.46755 -0.18732
1403715950.234057903 -0.41576 0.63152 -0.19075 0.73244 0.39562 0.50978 -0.21712
1403715950.334058046 -0.35130 0.73926 -0.17574 0.70227 0.38141 0.54530 -0.25298
1403715950.434057951 -0.29576 0.84174 -0.16164 0.67678 0.36612 0.57400 -0.28010
1403715950.534058094 -0.25400 0.93246 -0.14954 0.65323 0.35254 0.60043 -0.29747
1403715950.634057999 -0.22938 1.00289 -0.13648 0.64032 0.34378 0.61501 -0.30590
1403715950.734057903 -0.22453 1.05176 -0.11963 0.62860 0.33608 0.62750 -0.31329
1403715950.834058046 -0.24233 1.07664 -0.10061 0.61816 0.33036 0.63720 -0.32051
1403715950.934057951 -0.28416 1.07512 -0.08032 0.61803 0.33074 0.63588 -0.32297
1403715951.034058094 -0.35062 1.04793 -0.06532 0.64729 0.34274 0.60276 -0.31658
1403715951.134057999 -0.43456 0.99420 -0.05061 0.68277 0.36178 0.55895 -0.30087
1403715951.234057903 -0.52781 0.92952 -0.03983 0.71548 0.38768 0.51007 -0.27863
1403715951.334058046 -0.62105 0.85824 -0.03034 0.73934 0.41094 0.46412 -0.26288
1403715951.434057951 -0.70582 0.79828 -0.01924 0.75290 0.43257 0.42694 -0.25247
1403715951.534058094 -0.78513 0.75187 -0.00541 0.76150 0.45205 0.39401 -0.24601
1403715951.634057999 -0.84937 0.72786 0.01022 0.76366 0.47075 0.36882 -0.24329
1403715951.734057903 -0.89664 0.73566 0.03084 0.76067 0.48822 0.35116 -0.24438
1403715951.834058046 -0.91335 0.76830 0.05847 0.74781 0.51050 0.33953 -0.25473
1403715951.934057951 -0.92598 0.83344 0.09432 0.72172 0.51971 0.35722 -0.28533
1403715952.034058094 -0.94034 0.93136 0.13679 0.68654 0.51374 0.39690 -0.32742
1403715952.134057999 -0.93989 1.04396 0.17486 0.64431 0.50342 0.43683 -0.37499
1403715952.234057903 -0.91255 1.15959 0.20600 0.60839 0.49772 0.46046 -0.41245
1403715952.334058046 -0.89291 1.25937 0.23408 0.58263 0.49416 0.47370 -0.43813
1403715952.434057951 -0.87064 1.34223 0.25903 0.56174 0.49073 0.48401 -0.45756
1403715952.534058094 -0.84372 1.39734 0.28037 0.54469 0.49237 0.48862 -0.47131
1403715952.634057999 -0.82610 1.42808 0.30348 0.52728 0.49201 0.49261 -0.48707
1403715952.734057903 -0.80447 1.42570 0.33014 -0.50654 -0.48413 -0.50343 0.50556
1403715952.834058046 -0.78419 1.39115 0.35621 -0.48902 -0.47619 -0.51383 0.51969
1403715952.934057951 -0.76153 1.32259 0.37609 -0.50196 -0.49417 -0.49661 0.50716
1403715953.034058094 -0.73817 1.22155 0.38574 0.53398 0.53299 0.45564 -0.47242
1403715953.134057999 -0.71416 1.09571 0.38172 0.56589 0.57229 0.40812 -0.43091
1403715953.234057903 -0.69094 0.96514 0.36565 0.59171 0.60155 0.36603 -0.39248
1403715953.334058046 -0.66645 0.83646 0.33987 0.60646 0.61979 0.33718 -0.36658
1403715953.434057951 -0.63828 0.72584 0.30760 0.61456 0.63702 0.31049 -0.34657
1403715953.534058094 -0.61046 0.64389 0.27680 0.61479 0.65430 0.28698 -0.33402
1403715953.634057999 -0.58326 0.59286 0.25237 0.60793 0.67316 0.26680 -0.32571
1403715953.734057903 -0.56676 0.57626 0.23648 0.59954 0.68869 0.25222 -0.32039
1403715953.834058046 -0.54921 0.61113 0.22970 0.58442 0.70252 0.25061 -0.31956
1403715953.934057951 -0.56678 0.69094 0.23340 0.56897 0.70282 0.28295 -0.31979
1403715954.034058094 -0.56513 0.81263 0.23728 0.52271 0.70780 0.33486 -0.33713
1403715954.134057999 -0.57692 0.94226 0.23244 0.48588 0.69506 0.37933 -0.37002
1403715954.234057903 -0.61095 1.07863 0.22455 0.45992 0.66962 0.41334 -0.41139
1403715954.334058046 -0.65792 1.20893 0.21400 0.44871 0.63929 0.42955 -0.45327
1403715954.434057951 -0.71861 1.32133 0.20150 0.44760 0.60647 0.43011 -0.49685
1403715954.534058094 -0.78176 1.40703 0.19112 -0.43981 -0.57682 -0.43684 0.53200
1403715954.634057999 -0.84009 1.46040 0.18347 -0.42775 -0.55467 -0.44699 0.55640
1403715954.734057903 -0.89142 1.47493 0.17449 -0.42192 -0.54513 -0.45026 0.56752
1403715954.834058046 -0.93428 1.44961 0.16384 -0.42931 -0.55503 -0.44218 0.55867
1403715954.934057951 -0.96883 1.38822 0.15388 -0.44680 -0.57731 -0.42500 0.53523
1403715955.034058094 -0.99664 1.29513 0.14517 -0.46984 -0.60558 -0.40169 0.50116
1403715955.134057999 -1.01884 1.18297 0.13714 0.49467 0.62935 0.37333 -0.46887
1403715955.234057903 -1.04152 1.06483 0.12756 0.52237 0.64966 0.33780 -0.43699
1403715955.334058046 -1.06173 0.95136 0.12140 0.54166 0.66612 0.31145 -0.40729
1403715955.434057951 -1.08001 0.85091 0.11997 0.55592 0.67743 0.29043 -0.38431
1403715955.534058094 -1.10155 0.77338 0.12108 0.56911 0.68602 0.26409 -0.36844
1403715955.634057999 -1.12078 0.72580 0.12689 0.57288 0.69795 0.23672 -0.35864
1403715955.734057903 -1.14715 0.71785 0.13944 0.56055 0.71149 0.22747 -0.35753
1403715955.834058046 -1.17086 0.74664 0.16533 0.52372 0.71471 0.24546 -0.39326
1403715955.934057951 -1.20900 0.80404 0.19649 0.48342 0.70385 0.27194 -0.44378
1403715956.034058094 -1.24692 0.87436 0.22839 0.43457 0.69186 0.29803 -0.49362
1403715956.134057999 -1.27665 0.95106 0.25839 -0.38591 -0.68655 -0.31431 0.53003
1403715956.234057903 -1.31035 1.01580 0.28276 -0.34435 -0.68744 -0.31779 0.55485
1403715956.334058046 -1.34136 1.05654 0.30486 -0.31080 -0.69166 -0.30803 0.57456
1403715956.434057951 -1.36446 1.07182 0.32969 -0.27609 -0.68540 -0.29587 0.60536
1403715956.534058094 -1.37418 1.06206 0.35752 -0.24247 -0.67362 -0.28314 0.63819
1403715956.634057999 -1.36816 1.03084 0.38461 -0.22022 -0.66803 -0.26813 0.65829
1403715956.734057903 -1.34124 0.97566 0.40952 -0.21533 -0.68010 -0.24932 0.65494
1403715956.834058046 -1.29278 0.89564 0.43390 -0.22278 -0.70290 -0.22678 0.63630
1403715956.934057951 -1.22645 0.79565 0.45516 -0.23531 -0.73115 -0.20661 0.60610
1403715957.034058094 -1.14705 0.68109 0.46930 -0.24961 -0.76230 -0.18947 0.56631
1403715957.134057999 -1.06318 0.56132 0.47194 -0.26327 -0.78754 -0.17526 0.52892
1403715957.234057903 -0.98260 0.44182 0.46172 0.27720 0.80912 0.15926 -0.49307
1403715957.334058046 -0.91096 0.32935 0.43779 0.29224 0.82896 0.14040 -0.45576
1403715957.434057951 -0.85459 0.23508 0.40597 0.30201 0.84638 0.12622 -0.42012
1403715957.534058094 -0.81956 0.16094 0.36880 0.30855 0.85927 0.11552 -0.39130
1403715957.634057999 -0.81103 0.11222 0.32991 0.30963 0.86873 0.11006 -0.37058
1403715957.734057903 -0.83618 0.09721 0.29218 0.30201 0.87076 0.11436 -0.37079
1403715957.834058046 -0.90281 0.10643 0.26466 0.29217 0.85452 0.12913 -0.40958
1403715957.934057951 -1.00762 0.14575 0.24903 0.27336 0.82572 0.14724 -0.47093
1403715958.034058094 -1.12894 0.19591 0.23704 -0.24820 -0.79412 -0.16134 0.53080
1403715958.134057999 -1.25379 0.24760 0.21795 -0.21970 -0.76329 -0.16930 0.58349
1403715958.234057903 -1.37240 0.29307 0.19447 -0.19307 -0.73638 -0.16987 0.62580
1403715958.334058046 -1.47652 0.32719 0.16888 -0.16811 -0.71796 -0.16624 0.65470
1403715958.434057951 -1.55950 0.34798 0.14087 -0.14567 -0.69927 -0.15838 0.68170
1403715958.534058094 -1.61197 0.34830 0.11466 -0.12605 -0.68331 -0.14552 0.70429
1403715958.634057999 -1.63277 0.33155 0.08587 -0.11355 -0.68606 -0.12381 0.70788
1403715958.734057903 -1.61351 0.29796 0.05677 -0.10635 -0.70270 -0.09335 0.69727
1403715958.834058046 -1.56517 0.25193 0.02372 -0.10328 -0.73248 -0.05471 0.67068
1403715958.934057951 -1.48162 0.20076 -0.00392 -0.10222 -0.76529 -0.01313 0.63539
1403715959.034058094 -1.38693 0.15983 -0.03370 -0.09320 -0.79734 0.01677 0.59605
1403715959.134057999 -1.27635 0.12883 -0.06019 -0.07124 -0.82484 0.02796 0.56016
1403715959.234057903 -1.16802 0.10587 -0.08357 -0.03814 -0.84608 0.02261 0.53120
1403715959.334058046 -1.06945 0.08924 -0.10858 0.00900 0.86735 -0.02038 -0.49720
1403715959.434057951 -0.99464 0.07573 -0.13785 -0.01040 0.88850 -0.02206 -0.45824
1403715959.534058094 -0.93792 0.06619 -0.16293 -0.02287 0.90316 -0.02448 -0.42799
1403715959.634057999 -0.92373 0.05629 -0.17305 -0.04118 0.90796 -0.02570 -0.41624
1403715959.734057903 -0.96612 0.02982 -0.16166 -0.04788 0.89675 -0.02777 -0.43906
1403715959.834058046 -1.02145 0.00784 -0.13716 -0.05955 0.86612 -0.04124 -0.49456
1403715959.934057951 -1.13019 -0.00981 -0.10173 0.06866 -0.82555 0.05274 0.55764
1403715960.034058094 -1.22504 -0.03034 -0.07409 0.07430 -0.78258 0.06220 0.61496
1403715960.134057999 -1.30364 -0.05128 -0.05053 0.07735 -0.74793 0.06945 0.65559
1403715960.234057903 -1.36341 -0.06726 -0.03174 0.08061 -0.72158 0.07113 0.68393
1403715960.334058046 -1.39267 -0.07976 -0.01584 0.08230 -0.70264 0.07084 0.70321
1403715960.434057951 -1.38874 -0.08583 0.00381 0.08223 -0.68601 0.07220 0.71932
1403715960.534058094 -1.35334 -0.08821 0.02501 0.08266 -0.69045 0.07055 0.71517
1403715960.634057999 -1.28242 -0.08829 0.04122 0.08532 -0.72606 0.06320 0.67938
1403715960.734057903 -1.17242 -0.08480 0.05311 0.08774 -0.76609 0.05490 0.63435
1403715960.834058046 -1.05825 -0.08217 0.06627 0.08943 -0.81059 0.04474 0.57702
1403715960.934057951 -0.93836 -0.08307 0.08134 0.09048 -0.85049 0.03433 0.51701
1403715961.034058094 -0.82802 -0.08840 0.09662 -0.09038 0.87662 -0.02581 -0.47191
1403715961.134057999 -0.74355 -0.10701 0.11384 -0.08798 0.89709 -0.02007 -0.43253
1403715961.234057903 -0.68994 -0.13321 0.13481 -0.07987 0.91152 -0.02190 -0.40283
1403715961.334058046 -0.67974 -0.17227 0.16552 -0.06684 0.91102 -0.03505 -0.40539
1403715961.434057951 -0.69688 -0.24125 0.20623 -0.04425 0.89539 -0.04634 -0.44065
1403715961.534058094 -0.77570 -0.28570 0.25383 -0.05247 0.87040 -0.06533 -0.48516
1403715961.634057999 -0.87360 -0.32295 0.30509 0.07362 -0.83945 0.08224 0.53211
1403715961.734057903 -0.97916 -0.36330 0.35036 0.09686 -0.80450 0.09621 0.57805
1403715961.834058046 -1.07443 -0.40351 0.38684 0.12018 -0.76844 0.10547 0.61962
1403715961.934057951 -1.15695 -0.43929 0.41008 0.13871 -0.73876 0.11313 0.64977
1403715962.034058094 -1.22219 -0.47324 0.42496 0.14894 -0.70242 0.12940 0.68387
1403715962.134057999 -1.24953 -0.49063 0.43145 0.15651 -0.66914 0.15132 0.71054
1403715962.234057903 -1.24685 -0.50032 0.42677 0.16698 -0.65397 0.17143 0.71768
1403715962.334058046 -1.20674 -0.49440 0.41415 0.17818 -0.65972 0.19350 0.70397
1403715962.434057951 -1.12900 -0.46785 0.39406 0.18589 -0.67762 0.21584 0.67800
1403715962.534058094 -1.02881 -0.42310 0.36376 0.19303 -0.70548 0.24014 0.63825
1403715962.634057999 -0.90992 -0.35322 0.32036 0.20250 -0.74010 0.26033 0.58607
1403715962.734057903 -0.79016 -0.26477 0.26803 0.21254 -0.76504 0.27524 0.54202
1403715962.834058046 -0.67506 -0.15696 0.20415 0.23155 -0.78515 0.27676 0.50332
1403715962.934057951 -0.57027 -0.04097 0.13353 -0.26255 0.79923 -0.26193 -0.47297
1403715963.034058094 -0.48109 0.08154 0.05062 -0.30913 0.80914 -0.23019 -0.44357
1403715963.134057999 -0.40197 0.19820 -0.04637 -0.34821 0.81809 -0.20592 -0.40874
1403715963.234057903 -0.34472 0.29764 -0.15656 -0.37891 0.82350 -0.19305 -0.37551
1403715963.334058046 -0.30850 0.37312 -0.27764 -0.40452 0.82290 -0.19044 -0.35062
1403715963.434057951 -0.29423 0.40954 -0.38963 -0.41842 0.79937 -0.21325 -0.37477
1403715963.534058094 -0.31268 0.41391 -0.48750 -0.42513 0.75481 -0.25413 -0.43006
1403715963.634057999 -0.35157 0.39442 -0.57416 -0.42806 0.71061 -0.29250 -0.47564
1403715963.734057903 -0.37977 0.37647 -0.65363 0.43372 -0.67659 0.31842 0.50271
1403715963.834058046 -0.40024 0.36649 -0.71985 0.43871 -0.65962 0.33634 0.50922
1403715963.934057951 -0.41576 0.35889 -0.77198 0.44577 -0.65558 0.34335 0.50360
1403715964.034058094 -0.42443 0.36015 -0.81272 -0.45573 0.66064 -0.34172 -0.48896
1403715964.134057999 -0.42891 0.36682 -0.84075 -0.48117 0.67214 -0.31472 -0.46653
1403715964.234057903 -0.42848 0.36875 -0.84139 -0.49604 0.67970 -0.29899 -0.45006
1403715964.334058046 -0.42520 0.35761 -0.81227 -0.48916 0.67908 -0.31175 -0.44987
1403715964.434057951 -0.41955 0.34055 -0.77498 -0.48123 0.67618 -0.32462 -0.45366
1403715964.534058094 -0.41352 0.31730 -0.74440 -0.48063 0.67246 -0.32750 -0.45776
1403715964.634057999 -0.40505 0.29059 -0.71363 -0.47838 0.67258 -0.33127 -0.45721
1403715964.734057903 -0.39629 0.26280 -0.67512 -0.46907 0.67360 -0.34476 -0.45539
1403715964.834058046 -0.38836 0.23398 -0.62486 -0.45549 0.67290 -0.36556 -0.45399
1403715964.934057951 -0.38628 0.20902 -0.57103 -0.44786 0.66478 -0.38044 -0.46125
1403715965.034058094 -0.38911 0.18900 -0.52779 -0.44430 0.65172 -0.39148 -0.47392
1403715965.134057999 -0.39398 0.17821 -0.49917 -0.44126 0.63555 -0.40124 -0.49028
1403715965.234057903 -0.39839 0.18001 -0.48661 -0.45899 0.64138 -0.38315 -0.48079
1403715965.334058046 -0.40312 0.19095 -0.48098 -0.48783 0.66513 -0.34474 -0.44809
1403715965.434057951 -0.40822 0.20004 -0.47203 -0.50918 0.69282 -0.30812 -0.40719
1403715965.534058094 -0.41953 0.19478 -0.45851 -0.52165 0.71088 -0.28034 -0.37939
1403715965.634057999 -0.43454 0.16061 -0.42972 -0.52359 0.71487 -0.27195 -0.37531
1403715965.734057903 -0.45759 0.10006 -0.39437 -0.51084 0.69481 -0.29467 -0.41164
1403715965.834058046 -0.48197 0.02812 -0.35347 -0.48783 0.66311 -0.33278 -0.45996
1403715965.934057951 -0.50722 -0.04874 -0.31692 0.46479 -0.63168 0.36660 0.50055
1403715966.034058094 -0.52617 -0.11094 -0.28565 0.45058 -0.60775 0.38685 0.52723
1403715966.134057999 -0.53354 -0.15113 -0.25251 0.43457 -0.58179 0.40917 0.55249
1403715966.234057903 -0.53145 -0.16503 -0.22056 0.43044 -0.57253 0.41655 0.55984
1403715966.334058046 -0.51900 -0.14773 -0.19203 0.44738 -0.59613 0.39704 0.53558
1403715966.434057951 -0.49669 -0.10931 -0.16259 -0.46934 0.63025 -0.36537 -0.49901
1403715966.534058094 -0.46829 -0.05801 -0.13720 -0.49192 0.67078 -0.32458 -0.45024
1403715966.634057999 -0.43658 -0.00527 -0.11717 -0.50571 0.70201 -0.28998 -0.40909
1403715966.734057903 -0.41127 0.02018 -0.09256 -0.51072 0.72108 -0.26841 -0.38363
1403715966.834058046 -0.39201 0.02510 -0.07014 -0.51332 0.73217 -0.25403 -0.36864
1403715966.934057951 -0.38281 -0.00584 -0.03661 -0.50685 0.72379 -0.26234 -0.38783
1403715967.034058094 -0.37784 -0.05879 0.00242 -0.49151 0.69908 -0.28832 -0.43194
1403715967.134057999 -0.37028 -0.12250 0.04564 -0.46809 0.66755 -0.32152 -0.48155
1403715967.234057903 -0.36100 -0.18340 0.08891 0.44489 -0.63416 0.35052 0.52636
1403715967.334058046 -0.34511 -0.22640 0.13130 0.42083 -0.59996 0.37876 0.56524
1403715967.434057951 -0.31465 -0.24534 0.16755 0.40721 -0.58532 0.39274 0.58081
1403715967.534058094 -0.27073 -0.23580 0.20011 0.40798 -0.59347 0.39688 0.56906
1403715967.634057999 -0.21383 -0.19992 0.22780 0.42133 -0.61466 0.39794 0.53509
1403715967.734057903 -0.14967 -0.13931 0.25411 -0.44194 0.63995 -0.39798 -0.48658
1403715967.834058046 -0.08741 -0.06602 0.27642 -0.46606 0.66479 -0.39437 -0.43047
1403715967.934057951 -0.03604 0.01327 0.29215 -0.48894 0.67861 -0.38947 -0.38568
1403715968.034058094 -0.00155 0.09060 0.29618 -0.52021 0.68355 -0.36698 -0.35702
1403715968.134057999 0.01654 0.15743 0.29300 -0.55179 0.68265 -0.33749 -0.34002
1403715968.234057903 0.02662 0.20303 0.28743 -0.56641 0.67486 -0.32759 -0.34122
1403715968.334058046 0.03110 0.22803 0.27825 -0.56014 0.65529 -0.34670 -0.36965
1403715968.434057951 0.03001 0.23776 0.25786 -0.54535 0.63346 -0.37332 -0.40242
1403715968.534058094 0.02501 0.24850 0.22400 -0.52923 0.61066 -0.40070 -0.43180
1403715968.634057999 0.01941 0.25849 0.17805 -0.51192 0.58941 -0.42244 -0.46052
1403715968.734057903 0.01120 0.27558 0.12795 -0.49746 0.56988 -0.43898 -0.48484
1403715968.834058046 0.00397 0.31190 0.07803 0.48626 -0.55437 0.45173 0.50215
1403715968.934057951 -0.00092 0.37182 0.02985 0.48161 -0.54800 0.45755 0.50832
1403715969.034058094 -0.00057 0.45740 -0.02089 -0.49404 0.56170 -0.44541 -0.49196
1403715969.134057999 0.00246 0.56896 -0.07801 -0.52469 0.59609 -0.40823 -0.45025
1403715969.234057903 0.00538 0.68798 -0.13503 -0.55827 0.63530 -0.35805 -0.39564
1403715969.334058046 0.00421 0.79796 -0.18383 -0.57928 0.66199 -0.31796 -0.35372
1403715969.434057951 -0.00228 0.88344 -0.22708 -0.59329 0.67830 -0.28664 -0.32520
1403715969.534058094 -0.01131 0.93057 -0.26372 -0.60685 0.68073 -0.26063 -0.31689
1403715969.634057999 -0.02051 0.93825 -0.28846 -0.62121 0.66243 -0.24547 -0.33915
1403715969.734057903 -0.02074 0.90277 -0.30049 -0.62823 0.63651 -0.24499 -0.37437
1403715969.834058046 -0.00849 0.83145 -0.30995 0.62027 -0.61101 0.26763 0.41268
1403715969.934057951 0.02142 0.73883 -0.31344 -0.59226 0.59769 -0.31676 -0.43780
1403715970.034058094 0.06714 0.64571 -0.30958 -0.55807 0.58422 -0.37065 -0.45811
1403715970.134057999 0.11844 0.55288 -0.31016 -0.53258 0.56791 -0.40963 -0.47543
1403715970.234057903 0.17417 0.47486 -0.31018 -0.50829 0.54856 -0.44382 -0.49371
1403715970.334058046 0.23395 0.42058 -0.30833 0.48595 -0.53118 0.47336 0.50757
1403715970.434057951 0.29863 0.39893 -0.30530 0.47350 -0.52262 0.49020 0.51222
1403715970.534058094 0.36328 0.41510 -0.30034 -0.47535 0.53487 -0.49483 -0.49305
1403715970.634057999 0.42255 0.45801 -0.30000 -0.49266 0.56711 -0.48164 -0.45133
1403715970.734057903 0.47376 0.52726 -0.29689 -0.51698 0.60509 -0.45127 -0.40368
1403715970.834058046 0.51356 0.60531 -0.29312 -0.54039 0.64670 -0.41122 -0.34735
1403715970.934057951 0.53439 0.67868 -0.28530 -0.55716 0.67918 -0.37300 -0.29860
1403715971.034058094 0.53533 0.73335 -0.27064 -0.57478 0.69443 -0.33936 -0.26875
1403715971.134057999 0.51739 0.75265 -0.24656 -0.59972 0.68890 -0.30995 -0.26399
1403715971.234057903 0.48341 0.72239 -0.20839 -0.62346 0.66183 -0.30062 -0.28793
1403715971.334058046 0.44887 0.64193 -0.16070 0.63818 -0.61921 0.31394 0.33279
1403715971.434057951 0.41945 0.54180 -0.10836 0.64543 -0.56905 0.34192 0.37774
1403715971.534058094 0.40527 0.42834 -0.05865 0.64743 -0.51877 0.37591 0.41281
1403715971.634057999 0.40593 0.31704 -0.01191 0.64800 -0.47521 0.41161 0.42995
1403715971.734057903 0.42076 0.21011 0.03114 0.64632 -0.44418 0.44866 0.42858
1403715971.834058046 0.44846 0.12153 0.06900 0.64286 -0.42536 0.48659 0.41113
1403715971.934057951 0.48132 0.05182 0.10150 0.64425 -0.41450 0.51508 0.38448
1403715972.034058094 0.51347 0.00212 0.13134 0.65122 -0.40391 0.53134 0.36118
1403715972.134057999 0.54229 -0.02986 0.16502 0.65175 -0.38901 0.54926 0.34958
1403715972.234057903 0.56458 -0.04350 0.20222 0.64130 -0.37079 0.57311 0.35042
1403715972.334058046 0.57733 -0.03316 0.23860 0.63060 -0.35596 0.59164 0.35441
1403715972.434057951 0.57632 0.00538 0.27203 0.62742 -0.35135 0.59873 0.35273
1403715972.534058094 0.56201 0.07094 0.30024 0.63818 -0.35722 0.58844 0.34477
1403715972.634057999 0.53644 0.15950 0.32204 0.66298 -0.37749 0.56062 0.32197
1403715972.734057903 0.50409 0.26279 0.33438 0.68859 -0.40203 0.52737 0.29341
1403715972.834058046 0.46762 0.37472 0.33716 0.70795 -0.42345 0.49679 0.26963
1403715972.934057951 0.42878 0.48163 0.33454 0.70894 -0.43217 0.49078 0.26413
1403715973.034058094 0.39110 0.58163 0.32648 0.69663 -0.43700 0.50342 0.26515
1403715973.134057999 0.34692 0.67770 0.31567 0.68596 -0.44025 0.51359 0.26808
1403715973.234057903 0.29305 0.77137 0.30755 0.68329 -0.44051 0.51437 0.27292
1403715973.334058046 0.23158 0.86194 0.29961 0.68436 -0.44403 0.51112 0.27064
1403715973.434057951 0.16412 0.94419 0.29169 0.69298 -0.44867 0.49808 0.26531
1403715973.534058094 0.08800 1.02313 0.28460 0.70331 -0.45333 0.48322 0.25758
1403715973.634057999 0.01497 1.08981 0.27943 0.70983 -0.46054 0.47296 0.24568
1403715973.734057903 -0.05880 1.14592 0.27485 0.71378 -0.46919 0.46574 0.23120
1403715973.834058046 -0.13284 1.18239 0.27201 0.71634 -0.47375 0.46168 0.22198
1403715973.934057951 -0.20830 1.19919 0.27140 0.71998 -0.47394 0.45754 0.21831
1403715974.034058094 -0.28155 1.19240 0.27563 0.72205 -0.46387 0.45887 0.23000
1403715974.134057999 -0.34601 1.16300 0.28239 0.72014 -0.45108 0.46634 0.24586
1403715974.234057903 -0.40950 1.12373 0.28692 0.71596 -0.44163 0.47581 0.25684
1403715974.334058046 -0.47099 1.07928 0.28602 0.71664 -0.43581 0.47712 0.26241
1403715974.434057951 -0.52891 1.03225 0.27732 0.71910 -0.43371 0.47518 0.26266
1403715974.534058094 -0.59231 0.98135 0.26681 0.71856 -0.43071 0.47765 0.26458
1403715974.634057999 -0.65218 0.92265 0.25449 0.71554 -0.42646 0.48367 0.26869
1403715974.734057903 -0.70743 0.86091 0.24010 0.71259 -0.42356 0.48900 0.27145
1403715974.834058046 -0.76137 0.79690 0.22267 0.71179 -0.42198 0.49130 0.27187
1403715974.934057951 -0.81335 0.73206 0.20547 0.71165 -0.41962 0.49323 0.27239
1403715975.034058094 -0.86652 0.66630 0.18675 0.71225 -0.41608 0.49462 0.27374
1403715975.134057999 -0.91641 0.60044 0.16960 0.71419 -0.41105 0.49494 0.27570
1403715975.234057903 -0.96482 0.53227 0.15422 0.71694 -0.40603 0.49397 0.27772
1403715975.334058046 -1.00650 0.46780 0.14285 0.71756 -0.40054 0.49618 0.28015
1403715975.434057951 -1.04542 0.40358 0.13720 0.71621 -0.39382 0.50087 0.28476
1403715975.534058094 -1.08157 0.34398 0.13691 0.71555 -0.38765 0.50407 0.28919
1403715975.634057999 -1.11649 0.28592 0.14000 0.71793 -0.38850 0.50253 0.28480
1403715975.734057903 -1.14473 0.23624 0.14786 0.71973 -0.38972 0.50096 0.28134
1403715975.834058046 -1.16827 0.18675 0.15821 0.72061 -0.39088 0.49992 0.27930
1403715975.934057951 -1.18934 0.13863 0.16966 0.72235 -0.39197 0.49734 0.27788
1403715976.034058094 -1.20606 0.09264 0.18077 0.72428 -0.39271 0.49408 0.27762
1403715976.134057999 -1.21927 0.04625 0.19373 0.72390 -0.39380 0.49361 0.27792
1403715976.234057903 -1.22546 0.00141 0.20486 0.72231 -0.39307 0.49406 0.28225
1403715976.334058046 -1.22605 -0.03805 0.21580 0.72117 -0.39279 0.49363 0.28628
1403715976.434057951 -1.22215 -0.07877 0.22643 0.72207 -0.38862 0.49248 0.29165
1403715976.534058094 -1.21112 -0.11581 0.23489 0.72621 -0.38032 0.49229 0.29261
1403715976.634057999 -1.19181 -0.14778 0.24122 0.73232 -0.36904 0.49483 0.28751
1403715976.734057903 -1.16578 -0.17601 0.24610 0.73712 -0.36065 0.50126 0.27446
1403715976.834058046 -1.13384 -0.20123 0.24715 0.74095 -0.35343 0.50612 0.26445
1403715976.934057951 -1.09815 -0.22378 0.24700 0.74394 -0.34711 0.50934 0.25815
1403715977.034058094 -1.05889 -0.24182 0.24662 0.74745 -0.33891 0.51268 0.25224
1403715977.134057999 -1.01457 -0.25725 0.24489 0.75260 -0.32744 0.51640 0.24434
1403715977.234057903 -0.96617 -0.26822 0.24261 0.75951 -0.31059 0.52162 0.23365
1403715977.334058046 -0.91361 -0.27509 0.23905 0.76826 -0.28813 0.52757 0.22007
1403715977.434057951 -0.85799 -0.27808 0.23514 0.77722 -0.26270 0.53522 0.20115
1403715977.534058094 -0.79565 -0.27686 0.22942 0.78697 -0.23273 0.54174 0.18173
1403715977.634057999 -0.73132 -0.27060 0.22448 0.79463 -0.20075 0.55040 0.15912
1403715977.734057903 -0.66621 -0.25980 0.21811 0.80240 -0.16823 0.55680 0.13355
1403715977.834058046 -0.59702 -0.24412 0.21284 0.80813 -0.13239 0.56329 0.11003
1403715977.934057951 -0.53229 -0.22536 0.20859 0.81079 -0.09146 0.57093 0.09107
1403715978.034058094 -0.46662 -0.19863 0.20549 0.81150 -0.04651 0.57777 0.07410
1403715978.134057999 -0.40272 -0.16253 0.20231 0.80918 0.00108 0.58480 0.05694
1403715978.234057903 -0.33858 -0.11375 0.19868 0.80653 0.04679 0.58792 0.04101
1403715978.334058046 -0.27713 -0.05760 0.19310 0.80185 0.08592 0.59103 0.01832
1403715978.434057951 -0.22886 0.01365 0.18830 0.79698 0.11569 0.59266 -0.01373
1403715978.534058094 -0.19214 0.09577 0.18114 0.79330 0.13927 0.59017 -0.05459
1403715978.634057999 -0.16020 0.18471 0.17197 0.78582 0.16422 0.58849 -0.09586
1403715978.734057903 -0.13390 0.27574 0.16038 0.77899 0.19473 0.58171 -0.12988
1403715978.834058046 -0.11750 0.36500 0.15010 0.77151 0.23128 0.57206 -0.15504
1403715978.934057951 -0.10403 0.45664 0.14260 0.76289 0.27102 0.55965 -0.17705
1403715979.034058094 -0.09365 0.55078 0.13833 0.75007 0.31198 0.54829 -0.19861
1403715979.134057999 -0.08700 0.65067 0.13802 0.73091 0.34728 0.54094 -0.22926
1403715979.234057903 -0.09215 0.74734 0.14604 0.70341 0.37878 0.53936 -0.26615
1403715979.334058046 -0.10647 0.84203 0.15861 0.67032 0.41296 0.54007 -0.29740
1403715979.434057951 -0.13232 0.92942 0.16979 0.64133 0.45260 0.53348 -0.31503
1403715979.534058094 -0.16894 1.00773 0.17983 0.61715 0.48831 0.52127 -0.33007
1403715979.634057999 -0.21886 1.08003 0.18993 0.59669 0.51896 0.50407 -0.34720
1403715979.734057903 -0.28181 1.14380 0.20278 0.57332 0.54740 0.48656 -0.36731
1403715979.834058046 -0.35759 1.20743 0.21606 0.54604 0.57224 0.47050 -0.39117
1403715979.934057951 -0.44561 1.25764 0.22908 0.51588 0.59451 0.45388 -0.41764
1403715980.034058094 -0.54478 1.29236 0.24363 0.48270 0.61500 0.43661 -0.44514
1403715980.134057999 -0.65293 1.31281 0.25592 0.44970 0.63601 0.41726 -0.46814
1403715980.234057903 -0.76653 1.31444 0.26592 0.41974 0.65626 0.39083 -0.49029
1403715980.334058046 -0.88784 1.30218 0.27298 -0.39255 -0.67697 -0.35924 0.50849
1403715980.434057951 -1.00673 1.26938 0.28109 -0.36203 -0.69462 -0.32707 0.52864
1403715980.534058094 -1.12369 1.22146 0.28780 -0.32895 -0.70751 -0.29312 0.55254
1403715980.634057999 -1.23929 1.16017 0.29361 -0.29555 -0.72132 -0.25650 0.57145
1403715980.734057903 -1.34600 1.08701 0.29743 -0.25967 -0.73557 -0.22095 0.58540
1403715980.834058046 -1.44440 1.00261 0.29775 -0.22416 -0.75033 -0.18268 0.59446
1403715980.934057951 -1.52805 0.91123 0.29799 -0.18590 -0.76213 -0.14446 0.60310
1403715981.034058094 -1.60478 0.81489 0.29868 -0.14501 -0.76910 -0.10607 0.61336
1403715981.134057999 -1.66757 0.71408 0.30045 -0.10174 -0.77302 -0.06756 0.62252
1403715981.234057903 -1.71509 0.61253 0.30269 -0.05461 -0.77551 -0.03191 0.62816
1403715981.334058046 -1.74567 0.51246 0.30542 -0.00721 -0.77579 0.00803 0.63090
1403715981.434057951 -1.76179 0.41910 0.30974 0.04059 -0.77264 0.05055 0.63153
1403715981.534058094 -1.76081 0.32979 0.31604 0.08813 -0.76274 0.09457 0.63365
1403715981.634057999 -1.73986 0.25059 0.32420 0.13707 -0.74834 0.13457 0.63490
1403715981.734057903 -1.69884 0.18317 0.33006 0.18814 -0.73643 0.16776 0.62780
1403715981.834058046 -1.63705 0.12724 0.33230 0.23977 -0.73503 0.19548 0.60335
1403715981.934057951 -1.56752 0.07863 0.33262 0.28836 -0.73258 0.22054 0.57579
1403715982.034058094 -1.48425 0.04007 0.33650 0.33140 -0.72151 0.24485 0.55645
1403715982.134057999 -1.39446 0.01004 0.34162 0.36919 -0.70561 0.26967 0.54139
1403715982.234057903 -1.29812 -0.01408 0.34761 0.40384 -0.68724 0.29368 0.52760
1403715982.334058046 -1.19652 -0.03220 0.35293 0.43589 -0.66874 0.31754 0.51182
1403715982.434057951 -1.09070 -0.04563 0.35867 -0.46651 0.64867 -0.34064 -0.49554
1403715982.534058094 -0.98284 -0.05147 0.36296 -0.49806 0.62482 -0.36287 -0.47944
1403715982.634057999 -0.86907 -0.05118 0.36651 -0.52865 0.59841 -0.38640 -0.46167
1403715982.734057903 -0.74753 -0.04529 0.36958 -0.55873 0.57097 -0.40992 -0.44020
1403715982.834058046 -0.62168 -0.03081 0.37266 0.58843 -0.54114 0.43275 0.41669
1403715982.934057951 -0.49878 -0.00488 0.37647 0.61800 -0.50899 0.45177 0.39359
1403715983.034058094 -0.37661 0.02924 0.37888 0.64241 -0.47747 0.47266 0.36868
1403715983.134057999 -0.25389 0.07116 0.37934 0.66555 -0.44485 0.49156 0.34281
1403715983.234057903 -0.13348 0.11952 0.37925 0.68653 -0.41002 0.51141 0.31469
1403715983.334058046 -0.01707 0.17360 0.37903 0.70703 -0.37113 0.52909 0.28713
1403715983.434057951 0.09751 0.23460 0.37888 0.72601 -0.33067 0.54594 0.25595
1403715983.534058094 0.20708 0.30333 0.38037 0.73557 -0.28816 0.57116 0.22287
1403715983.634057999 0.30668 0.37946 0.38450 0.73970 -0.24601 0.59733 0.18846
1403715983.734057903 0.39300 0.46211 0.38687 0.74289 -0.20624 0.61814 0.15327
1403715983.834058046 0.46287 0.55084 0.39065 0.74782 -0.16853 0.63092 0.11957
1403715983.934057951 0.51146 0.64189 0.39434 0.75273 -0.13169 0.63909 0.08725
1403715984.034058094 0.53989 0.73614 0.39907 0.75867 -0.09762 0.64177 0.05506
1403715984.134057999 0.55266 0.83252 0.40433 0.76712 -0.06561 0.63768 0.02426
1403715984.234057903 0.53857 0.92056 0.41051 0.77403 -0.03511 0.63213 -0.00749
1403715984.334058046 0.51007 1.00305 0.41921 0.77623 -0.00409 0.62944 -0.03544
1403715984.434057951 0.46726 1.07955 0.42983 0.77537 0.02912 0.62807 -0.05903
1403715984.534058094 0.40692 1.14348 0.43967 0.77679 0.06442 0.62126 -0.08050
1403715984.634057999 0.33580 1.20182 0.44848 0.78361 0.10412 0.60469 -0.09724
1403715984.734057903 0.26042 1.25717 0.45515 0.78696 0.14370 0.58783 -0.12042
1403715984.834058046 0.17872 1.30970 0.45982 0.78235 0.17753 0.57634 -0.15573
1403715984.934057951 0.09565 1.35869 0.46554 0.77314 0.21080 0.56780 -0.18823
1403715985.034058094 0.01364 1.40137 0.47113 0.76065 0.24492 0.56333 -0.20997
1403715985.134057999 -0.07099 1.43164 0.47485 0.75092 0.27309 0.55899 -0.22152
1403715985.234057903 -0.15908 1.45810 0.47996 0.74331 0.29208 0.55829 -0.22472
1403715985.334058046 -0.25276 1.47752 0.48704 0.73701 0.30904 0.56184 -0.21366
1403715985.434057951 -0.35670 1.49184 0.49696 0.73710 0.30994 0.56306 -0.20878
1403715985.534058094 -0.46473 1.50395 0.50363 0.74905 0.29706 0.55527 -0.20578
1403715985.634057999 -0.56977 1.51395 0.50594 0.76948 0.28196 0.53851 -0.19597
1403715985.734057903 -0.67930 1.52316 0.50646 0.79159 0.26846 0.51669 -0.18535
1403715985.834058046 -0.78699 1.53584 0.49933 0.80935 0.25010 0.49824 -0.18484
1403715985.934057951 -0.87573 1.54765 0.48155 0.81526 0.23337 0.49595 -0.18692
1403715986.034058094 -0.95348 1.56404 0.45171 0.81375 0.22076 0.50322 -0.18931
1403715986.134057999 -1.01755 1.58402 0.40917 0.81015 0.21095 0.51193 -0.19260
1403715986.234057903 -1.07803 1.59972 0.36183 0.80665 0.20557 0.51858 -0.19529
1403715986.334058046 -1.13495 1.61226 0.31670 0.80098 0.20910 0.52844 -0.18829
1403715986.434057951 -1.18293 1.62067 0.27294 0.79059 0.21489 0.54423 -0.18057
1403715986.534058094 -1.22878 1.62677 0.22380 0.79211 0.22230 0.54140 -0.17329
1403715986.634057999 -1.29284 1.63023 0.17039 0.80426 0.23021 0.52263 -0.16439
1403715986.734057903 -1.34028 1.63714 0.11634 0.81524 0.23576 0.50453 -0.15893
1403715986.834058046 -1.37539 1.65067 0.06880 0.81624 0.23834 0.50204 -0.15781
1403715986.934057951 -1.40012 1.66949 0.02440 0.81032 0.23645 0.51145 -0.16094
1403715987.034058094 -1.41101 1.69085 -0.01454 0.80011 0.22378 0.53034 -0.16879
1403715987.134057999 -1.41230 1.71221 -0.05345 0.79266 0.20244 0.54671 -0.17838
1403715987.234057903 -1.41928 1.72875 -0.09025 0.78808 0.17958 0.55908 -0.18470
1403715987.334058046 -1.42552 1.73499 -0.12619 0.78658 0.16318 0.56677 -0.18284
1403715987.434057951 -1.42826 1.73107 -0.15914 0.78742 0.16294 0.57049 -0.16719
1403715987.534058094 -1.42981 1.72330 -0.18891 0.79103 0.16801 0.56859 -0.15083
1403715987.634057999 -1.43551 1.71262 -0.22120 0.79516 0.17225 0.56386 -0.14181
1403715987.734057903 -1.44240 1.70159 -0.25194 0.79667 0.17652 0.56159 -0.13703
1403715987.834058046 -1.44916 1.69022 -0.28269 0.80269 0.18227 0.55223 -0.13231
1403715987.934057951 -1.45671 1.67784 -0.31112 0.81055 0.18762 0.53947 -0.12950
1403715988.034058094 -1.45782 1.67135 -0.33819 0.81387 0.19205 0.53311 -0.12857
1403715988.134057999 -1.45384 1.66921 -0.35973 0.80838 0.19346 0.54003 -0.13218
1403715988.234057903 -1.44661 1.66953 -0.37932 0.80040 0.19516 0.55052 -0.13488
1403715988.334058046 -1.44095 1.67057 -0.39533 0.79248 0.19652 0.56098 -0.13657
1403715988.434057951 -1.43618 1.67334 -0.41116 0.78806 0.19384 0.56668 -0.14232
1403715988.534058094 -1.43435 1.67501 -0.42660 0.78754 0.18732 0.56714 -0.15178
1403715988.634057999 -1.43698 1.67483 -0.43820 0.78951 0.18037 0.56420 -0.16069
1403715988.734057903 -1.44008 1.66977 -0.45004 0.79412 0.17399 0.55760 -0.16789
1403715988.834058046 -1.44127 1.65995 -0.45840 0.80019 0.17525 0.54940 -0.16474
1403715988.934057951 -1.43978 1.64666 -0.46345 0.80397 0.18022 0.54494 -0.15553
1403715989.034058094 -1.43466 1.63106 -0.46588 0.80465 0.18409 0.54479 -0.14780
1403715989.134057999 -1.42965 1.61364 -0.46685 0.80462 0.18544 0.54553 -0.14350
1403715989.234057903 -1.42224 1.59593 -0.46832 0.80502 0.18570 0.54545 -0.14124
1403715989.334058046 -1.41224 1.57933 -0.46850 0.80450 0.18507 0.54663 -0.14045
1403715989.434057951 -1.39895 1.56347 -0.47032 0.80437 0.18507 0.54711 -0.13930
1403715989.534058094 -1.38498 1.54895 -0.47168 0.80501 0.18443 0.54634 -0.13950
1403715989.634057999 -1.36685 1.53238 -0.47098 0.80120 0.18461 0.55194 -0.13916
1403715989.734057903 -1.34948 1.51935 -0.47164 0.79546 0.18487 0.56002 -0.13945
1403715989.834058046 -1.33225 1.50723 -0.47635 0.79173 0.18653 0.56496 -0.13852
1403715989.934057951 -1.31600 1.48947 -0.48345 0.78934 0.19004 0.56775 -0.13592
1403715990.034058094 -1.30435 1.47517 -0.49139 0.78922 0.19276 0.56730 -0.13473
1403715990.134057999 -1.29452 1.46363 -0.50211 0.78979 0.19457 0.56592 -0.13457
1403715990.234057903 -1.28821 1.45410 -0.51563 0.79092 0.19690 0.56370 -0.13387
1403715990.334058046 -1.28496 1.44683 -0.52942 0.79108 0.19890 0.56295 -0.13310
1403715990.434057951 -1.28606 1.44252 -0.54535 0.79170 0.20084 0.56169 -0.13186
1403715990.534058094 -1.28683 1.44160 -0.57047 0.79261 0.20255 0.56008 -0.13058
1403715990.634057999 -1.29039 1.44670 -0.60156 0.79481 0.20408 0.55676 -0.12901
1403715990.734057903 -1.29801 1.45690 -0.63393 0.79787 0.20543 0.55220 -0.12755
1403715990.834058046 -1.30141 1.45839 -0.66762 0.79999 0.20685 0.54865 -0.12732
1403715990.934057951 -1.30805 1.46475 -0.69643 0.80159 0.20841 0.54592 -0.12644
1403715991.034058094 -1.31417 1.48387 -0.71885 0.79954 0.20955 0.54851 -0.12638
1403715991.134057999 -1.32264 1.50240 -0.73111 0.79350 0.20376 0.55729 -0.13517
1403715991.234057903 -1.32839 1.50349 -0.72732 0.79184 0.21156 0.55870 -0.12680
1403715991.334058046 -1.33142 1.49774 -0.73679 0.78961 0.20901 0.56230 -0.12901
1403715991.434057951 -1.33385 1.49058 -0.74517 0.79133 0.20463 0.55991 -0.13573
1403715991.534058094 -1.33881 1.47821 -0.75355 0.79157 0.20387 0.55948 -0.13727
1403715991.634057999 -1.33799 1.47122 -0.74960 0.79166 0.20381 0.55911 -0.13832
1403715991.734057903 -1.34052 1.46870 -0.75031 0.79143 0.20330 0.55955 -0.13859
1403715991.834058046 -1.34013 1.46834 -0.75309 0.79192 0.20322 0.55895 -0.13838
1403715991.934057951 -1.33891 1.46793 -0.75332 0.79203 0.20340 0.55880 -0.13801
1403715992.034058094 -1.33914 1.46791 -0.75566 0.79200 0.20337 0.55889 -0.13789
1403715992.134057999 -1.34020 1.46772 -0.75552 0.79194 0.20345 0.55901 -0.13767
1403715992.234057903 -1.33855 1.46782 -0.75489 0.79217 0.20364 0.55864 -0.13752
1403715992.334058046 -1.33869 1.46730 -0.75422 0.79226 0.20364 0.55850 -0.13759
1403715992.434057951 -1.33860 1.46628 -0.75409 0.79224 0.20358 0.55852 -0.13767
1403715992.534058094 -1.33751 1.46576 -0.75512 0.79225 0.20361 0.55848 -0.13776
1403715992.634057999 -1.33543 1.46649 -0.75564 0.79232 0.20373 0.55837 -0.13765
1403715992.734057903 -1.33356 1.46589 -0.75491 0.79237 0.20381 0.55822 -0.13786
1403715992.834058046 -1.33390 1.46521 -0.75262 0.79246 0.20384 0.55810 -0.13777
1403715992.934057951 -1.33464 1.46494 -0.75051 0.79246 0.20392 0.55805 -0.13783
1403715993.034058094 -1.33434 1.46500 -0.75110 0.79253 0.20403 0.55791 -0.13786
1403715993.134057999 -1.33293 1.46449 -0.75015 0.79260 0.20414 0.55775 -0.13795
1403715993.234057903 -1.33259 1.46412 -0.74912 0.79258 0.20428 0.55771 -0.13799
1403715993.334058046 -1.33245 1.46401 -0.74847 0.79256 0.20440 0.55768 -0.13807
1403715993.434057951 -1.33220 1.46417 -0.75073 0.79258 0.20442 0.55761 -0.13819
1403715993.534058094 -1.33140 1.46432 -0.75198 0.79257 0.20460 0.55756 -0.13816
1403715993.634057999 -1.33048 1.46391 -0.75102 0.79259 0.20471 0.55748 -0.13823
1403715993.734057903 -1.33072 1.46399 -0.75100 0.79211 0.20474 0.55816 -0.13825
1403715993.834058046 -1.32894 1.46289 -0.75027 0.79225 0.20475 0.55785 -0.13865
1403715993.934057951 -1.32677 1.46306 -0.75026 0.79295 0.20482 0.55683 -0.13864
