1403715894.034058094 -0.01680 0.02966 0.04474 0.81805 -0.03505 0.57326 0.03063
1403715894.134057999 -0.02369 0.05026 0.07151 0.82581 -0.03491 0.56174 0.03548
1403715894.234057903 -0.02467 0.06739 0.09612 0.82148 -0.02846 0.56758 0.04709
1403715894.334058046 -0.02447 0.08387 0.12482 0.81671 -0.02068 0.57368 0.05877
1403715894.434057951 -0.02535 0.10844 0.15976 0.81486 -0.01788 0.57570 0.06527
1403715894.534058094 -0.02746 0.14084 0.18764 0.81873 -0.02117 0.57031 0.06311
1403715894.634057999 -0.02615 0.17913 0.20806 0.82207 -0.02472 0.56564 0.06039
1403715894.734057903 -0.02348 0.22196 0.22320 0.82358 -0.02984 0.56384 0.05392
1403715894.834058046 -0.01814 0.26876 0.24302 0.82059 -0.03429 0.56850 0.04758
1403715894.934057951 -0.00939 0.31954 0.27204 0.81651 -0.03573 0.57445 0.04515
1403715895.034058094 -0.00059 0.37132 0.30438 0.81417 -0.03680 0.57785 0.04318
1403715895.134057999 0.00837 0.42190 0.33311 0.81375 -0.03789 0.57843 0.04236
1403715895.234057903 0.01640 0.47296 0.35829 0.81397 -0.03999 0.57815 0.03999
1403715895.334058046 0.02467 0.52246 0.38214 0.81388 -0.04055 0.57826 0.03947
1403715895.434057951 0.03195 0.57353 0.40436 0.81358 -0.04073 0.57866 0.03984
1403715895.534058094 0.03933 0.62519 0.42686 0.81411 -0.04131 0.57789 0.03953
1403715895.634057999 0.04947 0.67703 0.45056 0.81439 -0.04181 0.57745 0.03967
1403715895.734057903 0.05673 0.72843 0.47251 0.81485 -0.04251 0.57676 0.03940
1403715895.834058046 0.06426 0.77971 0.49375 0.81503 -0.04298 0.57648 0.03936
1403715895.934057951 0.07354 0.83090 0.51478 0.81494 -0.04313 0.57661 0.03906
1403715896.034058094 0.08325 0.88186 0.53484 0.81541 -0.04523 0.57598 0.03621
1403715896.134057999 0.09565 0.93032 0.55264 0.81607 -0.04919 0.57510 0.02953
1403715896.234057903 0.10404 0.97791 0.56943 0.81478 -0.05673 0.57669 0.01853
1403715896.334058046 0.11135 1.01961 0.58660 0.81090 -0.06767 0.58125 0.00231
1403715896.434057951 0.11584 1.04978 0.60397 0.80811 -0.07630 0.58396 -0.01104
1403715896.534058094 0.11729 1.06727 0.62110 0.80504 -0.08222 0.58713 -0.02074
1403715896.634057999 0.11514 1.07150 0.64002 0.80085 -0.08603 0.59203 -0.02704
1403715896.734057903 0.10736 1.05800 0.66080 0.79855 -0.08778 0.59467 -0.03121
1403715896.834058046 0.09510 1.03628 0.68121 0.80154 -0.08974 0.59000 -0.03717
1403715896.934057951 0.07849 0.99826 0.69998 0.80428 -0.09489 0.58483 -0.04581
1403715897.034058094 0.05823 0.94252 0.71849 0.80577 -0.10339 0.58011 -0.05930
1403715897.134057999 0.03580 0.86823 0.74110 0.80633 -0.10796 0.57779 -0.06589
1403715897.234057903 0.01359 0.77074 0.76664 0.80814 -0.10304 0.57673 -0.06069
1403715897.334058046 -0.01138 0.65117 0.78940 0.81280 -0.08611 0.57504 -0.03552
1403715897.434057951 -0.03615 0.51876 0.81578 0.81786 -0.06647 0.57153 -0.00716
1403715897.534058094 -0.05897 0.38050 0.84057 0.81957 -0.05525 0.57025 0.00849
1403715897.634057999 -0.07533 0.23799 0.86078 0.81967 -0.05497 0.57018 0.00475
1403715897.734057903 -0.08763 0.09214 0.87753 0.81847 -0.06022 0.57134 -0.00721
1403715897.834058046 -0.09740 -0.05940 0.89386 0.81586 -0.06385 0.57447 -0.01693
1403715897.934057951 -0.10503 -0.21834 0.90939 0.81209 -0.06114 0.58006 -0.01722
1403715898.034058094 -0.11486 -0.38220 0.92589 0.80785 -0.05496 0.58670 -0.01162
1403715898.134057999 -0.12814 -0.55103 0.94151 0.79983 -0.04961 0.59817 -0.00138
1403715898.234057903 -0.14597 -0.72129 0.95520 0.79367 -0.05064 0.60614 0.01036
1403715898.334058046 -0.17013 -0.89156 0.96356 0.79354 -0.05724 0.60536 0.02381
1403715898.434057951 -0.19918 -1.06054 0.96492 0.79843 -0.06923 0.59697 0.03671
1403715898.534058094 -0.23226 -1.22693 0.96381 0.80488 -0.08537 0.58525 0.04870
1403715898.634057999 -0.26478 -1.39179 0.95994 0.80855 -0.10235 0.57614 0.06185
1403715898.734057903 -0.29533 -1.55454 0.94743 0.80464 -0.12012 0.57655 0.07561
1403715898.834058046 -0.32536 -1.71438 0.92217 0.80377 -0.13494 0.57284 0.08723
1403715898.934057951 -0.35324 -1.87244 0.88519 0.80368 -0.14618 0.56898 0.09481
1403715899.034058094 -0.37796 -2.03192 0.83872 0.80318 -0.15291 0.56702 0.10002
1403715899.134057999 -0.40025 -2.18567 0.78160 0.80650 -0.15791 0.56061 0.10164
