1403715894.234057903 -0.02902 0.05454 0.08938 0.82113 -0.02932 0.56808 0.04661
1403715894.334058046 -0.02820 0.08052 0.12531 0.81648 -0.02166 0.57395 0.05885
1403715894.434057951 -0.02829 0.10693 0.16141 0.81466 -0.01883 0.57592 0.06543
1403715894.534058094 -0.02924 0.13830 0.18747 0.81857 -0.02205 0.57048 0.06324
1403715894.634057999 -0.02846 0.17672 0.20934 0.82194 -0.02553 0.56579 0.06047
1403715894.734057903 -0.02634 0.22261 0.23155 0.82354 -0.03065 0.56385 0.05401
1403715894.834058046 -0.01893 0.27018 0.25565 0.82059 -0.03513 0.56844 0.04764
1403715894.934057951 -0.01059 0.31887 0.27913 0.81645 -0.03645 0.57450 0.04511
1403715895.034058094 -0.00162 0.36740 0.30824 0.81409 -0.03750 0.57792 0.04308
1403715895.134057999 0.00814 0.41550 0.33266 0.81361 -0.03857 0.57858 0.04227
1403715895.234057903 0.01742 0.46516 0.35613 0.81381 -0.04058 0.57834 0.03981
1403715895.334058046 0.02540 0.51497 0.38025 0.81367 -0.04110 0.57854 0.03927
1403715895.434057951 0.03390 0.56562 0.40267 0.81337 -0.04122 0.57893 0.03959
1403715895.534058094 0.04100 0.61904 0.42616 0.81382 -0.04176 0.57829 0.03922
1403715895.634057999 0.04936 0.67086 0.44964 0.81404 -0.04221 0.57794 0.03929
1403715895.734057903 0.05737 0.72283 0.47331 0.81450 -0.04289 0.57727 0.03895
1403715895.834058046 0.06335 0.77440 0.49451 0.81461 -0.04340 0.57707 0.03895
1403715895.934057951 0.07391 0.82502 0.51604 0.81451 -0.04339 0.57725 0.03837
1403715896.034058094 0.08281 0.87503 0.53536 0.81489 -0.04532 0.57677 0.03522
1403715896.134057999 0.09183 0.92325 0.55308 0.81542 -0.04906 0.57610 0.02817
1403715896.234057903 0.09865 0.96754 0.56961 0.81406 -0.05644 0.57779 0.01688
1403715896.334058046 0.10492 1.00803 0.58697 0.81012 -0.06712 0.58240 0.00024
1403715896.434057951 0.10814 1.03587 0.60438 0.80728 -0.07563 0.58516 -0.01332
1403715896.534058094 0.10960 1.05383 0.62202 0.80414 -0.08137 0.58838 -0.02338
1403715896.634057999 0.10710 1.05794 0.64179 0.79990 -0.08490 0.59333 -0.03019
1403715896.734057903 0.10001 1.05172 0.66286 0.79753 -0.08649 0.59606 -0.03450
1403715896.834058046 0.08782 1.03182 0.68284 0.80049 -0.08846 0.59141 -0.04030
1403715896.934057951 0.07120 0.99606 0.70337 0.80320 -0.09316 0.58629 -0.04958
1403715897.034058094 0.05158 0.94019 0.72235 0.80468 -0.10119 0.58154 -0.06370
1403715897.134057999 0.02853 0.86392 0.74465 0.80517 -0.10517 0.57930 -0.07107
1403715897.234057903 0.00711 0.76375 0.76735 0.80696 -0.10041 0.57830 -0.06557
1403715897.334058046 -0.01701 0.64243 0.79074 0.81155 -0.08265 0.57691 -0.04159
1403715897.434057951 -0.04000 0.50854 0.81463 0.81653 -0.06273 0.57372 -0.01356
1403715897.534058094 -0.06042 0.36851 0.83841 0.81816 -0.05095 0.57272 0.00135
1403715897.634057999 -0.07596 0.22365 0.85753 0.81832 -0.05122 0.57247 -0.00172
1403715897.734057903 -0.08819 0.07568 0.87374 0.81716 -0.05703 0.57344 -0.01295
1403715897.834058046 -0.09853 -0.07648 0.88996 0.81452 -0.06124 0.57648 -0.02186
1403715897.934057951 -0.10703 -0.23728 0.90552 0.81072 -0.05908 0.58205 -0.02142
1403715898.034058094 -0.11747 -0.40224 0.92197 0.80645 -0.05333 0.58869 -0.01520
1403715898.134057999 -0.13107 -0.57581 0.93760 0.79844 -0.04833 0.60012 -0.00453
1403715898.234057903 -0.14953 -0.74813 0.95128 0.79227 -0.04964 0.60810 0.00763
1403715898.334058046 -0.17448 -0.92144 0.95968 0.79216 -0.05650 0.60732 0.02145
1403715898.434057951 -0.20593 -1.09446 0.96145 0.79712 -0.06892 0.59886 0.03495
1403715898.534058094 -0.23946 -1.26505 0.96003 0.80362 -0.08527 0.58711 0.04721
1403715898.634057999 -0.27309 -1.43505 0.95579 0.80732 -0.10248 0.57798 0.06063
1403715898.734057903 -0.30487 -1.60579 0.94277 0.80341 -0.12045 0.57832 0.07462
1403715898.834058046 -0.33699 -1.77066 0.91714 0.80250 -0.13550 0.57459 0.08652
1403715898.934057951 -0.36761 -1.93129 0.87980 0.80234 -0.14706 0.57069 0.09452
1403715899.034058094 -0.39475 -2.09974 0.83216 0.80178 -0.15411 0.56865 0.10017
1403715899.134057999 -0.42077 -2.25722 0.77445 0.80504 -0.15957 0.56211 0.10234
1403715899.234057903 -0.44338 -2.41065 0.71959 0.81246 -0.16006 0.55022 0.10745
1403715899.334058046 -0.46127 -2.55485 0.67531 0.82102 -0.15807 0.53698 0.11222
1403715899.434057951 -0.46751 -2.68059 0.64675 0.82785 -0.15281 0.52661 0.11833
1403715899.534058094 -0.45957 -2.80558 0.63168 0.82888 -0.15068 0.52563 0.11818
1403715899.634057999 -0.43832 -2.92746 0.62038 0.82909 -0.15036 0.52628 0.11413
1403715899.734057903 -0.40810 -3.04637 0.61020 0.82855 -0.14665 0.52803 0.11479
1403715899.834058046 -0.36609 -3.16194 0.60272 0.82510 -0.13838 0.53410 0.12164
1403715899.934057951 -0.31451 -3.26849 0.59851 0.82075 -0.12676 0.54101 0.13273
1403715900.034058094 -0.25529 -3.37121 0.59307 0.81825 -0.11644 0.54434 0.14354
1403715900.134057999 -0.18653 -3.46703 0.58705 0.81730 -0.11061 0.54545 0.14922
1403715900.234057903 -0.11075 -3.54775 0.58096 0.81652 -0.10589 0.54636 0.15356
1403715900.334058046 -0.02858 -3.61275 0.57706 0.81677 -0.10386 0.54579 0.15563
1403715900.434057951 0.06101 -3.66061 0.57346 0.81722 -0.10463 0.54529 0.15449
1403715900.534058094 0.15527 -3.69160 0.57196 0.81328 -0.11835 0.55321 0.13614
1403715900.634057999 0.25477 -3.71362 0.57353 0.80348 -0.12966 0.56835 0.12074
1403715900.734057903 0.35624 -3.73037 0.57641 0.78944 -0.14087 0.58806 0.10543
1403715900.834058046 0.45247 -3.74278 0.58058 0.77464 -0.14085 0.60726 0.10644
1403715900.934057951 0.54019 -3.75005 0.58632 0.76508 -0.13739 0.61884 0.11320
1403715901.034058094 0.61348 -3.75062 0.59495 0.75564 -0.13487 0.63010 0.11743
1403715901.134057999 0.67242 -3.74289 0.60680 0.74682 -0.13332 0.64032 0.12028
1403715901.234057903 0.71597 -3.72620 0.62216 0.73936 -0.13386 0.64860 0.12144
1403715901.334058046 0.74061 -3.69991 0.63845 0.73807 -0.13752 0.64968 0.11938
1403715901.434057951 0.74514 -3.66577 0.65300 0.74727 -0.14391 0.63879 0.11325
1403715901.534058094 0.73313 -3.62497 0.66672 0.76021 -0.14848 0.62277 0.11046
1403715901.634057999 0.71482 -3.57938 0.68327 0.76564 -0.14851 0.61548 0.11366
1403715901.734057903 0.68260 -3.52841 0.69890 0.76989 -0.14961 0.60987 0.11378
1403715901.834058046 0.64201 -3.47402 0.71161 0.77745 -0.15098 0.59999 0.11310
1403715901.934057951 0.59366 -3.41714 0.72165 0.78277 -0.15125 0.59305 0.11260
1403715902.034058094 0.54113 -3.35755 0.73241 0.78421 -0.15140 0.59135 0.11132
1403715902.134057999 0.48482 -3.29594 0.74204 0.78334 -0.14822 0.59270 0.11452
1403715902.234057903 0.42442 -3.23130 0.74935 0.78524 -0.14214 0.59043 0.12074
1403715902.334058046 0.36163 -3.16278 0.75443 0.79101 -0.13785 0.58290 0.12459
1403715902.434057951 0.29774 -3.08796 0.76035 0.79576 -0.13617 0.57662 0.12539
1403715902.534058094 0.23527 -3.00826 0.76576 0.79989 -0.14258 0.57149 0.11514
1403715902.634057999 0.17471 -2.92512 0.77169 0.80437 -0.14627 0.56649 0.10334
1403715902.734057903 0.11683 -2.84089 0.77534 0.81089 -0.14306 0.56016 0.09066
1403715902.834058046 0.05657 -2.76169 0.76811 0.81852 -0.13218 0.55364 0.07771
1403715902.934057951 0.00983 -2.68176 0.75144 0.82551 -0.11618 0.54824 0.06682
1403715903.034058094 -0.03232 -2.60207 0.73179 0.82859 -0.09405 0.54869 0.05940
1403715903.134057999 -0.06697 -2.52528 0.71416 0.83008 -0.06818 0.55089 0.05335
1403715903.234057903 -0.09635 -2.44739 0.69823 0.83124 -0.04725 0.55191 0.04687
1403715903.334058046 -0.11507 -2.37221 0.68355 0.83602 -0.03668 0.54634 0.03527
1403715903.434057951 -0.12717 -2.29263 0.67352 0.84132 -0.02776 0.53939 0.02160
1403715903.534058094 -0.12585 -2.21337 0.67754 0.84399 -0.01433 0.53610 0.00796
1403715903.634057999 -0.10960 -2.13737 0.69728 0.84410 0.00442 0.53613 -0.00627
1403715903.734057903 -0.07926 -2.06948 0.73428 0.84024 0.02751 0.54109 -0.02144
1403715903.834058046 -0.03661 -2.00618 0.78382 0.83249 0.04850 0.55000 -0.04590
1403715903.934057951 0.00919 -1.93828 0.84219 0.82235 0.07456 0.55953 -0.07147
1403715904.034058094 0.06154 -1.87793 0.89975 0.81199 0.10527 0.56588 -0.09687
1403715904.134057999 0.11343 -1.81839 0.95495 0.80308 0.13673 0.56660 -0.12383
1403715904.234057903 0.16640 -1.76373 1.00499 0.79524 0.17336 0.56288 -0.14390
1403715904.334058046 0.21778 -1.71110 1.05339 0.78325 0.21366 0.56229 -0.15715
1403715904.434057951 0.26980 -1.65779 1.09354 0.76964 0.24857 0.56238 -0.17202
1403715904.534058094 0.31750 -1.60477 1.12234 0.75613 0.28051 0.56209 -0.18342
1403715904.634057999 0.36001 -1.55073 1.13977 0.74041 0.31165 0.56321 -0.19355
1403715904.734057903 0.39548 -1.49373 1.14500 0.72616 0.33740 0.55957 -0.21386
1403715904.834058046 0.42204 -1.43621 1.13782 0.71644 0.35954 0.54534 -0.24505
1403715904.934057951 0.43770 -1.37833 1.12207 0.70083 0.38488 0.53320 -0.27640
1403715905.034058094 0.45792 -1.32402 1.09091 0.67968 0.41271 0.52339 -0.30622
1403715905.134057999 0.47071 -1.27635 1.04934 0.65490 0.43899 0.51748 -0.33257
1403715905.234057903 0.47804 -1.23608 1.00272 0.62973 0.46480 0.51374 -0.35139
1403715905.334058046 0.47535 -1.20875 0.95185 0.61533 0.49468 0.49833 -0.35824
1403715905.434057951 0.46177 -1.19269 0.90319 0.60294 0.52269 0.48020 -0.36424
1403715905.534058094 0.43902 -1.18534 0.85737 0.59092 0.54840 0.46014 -0.37194
1403715905.634057999 0.40640 -1.18368 0.81472 0.58115 0.56760 0.43398 -0.38957
1403715905.734057903 0.36931 -1.18362 0.77488 0.57080 0.58396 0.40381 -0.41245
1403715905.834058046 0.33102 -1.19045 0.73612 0.55266 0.60518 0.37497 -0.43328
1403715905.934057951 0.29310 -1.19679 0.69810 0.53119 0.63486 0.34279 -0.44418
1403715906.034058094 0.25677 -1.20092 0.66210 0.50254 0.66841 0.31434 -0.44930
1403715906.134057999 0.22210 -1.19643 0.63065 0.46324 0.69734 0.29711 -0.45918
1403715906.234057903 0.18509 -1.18651 0.60383 0.41423 0.72046 0.29078 -0.47412
1403715906.334058046 0.14338 -1.17730 0.57808 0.37012 0.74138 0.27532 -0.48741
1403715906.434057951 0.09418 -1.16761 0.55253 0.32899 0.75957 0.25591 -0.49933
1403715906.534058094 0.04119 -1.15770 0.52945 -0.28945 -0.77152 -0.23512 0.51547
1403715906.634057999 -0.01862 -1.15028 0.51115 -0.25670 -0.78025 -0.20552 0.53205
1403715906.734057903 -0.08247 -1.14290 0.50826 -0.22730 -0.78671 -0.17068 0.54798
1403715906.834058046 -0.14851 -1.13660 0.51625 -0.19491 -0.79431 -0.13564 0.55918
1403715906.934057951 -0.20800 -1.14188 0.51796 -0.15679 -0.79967 -0.10484 0.57005
1403715907.034058094 -0.26348 -1.14800 0.50958 -0.11487 -0.80367 -0.07798 0.57866
1403715907.134057999 -0.31546 -1.15575 0.49369 -0.06534 -0.80982 -0.05854 0.58008
1403715907.234057903 -0.36524 -1.16789 0.48644 -0.01471 -0.81311 -0.03439 0.58090
1403715907.334058046 -0.41001 -1.18634 0.49297 0.03293 -0.81352 -0.00386 0.58059
1403715907.434057951 -0.45040 -1.21170 0.51187 0.08120 -0.80959 0.02330 0.58088
1403715907.534058094 -0.49095 -1.24306 0.53530 0.12526 -0.80456 0.04760 0.57856
1403715907.634057999 -0.52347 -1.27947 0.55941 0.16204 -0.79854 0.07366 0.57503
1403715907.734057903 -0.54653 -1.31967 0.58400 0.19191 -0.78872 0.10299 0.57487
1403715907.834058046 -0.56658 -1.36499 0.60586 0.21961 -0.77690 0.13213 0.57509
1403715907.934057951 -0.57900 -1.41226 0.62499 0.24440 -0.76598 0.16463 0.57135
1403715908.034058094 -0.58503 -1.46055 0.64115 0.27150 -0.75449 0.19703 0.56410
1403715908.134057999 -0.58046 -1.50324 0.65566 0.30242 -0.74000 0.22773 0.55594
1403715908.234057903 -0.57092 -1.54359 0.66622 0.33710 -0.72462 0.25605 0.54381
1403715908.334058046 -0.56185 -1.58606 0.67287 0.37261 -0.70799 0.28281 0.52908
1403715908.434057951 -0.53972 -1.61684 0.68476 0.40817 -0.68924 0.30904 0.51267
1403715908.534058094 -0.51354 -1.63908 0.69614 -0.44440 0.66665 -0.33450 -0.49618
1403715908.634057999 -0.48615 -1.65855 0.70772 -0.48110 0.64018 -0.35815 -0.48005
1403715908.734057903 -0.45289 -1.66702 0.71701 -0.51456 0.61013 -0.38232 -0.46562
1403715908.834058046 -0.41853 -1.67023 0.72369 -0.54279 0.58198 -0.40754 -0.44787
1403715908.934057951 -0.38412 -1.66719 0.72524 0.57227 -0.55780 0.42592 0.42421
1403715909.034058094 -0.34876 -1.65675 0.72518 0.60439 -0.53164 0.43628 0.40215
1403715909.134057999 -0.31169 -1.64183 0.72395 0.63361 -0.50454 0.44470 0.38238
1403715909.234057903 -0.27207 -1.62414 0.71993 0.65756 -0.47938 0.45500 0.36164
1403715909.334058046 -0.22783 -1.60357 0.71362 0.67673 -0.45474 0.46739 0.34176
1403715909.434057951 -0.18085 -1.58316 0.70497 0.69472 -0.42851 0.47720 0.32560
1403715909.534058094 -0.12884 -1.55878 0.69273 0.71248 -0.39679 0.48546 0.31504
1403715909.634057999 -0.07109 -1.53113 0.67687 0.73050 -0.36366 0.49428 0.29968
1403715909.734057903 -0.00770 -1.49634 0.65888 0.74542 -0.33079 0.50883 0.27573
1403715909.834058046 0.06102 -1.45555 0.63915 0.75934 -0.29496 0.52535 0.24578
1403715909.934057951 0.13518 -1.40767 0.61831 0.76752 -0.25610 0.54941 0.20850
1403715910.034058094 0.20682 -1.35177 0.59772 0.77408 -0.21087 0.57222 0.17000
1403715910.134057999 0.27368 -1.29169 0.57466 0.78388 -0.16143 0.58481 0.13216
1403715910.234057903 0.33444 -1.22544 0.54873 0.79493 -0.11315 0.58819 0.09654
1403715910.334058046 0.38786 -1.15932 0.52481 0.80037 -0.06916 0.59210 0.06365
1403715910.434057951 0.43034 -1.09159 0.50295 0.79870 -0.02889 0.59996 0.03580
1403715910.534058094 0.46181 -1.02371 0.48351 0.79316 0.00843 0.60886 0.01081
1403715910.634057999 0.48447 -0.95338 0.46656 0.78967 0.04177 0.61195 -0.01404
1403715910.734057903 0.49742 -0.88297 0.45187 0.78843 0.07196 0.60961 -0.03961
1403715910.834058046 0.50018 -0.81211 0.44093 0.78507 0.10149 0.60771 -0.06363
1403715910.934057951 0.49086 -0.74352 0.43083 0.78128 0.13031 0.60398 -0.08851
1403715911.034058094 0.46960 -0.67832 0.42165 0.77686 0.15800 0.59864 -0.11468
1403715911.134057999 0.44243 -0.61316 0.41246 0.76632 0.18471 0.59887 -0.14140
1403715911.234057903 0.40836 -0.54650 0.40156 0.75549 0.21248 0.59679 -0.16712
1403715911.334058046 0.36450 -0.48742 0.39210 0.74768 0.24212 0.58803 -0.19125
1403715911.434057951 0.31218 -0.43475 0.38162 0.74137 0.27063 0.57537 -0.21466
1403715911.534058094 0.25079 -0.38893 0.36985 0.73824 0.29731 0.55776 -0.23562
1403715911.634057999 0.18358 -0.34901 0.35712 0.73551 0.32658 0.53852 -0.24975
1403715911.734057903 0.11467 -0.31385 0.34841 0.72755 0.35832 0.52514 -0.25791
1403715911.834058046 0.04601 -0.27891 0.35201 0.71623 0.38664 0.51587 -0.26723
1403715911.934057951 -0.02683 -0.24587 0.36887 0.70399 0.40967 0.50829 -0.27967
1403715912.034058094 -0.09910 -0.21487 0.39776 0.69367 0.42723 0.49981 -0.29407
1403715912.134057999 -0.17293 -0.18482 0.43145 0.68570 0.43972 0.49034 -0.30989
1403715912.234057903 -0.24778 -0.15671 0.46418 0.67759 0.45168 0.48145 -0.32413
1403715912.334058046 -0.32019 -0.13212 0.49500 0.66809 0.46399 0.47397 -0.33722
1403715912.434057951 -0.39319 -0.11001 0.52372 0.65859 0.47813 0.46529 -0.34807
1403715912.534058094 -0.46716 -0.08887 0.55040 0.64736 0.49350 0.45596 -0.35985
1403715912.634057999 -0.54128 -0.06764 0.57652 0.63450 0.51110 0.44398 -0.37292
1403715912.734057903 -0.61239 -0.05000 0.60206 0.61716 0.53138 0.43155 -0.38797
1403715912.834058046 -0.68559 -0.03303 0.62780 0.59557 0.55511 0.41613 -0.40496
1403715912.934057951 -0.76053 -0.01895 0.64478 0.56962 0.58155 0.39806 -0.42294
1403715913.034058094 -0.83211 -0.00789 0.64633 0.54260 0.60639 0.37821 -0.44139
1403715913.134057999 -0.90490 0.00264 0.63692 0.51386 0.63038 0.35962 -0.45743
1403715913.234057903 -0.97904 0.00990 0.62304 0.48327 0.64950 0.34358 -0.47597
1403715913.334058046 -1.04928 0.01404 0.61000 0.44908 0.66689 0.33653 -0.49023
1403715913.434057951 -1.11467 0.01416 0.59820 0.41873 0.68099 0.33620 -0.49788
1403715913.534058094 -1.17721 0.00025 0.58717 -0.39472 -0.68832 -0.34143 0.50382
1403715913.634057999 -1.23867 -0.02006 0.57573 -0.37224 -0.69502 -0.35581 0.50179
1403715913.734057903 -1.30724 -0.05179 0.56823 0.36157 0.69862 0.36296 -0.49946
1403715913.834058046 -1.38156 -0.09397 0.55902 0.36661 0.70272 0.35564 -0.49528
1403715913.934057951 -1.46572 -0.15143 0.55414 0.37766 0.70641 0.34418 -0.48980
1403715914.034058094 -1.55600 -0.22156 0.55170 0.38608 0.70733 0.33810 -0.48612
1403715914.134057999 -1.65090 -0.30032 0.55385 0.39024 0.70729 0.33989 -0.48158
1403715914.234057903 -1.75128 -0.38538 0.55624 0.40539 0.70327 0.33211 -0.48039
1403715914.334058046 -1.85458 -0.47389 0.55978 0.43031 0.69990 0.31906 -0.47242
1403715914.434057951 -1.95963 -0.56222 0.56589 0.45553 0.69796 0.30977 -0.45760
1403715914.534058094 -2.06652 -0.64717 0.57381 0.47632 0.69428 0.30864 -0.44252
1403715914.634057999 -2.17677 -0.72430 0.58213 0.49902 0.68537 0.30743 -0.43213
1403715914.734057903 -2.28864 -0.79177 0.58881 0.52900 0.67040 0.29894 -0.42586
1403715914.834058046 -2.39809 -0.84539 0.59308 0.56296 0.65075 0.28114 -0.42493
1403715914.934057951 -2.49745 -0.88104 0.59880 0.58764 0.63451 0.26823 -0.42443
1403715915.034058094 -2.58330 -0.89285 0.60560 0.60162 0.62293 0.26350 -0.42494
1403715915.134057999 -2.66116 -0.88788 0.61304 0.60875 0.61549 0.26300 -0.42595
1403715915.234057903 -2.72057 -0.86067 0.62269 0.60441 0.61132 0.27586 -0.42996
1403715915.334058046 -2.76484 -0.81479 0.63579 0.58528 0.61447 0.30646 -0.43123
1403715915.434057951 -2.80004 -0.75574 0.63937 0.56476 0.62097 0.33452 -0.42842
1403715915.534058094 -2.83202 -0.68955 0.62689 0.55173 0.62407 0.35019 -0.42836
1403715915.634057999 -2.85989 -0.61966 0.60035 0.54055 0.62806 0.36208 -0.42690
1403715915.734057903 -2.88607 -0.54801 0.57024 0.53423 0.63297 0.36622 -0.42406
1403715915.834058046 -2.91663 -0.47389 0.53752 0.53735 0.63694 0.35758 -0.42154
1403715915.934057951 -2.94488 -0.39718 0.50358 0.54084 0.64115 0.34805 -0.41866
1403715916.034058094 -2.97418 -0.31342 0.47338 0.53902 0.64001 0.34706 -0.42356
1403715916.134057999 -3.00517 -0.22657 0.44345 0.53862 0.63531 0.35230 -0.42680
1403715916.234057903 -3.03389 -0.13844 0.41399 0.54398 0.62408 0.36297 -0.42762
1403715916.334058046 -3.05881 -0.04767 0.38539 0.55546 0.60941 0.37637 -0.42240
1403715916.434057951 -3.08393 0.04304 0.35757 0.57183 0.59035 0.38875 -0.41637
1403715916.534058094 -3.10740 0.13443 0.32982 0.59365 0.56962 0.39749 -0.40635
1403715916.634057999 -3.12650 0.22262 0.30396 0.61589 0.54688 0.40734 -0.39454
1403715916.734057903 -3.14334 0.31237 0.27745 0.63790 0.52224 0.41261 -0.38743
1403715916.834058046 -3.15406 0.40130 0.25436 0.65623 0.50017 0.41470 -0.38369
1403715916.934057951 -3.15796 0.49056 0.23502 0.67038 0.47775 0.41557 -0.38684
1403715917.034058094 -3.14709 0.57460 0.22559 0.67867 0.46055 0.41908 -0.38946
1403715917.134057999 -3.12564 0.65936 0.21870 0.67279 0.44863 0.44220 -0.38800
1403715917.234057903 -3.09429 0.73841 0.21708 0.65705 0.44427 0.48278 -0.37127
1403715917.334058046 -3.06208 0.80636 0.21360 0.65117 0.43714 0.50980 -0.35354
1403715917.434057951 -3.03354 0.86259 0.21036 0.65288 0.43026 0.52077 -0.34266
1403715917.534058094 -3.01017 0.90704 0.20539 0.66684 0.42546 0.51022 -0.33761
1403715917.634057999 -2.99106 0.94493 0.19606 0.68074 0.41971 0.49510 -0.33958
1403715917.734057903 -2.96977 0.97408 0.18206 0.68263 0.41106 0.49272 -0.34967
1403715917.834058046 -2.94884 0.99492 0.16566 0.67563 0.40582 0.50102 -0.35750
1403715917.934057951 -2.92828 0.99983 0.15438 0.66732 0.40567 0.51001 -0.36056
1403715918.034058094 -2.90696 0.99143 0.14639 0.66031 0.41118 0.51815 -0.35560
1403715918.134057999 -2.88607 0.97523 0.13810 0.66016 0.41723 0.52466 -0.33890
1403715918.234057903 -2.87030 0.94529 0.13170 0.66369 0.41243 0.53133 -0.32728
1403715918.334058046 -2.85920 0.90930 0.11973 0.67666 0.39636 0.52812 -0.32576
1403715918.434057951 -2.85183 0.86295 0.09505 0.69949 0.37853 0.51243 -0.32381
1403715918.534058094 -2.84323 0.80991 0.05786 0.71992 0.36274 0.49928 -0.31758
1403715918.634057999 -2.83066 0.74888 0.01322 0.73282 0.35016 0.49462 -0.30938
1403715918.734057903 -2.81143 0.68272 -0.02553 0.73861 0.34870 0.49684 -0.29328
1403715918.834058046 -2.78772 0.61338 -0.04996 0.74083 0.35700 0.50057 -0.27048
1403715918.934057951 -2.76230 0.54472 -0.06278 0.74698 0.36841 0.49416 -0.24922
1403715919.034058094 -2.73342 0.48102 -0.06410 0.75488 0.37637 0.48251 -0.23596
1403715919.134057999 -2.70240 0.42782 -0.05192 0.75572 0.38628 0.47958 -0.22287
1403715919.234057903 -2.66849 0.38672 -0.03606 0.74579 0.39870 0.49087 -0.20949
1403715919.334058046 -2.63684 0.36121 -0.01883 0.73005 0.40859 0.50936 -0.20159
1403715919.434057951 -2.61293 0.34956 -0.01135 0.72550 0.40387 0.51538 -0.21195
1403715919.534058094 -2.59351 0.34882 -0.01867 0.72621 0.39359 0.51547 -0.22803
1403715919.634057999 -2.57706 0.35525 -0.03968 0.72705 0.38573 0.51534 -0.23884
1403715919.734057903 -2.56392 0.36728 -0.07135 0.72712 0.38360 0.51613 -0.24033
1403715919.834058046 -2.55318 0.38446 -0.11106 0.72512 0.38546 0.51939 -0.23633
1403715919.934057951 -2.54922 0.40483 -0.15346 0.72576 0.38754 0.51825 -0.23348
1403715920.034058094 -2.54866 0.43197 -0.18891 0.73159 0.38936 0.50911 -0.23234
1403715920.134057999 -2.55138 0.46553 -0.21065 0.73651 0.39007 0.50082 -0.23362
1403715920.234057903 -2.55572 0.50618 -0.21768 0.73957 0.38885 0.49498 -0.23837
1403715920.334058046 -2.55898 0.55576 -0.20875 0.73647 0.38578 0.49542 -0.25170
1403715920.434057951 -2.56117 0.60966 -0.19105 0.73131 0.38301 0.49817 -0.26517
1403715920.534058094 -2.56138 0.66559 -0.17114 0.72456 0.37964 0.50356 -0.27805
1403715920.634057999 -2.56191 0.71984 -0.15256 0.71762 0.37555 0.51014 -0.28937
1403715920.734057903 -2.56368 0.76824 -0.13084 0.70963 0.37408 0.51690 -0.29885
1403715920.834058046 -2.56646 0.80959 -0.09820 0.70215 0.37860 0.51904 -0.30698
1403715920.934057951 -2.57169 0.84235 -0.05610 0.69949 0.38797 0.51113 -0.31455
1403715921.034058094 -2.57777 0.86531 -0.00640 0.70203 0.40166 0.49307 -0.32046
1403715921.134057999 -2.58147 0.88185 0.04819 0.70105 0.41792 0.47890 -0.32330
1403715921.234057903 -2.58175 0.89738 0.10398 0.69653 0.43047 0.47299 -0.32529
1403715921.334058046 -2.57808 0.91223 0.15828 0.69165 0.44240 0.47145 -0.32194
1403715921.434057951 -2.57206 0.92698 0.21233 0.68786 0.45333 0.47104 -0.31538
1403715921.534058094 -2.56544 0.94474 0.26892 0.68605 0.45853 0.47069 -0.31230
1403715921.634057999 -2.55897 0.96484 0.33435 0.68465 0.46020 0.47187 -0.31115
1403715921.734057903 -2.55258 0.98858 0.40878 0.68623 0.45884 0.47042 -0.31187
1403715921.834058046 -2.54852 1.01474 0.48494 0.68877 0.45285 0.46827 -0.31821
1403715921.934057951 -2.54260 1.04255 0.55196 0.69031 0.44772 0.46796 -0.32256
1403715922.034058094 -2.53546 1.07084 0.60946 0.69092 0.44508 0.46950 -0.32264
1403715922.134057999 -2.52657 1.09904 0.66810 0.68883 0.44173 0.47471 -0.32408
1403715922.234057903 -2.51604 1.12588 0.73632 0.68518 0.43689 0.48151 -0.32832
1403715922.334058046 -2.50526 1.15069 0.81668 0.68110 0.43449 0.48803 -0.33037
1403715922.434057951 -2.49635 1.16827 0.89881 0.67768 0.43775 0.49282 -0.32597
1403715922.534058094 -2.48799 1.18267 0.97865 0.67726 0.43804 0.49257 -0.32682
1403715922.634057999 -2.48194 1.19325 1.05530 0.67713 0.43475 0.49185 -0.33253
1403715922.734057903 -2.47632 1.19877 1.12095 0.67682 0.43452 0.49187 -0.33342
1403715922.834058046 -2.47147 1.20072 1.17321 0.67548 0.43873 0.49330 -0.32847
1403715922.934057951 -2.46867 1.20094 1.21109 0.67465 0.44273 0.49419 -0.32344
1403715923.034058094 -2.46932 1.20073 1.24259 0.67371 0.44505 0.49544 -0.32030
1403715923.134057999 -2.47334 1.19577 1.27157 0.67472 0.44719 0.49408 -0.31727
1403715923.234057903 -2.48231 1.18860 1.30858 0.67836 0.45052 0.48910 -0.31248
1403715923.334058046 -2.49442 1.18137 1.35683 0.68386 0.45051 0.48093 -0.31319
1403715923.434057951 -2.50825 1.17485 1.40797 0.68987 0.44507 0.47167 -0.32176
1403715923.534058094 -2.51997 1.16729 1.44643 0.69478 0.43780 0.46386 -0.33234
1403715923.634057999 -2.52854 1.15996 1.47011 0.69754 0.43074 0.45898 -0.34240
1403715923.734057903 -2.53190 1.15028 1.46946 0.69796 0.42592 0.45745 -0.34955
1403715923.834058046 -2.53145 1.13770 1.44280 0.69505 0.42291 0.46121 -0.35404
1403715923.934057951 -2.52299 1.12269 1.40444 0.68730 0.41996 0.47192 -0.35853
1403715924.034058094 -2.50976 1.10209 1.35553 0.67976 0.42054 0.48234 -0.35836
1403715924.134057999 -2.49487 1.07370 1.29746 0.67410 0.42443 0.49091 -0.35278
1403715924.234057903 -2.47974 1.03601 1.23842 0.67272 0.42962 0.49347 -0.34549
1403715924.334058046 -2.46534 0.99168 1.18057 0.67435 0.43393 0.49190 -0.33910
1403715924.434057951 -2.45104 0.94318 1.12424 0.67918 0.43777 0.48617 -0.33274
1403715924.534058094 -2.43607 0.89224 1.06896 0.68663 0.44198 0.47683 -0.32531
1403715924.634057999 -2.41975 0.84114 1.01472 0.69328 0.44037 0.46958 -0.32393
1403715924.734057903 -2.40054 0.78908 0.96168 0.70185 0.42848 0.46610 -0.32643
1403715924.834058046 -2.37506 0.73659 0.90926 0.70986 0.41180 0.47010 -0.32485
1403715924.934057951 -2.34192 0.68302 0.85718 0.71824 0.39094 0.47986 -0.31784
1403715925.034058094 -2.30206 0.62470 0.80805 0.72200 0.36823 0.49999 -0.30516
1403715925.134057999 -2.25961 0.56228 0.77051 0.72236 0.34537 0.52513 -0.28836
1403715925.234057903 -2.21655 0.49386 0.74618 0.72859 0.32144 0.54042 -0.27163
1403715925.334058046 -2.17710 0.41855 0.73392 0.74218 0.29575 0.54409 -0.25625
1403715925.434057951 -2.14037 0.33651 0.73093 0.75994 0.26868 0.54052 -0.24114
1403715925.534058094 -2.10525 0.24752 0.72912 0.77752 0.24266 0.53509 -0.22417
1403715925.634057999 -2.06772 0.15304 0.72805 0.78969 0.21706 0.53576 -0.20553
1403715925.734057903 -2.02754 0.05243 0.72753 0.79688 0.19028 0.54213 -0.18673
1403715925.834058046 -1.98469 -0.05436 0.72618 0.80269 0.16275 0.54872 -0.16766
1403715925.934057951 -1.93996 -0.16464 0.72479 0.80583 0.13614 0.55764 -0.14541
1403715926.034058094 -1.89392 -0.27792 0.72221 0.80665 0.10795 0.56793 -0.12292
1403715926.134057999 -1.84952 -0.39476 0.71245 0.80338 0.07348 0.58154 -0.10486
1403715926.234057903 -1.80990 -0.51605 0.68780 0.79973 0.03781 0.59313 -0.08483
1403715926.334058046 -1.77752 -0.64309 0.65104 0.79590 0.00397 0.60235 -0.06076
1403715926.434057951 -1.75081 -0.77620 0.60901 0.79008 -0.02534 0.61170 -0.03077
1403715926.534058094 -1.73392 -0.91391 0.56566 0.78310 -0.05196 0.61973 0.00074
1403715926.634057999 -1.72593 -1.05066 0.51767 0.78461 -0.07844 0.61428 0.02985
1403715926.734057903 -1.72790 -1.18784 0.47034 0.79053 -0.10594 0.60066 0.05514
1403715926.834058046 -1.73909 -1.32095 0.42850 0.79668 -0.12723 0.58485 0.08406
1403715926.934057951 -1.75799 -1.44856 0.40054 0.80026 -0.14728 0.57128 0.10745
1403715927.034058094 -1.77415 -1.57165 0.38425 0.79978 -0.16660 0.56289 0.12549
1403715927.134057999 -1.78810 -1.68876 0.37239 0.79226 -0.18322 0.56385 0.14430
1403715927.234057903 -1.80508 -1.79788 0.36130 0.78336 -0.19040 0.56510 0.17540
1403715927.334058046 -1.81972 -1.89797 0.35148 0.77428 -0.19586 0.56542 0.20597
1403715927.434057951 -1.83625 -1.98300 0.34583 0.75969 -0.20518 0.57299 0.22904
1403715927.534058094 -1.85350 -2.05067 0.34013 0.74043 -0.22720 0.58717 0.23534
1403715927.634057999 -1.87740 -2.10091 0.33382 0.72083 -0.25446 0.59868 0.23923
1403715927.734057903 -1.91036 -2.13937 0.32616 0.70632 -0.28266 0.59849 0.25106
1403715927.834058046 -1.95323 -2.16631 0.31519 0.69739 -0.30892 0.58516 0.27534
1403715927.934057951 -2.00649 -2.17573 0.30325 0.68971 -0.33648 0.56495 0.30318
1403715928.034058094 -2.06520 -2.17452 0.28548 0.68049 -0.36813 0.54158 0.32881
1403715928.134057999 -2.12745 -2.15401 0.25600 0.66591 -0.40848 0.52054 0.34459
1403715928.234057903 -2.19257 -2.11861 0.21516 0.64529 -0.45014 0.50150 0.35983
1403715928.334058046 -2.25866 -2.07490 0.16596 0.61497 -0.48386 0.49106 0.38281
1403715928.434057951 -2.32737 -2.02039 0.11403 0.58374 -0.51173 0.48180 0.40650
1403715928.534058094 -2.39718 -1.95168 0.05783 0.56138 -0.54313 0.46463 0.41711
1403715928.634057999 -2.46674 -1.87237 0.00336 -0.54767 0.57025 -0.44562 -0.41988
1403715928.734057903 -2.53578 -1.78387 -0.03891 -0.54722 0.58932 -0.42211 -0.41842
1403715928.834058046 -2.60537 -1.69188 -0.06402 -0.56061 0.60772 -0.39398 -0.40145
1403715928.934057951 -2.67250 -1.60597 -0.06370 -0.58071 0.61646 -0.37433 -0.37767
1403715929.034058094 -2.73252 -1.53162 -0.03300 -0.60340 0.61629 -0.36290 -0.35269
1403715929.134057999 -2.79659 -1.47832 0.01509 0.62328 -0.61132 0.35637 0.33289
1403715929.234057903 -2.84768 -1.46310 0.07562 0.64241 -0.60156 0.34957 0.32130
1403715929.334058046 -2.90202 -1.46055 0.12534 0.65865 -0.57599 0.34653 0.33813
1403715929.434057951 -2.95310 -1.47428 0.16573 0.67027 -0.53564 0.34691 0.37879
1403715929.534058094 -2.98657 -1.49900 0.20199 0.67599 -0.49562 0.34559 0.42187
1403715929.634057999 -2.98950 -1.53000 0.24327 0.67665 -0.46837 0.34189 0.45375
1403715929.734057903 -2.96841 -1.55618 0.27602 0.66799 -0.47982 0.35193 0.44689
1403715929.834058046 -2.92292 -1.57555 0.30556 0.64969 -0.50479 0.37770 0.42477
1403715929.934057951 -2.86155 -1.60135 0.32618 0.62289 -0.52788 0.41455 0.40187
1403715930.034058094 -2.79324 -1.62452 0.33615 0.59813 -0.54486 0.44510 0.38375
1403715930.134057999 -2.72753 -1.64290 0.33920 0.57697 -0.55898 0.46881 0.36726
1403715930.234057903 -2.67072 -1.65554 0.34175 -0.56085 0.57035 -0.48467 -0.35390
1403715930.334058046 -2.62912 -1.66363 0.34407 -0.55395 0.57691 -0.48860 -0.34869
1403715930.434057951 -2.60484 -1.66669 0.34430 -0.56306 0.58056 -0.47352 -0.34884
1403715930.534058094 -2.59418 -1.66907 0.33436 -0.57591 0.58441 -0.45303 -0.34866
1403715930.634057999 -2.59198 -1.67100 0.31702 -0.58687 0.59005 -0.43440 -0.34457
1403715930.734057903 -2.59956 -1.68120 0.30727 -0.59096 0.59609 -0.42508 -0.33875
1403715930.834058046 -2.61751 -1.70161 0.31249 -0.59495 0.59748 -0.41678 -0.33962
1403715930.934057951 -2.64363 -1.73051 0.33427 0.60532 -0.59072 0.40114 0.35175
1403715931.034058094 -2.67275 -1.76904 0.35989 0.61494 -0.58796 0.38597 0.35662
1403715931.134057999 -2.70074 -1.81864 0.37575 0.62180 -0.59107 0.37349 0.35286
1403715931.234057903 -2.72626 -1.88257 0.38962 0.62447 -0.59281 0.36839 0.35058
1403715931.334058046 -2.74921 -1.96271 0.41555 0.62231 -0.59354 0.37108 0.35033
1403715931.434057951 -2.76867 -2.05848 0.45686 0.61883 -0.59132 0.37738 0.35352
1403715931.534058094 -2.78685 -2.16768 0.49415 0.61692 -0.58806 0.38279 0.35647
1403715931.634057999 -2.80273 -2.28644 0.52060 0.61763 -0.58194 0.38599 0.36179
1403715931.734057903 -2.81528 -2.41134 0.53327 0.61991 -0.57433 0.38790 0.36795
1403715931.834058046 -2.82496 -2.54116 0.53696 0.62005 -0.56815 0.39331 0.37154
1403715931.934057951 -2.83100 -2.67795 0.54401 0.61514 -0.55868 0.40600 0.38033
1403715932.034058094 -2.83482 -2.81714 0.55235 0.60758 -0.54884 0.42149 0.38983
1403715932.134057999 -2.83601 -2.95097 0.56487 0.59636 -0.53459 0.44046 0.40566
1403715932.234057903 -2.83387 -3.07824 0.58440 0.58165 -0.51633 0.46077 0.42752
1403715932.334058046 -2.82778 -3.19027 0.60823 0.56347 -0.49901 0.48327 0.44716
1403715932.434057951 -2.81933 -3.27814 0.63330 0.54905 -0.48577 0.49949 0.46160
1403715932.534058094 -2.80943 -3.33443 0.65845 0.53720 -0.47629 0.51307 0.47044
1403715932.634057999 -2.80171 -3.35519 0.68685 0.52368 -0.46610 0.52801 0.47928
1403715932.734057903 -2.79354 -3.33659 0.71681 0.51330 -0.45799 0.53833 0.48679
1403715932.834058046 -2.78634 -3.26833 0.74615 0.51167 -0.45775 0.53789 0.48922
1403715932.934057951 -2.78204 -3.16656 0.77243 0.53034 -0.47794 0.51484 0.47461
1403715933.034058094 -2.77735 -3.03452 0.79702 0.55840 -0.50965 0.47904 0.44606
1403715933.134057999 -2.77296 -2.88215 0.82292 0.58295 -0.53741 0.44385 0.41757
1403715933.234057903 -2.76732 -2.72222 0.84734 0.60525 -0.56239 0.40896 0.38749
1403715933.334058046 -2.76052 -2.56625 0.87033 0.62330 -0.58570 0.37717 0.35524
1403715933.434057951 -2.75163 -2.42602 0.89167 0.63494 -0.61185 0.34965 0.31658
1403715933.534058094 -2.74029 -2.31395 0.91406 0.64223 -0.63607 0.32353 0.27978
1403715933.634057999 -2.73520 -2.24060 0.94237 -0.64935 0.65053 -0.30034 -0.25487
1403715933.734057903 -2.73371 -2.21349 0.97733 0.65743 -0.65368 0.28136 0.24765
1403715933.834058046 -2.73368 -2.23503 1.02292 0.66058 -0.65122 0.27460 0.25326
1403715933.934057951 -2.71799 -2.30840 1.08155 0.64660 -0.64578 0.29161 0.28256
1403715934.034058094 -2.71652 -2.43010 1.15381 0.62243 -0.62122 0.33893 0.33436
1403715934.134057999 -2.71302 -2.57092 1.22714 0.58931 -0.58768 0.39276 0.39127
1403715934.234057903 -2.70861 -2.71312 1.28343 0.55319 -0.55230 0.44060 0.44139
1403715934.334058046 -2.70251 -2.84004 1.31510 0.52580 -0.52391 0.47244 0.47524
1403715934.434057951 -2.69603 -2.94340 1.33632 0.50334 -0.50032 0.49702 0.49930
1403715934.534058094 -2.68772 -3.01476 1.34413 0.48485 -0.48056 0.51705 0.51637
1403715934.634057999 -2.67763 -3.04345 1.34643 0.47036 -0.46439 0.53345 0.52776
1403715934.734057903 -2.66964 -3.02293 1.35270 0.46290 -0.45650 0.54533 0.52911
1403715934.834058046 -2.66375 -2.94993 1.36547 0.46646 -0.46092 0.54806 0.51923
1403715934.934057951 -2.65889 -2.82774 1.37955 0.49699 -0.48912 0.52139 0.49185
1403715935.034058094 -2.65747 -2.66497 1.39081 0.53144 -0.52512 0.48562 0.45386
1403715935.134057999 -2.65704 -2.47943 1.38958 0.56343 -0.55881 0.44467 0.41539
1403715935.234057903 -2.65835 -2.28441 1.37999 0.58820 -0.58534 0.40711 0.38165
1403715935.334058046 -2.66017 -2.09353 1.35909 0.60645 -0.60336 0.37618 0.35589
1403715935.434057951 -2.65955 -1.91389 1.32839 0.61914 -0.61580 0.35154 0.33747
1403715935.534058094 -2.66177 -1.75485 1.28850 0.62877 -0.62302 0.33418 0.32377
1403715935.634057999 -2.66224 -1.62460 1.24346 0.63543 -0.62788 0.32175 0.31381
1403715935.734057903 -2.66101 -1.52743 1.19951 0.64179 -0.63321 0.30876 0.30301
1403715935.834058046 -2.65674 -1.47000 1.15928 0.64699 -0.63827 0.29662 0.29331
1403715935.934057951 -2.65097 -1.45020 1.12780 0.64852 -0.64032 0.29120 0.29090
1403715936.034058094 -2.64124 -1.49251 1.10804 0.63893 -0.63240 0.30862 0.31081
1403715936.134057999 -2.63200 -1.56380 1.09798 0.61870 -0.61184 0.34539 0.35154
1403715936.234057903 -2.62073 -1.65316 1.09332 0.59339 -0.58665 0.38424 0.39508
1403715936.334058046 -2.60662 -1.74940 1.09001 0.56636 -0.56307 0.41957 0.43146
1403715936.434057951 -2.59076 -1.83656 1.08217 -0.54441 0.54954 -0.44460 -0.45161
1403715936.534058094 -2.57349 -1.90430 1.07135 -0.53094 0.54369 -0.45852 -0.46073
1403715936.634057999 -2.55653 -1.94781 1.05673 -0.51918 0.54162 -0.47112 -0.46383
1403715936.734057903 -2.54017 -1.96748 1.05181 -0.51413 0.54311 -0.47556 -0.46318
1403715936.834058046 -2.52468 -1.96264 1.04045 -0.52399 0.55099 -0.46216 -0.45635
1403715936.934057951 -2.51166 -1.94233 1.02551 -0.53373 0.55899 -0.44882 -0.44857
1403715937.034058094 -2.49833 -1.90740 1.01050 -0.54339 0.56351 -0.44141 -0.43856
1403715937.134057999 -2.48640 -1.86282 0.99621 -0.55896 0.56682 -0.43426 -0.42154
1403715937.234057903 -2.47367 -1.81376 0.98147 0.57626 -0.56341 0.43191 0.40491
1403715937.334058046 -2.45922 -1.76084 0.95788 0.59413 -0.55299 0.43510 0.38975
1403715937.434057951 -2.44511 -1.70618 0.92286 0.61031 -0.53757 0.44296 0.37725
1403715937.534058094 -2.43201 -1.65111 0.87445 0.62919 -0.52949 0.44241 0.35782
1403715937.634057999 -2.41845 -1.60031 0.81811 0.65320 -0.52612 0.43031 0.33370
1403715937.734057903 -2.40341 -1.55701 0.76314 0.67310 -0.51979 0.42256 0.31335
1403715937.834058046 -2.38671 -1.52306 0.71200 0.68866 -0.50983 0.42086 0.29782
1403715937.934057951 -2.36604 -1.50289 0.66496 0.70172 -0.49783 0.42261 0.28488
1403715938.034058094 -2.34095 -1.49655 0.62014 0.71533 -0.48288 0.42516 0.27269
1403715938.134057999 -2.30964 -1.50632 0.58192 0.72924 -0.46657 0.42773 0.25992
1403715938.234057903 -2.27023 -1.53283 0.55761 0.74190 -0.44704 0.43355 0.24854
1403715938.334058046 -2.22118 -1.57558 0.55019 0.74878 -0.41461 0.45116 0.25274
1403715938.434057951 -2.16349 -1.63078 0.55760 0.75175 -0.38119 0.47298 0.25663
1403715938.534058094 -2.09945 -1.69041 0.56866 0.75193 -0.35412 0.49612 0.25114
1403715938.634057999 -2.03121 -1.75171 0.57380 0.75371 -0.33627 0.51041 0.24152
1403715938.734057903 -1.96166 -1.81269 0.57531 0.76115 -0.32868 0.50996 0.22926
1403715938.834058046 -1.88880 -1.87504 0.57154 0.77521 -0.32824 0.49463 0.21600
1403715938.934057951 -1.81245 -1.94151 0.56788 0.78831 -0.33019 0.47767 0.20342
1403715939.034058094 -1.72813 -2.01628 0.56188 0.79787 -0.33216 0.46464 0.19284
1403715939.134057999 -1.63356 -2.10274 0.55587 0.80154 -0.33015 0.46107 0.18957
1403715939.234057903 -1.52465 -2.20169 0.55640 0.78702 -0.32055 0.48777 0.19981
1403715939.334058046 -1.40887 -2.30675 0.55951 0.76396 -0.30802 0.52493 0.21434
1403715939.434057951 -1.29373 -2.40962 0.56239 0.73862 -0.29684 0.56054 0.22830
1403715939.534058094 -1.18455 -2.50458 0.56419 0.71670 -0.28705 0.58807 0.24108
1403715939.634057999 -1.08714 -2.58440 0.56881 0.69266 -0.27794 0.61496 0.25453
1403715939.734057903 -1.00811 -2.64413 0.58029 0.66579 -0.26885 0.64243 0.26781
1403715939.834058046 -0.95251 -2.67612 0.59732 0.64722 -0.26420 0.65914 0.27720
1403715939.934057951 -0.92395 -2.67546 0.62369 0.63987 -0.26333 0.66423 0.28290
1403715940.034058094 -0.92368 -2.64565 0.65958 0.65564 -0.27151 0.64664 0.27978
1403715940.134057999 -0.94460 -2.58894 0.69856 0.69172 -0.28856 0.60631 0.26579
1403715940.234057903 -0.98042 -2.51196 0.74041 0.72621 -0.30489 0.56353 0.24919
1403715940.334058046 -1.02132 -2.42376 0.78111 0.75711 -0.32028 0.52109 0.22950
1403715940.434057951 -1.06277 -2.33384 0.81920 0.78388 -0.33423 0.47953 0.20945
1403715940.534058094 -1.08928 -2.25417 0.85637 0.80686 -0.34878 0.43832 0.18761
1403715940.634057999 -1.10282 -2.18705 0.88997 0.82660 -0.36573 0.39599 0.16176
1403715940.734057903 -1.09339 -2.14899 0.92609 0.84068 -0.37890 0.36083 0.13962
1403715940.834058046 -1.05474 -2.15049 0.96796 0.84944 -0.37818 0.34211 0.13563
1403715940.934057951 -0.97814 -2.19549 1.01744 0.84376 -0.37196 0.35678 0.14975
1403715941.034058094 -0.86920 -2.27612 1.07856 0.81805 -0.35804 0.41284 0.17931
1403715941.134057999 -0.74164 -2.37520 1.14481 0.77425 -0.33864 0.48925 0.21561
1403715941.234057903 -0.61187 -2.47623 1.20979 0.72461 -0.31751 0.55944 0.24730
1403715941.334058046 -0.49031 -2.56584 1.26772 0.68556 -0.30466 0.60692 0.26237
1403715941.434057951 -0.38516 -2.64103 1.31618 0.65707 -0.29609 0.63837 0.27031
1403715941.534058094 -0.29911 -2.69642 1.34711 0.64073 -0.29231 0.65589 0.27171
1403715941.634057999 -0.23633 -2.73471 1.35398 0.62547 -0.28885 0.67187 0.27192
1403715941.734057903 -0.20252 -2.74751 1.34800 0.60561 -0.28464 0.69181 0.27133
1403715941.834058046 -0.20480 -2.72998 1.33616 0.58772 -0.27870 0.70865 0.27336
1403715941.934057951 -0.24218 -2.68673 1.31937 0.58701 -0.27626 0.70909 0.27620
1403715942.034058094 -0.31713 -2.60974 1.29280 0.61806 -0.28461 0.68013 0.27283
1403715942.134057999 -0.42281 -2.50489 1.25517 0.66525 -0.30056 0.63216 0.25976
1403715942.234057903 -0.54408 -2.38690 1.19788 0.71073 -0.31767 0.57961 0.24083
1403715942.334058046 -0.67245 -2.25903 1.11638 0.75201 -0.33558 0.52372 0.21814
1403715942.434057951 -0.79863 -2.13413 1.01865 0.77848 -0.34932 0.48226 0.19840
1403715942.534058094 -0.91748 -2.01872 0.91282 0.79688 -0.36069 0.45014 0.17963
1403715942.634057999 -1.02140 -1.92194 0.80764 0.81373 -0.36589 0.41933 0.16773
1403715942.734057903 -1.10575 -1.84899 0.70670 0.82522 -0.36651 0.39817 0.16168
1403715942.834058046 -1.16258 -1.80717 0.61145 0.82966 -0.36456 0.39092 0.16105
1403715942.934057951 -1.19049 -1.79688 0.52203 0.83022 -0.36044 0.39266 0.16319
1403715943.034058094 -1.18633 -1.81561 0.44381 0.82860 -0.35332 0.39932 0.17067
1403715943.134057999 -1.15079 -1.86543 0.38404 0.82502 -0.34219 0.41019 0.18437
1403715943.234057903 -1.09356 -1.93425 0.34488 0.80637 -0.33217 0.44737 0.19822
1403715943.334058046 -1.01358 -2.01791 0.32373 0.77330 -0.31751 0.50510 0.21464
1403715943.434057951 -0.92983 -2.10030 0.31539 0.73732 -0.29618 0.56188 0.23006
1403715943.534058094 -0.85303 -2.17419 0.30791 0.71278 -0.27937 0.59803 0.23718
1403715943.634057999 -0.78841 -2.23310 0.29473 0.69679 -0.27042 0.61863 0.24220
1403715943.734057903 -0.74030 -2.27597 0.28390 0.68106 -0.26800 0.63575 0.24527
1403715943.834058046 -0.71490 -2.29722 0.28163 0.66349 -0.26629 0.65198 0.25256
1403715943.934057951 -0.71875 -2.29316 0.29165 0.65167 -0.26632 0.66126 0.25912
1403715944.034058094 -0.75334 -2.26071 0.31392 0.66240 -0.27635 0.64916 0.25190
1403715944.134057999 -0.81452 -2.20190 0.34187 0.70326 -0.29471 0.60614 0.22617
1403715944.234057903 -0.89067 -2.12908 0.36945 0.74970 -0.30849 0.55296 0.19242
1403715944.334058046 -0.97034 -2.05469 0.39159 0.79036 -0.31030 0.50266 0.16243
1403715944.434057951 -1.04218 -1.99058 0.40656 0.82047 -0.29928 0.46674 0.13935
1403715944.534058094 -1.10436 -1.93949 0.41748 0.84413 -0.28104 0.44096 0.11835
1403715944.634057999 -1.14065 -1.91071 0.43228 0.85993 -0.26051 0.42804 0.09719
1403715944.734057903 -1.14652 -1.90776 0.45093 0.87079 -0.23826 0.42305 0.07738
1403715944.834058046 -1.11344 -1.92794 0.47614 0.87609 -0.21125 0.42775 0.06977
1403715944.934057951 -1.05084 -1.96613 0.50825 0.86421 -0.17410 0.46489 0.08196
1403715945.034058094 -0.97479 -2.01779 0.54304 0.83506 -0.13078 0.52567 0.09616
1403715945.134057999 -0.89492 -2.06667 0.57880 0.79812 -0.09773 0.58469 0.10768
1403715945.234057903 -0.82223 -2.10680 0.61017 0.77002 -0.07796 0.62265 0.11534
1403715945.334058046 -0.76218 -2.13845 0.64051 0.74598 -0.06831 0.65145 0.12022
1403715945.434057951 -0.72239 -2.15448 0.67366 0.72131 -0.06353 0.67820 0.12540
1403715945.534058094 -0.71236 -2.15078 0.70655 0.70098 -0.06500 0.69913 0.12495
1403715945.634057999 -0.73290 -2.13130 0.73021 0.72405 -0.08005 0.67606 0.11083
1403715945.734057903 -0.77670 -2.10170 0.75029 0.76288 -0.09642 0.63206 0.09599
1403715945.834058046 -0.84179 -2.06153 0.76715 0.80086 -0.10752 0.58257 0.08765
1403715945.934057951 -0.89841 -2.02494 0.79551 0.83524 -0.11706 0.53132 0.07984
1403715946.034058094 -0.94736 -1.98309 0.82100 0.85987 -0.12108 0.49093 0.07030
1403715946.134057999 -0.97802 -1.94637 0.84825 0.87742 -0.11792 0.46120 0.05935
1403715946.234057903 -0.98007 -1.91301 0.87620 0.89184 -0.10831 0.43657 0.04786
1403715946.334058046 -0.95097 -1.88771 0.90605 0.89735 -0.09292 0.42967 0.03885
1403715946.434057951 -0.88860 -1.86856 0.94290 0.88567 -0.06797 0.45762 0.03930
1403715946.534058094 -0.79820 -1.85249 0.98500 0.85904 -0.04665 0.50828 0.03898
1403715946.634057999 -0.69641 -1.83589 1.02699 0.82427 -0.03369 0.56409 0.03546
1403715946.734057903 -0.59298 -1.81882 1.06683 0.79297 -0.02542 0.60794 0.03098
1403715946.834058046 -0.49799 -1.79958 1.09894 0.77286 -0.02124 0.63369 0.02603
1403715946.934057951 -0.41880 -1.77930 1.12617 0.75820 -0.01774 0.65134 0.02414
1403715947.034058094 -0.36136 -1.75709 1.14989 0.74451 -0.01565 0.66694 0.02550
1403715947.134057999 -0.32728 -1.73265 1.17329 0.72141 -0.01817 0.69186 0.02386
1403715947.234057903 -0.32355 -1.70809 1.19583 0.69419 -0.02202 0.71905 0.02433
1403715947.334058046 -0.36062 -1.67789 1.20777 0.69241 -0.02868 0.72056 0.02324
1403715947.434057951 -0.42689 -1.64805 1.20190 0.72479 -0.03469 0.68767 0.02421
1403715947.534058094 -0.52200 -1.61570 1.18436 0.76530 -0.04181 0.64205 0.01848
1403715947.634057999 -0.63521 -1.58349 1.15116 0.80298 -0.05067 0.59381 0.00681
1403715947.734057903 -0.75114 -1.55157 1.10728 0.83583 -0.05844 0.54586 -0.00373
1403715947.834058046 -0.85952 -1.52896 1.05721 0.85785 -0.05573 0.51087 -0.00152
1403715947.934057951 -0.95506 -1.51236 1.00073 0.87592 -0.04893 0.47996 0.00350
1403715948.034058094 -1.02412 -1.49934 0.94089 0.89173 -0.04221 0.45056 0.00593
1403715948.134057999 -1.05952 -1.48780 0.88444 0.90349 -0.03717 0.42695 0.00663
1403715948.234057903 -1.05191 -1.48338 0.83549 0.90698 -0.03267 0.41986 0.00601
1403715948.334058046 -0.99804 -1.48108 0.79918 0.89552 -0.03136 0.44389 0.00531
1403715948.434057951 -0.91193 -1.48171 0.77091 0.87028 -0.03110 0.49155 0.00516
1403715948.534058094 -0.81095 -1.48429 0.74595 0.84069 -0.02897 0.54064 0.01082
1403715948.634057999 -0.70585 -1.48749 0.72042 0.81197 -0.02838 0.58273 0.01817
1403715948.734057903 -0.60136 -1.49036 0.69348 0.78577 -0.02893 0.61731 0.02561
1403715948.834058046 -0.51306 -1.49226 0.66120 0.76669 -0.03008 0.64055 0.03110
1403715948.934057951 -0.44102 -1.49306 0.63095 0.75242 -0.03000 0.65735 0.02940
1403715949.034058094 -0.39119 -1.49024 0.60419 0.73890 -0.02450 0.67297 0.02327
1403715949.134057999 -0.36854 -1.48498 0.57983 0.73529 -0.01574 0.67745 0.01278
1403715949.234057903 -0.37351 -1.47679 0.55183 0.75581 -0.00294 0.65479 0.00060
1403715949.334058046 -0.39960 -1.46828 0.52497 0.78939 0.01239 0.61363 -0.01278
1403715949.434057951 -0.43778 -1.46164 0.50029 0.82587 0.02722 0.56274 -0.02280
1403715949.534058094 -0.47191 -1.45594 0.48010 0.85153 0.04250 0.52168 -0.03076
1403715949.634057999 -0.49292 -1.44775 0.46293 0.86648 0.06061 0.49396 -0.03921
1403715949.734057903 -0.49448 -1.43791 0.44952 0.87735 0.07985 0.47057 -0.04947
1403715949.834058046 -0.46868 -1.42418 0.44064 0.88197 0.10358 0.45647 -0.05517
1403715949.934057951 -0.41318 -1.40474 0.44085 0.87865 0.13135 0.45546 -0.05729
1403715950.034058094 -0.33591 -1.37737 0.44680 0.86811 0.16273 0.46564 -0.05556
1403715950.134057999 -0.23623 -1.33423 0.45499 0.84390 0.18914 0.49842 -0.06027
1403715950.234057903 -0.12396 -1.27677 0.46773 0.80983 0.19705 0.54702 -0.07828
1403715950.334058046 -0.01585 -1.21186 0.47980 0.77708 0.19076 0.59076 -0.10366
1403715950.434057951 0.08235 -1.14814 0.48997 0.74861 0.18229 0.62561 -0.12237
1403715950.534058094 0.16210 -1.08868 0.50086 0.72248 0.17503 0.65566 -0.13229
1403715950.634057999 0.21723 -1.03754 0.51435 0.70791 0.16967 0.67188 -0.13653
1403715950.734057903 0.24443 -0.99663 0.53210 0.69477 0.16502 0.68583 -0.14036
1403715950.834058046 0.23691 -0.96508 0.55269 0.68332 0.16197 0.69707 -0.14466
1403715950.934057951 0.19742 -0.94485 0.57189 0.68343 0.16216 0.69639 -0.14720
1403715951.034058094 0.12315 -0.93907 0.58465 0.71486 0.16592 0.66266 -0.14945
1403715951.134057999 0.02220 -0.94912 0.59695 0.75396 0.17495 0.61622 -0.14561
1403715951.234057903 -0.09451 -0.96666 0.60821 0.79217 0.19135 0.56317 -0.13672
1403715951.334058046 -0.20927 -0.98045 0.61873 0.82122 0.20730 0.51475 -0.13290
1403715951.434057951 -0.31395 -0.98693 0.63248 0.84001 0.22417 0.47619 -0.13184
1403715951.534058094 -0.39865 -0.98296 0.64610 0.85344 0.24033 0.44270 -0.13376
1403715951.634057999 -0.45961 -0.96578 0.66407 0.86049 0.25733 0.41772 -0.13727
1403715951.734057903 -0.49129 -0.93282 0.68575 0.86211 0.27491 0.40101 -0.14277
1403715951.834058046 -0.49255 -0.88146 0.71022 0.85857 0.29023 0.39459 -0.15140
1403715951.934057951 -0.45610 -0.81161 0.74214 0.83728 0.30266 0.42064 -0.17440
1403715952.034058094 -0.40004 -0.72305 0.77990 0.80100 0.30868 0.47000 -0.20547
1403715952.134057999 -0.33264 -0.62885 0.81786 0.75755 0.31045 0.52134 -0.24071
1403715952.234057903 -0.25648 -0.54492 0.84964 0.72155 0.31436 0.55468 -0.26994
1403715952.334058046 -0.19355 -0.47183 0.87816 0.69584 0.31773 0.57468 -0.29086
1403715952.434057951 -0.14022 -0.41727 0.90775 0.67495 0.31990 0.59002 -0.30656
1403715952.534058094 -0.09297 -0.38707 0.93219 0.65910 0.32593 0.59829 -0.31845
1403715952.634057999 -0.07139 -0.36770 0.96034 0.64250 0.33010 0.60669 -0.33189
1403715952.734057903 -0.05656 -0.38811 0.99050 0.62061 0.32808 0.62209 -0.34672
1403715952.834058046 -0.06074 -0.43432 1.02051 0.60185 0.32510 0.63591 -0.35736
1403715952.934057951 -0.08411 -0.51447 1.04156 0.61934 0.33859 0.61590 -0.34990
1403715953.034058094 -0.11866 -0.61688 1.05507 0.66089 0.36687 0.56681 -0.32765
1403715953.134057999 -0.16452 -0.73894 1.05438 0.70238 0.39563 0.50964 -0.30069
1403715953.234057903 -0.21408 -0.86377 1.04201 0.73517 0.41647 0.45863 -0.27522
1403715953.334058046 -0.25955 -0.97920 1.02010 0.75452 0.42954 0.42386 -0.25794
1403715953.434057951 -0.29691 -1.08246 0.98970 0.76724 0.44335 0.39298 -0.24567
1403715953.534058094 -0.32084 -1.16236 0.95730 0.77227 0.45957 0.36722 -0.23987
1403715953.634057999 -0.32801 -1.21243 0.93304 0.77079 0.47959 0.34573 -0.23737
1403715953.734057903 -0.31752 -1.22413 0.91702 0.76589 0.49852 0.32978 -0.23694
1403715953.834058046 -0.28316 -1.19524 0.91054 0.75479 0.51640 0.32801 -0.23671
1403715953.934057951 -0.24333 -1.11867 0.91307 0.73388 0.52937 0.35674 -0.23221
1403715954.034058094 -0.18346 -1.01670 0.91507 0.69031 0.54653 0.41153 -0.23543
1403715954.134057999 -0.13170 -0.89427 0.91056 0.65154 0.54379 0.46327 -0.25528
1403715954.234057903 -0.09157 -0.75842 0.90098 0.61986 0.52608 0.50699 -0.28630
1403715954.334058046 -0.06698 -0.62220 0.88720 0.60119 0.49972 0.53379 -0.32238
1403715954.434057951 -0.06070 -0.49881 0.86751 0.59152 0.46829 0.54586 -0.36448
1403715954.534058094 -0.07052 -0.39560 0.85530 0.57633 0.44169 0.56163 -0.39664
1403715954.634057999 -0.09226 -0.31963 0.85281 0.55914 0.42359 0.57776 -0.41729
1403715954.734057903 -0.12946 -0.28240 0.84416 0.55116 0.41586 0.58389 -0.42703
1403715954.834058046 -0.18057 -0.28671 0.83481 0.56106 0.42330 0.57380 -0.42045
1403715954.934057951 -0.24402 -0.31827 0.82544 0.58409 0.44008 0.55110 -0.40183
1403715955.034058094 -0.31821 -0.39117 0.81693 0.61385 0.46092 0.51982 -0.37488
1403715955.134057999 -0.39548 -0.47813 0.80961 0.64421 0.47693 0.48413 -0.35093
1403715955.234057903 -0.47398 -0.57163 0.80076 0.67644 0.48878 0.44162 -0.32939
1403715955.334058046 -0.55230 -0.65966 0.79539 0.69977 0.49885 0.40870 -0.30731
1403715955.434057951 -0.62422 -0.72943 0.79357 0.71711 0.50505 0.38280 -0.29008
1403715955.534058094 -0.68643 -0.77686 0.79237 0.73307 0.50835 0.35386 -0.28103
1403715955.634057999 -0.73273 -0.79833 0.79608 0.74227 0.51533 0.32635 -0.27744
1403715955.734057903 -0.76019 -0.78429 0.80673 0.73563 0.52951 0.31808 -0.27802
1403715955.834058046 -0.76872 -0.73219 0.83171 0.70508 0.53772 0.34752 -0.30486
1403715955.934057951 -0.76628 -0.65759 0.86178 0.66292 0.53940 0.38697 -0.34618
1403715956.034058094 -0.75952 -0.57265 0.89336 0.61274 0.54177 0.42612 -0.38659
1403715956.134057999 -0.75260 -0.49215 0.92238 0.56490 0.55013 0.45257 -0.41645
1403715956.234057903 -0.75001 -0.42604 0.94759 0.52532 0.56266 0.46309 -0.43932
1403715956.334058046 -0.75275 -0.38092 0.97257 0.49440 0.57615 0.45925 -0.46121
1403715956.434057951 -0.76602 -0.35700 0.99866 0.45960 0.57996 0.45640 -0.49408
1403715956.534058094 -0.77865 -0.35620 1.02397 -0.42449 -0.57818 -0.45351 0.52900
1403715956.634057999 -0.79125 -0.38957 1.05163 -0.40190 -0.57908 -0.44479 0.55255
1403715956.734057903 -0.80000 -0.45636 1.07601 -0.40100 -0.59192 -0.42575 0.55458
1403715956.834058046 -0.80419 -0.55405 1.10109 -0.41498 -0.61148 -0.39878 0.54300
1403715956.934057951 -0.80496 -0.67477 1.12497 -0.43532 -0.63479 -0.37087 0.51961
1403715957.034058094 -0.80157 -0.81042 1.14113 0.45809 0.66040 0.34305 -0.48616
1403715957.134057999 -0.79901 -0.94788 1.14605 0.47865 0.68048 0.31887 -0.45406
1403715957.234057903 -0.79857 -1.08220 1.13536 0.49835 0.69693 0.29343 -0.42407
1403715957.334058046 -0.80121 -1.20564 1.11054 0.51860 0.71135 0.26487 -0.39355
1403715957.434057951 -0.80931 -1.30848 1.07847 0.53381 0.72437 0.24176 -0.36316
1403715957.534058094 -0.82533 -1.38017 1.04147 0.54512 0.73366 0.22404 -0.33822
1403715957.634057999 -0.85145 -1.41241 1.00238 0.55034 0.74120 0.21357 -0.31958
1403715957.734057903 -0.89001 -1.39992 0.96625 0.54585 0.74368 0.21895 -0.31789
1403715957.834058046 -0.94272 -1.33851 0.93816 0.53158 0.73121 0.24456 -0.35064
1403715957.934057951 -1.00810 -1.24491 0.92011 0.50553 0.70895 0.28049 -0.40393
1403715958.034058094 -1.07927 -1.13925 0.90291 0.47227 0.68604 0.31203 -0.45711
1403715958.134057999 -1.15539 -1.03222 0.87687 -0.43619 -0.66478 -0.33583 0.50501
1403715958.234057903 -1.22954 -0.93544 0.85165 -0.40300 -0.64681 -0.34938 0.54513
1403715958.334058046 -1.29508 -0.85585 0.82564 -0.37389 -0.63655 -0.35466 0.57378
1403715958.434057951 -1.35079 -0.80108 0.79862 -0.34706 -0.62537 -0.35539 0.60180
1403715958.534058094 -1.39288 -0.77967 0.77292 -0.32376 -0.61600 -0.34999 0.62708
1403715958.634057999 -1.41633 -0.79477 0.74337 -0.31296 -0.62229 -0.33048 0.63687
1403715958.734057903 -1.42063 -0.84125 0.71359 -0.31143 -0.64031 -0.29836 0.63561
1403715958.834058046 -1.40011 -0.92120 0.68236 -0.31769 -0.66943 -0.25377 0.62173
1403715958.934057951 -1.36215 -1.01417 0.65052 -0.32683 -0.70080 -0.20376 0.60046
1403715959.034058094 -1.30417 -1.11286 0.62066 -0.32824 -0.73390 -0.16369 0.57172
1403715959.134057999 -1.23431 -1.20650 0.59141 -0.31604 -0.76645 -0.14266 0.54066
1403715959.234057903 -1.16330 -1.28530 0.56390 -0.29106 -0.79656 -0.13912 0.51130
1403715959.334058046 -1.09518 -1.35414 0.53581 0.26984 0.82544 0.13114 -0.47817
1403715959.434057951 -1.04346 -1.40941 0.50724 0.26002 0.85057 0.11913 -0.44128
1403715959.534058094 -1.01104 -1.44583 0.48170 0.25269 0.86823 0.10787 -0.41314
1403715959.634057999 -1.01203 -1.45875 0.47174 0.23786 0.87797 0.10383 -0.40227
1403715959.734057903 -1.06696 -1.44984 0.48690 0.22595 0.86992 0.10800 -0.42488
1403715959.834058046 -1.15078 -1.41677 0.52013 0.20755 0.84413 0.11294 -0.48125
1403715959.934057951 -1.24835 -1.37605 0.55442 -0.18604 -0.80836 -0.12131 0.54518
1403715960.034058094 -1.34733 -1.33673 0.58386 -0.16772 -0.76927 -0.12994 0.60267
1403715960.134057999 -1.43013 -1.30577 0.60740 -0.15436 -0.73729 -0.13532 0.64363
1403715960.234057903 -1.49317 -1.28509 0.62640 -0.14343 -0.71322 -0.14250 0.67115
1403715960.334058046 -1.52538 -1.27895 0.64623 -0.13617 -0.69566 -0.14865 0.68950
1403715960.434057951 -1.52742 -1.28820 0.66703 -0.13135 -0.67980 -0.15246 0.70525
1403715960.534058094 -1.49655 -1.31861 0.68667 -0.13250 -0.68400 -0.15322 0.70079
1403715960.634057999 -1.42904 -1.36362 0.70238 -0.14111 -0.71858 -0.14913 0.66445
