1403715895034057984 -0.00161 0.00628 0.00660 -0.03265 0.80978 0.03426 0.58483
1403715895134057984 -0.00890 0.02670 0.02409 -0.03121 0.80825 0.03264 0.58711
1403715895234057984 -0.01719 0.06392 0.04932 -0.02711 0.80919 0.02666 0.58632
1403715895334057984 -0.01063 0.07133 0.04973 -0.02462 0.81075 0.02351 0.58440
1403715895434057984 -0.00596 0.07935 0.05164 -0.02094 0.81163 0.02075 0.58343
1403715895534057984 -0.00278 0.08168 0.05427 -0.01813 0.81323 0.01855 0.58137
1403715895634057984 -0.00114 0.08942 0.05751 -0.01371 0.81423 0.01569 0.58016
1403715895734057984 0.00023 0.09729 0.05924 -0.00969 0.81526 0.01250 0.57888
1403715895834057984 0.00191 0.10439 0.06136 -0.00606 0.81602 0.00987 0.57791
1403715895934057984 0.00300 0.11166 0.06468 -0.00281 0.81636 0.00760 0.57748
1403715896034057984 0.00353 0.11943 0.06776 -0.00238 0.81738 0.00358 0.57608
1403715896134057984 0.00491 0.12651 0.06956 -0.00623 0.81857 -0.00212 0.57437
1403715896234057984 0.00588 0.13265 0.06979 -0.01473 0.81803 -0.01136 0.57487
1403715896334057984 0.00763 0.13740 0.07086 -0.02811 0.81519 -0.02432 0.57800
1403715896434057984 0.00871 0.13982 0.07265 -0.03784 0.81340 -0.03506 0.57941
1403715896534057984 0.00972 0.13922 0.07514 -0.04415 0.81100 -0.04302 0.58179
1403715896634057984 0.01086 0.13822 0.07870 -0.04526 0.80803 -0.04939 0.58532
1403715896734057984 0.00995 0.13446 0.08394 -0.04391 0.80689 -0.05356 0.58663
1403715896834057984 0.00710 0.12608 0.08841 -0.04450 0.81054 -0.05798 0.58111
1403715896934057984 0.00574 0.11046 0.09188 -0.04829 0.81491 -0.06425 0.57399
1403715897034057984 0.00592 0.09886 0.09615 -0.05631 0.81816 -0.07414 0.56740
1403715897134057984 0.00896 0.10926 0.10250 -0.05355 0.82027 -0.08237 0.56348
1403715897234057984 0.01081 0.08135 0.10982 -0.04273 0.82314 -0.07849 0.56076
1403715897334057984 0.00952 0.06689 0.12106 -0.01252 0.82763 -0.06218 0.55768
1403715897434057984 0.01119 0.04183 0.13417 0.01805 0.83189 -0.04138 0.55310
1403715897534057984 0.00688 0.01812 0.14780 0.03339 0.83252 -0.02812 0.55227
1403715897634057984 0.00179 -0.00781 0.15734 0.02857 0.83203 -0.02625 0.55337
1403715897734057984 -0.00204 -0.03890 0.16390 0.01349 0.83074 -0.02927 0.55572
1403715897834057984 -0.00330 -0.07666 0.16987 0.00201 0.82826 -0.03195 0.55943
1403715897934057984 -0.00253 -0.12503 0.17452 -0.00377 0.82427 -0.02636 0.56557
1403715898034057984 -0.00053 -0.17615 0.17961 -0.00257 0.81979 -0.01795 0.57238
1403715898134057984 -0.00155 -0.22699 0.18713 0.00459 0.81164 -0.01115 0.58403
1403715898234057984 -0.00633 -0.27604 0.19464 0.01379 0.80559 -0.01104 0.59221
1403715898334057984 -0.01483 -0.32129 0.19760 0.02574 0.80584 -0.01661 0.59134
1403715898434057984 -0.02581 -0.36553 0.19689 0.03753 0.81135 -0.02732 0.58272
1403715898534057984 -0.03546 -0.41061 0.19565 0.04837 0.81869 -0.04193 0.57065
1403715898634057984 -0.03922 -0.45566 0.19293 0.06027 0.82337 -0.05735 0.56138
1403715898734057984 -0.03666 -0.50437 0.18792 0.07192 0.82071 -0.07347 0.56201
1403715898834057984 -0.03205 -0.55670 0.17417 0.08109 0.82061 -0.08643 0.55907
1403715898934057984 -0.02315 -0.61282 0.15261 0.08569 0.82087 -0.09557 0.55650
1403715899034057984 -0.02007 -0.68309 0.13446 0.08630 0.81968 -0.09953 0.55747
1403715899134057984 -0.01067 -0.74943 0.11144 0.08430 0.82156 -0.10208 0.55454
1403715899234057984 0.00229 -0.81265 0.09600 0.08609 0.82634 -0.09980 0.54753
1403715899334057984 0.01861 -0.87351 0.09453 0.08779 0.83143 -0.09518 0.54033
1403715899434057984 0.02617 -0.93795 0.10638 0.09044 0.83322 -0.08733 0.53847
1403715899534057984 0.03570 -1.00053 0.12127 0.08668 0.82881 -0.08262 0.54656
1403715899634057984 0.05342 -1.06395 0.13138 0.07927 0.82387 -0.07934 0.55557
1403715899734057984 0.08307 -1.12713 0.13037 0.07555 0.81844 -0.07102 0.56515
1403715899834057984 0.11327 -1.18198 0.12693 0.07766 0.80974 -0.05803 0.57872
1403715899934057984 0.14429 -1.22710 0.12406 0.08416 0.80008 -0.04198 0.59248
1403715900034057984 0.17686 -1.26555 0.12309 0.09074 0.79304 -0.02755 0.60174
1403715900134057984 0.21047 -1.29590 0.12256 0.09241 0.78870 -0.01776 0.60754
1403715900234057984 0.24663 -1.31961 0.12335 0.09384 0.78539 -0.01054 0.61175
1403715900334057984 0.28980 -1.34200 0.12682 0.09358 0.78413 -0.00666 0.61347
1403715900434057984 0.33602 -1.35606 0.13314 0.09103 0.78379 -0.00629 0.61429
1403715900534057984 0.38707 -1.36352 0.14251 0.06922 0.78070 -0.01782 0.62080
1403715900634057984 0.43802 -1.36513 0.15424 0.04931 0.77129 -0.02773 0.63396
1403715900734057984 0.48424 -1.36665 0.16309 0.02840 0.75751 -0.03790 0.65110
1403715900834057984 0.52750 -1.37091 0.16734 0.02452 0.74175 -0.03819 0.66914
1403715900934057984 0.56433 -1.37163 0.16966 0.02964 0.73144 -0.03583 0.68031
1403715901034057984 0.59009 -1.36767 0.17543 0.03306 0.72164 -0.03441 0.69062
1403715901134057984 0.60908 -1.35700 0.18455 0.03495 0.71316 -0.03324 0.69934
1403715901234057984 0.61934 -1.33921 0.19683 0.03601 0.70649 -0.03405 0.70598
1403715901334057984 0.61259 -1.31594 0.21245 0.03381 0.70698 -0.03645 0.70548
1403715901434057984 0.59994 -1.28204 0.22811 0.02986 0.71919 -0.04039 0.69300
1403715901534057984 0.54503 -1.25888 0.24615 0.02974 0.73413 -0.04285 0.67700
1403715901634057984 0.52626 -1.21037 0.26276 0.03627 0.74133 -0.04262 0.66881
1403715901734057984 0.51615 -1.15120 0.27636 0.04173 0.74765 -0.04543 0.66122
1403715901834057984 0.50814 -1.09270 0.28617 0.04884 0.75744 -0.05074 0.64910
1403715901934057984 0.43135 -1.05701 0.29788 0.05233 0.76340 -0.05258 0.64165
1403715902034057984 0.44255 -0.98689 0.30155 0.05944 0.76668 -0.05947 0.63650
1403715902134057984 0.44307 -0.92671 0.30279 0.06941 0.76687 -0.06233 0.63499
1403715902234057984 0.38092 -0.87711 0.30607 0.08106 0.76850 -0.06068 0.63179
1403715902334057984 0.35325 -0.82203 0.30116 0.08804 0.77523 -0.05771 0.62284
1403715902434057984 0.29022 -0.76723 0.30002 0.09239 0.78040 -0.05810 0.61568
1403715902534057984 0.23631 -0.70270 0.29670 0.08313 0.78611 -0.06389 0.60914
1403715902634057984 0.16751 -0.63477 0.29522 0.07167 0.79173 -0.06619 0.60303
1403715902734057984 0.10428 -0.56976 0.29034 0.06022 0.79894 -0.06240 0.59512
1403715902834057984 0.03969 -0.50565 0.27488 0.04896 0.80638 -0.05098 0.58716
1403715902934057984 -0.01191 -0.44877 0.25059 0.03856 0.81275 -0.03341 0.58038
1403715903034057984 -0.05305 -0.39261 0.22645 0.03147 0.81438 -0.01018 0.57939
1403715903134057984 -0.09214 -0.33542 0.20380 0.02561 0.81382 0.01663 0.58031
1403715903234057984 -0.12933 -0.27190 0.18524 0.01958 0.81327 0.03832 0.58030
1403715903334057984 -0.15648 -0.20739 0.16626 0.00855 0.81743 0.05019 0.57377
1403715903434057984 -0.18004 -0.13479 0.15033 -0.00451 0.82233 0.06057 0.56576
1403715903534057984 -0.19596 -0.05424 0.14730 -0.01805 0.82401 0.07545 0.56124
1403715903634057984 -0.20481 0.03546 0.15804 -0.03245 0.82250 0.09562 0.55974
1403715903734057984 -0.20689 0.13380 0.18430 -0.04783 0.81660 0.11956 0.56266
1403715903834057984 -0.19363 0.23374 0.22710 -0.07299 0.80726 0.14130 0.56837
1403715903934057984 -0.16536 0.33084 0.28150 -0.09980 0.79532 0.16807 0.57382
1403715904034057984 -0.12811 0.42969 0.33556 -0.12549 0.78255 0.19918 0.57636
1403715904134057984 -0.08364 0.52722 0.38703 -0.15203 0.77098 0.23112 0.57364
1403715904234057984 -0.04441 0.61199 0.44077 -0.17353 0.75984 0.26935 0.56567
1403715904334057984 -0.00438 0.69334 0.49346 -0.18868 0.74362 0.31056 0.56123
1403715904434057984 0.03403 0.76752 0.53902 -0.20689 0.72576 0.34659 0.55709
1403715904534057984 0.06815 0.84701 0.57185 -0.22139 0.70817 0.37914 0.55293
1403715904634057984 0.09592 0.92070 0.59139 -0.23545 0.68785 0.41074 0.55019
1403715904734057984 0.11690 1.00139 0.59945 -0.25903 0.66980 0.43714 0.54146
1403715904834057984 0.12770 1.07832 0.59383 -0.29232 0.65661 0.46063 0.52080
1403715904934057984 0.12970 1.15374 0.57616 -0.32605 0.63680 0.48652 0.50148
1403715905034057984 0.12465 1.21951 0.54382 -0.35843 0.61019 0.51423 0.48452
1403715905134057984 0.11624 1.27554 0.49692 -0.38872 0.57893 0.54003 0.47128
1403715905234057984 0.10365 1.32967 0.44351 -0.41067 0.54766 0.56430 0.46150
1403715905334057984 0.08063 1.35583 0.38570 -0.41925 0.52549 0.59381 0.44214
1403715905434057984 0.04867 1.36179 0.32804 -0.42669 0.50506 0.62168 0.41995
1403715905534057984 0.00469 1.32551 0.27905 -0.43688 0.48335 0.64762 0.39510
1403715905634057984 -0.04256 1.28619 0.23767 -0.45497 0.46538 0.66740 0.36193
1403715905734057984 -0.08394 1.24508 0.20485 -0.47656 0.44751 0.68424 0.32316
1403715905834057984 -0.11844 1.21558 0.17890 -0.49387 0.42312 0.70330 0.28710
1403715905934057984 -0.15187 1.19697 0.14805 -0.49870 0.39585 0.72869 0.25223
1403715906034057984 -0.17847 1.17205 0.11971 0.50033 -0.35766 -0.75757 -0.21873
1403715906134057984 -0.21250 1.16004 0.09324 0.50728 -0.31186 -0.77867 -0.19771
1403715906234057984 -0.25289 1.15298 0.06742 0.52134 -0.25775 -0.79175 -0.18681
1403715906334057984 -0.29554 1.13915 0.04180 0.53197 -0.20870 -0.80341 -0.16729
1403715906434057984 -0.35180 1.12333 0.01190 0.54024 -0.16345 -0.81273 -0.14455
1403715906534057984 -0.40889 1.10258 -0.01151 0.55242 -0.12093 -0.81602 -0.11964
1403715906634057984 -0.47009 1.07888 -0.02632 0.56301 -0.08587 -0.81746 -0.08605
1403715906784058112 -0.56092 1.04037 -0.02607 0.57357 -0.03761 -0.81780 -0.02852
1403715906884058112 -0.62067 1.00936 -0.02134 0.57749 -0.00147 -0.81636 0.00733
1403715907084058112 -0.74431 0.95116 -0.04143 0.58107 0.08486 -0.80714 0.06068
1403715907184057856 -0.81127 0.91623 -0.06613 0.57833 0.13595 -0.80039 0.08017
1403715907334057984 -0.87957 0.84672 -0.06742 0.56897 0.20788 -0.78606 0.12316
1403715907434057984 -0.92412 0.79375 -0.05029 0.56355 0.25455 -0.77147 0.14985
1403715907534057984 -0.95655 0.73112 -0.02661 0.55627 0.29704 -0.75650 0.17330
1403715907634057984 -0.97013 0.67473 0.00177 0.54734 0.33241 -0.74195 0.19857
1403715907784058112 -0.97298 0.59041 0.04083 0.53757 0.37258 -0.71662 0.24222
1403715907884058112 -0.94828 0.54586 0.06634 0.52978 0.39713 -0.69838 0.27182
1403715908084058112 -0.91226 0.44535 0.10334 0.50172 0.44548 -0.66294 0.33217
1403715908184057856 -0.89739 0.39049 0.10864 -0.48592 -0.47389 0.64101 -0.35835
1403715908334057984 -0.84327 0.34325 0.12659 -0.45609 -0.52038 0.60473 -0.39432
1403715908434057984 -0.80398 0.34615 0.13674 -0.43383 -0.55142 0.57789 -0.41687
1403715908534057984 -0.76460 0.35551 0.14772 0.41136 0.58231 -0.54686 0.43891
1403715908634057984 -0.72663 0.36048 0.15749 0.38998 0.61240 -0.51234 0.45868
1403715908734057984 -0.69498 0.37981 0.16444 0.37003 0.63852 -0.47507 0.47924
1403715908884058112 -0.64546 0.40478 0.17215 0.33368 0.67105 -0.42518 0.50752
1403715908984057856 -0.60932 0.42658 0.17354 0.30641 0.69653 -0.39395 0.51552
1403715909134057984 -0.56405 0.47317 0.17022 0.27357 0.73137 -0.34384 0.52156
1403715909234057984 -0.52851 0.51026 0.16468 0.25081 0.74906 -0.31380 0.52682
1403715909534057984 -0.41624 0.64213 0.13219 0.19790 0.78391 -0.22012 0.54577
1403715909634057984 -0.37093 0.69793 0.11089 0.18066 0.79388 -0.18367 0.55081
1403715909734057984 -0.32010 0.76763 0.08787 0.15389 0.80088 -0.14805 0.55946
1403715909834057984 -0.26762 0.85094 0.06231 0.12075 0.80626 -0.10966 0.56863
1403715909934057984 -0.21579 0.94078 0.03713 0.07855 0.80533 -0.06952 0.58348
1403715910034057984 -0.16161 1.04376 0.01163 0.03591 0.80139 -0.02400 0.59658
1403715910134057984 -0.11816 1.16160 -0.01806 -0.00397 0.79958 0.02662 0.59996
1403715910284058112 -0.06250 1.34272 -0.06398 -0.05639 0.79739 0.09890 0.59263
1403715910384058112 -0.03749 1.46433 -0.09350 -0.08684 0.78989 0.14053 0.59057
1403715910484057856 -0.01792 1.58653 -0.12539 -0.11441 0.77660 0.17711 0.59366
1403715910584058112 -0.01749 1.69348 -0.15360 -0.14101 0.76297 0.21138 0.59440
1403715910734057984 -0.03711 1.84426 -0.19249 -0.17859 0.74950 0.25654 0.58356
1403715910834057984 -0.07388 1.92735 -0.21071 -0.20272 0.73869 0.28543 0.57599
1403715911134057984 -0.22370 2.12926 -0.24764 -0.27814 0.69975 0.36333 0.54862
1403715911234057984 -0.31818 2.09828 -0.23924 -0.30580 0.68046 0.38990 0.53986
1403715911334057984 -0.40511 2.06768 -0.23469 -0.32942 0.66407 0.41838 0.52483
1403715911434057984 -0.48550 2.09052 -0.23884 -0.34954 0.65069 0.44473 0.50660
1403715911534057984 -0.58004 2.10176 -0.24511 -0.36604 0.64073 0.47018 0.48416
1403715911634057984 -0.65650 2.09249 -0.24783 -0.37539 0.63052 0.49823 0.46183
1403715911734057984 -0.74592 2.08119 -0.25272 -0.38048 0.61450 0.52744 0.44657
1403715911884058112 -0.86802 2.06899 -0.24045 -0.39285 0.58666 0.56278 0.42986
1403715911984057856 -0.96523 2.05772 -0.21672 -0.40474 0.57031 0.57958 0.41836
1403715912134057984 -1.09178 2.03457 -0.16205 -0.42373 0.55243 0.59687 0.39877
1403715912234057984 -1.17252 2.01681 -0.12191 -0.43534 0.54175 0.60662 0.38600
1403715912384058112 -1.30307 1.99423 -0.07261 -0.45028 0.52334 0.62139 0.37046
1403715912484057856 -1.38875 1.98352 -0.04605 -0.45831 0.51020 0.63310 0.35893
1403715912734057984 -1.58316 1.93583 0.02600 -0.48475 0.46331 0.66868 0.32128
1403715912834057984 -1.65786 1.91845 0.04873 -0.49742 0.43647 0.68630 0.30176
1403715912934057984 -1.71830 1.90103 0.05933 0.51070 -0.40424 -0.70560 -0.27909
1403715913034057984 -1.77336 1.87907 0.05379 0.52418 -0.37103 -0.72306 -0.25447
1403715913134057984 -1.82862 1.85373 0.04033 0.53556 -0.33633 -0.73917 -0.23169
1403715913234057984 -1.89481 1.81975 0.02638 0.54973 -0.30137 -0.74996 -0.21104
1403715913334057984 -1.96956 1.78290 0.01471 0.56172 -0.26391 -0.75804 -0.20049
1403715913434057984 -2.03890 1.74402 0.00320 0.56898 -0.23106 -0.76389 -0.19835
1403715913534057984 -2.10642 1.70029 -0.00907 0.57570 -0.20644 -0.76488 -0.20227
1403715913634057984 -2.16554 1.64848 -0.02102 0.57718 -0.18313 -0.76570 -0.21687
1403715913734057984 -2.23023 1.57726 -0.03355 0.57652 -0.17220 -0.76648 -0.22467
1403715913884058112 -2.31228 1.44339 -0.04700 0.56631 -0.18031 -0.77528 -0.21381
1403715913984057856 -2.36553 1.33764 -0.04998 0.56028 -0.18946 -0.77982 -0.20513
1403715914084058112 -2.42139 1.22057 -0.05045 0.55565 -0.19465 -0.78191 -0.20489
1403715914184057856 -2.48266 1.09390 -0.04750 0.55352 -0.20198 -0.78143 -0.20539
1403715914484057856 -2.65821 0.67857 -0.04178 0.51551 -0.27260 -0.79114 -0.18450
1403715914584058112 -2.72491 0.54566 -0.03289 0.50332 -0.29414 -0.79052 -0.18766
1403715914684057856 -2.78208 0.40916 -0.02470 -0.49418 0.32293 0.78596 0.18374
1403715914834057984 -2.88288 0.24082 -0.01279 -0.48518 0.37709 0.77204 0.16233
1403715914934057984 -2.95205 0.15023 -0.00374 -0.48144 0.40457 0.76305 0.14930
1403715915034057984 -3.02010 0.07343 0.00557 -0.48070 0.42055 0.75586 0.14402
1403715915134057984 -3.08576 0.03468 0.01704 -0.48154 0.42826 0.75137 0.14199
1403715915334057984 -3.21429 0.06556 0.03964 -0.49835 0.40507 0.74473 0.18148
1403715915434057984 -3.26764 0.11399 0.04320 0.50325 -0.38276 -0.74624 -0.20821
1403715915534057984 -3.32367 0.16326 0.02984 0.50760 -0.36879 -0.74618 -0.22258
1403715915634057984 -3.38165 0.21660 0.00226 0.50957 -0.35649 -0.74740 -0.23376
1403715915734057984 -3.44674 0.27079 -0.03086 0.50823 -0.34884 -0.75048 -0.23830
1403715915934057984 -3.58263 0.38097 -0.10061 -0.49875 0.35263 0.76003 0.22194
1403715916034057984 -3.65017 0.43925 -0.13402 0.50342 -0.35101 -0.75838 -0.21960
1403715916134057984 -3.73823 0.50784 -0.16154 0.50799 -0.35176 -0.75381 -0.22356
1403715916234057984 -3.80560 0.57388 -0.19633 0.51177 -0.35980 -0.74439 -0.23348
1403715916384058112 -3.93112 0.68897 -0.23765 0.50929 -0.38439 -0.72666 -0.25461
1403715916484057856 -4.01860 0.77295 -0.26514 0.50501 -0.40830 -0.71220 -0.26651
1403715916834057984 -4.26892 1.06153 -0.36870 -0.48390 0.50039 0.65497 0.29406
1403715916934057984 -4.33776 1.16060 -0.39119 -0.48755 0.51965 0.63711 0.29384
1403715917034057984 -4.38351 1.25926 -0.40413 -0.49130 0.53196 0.62288 0.29609
1403715917134057984 -4.42366 1.36965 -0.40895 -0.49609 0.52950 0.60991 0.31866
1403715917234057984 -4.44478 1.47472 -0.41539 -0.49127 0.51528 0.60206 0.36148
1403715917334057984 -4.45793 1.57345 -0.41719 -0.48186 0.51146 0.59384 0.39190
1403715917434057984 -4.45995 1.65432 -0.41430 -0.47479 0.51480 0.58763 0.40528
1403715917534057984 -4.46328 1.72135 -0.41677 -0.46728 0.52928 0.58691 0.39630
1403715917634057984 -4.46494 1.78068 -0.42559 -0.46522 0.54403 0.58502 0.38125
1403715917884058112 -4.43058 1.89715 -0.45758 -0.48839 0.53860 0.56782 0.38596
1403715917984057856 -4.40632 1.92517 -0.47498 -0.49021 0.52998 0.56853 0.39445
1403715918084058112 -4.36808 1.92236 -0.49057 -0.48182 0.52378 0.57338 0.40586
1403715918184057856 -4.32471 1.90876 -0.50068 -0.46721 0.52461 0.57632 0.41756
1403715918284058112 -4.28066 1.87827 -0.50528 -0.46335 0.53461 0.56624 0.42293
1403715918434057984 -4.21929 1.82087 -0.54315 -0.45617 0.57168 0.54914 0.40438
1403715918534057984 -4.17510 1.76712 -0.58327 -0.44606 0.59613 0.53893 0.39398
1403715918634057984 -4.12822 1.71254 -0.63199 -0.43631 0.61247 0.52977 0.39225
1403715918734057984 -4.07689 1.65462 -0.67205 -0.42054 0.61914 0.52926 0.39962
1403715918834057984 -4.01765 1.60348 -0.69814 -0.39920 0.61935 0.53764 0.40987
1403715918934057984 -3.95597 1.54909 -0.70944 -0.37547 0.62357 0.54920 0.41056
1403715919034057984 -3.89518 1.50179 -0.70940 -0.35886 0.62973 0.55841 0.40353
1403715919134057984 -3.83439 1.46235 -0.69418 -0.34498 0.62836 0.56789 0.40455
1403715919284058112 -3.75422 1.43080 -0.66642 -0.33305 0.60703 0.57993 0.42927
1403715919384058112 -3.72139 1.42491 -0.64820 -0.33520 0.59457 0.58075 0.44368
1403715919484057856 -3.69344 1.42518 -0.64572 -0.35043 0.59725 0.57129 0.44060
1403715919584058112 -3.66908 1.42725 -0.65618 -0.36355 0.60048 0.56224 0.43720
1403715919684057856 -3.66309 1.44151 -0.68204 -0.36936 0.60268 0.55724 0.43570
1403715919784058112 -3.65719 1.46147 -0.71879 -0.36645 0.60147 0.55739 0.43963
1403715919984057856 -3.67693 1.50595 -0.80497 -0.36016 0.60373 0.56172 0.43620
1403715920084058112 -3.69598 1.53607 -0.83707 -0.35767 0.60821 0.56444 0.42844
1403715920184057856 -3.71475 1.57503 -0.84915 -0.35752 0.61239 0.56532 0.42139
1403715920284058112 -3.74187 1.61688 -0.84658 -0.36591 0.61348 0.56270 0.41607
1403715920384058112 -3.77124 1.66444 -0.83121 -0.37925 0.60967 0.55960 0.41391
1403715920484057856 -3.80217 1.71510 -0.81028 -0.39391 0.60464 0.55445 0.41451
1403715920584058112 -3.83118 1.76269 -0.78788 -0.40791 0.59857 0.54860 0.41758
1403715920734057984 -3.87096 1.82688 -0.75425 -0.42558 0.58821 0.54230 0.42285
1403715920834057984 -3.89665 1.86839 -0.72079 -0.43422 0.57966 0.54509 0.42228
1403715920934057984 -3.92210 1.90378 -0.67858 -0.43983 0.57433 0.55392 0.41216
1403715921034057984 -3.94535 1.93638 -0.62503 -0.44163 0.57260 0.56851 0.39229
1403715921234057984 -3.96250 1.97245 -0.51677 -0.44158 0.55923 0.59536 0.37123
1403715921334057984 -3.96408 1.99020 -0.46501 -0.43844 0.55103 0.60580 0.37033
1403715921484057856 -3.96690 2.01730 -0.38474 -0.43036 0.54250 0.61851 0.37139
1403715921584058112 -3.97204 2.03703 -0.32549 -0.42899 0.53987 0.62139 0.37199
1403715921834057984 -3.98625 2.09396 -0.13902 -0.43530 0.54415 0.61584 0.36763
1403715921934057984 -3.99499 2.11613 -0.07471 -0.43946 0.54686 0.61129 0.36625
1403715922034057984 -4.00239 2.14382 -0.02202 -0.43963 0.54845 0.60873 0.36793
1403715922134057984 -4.00930 2.17328 0.03523 -0.44213 0.54758 0.60481 0.37267
1403715922234057984 -4.01483 2.20280 0.10710 -0.44772 0.54564 0.59900 0.37819
1403715922334057984 -4.01797 2.23115 0.18873 -0.45110 0.54260 0.59541 0.38416
1403715922434057984 -4.02121 2.25866 0.27625 -0.44775 0.53876 0.59757 0.39008
1403715922534057984 -4.01977 2.27353 0.35726 -0.44856 0.53816 0.59771 0.38978
1403715922634057984 -4.01866 2.28848 0.43258 -0.45407 0.53866 0.59465 0.38737
1403715922734057984 -4.01615 2.30183 0.49722 -0.45491 0.53837 0.59448 0.38706
1403715922834057984 -4.01399 2.31280 0.55070 -0.45059 0.53588 0.59840 0.38952
1403715923034057984 -4.00850 2.31480 0.61530 -0.44355 0.53224 0.60417 0.39365
1403715923134057984 -4.01102 2.30927 0.64398 -0.44014 0.53267 0.60650 0.39331
1403715923284058112 -4.01698 2.29130 0.70169 -0.43249 0.53772 0.61228 0.38591
1403715923384058112 -4.02500 2.27632 0.75377 -0.43520 0.54426 0.61085 0.37583
1403715923584058112 -4.03814 2.24959 0.83099 -0.45121 0.55662 0.59981 0.35612
1403715923684057856 -4.03876 2.23660 0.84178 -0.45863 0.55964 0.59451 0.35074
1403715923784058112 -4.03424 2.22442 0.82663 -0.46490 0.55990 0.59022 0.34931
1403715923884058112 -4.02313 2.21426 0.79519 -0.47039 0.55469 0.58663 0.35625
1403715923984057856 -4.00434 2.20630 0.74886 -0.47604 0.54715 0.58310 0.36607
1403715924084058112 -3.97805 2.19402 0.69507 -0.47568 0.54023 0.58352 0.37602
1403715924184057856 -3.94586 2.17507 0.63494 -0.47151 0.53538 0.58719 0.38243
1403715924284058112 -3.90899 2.14749 0.57468 -0.46501 0.53457 0.59211 0.38393
1403715924384058112 -3.86721 2.11581 0.51798 -0.45663 0.53556 0.59828 0.38305
1403715924484057856 -3.82459 2.07963 0.46171 -0.44842 0.54062 0.60405 0.37652
1403715924584058112 -3.78078 2.04239 0.40693 -0.44083 0.54621 0.60849 0.37023
1403715924684057856 -3.73633 2.00598 0.35347 -0.44125 0.55608 0.60402 0.36226
1403715924784058112 -3.69009 1.97232 0.30462 -0.44208 0.56789 0.59203 0.36272
1403715925034057984 -3.53185 1.89250 0.18141 -0.43109 0.59700 0.54568 0.39999
1403715925134057984 -3.44929 1.85330 0.14188 -0.42171 0.60341 0.52365 0.42878
1403715925234057984 -3.36603 1.80725 0.11642 -0.40976 0.61579 0.50221 0.44799
1403715925334057984 -3.28151 1.75477 0.10326 -0.39590 0.63579 0.48114 0.45556
1403715925434057984 -3.19441 1.69306 0.09593 -0.38041 0.66014 0.45989 0.45607
1403715925534057984 -3.10893 1.62661 0.09162 -0.36257 0.68409 0.43959 0.45533
1403715925634057984 -3.00793 1.55076 0.08935 -0.34523 0.70252 0.41845 0.46062
1403715925734057984 -2.91243 1.48025 0.08234 -0.32885 0.71665 0.39465 0.47173
1403715925834057984 -2.80568 1.40590 0.07795 -0.31239 0.72963 0.36980 0.48301
1403715925934057984 -2.69062 1.32892 0.07237 -0.29370 0.73975 0.34519 0.49734
1403715926034057984 -2.55221 1.24323 0.06186 -0.27545 0.74795 0.31852 0.51307
1403715926134057984 -2.43169 1.15010 0.05228 -0.26193 0.75408 0.28467 0.53077
1403715926234057984 -2.31316 1.04892 0.02591 -0.24592 0.76022 0.24949 0.54712
1403715926334057984 -2.19292 0.93684 -0.01447 -0.22559 0.76569 0.21619 0.56222
1403715926434057984 -2.08884 0.81853 -0.06140 -0.19892 0.76810 0.18616 0.57948
1403715926584058112 -1.94113 0.62964 -0.13376 -0.15567 0.77167 0.14595 0.59916
1403715926684057856 -1.86975 0.49878 -0.18596 -0.12709 0.78369 0.11977 0.59610
1403715926884058112 -1.73951 0.22907 -0.27677 -0.06644 0.80704 0.07975 0.58131
1403715926984057856 -1.70176 0.09934 -0.30618 -0.04293 0.81416 0.06066 0.57586
1403715927084058112 -1.65745 -0.02831 -0.32421 -0.02510 0.81400 0.04182 0.57882
1403715927184057856 -1.61022 -0.15212 -0.33734 -0.00113 0.80913 0.02844 0.58694
1403715927284058112 -1.56683 -0.26947 -0.34905 0.02915 0.80246 0.02009 0.59566
1403715927384058112 -1.53381 -0.36676 -0.35201 0.05489 0.79262 0.00958 0.60716
1403715927484057856 -1.50303 -0.45965 -0.35487 0.06764 0.78021 -0.00948 0.62178
1403715927584058112 -1.48507 -0.54324 -0.35877 0.06796 0.76838 -0.03955 0.63515
1403715927684057856 -1.50258 -0.59903 -0.35934 0.07391 0.75839 -0.07323 0.64344
1403715927834057984 -1.53908 -0.69127 -0.36846 0.10943 0.75406 -0.11648 0.63706
1403715927934057984 -1.58280 -0.74245 -0.37994 0.14201 0.75385 -0.14523 0.62486
1403715928034057984 -1.65139 -0.76537 -0.39575 0.17351 0.75301 -0.17857 0.60908
1403715928134057984 -1.73071 -0.77671 -0.42386 0.19445 0.74935 -0.22148 0.59297
1403715928234057984 -1.81713 -0.77361 -0.46408 0.21431 0.74030 -0.26714 0.57849
1403715928334057984 -1.90497 -0.76430 -0.51324 0.23912 0.71999 -0.30747 0.57438
1403715928434057984 -1.99920 -0.74434 -0.56573 0.26441 0.69725 -0.34239 0.57158
1403715928584058112 -2.14778 -0.70342 -0.65224 0.28239 0.68087 -0.39497 0.54833
1403715928684057856 -2.25595 -0.66658 -0.70138 0.29046 0.67851 -0.41733 0.53018
1403715928834057984 -2.42289 -0.60609 -0.74792 0.28267 0.70062 -0.44040 0.48506
1403715928934057984 -2.53163 -0.56170 -0.75128 0.26535 0.72197 -0.44400 0.45957
1403715929034057984 -2.63525 -0.53215 -0.72051 0.24408 0.74397 -0.43768 0.44200
1403715929134057984 -2.71683 -0.51799 -0.66161 0.22661 0.76208 -0.42748 0.43028
1403715929384058112 -2.85509 -0.57780 -0.53986 0.25210 0.78852 -0.36321 0.42750
1403715929484057856 -2.87152 -0.61511 -0.49192 0.29457 0.78529 -0.32143 0.43959
1403715929734057984 -2.84192 -0.67468 -0.40360 0.33763 0.77111 -0.28815 0.45647
1403715929834057984 -2.80635 -0.67284 -0.37155 0.30872 0.76031 -0.31638 0.47594
1403715929934057984 -2.75044 -0.65608 -0.34866 0.27700 0.74056 -0.34570 0.50531
1403715930034057984 -2.69277 -0.63995 -0.33840 0.25129 0.72125 -0.36828 0.53012
1403715930134057984 -2.62865 -0.62247 -0.33976 0.22891 0.70469 -0.38719 0.54872
1403715930234057984 -2.56721 -0.60764 -0.34158 0.21185 0.69211 -0.40227 0.56061
1403715930334057984 -2.52510 -0.59389 -0.33840 0.20589 0.68705 -0.41013 0.56335
1403715930484057856 -2.49846 -0.58024 -0.34028 0.21289 0.70386 -0.41095 0.53887
1403715930584058112 -2.49499 -0.57983 -0.35723 0.21557 0.71680 -0.41182 0.51974
1403715930734057984 -2.50559 -0.59024 -0.37480 0.21265 0.72729 -0.41761 0.50143
1403715930834057984 -2.50912 -0.61759 -0.37036 0.21476 0.73177 -0.41731 0.49421
1403715930984057856 -2.50831 -0.67716 -0.33361 0.23424 0.74500 -0.40285 0.47730
1403715931084058112 -2.51158 -0.73444 -0.31222 0.23762 0.75374 -0.40135 0.46295
1403715931234057984 -2.49264 -0.83916 -0.29291 0.23469 0.76069 -0.40272 0.45177
1403715931334057984 -2.46690 -0.92600 -0.26827 0.23323 0.75902 -0.40389 0.45427
1403715931584058112 -2.37122 -1.18767 -0.16973 0.23842 0.75139 -0.39715 0.46993
1403715931684057856 -2.31925 -1.31018 -0.15083 0.24364 0.75105 -0.39040 0.47345
1403715931784058112 -2.25867 -1.44232 -0.14562 0.24820 0.75119 -0.38405 0.47604
1403715931884058112 -2.19489 -1.58091 -0.14091 0.25250 0.74574 -0.37870 0.48652
1403715931984057856 -2.12551 -1.71759 -0.13285 0.25873 0.73724 -0.37070 0.50211
1403715932084058112 -2.04845 -1.85852 -0.12069 0.26501 0.72528 -0.36289 0.52158
1403715932184057856 -1.97111 -1.99293 -0.10521 0.27850 0.70812 -0.35088 0.54579
1403715932434057984 -1.80367 -2.24782 -0.04459 0.30958 0.65840 -0.32209 0.60574
1403715932534057984 -1.75490 -2.31241 -0.01674 0.31424 0.64438 -0.31573 0.62157
1403715932684057856 -1.71238 -2.35316 0.03150 0.32072 0.62223 -0.30681 0.64485
1403715932784058112 -1.72677 -2.31853 0.06834 0.32509 0.61299 -0.30227 0.65360
1403715932934057984 -1.78957 -2.20532 0.10661 0.31729 0.63804 -0.31738 0.62570
1403715933034057984 -1.87114 -2.07743 0.12303 0.29942 0.67364 -0.33974 0.58407
1403715933184057856 -1.99953 -1.86654 0.15245 0.27113 0.72005 -0.36894 0.52144
1403715933284058112 -2.08652 -1.71921 0.17100 0.25133 0.74612 -0.38522 0.48140
1403715933384058112 -2.17083 -1.57482 0.18898 0.22470 0.76712 -0.40460 0.44423
1403715933484057856 -2.24048 -1.44742 0.20630 0.19370 0.78367 -0.42675 0.40771
1403715933584058112 -2.29671 -1.34976 0.22953 0.16984 0.79685 -0.44171 0.37560
1403715933734057984 -2.32996 -1.28045 0.27731 0.16110 0.80948 -0.45005 0.34095
1403715933834057984 -2.34500 -1.28572 0.32730 0.16606 0.81491 -0.44172 0.33650
1403715933934057984 -2.31896 -1.34459 0.38958 0.18483 0.80548 -0.43078 0.36259
1403715934034057984 -2.26327 -1.42054 0.46863 0.22180 0.77423 -0.41653 0.42174
1403715934184057856 -2.15370 -1.57725 0.57498 0.28011 0.70877 -0.38174 0.52293
1403715934284058112 -2.08805 -1.67437 0.61756 0.30889 0.66961 -0.35969 0.57169
1403715934384058112 -2.01896 -1.76451 0.64016 0.32637 0.63868 -0.34322 0.60644
1403715934484057856 -1.96418 -1.83407 0.65006 0.34015 0.61282 -0.32785 0.63345
1403715934584058112 -1.92426 -1.87736 0.65139 0.34834 0.59165 -0.31484 0.65535
1403715934684057856 -1.90550 -1.88793 0.65217 0.35061 0.57746 -0.30582 0.67089
1403715934784058112 -1.89211 -1.88148 0.66345 0.34431 0.57174 -0.30346 0.68006
1403715934884058112 -1.94482 -1.80342 0.68034 0.33013 0.59394 -0.31386 0.66313
1403715934984057856 -2.01623 -1.69234 0.70101 0.30589 0.63661 -0.33620 0.62300
1403715935084058112 -2.11146 -1.55106 0.70779 0.27913 0.67981 -0.36021 0.57463
1403715935184057856 -2.22174 -1.39107 0.70089 0.25561 0.71643 -0.38055 0.52591
1403715935384058112 -2.44565 -1.07215 0.64857 0.22421 0.76260 -0.40411 0.45263
1403715935484057856 -2.54952 -0.92495 0.60538 0.21490 0.77615 -0.41082 0.42735
1403715935584058112 -2.64660 -0.80235 0.55825 0.20787 0.78684 -0.41105 0.41076
1403715935684057856 -2.72566 -0.69807 0.51261 0.20003 0.79530 -0.41301 0.39612
1403715935884058112 -2.81797 -0.57235 0.43396 0.18902 0.80887 -0.41745 0.36842
1403715935984057856 -2.84082 -0.54836 0.40708 0.19360 0.80639 -0.41480 0.37443
1403715936084058112 -2.83905 -0.55751 0.39147 0.21402 0.78805 -0.40337 0.41289
1403715936184057856 -2.78658 -0.60866 0.38946 0.24395 0.75888 -0.38711 0.46339
1403715936284058112 -2.69908 -0.65365 0.38858 0.27914 0.72066 -0.37935 0.50875
1403715936384058112 -2.64986 -0.70694 0.38265 0.29588 0.69058 -0.36966 0.54672
1403715936484057856 -2.59192 -0.75562 0.37691 0.30449 0.67269 -0.36528 0.56687
1403715936584058112 -2.53122 -0.80683 0.37386 0.30577 0.65965 -0.36543 0.58123
1403715936684057856 -2.48719 -0.84297 0.37296 0.30292 0.64967 -0.36758 0.59250
1403715936784058112 -2.45988 -0.85751 0.36381 0.30026 0.65476 -0.37112 0.58601
1403715936884058112 -2.44872 -0.85090 0.35032 0.29818 0.66794 -0.37497 0.56951
1403715936984057856 -2.43919 -0.83548 0.33264 0.29220 0.67809 -0.37874 0.55800
1403715937084058112 -2.43698 -0.80868 0.31450 0.28206 0.69071 -0.37751 0.54850
1403715937184057856 -2.45181 -0.76728 0.29819 0.26547 0.70732 -0.37296 0.53863
1403715937284058112 -2.47352 -0.71582 0.27993 0.24897 0.72241 -0.36128 0.53443
1403715937484057856 -2.51910 -0.60700 0.21095 0.22025 0.74718 -0.32352 0.53716
1403715937584058112 -2.54455 -0.55120 0.15960 0.19978 0.76736 -0.31364 0.52237
1403715937834057984 -2.57353 -0.44431 0.02473 0.15868 0.80730 -0.28268 0.49313
1403715937934057984 -2.56789 -0.41224 -0.02491 0.14625 0.81602 -0.26847 0.49055
1403715938034057984 -2.55217 -0.37949 -0.07209 0.13464 0.82435 -0.25188 0.48875
1403715938134057984 -2.52465 -0.36935 -0.11410 0.12173 0.83286 -0.23229 0.48741
1403715938234057984 -2.47797 -0.36892 -0.13704 0.10903 0.83931 -0.21006 0.48944
1403715938334057984 -2.41461 -0.37600 -0.14131 0.10790 0.83640 -0.17724 0.50733
1403715938434057984 -2.33626 -0.38910 -0.13125 0.10514 0.82945 -0.14440 0.52925
1403715938534057984 -2.24996 -0.40409 -0.11664 0.09289 0.82168 -0.11834 0.54974
1403715938634057984 -2.14371 -0.41535 -0.10891 0.07959 0.81794 -0.10057 0.56083
1403715938784058112 -2.02009 -0.43713 -0.10222 0.06329 0.82921 -0.08777 0.54837
1403715938884058112 -1.91213 -0.44994 -0.10359 0.05510 0.84345 -0.08504 0.52756
1403715939034057984 -1.73079 -0.47535 -0.11365 0.04561 0.85938 -0.08291 0.50250
1403715939134057984 -1.59041 -0.49683 -0.11882 0.04345 0.86228 -0.07983 0.49820
1403715939284058112 -1.35174 -0.53157 -0.11310 0.04668 0.83299 -0.07181 0.54662
1403715939384058112 -1.17835 -0.55536 -0.10980 0.04919 0.80536 -0.06784 0.58683
1403715939684057856 -0.74767 -0.60616 -0.09858 0.06155 0.72749 -0.06093 0.68063
1403715939784058112 -0.64566 -0.61131 -0.08879 0.06517 0.70358 -0.06115 0.70497
1403715939884058112 -0.58917 -0.60637 -0.06886 0.06934 0.68924 -0.06184 0.71855
1403715939984057856 -0.57953 -0.59119 -0.03516 0.07204 0.69166 -0.06364 0.71580
1403715940084058112 -0.61779 -0.56350 0.00341 0.07255 0.72419 -0.06791 0.68240
1403715940184057856 -0.68627 -0.52683 0.04448 0.06976 0.76421 -0.07310 0.63700
1403715940284058112 -0.77162 -0.48344 0.08512 0.06515 0.79993 -0.07808 0.59142
1403715940484057856 -0.93822 -0.38875 0.16189 0.05093 0.85993 -0.08806 0.50018
1403715940584058112 -1.00198 -0.34344 0.19476 0.03915 0.88524 -0.09652 0.45333
1403715940684057856 -1.03594 -0.30329 0.22684 0.02554 0.90664 -0.10705 0.40730
1403715940784058112 -1.03297 -0.27356 0.26094 0.02249 0.91977 -0.10865 0.37644
1403715940934057984 -0.94146 -0.25931 0.32926 0.03298 0.91528 -0.10199 0.38829
1403715941034057984 -0.85599 -0.28475 0.38693 0.01617 0.89089 -0.04100 0.45208
1403715941184057856 -0.64549 -0.27034 0.48414 0.02103 0.81496 -0.03047 0.57834
1403715941284058112 -0.53324 -0.26748 0.55594 0.02297 0.76711 -0.03424 0.64019
1403715941384058112 -0.41883 -0.26172 0.60490 0.02037 0.73301 -0.03666 0.67892
1403715941484057856 -0.32006 -0.25375 0.63646 0.01481 0.71045 -0.03892 0.70252
1403715941584058112 -0.23362 -0.23758 0.64244 0.00990 0.69589 -0.04066 0.71693
1403715941684057856 -0.17063 -0.22005 0.63627 0.00274 0.67743 -0.04358 0.73429
1403715941784058112 -0.13811 -0.20227 0.63126 -0.00443 0.65618 -0.04571 0.75321
1403715941884058112 -0.13807 -0.18600 0.62113 -0.00715 0.64335 -0.04546 0.76419
1403715941984057856 -0.16784 -0.16712 0.60783 -0.00150 0.65710 -0.04188 0.75264
1403715942084058112 -0.27402 -0.16108 0.57634 0.00559 0.70084 -0.03771 0.71230
1403715942184057856 -0.42483 -0.15968 0.52899 0.00851 0.75187 -0.03550 0.65829
1403715942384058112 -0.77755 -0.16068 0.36442 0.00613 0.83788 -0.03710 0.54456
1403715942484057856 -0.95587 -0.15719 0.26089 0.00220 0.86240 -0.04317 0.50437
1403715942684057856 -1.24985 -0.14497 0.05851 0.00436 0.89627 -0.04723 0.44096
1403715942784058112 -1.35694 -0.14534 -0.03211 0.00774 0.90302 -0.04590 0.42708
1403715942884058112 -1.42904 -0.15599 -0.11908 0.00969 0.90389 -0.04157 0.42563
1403715942984057856 -1.46748 -0.17500 -0.20291 0.01120 0.90158 -0.03627 0.43095
1403715943084058112 -1.43364 -0.19544 -0.26770 0.01943 0.89724 -0.02578 0.44037
1403715943184057856 -1.38268 -0.21653 -0.31026 0.02360 0.88463 -0.01786 0.46535
1403715943284058112 -1.30925 -0.23645 -0.33900 0.01849 0.85503 -0.01553 0.51802
1403715943434057984 -1.15588 -0.24865 -0.34964 0.00856 0.79443 -0.00753 0.60724
1403715943534057984 -1.05353 -0.25293 -0.35621 0.00192 0.76546 -0.00063 0.64348
1403715943634057984 -0.95761 -0.25324 -0.35889 -0.00136 0.74732 0.00210 0.66446
1403715943734057984 -0.88792 -0.25643 -0.36024 -0.00522 0.73142 -0.00118 0.68191
1403715943884058112 -0.82818 -0.25884 -0.35801 -0.00446 0.70809 -0.00834 0.70606
1403715943984057856 -0.82917 -0.26039 -0.34060 -0.00231 0.70496 -0.01233 0.70913
1403715944084058112 -0.86915 -0.26119 -0.31290 -0.00933 0.73813 -0.01701 0.67438
1403715944184057856 -0.96254 -0.26374 -0.27769 -0.01946 0.78507 -0.01524 0.61892
1403715944284058112 -1.03933 -0.26388 -0.25392 -0.03160 0.83150 -0.00655 0.55459
1403715944434057984 -1.15998 -0.26998 -0.23589 -0.04501 0.87193 0.02379 0.48698
1403715944534057984 -1.21498 -0.27122 -0.23482 -0.05544 0.88714 0.04998 0.45543
1403715944684057856 -1.26258 -0.27236 -0.22082 -0.07907 0.89552 0.08717 0.42917
1403715944784058112 -1.25588 -0.27106 -0.20161 -0.09199 0.89474 0.11521 0.42156
1403715944884058112 -1.22599 -0.27088 -0.17575 -0.09996 0.87978 0.14921 0.44015
1403715944984057856 -1.16554 -0.26272 -0.14295 -0.10752 0.84432 0.18245 0.49221
1403715945134057984 -1.05868 -0.22561 -0.09049 -0.10628 0.78009 0.18804 0.58720
1403715945234057984 -1.00084 -0.21352 -0.05789 -0.10988 0.74805 0.19352 0.62522
1403715945384058112 -0.92860 -0.19462 -0.01517 -0.11669 0.70922 0.19291 0.66797
1403715945484057856 -0.91808 -0.19017 0.01848 -0.12435 0.68584 0.18605 0.69250
1403715945734057984 -1.00410 -0.19597 0.07468 -0.13176 0.74747 0.17473 0.62721
1403715945834057984 -1.04486 -0.20119 0.10190 -0.12246 0.78732 0.17774 0.57753
1403715945934057984 -1.10010 -0.20876 0.12617 -0.11200 0.82262 0.18101 0.52725
1403715946034057984 -1.14976 -0.21109 0.15455 -0.10736 0.84695 0.18625 0.48627
1403715946134057984 -1.18826 -0.20303 0.18048 -0.10757 0.86210 0.19560 0.45493
1403715946234057984 -1.21012 -0.18484 0.20805 -0.11018 0.87209 0.20993 0.42807
1403715946334057984 -1.19993 -0.14919 0.23939 -0.11647 0.87190 0.22639 0.41829
1403715946434057984 -1.16582 -0.10091 0.27547 -0.12619 0.85211 0.24605 0.44434
1403715946534057984 -1.11475 -0.03509 0.31742 -0.14524 0.81925 0.25822 0.49097
1403715946684057856 -1.02634 0.08273 0.38264 -0.18202 0.76349 0.25904 0.56289
1403715946784058112 -0.97821 0.15593 0.42487 -0.19806 0.73736 0.25569 0.59304
1403715946984057856 -0.89713 0.28332 0.48129 -0.21281 0.70748 0.25231 0.62491
1403715947084058112 -0.87037 0.33152 0.49997 -0.22056 0.69303 0.24636 0.64060
1403715947184057856 -0.86658 0.36448 0.52120 -0.23190 0.66523 0.23301 0.67038
1403715947284058112 -0.88204 0.40114 0.53658 -0.23789 0.65121 0.22198 0.68561
1403715947384058112 -0.94042 0.37051 0.53999 -0.23351 0.66874 0.22166 0.67017
1403715947484057856 -1.01491 0.34612 0.53104 -0.22002 0.70867 0.23069 0.62941
1403715947584058112 -1.10696 0.30303 0.50856 -0.21380 0.74647 0.23681 0.58395
1403715947734057984 -1.25655 0.22326 0.44809 -0.20265 0.79972 0.24556 0.50900
1403715947834057984 -1.35102 0.16795 0.39394 -0.18816 0.81930 0.25621 0.47718
1403715947984057856 -1.46641 0.09603 0.30321 -0.16546 0.84011 0.27553 0.43694
1403715948084058112 -1.52144 0.06266 0.24479 -0.15473 0.85207 0.28544 0.41057
1403715948184057856 -1.54559 0.05292 0.19259 -0.14713 0.85823 0.29310 0.39483
1403715948284058112 -1.50818 0.01620 0.15266 -0.16642 0.84176 0.32730 0.39576
1403715948434057984 -1.44425 0.07694 0.11152 -0.19479 0.80921 0.31965 0.45284
1403715948534057984 -1.37533 0.14451 0.08905 -0.20978 0.78088 0.31036 0.49989
1403715948784058112 -1.21994 0.31777 0.02722 -0.21635 0.72700 0.26870 0.59369
1403715948884058112 -1.17015 0.35994 -0.00129 -0.22074 0.71280 0.26117 0.61235
1403715948984057856 -1.12870 0.39901 -0.02648 -0.23106 0.69922 0.25826 0.62531
1403715949084058112 -1.10332 0.42079 -0.04899 -0.24302 0.68682 0.26155 0.63310
1403715949184057856 -1.09353 0.43552 -0.07085 -0.25252 0.68881 0.27379 0.62195
1403715949284058112 -1.10573 0.43813 -0.09455 -0.25121 0.71050 0.29870 0.58555
1403715949384058112 -1.11097 0.43758 -0.12242 -0.24397 0.73803 0.32795 0.53687
1403715949534057984 -1.13555 0.42156 -0.15751 -0.23079 0.76925 0.36582 0.47029
1403715949634057984 -1.13436 0.43638 -0.17993 -0.22893 0.77531 0.38877 0.44197
1403715949784058112 -1.13436 0.45313 -0.19759 -0.22948 0.77649 0.42335 0.40642
1403715949884058112 -1.12445 0.48057 -0.19518 -0.23006 0.76714 0.44718 0.39826
1403715950084058112 -1.05537 0.63372 -0.18217 -0.23837 0.72330 0.49291 0.42078
1403715950184057856 -1.01548 0.74367 -0.16698 -0.26451 0.68958 0.49700 0.45553
1403715950284058112 -0.97914 0.86061 -0.15171 -0.30486 0.65788 0.48165 0.49220
1403715950384058112 -0.95041 0.97740 -0.14132 -0.34004 0.63352 0.46191 0.51930
1403715950484057856 -0.92716 1.08381 -0.13045 -0.36474 0.61126 0.44441 0.54389
1403715950584058112 -0.91456 1.17447 -0.11900 -0.37883 0.59460 0.43097 0.56320
1403715950684057856 -0.91495 1.24321 -0.10740 -0.38824 0.58453 0.42164 0.57429
1403715950834057984 -0.94144 1.28887 -0.08309 -0.40130 0.56939 0.40988 0.58885
1403715950934057984 -0.97641 1.29006 -0.06237 -0.40376 0.56902 0.41025 0.58728
1403715951134057984 -1.09199 1.18121 -0.03200 -0.37207 0.62876 0.44963 0.51386
1403715951234057984 -1.16072 1.10221 -0.01835 -0.34344 0.65784 0.47969 0.46818
1403715951384058112 -1.26056 0.99594 -0.00391 -0.31378 0.68437 0.51751 0.40665
1403715951484057856 -1.31437 0.91863 0.00370 -0.30105 0.69181 0.54010 0.37290
1403715951634057984 -1.39177 0.85901 0.02313 -0.29089 0.69370 0.56870 0.33277
1403715951734057984 -1.43663 0.85241 0.04197 -0.28941 0.68877 0.58516 0.31532
1403715951834057984 -1.47203 0.88446 0.06416 -0.29480 0.67967 0.59800 0.30584
1403715951934057984 -1.50052 0.95473 0.09471 -0.32504 0.65698 0.59934 0.32176
1403715952034057984 -1.52541 1.04579 0.13257 -0.37312 0.62008 0.59213 0.35450
1403715952134057984 -1.54710 1.11545 0.17263 -0.43406 0.56560 0.59076 0.37775
1403715952234057984 -1.57139 1.20725 0.21016 -0.47276 0.53277 0.57915 0.39654
1403715952484057856 -1.59841 1.41019 0.27988 0.52774 -0.47981 -0.56432 -0.41571
1403715952584058112 -1.58683 1.46606 0.30081 0.54176 -0.46206 -0.56413 -0.41803
1403715952684057856 -1.56277 1.49914 0.32078 0.56043 -0.44420 -0.55738 -0.42182
1403715952784058112 -1.54020 1.50238 0.34098 0.57996 -0.42433 -0.54504 -0.43188
1403715952884058112 -1.50747 1.47033 0.36569 0.58418 -0.41834 -0.54537 -0.43162
1403715952984057856 -1.46371 1.40559 0.38121 0.55296 -0.44025 -0.58106 -0.40347
1403715953084058112 -1.41275 1.31514 0.38505 0.50947 -0.46654 -0.62504 -0.36347
1403715953234057984 -1.32868 1.15478 0.35699 -0.44084 0.50014 0.67918 0.30699
1403715953334057984 -1.27064 1.05342 0.32988 -0.41120 0.51199 0.69948 0.28198
1403715953434057984 -1.21328 0.96509 0.29990 -0.38747 0.51777 0.71762 0.25846
1403715953534057984 -1.15707 0.87496 0.27208 -0.37046 0.51830 0.73298 0.23845
1403715953734057984 -1.08815 0.82057 0.23159 -0.35314 0.49514 0.76699 0.20460
1403715953834057984 -1.08160 0.83622 0.22567 -0.35052 0.48415 0.77484 0.20583
1403715953934057984 -1.08461 0.90367 0.22868 -0.35993 0.45265 0.78260 0.23044
1403715954034057984 -1.10932 1.00570 0.23254 -0.38535 0.40467 0.78125 0.27819
1403715954134057984 -1.15858 1.11597 0.22652 -0.42346 0.37292 0.76182 0.31820
1403715954234057984 -1.22701 1.22956 0.22033 -0.46929 0.35157 0.73266 0.34551
1403715954334057984 -1.31443 1.34047 0.21231 0.51305 -0.34518 -0.70106 -0.35517
1403715954434057984 -1.40867 1.43619 0.20441 0.55629 -0.34909 -0.66854 -0.34890
1403715954534057984 -1.50044 1.50374 0.19433 0.59212 -0.34585 -0.63809 -0.35018
1403715954634057984 -1.57515 1.54201 0.18687 0.61802 -0.33714 -0.61429 -0.35641
1403715954734057984 -1.64006 1.55582 0.17765 0.62997 -0.33249 -0.60364 -0.35805
1403715954834057984 -1.68302 1.52736 0.16652 0.62031 -0.33804 -0.61439 -0.35138
1403715954934057984 -1.70547 1.46433 0.15579 0.59483 -0.35167 -0.63899 -0.33793
1403715955234057984 -1.68744 1.13929 0.13087 -0.48449 0.41509 0.72223 0.26710
1403715955334057984 -1.67299 1.02844 0.12441 -0.45139 0.43144 0.74161 0.24521
1403715955484057856 -1.66228 0.88982 0.12287 -0.41499 0.44949 0.76061 0.21729
1403715955584058112 -1.65958 0.82503 0.12536 -0.39804 0.45959 0.77066 0.19085
1403715955684057856 -1.66539 0.79087 0.13583 -0.38689 0.45742 0.78209 0.17152
1403715955834057984 -1.71213 0.80969 0.17086 -0.42535 0.41594 0.78188 0.18637
1403715955934057984 -1.73930 0.84333 0.20247 -0.48180 0.36669 0.77072 0.19849
1403715956034057984 -1.78139 0.87653 0.23408 0.53646 -0.31431 -0.75390 -0.21226
1403715956134057984 -1.79888 0.91733 0.26572 0.57883 -0.25321 -0.74574 -0.21147
1403715956284058112 -1.85469 0.95599 0.30152 0.61065 -0.19664 -0.73892 -0.20599
1403715956384058112 -1.86946 0.96124 0.32854 0.63296 -0.16354 -0.73252 -0.18982
1403715956634057984 -1.85780 0.91727 0.39852 0.69560 -0.09517 -0.69743 -0.14376
1403715956734057984 -1.82644 0.88763 0.42355 0.68894 -0.08802 -0.70837 -0.12579
1403715956834057984 -1.77043 0.84246 0.44665 0.66653 -0.09109 -0.73211 -0.10705
1403715956934057984 -1.69796 0.79193 0.46192 0.63342 -0.09792 -0.76197 -0.09270
1403715957034057984 -1.61346 0.73742 0.47125 0.59164 -0.10575 -0.79490 -0.08309
1403715957134057984 -1.50285 0.66685 0.47029 0.55249 -0.11425 -0.82217 -0.07575
1403715957234057984 -1.38550 0.58720 0.45467 0.51453 -0.12387 -0.84586 -0.06662
1403715957384058112 -1.22721 0.47150 0.41238 -0.45446 0.13924 0.87835 0.05080
1403715957484057856 -1.13862 0.39966 0.37712 -0.42038 0.14490 0.89457 0.04515
1403715957634057984 -1.08361 0.32767 0.31907 -0.38530 0.14633 0.91019 0.04110
1403715957734057984 -1.05407 0.31929 0.28635 -0.38586 0.12383 0.91337 0.03907
1403715958034057984 -1.32006 0.27640 0.23287 0.55222 -0.08615 -0.82749 -0.05380
1403715958134057984 -1.41100 0.25339 0.22097 0.60536 -0.06570 -0.79148 -0.05265
1403715958234057984 -1.50157 0.23040 0.20411 0.64695 -0.04514 -0.75984 -0.04548
1403715958334057984 -1.58830 0.21812 0.17673 0.67449 -0.02391 -0.73703 -0.03574
1403715958434057984 -1.66864 0.20492 0.14866 0.69925 -0.00533 -0.71451 -0.02228
1403715958584058112 -1.73309 0.17646 0.10852 0.71993 0.01774 -0.69379 0.00564
1403715958684057856 -1.75342 0.16049 0.07669 0.71157 0.02865 -0.70132 0.03176
1403715958834057984 -1.69466 0.12682 0.02981 0.66759 0.04299 -0.73915 0.07829
1403715958934057984 -1.65790 0.10630 -0.00923 0.62513 0.05069 -0.77075 0.11224
1403715959084058112 -1.54342 0.10429 -0.06255 0.56011 0.07757 -0.81307 0.13848
1403715959184057856 -1.47922 0.12167 -0.08606 0.52961 0.11195 -0.83019 0.13325
1403715959434057984 -1.29262 0.17695 -0.15194 -0.44520 -0.18693 0.86835 -0.11323
1403715959534057984 -1.23174 0.19916 -0.16714 -0.41520 -0.20213 0.88019 -0.10966
1403715959684057856 -1.21630 0.18522 -0.16653 -0.40940 -0.22630 0.87702 -0.10963
1403715959784058112 -1.24779 0.15127 -0.14215 -0.44862 -0.23640 0.85195 -0.13054
1403715959934057984 -1.33350 0.08780 -0.09238 0.53245 0.24841 -0.79014 0.17454
1403715960034057984 -1.37159 0.05345 -0.06554 0.58289 0.25627 -0.74322 0.20540
1403715960134057984 -1.40219 0.01075 -0.04119 0.62131 0.24742 -0.71064 0.21850
1403715960234057984 -1.42471 -0.01741 -0.02005 0.64876 0.24416 -0.68444 0.22592
1403715960334057984 -1.43728 -0.03469 0.00195 0.66778 0.24134 -0.66572 0.22944
1403715960434057984 -1.43306 -0.04056 0.02439 0.68326 0.23750 -0.64955 0.23418
1403715960534057984 -1.41000 -0.03620 0.04173 0.67989 0.23898 -0.65343 0.23166
1403715960634057984 -1.35186 -0.01268 0.05528 0.64681 0.24979 -0.68722 0.21672
1403715960734057984 -1.25427 0.04163 0.06839 0.60480 0.26141 -0.72559 0.19847
1403715960834057984 -1.16957 0.07755 0.08129 0.55183 0.27332 -0.76794 0.17622
1403715960934057984 -1.07291 0.12540 0.09450 -0.49589 -0.28389 0.80626 -0.15310
1403715961184057856 -0.86069 0.19610 0.13330 -0.40010 -0.29165 0.86108 -0.11576
1403715961284058112 -0.82009 0.18298 0.15584 -0.38252 -0.28248 0.87154 -0.11963
1403715961384058112 -0.81060 0.14166 0.18898 -0.39906 -0.26924 0.86510 -0.14093
1403715961534057984 -0.84617 0.04923 0.25299 -0.45512 -0.26401 0.83050 -0.18283
1403715961634057984 -0.91726 0.03678 0.30597 -0.48459 -0.31823 0.77988 -0.23596
1403715961734057984 -0.96441 -0.01005 0.35662 0.52000 0.34165 -0.73473 0.27027
1403715961834057984 -0.97474 -0.02062 0.40991 0.55747 0.35016 -0.69514 0.28880
1403715962034057984 -1.03371 -0.13132 0.44609 0.61128 0.35735 -0.62389 0.33076
1403715962134057984 -1.03791 -0.15505 0.44437 0.62977 0.35470 -0.58986 0.36006
1403715962284058112 -1.00306 -0.13183 0.43152 0.62269 0.36625 -0.57087 0.39016
1403715962384058112 -0.99087 -0.14465 0.40866 0.59633 0.37873 -0.57926 0.40671
1403715962534057984 -0.94021 -0.06235 0.36534 0.53300 0.40079 -0.61210 0.42498
1403715962634057984 -0.91437 0.00876 0.32415 -0.47721 -0.42060 0.64160 -0.42863
1403715962734057984 -0.89520 0.08383 0.26867 -0.43102 -0.43803 0.66178 -0.42941
1403715962834057984 -0.87865 0.21602 0.20600 -0.39407 -0.46239 0.67481 -0.41898
1403715962984057856 -0.87235 0.42993 0.09724 -0.36257 -0.51998 0.67600 -0.37575
1403715963084058112 -0.86777 0.58390 0.00986 -0.34125 -0.56292 0.67302 -0.33721
1403715963334057984 -0.92708 0.84399 -0.26509 -0.27334 -0.64377 0.65248 -0.29175
1403715963434057984 -0.95736 0.90888 -0.37214 0.28517 0.65653 -0.61874 0.32373
1403715963534057984 -0.98228 0.97490 -0.46938 0.32085 0.65272 -0.57007 0.38214
1403715963634057984 -1.00909 0.99518 -0.55765 0.35043 0.64143 -0.52712 0.43349
1403715963734057984 -1.01254 1.01389 -0.63111 0.36994 0.63263 -0.49755 0.46408
1403715963834057984 -1.01956 1.00218 -0.68362 0.37047 0.63155 -0.48046 0.48275
1403715963934057984 -1.02986 1.00952 -0.73190 0.36368 0.63671 -0.47472 0.48680
1403715964134057984 -1.04844 0.99908 -0.79660 0.33791 0.67565 -0.47881 0.44727
1403715964234057984 -1.05626 1.00095 -0.79956 0.32807 0.69210 -0.48096 0.42666
1403715964334057984 -1.04668 0.98179 -0.76822 0.32370 0.68550 -0.48234 0.43893
1403715964434057984 -1.02982 0.95152 -0.73240 0.32340 0.67664 -0.48114 0.45395
1403715964534057984 -1.01377 0.92235 -0.70680 0.32607 0.67479 -0.47706 0.45908
1403715964634057984 -0.99072 0.89450 -0.68198 0.32383 0.67280 -0.47715 0.46346
1403715964734057984 -0.96677 0.87386 -0.64564 0.31727 0.66455 -0.48070 0.47608
1403715964834057984 -0.94378 0.85765 -0.59259 0.30888 0.65164 -0.48441 0.49528
1403715964934057984 -0.92609 0.84147 -0.53529 0.31073 0.64185 -0.47933 0.51159
1403715965084058112 -0.91067 0.81647 -0.47546 0.32573 0.63014 -0.46094 0.53325
1403715965184057856 -0.91700 0.81546 -0.45485 0.33226 0.63186 -0.45162 0.53516
1403715965334057984 -0.93203 0.82414 -0.44814 0.30938 0.68017 -0.46610 0.47371
1403715965434057984 -0.93617 0.82154 -0.44349 0.28257 0.70966 -0.48490 0.42592
1403715965634057984 -0.93395 0.77057 -0.41047 0.26404 0.73090 -0.50045 0.38160
1403715965734057984 -0.90889 0.70014 -0.37286 0.29048 0.71236 -0.48564 0.41511
1403715965884058112 -0.86609 0.58237 -0.31409 0.33774 0.66334 -0.45184 0.49169
1403715965984057856 -0.83970 0.50867 -0.28245 0.36183 0.63578 -0.43095 0.52835
1403715966084058112 -0.81861 0.45466 -0.25025 0.37736 0.61567 -0.41354 0.55456
1403715966184057856 -0.80384 0.42097 -0.21737 0.38976 0.59577 -0.39814 0.57848
1403715966284058112 -0.80410 0.42185 -0.18703 0.38616 0.60403 -0.40287 0.56896
1403715966484057856 -0.82186 0.50431 -0.13173 0.33583 0.66853 -0.45477 0.48318
1403715966584058112 -0.83108 0.56296 -0.10850 0.30364 0.69921 -0.48370 0.43005
1403715966734057984 -0.83797 0.62711 -0.07835 0.27388 0.72050 -0.51203 0.37908
1403715966834057984 -0.82605 0.63615 -0.05523 0.26460 0.72651 -0.52150 0.36084
1403715966984057856 -0.75483 0.57030 0.00330 0.29429 0.70697 -0.50741 0.39512
1403715967084058112 -0.72646 0.51187 0.04614 0.32860 0.67966 -0.48424 0.44227
1403715967234057984 -0.65653 0.43102 0.10623 0.37776 0.63123 -0.44748 0.50853
1403715967334057984 -0.61516 0.41542 0.14608 0.40621 0.59635 -0.42421 0.54718
1403715967534057984 -0.56111 0.46251 0.21339 0.40418 0.58204 -0.42275 0.56494
1403715967634057984 -0.55286 0.54894 0.24194 0.37661 0.59839 -0.44339 0.55090
1403715967784058112 -0.56504 0.72003 0.28742 0.30571 0.64195 -0.46952 0.52345
1403715967884058112 -0.57541 0.82934 0.29968 0.25698 0.67053 -0.48091 0.50307
1403715967984057856 -0.58134 0.90774 0.30994 0.22606 0.69810 -0.48068 0.48011
1403715968084058112 -0.59507 0.96386 0.30853 0.21428 0.73048 -0.47092 0.44577
1403715968234057984 -0.61478 1.00892 0.29876 0.21590 0.75541 -0.45243 0.42196
1403715968334057984 -0.62706 1.02900 0.27911 0.23591 0.74335 -0.43517 0.44989
1403715968484057856 -0.64605 1.05683 0.23915 0.26861 0.71078 -0.41131 0.50345
1403715968584058112 -0.66493 1.08161 0.19865 0.28797 0.68704 -0.39704 0.53611
1403715968684057856 -0.67432 1.14825 0.15307 0.31687 0.65832 -0.39521 0.55680
1403715968784058112 -0.70308 1.18859 0.10335 0.33291 0.64022 -0.38345 0.57641
1403715969034057984 -0.82319 1.36381 -0.02442 0.33196 0.64270 -0.38284 0.57461
1403715969134057984 -0.89363 1.47047 -0.08209 0.30409 0.68229 -0.40619 0.52633
1403715969234057984 -0.96335 1.57062 -0.14062 0.26761 0.72623 -0.43321 0.46185
1403715969334057984 -1.03130 1.65663 -0.18871 0.24002 0.75437 -0.45211 0.41098
1403715969434057984 -1.08062 1.70882 -0.23150 0.22241 0.77269 -0.46321 0.37273
1403715969534057984 -1.11453 1.73045 -0.26743 0.22208 0.78650 -0.46109 0.34568
1403715969634057984 -1.12726 1.71484 -0.28882 0.24737 0.79482 -0.43884 0.33837
1403715969734057984 -1.10140 1.67747 -0.29594 0.28108 0.79350 -0.41234 0.34833
1403715969834057984 -1.04734 1.62500 -0.29695 0.31092 0.77784 -0.39126 0.38107
1403715970084058112 -0.84041 1.49423 -0.29785 0.32395 0.69496 -0.38141 0.51634
1403715970184057856 -0.76201 1.47666 -0.28625 0.33276 0.66659 -0.37458 0.55192
1403715970284058112 -0.67743 1.46292 -0.27963 0.33960 0.63699 -0.36343 0.58893
1403715970384058112 -0.60372 1.46831 -0.27396 0.34330 0.61626 -0.35521 0.61335
1403715970484057856 -0.54295 1.49676 -0.27011 0.33360 0.61042 -0.35760 0.62308
1403715970634057984 -0.49579 1.59967 -0.26255 0.28495 0.64213 -0.39075 0.59480
1403715970734057984 -0.48047 1.67557 -0.26129 0.24874 0.67667 -0.41931 0.55175
1403715970884058112 -0.48189 1.78034 -0.25833 0.18818 0.72556 -0.46613 0.46998
1403715970984057856 -0.49989 1.81898 -0.25364 0.15900 0.74808 -0.48440 0.42480
1403715971134057984 -0.51798 1.81653 -0.22238 0.15647 0.78133 -0.47266 0.37634
1403715971234057984 -0.52836 1.78977 -0.18644 0.18126 0.79612 -0.43844 0.37566
1403715971384058112 -0.50330 1.65530 -0.11017 0.23550 0.79632 -0.36289 0.42276
1403715971484057856 -0.46590 1.56596 -0.05694 0.26486 0.78374 -0.31441 0.46557
1403715971684057856 -0.34710 1.38698 0.04191 0.28911 0.75216 -0.25179 0.53598
1403715971784058112 -0.28478 1.32491 0.08499 0.27449 0.73959 -0.23574 0.56752
1403715972034057984 -0.14243 1.22913 0.16449 0.19881 0.73780 -0.20796 0.61064
1403715972134057984 -0.09874 1.20737 0.18740 0.18331 0.73433 -0.19432 0.62402
1403715972234057984 -0.07483 1.20708 0.21860 0.17793 0.71936 -0.17962 0.64699
1403715972334057984 -0.06882 1.20933 0.25017 0.17683 0.70501 -0.16801 0.66593
1403715972434057984 -0.07990 1.22424 0.28557 0.17375 0.70053 -0.16390 0.67246
1403715972534057984 -0.11714 1.26003 0.31820 0.16923 0.71226 -0.16612 0.66065
1403715972634057984 -0.17599 1.31361 0.34221 0.15512 0.74136 -0.17836 0.62810
1403715972734057984 -0.25819 1.38350 0.35340 0.13681 0.77265 -0.19470 0.58854
1403715972834057984 -0.34788 1.45482 0.35370 0.12098 0.79749 -0.20880 0.55297
1403715972984057856 -0.48371 1.55429 0.34681 0.11648 0.79722 -0.21909 0.55034
1403715973084058112 -0.57316 1.61637 0.33958 0.11084 0.78564 -0.22744 0.56458
1403715973284058112 -0.76557 1.72179 0.32051 0.11836 0.77902 -0.23226 0.57025
1403715973384058112 -0.87819 1.76852 0.31150 0.11611 0.78486 -0.23643 0.56091
1403715973584058112 -1.09271 1.83145 0.29571 0.11014 0.80561 -0.24263 0.52914
1403715973684057856 -1.21002 1.84354 0.29143 0.09735 0.81362 -0.24677 0.51736
1403715973784058112 -1.31027 1.84736 0.28737 0.08659 0.81883 -0.25221 0.50835
1403715973884058112 -1.40380 1.83326 0.28641 0.08243 0.82253 -0.25309 0.50260
1403715973984057856 -1.47905 1.79775 0.28795 0.08534 0.82458 -0.24824 0.50115
1403715974084058112 -1.53314 1.74406 0.29349 0.09838 0.82130 -0.23609 0.50995
1403715974184057856 -1.57768 1.67206 0.29939 0.10884 0.81441 -0.22564 0.52343
1403715974284058112 -1.61329 1.59670 0.30261 0.11514 0.81013 -0.21868 0.53161
1403715974384058112 -1.63396 1.52093 0.29773 0.11752 0.81110 -0.21496 0.53113
1403715974484057856 -1.65139 1.44505 0.28663 0.11822 0.81227 -0.21272 0.53008
1403715974584058112 -1.66483 1.37095 0.27652 0.12054 0.80871 -0.20996 0.53607
1403715974734057984 -1.68582 1.25019 0.25528 0.12313 0.80290 -0.20592 0.54570
1403715974834057984 -1.70134 1.16029 0.23770 0.12265 0.80161 -0.20438 0.54828
1403715974984057856 -1.71878 1.02601 0.21052 0.12211 0.80043 -0.20067 0.55147
1403715975084058112 -1.72767 0.93231 0.19214 0.12331 0.80035 -0.19557 0.55316
1403715975334057984 -1.73946 0.72077 0.15834 0.12852 0.80112 -0.18105 0.55579
1403715975434057984 -1.73928 0.64312 0.15314 0.13149 0.79785 -0.17489 0.56175
1403715975584058112 -1.73814 0.53512 0.15544 0.13339 0.79663 -0.16849 0.56498
1403715975684057856 -1.73532 0.46734 0.16180 0.12862 0.79912 -0.16967 0.56221
1403715975784058112 -1.73123 0.40567 0.17293 0.12631 0.80093 -0.17037 0.55994
1403715975884058112 -1.72416 0.34700 0.18272 0.12566 0.80258 -0.17048 0.55769
1403715975984057856 -1.71327 0.29212 0.19519 0.12509 0.80418 -0.17109 0.55531
1403715976184057856 -1.68590 0.19868 0.21791 0.12828 0.80465 -0.17167 0.55373
1403715976284058112 -1.66427 0.14984 0.23077 0.13101 0.80303 -0.17224 0.55527
1403715976434057984 -1.62565 0.08715 0.24729 0.13947 0.80233 -0.16697 0.55582
1403715976534057984 -1.59270 0.05633 0.25558 0.14050 0.80396 -0.15789 0.55586
1403715976684057856 -1.53656 0.02424 0.26476 0.12792 0.80736 -0.14013 0.55872
1403715976784058112 -1.49667 0.01905 0.26829 0.11440 0.80967 -0.13179 0.56035
1403715977134057984 -1.33499 0.02590 0.27278 0.08711 0.81450 -0.09889 0.56499
1403715977234057984 -1.28130 0.04053 0.26754 0.07551 0.81638 -0.08107 0.56679
1403715977384058112 -1.19903 0.07654 0.26007 0.05169 0.81912 -0.04365 0.56962
1403715977484057856 -1.14848 0.10935 0.25310 0.03135 0.82001 -0.01455 0.57131
1403715977584058112 -1.09914 0.14874 0.24696 0.00876 0.81977 0.01730 0.57237
1403715977684057856 -1.05108 0.19258 0.24148 -0.01697 0.81771 0.05040 0.57316
1403715977784058112 -0.99987 0.24070 0.23580 -0.04256 0.81492 0.08532 0.57167
1403715977934057984 -0.93381 0.31695 0.22883 -0.07560 0.80294 0.14381 0.57349
1403715978034057984 -0.89169 0.37904 0.22512 -0.09431 0.79062 0.18761 0.57517
1403715978234057984 -0.83291 0.51033 0.21740 -0.12934 0.75895 0.27612 0.57534
1403715978334057984 -0.81554 0.59251 0.21230 -0.15232 0.74282 0.31275 0.57202
1403715978484057856 -0.80905 0.73151 0.20332 -0.20156 0.72479 0.35111 0.55748
1403715978584058112 -0.82549 0.82265 0.19743 -0.24248 0.71257 0.37187 0.54329
1403715978734057984 -0.86102 0.96937 0.18155 -0.29160 0.68953 0.41092 0.52025
1403715978834057984 -0.89390 1.06254 0.17192 -0.31287 0.67183 0.44383 0.50375
1403715978984057856 -0.95376 1.18757 0.16234 -0.33861 0.64064 0.49808 0.47628
1403715979084058112 -0.99749 1.27617 0.16045 -0.36027 0.61344 0.53063 0.46079
1403715979284058112 -1.10838 1.42678 0.17503 -0.42866 0.54309 0.57619 0.43509
1403715979384058112 -1.17097 1.48986 0.18635 -0.45076 0.50094 0.60354 0.42616
1403715979484057856 -1.24244 1.54439 0.19616 -0.46205 0.46427 0.63366 0.41162
1403715979634057984 -1.36447 1.59880 0.21329 -0.47914 0.41911 0.67031 0.38139
1403715979734057984 -1.46057 1.62644 0.22718 -0.49358 0.38804 0.69092 0.35837
1403715979884058112 -1.61095 1.63724 0.24929 0.52239 -0.33704 -0.71323 -0.32374
1403715979984057856 -1.71340 1.62606 0.26214 0.54307 -0.29990 -0.72473 -0.29985
1403715980134057984 -1.86940 1.57334 0.28366 0.56966 -0.24355 -0.73987 -0.26223
1403715980234057984 -1.97021 1.52258 0.29204 0.58317 -0.20879 -0.75054 -0.23022
1403715980384058112 -2.10646 1.40904 0.30257 0.59565 -0.15943 -0.76729 -0.17622
1403715980484057856 -2.18960 1.31390 0.30973 0.60732 -0.12372 -0.77233 -0.13916
1403715980634057984 -2.28053 1.14990 0.31743 0.62130 -0.07039 -0.77659 -0.07708
1403715980734057984 -2.32137 1.03234 0.31881 0.62427 -0.03134 -0.77964 -0.03834
1403715980884058112 -2.37400 0.84931 0.31867 0.62017 0.02681 -0.78371 0.02158
1403715980984057856 -2.39286 0.72436 0.31722 0.61767 0.06819 -0.78113 0.06051
1403715981084058112 -2.40619 0.58961 0.31820 0.61637 0.10975 -0.77329 0.10032
1403715981184057856 -2.39884 0.47333 0.32008 0.61264 0.15478 -0.76282 0.13721
1403715981334057984 -2.37148 0.29929 0.32430 0.59983 0.22258 -0.74336 0.19514
1403715981434057984 -2.34075 0.19345 0.32720 0.58791 0.26703 -0.72635 0.23550
1403715981534057984 -2.28937 0.10422 0.33220 0.57684 0.30974 -0.70269 0.27845
1403715981634057984 -2.23096 0.04500 0.33899 0.56610 0.35238 -0.67432 0.31726
1403715981734057984 -2.15842 0.00559 0.34367 0.54934 0.39776 -0.64771 0.34711
1403715981834057984 -2.08141 -0.00924 0.34330 0.51766 0.44676 -0.63096 0.36651
1403715981984057856 -1.95297 -0.00008 0.34477 -0.47068 -0.51263 0.60237 -0.39093
1403715982084058112 -1.86068 0.01992 0.34932 -0.44703 -0.54657 0.57756 -0.40971
1403715982234057984 -1.72284 0.06800 0.35866 0.41606 0.58948 -0.53627 0.43798
1403715982334057984 -1.62832 0.11552 0.36669 0.39391 0.61458 -0.50906 0.45605
1403715982534057984 -1.44208 0.22052 0.37880 0.34958 0.66084 -0.44870 0.48964
1403715982634057984 -1.34442 0.28604 0.38264 0.32573 0.68213 -0.41451 0.50673
1403715982884058112 -1.11667 0.47482 0.39001 0.25468 0.73170 -0.32228 0.54395
1403715982984057856 -1.02725 0.56422 0.39381 0.22666 0.74782 -0.28464 0.55531
1403715983084058112 -0.93524 0.66289 0.39560 0.19757 0.76108 -0.24761 0.56605
1403715983184057856 -0.84754 0.77378 0.39637 0.16634 0.77214 -0.20937 0.57645
1403715983284058112 -0.76907 0.88804 0.39685 0.13284 0.78132 -0.16936 0.58584
1403715983384058112 -0.69627 1.00885 0.39679 0.10112 0.78895 -0.12511 0.59302
1403715983484057856 -0.63712 1.13011 0.39802 0.06419 0.79017 -0.08061 0.60417
1403715983584058112 -0.59300 1.24818 0.40290 0.02388 0.78365 -0.03787 0.61959
1403715983684057856 -0.56081 1.37020 0.40746 -0.01698 0.77528 0.00256 0.63138
1403715983834057984 -0.53898 1.54680 0.41318 -0.07256 0.76402 0.05925 0.63835
1403715983934057984 -0.55351 1.65491 0.41886 -0.10605 0.75784 0.09601 0.63657
1403715984034057984 -0.58049 1.74732 0.42318 -0.13763 0.75345 0.13038 0.62958
1403715984134057984 -0.61963 1.84104 0.42827 -0.16574 0.75211 0.16345 0.61656
1403715984234057984 -0.67899 1.90658 0.43407 -0.19454 0.74966 0.19475 0.60186
1403715984334057984 -0.74733 1.96481 0.44269 -0.22031 0.74262 0.22501 0.59106
1403715984484057856 -0.86469 2.01867 0.45896 -0.25196 0.72682 0.27331 0.57754
1403715984584058112 -0.95522 2.03422 0.46594 -0.26714 0.72051 0.31022 0.55971
1403715984684057856 -1.04828 2.04207 0.47282 -0.27919 0.71399 0.35079 0.53779
1403715984784058112 -1.14567 2.04163 0.47682 -0.30351 0.70262 0.38608 0.51493
1403715985034057984 -1.38054 2.02553 0.49029 -0.36750 0.65408 0.45871 0.47614
1403715985134057984 -1.47184 2.00477 0.49610 -0.37677 0.63693 0.48231 0.46877
1403715985234057984 -1.55962 1.97804 0.50198 -0.37957 0.62426 0.49803 0.46711
1403715985334057984 -1.64971 1.94295 0.50978 -0.36996 0.61346 0.51224 0.47371
1403715985434057984 -1.74452 1.89665 0.51954 -0.36565 0.61335 0.51314 0.47622
1403715985534057984 -1.84805 1.84443 0.52560 -0.36041 0.62858 0.50439 0.46966
1403715985634057984 -1.95869 1.78501 0.52847 -0.34563 0.65281 0.49568 0.45681
1403715985784058112 -2.10813 1.69956 0.52746 -0.32533 0.69008 0.48372 0.42891
1403715985884058112 -2.20706 1.65125 0.51539 -0.32275 0.70697 0.47020 0.41826
1403715986034057984 -2.33469 1.59703 0.47460 -0.32896 0.71293 0.45044 0.42498
1403715986134057984 -2.40995 1.56533 0.43329 -0.33449 0.71242 0.43974 0.43267
1403715986234057984 -2.47638 1.54016 0.38422 -0.33899 0.71064 0.43352 0.43833
1403715986334057984 -2.52236 1.51993 0.33648 -0.33575 0.70388 0.43576 0.44938
1403715986484057856 -2.60078 1.47861 0.26836 -0.33037 0.69017 0.44099 0.46908
1403715986584058112 -2.63636 1.45828 0.21181 -0.31881 0.69527 0.45150 0.45947
1403715986684057856 -2.69881 1.41940 0.16212 -0.30521 0.70579 0.46231 0.44156
1403715986784058112 -2.75167 1.39022 0.10676 -0.29879 0.71040 0.46807 0.43239
1403715986934057984 -2.80292 1.38543 0.03814 -0.30504 0.70445 0.46510 0.44088
1403715987034057984 -2.83186 1.39008 -0.00414 -0.31818 0.69840 0.45008 0.45655
1403715987134057984 -2.84346 1.40530 -0.04648 -0.33239 0.69745 0.42775 0.46915
1403715987234057984 -2.85940 1.41360 -0.08249 -0.34234 0.69970 0.40476 0.47895
1403715987384058112 -2.86903 1.41403 -0.13528 -0.33666 0.70365 0.38771 0.49113
1403715987484057856 -2.86696 1.40763 -0.16616 -0.32061 0.70412 0.39192 0.49781
1403715987584058112 -2.85800 1.39915 -0.19215 -0.30768 0.70707 0.39817 0.49683
1403715987734057984 -2.85009 1.38035 -0.23216 -0.29849 0.70814 0.40508 0.49533
1403715987834057984 -2.84709 1.36815 -0.26225 -0.29122 0.71217 0.41239 0.48779
1403715987934057984 -2.84453 1.35534 -0.29421 -0.28489 0.71806 0.41985 0.47640
1403715988034057984 -2.84179 1.34886 -0.32216 -0.28224 0.71984 0.42507 0.47062
1403715988284058112 -2.82685 1.35268 -0.36656 -0.29658 0.70140 0.42344 0.49069
1403715988384058112 -2.82323 1.36022 -0.38138 -0.30233 0.69515 0.42120 0.49795
1403715988484057856 -2.82179 1.36315 -0.39650 -0.30943 0.69430 0.41623 0.49896
1403715988584058112 -2.82194 1.36847 -0.41168 -0.31739 0.69778 0.40947 0.49467
1403715988684057856 -2.82189 1.36418 -0.42365 -0.32570 0.70341 0.40313 0.48644
1403715988884058112 -2.81166 1.34500 -0.44084 -0.31593 0.71299 0.40806 0.47468
1403715988984057856 -2.80059 1.33289 -0.44284 -0.30739 0.71380 0.41251 0.47522
1403715989084058112 -2.78615 1.32213 -0.44383 -0.30139 0.71367 0.41535 0.47679
1403715989184057856 -2.77081 1.31045 -0.44537 -0.29893 0.71304 0.41584 0.47885
1403715989284058112 -2.75298 1.30151 -0.44794 -0.29763 0.71305 0.41575 0.47972
1403715989384058112 -2.73156 1.29521 -0.45036 -0.29740 0.71226 0.41515 0.48154
1403715989484057856 -2.71139 1.28902 -0.45100 -0.29678 0.71276 0.41538 0.48100
1403715989584058112 -2.68616 1.28793 -0.45374 -0.29672 0.71209 0.41525 0.48214
1403715989684057856 -2.66382 1.28583 -0.45456 -0.29901 0.70656 0.41394 0.48991
1403715989784058112 -2.63981 1.28474 -0.45673 -0.30122 0.70148 0.41331 0.49636
1403715989884058112 -2.61290 1.28520 -0.46497 -0.30134 0.69803 0.41478 0.49991
1403715989984057856 -2.59374 1.28191 -0.47560 -0.29916 0.69573 0.41798 0.50175
1403715990084058112 -2.57503 1.27988 -0.48355 -0.29855 0.69497 0.42037 0.50117
1403715990184057856 -2.55906 1.27406 -0.49681 -0.29814 0.69530 0.42262 0.49907
1403715990284058112 -2.54835 1.27099 -0.51155 -0.29671 0.69520 0.42516 0.49790
1403715990384058112 -2.54068 1.26810 -0.52662 -0.29539 0.69456 0.42747 0.49759
1403715990484057856 -2.53268 1.26802 -0.54560 -0.29308 0.69483 0.43006 0.49635
1403715990584058112 -2.53306 1.26879 -0.57612 -0.29197 0.69569 0.43164 0.49443
1403715990684057856 -2.53740 1.27326 -0.60678 -0.28880 0.69792 0.43410 0.49098
1403715990784058112 -2.53793 1.27702 -0.64116 -0.28720 0.69965 0.43571 0.48802
1403715990884058112 -2.54385 1.27676 -0.66970 -0.28515 0.70137 0.43808 0.48463
1403715990984057856 -2.55285 1.28741 -0.69573 -0.28424 0.70103 0.43970 0.48418
