1403715893734057984 0.01552 -0.00797 -0.00116 0.03048 0.80203 -0.04046 0.59513
1403715893834057984 0.00221 0.00088 0.00917 0.03114 0.80474 -0.03559 0.59174
1403715893934057984 -0.00892 0.00732 0.01759 0.03093 0.81082 -0.03662 0.58333
1403715894034057984 -0.01732 0.01403 0.02686 0.03099 0.81871 -0.03784 0.57213
1403715894134057984 -0.01983 0.01940 0.03427 0.03449 0.82526 -0.03627 0.56253
1403715894234057984 -0.02335 0.02933 0.05272 0.04607 0.82044 -0.02999 0.56908
1403715894334057984 -0.02833 0.04614 0.08219 0.05826 0.81542 -0.02240 0.57550
1403715894434057984 -0.03159 0.06727 0.11254 0.06504 0.81340 -0.01973 0.57772
1403715894534057984 -0.03711 0.09792 0.14223 0.06282 0.81717 -0.02327 0.57248
1403715894634057984 -0.03750 0.12919 0.15871 0.06011 0.82049 -0.02699 0.56785
1403715894734057984 -0.03817 0.16906 0.17540 0.05359 0.82200 -0.03214 0.56605
1403715894834057984 -0.03385 0.21779 0.20889 0.04722 0.81908 -0.03667 0.57055
1403715894934057984 -0.02637 0.26143 0.23362 0.04462 0.81497 -0.03803 0.57653
1403715895034057984 -0.01807 0.30503 0.25882 0.04270 0.81259 -0.03923 0.57994
1403715895134057984 -0.01025 0.34856 0.28219 0.04190 0.81215 -0.04026 0.58055
1403715895234057984 0.00948 0.38916 0.30308 0.03976 0.81246 -0.04273 0.58008
1403715895334057984 0.01658 0.43160 0.32273 0.03938 0.81232 -0.04343 0.58025
1403715895434057984 0.02317 0.47668 0.34287 0.03989 0.81198 -0.04375 0.58068
1403715895534057984 0.03276 0.52736 0.36702 0.04018 0.81236 -0.04490 0.58003
1403715895634057984 0.03859 0.57431 0.38894 0.04062 0.81249 -0.04562 0.57977
1403715895734057984 0.04706 0.62282 0.40976 0.04087 0.81279 -0.04670 0.57924
1403715895834057984 0.05563 0.67150 0.42987 0.04142 0.81267 -0.04764 0.57930
1403715895934057984 0.06459 0.71952 0.45016 0.04168 0.81226 -0.04824 0.57980
1403715896034057984 0.07053 0.76567 0.46949 0.03904 0.81258 -0.05052 0.57934
1403715896134057984 0.07840 0.80942 0.48671 0.03247 0.81311 -0.05461 0.57863
1403715896234057984 0.09067 0.85201 0.50127 0.02164 0.81175 -0.06233 0.58026
1403715896334057984 0.09772 0.88565 0.51528 0.00541 0.80775 -0.07330 0.58493
1403715896434057984 0.10210 0.91249 0.53088 -0.00775 0.80486 -0.08208 0.58771
1403715896534057984 0.10796 0.93153 0.54808 -0.01707 0.80172 -0.08829 0.59090
1403715896634057984 0.10545 0.93557 0.56618 -0.02314 0.79744 -0.09220 0.59586
1403715896734057984 0.09703 0.92412 0.58402 -0.02688 0.79506 -0.09414 0.59858
1403715896834057984 0.08355 0.89990 0.60123 -0.03227 0.79802 -0.09653 0.59397
1403715896934057984 0.06778 0.86986 0.62327 -0.04063 0.80072 -0.10190 0.58890
1403715897034057984 0.04961 0.82797 0.64824 -0.05372 0.80213 -0.11068 0.58434
1403715897134057984 0.02830 0.76868 0.67917 -0.05990 0.80241 -0.11551 0.58241
1403715897234057984 0.00138 0.67045 0.70288 -0.05351 0.80397 -0.11143 0.58168
1403715897334057984 -0.02746 0.55130 0.72673 -0.02840 0.80868 -0.09464 0.57988
1403715897434057984 -0.05642 0.41871 0.75259 -0.00089 0.81348 -0.07448 0.57680
1403715897534057984 -0.08241 0.27966 0.77773 0.01362 0.81484 -0.06238 0.57616
1403715897634057984 -0.10522 0.13811 0.79930 0.01204 0.81484 -0.06365 0.57606
1403715897734057984 -0.12493 -0.00659 0.81804 0.00103 0.81329 -0.06921 0.57773
1403715897834057984 -0.14523 -0.15631 0.83615 -0.00634 0.81054 -0.07432 0.58091
1403715897934057984 -0.16469 -0.31307 0.85419 -0.00460 0.80671 -0.07282 0.58642
1403715898034057984 -0.18531 -0.47655 0.87302 0.00268 0.80251 -0.06759 0.59280
1403715898134057984 -0.20166 -0.64804 0.88996 0.01219 0.79416 -0.06119 0.60450
1403715898234057984 -0.22643 -0.81914 0.90577 0.02434 0.78775 -0.06222 0.61236
1403715898334057984 -0.25742 -0.99116 0.91598 0.03746 0.78722 -0.06859 0.61170
1403715898434057984 -0.29234 -1.16214 0.91930 0.04923 0.79154 -0.08001 0.60385
1403715898534057984 -0.33161 -1.32858 0.92009 0.06076 0.79758 -0.09626 0.59238
1403715898634057984 -0.37095 -1.49367 0.91740 0.07378 0.80091 -0.11361 0.58326
1403715898734057984 -0.40887 -1.65505 0.90556 0.08759 0.79653 -0.13161 0.58356
1403715898834057984 -0.44719 -1.81326 0.88206 0.09927 0.79530 -0.14676 0.57974
1403715898934057984 -0.48015 -1.97196 0.84598 0.10600 0.79485 -0.15751 0.57634
1403715899034057984 -0.51577 -2.12547 0.79981 0.11201 0.79414 -0.16499 0.57408
1403715899134057984 -0.54582 -2.27902 0.74415 0.11401 0.79747 -0.17054 0.56741
1403715899234057984 -0.57445 -2.42642 0.69116 0.11916 0.80499 -0.17142 0.55534
1403715899334057984 -0.59407 -2.57043 0.64870 0.12367 0.81380 -0.16962 0.54191
1403715899434057984 -0.60684 -2.70996 0.61943 0.12962 0.82083 -0.16455 0.53138
1403715899534057984 -0.60089 -2.83895 0.60637 0.12964 0.82198 -0.16260 0.53020
1403715899634057984 -0.58082 -2.95658 0.59829 0.12617 0.82219 -0.16273 0.53067
1403715899734057984 -0.55098 -3.07221 0.59040 0.12692 0.82178 -0.15907 0.53223
1403715899834057984 -0.51328 -3.18796 0.58457 0.13383 0.81845 -0.15070 0.53807
1403715899934057984 -0.46560 -3.29662 0.58280 0.14494 0.81426 -0.13894 0.54467
1403715900034057984 -0.40407 -3.39571 0.57861 0.15398 0.81221 -0.12735 0.54807
1403715900134057984 -0.33854 -3.48721 0.57407 0.15912 0.81139 -0.12117 0.54922
1403715900234057984 -0.26646 -3.56669 0.56994 0.16349 0.81070 -0.11652 0.54996
1403715900334057984 -0.18670 -3.63119 0.56697 0.16540 0.81103 -0.11448 0.54934
1403715900434057984 -0.09927 -3.67970 0.56447 0.16414 0.81154 -0.11523 0.54880
1403715900534057984 -0.00567 -3.71163 0.56280 0.14525 0.80753 -0.12844 0.55705
1403715900634057984 0.09345 -3.73648 0.56557 0.12955 0.79766 -0.13925 0.57233
1403715900734057984 0.19137 -3.75334 0.56926 0.11403 0.78342 -0.14996 0.59225
1403715900834057984 0.28393 -3.76672 0.57521 0.11498 0.76849 -0.14959 0.61141
1403715900934057984 0.36675 -3.77431 0.58201 0.12167 0.75885 -0.14589 0.62294
1403715901034057984 0.43894 -3.77341 0.59057 0.12526 0.74960 -0.14286 0.63404
1403715901134057984 0.49577 -3.76672 0.60312 0.12805 0.74079 -0.14110 0.64415
1403715901234057984 0.53442 -3.75154 0.61822 0.12913 0.73326 -0.14146 0.65241
1403715901334057984 0.55624 -3.72698 0.63449 0.12699 0.73197 -0.14503 0.65349
1403715901434057984 0.56324 -3.69452 0.64987 0.12069 0.74132 -0.15149 0.64259
1403715901534057984 0.55660 -3.65507 0.66288 0.11726 0.75457 -0.15592 0.62655
1403715901634057984 0.53337 -3.61206 0.68024 0.12025 0.75995 -0.15601 0.61942
1403715901734057984 0.50395 -3.56399 0.69530 0.12025 0.76422 -0.15713 0.61385
1403715901834057984 0.46735 -3.51058 0.70769 0.11950 0.77183 -0.15858 0.60403
1403715901934057984 0.42642 -3.45398 0.71696 0.11900 0.77725 -0.15893 0.59704
1403715902034057984 0.37916 -3.39453 0.72553 0.11658 0.77925 -0.15824 0.59509
1403715902134057984 0.32434 -3.33407 0.73415 0.11992 0.77828 -0.15513 0.59652
1403715902234057984 0.26780 -3.27047 0.74026 0.12630 0.78021 -0.14930 0.59416
1403715902334057984 0.20997 -3.20288 0.74363 0.13007 0.78616 -0.14508 0.58650
1403715902434057984 0.14952 -3.13103 0.74752 0.13065 0.79103 -0.14329 0.58023
1403715902534057984 0.08955 -3.05322 0.75169 0.12031 0.79514 -0.14967 0.57522
1403715902634057984 0.03155 -2.97224 0.75641 0.10843 0.79964 -0.15334 0.57036
1403715902734057984 -0.02451 -2.89134 0.75889 0.09538 0.80636 -0.14993 0.56409
1403715902834057984 -0.07509 -2.81185 0.75189 0.08275 0.81415 -0.13928 0.55759
1403715902934057984 -0.11851 -2.73451 0.73441 0.07184 0.82134 -0.12326 0.55230
1403715903034057984 -0.15548 -2.65964 0.71571 0.06439 0.82468 -0.10099 0.55277
1403715903134057984 -0.18558 -2.58643 0.69833 0.05845 0.82643 -0.07508 0.55494
1403715903234057984 -0.21106 -2.51352 0.68315 0.05180 0.82783 -0.05391 0.55598
1403715903334057984 -0.22645 -2.43881 0.66859 0.04046 0.83269 -0.04344 0.55055
1403715903434057984 -0.23944 -2.36353 0.65852 0.02592 0.83827 -0.03391 0.54359
1403715903534057984 -0.23740 -2.28640 0.66208 0.01191 0.84113 -0.02014 0.54033
1403715903634057984 -0.22141 -2.21062 0.68066 -0.00230 0.84128 -0.00119 0.54060
1403715903734057984 -0.19343 -2.14676 0.71946 -0.01853 0.83794 0.02241 0.54499
1403715903834057984 -0.15622 -2.07300 0.76624 -0.04246 0.83014 0.04344 0.55423
1403715903934057984 -0.10818 -2.01546 0.82618 -0.06851 0.82016 0.06994 0.56369
1403715904034057984 -0.05653 -1.95730 0.88363 -0.09452 0.81012 0.10108 0.56969
1403715904134057984 -0.00811 -1.89242 0.93842 -0.12124 0.80120 0.13281 0.57074
1403715904234057984 0.04266 -1.84312 0.98858 -0.14230 0.79349 0.17010 0.56673
1403715904334057984 0.09118 -1.79285 1.03646 -0.15606 0.78125 0.21100 0.56637
1403715904434057984 0.13834 -1.74167 1.07650 -0.17145 0.76720 0.24653 0.56677
1403715904534057984 0.18284 -1.69131 1.10468 -0.18323 0.75336 0.27891 0.56664
1403715904634057984 0.22489 -1.63865 1.12212 -0.19334 0.73823 0.30986 0.56712
1403715904734057984 0.25866 -1.58268 1.12517 -0.21358 0.72431 0.33559 0.56315
1403715904834057984 0.28563 -1.52454 1.12040 -0.24468 0.71502 0.35767 0.54859
1403715904934057984 0.30789 -1.46728 1.10259 -0.27563 0.70013 0.38267 0.53611
1403715905034057984 0.32666 -1.41149 1.07489 -0.30438 0.67970 0.41008 0.52650
1403715905134057984 0.33484 -1.36207 1.03553 -0.33127 0.65420 0.43709 0.52080
1403715905234057984 0.34477 -1.32191 0.98819 -0.34962 0.62963 0.46271 0.51694
1403715905334057984 0.34042 -1.29235 0.93719 -0.35629 0.61528 0.49264 0.50179
1403715905434057984 0.33192 -1.27506 0.88941 -0.36200 0.60369 0.52056 0.48325
1403715905534057984 0.31008 -1.26199 0.84266 -0.36881 0.59245 0.54589 0.46367
1403715905634057984 0.28011 -1.26397 0.80057 -0.38729 0.58249 0.56576 0.43661
1403715905734057984 0.24163 -1.26458 0.76128 -0.41044 0.57209 0.58241 0.40627
1403715905834057984 0.20247 -1.26895 0.72159 -0.43100 0.55435 0.60351 0.37777
1403715905934057984 0.16387 -1.27135 0.68101 -0.44171 0.53334 0.63313 0.34582
1403715906034057984 0.12693 -1.27375 0.64239 -0.44694 0.50485 0.66687 0.31727
1403715906134057984 0.09021 -1.26460 0.60743 -0.45671 0.46584 0.69594 0.30014
1403715906234057984 0.05327 -1.25882 0.57913 -0.47234 0.41590 0.71975 0.29306
1403715906334057984 0.00906 -1.24752 0.55218 -0.48599 0.37124 0.74116 0.27690
1403715906434057984 -0.03854 -1.24724 0.52245 -0.49877 0.32895 0.75971 0.25664
1403715906534057984 -0.09281 -1.24039 0.49727 0.51514 -0.28901 -0.77175 -0.23560
1403715906634057984 -0.15689 -1.22947 0.48085 0.53149 -0.25655 -0.78054 -0.20606
1403715906734057984 -0.22132 -1.22331 0.47774 0.54762 -0.22679 -0.78705 -0.17098
1403715906834057984 -0.28488 -1.22248 0.48385 0.55893 -0.19418 -0.79460 -0.13598
1403715906934057984 -0.34727 -1.22290 0.48549 0.56969 -0.15625 -0.80001 -0.10503
1403715907034057984 -0.40536 -1.22763 0.47663 0.57826 -0.11438 -0.80401 -0.07817
1403715907134057984 -0.46178 -1.23487 0.45926 0.57962 -0.06498 -0.81016 -0.05884
1403715907234057984 -0.51416 -1.24530 0.45221 0.58041 -0.01439 -0.81346 -0.03463
1403715907334057984 -0.56031 -1.26322 0.45973 0.58013 0.03332 -0.81383 -0.00403
1403715907434057984 -0.60282 -1.28870 0.47880 0.58044 0.08158 -0.80987 0.02308
1403715907534057984 -0.64035 -1.32098 0.50378 0.57822 0.12581 -0.80472 0.04745
1403715907634057984 -0.67181 -1.35904 0.52797 0.57477 0.16274 -0.79859 0.07356
1403715907734057984 -0.69465 -1.40157 0.55243 0.57463 0.19270 -0.78872 0.10288
1403715907834057984 -0.71238 -1.44759 0.57476 0.57486 0.22055 -0.77680 0.13218
1403715907934057984 -0.72424 -1.49607 0.59423 0.57108 0.24540 -0.76584 0.16474
1403715908034057984 -0.72771 -1.54333 0.61083 0.56381 0.27262 -0.75423 0.19731
1403715908134057984 -0.72550 -1.58790 0.62448 0.55560 0.30353 -0.73973 0.22796
1403715908234057984 -0.71641 -1.62851 0.63463 0.54339 0.33824 -0.72429 0.25634
1403715908334057984 -0.69937 -1.66340 0.64316 0.52854 0.37403 -0.70735 0.28356
1403715908434057984 -0.67994 -1.69423 0.65313 0.51197 0.40964 -0.68852 0.30988
1403715908534057984 -0.65323 -1.71748 0.66577 -0.49540 -0.44581 0.66589 -0.33530
1403715908634057984 -0.62400 -1.73439 0.67798 -0.47927 -0.48246 0.63927 -0.35898
1403715908734057984 -0.59238 -1.74554 0.68779 -0.46477 -0.51583 0.60924 -0.38307
1403715908834057984 -0.55968 -1.75098 0.69428 -0.44697 -0.54400 0.58110 -0.40819
1403715908934057984 -0.52629 -1.74903 0.69747 0.42322 0.57346 -0.55689 0.42650
1403715909034057984 -0.48938 -1.73626 0.69771 0.40116 0.60556 -0.53058 0.43686
1403715909134057984 -0.45039 -1.71673 0.69534 0.38133 0.63483 -0.50319 0.44540
1403715909234057984 -0.40970 -1.69841 0.69160 0.36056 0.65873 -0.47794 0.45567
1403715909334057984 -0.36597 -1.67778 0.68502 0.34063 0.67786 -0.45322 0.46804
1403715909434057984 -0.31696 -1.65795 0.67587 0.32449 0.69578 -0.42701 0.47776
1403715909534057984 -0.26423 -1.63296 0.66345 0.31389 0.71349 -0.39521 0.48602
1403715909634057984 -0.20696 -1.60338 0.64663 0.29850 0.73143 -0.36194 0.49488
1403715909734057984 -0.13755 -1.58503 0.62463 0.27449 0.74630 -0.32949 0.50905
1403715909834057984 -0.06801 -1.54412 0.60369 0.24453 0.76013 -0.29358 0.52556
1403715909934057984 0.00588 -1.49563 0.58272 0.20721 0.76820 -0.25460 0.54965
1403715910034057984 0.07830 -1.44011 0.56093 0.16865 0.77464 -0.20934 0.57242
1403715910134057984 0.14389 -1.38098 0.53686 0.13070 0.78433 -0.15978 0.58500
1403715910234057984 0.20437 -1.31621 0.51114 0.09504 0.79526 -0.11147 0.58830
1403715910334057984 0.25734 -1.24811 0.48715 0.06219 0.80057 -0.06737 0.59218
1403715910434057984 0.30095 -1.18041 0.46496 0.03438 0.79883 -0.02715 0.59996
1403715910534057984 0.33134 -1.11060 0.44446 0.00939 0.79318 0.01021 0.60883
1403715910634057984 0.35450 -1.03984 0.42624 -0.01543 0.78961 0.04354 0.61187
1403715910734057984 0.36651 -0.96975 0.41138 -0.04106 0.78828 0.07376 0.60950
1403715910834057984 0.36894 -0.89924 0.40114 -0.06514 0.78483 0.10333 0.60755
1403715910934057984 0.36351 -0.82895 0.39158 -0.08985 0.78105 0.13199 0.60371
1403715911034057984 0.34482 -0.76126 0.38313 -0.11587 0.77663 0.15957 0.59829
1403715911134057984 0.31721 -0.69593 0.37643 -0.14256 0.76604 0.18627 0.59847
1403715911234057984 0.27252 -0.63955 0.36769 -0.16884 0.75481 0.21450 0.59644
1403715911334057984 0.22680 -0.58270 0.35836 -0.19298 0.74688 0.24415 0.58764
1403715911434057984 0.17260 -0.52961 0.34839 -0.21622 0.74051 0.27257 0.57498
1403715911534057984 0.11636 -0.47416 0.33064 -0.23681 0.73750 0.29898 0.55734
1403715911634057984 0.04996 -0.42785 0.31517 -0.25065 0.73481 0.32811 0.53812
1403715911734057984 -0.01828 -0.38850 0.30500 -0.25864 0.72686 0.35974 0.52475
1403715911834057984 -0.08708 -0.34937 0.30527 -0.26798 0.71547 0.38808 0.51545
1403715911934057984 -0.15800 -0.31399 0.31998 -0.28053 0.70313 0.41117 0.50779
1403715912034057984 -0.23094 -0.28180 0.34723 -0.29503 0.69267 0.42881 0.49928
1403715912134057984 -0.30473 -0.25163 0.38070 -0.31090 0.68459 0.44132 0.48981
1403715912234057984 -0.38040 -0.22515 0.41334 -0.32527 0.67633 0.45336 0.48088
1403715912334057984 -0.45378 -0.20166 0.44462 -0.33839 0.66674 0.46567 0.47339
1403715912434057984 -0.52225 -0.17956 0.47355 -0.34926 0.65721 0.47984 0.46459
1403715912534057984 -0.59667 -0.15791 0.50019 -0.36099 0.64594 0.49516 0.45526
1403715912634057984 -0.67044 -0.13610 0.52624 -0.37401 0.63305 0.51270 0.44328
1403715912734057984 -0.74203 -0.11809 0.55283 -0.38908 0.61566 0.53294 0.43076
1403715912834057984 -0.81453 -0.10259 0.57851 -0.40613 0.59395 0.55664 0.41526
1403715912934057984 -0.88690 -0.09000 0.59519 -0.42416 0.56786 0.58306 0.39708
1403715913034057984 -0.95820 -0.08050 0.59688 -0.44265 0.54069 0.60784 0.37716
1403715913134057984 -1.02746 -0.07187 0.58578 -0.45872 0.51181 0.63176 0.35847
1403715913234057984 -1.10060 -0.06446 0.57321 -0.47724 0.48116 0.65080 0.34232
1403715913334057984 -1.16736 -0.06155 0.56087 -0.49158 0.44686 0.66811 0.33510
1403715913434057984 -1.23157 -0.05976 0.54969 -0.49922 0.41648 0.68213 0.33469
1403715913534057984 -1.29204 -0.06857 0.53898 0.50509 -0.39260 -0.68939 -0.33984
1403715913634057984 -1.35700 -0.08614 0.52819 0.50294 -0.37024 -0.69602 -0.35430
1403715913734057984 -1.42519 -0.11632 0.51921 0.50066 -0.35952 -0.69962 -0.36140
1403715913834057984 -1.49953 -0.16109 0.51094 -0.49648 0.36448 0.70377 0.35408
1403715913934057984 -1.58402 -0.21925 0.50612 -0.49096 0.37551 0.70750 0.34263
1403715914034057984 -1.67216 -0.29010 0.50421 -0.48735 0.38384 0.70847 0.33649
1403715914134057984 -1.76850 -0.36261 0.50636 -0.48257 0.38816 0.70853 0.33828
1403715914234057984 -1.86904 -0.44636 0.50863 -0.48134 0.40332 0.70457 0.33050
1403715914334057984 -1.97296 -0.53396 0.51180 -0.47328 0.42820 0.70133 0.31748
1403715914434057984 -2.07956 -0.62111 0.51575 -0.45843 0.45346 0.69945 0.30820
1403715914534057984 -2.18687 -0.70444 0.52202 -0.44341 0.47426 0.69584 0.30704
1403715914634057984 -2.29502 -0.78140 0.52987 -0.43311 0.49699 0.68697 0.30577
1403715914734057984 -2.40433 -0.84739 0.53637 -0.42687 0.52703 0.67207 0.29724
1403715914834057984 -2.51243 -0.89853 0.54031 -0.42593 0.56106 0.65248 0.27941
1403715914934057984 -2.61356 -0.93665 0.54560 -0.42539 0.58598 0.63605 0.26667
1403715915034057984 -2.70151 -0.95149 0.55121 -0.42590 0.60010 0.62433 0.26211
1403715915134057984 -2.77507 -0.94627 0.55869 -0.42704 0.60720 0.61686 0.26159
1403715915234057984 -2.83402 -0.91927 0.56900 -0.43110 0.60289 0.61266 0.27445
1403715915334057984 -2.88594 -0.88150 0.58309 -0.43238 0.58384 0.61558 0.30535
1403715915434057984 -2.92157 -0.82544 0.58685 -0.42970 0.56332 0.62198 0.33342
1403715915534057984 -2.95099 -0.75985 0.57413 -0.42983 0.55018 0.62511 0.34898
1403715915634057984 -2.97767 -0.68971 0.54833 -0.42844 0.53897 0.62913 0.36076
1403715915734057984 -3.00444 -0.61702 0.51649 -0.42561 0.53266 0.63396 0.36500
1403715915834057984 -3.03366 -0.54421 0.48271 -0.42320 0.53566 0.63790 0.35644
1403715915934057984 -3.06184 -0.46612 0.44894 -0.42029 0.53918 0.64217 0.34679
1403715916034057984 -3.09305 -0.38375 0.41875 -0.42514 0.53739 0.64097 0.34587
1403715916134057984 -3.12301 -0.29766 0.38931 -0.42841 0.53701 0.63627 0.35106
1403715916234057984 -3.15136 -0.20965 0.35997 -0.42929 0.54239 0.62509 0.36165
1403715916334057984 -3.17835 -0.11735 0.33209 -0.42399 0.55405 0.61042 0.37502
1403715916434057984 -3.20329 -0.02660 0.30430 -0.41797 0.57053 0.59139 0.38737
1403715916534057984 -3.22629 0.06350 0.27476 -0.40802 0.59249 0.57060 0.39609
1403715916634057984 -3.24695 0.15602 0.24959 -0.39602 0.61489 0.54805 0.40586
1403715916734057984 -3.26352 0.24587 0.22244 -0.38889 0.63697 0.52345 0.41114
1403715916834057984 -3.27428 0.33571 0.19878 -0.38511 0.65538 0.50140 0.41324
1403715916934057984 -3.27871 0.42611 0.17959 -0.38823 0.66960 0.47899 0.41411
1403715917034057984 -3.27034 0.51198 0.16652 -0.39084 0.67789 0.46167 0.41781
1403715917134057984 -3.24873 0.59689 0.15925 -0.38946 0.67206 0.44972 0.44092
1403715917234057984 -3.21551 0.67494 0.15669 -0.37295 0.65632 0.44537 0.48145
1403715917334057984 -3.18264 0.74379 0.15352 -0.35530 0.65047 0.43830 0.50848
1403715917434057984 -3.15388 0.80104 0.15078 -0.34443 0.65217 0.43146 0.51951
1403715917534057984 -3.13158 0.84776 0.14716 -0.33921 0.66610 0.42675 0.50905
1403715917634057984 -3.11194 0.88694 0.13749 -0.34108 0.67995 0.42110 0.49397
1403715917734057984 -3.09101 0.91948 0.12239 -0.35104 0.68188 0.41244 0.49163
1403715917834057984 -3.06873 0.93955 0.10627 -0.35895 0.67485 0.40720 0.49992
1403715917934057984 -3.04763 0.94385 0.09542 -0.36205 0.66652 0.40700 0.50895
1403715918034057984 -3.02827 0.93293 0.08919 -0.35707 0.65946 0.41244 0.51720
1403715918134057984 -3.00848 0.91312 0.08600 -0.34047 0.65922 0.41856 0.52376
1403715918234057984 -2.99336 0.88092 0.08056 -0.32894 0.66271 0.41380 0.53046
1403715918334057984 -2.98136 0.84336 0.06443 -0.32753 0.67570 0.39776 0.52721
1403715918434057984 -2.97350 0.79611 0.03925 -0.32555 0.69860 0.37996 0.51148
1403715918534057984 -2.96488 0.74142 0.00213 -0.31929 0.71910 0.36417 0.49833
1403715918634057984 -2.95213 0.67993 -0.04301 -0.31104 0.73208 0.35159 0.49365
1403715918734057984 -2.93315 0.61213 -0.08254 -0.29495 0.73790 0.35011 0.49592
1403715918834057984 -2.90886 0.54199 -0.10799 -0.27222 0.74007 0.35847 0.49968
1403715918934057984 -2.88277 0.47210 -0.12132 -0.25101 0.74618 0.36997 0.49329
1403715919034057984 -2.85381 0.40746 -0.12225 -0.23771 0.75407 0.37797 0.48168
1403715919134057984 -2.82288 0.35291 -0.10763 -0.22467 0.75487 0.38792 0.47876
1403715919234057984 -2.78782 0.31131 -0.09574 -0.21120 0.74496 0.40021 0.49017
1403715919334057984 -2.75613 0.28787 -0.07808 -0.20315 0.72935 0.40993 0.50867
1403715919434057984 -2.73170 0.27773 -0.07002 -0.21340 0.72490 0.40511 0.51466
1403715919534057984 -2.71267 0.27780 -0.07693 -0.22942 0.72566 0.39478 0.51472
1403715919634057984 -2.69665 0.28566 -0.09776 -0.24011 0.72657 0.38685 0.51458
1403715919734057984 -2.68436 0.29733 -0.12892 -0.24159 0.72662 0.38472 0.51541
1403715919834057984 -2.67461 0.31464 -0.16849 -0.23758 0.72461 0.38657 0.51871
1403715919934057984 -2.67022 0.33543 -0.21133 -0.23474 0.72524 0.38865 0.51757
1403715920034057984 -2.66970 0.36242 -0.24710 -0.23359 0.73101 0.39052 0.50848
1403715920134057984 -2.67308 0.39559 -0.26915 -0.23486 0.73587 0.39125 0.50026
1403715920234057984 -2.67719 0.43647 -0.27633 -0.23960 0.73892 0.39006 0.49441
1403715920334057984 -2.68063 0.48671 -0.26725 -0.25289 0.73583 0.38701 0.49479
1403715920434057984 -2.68278 0.54147 -0.24962 -0.26634 0.73071 0.38425 0.49747
1403715920534057984 -2.68426 0.59758 -0.22956 -0.27917 0.72400 0.38081 0.50287
1403715920634057984 -2.68390 0.65245 -0.21119 -0.29056 0.71708 0.37675 0.50935
1403715920734057984 -2.68515 0.70128 -0.19025 -0.30010 0.70908 0.37527 0.51606
1403715920834057984 -2.68857 0.74476 -0.15895 -0.30808 0.70167 0.37967 0.51826
1403715920934057984 -2.69492 0.78077 -0.11866 -0.31545 0.69906 0.38894 0.51043
1403715921034057984 -2.69796 0.80345 -0.06816 -0.32158 0.70149 0.40276 0.49223
1403715921134057984 -2.70218 0.82289 -0.01403 -0.32426 0.70052 0.41895 0.47813
1403715921234057984 -2.70216 0.83862 0.04155 -0.32628 0.69593 0.43150 0.47226
1403715921334057984 -2.69829 0.85205 0.09606 -0.32304 0.69095 0.44342 0.47076
1403715921434057984 -2.69222 0.86527 0.15087 -0.31659 0.68706 0.45439 0.47038
1403715921534057984 -2.68588 0.88111 0.20831 -0.31358 0.68515 0.45962 0.47008
1403715921634057984 -2.67927 0.90112 0.27297 -0.31244 0.68372 0.46128 0.47131
1403715921734057984 -2.67439 0.92457 0.34768 -0.31305 0.68531 0.45986 0.46998
1403715921834057984 -2.66907 0.94996 0.42337 -0.31949 0.68776 0.45400 0.46775
1403715921934057984 -2.66312 0.97858 0.49095 -0.32380 0.68933 0.44886 0.46744
1403715922034057984 -2.65567 1.00666 0.54857 -0.32392 0.68991 0.44628 0.46897
1403715922134057984 -2.64688 1.03460 0.60763 -0.32537 0.68780 0.44296 0.47418
1403715922234057984 -2.63641 1.06168 0.67555 -0.32963 0.68416 0.43811 0.48097
1403715922334057984 -2.62565 1.08605 0.75501 -0.33176 0.68004 0.43570 0.48748
1403715922434057984 -2.61595 1.10485 0.83800 -0.32739 0.67664 0.43901 0.49218
1403715922534057984 -2.60769 1.11942 0.91745 -0.32822 0.67622 0.43930 0.49195
1403715922634057984 -2.60122 1.13039 0.99327 -0.33397 0.67607 0.43603 0.49120
1403715922734057984 -2.59567 1.13583 1.05863 -0.33483 0.67576 0.43578 0.49125
1403715922834057984 -2.59108 1.13763 1.10919 -0.32987 0.67440 0.43999 0.49272
1403715922934057984 -2.58831 1.13652 1.14516 -0.32489 0.67353 0.44399 0.49363
1403715923034057984 -2.58838 1.13612 1.17564 -0.32178 0.67257 0.44630 0.49489
1403715923134057984 -2.59295 1.13270 1.20689 -0.31861 0.67364 0.44839 0.49360
1403715923234057984 -2.60183 1.12440 1.24343 -0.31384 0.67723 0.45178 0.48863
1403715923334057984 -2.61430 1.11556 1.29126 -0.31461 0.68269 0.45177 0.48048
1403715923434057984 -2.62869 1.11090 1.34189 -0.32290 0.68883 0.44629 0.47124
1403715923534057984 -2.64143 1.10504 1.38315 -0.33336 0.69383 0.43898 0.46343
1403715923634057984 -2.65050 1.09725 1.40574 -0.34335 0.69663 0.43193 0.45854
1403715923734057984 -2.65426 1.08786 1.40455 -0.35058 0.69701 0.42709 0.45701
1403715923834057984 -2.65287 1.07458 1.37917 -0.35524 0.69403 0.42409 0.46073
1403715923934057984 -2.64491 1.05951 1.34042 -0.35979 0.68626 0.42116 0.47141
1403715924034057984 -2.63068 1.03872 1.29239 -0.35976 0.67869 0.42179 0.48172
1403715924134057984 -2.61458 1.00992 1.23519 -0.35432 0.67298 0.42574 0.49020
1403715924234057984 -2.59832 0.97368 1.17564 -0.34707 0.67158 0.43097 0.49273
1403715924334057984 -2.58214 0.92964 1.11817 -0.34075 0.67317 0.43535 0.49112
1403715924434057984 -2.56800 0.88089 1.06203 -0.33434 0.67801 0.43913 0.48547
1403715924534057984 -2.55168 0.83036 1.00643 -0.32692 0.68548 0.44333 0.47613
1403715924634057984 -2.53458 0.77925 0.95113 -0.32556 0.69214 0.44176 0.46883
1403715924734057984 -2.51477 0.72630 0.89766 -0.32812 0.70070 0.42991 0.46533
1403715924834057984 -2.48788 0.67439 0.84601 -0.32660 0.70878 0.41326 0.46924
1403715924934057984 -2.45392 0.61939 0.79540 -0.31973 0.71718 0.39242 0.47899
1403715925034057984 -2.41343 0.55948 0.74589 -0.30716 0.72099 0.36972 0.49913
1403715925134057984 -2.36995 0.49513 0.70907 -0.29052 0.72140 0.34686 0.52428
1403715925234057984 -2.32637 0.42441 0.68417 -0.27388 0.72770 0.32288 0.53962
1403715925334057984 -2.28715 0.34622 0.67158 -0.25852 0.74137 0.29716 0.54336
1403715925434057984 -2.25014 0.26129 0.66710 -0.24338 0.75920 0.27009 0.53984
1403715925534057984 -2.21351 0.17198 0.66376 -0.22636 0.77689 0.24411 0.53443
1403715925634057984 -2.17337 0.07888 0.66122 -0.20762 0.78916 0.21854 0.53512
1403715925734057984 -2.13197 -0.02199 0.66121 -0.18877 0.79645 0.19177 0.54153
1403715925834057984 -2.08644 -0.12836 0.66025 -0.16971 0.80237 0.16430 0.54809
1403715925934057984 -2.03978 -0.23926 0.65827 -0.14746 0.80559 0.13768 0.55707
1403715926034057984 -1.99126 -0.35413 0.65465 -0.12501 0.80651 0.10950 0.56739
1403715926134057984 -1.94515 -0.47451 0.64245 -0.10701 0.80332 0.07503 0.58103
1403715926234057984 -1.90454 -0.59817 0.61729 -0.08699 0.79976 0.03933 0.59267
1403715926334057984 -1.87042 -0.72666 0.58034 -0.06289 0.79603 0.00547 0.60195
1403715926434057984 -1.84443 -0.86100 0.53747 -0.03278 0.79026 -0.02394 0.61143
1403715926534057984 -1.82888 -0.99812 0.49305 -0.00106 0.78329 -0.05071 0.61958
1403715926634057984 -1.82392 -1.13553 0.44552 0.02816 0.78483 -0.07727 0.61424
1403715926734057984 -1.83068 -1.27220 0.39810 0.05366 0.79071 -0.10491 0.60075
1403715926834057984 -1.84595 -1.40761 0.35687 0.08258 0.79685 -0.12620 0.58505
1403715926934057984 -1.86545 -1.53428 0.32677 0.10618 0.80046 -0.14634 0.57147
1403715927034057984 -1.88700 -1.65729 0.31138 0.12431 0.79994 -0.16573 0.56318
1403715927134057984 -1.90390 -1.77581 0.30117 0.14307 0.79247 -0.18231 0.56416
1403715927234057984 -1.92027 -1.88670 0.29109 0.17414 0.78365 -0.18949 0.56538
1403715927334057984 -1.93589 -1.98522 0.28236 0.20478 0.77457 -0.19505 0.56575
1403715927434057984 -1.95164 -2.07001 0.27665 0.22793 0.76000 -0.20448 0.57327
1403715927534057984 -1.96834 -2.14100 0.27052 0.23413 0.74083 -0.22647 0.58742
1403715927634057984 -1.99057 -2.19590 0.26435 0.23787 0.72137 -0.25371 0.59890
1403715927734057984 -2.02197 -2.23986 0.25541 0.24954 0.70699 -0.28185 0.59871
1403715927834057984 -2.06587 -2.26730 0.24419 0.27394 0.69808 -0.30818 0.58537
1403715927934057984 -2.11943 -2.27729 0.23199 0.30194 0.69041 -0.33582 0.56514
1403715928034057984 -2.17779 -2.26969 0.21426 0.32787 0.68111 -0.36762 0.54171
1403715928134057984 -2.24101 -2.24702 0.18514 0.34378 0.66653 -0.40803 0.52064
1403715928234057984 -2.30578 -2.21319 0.14339 0.35904 0.64598 -0.44970 0.50157
1403715928334057984 -2.37166 -2.16966 0.09369 0.38211 0.61569 -0.48347 0.49110
1403715928434057984 -2.43906 -2.11482 0.04044 0.40592 0.58444 -0.51141 0.48180
1403715928534057984 -2.50930 -2.04600 -0.01677 0.41657 0.56205 -0.54284 0.46464
1403715928634057984 -2.57943 -1.96581 -0.07181 -0.41941 -0.54827 0.57000 -0.44564
1403715928734057984 -2.64837 -1.87636 -0.11486 -0.41804 -0.54773 0.58912 -0.42211
1403715928834057984 -2.71621 -1.78420 -0.14205 -0.40122 -0.56099 0.60760 -0.39388
1403715928934057984 -2.78428 -1.69830 -0.14062 -0.37739 -0.58109 0.61630 -0.37428
1403715929034057984 -2.84774 -1.62798 -0.10815 -0.35208 -0.60414 0.61582 -0.36307
1403715929134057984 -2.90732 -1.57952 -0.05584 0.33223 0.62407 -0.61085 0.35639
1403715929234057984 -2.96714 -1.55278 -0.00432 0.32097 0.64285 -0.60108 0.34989
1403715929334057984 -3.01499 -1.55925 0.05093 0.33770 0.65908 -0.57571 0.34658
1403715929434057984 -3.06124 -1.57665 0.09502 0.37846 0.67054 -0.53563 0.34677
1403715929534057984 -3.09234 -1.60310 0.13287 0.42158 0.67620 -0.49570 0.34540
1403715929634057984 -3.09989 -1.63131 0.16867 0.45337 0.67700 -0.46811 0.34205
1403715929734057984 -3.07662 -1.65627 0.19963 0.44669 0.66825 -0.47960 0.35199
1403715929834057984 -3.03316 -1.67575 0.23054 0.42441 0.65000 -0.50451 0.37796
1403715929934057984 -2.97248 -1.69863 0.25229 0.40157 0.62313 -0.52758 0.41486
1403715930034057984 -2.90473 -1.72161 0.26218 0.38341 0.59838 -0.54456 0.44541
1403715930134057984 -2.83901 -1.74020 0.26491 0.36690 0.57721 -0.55873 0.46909
1403715930234057984 -2.78211 -1.75365 0.26729 -0.35352 -0.56109 0.57011 -0.48495
1403715930334057984 -2.74087 -1.76075 0.27046 -0.34832 -0.55419 0.57664 -0.48891
1403715930434057984 -2.71735 -1.76455 0.27039 -0.34840 -0.56339 0.58024 -0.47385
1403715930534057984 -2.70587 -1.76567 0.26073 -0.34836 -0.57619 0.58408 -0.45333
1403715930634057984 -2.70473 -1.76802 0.24370 -0.34422 -0.58724 0.58965 -0.43471
1403715930734057984 -2.71417 -1.77749 0.23258 -0.33838 -0.59134 0.59566 -0.42545
1403715930834057984 -2.73318 -1.79689 0.23696 -0.33932 -0.59531 0.59702 -0.41719
1403715930934057984 -2.75771 -1.82544 0.25945 0.35157 0.60565 -0.59027 0.40145
1403715931034057984 -2.78624 -1.86379 0.28535 0.35647 0.61528 -0.58749 0.38628
1403715931134057984 -2.81406 -1.91351 0.30091 0.35272 0.62218 -0.59057 0.37377
1403715931234057984 -2.83924 -1.97696 0.31551 0.35044 0.62486 -0.59230 0.36867
1403715931334057984 -2.86089 -2.05602 0.34245 0.35020 0.62264 -0.59315 0.37129
1403715931434057984 -2.88043 -2.15243 0.38178 0.35340 0.61919 -0.59082 0.37768
1403715931534057984 -2.89895 -2.26139 0.42031 0.35626 0.61726 -0.58759 0.38315
1403715931634057984 -2.91367 -2.37898 0.44753 0.36162 0.61791 -0.58154 0.38631
1403715931734057984 -2.92662 -2.50454 0.45887 0.36769 0.62025 -0.57388 0.38828
1403715931834057984 -2.93646 -2.63499 0.46133 0.37124 0.62041 -0.56768 0.39371
1403715931934057984 -2.94093 -2.76952 0.46706 0.38013 0.61546 -0.55819 0.40638
1403715932034057984 -2.94645 -2.90890 0.47368 0.38946 0.60795 -0.54828 0.42202
1403715932134057984 -2.94696 -3.04394 0.48651 0.40531 0.59672 -0.53401 0.44100
1403715932234057984 -2.94437 -3.16950 0.50590 0.42722 0.58196 -0.51570 0.46136
1403715932334057984 -2.93830 -3.27941 0.53015 0.44685 0.56374 -0.49835 0.48391
1403715932434057984 -2.93009 -3.36649 0.55570 0.46128 0.54934 -0.48508 0.50015
1403715932534057984 -2.92049 -3.42282 0.58106 0.47007 0.53750 -0.47557 0.51377
1403715932634057984 -2.91147 -3.44368 0.60928 0.47904 0.52394 -0.46541 0.52858
1403715932734057984 -2.90292 -3.42405 0.63947 0.48656 0.51354 -0.45729 0.53890
1403715932834057984 -2.89652 -3.36075 0.66911 0.48886 0.51201 -0.45704 0.53849
1403715932934057984 -2.89224 -3.25910 0.69592 0.47430 0.53071 -0.47721 0.51542
1403715933034057984 -2.88920 -3.12490 0.72001 0.44575 0.55884 -0.50884 0.47968
1403715933134057984 -2.88549 -2.97109 0.74499 0.41733 0.58344 -0.53654 0.44449
1403715933234057984 -2.88066 -2.80893 0.76981 0.38730 0.60580 -0.56144 0.40962
1403715933334057984 -2.87421 -2.65152 0.79277 0.35512 0.62392 -0.58469 0.37783
1403715933434057984 -2.86549 -2.51034 0.81416 0.31646 0.63575 -0.61070 0.35031
1403715933534057984 -2.85649 -2.39708 0.83716 0.27947 0.64352 -0.63447 0.32438
1403715933634057984 -2.84782 -2.32357 0.86537 0.25498 0.64990 -0.64972 0.30080
1403715933734057984 -2.84716 -2.29812 0.90084 0.24757 0.65832 -0.65258 0.28187
1403715933834057984 -2.84719 -2.32697 0.94606 0.25297 0.66164 -0.65008 0.27502
1403715933934057984 -2.82999 -2.40030 1.00481 0.28237 0.64736 -0.64492 0.29200
1403715934034057984 -2.82588 -2.52102 1.07646 0.33427 0.62294 -0.62057 0.33927
1403715934134057984 -2.82145 -2.66201 1.15016 0.39112 0.58979 -0.58704 0.39315
1403715934234057984 -2.81658 -2.80310 1.20698 0.44114 0.55365 -0.55166 0.44107
1403715934334057984 -2.81163 -2.93105 1.24055 0.47487 0.52627 -0.52324 0.47302
1403715934434057984 -2.80582 -3.03327 1.26245 0.49885 0.50378 -0.49964 0.49771
1403715934534057984 -2.79750 -3.10414 1.27173 0.51590 0.48526 -0.47987 0.51778
1403715934634057984 -2.78899 -3.13262 1.27580 0.52721 0.47077 -0.46369 0.53425
1403715934734057984 -2.78040 -3.11174 1.28096 0.52859 0.46331 -0.45577 0.54609
1403715934834057984 -2.77455 -3.03782 1.29329 0.51876 0.46688 -0.46017 0.54878
1403715934934057984 -2.77005 -2.91163 1.30694 0.49146 0.49741 -0.48828 0.52214
1403715935034057984 -2.76898 -2.74558 1.31807 0.45353 0.53190 -0.52423 0.48639
1403715935134057984 -2.77026 -2.55787 1.31886 0.41510 0.56400 -0.55784 0.44543
1403715935234057984 -2.77282 -2.36250 1.30830 0.38137 0.58890 -0.58430 0.40785
1403715935334057984 -2.77441 -2.17395 1.28690 0.35574 0.60712 -0.60244 0.37674
1403715935434057984 -2.77459 -1.99581 1.25590 0.33706 0.62031 -0.61442 0.35227
1403715935534057984 -2.77703 -1.83682 1.21595 0.32332 0.63008 -0.62151 0.33495
1403715935634057984 -2.77781 -1.70497 1.17026 0.31345 0.63659 -0.62649 0.32251
1403715935734057984 -2.77667 -1.60552 1.12622 0.30269 0.64295 -0.63179 0.30956
1403715935834057984 -2.77279 -1.54398 1.08605 0.29306 0.64815 -0.63679 0.29750
1403715935934057984 -2.75706 -1.52829 1.05590 0.29142 0.64781 -0.64086 0.29106
1403715936034057984 -2.74878 -1.55027 1.03626 0.31144 0.63851 -0.63233 0.30898
1403715936134057984 -2.73890 -1.60482 1.02677 0.35239 0.61813 -0.61162 0.34591
1403715936234057984 -2.72959 -1.71598 1.02311 0.39543 0.59307 -0.58654 0.38455
1403715936334057984 -2.71769 -1.82379 1.01883 0.43157 0.56617 -0.56298 0.41982
1403715936434057984 -2.70156 -1.91307 1.01199 -0.45173 -0.54420 0.54947 -0.44483
1403715936534057984 -2.68445 -1.97908 0.99962 -0.46087 -0.53072 0.54355 -0.45878
1403715936634057984 -2.66768 -2.02203 0.98556 -0.46396 -0.51898 0.54146 -0.47140
1403715936734057984 -2.65199 -2.04093 0.97418 -0.46332 -0.51395 0.54285 -0.47593
1403715936834057984 -2.63732 -2.03629 0.96320 -0.45653 -0.52384 0.55064 -0.46257
1403715936934057984 -2.62423 -2.01439 0.95051 -0.44878 -0.53358 0.55864 -0.44924
1403715937034057984 -2.61116 -1.97760 0.93719 -0.43888 -0.54321 0.56308 -0.44187
1403715937134057984 -2.59837 -1.93292 0.92104 -0.42191 -0.55880 0.56638 -0.43468
1403715937234057984 -2.58329 -1.88183 0.90293 0.40550 0.57601 -0.56292 0.43233
1403715937334057984 -2.56753 -1.82790 0.87744 0.39044 0.59388 -0.55245 0.43550
1403715937434057984 -2.55239 -1.77177 0.84149 0.37795 0.61008 -0.53701 0.44338
1403715937534057984 -2.53819 -1.71621 0.79188 0.35845 0.62907 -0.52888 0.44280
1403715937634057984 -2.52328 -1.66631 0.73275 0.33431 0.65312 -0.52558 0.43062
1403715937734057984 -2.50907 -1.62345 0.67512 0.31377 0.67316 -0.51911 0.42300
1403715937834057984 -2.49256 -1.59053 0.62169 0.29813 0.68876 -0.50915 0.42130
1403715937934057984 -2.47201 -1.57118 0.57290 0.28510 0.70183 -0.49720 0.42303
1403715938034057984 -2.44750 -1.56814 0.52531 0.27271 0.71550 -0.48227 0.42556
1403715938134057984 -2.41382 -1.57499 0.48815 0.26008 0.72935 -0.46607 0.42800
1403715938234057984 -2.37375 -1.60177 0.46349 0.24863 0.74204 -0.44651 0.43380
1403715938334057984 -2.32450 -1.64700 0.45804 0.25271 0.74895 -0.41407 0.45140
1403715938434057984 -2.26626 -1.70121 0.46513 0.25654 0.75190 -0.38060 0.47326
1403715938534057984 -2.20224 -1.76214 0.47777 0.25092 0.75208 -0.35349 0.49645
1403715938634057984 -2.13326 -1.82294 0.48323 0.24127 0.75382 -0.33568 0.51075
1403715938734057984 -2.06440 -1.88534 0.48642 0.22886 0.76128 -0.32808 0.51033
1403715938834057984 -1.99149 -1.95084 0.48377 0.21542 0.77543 -0.32766 0.49491
1403715938934057984 -1.91391 -2.01995 0.47890 0.20283 0.78854 -0.32956 0.47798
1403715939034057984 -1.82889 -2.09532 0.47309 0.19226 0.79810 -0.33149 0.46496
1403715939134057984 -1.73425 -2.18113 0.46819 0.18901 0.80175 -0.32943 0.46147
1403715939234057984 -1.62446 -2.28105 0.46821 0.19924 0.78721 -0.31985 0.48816
1403715939334057984 -1.50878 -2.38581 0.47249 0.21372 0.76411 -0.30730 0.52538
1403715939434057984 -1.39361 -2.48847 0.47509 0.22763 0.73876 -0.29611 0.56102
1403715939534057984 -1.28450 -2.58345 0.47637 0.24037 0.71682 -0.28633 0.58857
1403715939634057984 -1.18719 -2.66434 0.48100 0.25367 0.69278 -0.27720 0.61552
1403715939734057984 -1.10882 -2.72431 0.49325 0.26692 0.66588 -0.26812 0.64302
1403715939834057984 -1.05437 -2.75822 0.51260 0.27609 0.64738 -0.26346 0.65975
1403715939934057984 -1.02919 -2.75954 0.54188 0.28146 0.64008 -0.26256 0.66494
1403715940034057984 -1.02786 -2.72920 0.57509 0.27857 0.65585 -0.27074 0.64727
1403715940134057984 -1.04261 -2.67414 0.61090 0.26491 0.69199 -0.28779 0.60675
1403715940234057984 -1.08252 -2.59578 0.65207 0.24827 0.72647 -0.30402 0.56408
1403715940334057984 -1.12783 -2.50709 0.69156 0.22849 0.75738 -0.31928 0.52175
1403715940434057984 -1.17100 -2.41766 0.72919 0.20848 0.78418 -0.33319 0.48019
1403715940534057984 -1.20509 -2.33581 0.76384 0.18645 0.80726 -0.34739 0.43918
1403715940634057984 -1.22275 -2.27050 0.79632 0.16038 0.82724 -0.36389 0.39692
1403715940734057984 -1.20432 -2.23382 0.83131 0.13930 0.84048 -0.37908 0.36124
1403715940834057984 -1.16557 -2.23750 0.87287 0.13387 0.85090 -0.37465 0.34305
1403715940934057984 -1.08768 -2.28261 0.92393 0.14715 0.84607 -0.36646 0.35808
1403715941034057984 -0.97730 -2.36165 0.98512 0.17650 0.82010 -0.35310 0.41425
1403715941134057984 -0.84825 -2.45933 1.05224 0.21230 0.77616 -0.33398 0.49087
1403715941234057984 -0.71695 -2.55855 1.11808 0.24363 0.72636 -0.31326 0.56117
1403715941334057984 -0.59639 -2.64705 1.17715 0.25825 0.68729 -0.30059 0.60876
1403715941434057984 -0.49287 -2.72085 1.22526 0.26589 0.65878 -0.29219 0.64027
1403715941534057984 -0.40491 -2.77734 1.24954 0.26720 0.64247 -0.28850 0.65772
1403715941634057984 -0.34441 -2.81470 1.25634 0.26728 0.62716 -0.28511 0.67376
1403715941734057984 -0.31071 -2.82744 1.25004 0.26659 0.60727 -0.28101 0.69367
1403715941834057984 -0.31268 -2.81107 1.23730 0.26853 0.58939 -0.27517 0.71049
1403715941934057984 -0.35251 -2.76771 1.21928 0.27141 0.58860 -0.27269 0.71100
1403715942034057984 -0.43038 -2.69189 1.19219 0.26821 0.61968 -0.28079 0.68207
1403715942134057984 -0.54135 -2.58632 1.15474 0.25544 0.66693 -0.29638 0.63412
1403715942234057984 -0.66556 -2.46740 1.09902 0.23692 0.71250 -0.31321 0.58147
1403715942334057984 -0.79723 -2.34140 1.01968 0.21452 0.75392 -0.33080 0.52550
1403715942434057984 -0.92515 -2.21789 0.92209 0.19510 0.78051 -0.34432 0.48392
1403715942534057984 -1.04197 -2.10422 0.81616 0.17713 0.79857 -0.35655 0.45143
1403715942634057984 -1.14770 -2.00772 0.71040 0.16521 0.81566 -0.36115 0.42069
1403715942734057984 -1.23244 -1.93585 0.60973 0.15912 0.82739 -0.36119 0.39956
1403715942834057984 -1.28570 -1.89662 0.51268 0.15858 0.83181 -0.35924 0.39229
1403715942934057984 -1.31141 -1.88831 0.42311 0.16077 0.83226 -0.35535 0.39399
1403715943034057984 -1.30621 -1.90772 0.34551 0.16829 0.83047 -0.34854 0.40064
1403715943134057984 -1.27013 -1.95726 0.28612 0.18188 0.82684 -0.33736 0.41164
1403715943234057984 -1.21027 -2.02595 0.24768 0.19568 0.80801 -0.32776 0.44878
1403715943334057984 -1.12861 -2.11002 0.22807 0.21175 0.77485 -0.31327 0.50658
1403715943434057984 -1.04515 -2.19091 0.21976 0.22681 0.73874 -0.29211 0.56347
1403715943534057984 -0.96892 -2.26227 0.21087 0.23381 0.71405 -0.27543 0.59968
1403715943634057984 -0.90482 -2.32006 0.19995 0.23864 0.69803 -0.26655 0.62029
1403715943734057984 -0.85596 -2.36437 0.18819 0.24152 0.68232 -0.26425 0.63741
1403715943834057984 -0.82985 -2.38625 0.18442 0.24877 0.66476 -0.26262 0.65363
1403715943934057984 -0.83202 -2.38268 0.19368 0.25529 0.65300 -0.26271 0.66287
1403715944034057984 -0.86624 -2.35049 0.21673 0.24815 0.66381 -0.27265 0.65072
1403715944134057984 -0.92699 -2.29134 0.24334 0.22275 0.70478 -0.29080 0.60754
1403715944234057984 -1.00222 -2.22185 0.27032 0.18921 0.75136 -0.30430 0.55412
1403715944334057984 -1.08262 -2.15112 0.29356 0.15937 0.79210 -0.30578 0.50366
1403715944434057984 -1.15462 -2.09043 0.30911 0.13638 0.82220 -0.29447 0.46763
1403715944534057984 -1.21419 -2.04024 0.31690 0.11574 0.84567 -0.27639 0.44165
1403715944634057984 -1.25164 -2.01053 0.33025 0.09468 0.86130 -0.25576 0.42870
1403715944734057984 -1.25856 -2.00491 0.34671 0.07510 0.87193 -0.23362 0.42370
1403715944834057984 -1.22176 -2.02436 0.37465 0.06831 0.87668 -0.20854 0.42810
1403715944934057984 -1.15824 -2.06211 0.40778 0.08084 0.86447 -0.17241 0.46521
1403715945034057984 -1.08557 -2.11266 0.44335 0.09407 0.83538 -0.12776 0.52629
1403715945134057984 -1.00513 -2.16126 0.48002 0.10533 0.79833 -0.09491 0.58529
1403715945234057984 -0.93142 -2.20306 0.50984 0.11279 0.77017 -0.07526 0.62326
1403715945334057984 -0.87083 -2.23468 0.53900 0.11760 0.74608 -0.06573 0.65209
1403715945434057984 -0.83172 -2.25035 0.57194 0.12273 0.72136 -0.06103 0.67886
1403715945534057984 -0.82207 -2.24701 0.60592 0.12219 0.70103 -0.06258 0.69979
1403715945634057984 -0.84431 -2.22614 0.62861 0.10824 0.72412 -0.07750 0.67671
1403715945734057984 -0.89062 -2.19395 0.64908 0.09364 0.76298 -0.09368 0.63270
1403715945834057984 -0.95667 -2.15387 0.66569 0.08547 0.80101 -0.10463 0.58320
1403715945934057984 -1.02015 -2.11411 0.68681 0.07790 0.83536 -0.11400 0.53208
1403715946034057984 -1.07522 -2.07401 0.70838 0.06825 0.86002 -0.11773 0.49178
1403715946134057984 -1.10414 -2.03948 0.73707 0.05735 0.87764 -0.11438 0.46193
1403715946234057984 -1.10479 -2.00910 0.76511 0.04579 0.89209 -0.10443 0.43723
1403715946334057984 -1.06585 -1.98841 0.80132 0.03631 0.89774 -0.08803 0.43011
1403715946434057984 -1.00212 -1.97070 0.83840 0.03631 0.88598 -0.06261 0.45803
1403715946534057984 -0.91260 -1.95542 0.87804 0.03580 0.85920 -0.04166 0.50867
1403715946634057984 -0.80928 -1.93843 0.91900 0.03189 0.82437 -0.02877 0.56442
1403715946734057984 -0.70734 -1.91994 0.95846 0.02719 0.79298 -0.02072 0.60828
1403715946834057984 -0.61299 -1.89958 0.99174 0.02205 0.77282 -0.01665 0.63403
1403715946934057984 -0.53263 -1.87850 1.01835 0.02010 0.75813 -0.01332 0.65166
1403715947034057984 -0.46971 -1.85755 1.03465 0.02137 0.74450 -0.01134 0.66719
1403715947134057984 -0.43481 -1.83412 1.05790 0.01950 0.72142 -0.01398 0.69209
1403715947234057984 -0.43190 -1.81024 1.08314 0.01978 0.69418 -0.01798 0.71931
1403715947334057984 -0.46518 -1.78356 1.09499 0.01855 0.69251 -0.02459 0.72075
1403715947434057984 -0.53362 -1.75504 1.09195 0.01971 0.72486 -0.03033 0.68795
1403715947534057984 -0.64260 -1.72359 1.07150 0.01431 0.76518 -0.03716 0.64258
1403715947634057984 -0.76118 -1.69360 1.03636 0.00292 0.80287 -0.04570 0.59439
1403715947734057984 -0.87463 -1.66438 0.99207 -0.00736 0.83585 -0.05324 0.54631
1403715947834057984 -0.98058 -1.64329 0.94285 -0.00490 0.85792 -0.05043 0.51129
1403715947934057984 -1.07497 -1.63268 0.88162 0.00015 0.87593 -0.04327 0.48050
1403715948034057984 -1.14522 -1.61864 0.82115 0.00301 0.89169 -0.03676 0.45114
1403715948134057984 -1.18027 -1.60523 0.76486 0.00405 0.90343 -0.03202 0.42752
1403715948234057984 -1.17344 -1.59956 0.71723 0.00361 0.90689 -0.02782 0.42044
1403715948334057984 -1.12158 -1.59565 0.68215 0.00227 0.89545 -0.02528 0.44444
1403715948434057984 -1.03312 -1.59560 0.65529 0.00184 0.87021 -0.02536 0.49202
1403715948534057984 -0.93287 -1.59691 0.63108 0.00714 0.84058 -0.02339 0.54114
1403715948634057984 -0.82802 -1.59875 0.60599 0.01422 0.81184 -0.02300 0.58326
1403715948734057984 -0.72339 -1.60130 0.57835 0.02134 0.78565 -0.02370 0.61785
1403715948834057984 -0.63588 -1.60290 0.54768 0.02657 0.76659 -0.02493 0.64110
1403715948934057984 -0.56333 -1.60247 0.51783 0.02481 0.75232 -0.02489 0.65786
1403715949034057984 -0.51433 -1.59995 0.49200 0.01849 0.73874 -0.01947 0.67346
1403715949134057984 -0.49240 -1.59390 0.46731 0.00801 0.73503 -0.01071 0.67790
1403715949234057984 -0.49560 -1.58536 0.44003 -0.00401 0.75554 0.00228 0.65508
1403715949334057984 -0.51762 -1.57554 0.41246 -0.01697 0.78915 0.01787 0.61371
1403715949434057984 -0.55594 -1.56950 0.38612 -0.02669 0.82553 0.03303 0.56276
1403715949534057984 -0.58965 -1.56419 0.36386 -0.03439 0.85108 0.04856 0.52165
1403715949634057984 -0.61190 -1.55799 0.34520 -0.04279 0.86589 0.06690 0.49388
1403715949734057984 -0.61423 -1.54808 0.33191 -0.05286 0.87661 0.08619 0.47046
1403715949834057984 -0.58790 -1.53343 0.32202 -0.05840 0.88107 0.10987 0.45633
1403715949934057984 -0.52997 -1.51339 0.32201 -0.06062 0.87755 0.13776 0.45526
1403715950034057984 -0.44922 -1.48377 0.32832 -0.05883 0.86689 0.16881 0.46534
1403715950134057984 -0.34997 -1.43849 0.33766 -0.06366 0.84255 0.19489 0.49807
1403715950234057984 -0.23716 -1.37839 0.34906 -0.08192 0.80844 0.20246 0.54655
1403715950334057984 -0.12141 -1.30703 0.35796 -0.10727 0.77595 0.19575 0.58999
1403715950434057984 -0.02242 -1.24071 0.36720 -0.12627 0.74752 0.18716 0.62470
1403715950534057984 0.05713 -1.18430 0.38071 -0.13677 0.72136 0.17985 0.65466
1403715950634057984 0.11322 -1.13378 0.39209 -0.14127 0.70678 0.17444 0.67088
1403715950734057984 0.14000 -1.09122 0.40404 -0.14512 0.69360 0.16973 0.68488
1403715950834057984 0.13111 -1.06066 0.42320 -0.14949 0.68212 0.16659 0.69614
1403715950934057984 0.09008 -1.04154 0.44314 -0.15202 0.68219 0.16679 0.69547
1403715951034057984 0.01628 -1.03694 0.45593 -0.15404 0.71359 0.17081 0.66173
1403715951134057984 -0.08370 -1.04518 0.46892 -0.14976 0.75266 0.18010 0.61534
1403715951234057984 -0.19678 -1.06066 0.48035 -0.14043 0.79080 0.19674 0.56232
1403715951334057984 -0.31161 -1.07450 0.49198 -0.13627 0.81974 0.21284 0.51396
1403715951434057984 -0.41663 -1.08215 0.50477 -0.13504 0.83839 0.22985 0.47544
1403715951534057984 -0.50368 -1.08145 0.51827 -0.13689 0.85162 0.24631 0.44196
1403715951634057984 -0.56702 -1.06738 0.53578 -0.14030 0.85850 0.26345 0.41700
1403715951734057984 -0.60066 -1.03554 0.55643 -0.14554 0.86009 0.28068 0.40036
1403715951834057984 -0.59754 -0.98966 0.58029 -0.15582 0.85525 0.29968 0.39302
1403715951934057984 -0.56500 -0.91753 0.61209 -0.17793 0.83466 0.30949 0.41940
1403715952034057984 -0.51252 -0.82895 0.65012 -0.20936 0.79833 0.31512 0.46856
1403715952134057984 -0.44670 -0.73333 0.68888 -0.24499 0.75486 0.31655 0.51958
1403715952234057984 -0.37868 -0.64546 0.72344 -0.27417 0.71886 0.31999 0.55288
1403715952334057984 -0.31457 -0.57323 0.75170 -0.29546 0.69310 0.32324 0.57256
1403715952434057984 -0.25819 -0.51716 0.77772 -0.31133 0.67222 0.32528 0.58769
1403715952534057984 -0.21580 -0.48207 0.80342 -0.32295 0.65635 0.33113 0.59603
1403715952634057984 -0.19075 -0.46987 0.83150 -0.33703 0.63958 0.33525 0.60411
1403715952734057984 -0.17226 -0.48709 0.85689 -0.35185 0.61776 0.33304 0.61940
1403715952834057984 -0.17830 -0.53365 0.88528 -0.36257 0.59896 0.32991 0.63320
1403715952934057984 -0.20074 -0.61256 0.90510 -0.35485 0.61636 0.34358 0.61331
1403715953034057984 -0.23864 -0.72287 0.91433 -0.33236 0.65751 0.37223 0.56451
1403715953134057984 -0.28502 -0.84848 0.91242 -0.30497 0.69872 0.40137 0.50762
1403715953234057984 -0.33519 -0.97978 0.89898 -0.27930 0.73120 0.42266 0.45683
1403715953334057984 -0.37985 -1.10900 0.87665 -0.26248 0.74984 0.43674 0.42201
1403715953434057984 -0.41525 -1.22166 0.84587 -0.25037 0.76203 0.45130 0.39110
1403715953534057984 -0.43263 -1.31876 0.81765 -0.24544 0.76569 0.46944 0.36484
1403715953634057984 -0.43921 -1.37567 0.79238 -0.24277 0.76378 0.48974 0.34331
1403715953734057984 -0.42785 -1.39670 0.77524 -0.24279 0.75759 0.51009 0.32698
1403715953834057984 -0.39356 -1.36772 0.77403 -0.24257 0.74598 0.52826 0.32499
1403715953934057984 -0.36608 -1.28606 0.77949 -0.23572 0.72903 0.53533 0.35549
1403715954034057984 -0.30761 -1.18434 0.78318 -0.23929 0.68538 0.55202 0.41020
1403715954134057984 -0.25416 -1.05832 0.77724 -0.25955 0.64667 0.54899 0.46158
1403715954234057984 -0.21074 -0.91300 0.76549 -0.29082 0.61529 0.53103 0.50483
1403715954334057984 -0.19062 -0.77998 0.75202 -0.32708 0.59680 0.50449 0.53136
1403715954434057984 -0.18323 -0.65032 0.72955 -0.36916 0.58748 0.47301 0.54300
1403715954534057984 -0.19445 -0.54785 0.71625 -0.40145 0.57251 0.44628 0.55848
1403715954634057984 -0.21873 -0.47306 0.70677 -0.42229 0.55534 0.42793 0.57458
1403715954734057984 -0.25700 -0.43848 0.69798 -0.43208 0.54743 0.42012 0.58063
1403715954834057984 -0.30763 -0.44245 0.69086 -0.42537 0.55730 0.42772 0.57056
1403715954934057984 -0.36879 -0.48166 0.68176 -0.40680 0.58011 0.44463 0.54798
1403715955034057984 -0.44036 -0.55028 0.67278 -0.37951 0.60978 0.46583 0.51686
1403715955134057984 -0.51643 -0.63618 0.66622 -0.35524 0.64003 0.48214 0.48136
1403715955234057984 -0.59055 -0.72835 0.65847 -0.33343 0.67209 0.49444 0.43891
1403715955334057984 -0.66536 -0.81421 0.65314 -0.31112 0.69525 0.50495 0.40603
1403715955434057984 -0.73590 -0.88138 0.65106 -0.29358 0.71253 0.51138 0.38026
1403715955534057984 -0.79545 -0.92971 0.65112 -0.28454 0.72810 0.51536 0.35115
1403715955634057984 -0.83975 -0.95209 0.65553 -0.28105 0.73659 0.52338 0.32331
1403715955734057984 -0.86732 -0.93907 0.66680 -0.28145 0.72996 0.53724 0.31514
1403715955834057984 -0.87815 -0.88756 0.69162 -0.30836 0.69972 0.54458 0.34458
1403715955934057984 -0.87839 -0.81410 0.72045 -0.34994 0.65771 0.54558 0.38379
1403715956034057984 -0.87280 -0.72940 0.75117 -0.39076 0.60745 0.54752 0.42253
1403715956134057984 -0.86736 -0.64842 0.77829 -0.42091 0.55950 0.55542 0.44867
1403715956234057984 -0.87073 -0.58190 0.79989 -0.44372 0.51984 0.56755 0.45910
1403715956334057984 -0.87891 -0.53486 0.82148 -0.46536 0.48886 0.58076 0.45516
1403715956434057984 -0.89149 -0.51405 0.84673 -0.49837 0.45393 0.58425 0.45192
1403715956534057984 -0.90370 -0.52279 0.87519 0.53354 -0.41855 -0.58214 -0.44862
1403715956634057984 -0.91396 -0.55920 0.90268 0.55707 -0.39589 -0.58280 -0.43965
1403715956734057984 -0.91892 -0.62994 0.92815 0.55903 -0.39478 -0.59564 -0.42054
1403715956834057984 -0.92045 -0.73315 0.95146 0.54727 -0.40846 -0.61534 -0.39371
1403715956934057984 -0.91694 -0.85807 0.97445 0.52370 -0.42848 -0.63889 -0.36601
1403715957034057984 -0.90977 -1.00048 0.98775 -0.49007 0.45093 0.66473 0.33858
1403715957134057984 -0.90384 -1.13960 0.99670 -0.45773 0.47133 0.68504 0.31472
1403715957234057984 -0.89967 -1.27560 0.98906 -0.42752 0.49085 0.70176 0.28952
1403715957334057984 -0.89926 -1.40227 0.96646 -0.39673 0.51099 0.71641 0.26124
1403715957434057984 -0.90382 -1.50462 0.93546 -0.36614 0.52574 0.72994 0.23816
1403715957534057984 -0.91681 -1.57909 0.90040 -0.34107 0.53668 0.73960 0.22053
1403715957634057984 -0.94009 -1.61411 0.86363 -0.32236 0.54147 0.74750 0.21009
1403715957734057984 -0.97683 -1.60501 0.82966 -0.32079 0.53672 0.75010 0.21535
1403715957834057984 -1.02943 -1.54866 0.80509 -0.35387 0.52255 0.73747 0.24052
1403715957934057984 -1.09579 -1.45681 0.79148 -0.40768 0.49646 0.71512 0.27553
1403715958034057984 -1.16966 -1.35067 0.78135 -0.46119 0.46346 0.69188 0.30627
1403715958134057984 -1.24546 -1.24141 0.75251 0.50947 -0.42743 -0.67046 -0.32897
1403715958234057984 -1.32188 -1.14344 0.72812 0.54977 -0.39444 -0.65215 -0.34187
1403715958334057984 -1.39365 -1.05904 0.69667 0.57836 -0.36547 -0.64159 -0.34683
1403715958434057984 -1.45385 -1.00387 0.67018 0.60630 -0.33882 -0.63008 -0.34727
1403715958534057984 -1.49640 -0.98185 0.64490 0.63154 -0.31565 -0.62040 -0.34150
1403715958634057984 -1.52095 -0.99625 0.61500 0.64101 -0.30477 -0.62660 -0.32186
1403715958734057984 -1.52294 -1.04393 0.58706 0.63935 -0.30298 -0.64457 -0.28979
1403715958834057984 -1.50347 -1.11760 0.55786 0.62472 -0.30894 -0.67388 -0.24528
1403715958934057984 -1.46589 -1.20827 0.53072 0.60262 -0.31774 -0.70545 -0.19553
1403715959034057984 -1.40947 -1.30243 0.50209 0.57322 -0.31878 -0.73860 -0.15577
1403715959134057984 -1.34138 -1.38996 0.47371 0.54177 -0.30614 -0.77105 -0.13504
1403715959234057984 -1.27202 -1.46346 0.44707 0.51229 -0.28080 -0.80083 -0.13184
1403715959334057984 -1.20687 -1.52395 0.42018 -0.47902 0.25889 0.82954 0.12400
1403715959434057984 -1.15238 -1.57615 0.39300 -0.44198 0.24905 0.85437 0.11258
1403715959534057984 -1.12040 -1.61289 0.37021 -0.41356 0.24332 0.87134 0.10258
1403715959634057984 -1.12220 -1.62564 0.36038 -0.40271 0.22756 0.88111 0.09841
1403715959734057984 -1.17654 -1.61457 0.37314 -0.42565 0.21395 0.87336 0.10140
1403715959834057984 -1.25963 -1.58465 0.40195 -0.48231 0.19538 0.84742 0.10529
1403715959934057984 -1.35817 -1.54840 0.43497 0.54645 -0.17434 -0.81134 -0.11277
1403715960034057984 -1.45732 -1.51402 0.46324 0.60416 -0.15651 -0.77199 -0.12054
1403715960134057984 -1.54345 -1.48598 0.48228 0.64522 -0.14363 -0.73981 -0.12547
1403715960234057984 -1.60668 -1.46636 0.49980 0.67290 -0.13299 -0.71559 -0.13213
1403715960334057984 -1.64092 -1.46064 0.51745 0.69134 -0.12600 -0.69794 -0.13802
1403715960434057984 -1.64142 -1.47013 0.53832 0.70721 -0.12138 -0.68197 -0.14152
1403715960534057984 -1.60719 -1.49785 0.55937 0.70282 -0.12241 -0.68618 -0.14214
1403715960634057984 -1.54252 -1.54079 0.57303 0.66634 -0.13050 -0.72089 -0.13885
1403715960734057984 -1.45390 -1.59666 0.58613 0.62074 -0.14010 -0.75972 -0.13368
1403715960834057984 -1.35340 -1.66214 0.59791 0.56274 -0.15175 -0.80262 -0.12690
1403715960934057984 -1.25261 -1.73256 0.61091 0.50215 -0.16266 -0.84088 -0.11958
1403715961034057984 -1.16703 -1.80222 0.62721 -0.45638 0.17076 0.86565 0.11492
1403715961134057984 -1.10563 -1.86274 0.64335 -0.41724 0.17881 0.88437 0.10876
1403715961234057984 -1.08195 -1.91263 0.66416 -0.38938 0.19096 0.89567 0.09849
1403715961334057984 -1.10073 -1.94657 0.69366 -0.39581 0.20292 0.89143 0.08666
1403715961434057984 -1.16181 -1.96895 0.73275 -0.43372 0.20812 0.87300 0.08033
1403715961534057984 -1.25138 -1.96822 0.77937 -0.48199 0.19490 0.85085 0.07580
1403715961634057984 -1.35348 -1.95889 0.82970 0.53201 -0.16918 -0.82623 -0.07537
1403715961734057984 -1.45998 -1.94146 0.87737 0.58022 -0.13715 -0.79927 -0.07548
1403715961834057984 -1.55869 -1.92440 0.91658 0.62280 -0.10444 -0.77140 -0.07850
1403715961934057984 -1.64535 -1.91040 0.94113 0.65388 -0.07829 -0.74828 -0.07989
1403715962034057984 -1.71237 -1.90278 0.95693 0.69115 -0.05820 -0.71655 -0.07402
1403715962134057984 -1.74884 -1.90331 0.96284 0.72299 -0.04157 -0.68692 -0.06087
1403715962234057984 -1.74772 -1.91262 0.95710 0.73557 -0.02743 -0.67549 -0.04363
1403715962334057984 -1.70728 -1.92946 0.94179 0.72870 -0.01866 -0.68433 -0.01858
1403715962434057984 -1.62501 -1.94910 0.91810 0.71019 -0.01676 -0.70374 0.01025
1403715962534057984 -1.50963 -1.96855 0.88487 0.67912 -0.01821 -0.73243 0.04483
1403715962634057984 -1.37042 -1.97814 0.84013 0.63491 -0.01948 -0.76829 0.07898
1403715962734057984 -1.21705 -1.97250 0.78568 0.59710 -0.01727 -0.79497 0.10580
1403715962834057984 -1.06233 -1.95049 0.72202 0.56051 -0.00533 -0.81968 0.11800
1403715962934057984 -0.91449 -1.91014 0.64950 0.52706 0.02041 -0.84207 0.11278
1403715963034057984 -0.77223 -1.86212 0.56553 -0.48996 -0.06020 0.86502 -0.08979
1403715963134057984 -0.65036 -1.80963 0.46610 -0.44967 -0.09473 0.88485 -0.07656
1403715963234057984 -0.55383 -1.76007 0.35502 -0.41423 -0.12239 0.89888 -0.07381
1403715963334057984 -0.48992 -1.72003 0.23443 -0.38977 -0.14605 0.90589 -0.07813
1403715963434057984 -0.47135 -1.69642 0.12155 -0.41946 -0.16774 0.88724 -0.09342
1403715963534057984 -0.49003 -1.68424 0.02093 -0.48433 -0.18779 0.84649 -0.11666
1403715963634057984 -0.52079 -1.67836 -0.07188 0.53937 0.20449 -0.80465 0.14070
1403715963734057984 -0.55389 -1.67814 -0.15185 0.57281 0.21974 -0.77377 0.15775
1403715963834057984 -0.57824 -1.67838 -0.21949 0.58436 0.22948 -0.75888 0.17312
1403715963934057984 -0.58961 -1.67458 -0.27113 0.58110 0.23743 -0.75694 0.18167
1403715964034057984 -0.59229 -1.66732 -0.31301 0.56666 0.24540 -0.76464 0.18440
1403715964134057984 -0.58888 -1.65852 -0.34073 0.53732 0.26628 -0.78305 0.16497
1403715964234057984 -0.58595 -1.65745 -0.34190 0.51694 0.27818 -0.79468 0.15449
1403715964334057984 -0.58782 -1.66895 -0.31058 0.52039 0.27169 -0.79223 0.16656
1403715964434057984 -0.58752 -1.68828 -0.26968 0.52778 0.26469 -0.78736 0.17734
1403715964534057984 -0.59170 -1.71100 -0.24061 0.53263 0.26492 -0.78372 0.17860
1403715964634057984 -0.59704 -1.73827 -0.20851 0.53334 0.26246 -0.78326 0.18212
1403715964734057984 -0.60516 -1.76787 -0.17308 0.53572 0.25302 -0.78157 0.19531
1403715964834057984 -0.61850 -1.79767 -0.11840 0.54040 0.24030 -0.77699 0.21567
1403715964934057984 -0.63109 -1.82120 -0.06526 0.55181 0.23530 -0.76700 0.22772
1403715965034057984 -0.64572 -1.83733 -0.02027 0.56711 0.23577 -0.75350 0.23459
1403715965134057984 -0.65526 -1.84400 0.00970 0.58567 0.23752 -0.73717 0.23908
1403715965234057984 -0.65773 -1.84024 0.02180 0.57131 0.25259 -0.74796 0.22439
1403715965334057984 -0.65581 -1.83058 0.02944 0.52875 0.27300 -0.77918 0.19692
1403715965434057984 -0.65499 -1.82090 0.03839 -0.47892 -0.28506 0.81192 -0.17367
1403715965534057984 -0.66661 -1.82165 0.05366 -0.44421 -0.29141 0.83292 -0.15491
1403715965634057984 -0.69724 -1.84014 0.07774 -0.43797 -0.29207 0.83724 -0.14802
1403715965734057984 -0.74854 -1.87687 0.11429 -0.47945 -0.28582 0.81432 -0.15911
1403715965834057984 -0.80956 -1.92400 0.15602 0.53688 0.27313 -0.77733 0.18143
1403715965934057984 -0.86815 -1.97297 0.19322 0.58576 0.26030 -0.74055 0.20179
1403715966034057984 -0.91726 -2.01473 0.22488 0.61724 0.25375 -0.71350 0.21341
1403715966134057984 -0.94572 -2.04500 0.25803 0.64798 0.24606 -0.68399 0.22744
1403715966234057984 -0.94790 -2.05739 0.29111 0.65722 0.24484 -0.67383 0.23253
1403715966334057984 -0.92526 -2.05133 0.31885 0.62838 0.25395 -0.70131 0.22095
1403715966434057984 -0.88063 -2.03061 0.34551 0.58427 0.26470 -0.74029 0.20132
1403715966534057984 -0.82552 -2.00493 0.36847 0.52574 0.27409 -0.78573 0.17636
1403715966634057984 -0.77189 -1.98310 0.39144 -0.47612 -0.27781 0.81981 -0.15507
1403715966734057984 -0.73285 -1.97445 0.41628 -0.44535 -0.27671 0.83967 -0.14157
1403715966834057984 -0.71332 -1.98224 0.44209 -0.42686 -0.27567 0.85110 -0.13197
1403715966934057984 -0.72003 -2.01183 0.47324 -0.44785 -0.27188 0.84112 -0.13425
1403715967034057984 -0.74763 -2.05918 0.51295 -0.49765 -0.26478 0.81292 -0.14626
1403715967134057984 -0.78179 -2.11819 0.55432 0.55467 0.25256 -0.77566 0.16403
1403715967234057984 -0.81008 -2.17463 0.59435 0.60605 0.24057 -0.73675 0.17898
1403715967334057984 -0.82216 -2.22408 0.63435 0.65173 0.22723 -0.69707 0.19420
1403715967434057984 -0.80930 -2.26015 0.67036 0.67076 0.21837 -0.67911 0.20299
1403715967534057984 -0.76755 -2.27951 0.70212 0.66080 0.21651 -0.68720 0.21027
1403715967634057984 -0.70026 -2.28379 0.72988 0.62865 0.22278 -0.71155 0.22104
1403715967734057984 -0.61424 -2.26705 0.75634 0.58218 0.23487 -0.74194 0.23542
1403715967834057984 -0.52065 -2.23867 0.77824 0.52745 0.25035 -0.77294 0.24835
1403715967934057984 -0.43388 -2.20084 0.79539 -0.48312 -0.26791 0.79307 -0.25665
1403715968034057984 -0.36195 -2.15802 0.80156 -0.44907 -0.29603 0.80717 -0.24327
1403715968134057984 -0.31073 -2.11824 0.79922 -0.42415 -0.32604 0.81579 -0.21971
1403715968234057984 -0.27823 -2.08989 0.79354 -0.42246 -0.34196 0.81281 -0.20960
1403715968334057984 -0.26410 -2.07562 0.78358 -0.45545 -0.34146 0.79242 -0.21917
1403715968434057984 -0.25981 -2.06979 0.76225 -0.49478 -0.33361 0.76736 -0.23462
1403715968534057984 -0.26015 -2.06553 0.72850 0.53190 0.32268 -0.74182 0.25033
1403715968634057984 -0.26265 -2.05798 0.68482 0.56567 0.31329 -0.71603 0.26299
1403715968734057984 -0.25834 -2.04109 0.63787 0.59386 0.30570 -0.69283 0.27178
1403715968834057984 -0.24037 -2.00773 0.59118 0.61421 0.29984 -0.67453 0.27903
1403715968934057984 -0.20577 -1.95613 0.54420 0.62192 0.29728 -0.66698 0.28280
1403715969034057984 -0.15402 -1.88447 0.49365 0.60267 0.30492 -0.68376 0.27620
1403715969134057984 -0.08812 -1.79535 0.43825 0.55174 0.32362 -0.72582 0.25305
1403715969234057984 -0.01774 -1.70018 0.38245 -0.48461 -0.34365 0.77333 -0.22140
1403715969334057984 0.04308 -1.61189 0.33503 -0.43254 -0.35547 0.80519 -0.19547
1403715969434057984 0.08796 -1.54177 0.29338 -0.39593 -0.36367 0.82511 -0.17374
1403715969534057984 0.10951 -1.49950 0.25793 -0.38026 -0.37564 0.83152 -0.15121
1403715969634057984 0.10347 -1.49458 0.23192 -0.39694 -0.39474 0.81837 -0.12995
1403715969734057984 0.07968 -1.52847 0.21468 -0.43026 -0.40925 0.79578 -0.11883
1403715969834057984 0.04782 -1.59912 0.20596 -0.47366 -0.40940 0.76903 -0.12897
1403715969934057984 0.01768 -1.69613 0.20159 0.51243 0.38724 -0.74765 0.16873
1403715970034057984 0.01646 -1.78803 0.20123 0.54840 0.35922 -0.72392 0.21484
1403715970134057984 0.00642 -1.89517 0.20099 0.57662 0.33981 -0.70074 0.24699
1403715970234057984 0.01154 -1.99198 0.20301 0.60435 0.32234 -0.67507 0.27412
1403715970334057984 0.03332 -2.07066 0.20518 0.62643 0.30615 -0.65192 0.29809
1403715970434057984 0.07242 -2.12466 0.20735 0.63573 0.29680 -0.64025 0.31279
1403715970534057984 0.13143 -2.14847 0.20932 0.61867 0.29477 -0.65278 0.32288
1403715970634057984 0.20553 -2.14404 0.20882 0.57489 0.30140 -0.68896 0.32248
1403715970734057984 0.28720 -2.11220 0.20996 0.52034 0.31295 -0.73261 0.30755
1403715970834057984 0.36505 -2.06634 0.21236 -0.45468 -0.32247 0.77945 -0.28590
1403715970934057984 0.42597 -2.01782 0.22129 -0.39688 -0.32835 0.81557 -0.26365
1403715971034057984 0.45685 -1.97668 0.23756 -0.35836 -0.34033 0.83550 -0.24021
1403715971134057984 0.44747 -1.95694 0.26259 -0.34492 -0.36575 0.83768 -0.21345
1403715971234057984 0.39929 -1.96873 0.29998 -0.36497 -0.39636 0.81904 -0.19715
1403715971334057984 0.32289 -2.01339 0.34749 -0.41106 -0.42629 0.78108 -0.19803
1403715971434057984 0.23831 -2.08348 0.40023 -0.46198 -0.44926 0.73469 -0.21207
1403715971534057984 0.15899 -2.17139 0.44967 0.50501 0.46763 -0.68618 0.23545
1403715971634057984 0.09447 -2.26647 0.49786 0.53176 0.48136 -0.64444 0.26500
1403715971734057984 0.05141 -2.36264 0.54239 0.54141 0.48893 -0.61421 0.30095
1403715971834057984 0.02832 -2.45121 0.58268 0.53592 0.49111 -0.59528 0.34240
1403715971934057984 0.01999 -2.52756 0.61594 0.51888 0.49552 -0.58548 0.37742
1403715972034057984 0.02114 -2.58862 0.64893 0.50131 0.50513 -0.57767 0.39978
1403715972134057984 0.02999 -2.63328 0.68116 -0.49544 -0.50991 0.56388 -0.42019
1403715972234057984 0.04412 -2.65821 0.71653 0.50325 0.50522 -0.54366 0.44263
1403715972334057984 0.06026 -2.65931 0.75116 0.51252 0.49931 -0.52659 0.45904
1403715972434057984 0.08414 -2.62846 0.78298 0.51312 0.49749 -0.52145 0.46616
1403715972534057984 0.11142 -2.56616 0.81049 0.50273 0.50580 -0.53038 0.45839
1403715972634057984 0.14239 -2.47877 0.83080 -0.47305 -0.52309 0.55728 -0.43821
1403715972734057984 0.17693 -2.37072 0.84339 -0.43643 -0.53969 0.58856 -0.41458
1403715972834057984 0.21110 -2.25666 0.84573 -0.40502 -0.55132 0.61500 -0.39216
1403715972934057984 0.24066 -2.14880 0.84198 -0.39834 -0.54927 0.62389 -0.38780
1403715973034057984 0.26682 -2.04494 0.83289 -0.40330 -0.53590 0.62492 -0.39955
1403715973134057984 0.28457 -1.94553 0.82368 -0.40922 -0.52476 0.62483 -0.40836
1403715973234057984 0.29256 -1.84468 0.81594 -0.41405 -0.52225 0.62417 -0.40771
1403715973334057984 0.29576 -1.74128 0.80901 -0.41143 -0.52160 0.62828 -0.40487
1403715973434057984 0.28893 -1.63793 0.80184 -0.40266 -0.52806 0.63555 -0.39381
1403715973534057984 0.27367 -1.53779 0.79480 -0.39129 -0.53584 0.64356 -0.38157
1403715973634057984 0.25386 -1.44584 0.79109 -0.37721 -0.53946 0.65263 -0.37519
1403715973734057984 0.22630 -1.36510 0.78774 -0.36139 -0.54052 0.66214 -0.37258
1403715973834057984 0.18861 -1.30011 0.78628 -0.35155 -0.54146 0.66736 -0.37132
1403715973934057984 0.13938 -1.24964 0.78529 -0.34694 -0.54468 0.66881 -0.36831
1403715974034057984 0.07902 -1.21631 0.78875 -0.35861 -0.54951 0.65993 -0.36595
1403715974134057984 0.01242 -1.19546 0.79439 -0.37615 -0.55141 0.64715 -0.36831
1403715974234057984 -0.05930 -1.18719 0.80002 -0.38954 -0.55025 0.63686 -0.37402
1403715974334057984 -0.13349 -1.18474 0.80022 -0.39522 -0.55273 0.63138 -0.37370
1403715974434057984 -0.20964 -1.18683 0.79206 -0.39479 -0.55575 0.63005 -0.37191
1403715974534057984 -0.28904 -1.19358 0.78017 -0.39737 -0.55610 0.62707 -0.37366
1403715974634057984 -0.36832 -1.20750 0.76725 -0.40320 -0.55435 0.62225 -0.37805
1403715974734057984 -0.44850 -1.22438 0.75262 -0.40748 -0.55239 0.61860 -0.38230
1403715974834057984 -0.52723 -1.24491 0.73586 -0.40865 -0.55205 0.61690 -0.38428
1403715974934057984 -0.60572 -1.26731 0.71860 -0.40979 -0.55255 0.61478 -0.38577
1403715975034057984 -0.68387 -1.29179 0.69806 -0.41152 -0.55418 0.61153 -0.38673
1403715975134057984 -0.75989 -1.31750 0.68162 -0.41354 -0.55753 0.60738 -0.38630
1403715975234057984 -0.83391 -1.34475 0.66649 -0.41533 -0.56159 0.60350 -0.38459
1403715975334057984 -0.90571 -1.37337 0.65345 -0.41834 -0.56381 0.59848 -0.38592
1403715975434057984 -0.97204 -1.40394 0.64800 -0.42423 -0.56447 0.59175 -0.38889
1403715975534057984 -1.03436 -1.43292 0.64779 -0.42947 -0.56561 0.58575 -0.39056
1403715975634057984 -1.09066 -1.45861 0.65065 -0.42500 -0.56755 0.58734 -0.39024
1403715975734057984 -1.14484 -1.48407 0.65654 -0.42124 -0.56884 0.58910 -0.38979
1403715975834057984 -1.19110 -1.51022 0.66749 -0.41902 -0.56920 0.59058 -0.38942
1403715975934057984 -1.23283 -1.53687 0.67775 -0.41704 -0.57043 0.59218 -0.38731
1403715976034057984 -1.27228 -1.56667 0.68959 -0.41578 -0.57197 0.59356 -0.38427
1403715976134057984 -1.30723 -1.59728 0.70013 -0.41606 -0.57122 0.59451 -0.38362
1403715976234057984 -1.33668 -1.62879 0.71116 -0.42037 -0.56984 0.59333 -0.38279
1403715976334057984 -1.36352 -1.66173 0.72265 -0.42406 -0.56884 0.59269 -0.38120
1403715976434057984 -1.38372 -1.69653 0.73303 -0.42889 -0.57089 0.58896 -0.37851
1403715976534057984 -1.39268 -1.73278 0.74118 -0.42989 -0.57727 0.58237 -0.37790
1403715976634057984 -1.39492 -1.76968 0.74707 0.42585 0.58635 -0.57363 0.38182
1403715976734057984 -1.38942 -1.80762 0.74967 0.41538 0.59348 -0.56714 0.39191
1403715976834057984 -1.37879 -1.84532 0.75282 0.40736 0.59931 -0.56145 0.39958
1403715976934057984 -1.36159 -1.88325 0.75344 0.40239 0.60405 -0.55638 0.40453
1403715977034057984 -1.34033 -1.92131 0.75430 0.39777 0.60994 -0.54963 0.40947
1403715977134057984 -1.31211 -1.95892 0.75323 0.39143 0.61826 -0.54042 0.41532
1403715977234057984 -1.27859 -1.99798 0.74938 0.38281 0.62992 -0.52664 0.42345
1403715977334057984 -1.23918 -2.03591 0.74514 0.37171 0.64505 -0.50806 0.43315
1403715977434057984 -1.19378 -2.07205 0.74100 0.35611 0.66121 -0.48685 0.44606
1403715977534057984 -1.14220 -2.10627 0.73628 0.33974 0.67951 -0.46151 0.45809
1403715977634057984 -1.08444 -2.13897 0.73128 0.32091 0.69652 -0.43366 0.47308
1403715977734057984 -1.02242 -2.16679 0.72543 0.29868 0.71376 -0.40536 0.48684
1403715977834057984 -0.95773 -2.19334 0.71952 0.27823 0.73016 -0.37316 0.50021
1403715977934057984 -0.88984 -2.21618 0.71345 0.26275 0.74511 -0.33531 0.51316
1403715978034057984 -0.81939 -2.23109 0.70894 0.24876 0.75953 -0.29292 0.52482
1403715978134057984 -0.74576 -2.23720 0.70449 0.23465 0.77188 -0.24709 0.53673
1403715978234057984 -0.66868 -2.23222 0.69891 0.22049 0.78332 -0.20280 0.54466
1403715978334057984 -0.58860 -2.21524 0.69422 0.20013 0.79077 -0.16418 0.55469
1403715978434057984 -0.50690 -2.18341 0.68809 0.17018 0.79531 -0.13449 0.56607
1403715978534057984 -0.42319 -2.13892 0.68077 0.13069 0.79910 -0.11133 0.57616
1403715978634057984 -0.34135 -2.08618 0.67068 0.09104 0.79971 -0.08565 0.58723
1403715978734057984 -0.26573 -2.02672 0.65825 0.05666 0.80261 -0.05473 0.59128
1403715978834057984 -0.19977 -1.96118 0.64667 0.02981 0.80673 -0.01785 0.58990
1403715978934057984 -0.13254 -1.89517 0.63744 0.00508 0.81080 0.02239 0.58487
1403715979034057984 -0.07208 -1.82316 0.63161 -0.01887 0.81118 0.06518 0.58084
1403715979134057984 -0.01625 -1.74626 0.63032 -0.05033 0.80380 0.10458 0.58347
1403715979234057984 0.03479 -1.66533 0.63755 -0.08586 0.78744 0.14280 0.59344
1403715979334057984 0.07467 -1.58439 0.64925 -0.11539 0.76653 0.18540 0.60394
1403715979434057984 0.09831 -1.50376 0.66235 -0.13427 0.75115 0.23197 0.60326
1403715979534057984 0.10907 -1.42428 0.67376 -0.15240 0.73916 0.27332 0.59641
1403715979634057984 0.10413 -1.34378 0.68574 -0.17413 0.72905 0.30880 0.58550
1403715979734057984 0.08679 -1.25968 0.69923 -0.19866 0.71554 0.34302 0.57521
1403715979834057984 0.05256 -1.17637 0.71287 -0.22660 0.69698 0.37523 0.56751
1403715979934057984 0.00666 -1.09215 0.72788 -0.25694 0.67519 0.40565 0.55996
1403715980034057984 -0.05495 -1.01165 0.74333 -0.28829 0.65008 0.43519 0.55216
1403715980134057984 -0.12991 -0.93668 0.75628 -0.31604 0.62534 0.46518 0.54100
1403715980234057984 -0.22035 -0.87148 0.76652 -0.34509 0.60331 0.49345 0.52291
1403715980334057984 -0.32421 -0.81896 0.77589 -0.37229 0.58386 0.52150 0.49855
1403715980434057984 -0.43557 -0.77874 0.78114 -0.40129 0.56044 0.54755 0.47441
1403715980534057984 -0.55324 -0.74444 0.78858 -0.43415 0.53344 0.56979 0.44978
1403715980634057984 -0.67784 -0.72996 0.79444 -0.46337 0.50620 0.59311 0.42103
1403715980734057984 -0.80029 -0.72952 0.79551 -0.48759 0.47672 0.61765 0.39179
1403715980834057984 -0.92266 -0.73948 0.79492 0.50795 -0.44788 -0.64257 -0.35846
1403715980934057984 -1.04157 -0.75854 0.79449 0.52770 -0.41578 -0.66548 -0.32528
1403715981034057984 -1.15405 -0.78342 0.79451 0.54927 -0.37950 -0.68473 -0.29228
1403715981134057984 -1.25853 -0.82075 0.79527 0.56985 -0.34002 -0.70187 -0.25889
1403715981234057984 -1.35341 -0.86935 0.79622 0.58624 -0.29649 -0.71888 -0.22721
1403715981334057984 -1.43885 -0.92422 0.79866 0.60117 -0.25222 -0.73389 -0.19075
1403715981434057984 -1.50918 -0.98722 0.80274 0.61499 -0.20645 -0.74584 -0.15126
1403715981534057984 -1.56204 -1.05656 0.80973 0.63083 -0.15873 -0.75140 -0.11074
1403715981634057984 -1.59247 -1.12991 0.81791 0.64465 -0.10812 -0.75320 -0.07366
1403715981734057984 -1.59966 -1.20545 0.82336 0.64845 -0.05623 -0.75811 -0.04032
1403715981834057984 -1.58810 -1.28386 0.82455 0.63408 -0.00718 -0.77321 -0.00663
1403715981934057984 -1.56392 -1.36407 0.82501 0.61590 0.03914 -0.78644 0.02539
1403715982034057984 -1.52799 -1.44606 0.82812 0.60532 0.08289 -0.78981 0.05398
1403715982134057984 -1.48288 -1.52869 0.83163 0.59898 0.12313 -0.78703 0.08157
1403715982234057984 -1.42638 -1.61126 0.83697 0.59367 0.16135 -0.78092 0.10814
1403715982334057984 -1.36058 -1.68869 0.84193 0.58644 0.19740 -0.77379 0.13552
1403715982434057984 -1.28790 -1.76461 0.84682 0.57857 0.23279 -0.76464 0.16245
1403715982534057984 -1.20617 -1.83911 0.85113 0.57058 0.27001 -0.75238 0.18827
1403715982634057984 -1.11735 -1.90852 0.85443 0.56144 0.30748 -0.73722 0.21621
1403715982734057984 -1.01941 -1.97451 0.85815 0.54872 0.34497 -0.72082 0.24558
1403715982834057984 -0.91499 -2.03510 0.86172 0.53387 0.38274 -0.70210 0.27485
1403715982934057984 -0.80495 -2.08949 0.86495 0.51825 0.42094 -0.68129 0.30013
1403715983034057984 -0.68998 -2.13571 0.86711 0.50150 0.45412 -0.65941 0.32781
1403715983134057984 -0.57164 -2.17588 0.86777 -0.48316 -0.48647 0.63607 -0.35400
1403715983234057984 -0.44985 -2.21169 0.86666 -0.46314 -0.51739 0.61003 -0.38167
1403715983334057984 -0.32577 -2.23920 0.86681 -0.44290 -0.54923 0.57999 -0.40718
1403715983434057984 -0.20004 -2.25920 0.86700 0.41897 0.58019 -0.54794 0.43313
1403715983534057984 -0.07427 -2.27337 0.86906 0.39599 0.60285 -0.51104 0.46754
1403715983634057984 0.04756 -2.27463 0.87251 0.37207 0.62030 -0.47272 0.50332
1403715983734057984 0.16280 -2.26168 0.87576 0.34564 0.63611 -0.43630 0.53436
1403715983834057984 0.26653 -2.23350 0.87820 0.31798 0.65295 -0.40235 0.55737
1403715983934057984 0.35832 -2.19514 0.88422 0.29008 0.66947 -0.36935 0.57553
1403715984034057984 0.43506 -2.14571 0.88716 0.26060 0.68605 -0.33934 0.58844
1403715984134057984 0.49668 -2.08206 0.89240 0.23009 0.70441 -0.31192 0.59462
1403715984234057984 0.54065 -2.01227 0.89776 0.19850 0.72078 -0.28588 0.59945
1403715984334057984 0.56922 -1.93048 0.90642 0.17161 0.73285 -0.25758 0.60591
1403715984434057984 0.58368 -1.84647 0.91542 0.14923 0.74280 -0.22627 0.61219
1403715984534057984 0.58434 -1.75688 0.92528 0.12736 0.75559 -0.19397 0.61257
1403715984634057984 0.57165 -1.66648 0.93196 0.10660 0.77497 -0.15914 0.60227
1403715984734057984 0.55769 -1.57926 0.93464 0.07969 0.79103 -0.12338 0.59388
1403715984834057984 0.52844 -1.48913 0.93936 0.04264 0.79776 -0.09004 0.59468
1403715984934057984 0.49881 -1.40102 0.94548 0.00933 0.80000 -0.05581 0.59733
1403715985034057984 0.46112 -1.31960 0.95093 -0.01269 0.79941 -0.01943 0.60034
1403715985134057984 0.41734 -1.24503 0.95525 -0.02478 0.79951 0.01014 0.60005
1403715985234057984 0.36717 -1.17577 0.96082 -0.02803 0.79856 0.03049 0.60048
1403715985334057984 0.31166 -1.10857 0.96792 -0.01635 0.79823 0.04838 0.60018
1403715985434057984 0.25008 -1.03946 0.97520 -0.01107 0.79869 0.04883 0.59966
1403715985534057984 0.18281 -0.96578 0.98093 -0.01053 0.80574 0.03243 0.59129
1403715985634057984 0.11003 -0.89658 0.98323 -0.00661 0.81999 0.01126 0.57223
1403715985734057984 0.03832 -0.82445 0.98030 -0.00349 0.83638 -0.00908 0.54806
1403715985834057984 -0.02601 -0.75010 0.97131 -0.00876 0.84710 -0.03261 0.53036
1403715985934057984 -0.08086 -0.68480 0.95195 -0.01112 0.84712 -0.05070 0.52885
1403715986034057984 -0.12583 -0.62380 0.92099 -0.01065 0.84151 -0.06231 0.53653
1403715986134057984 -0.16487 -0.56571 0.88013 -0.01054 0.83477 -0.07063 0.54595
1403715986234057984 -0.20303 -0.51017 0.83476 -0.01046 0.82962 -0.07488 0.55319
1403715986334057984 -0.23323 -0.46769 0.78946 -0.00049 0.82544 -0.06978 0.56016
1403715986434057984 -0.27287 -0.41874 0.74586 0.01266 0.81743 -0.06137 0.57261
1403715986534057984 -0.30922 -0.37815 0.69656 0.01895 0.82123 -0.05528 0.56760
1403715986634057984 -0.34197 -0.34164 0.64206 0.02108 0.83537 -0.05189 0.54683
1403715986734057984 -0.37605 -0.30214 0.58923 0.02052 0.84748 -0.05068 0.52801
1403715986834057984 -0.38641 -0.27423 0.53983 0.02085 0.84929 -0.04868 0.52527
1403715986934057984 -0.38247 -0.25071 0.49515 0.02114 0.84312 -0.04857 0.53512
1403715987034057984 -0.38522 -0.21954 0.45833 0.02046 0.82916 -0.05725 0.55569
1403715987134057984 -0.37219 -0.20155 0.42053 0.01711 0.81494 -0.07500 0.57442
1403715987234057984 -0.36651 -0.18611 0.38306 0.01536 0.80294 -0.09507 0.58824
1403715987334057984 -0.36790 -0.17683 0.34714 0.01987 0.79600 -0.11008 0.59487
1403715987434057984 -0.37351 -0.17563 0.31238 0.03607 0.79670 -0.11078 0.59304
1403715987534057984 -0.38457 -0.17756 0.27947 0.05083 0.80177 -0.10721 0.58574
1403715987634057984 -0.39743 -0.17953 0.24777 0.05780 0.80706 -0.10466 0.57824
1403715987734057984 -0.41159 -0.18250 0.21892 0.06164 0.80987 -0.10121 0.57451
1403715987834057984 -0.42450 -0.18615 0.18944 0.06302 0.81748 -0.09789 0.56407
1403715987934057984 -0.43712 -0.18965 0.16024 0.06147 0.82666 -0.09566 0.55109
1403715988034057984 -0.44374 -0.19290 0.13301 0.06028 0.83127 -0.09262 0.54477
1403715988134057984 -0.44410 -0.19600 0.11074 0.05925 0.82660 -0.08944 0.55246
1403715988234057984 -0.43753 -0.20009 0.09009 0.06024 0.81971 -0.08512 0.56321
1403715988334057984 -0.43166 -0.20314 0.07306 0.06207 0.81272 -0.08118 0.57362
1403715988434057984 -0.42468 -0.20349 0.05733 0.05852 0.80768 -0.08221 0.58092
1403715988534057984 -0.42176 -0.20166 0.04302 0.04985 0.80499 -0.08826 0.58456
1403715988634057984 -0.42155 -0.19978 0.02968 0.04054 0.80455 -0.09563 0.58473
1403715988734057984 -0.42446 -0.20110 0.01742 0.03146 0.80675 -0.10318 0.58097
1403715988834057984 -0.43149 -0.20745 0.00932 0.03166 0.81287 -0.10411 0.57219
1403715988934057984 -0.43858 -0.21852 0.00339 0.03874 0.81808 -0.10063 0.56491
1403715989034057984 -0.44578 -0.23306 0.00099 0.04591 0.81997 -0.09715 0.56223
1403715989134057984 -0.45174 -0.24923 0.00006 0.05022 0.82042 -0.09591 0.56142
1403715989234057984 -0.45594 -0.26654 -0.00057 0.05240 0.82092 -0.09586 0.56049
1403715989334057984 -0.45821 -0.28455 -0.00113 0.05367 0.82021 -0.09645 0.56131
1403715989434057984 -0.45895 -0.30302 -0.00125 0.05506 0.82009 -0.09645 0.56136
1403715989534057984 -0.45913 -0.32147 -0.00059 0.05472 0.82043 -0.09741 0.56072
1403715989634057984 -0.45562 -0.34216 0.00131 0.05715 0.81695 -0.09607 0.56577
1403715989734057984 -0.45003 -0.36212 0.00157 0.05965 0.81166 -0.09398 0.57343
1403715989834057984 -0.44525 -0.38170 -0.00308 0.06220 0.80872 -0.09115 0.57775
1403715989934057984 -0.44121 -0.40027 -0.01099 0.06595 0.80769 -0.08717 0.57938
1403715990034057984 -0.43961 -0.41622 -0.01964 0.06689 0.80854 -0.08456 0.57849
1403715990134057984 -0.43969 -0.42979 -0.02845 0.06662 0.80968 -0.08321 0.57710
1403715990234057984 -0.44079 -0.44045 -0.04103 0.06654 0.81154 -0.08152 0.57474
1403715990334057984 -0.44300 -0.44767 -0.05447 0.06701 0.81236 -0.07980 0.57377
1403715990434057984 -0.44672 -0.45052 -0.06948 0.06763 0.81369 -0.07808 0.57205
1403715990534057984 -0.44893 -0.45043 -0.09312 0.06825 0.81513 -0.07688 0.57008
1403715990634057984 -0.44694 -0.44386 -0.12476 0.06862 0.81774 -0.07631 0.56637
1403715990734057984 -0.44671 -0.43168 -0.15894 0.06840 0.82110 -0.07611 0.56154
1403715990834057984 -0.44843 -0.42195 -0.19505 0.06771 0.82355 -0.07568 0.55809
1403715990934057984 -0.44327 -0.40585 -0.22403 0.06811 0.82562 -0.07505 0.55505
1403715991034057984 -0.43368 -0.38503 -0.24752 0.06916 0.82408 -0.07339 0.55742
1403715991134057984 -0.42393 -0.36094 -0.26127 0.06418 0.81648 -0.07700 0.56860
1403715991234057984 -0.42318 -0.35219 -0.25941 0.07277 0.81753 -0.06924 0.56706
1403715991334057984 -0.42786 -0.35389 -0.26283 0.07182 0.81461 -0.07091 0.57115
1403715991434057984 -0.43425 -0.35542 -0.26980 0.06484 0.81468 -0.07583 0.57127
1403715991534057984 -0.44167 -0.35804 -0.27152 0.06332 0.81463 -0.07675 0.57138
1403715991634057984 -0.44794 -0.36012 -0.27331 0.06262 0.81451 -0.07726 0.57157
1403715991734057984 -0.45215 -0.36149 -0.27578 0.06223 0.81405 -0.07751 0.57222
1403715991834057984 -0.46039 -0.36446 -0.27747 0.06198 0.81437 -0.07766 0.57178
1403715991934057984 -0.47320 -0.36919 -0.27748 0.06201 0.81439 -0.07745 0.57178
1403715992034057984 -0.48027 -0.36990 -0.27808 0.06207 0.81428 -0.07749 0.57192
1403715992134057984 -0.48659 -0.36947 -0.27824 0.06227 0.81420 -0.07745 0.57201
1403715992234057984 -0.49290 -0.36899 -0.27807 0.06234 0.81440 -0.07748 0.57172
1403715992334057984 -0.49946 -0.36828 -0.27814 0.06230 0.81442 -0.07762 0.57168
1403715992434057984 -0.51016 -0.36859 -0.27757 0.06225 0.81431 -0.07775 0.57182
1403715992534057984 -0.51902 -0.37017 -0.27707 0.06216 0.81428 -0.07781 0.57187
1403715992634057984 -0.52034 -0.36992 -0.27716 0.06233 0.81434 -0.07787 0.57175
1403715992734057984 -0.52232 -0.36919 -0.27772 0.06222 0.81438 -0.07799 0.57169
1403715992834057984 -0.52191 -0.36983 -0.27867 0.06234 0.81446 -0.07812 0.57154
1403715992934057984 -0.52186 -0.37033 -0.27856 0.06234 0.81448 -0.07817 0.57150
1403715993034057984 -0.52293 -0.36992 -0.27797 0.06235 0.81457 -0.07822 0.57137
1403715993134057984 -0.52383 -0.36952 -0.27736 0.06234 0.81466 -0.07830 0.57124
1403715993234057984 -0.52489 -0.36895 -0.27709 0.06236 0.81468 -0.07832 0.57120
1403715993334057984 -0.52562 -0.36860 -0.27677 0.06237 0.81469 -0.07834 0.57119
1403715993434057984 -0.52895 -0.36614 -0.27622 0.06233 0.81471 -0.07847 0.57114
1403715993534057984 -0.52933 -0.36591 -0.27589 0.06244 0.81477 -0.07845 0.57105
1403715993634057984 -0.52692 -0.36774 -0.27599 0.06241 0.81482 -0.07850 0.57097
1403715993734057984 -0.53016 -0.36485 -0.27533 0.06276 0.81435 -0.07844 0.57162
1403715993834057984 -0.53619 -0.36084 -0.27456 0.06247 0.81443 -0.07863 0.57151
1403715993934057984 -0.53459 -0.36220 -0.27469 0.06218 0.81512 -0.07893 0.57051
