1403715894034057984 -0.01680 0.02966 0.04474 0.03063 0.81805 -0.03505 0.57326
1403715894134057984 -0.02369 0.05026 0.07151 0.03548 0.82581 -0.03491 0.56174
1403715894234057984 -0.02467 0.06739 0.09612 0.04709 0.82148 -0.02846 0.56758
1403715894334057984 -0.02447 0.08387 0.12482 0.05877 0.81671 -0.02068 0.57368
1403715894434057984 -0.02535 0.10844 0.15976 0.06527 0.81486 -0.01788 0.57570
1403715894534057984 -0.02746 0.14084 0.18764 0.06311 0.81873 -0.02117 0.57031
1403715894634057984 -0.02615 0.17913 0.20806 0.06039 0.82207 -0.02472 0.56564
1403715894734057984 -0.02348 0.22196 0.22320 0.05392 0.82358 -0.02984 0.56384
1403715894834057984 -0.01814 0.26876 0.24302 0.04758 0.82059 -0.03429 0.56850
1403715894934057984 -0.00939 0.31954 0.27204 0.04515 0.81651 -0.03573 0.57445
1403715895034057984 -0.00059 0.37132 0.30438 0.04318 0.81417 -0.03680 0.57785
1403715895134057984 0.00837 0.42190 0.33311 0.04236 0.81375 -0.03789 0.57843
1403715895234057984 0.01640 0.47296 0.35829 0.03999 0.81397 -0.03999 0.57815
1403715895334057984 0.02467 0.52246 0.38214 0.03947 0.81388 -0.04055 0.57826
1403715895434057984 0.03195 0.57353 0.40436 0.03984 0.81358 -0.04073 0.57866
1403715895534057984 0.03933 0.62519 0.42686 0.03953 0.81411 -0.04131 0.57789
1403715895634057984 0.04947 0.67703 0.45056 0.03967 0.81439 -0.04181 0.57745
1403715895734057984 0.05673 0.72843 0.47251 0.03940 0.81485 -0.04251 0.57676
1403715895834057984 0.06426 0.77971 0.49375 0.03936 0.81503 -0.04298 0.57648
1403715895934057984 0.07354 0.83090 0.51478 0.03906 0.81494 -0.04313 0.57661
1403715896034057984 0.08325 0.88186 0.53484 0.03621 0.81541 -0.04523 0.57598
1403715896134057984 0.09565 0.93032 0.55264 0.02953 0.81607 -0.04919 0.57510
1403715896234057984 0.10404 0.97791 0.56943 0.01853 0.81478 -0.05673 0.57669
1403715896334057984 0.11135 1.01961 0.58660 0.00231 0.81090 -0.06767 0.58125
1403715896434057984 0.11584 1.04978 0.60397 -0.01104 0.80811 -0.07630 0.58396
1403715896534057984 0.11729 1.06727 0.62110 -0.02074 0.80504 -0.08222 0.58713
1403715896634057984 0.11514 1.07150 0.64002 -0.02704 0.80085 -0.08603 0.59203
1403715896734057984 0.10736 1.05800 0.66080 -0.03121 0.79855 -0.08778 0.59467
1403715896834057984 0.09510 1.03628 0.68121 -0.03717 0.80154 -0.08974 0.59000
1403715896934057984 0.07849 0.99826 0.69998 -0.04581 0.80428 -0.09489 0.58483
1403715897034057984 0.05823 0.94252 0.71849 -0.05930 0.80577 -0.10339 0.58011
1403715897134057984 0.03580 0.86823 0.74110 -0.06589 0.80633 -0.10796 0.57779
1403715897234057984 0.01359 0.77074 0.76664 -0.06069 0.80814 -0.10304 0.57673
1403715897334057984 -0.01138 0.65117 0.78940 -0.03552 0.81280 -0.08611 0.57504
1403715897434057984 -0.03615 0.51876 0.81578 -0.00716 0.81786 -0.06647 0.57153
1403715897534057984 -0.05897 0.38050 0.84057 0.00849 0.81957 -0.05525 0.57025
1403715897634057984 -0.07533 0.23799 0.86078 0.00475 0.81967 -0.05497 0.57018
1403715897734057984 -0.08763 0.09214 0.87753 -0.00721 0.81847 -0.06022 0.57134
1403715897834057984 -0.09740 -0.05940 0.89386 -0.01693 0.81586 -0.06385 0.57447
1403715897934057984 -0.10503 -0.21834 0.90939 -0.01722 0.81209 -0.06114 0.58006
1403715898034057984 -0.11486 -0.38220 0.92589 -0.01162 0.80785 -0.05496 0.58670
1403715898134057984 -0.12814 -0.55103 0.94151 -0.00138 0.79983 -0.04961 0.59817
1403715898234057984 -0.14597 -0.72129 0.95520 0.01036 0.79367 -0.05064 0.60614
1403715898334057984 -0.17013 -0.89156 0.96356 0.02381 0.79354 -0.05724 0.60536
1403715898434057984 -0.19918 -1.06054 0.96492 0.03671 0.79843 -0.06923 0.59697
1403715898534057984 -0.23226 -1.22693 0.96381 0.04870 0.80488 -0.08537 0.58525
1403715898634057984 -0.26478 -1.39179 0.95994 0.06185 0.80855 -0.10235 0.57614
1403715898734057984 -0.29533 -1.55454 0.94743 0.07561 0.80464 -0.12012 0.57655
1403715898834057984 -0.32536 -1.71438 0.92217 0.08723 0.80377 -0.13494 0.57284
1403715898934057984 -0.35324 -1.87244 0.88519 0.09481 0.80368 -0.14618 0.56898
1403715899034057984 -0.37796 -2.03192 0.83872 0.10002 0.80318 -0.15291 0.56702
1403715899134057984 -0.40025 -2.18567 0.78160 0.10164 0.80650 -0.15791 0.56061
