1403715893734057984 0.01137 -0.00631 -0.00279 0.02826 0.80206 -0.04456 0.59491
1403715893834057984 -0.00312 0.00116 0.00361 0.03139 0.80479 -0.03696 0.59158
1403715893934057984 -0.00721 0.00490 0.01050 0.03130 0.81110 -0.03734 0.58288
1403715894034057984 -0.01060 0.00887 0.01689 0.03172 0.81889 -0.03892 0.57174
1403715894134057984 -0.01220 0.01266 0.02196 0.03562 0.82536 -0.03783 0.56221
1403715894234057984 -0.01597 0.02137 0.03969 0.04727 0.82056 -0.03165 0.56872
1403715894334057984 -0.02026 0.03803 0.06739 0.05975 0.81547 -0.02405 0.57520
1403715894434057984 -0.02335 0.05723 0.09488 0.06657 0.81340 -0.02138 0.57749
1403715894534057984 -0.02943 0.08650 0.12263 0.06448 0.81698 -0.02496 0.57250
1403715894634057984 -0.02932 0.11361 0.13636 0.06188 0.82007 -0.02886 0.56817
1403715894734057984 -0.03134 0.15552 0.16158 0.05563 0.82124 -0.03420 0.56683
1403715894834057984 -0.02793 0.19812 0.18832 0.04966 0.81787 -0.03897 0.57193
1403715894934057984 -0.02056 0.23841 0.21309 0.04757 0.81333 -0.04072 0.57842
1403715895034057984 -0.01225 0.27709 0.23621 0.04615 0.81051 -0.04226 0.58238
1403715895134057984 -0.00069 0.31735 0.25823 0.04632 0.80967 -0.04410 0.58339
1403715895234057984 0.00842 0.35466 0.27476 0.04400 0.80988 -0.04634 0.58310
1403715895334057984 0.01747 0.39592 0.29405 0.04399 0.80971 -0.04727 0.58327
1403715895434057984 0.02614 0.43923 0.31311 0.04518 0.80901 -0.04815 0.58407
1403715895534057984 0.03570 0.48822 0.33579 0.04583 0.80915 -0.04957 0.58371
1403715895634057984 0.04230 0.53166 0.35587 0.04670 0.80894 -0.05067 0.58384
1403715895734057984 0.05075 0.57672 0.37507 0.04729 0.80897 -0.05204 0.58362
1403715895834057984 0.05922 0.62250 0.39399 0.04798 0.80871 -0.05311 0.58383
1403715895934057984 0.06802 0.66818 0.41345 0.04836 0.80816 -0.05381 0.58450
1403715896034057984 0.07463 0.71192 0.43163 0.04613 0.80809 -0.05643 0.58453
1403715896134057984 0.08469 0.75351 0.44686 0.04002 0.80823 -0.06089 0.58434
1403715896234057984 0.09351 0.79244 0.46063 0.02916 0.80662 -0.06853 0.58635
1403715896334057984 0.10147 0.82482 0.47367 0.01335 0.80216 -0.07967 0.59162
1403715896434057984 0.10823 0.85281 0.48935 0.00071 0.79882 -0.08871 0.59499
1403715896534057984 0.11257 0.87229 0.50582 -0.00807 0.79522 -0.09513 0.59876
1403715896634057984 0.11334 0.88434 0.52652 -0.01330 0.79049 -0.09946 0.60420
1403715896734057984 0.10946 0.88773 0.54904 -0.01593 0.78762 -0.10203 0.60744
1403715896834057984 0.09913 0.87740 0.57150 -0.02077 0.79046 -0.10482 0.60311
1403715896934057984 0.08160 0.84743 0.59296 -0.02913 0.79270 -0.11018 0.59887
1403715897034057984 0.05906 0.79976 0.61385 -0.04257 0.79361 -0.11868 0.59522
1403715897134057984 0.03264 0.72988 0.63669 -0.04946 0.79370 -0.12302 0.59368
1403715897234057984 0.00238 0.63497 0.66107 -0.04313 0.79506 -0.11894 0.59319
1403715897334057984 -0.02938 0.51935 0.68419 -0.01841 0.79961 -0.10204 0.59151
1403715897434057984 -0.06210 0.39075 0.70994 0.00945 0.80456 -0.08240 0.58805
1403715897534057984 -0.09204 0.25607 0.73513 0.02421 0.80601 -0.07056 0.58718
1403715897634057984 -0.11612 0.11893 0.75578 0.02139 0.80572 -0.07065 0.58768
1403715897734057984 -0.13766 -0.02126 0.77397 0.00985 0.80402 -0.07556 0.58970
1403715897834057984 -0.15548 -0.16755 0.79083 0.00052 0.80094 -0.07876 0.59354
1403715897934057984 -0.17196 -0.32186 0.80746 0.00052 0.79676 -0.07552 0.59955
1403715898034057984 -0.18968 -0.48536 0.82546 0.00611 0.79221 -0.06882 0.60632
1403715898134057984 -0.21085 -0.65347 0.84335 0.01654 0.78372 -0.06303 0.61768
1403715898234057984 -0.23612 -0.82174 0.85920 0.02834 0.77703 -0.06387 0.62557
1403715898334057984 -0.26954 -0.99029 0.86993 0.04166 0.77642 -0.07062 0.62486
1403715898434057984 -0.30905 -1.15625 0.87427 0.05423 0.78087 -0.08303 0.61677
1403715898534057984 -0.35105 -1.31786 0.87548 0.06594 0.78694 -0.09991 0.60531
1403715898634057984 -0.39286 -1.47904 0.87320 0.07889 0.79025 -0.11772 0.59617
1403715898734057984 -0.43264 -1.63717 0.86186 0.09254 0.78559 -0.13599 0.59649
1403715898834057984 -0.47235 -1.79159 0.83906 0.10408 0.78413 -0.15137 0.59278
1403715898934057984 -0.51067 -1.94700 0.80491 0.11166 0.78361 -0.16307 0.58898
1403715899034057984 -0.54472 -2.10001 0.75997 0.11724 0.78278 -0.17038 0.58693
1403715899134057984 -0.57613 -2.24857 0.70526 0.11923 0.78600 -0.17606 0.58051
1403715899234057984 -0.60210 -2.39247 0.65383 0.12420 0.79364 -0.17704 0.56866
1403715899334057984 -0.62175 -2.53301 0.61274 0.12849 0.80266 -0.17523 0.55545
1403715899434057984 -0.62955 -2.66979 0.58544 0.13385 0.81010 -0.16978 0.54497
1403715899534057984 -0.62220 -2.79428 0.57353 0.13328 0.81151 -0.16730 0.54379
1403715899634057984 -0.60183 -2.91021 0.56586 0.12907 0.81206 -0.16679 0.54413
1403715899734057984 -0.57116 -3.02324 0.55874 0.12927 0.81206 -0.16271 0.54531
1403715899834057984 -0.53359 -3.13469 0.55468 0.13584 0.80912 -0.15419 0.55054
1403715899934057984 -0.48713 -3.24170 0.55307 0.14691 0.80529 -0.14258 0.55641
1403715900034057984 -0.43379 -3.33929 0.55149 0.15785 0.80334 -0.13265 0.55869
1403715900134057984 -0.37184 -3.42819 0.54868 0.16337 0.80288 -0.12698 0.55908
1403715900234057984 -0.30123 -3.50638 0.54528 0.16745 0.80267 -0.12234 0.55921
1403715900334057984 -0.22390 -3.56880 0.54383 0.16915 0.80340 -0.12030 0.55809
1403715900434057984 -0.13914 -3.61698 0.54357 0.16796 0.80395 -0.12108 0.55749
1403715900534057984 -0.04722 -3.65148 0.54354 0.14893 0.80020 -0.13411 0.56526
1403715900634057984 0.05045 -3.67781 0.54703 0.13293 0.79055 -0.14460 0.58005
1403715900734057984 0.14596 -3.69483 0.55165 0.11728 0.77642 -0.15507 0.59948
1403715900834057984 0.23576 -3.70817 0.55859 0.11822 0.76165 -0.15461 0.61807
1403715900934057984 0.31664 -3.71643 0.56599 0.12493 0.75227 -0.15091 0.62905
1403715901034057984 0.38628 -3.71770 0.57537 0.12905 0.74315 -0.14808 0.63965
1403715901134057984 0.44244 -3.71204 0.58830 0.13187 0.73453 -0.14622 0.64938
1403715901234057984 0.48162 -3.69756 0.60409 0.13304 0.72706 -0.14655 0.65742
1403715901334057984 0.50475 -3.67391 0.62039 0.13091 0.72587 -0.15007 0.65837
1403715901434057984 0.51725 -3.64122 0.63431 0.12346 0.73613 -0.15580 0.64699
1403715901534057984 0.50740 -3.60056 0.64605 0.11911 0.75009 -0.15969 0.63062
1403715901634057984 0.49284 -3.55587 0.66092 0.12132 0.75645 -0.15928 0.62265
1403715901734057984 0.46510 -3.50701 0.67436 0.12053 0.76153 -0.15998 0.61640
1403715901834057984 0.42611 -3.45431 0.68849 0.11969 0.76917 -0.16144 0.60662
1403715901934057984 0.38651 -3.39751 0.69565 0.11896 0.77526 -0.16194 0.59883
1403715902034057984 0.33901 -3.33828 0.70518 0.11706 0.77733 -0.16183 0.59654
1403715902134057984 0.28658 -3.27739 0.71407 0.11958 0.77710 -0.15818 0.59732
1403715902234057984 0.22987 -3.21389 0.72025 0.12605 0.77901 -0.15244 0.59500
1403715902334057984 0.17109 -3.14646 0.72406 0.12908 0.78546 -0.14765 0.58701
1403715902434057984 0.11018 -3.07520 0.72862 0.12921 0.79065 -0.14567 0.58048
1403715902534057984 0.04949 -2.99840 0.73348 0.11824 0.79508 -0.15170 0.57520
1403715902634057984 -0.00861 -2.91808 0.73919 0.10588 0.79984 -0.15515 0.57007
1403715902734057984 -0.06509 -2.83712 0.74258 0.09267 0.80662 -0.15164 0.56372
1403715902834057984 -0.11537 -2.75759 0.73659 0.07997 0.81441 -0.14097 0.55719
1403715902934057984 -0.15983 -2.68055 0.71996 0.06873 0.82169 -0.12478 0.55184
1403715903034057984 -0.19734 -2.60593 0.70197 0.06115 0.82505 -0.10246 0.55231
1403715903134057984 -0.22908 -2.53375 0.68475 0.05495 0.82681 -0.07640 0.55455
1403715903234057984 -0.25376 -2.46117 0.67090 0.04836 0.82820 -0.05531 0.55560
1403715903334057984 -0.27071 -2.38753 0.65740 0.03676 0.83306 -0.04472 0.55014
1403715903434057984 -0.28037 -2.31090 0.64726 0.02312 0.83838 -0.03575 0.54343
1403715903534057984 -0.27744 -2.23488 0.65129 0.00941 0.84112 -0.02218 0.54031
1403715903634057984 -0.26134 -2.16119 0.67104 -0.00485 0.84126 -0.00325 0.54061
1403715903734057984 -0.23197 -2.09671 0.70840 -0.02003 0.83755 0.01997 0.54563
1403715903834057984 -0.19358 -2.02884 0.75672 -0.04412 0.82972 0.04106 0.55492
1403715903934057984 -0.14602 -1.97092 0.81638 -0.06979 0.81984 0.06727 0.56433
1403715904034057984 -0.09511 -1.91022 0.87337 -0.09490 0.80956 0.09816 0.57094
1403715904134057984 -0.04565 -1.85048 0.92796 -0.12161 0.80096 0.12970 0.57170
1403715904234057984 0.00428 -1.79791 0.97817 -0.14186 0.79295 0.16688 0.56856
1403715904334057984 0.05434 -1.74845 1.02554 -0.15502 0.78115 0.20741 0.56811
1403715904434057984 0.10376 -1.69877 1.06515 -0.16986 0.76771 0.24254 0.56828
1403715904534057984 0.15023 -1.64863 1.09323 -0.18106 0.75448 0.27454 0.56799
1403715904634057984 0.19246 -1.59593 1.10988 -0.19080 0.73918 0.30564 0.56903
1403715904734057984 0.22620 -1.53996 1.11394 -0.21079 0.72521 0.33146 0.56548
1403715904834057984 0.25404 -1.48147 1.10903 -0.24170 0.71602 0.35359 0.55125
1403715904934057984 0.27752 -1.42359 1.09129 -0.27248 0.70132 0.37863 0.53902
1403715905034057984 0.29762 -1.36740 1.06345 -0.30109 0.68116 0.40610 0.52958
1403715905134057984 0.31126 -1.31769 1.02485 -0.32728 0.65665 0.43272 0.52388
1403715905234057984 0.31957 -1.27726 0.97681 -0.34593 0.63193 0.45874 0.52014
1403715905334057984 0.31799 -1.24855 0.92631 -0.35276 0.61808 0.48875 0.50464
1403715905434057984 0.30755 -1.23007 0.87819 -0.35872 0.60639 0.51684 0.48629
1403715905534057984 0.28674 -1.22252 0.83313 -0.36676 0.59475 0.54290 0.46585
1403715905634057984 0.25520 -1.21905 0.78942 -0.38458 0.58534 0.56235 0.43959
1403715905734057984 0.21694 -1.21873 0.75000 -0.40795 0.57500 0.57913 0.40934
1403715905834057984 0.17674 -1.22504 0.71082 -0.42927 0.55688 0.60075 0.38041
1403715905934057984 0.13740 -1.22947 0.67069 -0.44050 0.53565 0.63075 0.34813
1403715906034057984 0.10074 -1.23063 0.63174 -0.44585 0.50731 0.66467 0.31948
1403715906134057984 0.06473 -1.22549 0.59823 -0.45606 0.46792 0.69417 0.30197
1403715906234057984 0.02768 -1.21628 0.56890 -0.47145 0.41839 0.71806 0.29509
1403715906334057984 -0.01692 -1.20031 0.54126 -0.48456 0.37465 0.73932 0.27973
1403715906434057984 -0.06511 -1.19747 0.51125 -0.49722 0.33274 0.75801 0.25977
1403715906534057984 -0.11927 -1.18939 0.48647 0.51373 -0.29281 -0.77031 -0.23866
1403715906634057984 -0.18395 -1.17797 0.46946 0.53029 -0.26030 -0.77930 -0.20913
1403715906734057984 -0.24905 -1.17261 0.46549 0.54667 -0.23043 -0.78598 -0.17404
1403715906834057984 -0.31333 -1.17226 0.47126 0.55824 -0.19770 -0.79371 -0.13895
1403715906934057984 -0.37645 -1.17230 0.47270 0.56912 -0.15981 -0.79931 -0.10805
1403715907034057984 -0.43422 -1.17608 0.46484 0.57778 -0.11798 -0.80353 -0.08120
1403715907134057984 -0.49125 -1.18386 0.44732 0.57925 -0.06854 -0.80991 -0.06179
1403715907234057984 -0.54357 -1.19360 0.44074 0.58015 -0.01792 -0.81345 -0.03751
1403715907334057984 -0.59198 -1.21181 0.44728 0.57999 0.02975 -0.81405 -0.00695
1403715907434057984 -0.63394 -1.23779 0.46686 0.58046 0.07812 -0.81028 0.02026
1403715907534057984 -0.67153 -1.27014 0.49217 0.57835 0.12243 -0.80531 0.04471
1403715907634057984 -0.70315 -1.30803 0.51638 0.57501 0.15945 -0.79932 0.07093
1403715907734057984 -0.72710 -1.35083 0.54184 0.57497 0.18944 -0.78960 0.10027
1403715907834057984 -0.74245 -1.39643 0.56460 0.57535 0.21744 -0.77773 0.12971
1403715907934057984 -0.75356 -1.44454 0.58417 0.57172 0.24239 -0.76683 0.16233
1403715908034057984 -0.75638 -1.49176 0.60094 0.56458 0.26971 -0.75530 0.19501
1403715908134057984 -0.75276 -1.53526 0.61452 0.55648 0.30077 -0.74086 0.22580
1403715908234057984 -0.74457 -1.57747 0.62407 0.54445 0.33547 -0.72558 0.25410
1403715908334057984 -0.73003 -1.61464 0.63319 0.52967 0.37125 -0.70888 0.28127
1403715908434057984 -0.70786 -1.64403 0.64470 0.51322 0.40700 -0.69010 0.30777
1403715908534057984 -0.68060 -1.66670 0.65737 -0.49671 -0.44331 0.66757 -0.33333
1403715908634057984 -0.65256 -1.68435 0.66870 -0.48063 -0.48007 0.64110 -0.35710
1403715908734057984 -0.62202 -1.69848 0.67674 -0.46633 -0.51347 0.61127 -0.38110
1403715908834057984 -0.58949 -1.70443 0.68306 -0.44859 -0.54178 0.58322 -0.40633
1403715908934057984 -0.55358 -1.69957 0.68634 0.42489 0.57142 -0.55898 0.42485
1403715909034057984 -0.51748 -1.68508 0.68586 0.40278 0.60368 -0.53268 0.43542
1403715909134057984 -0.48015 -1.66900 0.68415 0.38298 0.63300 -0.50554 0.44393
1403715909234057984 -0.43959 -1.65074 0.68050 0.36224 0.65700 -0.48037 0.45429
1403715909334057984 -0.39547 -1.63129 0.67400 0.34233 0.67623 -0.45571 0.46675
1403715909434057984 -0.34700 -1.61064 0.66507 0.32621 0.69427 -0.42950 0.47656
1403715909534057984 -0.29503 -1.60249 0.64584 0.31570 0.71197 -0.39812 0.48470
1403715909634057984 -0.23634 -1.57274 0.62990 0.30039 0.73003 -0.36489 0.49364
1403715909734057984 -0.17057 -1.54433 0.61141 0.27642 0.74503 -0.33219 0.50810
1403715909834057984 -0.10090 -1.50357 0.59107 0.24652 0.75900 -0.29631 0.52473
1403715909934057984 -0.02762 -1.45652 0.57048 0.20925 0.76722 -0.25735 0.54896
1403715910034057984 0.04436 -1.40163 0.54927 0.17076 0.77383 -0.21209 0.57188
1403715910134057984 0.11009 -1.34288 0.52538 0.13289 0.78369 -0.16257 0.58458
1403715910234057984 0.17128 -1.27830 0.50031 0.09724 0.79481 -0.11431 0.58800
1403715910334057984 0.22339 -1.21191 0.47642 0.06436 0.80028 -0.07021 0.59201
1403715910434057984 0.26567 -1.14412 0.45491 0.03656 0.79867 -0.02993 0.59992
1403715910534057984 0.29660 -1.07615 0.43436 0.01159 0.79316 0.00744 0.60885
1403715910634057984 0.32013 -1.00606 0.41650 -0.01321 0.78972 0.04076 0.61196
1403715910734057984 0.33266 -0.93637 0.40179 -0.03882 0.78851 0.07096 0.60968
1403715910834057984 0.33532 -0.86649 0.39166 -0.06291 0.78517 0.10055 0.60782
1403715910934057984 0.32425 -0.80062 0.38288 -0.08793 0.78135 0.12949 0.60415
1403715911034057984 0.30310 -0.73446 0.37443 -0.11403 0.77697 0.15716 0.59885
1403715911134057984 0.27406 -0.67180 0.36757 -0.14084 0.76640 0.18400 0.59911
1403715911234057984 0.23897 -0.60888 0.35819 -0.16671 0.75554 0.21187 0.59706
1403715911334057984 0.19568 -0.54955 0.34826 -0.19078 0.74777 0.24146 0.58833
1403715911434057984 0.14319 -0.49198 0.33763 -0.21392 0.74158 0.26979 0.57576
1403715911534057984 0.08707 -0.44007 0.32141 -0.23475 0.73860 0.29634 0.55816
1403715911634057984 0.02088 -0.39534 0.30668 -0.24868 0.73601 0.32549 0.53899
1403715911734057984 -0.04666 -0.35517 0.29634 -0.25670 0.72818 0.35713 0.52566
1403715911834057984 -0.11473 -0.31540 0.29636 -0.26607 0.71690 0.38549 0.51639
1403715911934057984 -0.18468 -0.28016 0.31123 -0.27868 0.70463 0.40866 0.50876
1403715912034057984 -0.25717 -0.24746 0.33836 -0.29322 0.69423 0.42634 0.50030
1403715912134057984 -0.33094 -0.21637 0.37159 -0.30912 0.68620 0.43887 0.49089
1403715912234057984 -0.40472 -0.18958 0.40461 -0.32353 0.67799 0.45094 0.48199
1403715912334057984 -0.47671 -0.16591 0.43597 -0.33669 0.66844 0.46329 0.47454
1403715912434057984 -0.54795 -0.14242 0.46420 -0.34757 0.65895 0.47747 0.46584
1403715912534057984 -0.62099 -0.11946 0.49090 -0.35932 0.64776 0.49282 0.45652
1403715912634057984 -0.69536 -0.09728 0.51690 -0.37238 0.63493 0.51040 0.44462
1403715912734057984 -0.76740 -0.07900 0.54334 -0.38751 0.61759 0.53071 0.43217
1403715912834057984 -0.83970 -0.06331 0.56889 -0.40463 0.59594 0.55448 0.41675
1403715912934057984 -0.91182 -0.05029 0.58532 -0.42274 0.56994 0.58100 0.39862
1403715913034057984 -0.98121 -0.03998 0.58611 -0.44132 0.54286 0.60590 0.37871
1403715913134057984 -1.05072 -0.03108 0.57570 -0.45746 0.51407 0.62991 0.36010
1403715913234057984 -1.12290 -0.02314 0.56309 -0.47605 0.48349 0.64906 0.34400
1403715913334057984 -1.19069 -0.01911 0.55154 -0.49041 0.44926 0.66649 0.33683
1403715913434057984 -1.25289 -0.01718 0.53975 -0.49807 0.41891 0.68063 0.33643
1403715913534057984 -1.31387 -0.02467 0.52903 0.50391 -0.39507 -0.68796 -0.34161
1403715913634057984 -1.37832 -0.04198 0.51865 0.50172 -0.37273 -0.69468 -0.35606
1403715913734057984 -1.44644 -0.07206 0.50975 -0.49942 0.36202 0.69831 0.36315
1403715913834057984 -1.52151 -0.11651 0.50153 -0.49527 0.36698 0.70244 0.35582
1403715913934057984 -1.60587 -0.17341 0.49707 -0.48980 0.37803 0.70614 0.34434
1403715914034057984 -1.69474 -0.23996 0.49524 -0.48607 0.38646 0.70712 0.33818
1403715914134057984 -1.79036 -0.31609 0.49716 -0.48149 0.39063 0.70713 0.33992
1403715914234057984 -1.89116 -0.39763 0.49967 -0.48024 0.40580 0.70313 0.33211
1403715914334057984 -1.99539 -0.48502 0.50273 -0.47226 0.43064 0.69981 0.31904
1403715914434057984 -2.10218 -0.57107 0.50687 -0.45745 0.45589 0.69785 0.30968
1403715914534057984 -2.21059 -0.65264 0.51292 -0.44241 0.47671 0.69415 0.30851
1403715914634057984 -2.31882 -0.72918 0.52065 -0.43209 0.49944 0.68517 0.30724
1403715914734057984 -2.42779 -0.79387 0.52712 -0.42590 0.52942 0.67017 0.29866
1403715914834057984 -2.53625 -0.84400 0.53098 -0.42502 0.56339 0.65045 0.28084
1403715914934057984 -2.63746 -0.88120 0.53615 -0.42451 0.58827 0.63391 0.26812
1403715915034057984 -2.72774 -0.89832 0.54261 -0.42500 0.60244 0.62202 0.26369
1403715915134057984 -2.80362 -0.89513 0.55087 -0.42611 0.60958 0.61443 0.26328
1403715915234057984 -2.86465 -0.86680 0.56048 -0.43009 0.60525 0.61028 0.27616
1403715915334057984 -2.91249 -0.82541 0.57357 -0.43131 0.58616 0.61333 0.30696
1403715915434057984 -2.94783 -0.76918 0.57734 -0.42852 0.56567 0.61979 0.33504
1403715915534057984 -2.97707 -0.70360 0.56468 -0.42859 0.55255 0.62296 0.35060
1403715915634057984 -3.00334 -0.63335 0.53893 -0.42716 0.54135 0.62703 0.36237
1403715915734057984 -3.02959 -0.56049 0.50711 -0.42431 0.53506 0.63188 0.36661
1403715915834057984 -3.05616 -0.48696 0.47312 -0.42200 0.53804 0.63585 0.35795
1403715915934057984 -3.08535 -0.40919 0.43957 -0.41907 0.54160 0.64006 0.34838
1403715916034057984 -3.11511 -0.32604 0.40937 -0.42396 0.53980 0.63890 0.34740
1403715916134057984 -3.14454 -0.23991 0.38014 -0.42720 0.53940 0.63421 0.35260
1403715916234057984 -3.17192 -0.15142 0.35150 -0.42805 0.54473 0.62302 0.36317
1403715916334057984 -3.19877 -0.06000 0.32297 -0.42268 0.55635 0.60826 0.37661
1403715916434057984 -3.22308 0.03101 0.29515 -0.41662 0.57275 0.58917 0.38892
1403715916534057984 -3.24563 0.12227 0.26630 -0.40658 0.59467 0.56832 0.39759
1403715916634057984 -3.26537 0.21417 0.24037 -0.39459 0.61696 0.54565 0.40733
1403715916734057984 -3.28101 0.30418 0.21372 -0.38745 0.63895 0.52097 0.41257
1403715916834057984 -3.29138 0.39440 0.18952 -0.38365 0.65729 0.49885 0.41466
1403715916934057984 -3.29508 0.48477 0.17035 -0.38675 0.67143 0.47637 0.41555
1403715917034057984 -3.28629 0.57139 0.15705 -0.38932 0.67967 0.45903 0.41925
1403715917134057984 -3.26373 0.65564 0.14991 -0.38788 0.67378 0.44709 0.44235
1403715917234057984 -3.22966 0.73311 0.14756 -0.37123 0.65804 0.44278 0.48283
1403715917334057984 -3.19606 0.80064 0.14456 -0.35349 0.65215 0.43570 0.50981
1403715917434057984 -3.16702 0.85824 0.14170 -0.34257 0.65384 0.42887 0.52078
1403715917534057984 -3.14426 0.90585 0.13772 -0.33736 0.66777 0.42411 0.51030
1403715917634057984 -3.12436 0.94454 0.12809 -0.33929 0.68159 0.41839 0.49524
1403715917734057984 -3.10331 0.97602 0.11299 -0.34925 0.68348 0.40970 0.49297
1403715917834057984 -3.08117 0.99439 0.09674 -0.35714 0.67641 0.40447 0.50132
1403715917934057984 -3.05954 1.00129 0.08599 -0.36016 0.66812 0.40432 0.51032
1403715918034057984 -3.04038 0.99069 0.07890 -0.35511 0.66110 0.40977 0.51859
1403715918134057984 -3.02204 0.96730 0.07267 -0.33846 0.66085 0.41582 0.52519
1403715918234057984 -3.00559 0.93752 0.06625 -0.32690 0.66437 0.41106 0.53178
1403715918334057984 -2.99384 0.89941 0.05488 -0.32555 0.67727 0.39502 0.52846
1403715918434057984 -2.98629 0.85204 0.02974 -0.32365 0.70010 0.37713 0.51272
1403715918534057984 -2.97791 0.79739 -0.00741 -0.31745 0.72054 0.36125 0.49955
1403715918634057984 -2.96581 0.73553 -0.05247 -0.30920 0.73348 0.34860 0.49486
1403715918734057984 -2.94747 0.66753 -0.09199 -0.29309 0.73930 0.34709 0.49706
1403715918834057984 -2.92384 0.59714 -0.11740 -0.27033 0.74152 0.35542 0.50075
1403715918934057984 -2.89833 0.52706 -0.13072 -0.24913 0.74767 0.36689 0.49428
1403715919034057984 -2.86938 0.46255 -0.13333 -0.23586 0.75560 0.37483 0.48263
1403715919134057984 -2.83803 0.40675 -0.12176 -0.22284 0.75642 0.38476 0.47972
1403715919234057984 -2.80432 0.36486 -0.10585 -0.20935 0.74657 0.39711 0.49102
1403715919334057984 -2.77255 0.33953 -0.08757 -0.20135 0.73094 0.40694 0.50950
1403715919434057984 -2.74746 0.32675 -0.07959 -0.21176 0.72637 0.40223 0.51552
1403715919534057984 -2.72938 0.33074 -0.08685 -0.22744 0.72727 0.39173 0.51565
1403715919634057984 -2.71339 0.33884 -0.10771 -0.23810 0.72816 0.38378 0.51556
1403715919734057984 -2.70103 0.35056 -0.13889 -0.23957 0.72821 0.38163 0.51640
1403715919834057984 -2.69064 0.36739 -0.17857 -0.23563 0.72618 0.38354 0.51965
1403715919934057984 -2.68669 0.38865 -0.22128 -0.23270 0.72685 0.38557 0.51853
1403715920034057984 -2.68503 0.41589 -0.25735 -0.23167 0.73263 0.38746 0.50937
1403715920134057984 -2.68928 0.44877 -0.27909 -0.23288 0.73749 0.38811 0.50124
1403715920234057984 -2.69321 0.48956 -0.28618 -0.23765 0.74053 0.38690 0.49542
1403715920334057984 -2.69598 0.53978 -0.27707 -0.25096 0.73743 0.38387 0.49585
1403715920434057984 -2.69753 0.59447 -0.25939 -0.26440 0.73229 0.38113 0.49858
1403715920534057984 -2.69778 0.65094 -0.23934 -0.27722 0.72557 0.37775 0.50399
1403715920634057984 -2.69779 0.70548 -0.22097 -0.28854 0.71863 0.37367 0.51057
1403715920734057984 -2.69876 0.75424 -0.19998 -0.29803 0.71064 0.37221 0.51733
1403715920834057984 -2.70075 0.79728 -0.16814 -0.30611 0.70321 0.37670 0.51950
1403715920934057984 -2.70597 0.83272 -0.12729 -0.31356 0.70061 0.38598 0.51171
1403715921034057984 -2.71105 0.85678 -0.07737 -0.31957 0.70318 0.39971 0.49361
1403715921134057984 -2.71417 0.87371 -0.02224 -0.32248 0.70221 0.41598 0.47944
1403715921234057984 -2.71410 0.88907 0.03414 -0.32453 0.69768 0.42853 0.47359
1403715921334057984 -2.71054 0.90268 0.08916 -0.32122 0.69278 0.44044 0.47211
1403715921434057984 -2.70459 0.91700 0.14354 -0.31468 0.68898 0.45138 0.47175
1403715921534057984 -2.69820 0.93388 0.20009 -0.31162 0.68712 0.45658 0.47147
1403715921634057984 -2.69173 0.95415 0.26547 -0.31043 0.68572 0.45822 0.47271
1403715921734057984 -2.68629 0.97759 0.34007 -0.31110 0.68728 0.45682 0.47135
1403715921834057984 -2.68080 1.00298 0.41612 -0.31756 0.68970 0.45096 0.46915
1403715921934057984 -2.67459 1.03132 0.48378 -0.32189 0.69124 0.44581 0.46885
1403715922034057984 -2.66681 1.05941 0.54153 -0.32200 0.69181 0.44322 0.47039
1403715922134057984 -2.65791 1.08717 0.60060 -0.32343 0.68969 0.43990 0.47562
1403715922234057984 -2.64689 1.11439 0.66880 -0.32765 0.68604 0.43507 0.48241
1403715922334057984 -2.63584 1.13906 0.74870 -0.32971 0.68193 0.43267 0.48894
1403715922434057984 -2.62621 1.15743 0.83186 -0.32533 0.67854 0.43598 0.49364
1403715922534057984 -2.61745 1.17239 0.91174 -0.32617 0.67812 0.43628 0.49338
1403715922634057984 -2.61082 1.18334 0.98800 -0.33192 0.67795 0.43302 0.49265
1403715922734057984 -2.60526 1.18883 1.05372 -0.33278 0.67765 0.43276 0.49272
1403715922834057984 -2.60064 1.19155 1.10545 -0.32775 0.67634 0.43696 0.49417
1403715922934057984 -2.59781 1.19148 1.14354 -0.32272 0.67552 0.44096 0.49506
1403715923034057984 -2.59781 1.19090 1.17394 -0.31961 0.67456 0.44328 0.49631
1403715923134057984 -2.60239 1.18602 1.20316 -0.31650 0.67560 0.44537 0.49502
1403715923234057984 -2.61145 1.17805 1.23878 -0.31171 0.67924 0.44872 0.49002
1403715923334057984 -2.62482 1.17107 1.28864 -0.31239 0.68476 0.44863 0.48193
1403715923434057984 -2.63845 1.16438 1.33730 -0.32089 0.69080 0.44318 0.47267
1403715923534057984 -2.65105 1.15780 1.37897 -0.33149 0.69570 0.43589 0.46489
1403715923634057984 -2.66024 1.14961 1.40211 -0.34153 0.69844 0.42882 0.46005
1403715923734057984 -2.66413 1.14037 1.40074 -0.34873 0.69883 0.42396 0.45856
1403715923834057984 -2.66258 1.12785 1.37383 -0.35331 0.69589 0.42096 0.46228
1403715923934057984 -2.65510 1.11282 1.33451 -0.35777 0.68812 0.41803 0.47302
1403715924034057984 -2.64095 1.09210 1.28629 -0.35769 0.68055 0.41869 0.48333
1403715924134057984 -2.62597 1.06342 1.22856 -0.35216 0.67487 0.42265 0.49183
1403715924234057984 -2.60980 1.02693 1.16957 -0.34492 0.67349 0.42789 0.49432
1403715924334057984 -2.59449 0.98271 1.11245 -0.33856 0.67512 0.43226 0.49270
1403715924434057984 -2.57988 0.93379 1.05639 -0.33224 0.67996 0.43603 0.48698
1403715924534057984 -2.56353 0.88328 1.00049 -0.32489 0.68744 0.44022 0.47758
1403715924634057984 -2.54728 0.83189 0.94551 -0.32353 0.69410 0.43860 0.47031
1403715924734057984 -2.52804 0.77868 0.89210 -0.32611 0.70261 0.42670 0.46682
1403715924834057984 -2.50125 0.72642 0.83952 -0.32460 0.71060 0.41004 0.47070
1403715924934057984 -2.46755 0.67052 0.78856 -0.31771 0.71889 0.38917 0.48042
1403715925034057984 -2.42817 0.61094 0.74040 -0.30501 0.72263 0.36642 0.50052
1403715925134057984 -2.38495 0.54622 0.70343 -0.28827 0.72293 0.34357 0.52557
1403715925234057984 -2.34210 0.47523 0.67861 -0.27155 0.72913 0.31955 0.54085
1403715925334057984 -2.30332 0.39725 0.66502 -0.25613 0.74270 0.29375 0.54452
1403715925434057984 -2.26581 0.31333 0.66181 -0.24105 0.76042 0.26667 0.54086
1403715925534057984 -2.23022 0.22290 0.65886 -0.22407 0.77799 0.24060 0.53539
1403715925634057984 -2.19165 0.12820 0.65586 -0.20533 0.79014 0.21494 0.53603
1403715925734057984 -2.15148 0.02628 0.65561 -0.18645 0.79729 0.18812 0.54237
1403715925834057984 -2.10697 -0.08060 0.65460 -0.16736 0.80310 0.16062 0.54884
1403715925934057984 -2.06118 -0.19214 0.65257 -0.14506 0.80620 0.13397 0.55772
1403715926034057984 -2.01350 -0.30773 0.64891 -0.12257 0.80699 0.10579 0.56793
1403715926134057984 -1.96831 -0.42877 0.63666 -0.10452 0.80366 0.07133 0.58149
1403715926234057984 -1.92880 -0.55285 0.61147 -0.08442 0.79994 0.03563 0.59304
1403715926334057984 -1.89585 -0.68180 0.57458 -0.06027 0.79606 0.00177 0.60221
1403715926434057984 -1.87139 -0.81640 0.53180 -0.03011 0.79014 -0.02763 0.61156
1403715926534057984 -1.85703 -0.95357 0.48711 0.00167 0.78306 -0.05438 0.61956
1403715926634057984 -1.85353 -1.09091 0.43955 0.03089 0.78447 -0.08097 0.61408
1403715926734057984 -1.86163 -1.22734 0.39200 0.05634 0.79022 -0.10864 0.60047
1403715926834057984 -1.87842 -1.36075 0.35024 0.08532 0.79625 -0.13003 0.58463
1403715926934057984 -1.89937 -1.48821 0.32066 0.10878 0.79977 -0.15016 0.57095
1403715927034057984 -1.91886 -1.61056 0.30508 0.12692 0.79923 -0.16955 0.56248
1403715927134057984 -1.93887 -1.72816 0.29519 0.14571 0.79162 -0.18613 0.56343
1403715927234057984 -1.95790 -1.84043 0.28529 0.17666 0.78277 -0.19319 0.56457
1403715927334057984 -1.97613 -1.93970 0.27674 0.20728 0.77364 -0.19869 0.56484
1403715927434057984 -1.99102 -2.02358 0.27086 0.23054 0.75904 -0.20811 0.57219
1403715927534057984 -2.00850 -2.09511 0.26456 0.23678 0.73978 -0.23000 0.58631
1403715927634057984 -2.03105 -2.14997 0.25820 0.24059 0.72018 -0.25715 0.59777
1403715927734057984 -2.06290 -2.19278 0.24938 0.25231 0.70565 -0.28526 0.59751
1403715927834057984 -2.10690 -2.21952 0.23815 0.27666 0.69662 -0.31156 0.58405
1403715927934057984 -2.16059 -2.22864 0.22603 0.30457 0.68881 -0.33917 0.56368
1403715928034057984 -2.21860 -2.22077 0.20808 0.33039 0.67936 -0.37092 0.54012
1403715928134057984 -2.28132 -2.19785 0.17886 0.34621 0.66459 -0.41127 0.51896
1403715928234057984 -2.34538 -2.16356 0.13717 0.36139 0.64383 -0.45286 0.49979
1403715928334057984 -2.41128 -2.11918 0.08746 0.38442 0.61335 -0.48649 0.48923
1403715928434057984 -2.47801 -2.06348 0.03446 0.40820 0.58195 -0.51429 0.47980
1403715928534057984 -2.54756 -1.99404 -0.02271 0.41877 0.55941 -0.54562 0.46259
1403715928634057984 -2.61659 -1.91322 -0.07763 -0.42154 -0.54548 0.57272 -0.44356
1403715928734057984 -2.68777 -1.83225 -0.12306 -0.41947 -0.54551 0.59140 -0.42038
1403715928834057984 -2.75818 -1.74120 -0.14821 -0.40232 -0.55885 0.60979 -0.39241
1403715928934057984 -2.82212 -1.65386 -0.14625 -0.37871 -0.57864 0.61877 -0.37266
1403715929034057984 -2.88254 -1.58263 -0.11550 -0.35354 -0.60149 0.61855 -0.36141
1403715929134057984 -2.94129 -1.53344 -0.06319 0.33372 0.62137 -0.61371 0.35481
1403715929234057984 -2.99508 -1.51190 -0.00642 0.32241 0.64020 -0.60415 0.34815
1403715929334057984 -3.04889 -1.51018 0.04346 0.33921 0.65652 -0.57867 0.34506
1403715929434057984 -3.09497 -1.52685 0.08741 0.37999 0.66814 -0.53865 0.34505
1403715929534057984 -3.12640 -1.55257 0.12516 0.42311 0.67398 -0.49873 0.34352
1403715929634057984 -3.13461 -1.58012 0.16106 0.45487 0.67491 -0.47111 0.34006
1403715929734057984 -3.11397 -1.60185 0.19337 0.44818 0.66613 -0.48245 0.35021
1403715929834057984 -3.06894 -1.62414 0.22321 0.42604 0.64777 -0.50734 0.37615
1403715929934057984 -3.00849 -1.64753 0.24507 0.40336 0.62080 -0.53030 0.41315
1403715930034057984 -2.94118 -1.67091 0.25521 0.38533 0.59597 -0.54717 0.44378
1403715930134057984 -2.87545 -1.69019 0.25763 0.36891 0.57474 -0.56124 0.46753
1403715930234057984 -2.81875 -1.70409 0.26008 -0.35561 -0.55857 0.57255 -0.48345
1403715930334057984 -2.77741 -1.71149 0.26347 -0.35044 -0.55165 0.57906 -0.48741
1403715930434057984 -2.75355 -1.71462 0.26386 -0.35052 -0.56081 0.58270 -0.47232
1403715930534057984 -2.74280 -1.71667 0.25355 -0.35030 -0.57362 0.58659 -0.45185
1403715930634057984 -2.74164 -1.71905 0.23669 -0.34609 -0.58465 0.59221 -0.43324
1403715930734057984 -2.74969 -1.72868 0.22689 -0.34027 -0.58873 0.59825 -0.42392
1403715930834057984 -2.76763 -1.74811 0.23197 -0.34121 -0.59268 0.59965 -0.41561
1403715930934057984 -2.79413 -1.77605 0.25296 0.35333 0.60306 -0.59292 0.39991
1403715931034057984 -2.82384 -1.81425 0.27843 0.35812 0.61272 -0.59016 0.38475
1403715931134057984 -2.85203 -1.86370 0.29381 0.35433 0.61959 -0.59328 0.37225
1403715931234057984 -2.87794 -1.92717 0.30805 0.35202 0.62227 -0.59501 0.36718
1403715931334057984 -2.90072 -2.00681 0.33398 0.35178 0.62007 -0.59580 0.36985
1403715931434057984 -2.92072 -2.10244 0.37423 0.35501 0.61662 -0.59350 0.37618
1403715931534057984 -2.94002 -2.21101 0.41311 0.35790 0.61470 -0.59026 0.38163
1403715931634057984 -2.95664 -2.32912 0.43939 0.36322 0.61539 -0.58418 0.38483
1403715931734057984 -2.97028 -2.45416 0.45135 0.36933 0.61775 -0.57655 0.38674
1403715931834057984 -2.98111 -2.58409 0.45373 0.37291 0.61793 -0.57036 0.39216
1403715931934057984 -2.98860 -2.72085 0.45903 0.38168 0.61309 -0.56080 0.40490
1403715932034057984 -2.99337 -2.85817 0.46649 0.39128 0.60554 -0.55092 0.42037
1403715932134057984 -2.99501 -2.99293 0.47937 0.40722 0.59437 -0.53660 0.43928
1403715932234057984 -2.99348 -3.11823 0.49885 0.42922 0.57968 -0.51823 0.45954
1403715932334057984 -2.98862 -3.22853 0.52364 0.44894 0.56154 -0.50080 0.48200
1403715932434057984 -2.98087 -3.31488 0.54858 0.46346 0.54718 -0.48746 0.49818
1403715932534057984 -2.97186 -3.37094 0.57488 0.47234 0.53537 -0.47790 0.51176
1403715932634057984 -2.96303 -3.39185 0.60257 0.48137 0.52186 -0.46769 0.52651
1403715932734057984 -2.95454 -3.37439 0.63276 0.48885 0.51154 -0.45953 0.53683
1403715932834057984 -2.94755 -3.31204 0.66206 0.49114 0.51002 -0.45928 0.53640
1403715932934057984 -2.94256 -3.21060 0.68827 0.47647 0.52863 -0.47953 0.51340
1403715933034057984 -2.93796 -3.07426 0.71305 0.44783 0.55658 -0.51128 0.47776
1403715933134057984 -2.93306 -2.92001 0.73827 0.41926 0.58106 -0.53908 0.44270
1403715933234057984 -2.92662 -2.75831 0.76290 0.38908 0.60331 -0.56410 0.40795
1403715933334057984 -2.91877 -2.60096 0.78589 0.35677 0.62133 -0.58743 0.37629
1403715933434057984 -2.90879 -2.45990 0.80708 0.31798 0.63304 -0.61349 0.34896
1403715933534057984 -2.89931 -2.34664 0.83031 0.28083 0.64078 -0.63723 0.32323
1403715933634057984 -2.89237 -2.27411 0.85940 -0.25594 -0.64767 0.65197 -0.29993
1403715933734057984 -2.89133 -2.24789 0.89435 0.24845 0.65616 -0.65475 0.28111
1403715933834057984 -2.89038 -2.25933 0.94185 0.25435 0.65893 -0.65250 0.27451
1403715933934057984 -2.88876 -2.34575 0.99819 0.28077 0.65095 -0.64125 0.29364
1403715934034057984 -2.88377 -2.46810 1.06960 0.33234 0.62646 -0.61699 0.34122
1403715934134057984 -2.87783 -2.60930 1.14392 0.38887 0.59312 -0.58364 0.39542
1403715934234057984 -2.87104 -2.75045 1.20066 0.43862 0.55677 -0.54848 0.44361
1403715934334057984 -2.86568 -2.87890 1.23315 0.47207 0.52927 -0.52021 0.47583
1403715934434057984 -2.85774 -2.98069 1.25600 0.49599 0.50661 -0.49674 0.50059
1403715934534057984 -2.84869 -3.05140 1.26575 0.51292 0.48798 -0.47708 0.52075
1403715934634057984 -2.84008 -3.08007 1.27085 0.52411 0.47341 -0.46100 0.53729
1403715934734057984 -2.83031 -3.05890 1.27557 0.52549 0.46590 -0.45311 0.54908
1403715934834057984 -2.82469 -2.98011 1.28396 0.51575 0.46941 -0.45737 0.55178
1403715934934057984 -2.82163 -2.85013 1.29477 0.48863 0.50007 -0.48527 0.52506
1403715935034057984 -2.82529 -2.69176 1.31115 0.45067 0.53492 -0.52111 0.48907
1403715935134057984 -2.82850 -2.50353 1.31114 0.41251 0.56720 -0.55454 0.44789
1403715935234057984 -2.83339 -2.30761 1.30055 0.37900 0.59226 -0.58084 0.41013
1403715935334057984 -2.83680 -2.12004 1.28000 0.35357 0.61054 -0.59894 0.37881
1403715935434057984 -2.83870 -1.94195 1.24884 0.33510 0.62370 -0.61096 0.35417
1403715935534057984 -2.84298 -1.78297 1.20894 0.32139 0.63366 -0.61783 0.33684
1403715935634057984 -2.84531 -1.65151 1.16346 0.31157 0.64022 -0.62277 0.32433
1403715935734057984 -2.84548 -1.55181 1.11928 0.30090 0.64656 -0.62809 0.31131
1403715935834057984 -2.84204 -1.49141 1.07858 0.29131 0.65182 -0.63306 0.29918
1403715935934057984 -2.82797 -1.47479 1.04880 0.28960 0.65177 -0.63683 0.29288
1403715936034057984 -2.81939 -1.49674 1.02916 0.30951 0.64242 -0.62836 0.31092
1403715936134057984 -2.80882 -1.55125 1.01968 0.35022 0.62191 -0.60778 0.34811
1403715936234057984 -2.79870 -1.68156 1.02002 0.39272 0.59689 -0.58303 0.38674
1403715936334057984 -2.78531 -1.77267 1.01281 0.42892 0.56966 -0.55947 0.42251
1403715936434057984 -2.76794 -1.86073 1.00574 0.44894 0.54760 -0.54609 0.44764
1403715936534057984 -2.74989 -1.92483 0.99228 -0.45801 -0.53406 0.54024 -0.46167
1403715936634057984 -2.73239 -1.97061 0.98319 -0.46101 -0.52235 0.53825 -0.47424
1403715936734057984 -2.71583 -1.98879 0.97270 -0.46039 -0.51730 0.53968 -0.47874
1403715936834057984 -2.70029 -1.98331 0.95923 -0.45376 -0.52720 0.54740 -0.46531
1403715936934057984 -2.68815 -1.96199 0.94479 -0.44602 -0.53702 0.55535 -0.45197
1403715937034057984 -2.67321 -1.93139 0.92925 -0.43616 -0.54676 0.55985 -0.44427
1403715937134057984 -2.66349 -1.87874 0.91344 -0.41929 -0.56222 0.56288 -0.43734
1403715937234057984 -2.64882 -1.82831 0.89546 0.40288 0.57944 -0.55934 0.43484
1403715937334057984 -2.63439 -1.77425 0.87041 0.38774 0.59728 -0.54874 0.43795
1403715937434057984 -2.62010 -1.71771 0.83464 0.37520 0.61338 -0.53320 0.44574
1403715937534057984 -2.60652 -1.66200 0.78509 0.35571 0.63231 -0.52498 0.44503
1403715937634057984 -2.59048 -1.61507 0.72433 0.33174 0.65623 -0.52171 0.43258
1403715937734057984 -2.57601 -1.57133 0.66827 0.31131 0.67620 -0.51523 0.42472
1403715937834057984 -2.56002 -1.53791 0.61604 0.29566 0.69176 -0.50517 0.42292
1403715937934057984 -2.53907 -1.51736 0.56863 0.28268 0.70472 -0.49318 0.42453
1403715938034057984 -2.51340 -1.51123 0.52346 0.27039 0.71827 -0.47821 0.42696
1403715938134057984 -2.48126 -1.52011 0.48313 0.25755 0.73211 -0.46179 0.42945
1403715938234057984 -2.44115 -1.54535 0.45764 0.24606 0.74469 -0.44211 0.43523
1403715938334057984 -2.39116 -1.58770 0.45065 0.25007 0.75140 -0.40960 0.45288
1403715938434057984 -2.33258 -1.64351 0.45836 0.25368 0.75418 -0.37612 0.47476
1403715938534057984 -2.26718 -1.70254 0.46989 0.24798 0.75418 -0.34904 0.49789
1403715938634057984 -2.19762 -1.76414 0.47601 0.23820 0.75583 -0.33121 0.51213
1403715938734057984 -2.12645 -1.82667 0.47802 0.22589 0.76323 -0.32365 0.51157
1403715938834057984 -2.05452 -1.89098 0.47695 0.21241 0.77739 -0.32305 0.49617
1403715938934057984 -1.97628 -1.95915 0.47227 0.19990 0.79051 -0.32486 0.47917
1403715939034057984 -1.89034 -2.03354 0.46663 0.18942 0.80008 -0.32673 0.46609
1403715939134057984 -1.79361 -2.11908 0.46086 0.18624 0.80372 -0.32471 0.46251
1403715939234057984 -1.68384 -2.21711 0.46196 0.19623 0.78913 -0.31515 0.48934
1403715939334057984 -1.56670 -2.32068 0.46620 0.21049 0.76596 -0.30276 0.52663
1403715939434057984 -1.45020 -2.42206 0.46882 0.22420 0.74053 -0.29172 0.56236
1403715939534057984 -1.34003 -2.51584 0.46997 0.23678 0.71853 -0.28208 0.58998
1403715939634057984 -1.24124 -2.59528 0.47396 0.25002 0.69443 -0.27313 0.61698
1403715939734057984 -1.16212 -2.65458 0.48550 0.26310 0.66747 -0.26420 0.64457
1403715939834057984 -1.10611 -2.68835 0.50324 0.27222 0.64895 -0.25967 0.66131
1403715939934057984 -1.07748 -2.69095 0.53028 0.27767 0.64167 -0.25884 0.66645
1403715940034057984 -1.07774 -2.65930 0.56600 0.27486 0.65747 -0.26692 0.64880
1403715940134057984 -1.09707 -2.60367 0.60426 0.26126 0.69368 -0.28372 0.60833
1403715940234057984 -1.12715 -2.53084 0.64632 0.24508 0.72833 -0.29992 0.56527
1403715940334057984 -1.17468 -2.44157 0.68371 0.22552 0.75929 -0.31494 0.52291
1403715940434057984 -1.21585 -2.35441 0.72103 0.20576 0.78618 -0.32872 0.48117
1403715940534057984 -1.24601 -2.27361 0.75762 0.18414 0.80927 -0.34300 0.43992
1403715940634057984 -1.26091 -2.20772 0.79142 0.15853 0.82917 -0.35975 0.39741
1403715940734057984 -1.25183 -2.17137 0.82680 0.13651 0.84348 -0.37255 0.36211
1403715940834057984 -1.21295 -2.17340 0.86778 0.13262 0.85225 -0.37171 0.34338
1403715940934057984 -1.13690 -2.21575 0.91751 0.14638 0.84681 -0.36481 0.35834
1403715941034057984 -1.02544 -2.29390 0.97961 0.17606 0.82045 -0.35236 0.41437
1403715941134057984 -0.89584 -2.39175 1.04810 0.21176 0.77653 -0.33328 0.49100
1403715941234057984 -0.76417 -2.49117 1.11407 0.24301 0.72673 -0.31260 0.56134
1403715941334057984 -0.64344 -2.57929 1.17340 0.25758 0.68765 -0.29997 0.60894
1403715941434057984 -0.53857 -2.65342 1.22157 0.26522 0.65914 -0.29162 0.64044
1403715941534057984 -0.45013 -2.70999 1.24617 0.26651 0.64283 -0.28795 0.65789
1403715941634057984 -0.38990 -2.74734 1.25267 0.26657 0.62750 -0.28457 0.67395
1403715941734057984 -0.35604 -2.75973 1.24637 0.26588 0.60760 -0.28048 0.69387
1403715941834057984 -0.35733 -2.74545 1.23651 0.26771 0.58977 -0.27471 0.71066
1403715941934057984 -0.39871 -2.69975 1.21591 0.27067 0.58889 -0.27219 0.71124
1403715942034057984 -0.47624 -2.62484 1.18819 0.26749 0.61999 -0.28025 0.68229
1403715942134057984 -0.58699 -2.51949 1.15114 0.25479 0.66726 -0.29580 0.63432
1403715942234057984 -0.71155 -2.40123 1.09522 0.23628 0.71284 -0.31257 0.58166
1403715942334057984 -0.84346 -2.27540 1.01568 0.21396 0.75427 -0.33013 0.52566
1403715942434057984 -0.97137 -2.15220 0.91790 0.19460 0.78085 -0.34365 0.48405
1403715942534057984 -1.08878 -2.03866 0.81194 0.17660 0.79896 -0.35573 0.45158
1403715942634057984 -1.19482 -1.94251 0.70629 0.16467 0.81609 -0.36025 0.42084
1403715942734057984 -1.27555 -1.87235 0.60403 0.15879 0.82768 -0.36065 0.39959
1403715942834057984 -1.33148 -1.83201 0.50834 0.15820 0.83213 -0.35860 0.39236
1403715942934057984 -1.35773 -1.82353 0.41932 0.16036 0.83258 -0.35466 0.39409
1403715943034057984 -1.35183 -1.84328 0.34177 0.16789 0.83080 -0.34784 0.40075
1403715943134057984 -1.31642 -1.89227 0.28259 0.18144 0.82718 -0.33655 0.41180
1403715943234057984 -1.25649 -1.96081 0.24407 0.19519 0.80835 -0.32695 0.44897
1403715943334057984 -1.17461 -2.04464 0.22446 0.21121 0.77518 -0.31250 0.50679
1403715943434057984 -1.09149 -2.12516 0.21597 0.22619 0.73904 -0.29136 0.56371
1403715943534057984 -1.01504 -2.19638 0.20711 0.23315 0.71433 -0.27471 0.59993
1403715943634057984 -0.95083 -2.25404 0.19621 0.23797 0.69830 -0.26585 0.62054
1403715943734057984 -0.90199 -2.29825 0.18435 0.24082 0.68258 -0.26356 0.63767
1403715943834057984 -0.87605 -2.32018 0.18059 0.24802 0.66502 -0.26195 0.65392
1403715943934057984 -0.87869 -2.31638 0.19007 0.25454 0.65325 -0.26205 0.66318
1403715944034057984 -0.91333 -2.28429 0.21211 0.24740 0.66406 -0.27198 0.65103
1403715944134057984 -0.97409 -2.22695 0.23937 0.22195 0.70509 -0.29006 0.60783
1403715944234057984 -1.04899 -2.15783 0.26650 0.18850 0.75169 -0.30352 0.55435
1403715944334057984 -1.12941 -2.08726 0.28980 0.15874 0.79242 -0.30497 0.50385
1403715944434057984 -1.20134 -2.02559 0.30484 0.13589 0.82247 -0.29371 0.46777
1403715944534057984 -1.26112 -1.97584 0.31301 0.11527 0.84593 -0.27561 0.44177
1403715944634057984 -1.29917 -1.94463 0.32891 0.09432 0.86150 -0.25517 0.42873
1403715944734057984 -1.30261 -1.94139 0.34838 0.07474 0.87213 -0.23325 0.42355
1403715944834057984 -1.26941 -1.96348 0.37310 0.06667 0.87743 -0.20551 0.42829
1403715944934057984 -1.20855 -2.00146 0.40557 0.07756 0.86565 -0.16648 0.46574
1403715945034057984 -1.13531 -2.05253 0.44088 0.09016 0.83629 -0.12182 0.52693
1403715945134057984 -1.05450 -2.09872 0.47717 0.10113 0.79898 -0.08930 0.58603
1403715945234057984 -0.98048 -2.13909 0.50734 0.10833 0.77068 -0.06986 0.62405
1403715945334057984 -0.91948 -2.16973 0.53659 0.11295 0.74652 -0.06050 0.65291
1403715945434057984 -0.88005 -2.18507 0.56949 0.11787 0.72176 -0.05598 0.67973
1403715945534057984 -0.87014 -2.18150 0.60344 0.11722 0.70146 -0.05768 0.70064
1403715945634057984 -0.89258 -2.16145 0.62627 0.10339 0.72465 -0.07244 0.67745
1403715945734057984 -0.93994 -2.13062 0.64663 0.08904 0.76362 -0.08833 0.63337
1403715945834057984 -1.00099 -2.09415 0.66649 0.08120 0.80183 -0.09905 0.58366
1403715945934057984 -1.06517 -2.05346 0.68777 0.07411 0.83621 -0.10822 0.53250
1403715946034057984 -1.11974 -2.01345 0.71040 0.06482 0.86088 -0.11183 0.49211
1403715946134057984 -1.14890 -1.97893 0.73833 0.05416 0.87847 -0.10839 0.46219
1403715946234057984 -1.14354 -1.94832 0.76975 0.04287 0.89291 -0.09839 0.43726
1403715946334057984 -1.11309 -1.92535 0.79998 0.03364 0.89829 -0.08247 0.43029
1403715946434057984 -1.05039 -1.90660 0.83679 0.03358 0.88634 -0.05734 0.45823
1403715946534057984 -0.96106 -1.89012 0.87627 0.03283 0.85943 -0.03665 0.50888
1403715946634057984 -0.85802 -1.87228 0.91724 0.02849 0.82452 -0.02385 0.56460
1403715946734057984 -0.75636 -1.85267 0.95663 0.02350 0.79309 -0.01597 0.60844
1403715946834057984 -0.66183 -1.83077 0.99028 0.01827 0.77291 -0.01205 0.63414
1403715946934057984 -0.58204 -1.80880 1.01701 0.01619 0.75820 -0.00879 0.65177
1403715947034057984 -0.52337 -1.78526 1.03864 0.01743 0.74449 -0.00689 0.66737
1403715947134057984 -0.48557 -1.76321 1.05757 0.01533 0.72147 -0.00968 0.69221
1403715947234057984 -0.48281 -1.73939 1.08231 0.01546 0.69426 -0.01385 0.71943
1403715947334057984 -0.51736 -1.71382 1.09599 0.01415 0.69262 -0.02046 0.72087
1403715947434057984 -0.58588 -1.68615 1.09102 0.01553 0.72500 -0.02601 0.68808
1403715947534057984 -0.69551 -1.65560 1.07044 0.01042 0.76537 -0.03259 0.64268
1403715947634057984 -0.81380 -1.62666 1.03546 -0.00066 0.80312 -0.04092 0.59441
1403715947734057984 -0.92768 -1.59870 0.99113 -0.01063 0.83615 -0.04827 0.54627
1403715947834057984 -1.03391 -1.57884 0.94186 -0.00796 0.85819 -0.04533 0.51126
1403715947934057984 -1.12825 -1.56941 0.88065 -0.00273 0.87616 -0.03806 0.48050
1403715948034057984 -1.19831 -1.55498 0.82061 0.00041 0.89189 -0.03161 0.45114
1403715948134057984 -1.23360 -1.54358 0.76407 0.00143 0.90360 -0.02655 0.42754
1403715948234057984 -1.22652 -1.53694 0.71625 0.00117 0.90703 -0.02259 0.42047
1403715948334057984 -1.17405 -1.53259 0.68158 -0.00022 0.89558 -0.02032 0.44445
1403715948434057984 -1.08574 -1.53158 0.65454 -0.00093 0.87033 -0.02050 0.49204
1403715948534057984 -0.98611 -1.53161 0.63004 0.00410 0.84068 -0.01870 0.54120
1403715948634057984 -0.87987 -1.53239 0.60507 0.01098 0.81196 -0.01851 0.58332
1403715948734057984 -0.77637 -1.53388 0.57739 0.01787 0.78575 -0.01934 0.61799
1403715948834057984 -0.68769 -1.53423 0.54656 0.02300 0.76672 -0.02068 0.64124
1403715948934057984 -0.61599 -1.53302 0.51686 0.02113 0.75243 -0.02072 0.65800
1403715949034057984 -0.56676 -1.53019 0.49107 0.01470 0.73883 -0.01537 0.67355
1403715949134057984 -0.54483 -1.52524 0.46633 0.00409 0.73509 -0.00660 0.67793
1403715949234057984 -0.54890 -1.51520 0.43910 -0.00768 0.75549 0.00647 0.65508
1403715949334057984 -0.57103 -1.50591 0.41165 -0.02043 0.78902 0.02226 0.61363
1403715949434057984 -0.60952 -1.50032 0.38537 -0.02987 0.82531 0.03763 0.56263
1403715949534057984 -0.64340 -1.49548 0.36322 -0.03735 0.85078 0.05330 0.52147
1403715949634057984 -0.66581 -1.48946 0.34459 -0.04558 0.86549 0.07171 0.49367
1403715949734057984 -0.66855 -1.47941 0.33129 -0.05547 0.87610 0.09103 0.47020
1403715949834057984 -0.64199 -1.46463 0.32145 -0.06097 0.88042 0.11477 0.45603
1403715949934057984 -0.58430 -1.44399 0.32167 -0.06319 0.87675 0.14264 0.45494
1403715950034057984 -0.50390 -1.41341 0.32766 -0.06143 0.86593 0.17360 0.46504
1403715950134057984 -0.40573 -1.36698 0.33738 -0.06639 0.84145 0.19949 0.49775
1403715950234057984 -0.28368 -1.29877 0.34376 -0.08403 0.80772 0.20597 0.54599
1403715950334057984 -0.17423 -1.23085 0.35594 -0.11008 0.77504 0.19950 0.58940
1403715950434057984 -0.07617 -1.16443 0.36735 -0.12930 0.74665 0.19079 0.62402
1403715950534057984 0.00312 -1.10650 0.37986 -0.13991 0.72054 0.18335 0.65394
1403715950634057984 0.05937 -1.05484 0.39133 -0.14445 0.70599 0.17786 0.67013
1403715950734057984 0.08598 -1.01219 0.40464 -0.14838 0.69284 0.17307 0.68410
1403715950834057984 0.07578 -0.98142 0.42498 -0.15278 0.68137 0.16989 0.69537
1403715950934057984 0.03627 -0.96211 0.44234 -0.15533 0.68144 0.17008 0.69468
1403715951034057984 -0.03798 -0.95833 0.45572 -0.15720 0.71281 0.17425 0.66093
1403715951134057984 -0.13930 -0.96863 0.46880 -0.15273 0.75180 0.18372 0.61459
1403715951234057984 -0.25084 -0.98415 0.48009 -0.14312 0.78988 0.20055 0.56159
1403715951334057984 -0.36609 -0.99992 0.49059 -0.13877 0.81872 0.21680 0.51326
1403715951434057984 -0.47137 -1.00817 0.50435 -0.13727 0.83731 0.23382 0.47476
1403715951534057984 -0.55892 -1.00926 0.51765 -0.13904 0.85043 0.25041 0.44128
1403715951634057984 -0.62237 -0.99592 0.53521 -0.14234 0.85722 0.26760 0.41630
1403715951734057984 -0.65620 -0.96430 0.55578 -0.14748 0.85874 0.28479 0.39964
1403715951834057984 -0.65341 -0.91833 0.57968 -0.15774 0.85379 0.30381 0.39225
1403715951934057984 -0.62261 -0.84491 0.61181 -0.17975 0.83330 0.31310 0.41865
1403715952034057984 -0.57011 -0.75662 0.64950 -0.21153 0.79687 0.31876 0.46759
1403715952134057984 -0.50397 -0.66001 0.68840 -0.24740 0.75341 0.32001 0.51842
1403715952234057984 -0.43293 -0.57255 0.72239 -0.27690 0.71738 0.32336 0.55147
1403715952334057984 -0.37400 -0.49879 0.75138 -0.29813 0.69160 0.32643 0.57118
1403715952434057984 -0.31816 -0.44209 0.77747 -0.31406 0.67072 0.32837 0.58624
1403715952534057984 -0.27606 -0.40649 0.80322 -0.32572 0.65482 0.33415 0.59452
1403715952634057984 -0.24966 -0.39330 0.83054 -0.33980 0.63806 0.33818 0.60254
1403715952734057984 -0.23205 -0.41080 0.85661 -0.35472 0.61623 0.33587 0.61776
1403715952834057984 -0.23741 -0.45727 0.88494 -0.36550 0.59745 0.33265 0.63151
1403715952934057984 -0.25972 -0.53660 0.90548 -0.35769 0.61477 0.34640 0.61165
1403715953034057984 -0.29601 -0.64682 0.91428 -0.33497 0.65580 0.37524 0.56295
1403715953134057984 -0.34129 -0.77295 0.91238 -0.30733 0.69687 0.40457 0.50620
1403715953234057984 -0.39032 -0.90470 0.89883 -0.28142 0.72926 0.42600 0.45553
1403715953334057984 -0.43387 -1.03452 0.87645 -0.26445 0.74783 0.44018 0.42079
1403715953434057984 -0.46410 -1.15375 0.84744 -0.25279 0.75941 0.45559 0.38965
1403715953534057984 -0.48452 -1.24771 0.81829 -0.24719 0.76352 0.47292 0.36372
1403715953634057984 -0.49054 -1.30495 0.79322 -0.24442 0.76151 0.49321 0.34221
1403715953734057984 -0.48731 -1.31704 0.78386 -0.24237 0.75825 0.50929 0.32703
1403715953834057984 -0.45055 -1.28106 0.77740 -0.24209 0.74675 0.52738 0.32500
1403715953934057984 -0.42708 -1.19209 0.78230 -0.23373 0.73191 0.53166 0.35638
1403715954034057984 -0.36672 -1.08792 0.78417 -0.23700 0.68840 0.54856 0.41112
1403715954134057984 -0.31362 -0.96723 0.77794 -0.25713 0.64955 0.54579 0.46269
1403715954234057984 -0.27242 -0.82999 0.76624 -0.28829 0.61795 0.52798 0.50623
1403715954334057984 -0.24858 -0.69309 0.75294 -0.32441 0.59940 0.50155 0.53284
1403715954434057984 -0.24364 -0.56808 0.73321 -0.36639 0.58987 0.47009 0.54481
1403715954534057984 -0.25136 -0.46402 0.71683 -0.39871 0.57476 0.44347 0.56037
1403715954634057984 -0.27601 -0.39019 0.70775 -0.41945 0.55747 0.42517 0.57665
1403715954734057984 -0.31508 -0.35471 0.69851 -0.42918 0.54948 0.41739 0.58281
1403715954834057984 -0.36505 -0.35868 0.69208 -0.42255 0.55941 0.42493 0.57266
1403715954934057984 -0.42654 -0.39732 0.68252 -0.40411 0.58230 0.44173 0.55000
1403715955034057984 -0.49904 -0.46494 0.67320 -0.37697 0.61208 0.46277 0.51875
1403715955134057984 -0.57549 -0.54974 0.66628 -0.35290 0.64241 0.47895 0.48310
1403715955234057984 -0.65088 -0.64152 0.65911 -0.33128 0.67453 0.49108 0.44057
1403715955334057984 -0.72655 -0.72662 0.65355 -0.30913 0.69775 0.50146 0.40758
1403715955434057984 -0.79818 -0.79271 0.65158 -0.29169 0.71507 0.50780 0.38174
1403715955534057984 -0.85853 -0.84023 0.65154 -0.28277 0.73070 0.51165 0.35260
1403715955634057984 -0.90283 -0.86206 0.65596 -0.27944 0.73919 0.51969 0.32471
1403715955734057984 -0.93070 -0.84911 0.66685 -0.27983 0.73274 0.53343 0.31661
1403715955834057984 -0.94106 -0.79802 0.69207 -0.30670 0.70235 0.54117 0.34608
1403715955934057984 -0.94034 -0.72465 0.72099 -0.34813 0.66029 0.54245 0.38546
1403715956034057984 -0.93329 -0.63954 0.75189 -0.38881 0.61001 0.54466 0.42434
1403715956134057984 -0.92698 -0.55881 0.77912 -0.41884 0.56208 0.55280 0.45061
1403715956234057984 -0.92986 -0.49278 0.80080 -0.44162 0.52247 0.56510 0.46115
1403715956334057984 -0.93654 -0.44861 0.82228 -0.46344 0.49148 0.57845 0.45724
1403715956434057984 -0.94384 -0.42819 0.84830 -0.49667 0.45648 0.58211 0.45396
1403715956534057984 -0.95971 -0.43435 0.87699 0.53161 -0.42120 -0.58017 -0.45098
1403715956634057984 -0.97172 -0.46595 0.90256 0.55504 -0.39865 -0.58097 -0.44214
1403715956734057984 -0.97804 -0.53997 0.92939 0.55713 -0.39752 -0.59379 -0.42309
1403715956834057984 -0.97987 -0.64329 0.95148 0.54555 -0.41126 -0.61342 -0.39619
1403715956934057984 -0.97858 -0.76655 0.97704 0.52201 -0.43146 -0.63688 -0.36842
1403715957034057984 -0.97304 -0.90481 0.99371 -0.48843 0.45410 0.66263 0.34080
1403715957134057984 -0.96792 -1.04745 1.00032 -0.45627 0.47455 0.68282 0.31682
1403715957234057984 -0.96466 -1.18466 0.99142 -0.42619 0.49414 0.69945 0.29148
1403715957334057984 -0.96529 -1.30925 0.96920 -0.39552 0.51426 0.71411 0.26297
1403715957434057984 -0.97114 -1.41334 0.93768 -0.36501 0.52921 0.72744 0.23987
1403715957534057984 -0.98247 -1.48577 0.90172 -0.34014 0.53976 0.73740 0.22184
1403715957634057984 -1.00559 -1.52081 0.86507 -0.32143 0.54471 0.74518 0.21135
1403715957734057984 -1.04098 -1.51115 0.83114 -0.31985 0.53985 0.74792 0.21649
1403715957834057984 -1.09441 -1.45492 0.80218 -0.35281 0.52586 0.73516 0.24194
1403715957934057984 -1.16067 -1.36540 0.78699 -0.40635 0.50002 0.71266 0.27745
1403715958034057984 -1.23330 -1.25921 0.77207 -0.45973 0.46691 0.68956 0.30847
1403715958134057984 -1.30886 -1.14676 0.75220 0.50781 -0.43087 -0.66827 -0.33151
1403715958234057984 -1.38574 -1.04623 0.72543 0.54799 -0.39782 -0.65012 -0.34465
1403715958334057984 -1.45658 -0.96191 0.69785 0.57654 -0.36881 -0.63971 -0.34978
1403715958434057984 -1.51622 -0.90583 0.67158 0.60449 -0.34210 -0.62835 -0.35035
1403715958534057984 -1.55907 -0.88330 0.64570 0.62975 -0.31889 -0.61878 -0.34474
1403715958634057984 -1.58361 -0.89776 0.61658 0.63932 -0.30804 -0.62503 -0.32515
1403715958734057984 -1.58617 -0.94539 0.58867 0.63783 -0.30633 -0.64300 -0.29307
1403715958834057984 -1.56762 -1.01913 0.55956 0.62344 -0.31245 -0.67228 -0.24848
1403715958934057984 -1.53108 -1.11025 0.53237 0.60159 -0.32141 -0.70380 -0.19863
1403715959034057984 -1.47579 -1.20490 0.50367 0.57240 -0.32262 -0.73694 -0.15871
1403715959134057984 -1.40808 -1.29341 0.47512 0.54109 -0.31012 -0.76946 -0.13780
1403715959234057984 -1.33944 -1.36741 0.44865 0.51163 -0.28491 -0.79937 -0.13442
1403715959334057984 -1.27350 -1.42946 0.42176 -0.47842 0.26306 0.82822 0.12636
1403715959434057984 -1.22062 -1.48130 0.39475 -0.44145 0.25317 0.85315 0.11467
1403715959534057984 -1.18889 -1.51851 0.37202 -0.41308 0.24750 0.87016 0.10453
1403715959634057984 -1.19061 -1.53153 0.36208 -0.40227 0.23172 0.88002 0.10028
1403715959734057984 -1.24461 -1.52016 0.37481 -0.42520 0.21801 0.87235 0.10336
1403715959834057984 -1.32750 -1.48915 0.40376 -0.48183 0.19933 0.84650 0.10750
1403715959934057984 -1.42543 -1.45264 0.43662 0.54594 -0.17812 -0.81051 -0.11529
1403715960034057984 -1.52441 -1.41694 0.46501 0.60361 -0.16013 -0.77124 -0.12333
1403715960134057984 -1.61217 -1.38902 0.48260 0.64458 -0.14720 -0.73912 -0.12864
1403715960234057984 -1.67184 -1.36938 0.50286 0.67230 -0.13635 -0.71494 -0.13525
1403715960334057984 -1.70582 -1.36272 0.52025 0.69073 -0.12927 -0.69732 -0.14115
1403715960434057984 -1.70775 -1.37115 0.54047 0.70656 -0.12459 -0.68140 -0.14474
1403715960534057984 -1.67233 -1.39972 0.56116 0.70222 -0.12564 -0.68555 -0.14534
1403715960634057984 -1.60669 -1.44341 0.57569 0.66578 -0.13387 -0.72021 -0.14186
1403715960734057984 -1.51910 -1.50017 0.58751 0.62020 -0.14363 -0.75901 -0.13648
1403715960834057984 -1.42149 -1.56790 0.60018 0.56216 -0.15552 -0.80187 -0.12955
1403715960934057984 -1.32069 -1.63851 0.61302 0.50164 -0.16660 -0.84008 -0.12190
1403715961034057984 -1.23603 -1.70787 0.62883 -0.45592 0.17477 0.86482 0.11697
1403715961134057984 -1.17522 -1.76981 0.64547 -0.41677 0.18298 0.88350 0.11068
1403715961234057984 -1.15170 -1.81914 0.66602 -0.38899 0.19504 0.89477 0.10018
1403715961334057984 -1.17107 -1.85316 0.69554 -0.39545 0.20705 0.89047 0.08842
1403715961434057984 -1.23250 -1.87588 0.73468 -0.43334 0.21273 0.87186 0.08256
1403715961534057984 -1.32367 -1.87211 0.78112 -0.48161 0.19891 0.84995 0.07798
1403715961634057984 -1.42434 -1.86372 0.83198 0.53165 -0.17339 -0.82535 -0.07803
1403715961734057984 -1.53066 -1.84527 0.87969 0.57985 -0.14124 -0.79855 -0.07839
1403715961834057984 -1.62898 -1.82702 0.91882 0.62241 -0.10838 -0.77085 -0.08161
1403715961934057984 -1.71516 -1.81237 0.94355 0.65349 -0.08211 -0.74786 -0.08315
1403715962034057984 -1.78270 -1.80413 0.95928 0.69079 -0.06187 -0.71623 -0.07751
1403715962134057984 -1.81907 -1.80376 0.96492 0.72269 -0.04510 -0.68667 -0.06448
1403715962234057984 -1.81816 -1.81329 0.95934 0.73536 -0.03089 -0.67531 -0.04733
1403715962334057984 -1.77788 -1.83061 0.94424 0.72863 -0.02216 -0.68419 -0.02225
1403715962434057984 -1.69613 -1.85113 0.92042 0.71026 -0.02036 -0.70361 0.00666
1403715962534057984 -1.58070 -1.87176 0.88702 0.67938 -0.02196 -0.73229 0.04141
1403715962634057984 -1.44184 -1.88256 0.84230 0.63534 -0.02341 -0.76815 0.07579
1403715962734057984 -1.28837 -1.87841 0.78803 0.59766 -0.02133 -0.79484 0.10281
1403715962834057984 -1.13550 -1.85684 0.72335 0.56109 -0.00949 -0.81964 0.11525
1403715962934057984 -0.98557 -1.81924 0.65172 0.52767 0.01602 -0.84213 0.11008
1403715963034057984 -0.84266 -1.77277 0.56778 -0.49045 -0.05567 0.86530 -0.08727
1403715963134057984 -0.72070 -1.72137 0.46853 -0.45009 -0.09016 0.88531 -0.07429
1403715963234057984 -0.62322 -1.67279 0.35738 -0.41463 -0.11780 0.89948 -0.07173
1403715963334057984 -0.55894 -1.63351 0.23693 -0.39020 -0.14135 0.90662 -0.07616
1403715963434057984 -0.53972 -1.60994 0.12405 -0.41996 -0.16326 0.88805 -0.09134
1403715963534057984 -0.55801 -1.59731 0.02354 -0.48494 -0.18353 0.84740 -0.11427
1403715963634057984 -0.58870 -1.59095 -0.06912 0.54010 0.20043 -0.80565 0.13804
1403715963734057984 -0.62220 -1.59103 -0.14930 0.57361 0.21580 -0.77486 0.15486
1403715963834057984 -0.64718 -1.59135 -0.21800 0.58525 0.22559 -0.76004 0.17012
1403715963934057984 -0.65802 -1.58692 -0.26869 0.58202 0.23357 -0.75812 0.17875
1403715964034057984 -0.65908 -1.57935 -0.30810 0.56761 0.24151 -0.76585 0.18157
1403715964134057984 -0.65542 -1.57050 -0.33684 0.53818 0.26231 -0.78436 0.16228
1403715964234057984 -0.65285 -1.57027 -0.33644 0.51774 0.27414 -0.79608 0.15184
1403715964334057984 -0.65598 -1.58202 -0.30399 0.52122 0.26769 -0.79360 0.16392
1403715964434057984 -0.65572 -1.60066 -0.26630 0.52869 0.26070 -0.78868 0.17469
1403715964534057984 -0.66083 -1.62326 -0.23864 0.53354 0.26097 -0.78503 0.17594
1403715964634057984 -0.66622 -1.65103 -0.20369 0.53425 0.25846 -0.78459 0.17944
1403715964734057984 -0.67725 -1.68235 -0.16520 0.53657 0.24903 -0.78293 0.19260
1403715964834057984 -0.68833 -1.70998 -0.11470 0.54147 0.23636 -0.77819 0.21300
1403715964934057984 -0.70223 -1.73336 -0.06111 0.55286 0.23148 -0.76819 0.22505
1403715965034057984 -0.71585 -1.74965 -0.01642 0.56829 0.23193 -0.75469 0.23174
1403715965134057984 -0.72561 -1.75623 0.01373 0.58686 0.23377 -0.73836 0.23615
1403715965234057984 -0.72891 -1.75437 0.02782 0.57239 0.24881 -0.74928 0.22145
1403715965334057984 -0.72592 -1.74326 0.03371 0.52973 0.26905 -0.78055 0.19428
1403715965434057984 -0.72501 -1.73346 0.04243 -0.47979 -0.28094 0.81334 -0.17129
1403715965534057984 -0.73658 -1.73392 0.05751 -0.44499 -0.28719 0.83438 -0.15270
1403715965634057984 -0.76743 -1.75216 0.08166 -0.43871 -0.28783 0.83870 -0.14585
1403715965734057984 -0.81951 -1.78859 0.11819 -0.48024 -0.28171 0.81574 -0.15676
1403715965834057984 -0.88056 -1.83470 0.15993 0.53779 0.26919 -0.77869 0.17877
1403715965934057984 -0.94079 -1.88334 0.19716 0.58675 0.25656 -0.74184 0.19891
1403715966034057984 -0.98932 -1.92444 0.22895 0.61832 0.25012 -0.71476 0.21033
1403715966134057984 -1.01811 -1.95446 0.26214 0.64913 0.24257 -0.68522 0.22419
1403715966234057984 -1.02048 -1.96697 0.29554 0.65840 0.24139 -0.67507 0.22920
1403715966334057984 -0.99768 -1.96099 0.32293 0.62950 0.25037 -0.70258 0.21779
1403715966434057984 -0.95285 -1.94080 0.34968 0.58529 0.26091 -0.74162 0.19838
1403715966534057984 -0.89733 -1.91598 0.37192 0.52664 0.27006 -0.78711 0.17370
1403715966634057984 -0.84376 -1.89457 0.39551 -0.47691 -0.27362 0.82121 -0.15268
1403715966734057984 -0.80483 -1.88681 0.42036 -0.44608 -0.27240 0.84107 -0.13932
1403715966834057984 -0.78549 -1.89528 0.44439 -0.42755 -0.27129 0.85250 -0.12980
1403715966934057984 -0.79200 -1.92364 0.47705 -0.44854 -0.26761 0.84247 -0.13204
1403715967034057984 -0.82020 -1.97087 0.51692 -0.49839 -0.26065 0.81424 -0.14379
1403715967134057984 -0.85501 -2.02953 0.55826 0.55549 0.24864 -0.77691 0.16128
1403715967234057984 -0.88330 -2.08507 0.59877 0.60688 0.23707 -0.73788 0.17617
1403715967334057984 -0.89604 -2.13476 0.63900 0.65261 0.22392 -0.69814 0.19118
1403715967434057984 -0.88468 -2.17171 0.67441 0.67166 0.21516 -0.68018 0.19985
1403715967534057984 -0.84399 -2.19137 0.70624 0.66171 0.21328 -0.68826 0.20724
1403715967634057984 -0.77573 -2.19628 0.73362 0.62967 0.21941 -0.71261 0.21810
1403715967734057984 -0.68778 -2.18299 0.76014 0.58337 0.23127 -0.74306 0.23250
1403715967834057984 -0.59304 -2.15309 0.78315 0.52868 0.24663 -0.77410 0.24584
1403715967934057984 -0.50505 -2.11645 0.79987 -0.48442 -0.26408 0.79431 -0.25429
1403715968034057984 -0.43319 -2.07354 0.80631 -0.45028 -0.29216 0.80854 -0.24116
1403715968134057984 -0.38145 -2.03405 0.80395 -0.42525 -0.32213 0.81731 -0.21772
1403715968234057984 -0.34899 -2.00561 0.79779 -0.42349 -0.33812 0.81437 -0.20767
1403715968334057984 -0.33494 -1.99268 0.78697 -0.45652 -0.33760 0.79407 -0.21696
1403715968434057984 -0.32944 -1.98530 0.76670 -0.49594 -0.32996 0.76889 -0.23234
1403715968534057984 -0.33075 -1.98037 0.73299 0.53293 0.31969 -0.74307 0.24826
1403715968634057984 -0.33273 -1.97230 0.68934 0.56669 0.31056 -0.71718 0.26091
1403715968734057984 -0.32830 -1.95532 0.64236 0.59489 0.30305 -0.69396 0.26960
1403715968834057984 -0.31037 -1.92240 0.59548 0.61529 0.29722 -0.67565 0.27672
1403715968934057984 -0.27564 -1.87126 0.54863 0.62301 0.29469 -0.66811 0.28045
1403715969034057984 -0.22356 -1.79969 0.49821 0.60370 0.30229 -0.68492 0.27396
1403715969134057984 -0.15667 -1.71117 0.44245 0.55271 0.32081 -0.72705 0.25099
1403715969234057984 -0.08576 -1.61619 0.38678 -0.48545 -0.34067 0.77464 -0.21961
1403715969334057984 -0.02433 -1.52885 0.33925 -0.43329 -0.35236 0.80655 -0.19386
1403715969434057984 0.02083 -1.45915 0.29765 -0.39658 -0.36049 0.82649 -0.17228
1403715969534057984 0.04277 -1.41699 0.26215 -0.38084 -0.37243 0.83296 -0.14980
1403715969634057984 0.03671 -1.41197 0.23617 -0.39744 -0.39158 0.81988 -0.12848
1403715969734057984 0.01262 -1.44562 0.21898 -0.43072 -0.40617 0.79735 -0.11723
1403715969834057984 -0.01988 -1.51594 0.21032 -0.47415 -0.40646 0.77058 -0.12722
1403715969934057984 -0.02881 -1.59538 0.20576 0.51365 0.38398 -0.74896 0.16669
1403715970034057984 -0.04964 -1.70240 0.20508 0.54931 0.35618 -0.72540 0.21258
1403715970134057984 -0.06117 -1.81162 0.20514 0.57766 0.33683 -0.70219 0.24449
1403715970234057984 -0.05677 -1.90794 0.20717 0.60552 0.31948 -0.67642 0.27155
1403715970334057984 -0.03570 -1.98728 0.20890 0.62768 0.30340 -0.65321 0.29542
1403715970434057984 0.00338 -2.04130 0.21173 0.63707 0.29409 -0.64149 0.31008
1403715970534057984 0.06196 -2.06610 0.21331 0.62005 0.29200 -0.65401 0.32023
1403715970634057984 0.13615 -2.06145 0.21274 0.57627 0.29847 -0.69020 0.32007
1403715970734057984 0.21823 -2.03048 0.21396 0.52166 0.30983 -0.73391 0.30536
1403715970834057984 0.29655 -1.98563 0.21637 -0.45592 -0.31916 0.78079 -0.28398
1403715970934057984 0.35740 -1.93617 0.22528 -0.39801 -0.32491 0.81691 -0.26206
1403715971034057984 0.38852 -1.89705 0.24158 -0.35940 -0.33677 0.83692 -0.23873
1403715971134057984 0.37994 -1.87659 0.26665 -0.34585 -0.36216 0.83921 -0.21201
1403715971234057984 0.33166 -1.88783 0.30403 -0.36583 -0.39286 0.82071 -0.19563
1403715971334057984 0.25360 -1.93143 0.35191 -0.41178 -0.42341 0.78264 -0.19658
1403715971434057984 0.16944 -2.00072 0.40430 -0.46265 -0.44695 0.73607 -0.21067
1403715971534057984 0.08964 -2.08809 0.45381 0.50577 0.46546 -0.68764 0.23389
1403715971634057984 0.02450 -2.18278 0.50203 0.53261 0.47930 -0.64594 0.26335
1403715971734057984 -0.01890 -2.27873 0.54672 0.54238 0.48696 -0.61574 0.29926
1403715971834057984 -0.04256 -2.36704 0.58703 0.53703 0.48920 -0.59682 0.34072
1403715971934057984 -0.05144 -2.44329 0.62030 0.52009 0.49364 -0.58703 0.37580
1403715972034057984 -0.05083 -2.50431 0.65344 0.50259 0.50328 -0.57926 0.39822
1403715972134057984 -0.04225 -2.54926 0.68554 -0.49679 -0.50810 0.56549 -0.41864
1403715972234057984 -0.02832 -2.57437 0.72095 0.50467 0.50347 -0.54525 0.44105
1403715972334057984 -0.01243 -2.57579 0.75553 0.51398 0.49762 -0.52816 0.45744
1403715972434057984 0.01197 -2.54509 0.78763 0.51465 0.49580 -0.52301 0.46452
1403715972534057984 0.03955 -2.48275 0.81572 0.50422 0.50409 -0.53196 0.45682
1403715972634057984 0.07285 -2.39395 0.83552 -0.47458 -0.52122 0.55893 -0.43668
1403715972734057984 0.10664 -2.28727 0.84811 -0.43776 -0.53781 0.59021 -0.41325
1403715972834057984 0.14152 -2.17359 0.85048 -0.40624 -0.54941 0.61667 -0.39095
1403715972934057984 0.17165 -2.06569 0.84637 -0.39954 -0.54734 0.62556 -0.38662
1403715973034057984 0.19842 -1.96202 0.83714 -0.40453 -0.53397 0.62653 -0.39835
1403715973134057984 0.21623 -1.86298 0.82801 -0.41040 -0.52290 0.62637 -0.40720
1403715973234057984 0.22521 -1.76199 0.82043 -0.41527 -0.52033 0.62575 -0.40650
1403715973334057984 0.22810 -1.65952 0.81356 -0.41255 -0.51979 0.62978 -0.40374
1403715973434057984 0.22247 -1.55551 0.80639 -0.40381 -0.52613 0.63715 -0.39264
1403715973534057984 0.20801 -1.45530 0.79934 -0.39243 -0.53385 0.64521 -0.38041
1403715973634057984 0.18970 -1.36254 0.79556 -0.37844 -0.53729 0.65439 -0.37398
1403715973734057984 0.16269 -1.28147 0.79211 -0.36261 -0.53832 0.66391 -0.37142
1403715973834057984 0.12541 -1.21506 0.79046 -0.35278 -0.53923 0.66912 -0.37021
1403715973934057984 0.07646 -1.16505 0.78970 -0.34815 -0.54246 0.67059 -0.36721
1403715974034057984 0.01634 -1.13145 0.79322 -0.35981 -0.54731 0.66174 -0.36480
1403715974134057984 -0.05036 -1.11064 0.79958 -0.37731 -0.54928 0.64897 -0.36710
1403715974234057984 -0.12207 -1.10183 0.80488 -0.39074 -0.54815 0.63867 -0.37277
1403715974334057984 -0.19620 -1.09838 0.80480 -0.39644 -0.55064 0.63319 -0.37243
1403715974434057984 -0.27246 -1.10044 0.79672 -0.39598 -0.55366 0.63189 -0.37064
1403715974534057984 -0.35161 -1.10652 0.78483 -0.39860 -0.55401 0.62892 -0.37235
1403715974634057984 -0.43098 -1.12016 0.77184 -0.40443 -0.55228 0.62410 -0.37672
1403715974734057984 -0.51137 -1.13646 0.75713 -0.40873 -0.55033 0.62043 -0.38097
1403715974834057984 -0.59059 -1.15666 0.73929 -0.40990 -0.55000 0.61874 -0.38296
1403715974934057984 -0.66974 -1.17846 0.72069 -0.41104 -0.55049 0.61660 -0.38447
1403715975034057984 -0.74609 -1.20298 0.70170 -0.41285 -0.55211 0.61342 -0.38530
1403715975134057984 -0.82243 -1.22812 0.68543 -0.41486 -0.55548 0.60928 -0.38486
1403715975234057984 -0.89741 -1.25507 0.66905 -0.41663 -0.55954 0.60540 -0.38318
1403715975334057984 -0.96846 -1.28258 0.65782 -0.41967 -0.56179 0.60038 -0.38447
1403715975434057984 -1.03529 -1.31280 0.65215 -0.42556 -0.56246 0.59365 -0.38744
1403715975534057984 -1.09773 -1.34112 0.65225 -0.43081 -0.56363 0.58765 -0.38910
1403715975634057984 -1.15570 -1.36668 0.65433 -0.42630 -0.56558 0.58923 -0.38885
1403715975734057984 -1.20901 -1.39158 0.66098 -0.42255 -0.56686 0.59100 -0.38838
1403715975834057984 -1.25608 -1.41747 0.67176 -0.42031 -0.56722 0.59247 -0.38805
1403715975934057984 -1.29956 -1.44477 0.68290 -0.41824 -0.56848 0.59406 -0.38601
1403715976034057984 -1.33742 -1.47320 0.69408 -0.41706 -0.56997 0.59546 -0.38290
1403715976134057984 -1.37357 -1.50406 0.70492 -0.41731 -0.56923 0.59640 -0.38226
1403715976234057984 -1.40261 -1.53531 0.71595 -0.42165 -0.56785 0.59523 -0.38138
1403715976334057984 -1.42924 -1.56768 0.72766 -0.42535 -0.56684 0.59459 -0.37977
1403715976434057984 -1.44848 -1.60226 0.73794 -0.43020 -0.56887 0.59091 -0.37701
1403715976534057984 -1.45868 -1.63818 0.74577 -0.43116 -0.57529 0.58429 -0.37648
1403715976634057984 -1.46133 -1.67521 0.75163 0.42714 0.58441 -0.57558 0.38042
1403715976734057984 -1.45620 -1.71337 0.75430 0.41668 0.59157 -0.56912 0.39055
1403715976834057984 -1.44590 -1.75134 0.75743 0.40869 0.59742 -0.56345 0.39824
1403715976934057984 -1.42992 -1.78975 0.75842 0.40369 0.60220 -0.55838 0.40325
1403715977034057984 -1.40818 -1.82799 0.75895 0.39911 0.60809 -0.55166 0.40817
1403715977134057984 -1.38039 -1.86570 0.75736 0.39278 0.61644 -0.54247 0.41406
1403715977234057984 -1.34684 -1.90490 0.75394 0.38421 0.62815 -0.52874 0.42220
1403715977334057984 -1.30759 -1.94300 0.74969 0.37315 0.64334 -0.51021 0.43194
1403715977434057984 -1.26229 -1.97927 0.74555 0.35761 0.65955 -0.48906 0.44489
1403715977534057984 -1.21082 -2.01371 0.74074 0.34128 0.67794 -0.46378 0.45697
1403715977634057984 -1.15323 -2.04685 0.73574 0.32250 0.69505 -0.43599 0.47203
1403715977734057984 -1.09131 -2.07501 0.73003 0.30032 0.71238 -0.40775 0.48586
1403715977834057984 -1.02641 -2.10232 0.72363 0.27997 0.72886 -0.37562 0.49929
1403715977934057984 -0.95998 -2.12020 0.71884 0.26471 0.74388 -0.33776 0.51234
1403715978034057984 -0.88844 -2.14004 0.71338 0.25061 0.75849 -0.29548 0.52400
1403715978134057984 -0.81468 -2.14701 0.70894 0.23653 0.77100 -0.24967 0.53598
1403715978234057984 -0.73793 -2.14262 0.70332 0.22233 0.78262 -0.20541 0.54395
1403715978334057984 -0.65753 -2.12624 0.69861 0.20200 0.79020 -0.16681 0.55404
1403715978434057984 -0.57585 -2.09423 0.69314 0.17210 0.79482 -0.13714 0.56553
1403715978534057984 -0.49153 -2.05093 0.68519 0.13263 0.79871 -0.11399 0.57575
1403715978634057984 -0.40927 -1.99877 0.67509 0.09302 0.79940 -0.08831 0.58695
1403715978734057984 -0.33321 -1.93973 0.66268 0.05865 0.80240 -0.05740 0.59111
1403715978834057984 -0.26683 -1.87455 0.65110 0.03180 0.80665 -0.02053 0.58982
1403715978934057984 -0.19915 -1.80893 0.64188 0.00705 0.81086 0.01969 0.58487
1403715979034057984 -0.13846 -1.73701 0.63606 -0.01690 0.81138 0.06249 0.58093
1403715979134057984 -0.08031 -1.66032 0.63519 -0.04832 0.80416 0.10187 0.58363
1403715979234057984 -0.03090 -1.57989 0.64226 -0.08385 0.78789 0.14018 0.59376
1403715979334057984 0.01443 -1.49814 0.65189 -0.11330 0.76718 0.18279 0.60431
1403715979434057984 0.03488 -1.41826 0.66680 -0.13223 0.75191 0.22947 0.60373
1403715979534057984 0.04545 -1.33819 0.67795 -0.15036 0.74004 0.27087 0.59696
1403715979634057984 0.04182 -1.25739 0.68974 -0.17211 0.73006 0.30637 0.58611
1403715979734057984 0.02581 -1.17294 0.70356 -0.19668 0.71669 0.34062 0.57589
1403715979834057984 -0.00801 -1.08966 0.71698 -0.22468 0.69823 0.37291 0.56827
1403715979934057984 -0.05350 -1.00518 0.73214 -0.25505 0.67653 0.40340 0.56083
1403715980034057984 -0.11416 -0.92383 0.74738 -0.28642 0.65154 0.43302 0.55313
1403715980134057984 -0.18756 -0.84692 0.76007 -0.31416 0.62694 0.46307 0.54205
1403715980234057984 -0.27834 -0.78207 0.77041 -0.34332 0.60496 0.49144 0.52406
1403715980334057984 -0.38085 -0.72785 0.77778 -0.37058 0.58561 0.51955 0.49979
1403715980434057984 -0.49315 -0.68775 0.78490 -0.39970 0.56225 0.54569 0.47575
1403715980534057984 -0.61106 -0.65291 0.79252 -0.43263 0.53532 0.56802 0.45123
1403715980634057984 -0.73438 -0.63781 0.79655 -0.46202 0.50810 0.59147 0.42254
1403715980734057984 -0.85826 -0.63667 0.79913 -0.48628 0.47875 0.61607 0.39343
1403715980834057984 -0.98071 -0.64492 0.79850 0.50674 -0.45002 -0.64108 -0.36015
1403715980934057984 -1.09995 -0.66450 0.79850 0.52661 -0.41796 -0.66410 -0.32704
1403715981034057984 -1.21259 -0.68772 0.79838 0.54830 -0.38176 -0.68347 -0.29411
1403715981134057984 -1.31730 -0.72383 0.79916 0.56899 -0.34233 -0.70076 -0.26077
1403715981234057984 -1.41267 -0.77278 0.80009 0.58548 -0.29886 -0.71790 -0.22916
1403715981334057984 -1.49845 -0.82717 0.80255 0.60053 -0.25463 -0.73306 -0.19274
1403715981434057984 -1.56928 -0.89013 0.80661 0.61449 -0.20890 -0.74515 -0.15331
1403715981534057984 -1.62259 -0.95930 0.81367 0.63046 -0.16119 -0.75087 -0.11283
1403715981634057984 -1.65347 -1.03249 0.82185 0.64440 -0.11058 -0.75284 -0.07578
1403715981734057984 -1.66092 -1.10808 0.82737 0.64832 -0.05870 -0.75791 -0.04245
1403715981834057984 -1.64983 -1.18659 0.82853 0.63406 -0.00970 -0.77317 -0.00871
1403715981934057984 -1.62612 -1.26691 0.82895 0.61599 0.03658 -0.78656 0.02338
1403715982034057984 -1.59072 -1.34920 0.83205 0.60550 0.08032 -0.79007 0.05200
1403715982134057984 -1.54610 -1.43210 0.83555 0.59925 0.12057 -0.78742 0.07962
1403715982234057984 -1.49170 -1.51600 0.84089 0.59400 0.15870 -0.78148 0.10610
1403715982334057984 -1.42257 -1.59274 0.84598 0.58690 0.19500 -0.77437 0.13370
1403715982434057984 -1.35050 -1.66949 0.85070 0.57912 0.23039 -0.76534 0.16063
1403715982534057984 -1.27088 -1.74447 0.85509 0.57120 0.26756 -0.75325 0.18641
1403715982634057984 -1.18137 -1.81458 0.85917 0.56214 0.30514 -0.73818 0.21443
1403715982734057984 -1.08472 -1.88105 0.86220 0.54952 0.34265 -0.72192 0.24382
1403715982834057984 -0.98064 -1.94222 0.86576 0.53475 0.38049 -0.70332 0.27315
1403715982934057984 -0.87092 -1.99746 0.86897 0.51921 0.41875 -0.68263 0.29847
1403715983034057984 -0.75628 -2.04438 0.87109 0.50255 0.45200 -0.66085 0.32621
1403715983134057984 -0.63815 -2.08536 0.87179 -0.48430 -0.48442 0.63763 -0.35245
1403715983234057984 -0.51667 -2.12259 0.87019 -0.46439 -0.51541 0.61170 -0.38017
1403715983334057984 -0.39261 -2.15030 0.87085 -0.44421 -0.54736 0.58174 -0.40577
1403715983434057984 -0.26703 -2.17081 0.87106 0.42036 0.57843 -0.54978 0.43180
1403715983534057984 -0.14136 -2.18575 0.87312 0.39749 0.60121 -0.51296 0.46629
1403715983634057984 -0.01929 -2.18789 0.87651 0.37369 0.61877 -0.47469 0.50214
1403715983734057984 0.09578 -2.17506 0.87988 0.34735 0.63471 -0.43830 0.53328
1403715983834057984 0.20130 -2.14911 0.88257 0.31979 0.65164 -0.40447 0.55634
1403715983934057984 0.29487 -2.10786 0.88730 0.29213 0.66824 -0.37149 0.57456
1403715984034057984 0.37349 -2.05932 0.89033 0.26272 0.68492 -0.34158 0.58753
1403715984134057984 0.43942 -2.00842 0.89401 0.23216 0.70339 -0.31450 0.59366
1403715984234057984 0.47961 -1.93124 0.90037 0.20053 0.71985 -0.28825 0.59877
1403715984334057984 0.50826 -1.84936 0.90911 0.17363 0.73202 -0.25997 0.60533
1403715984434057984 0.52427 -1.76391 0.91825 0.15131 0.74207 -0.22868 0.61168
1403715984534057984 0.52427 -1.67536 0.92816 0.12936 0.75496 -0.19637 0.61216
1403715984634057984 0.51220 -1.58484 0.93473 0.10856 0.77446 -0.16159 0.60193
1403715984734057984 0.49866 -1.49771 0.93737 0.08160 0.79063 -0.12588 0.59363
1403715984834057984 0.47056 -1.40674 0.94206 0.04462 0.79747 -0.09260 0.59453
1403715984934057984 0.44112 -1.31860 0.94826 0.01128 0.79982 -0.05835 0.59730
1403715985034057984 0.40417 -1.23668 0.95383 -0.01075 0.79935 -0.02195 0.60037
1403715985134057984 0.36069 -1.16188 0.95797 -0.02285 0.79954 0.00761 0.60012
1403715985234057984 0.31131 -1.09077 0.96387 -0.02605 0.79867 0.02794 0.60056
1403715985334057984 0.25737 -1.02274 0.97136 -0.01437 0.79840 0.04582 0.60021
1403715985434057984 0.19563 -0.95222 0.97898 -0.00907 0.79885 0.04628 0.59968
1403715985534057984 0.12722 -0.88389 0.98277 -0.00882 0.80582 0.03005 0.59133
1403715985634057984 0.05446 -0.81054 0.98729 -0.00485 0.82001 0.00877 0.57226
1403715985734057984 -0.01640 -0.73669 0.98344 -0.00175 0.83634 -0.01166 0.54808
1403715985834057984 -0.08023 -0.66414 0.97442 -0.00716 0.84699 -0.03516 0.53039
1403715985934057984 -0.13519 -0.59647 0.95591 -0.00942 0.84696 -0.05329 0.52890
1403715986034057984 -0.18128 -0.53394 0.92557 -0.00889 0.84130 -0.06490 0.53658
1403715986134057984 -0.22230 -0.47445 0.88531 -0.00879 0.83452 -0.07318 0.54603
1403715986234057984 -0.25753 -0.42156 0.83831 -0.00877 0.82937 -0.07737 0.55324
1403715986334057984 -0.29254 -0.37377 0.79395 0.00136 0.82515 -0.07237 0.56026
1403715986434057984 -0.32538 -0.33149 0.74915 0.01435 0.81724 -0.06378 0.57258
1403715986534057984 -0.36125 -0.29091 0.69990 0.02061 0.82106 -0.05769 0.56755
1403715986634057984 -0.39370 -0.25421 0.64543 0.02269 0.83521 -0.05435 0.54677
1403715986734057984 -0.42733 -0.21472 0.59266 0.02206 0.84732 -0.05317 0.52795
1403715986834057984 -0.44360 -0.18061 0.54420 0.02253 0.84910 -0.05129 0.52525
1403715986934057984 -0.43999 -0.15662 0.49991 0.02286 0.84293 -0.05115 0.53510
1403715987034057984 -0.43703 -0.13098 0.46200 0.02213 0.82898 -0.05975 0.55564
1403715987134057984 -0.42425 -0.11241 0.42372 0.01885 0.81470 -0.07746 0.57438
1403715987234057984 -0.41806 -0.09751 0.38647 0.01713 0.80264 -0.09748 0.58820
1403715987334057984 -0.42040 -0.08814 0.35143 0.02162 0.79565 -0.11245 0.59484
1403715987434057984 -0.42689 -0.08681 0.31770 0.03778 0.79635 -0.11312 0.59295
1403715987534057984 -0.43881 -0.08733 0.28438 0.05249 0.80145 -0.10952 0.58560
1403715987634057984 -0.44980 -0.08969 0.25117 0.05953 0.80675 -0.10705 0.57806
1403715987734057984 -0.46388 -0.09260 0.22236 0.06334 0.80957 -0.10361 0.57432
1403715987834057984 -0.47672 -0.09631 0.19277 0.06469 0.81719 -0.10031 0.56388
1403715987934057984 -0.48924 -0.09971 0.16336 0.06310 0.82637 -0.09810 0.55091
1403715988034057984 -0.49479 -0.10317 0.13516 0.06187 0.83102 -0.09506 0.54456
1403715988134057984 -0.49437 -0.10650 0.11219 0.06083 0.82637 -0.09185 0.55224
1403715988234057984 -0.48918 -0.11063 0.09199 0.06179 0.81945 -0.08747 0.56305
1403715988334057984 -0.48365 -0.11318 0.07607 0.06376 0.81248 -0.08358 0.57344
1403715988434057984 -0.47639 -0.11366 0.05996 0.06021 0.80744 -0.08458 0.58074
1403715988534057984 -0.47185 -0.11188 0.04500 0.05160 0.80476 -0.09066 0.58436
1403715988634057984 -0.47220 -0.11016 0.03198 0.04223 0.80430 -0.09799 0.58457
1403715988734057984 -0.47481 -0.11151 0.02017 0.03313 0.80647 -0.10554 0.58084
1403715988834057984 -0.48309 -0.11766 0.01269 0.03329 0.81257 -0.10648 0.57209
1403715988934057984 -0.48941 -0.12869 0.00687 0.04038 0.81779 -0.10302 0.56477
1403715989034057984 -0.49619 -0.14329 0.00531 0.04755 0.81972 -0.09957 0.56204
1403715989134057984 -0.50324 -0.15896 0.00445 0.05185 0.82015 -0.09833 0.56124
1403715989234057984 -0.50796 -0.17630 0.00331 0.05402 0.82065 -0.09826 0.56032
1403715989334057984 -0.51081 -0.19422 0.00273 0.05526 0.81994 -0.09885 0.56114
1403715989434057984 -0.51249 -0.21259 0.00285 0.05667 0.81979 -0.09885 0.56122
1403715989534057984 -0.51229 -0.23139 0.00267 0.05632 0.82013 -0.09981 0.56059
1403715989634057984 -0.50889 -0.25254 0.00476 0.05873 0.81667 -0.09844 0.56561
1403715989734057984 -0.50374 -0.27251 0.00456 0.06127 0.81135 -0.09635 0.57330
1403715989834057984 -0.49909 -0.29227 0.00020 0.06382 0.80844 -0.09351 0.57758
1403715989934057984 -0.49481 -0.31228 -0.00631 0.06741 0.80754 -0.08943 0.57908
1403715990034057984 -0.49341 -0.32704 -0.01500 0.06849 0.80833 -0.08690 0.57823
1403715990134057984 -0.49388 -0.34012 -0.02207 0.06820 0.80956 -0.08555 0.57675
1403715990234057984 -0.49472 -0.34935 -0.03539 0.06821 0.81139 -0.08392 0.57442
1403715990334057984 -0.49591 -0.35516 -0.04983 0.06879 0.81218 -0.08224 0.57347
1403715990434057984 -0.49965 -0.35639 -0.06332 0.06946 0.81358 -0.08055 0.57165
1403715990534057984 -0.49905 -0.35510 -0.08875 0.07018 0.81499 -0.07942 0.56970
1403715990634057984 -0.49663 -0.34820 -0.12131 0.07058 0.81754 -0.07887 0.56606
1403715990734057984 -0.49952 -0.33898 -0.15577 0.07016 0.82087 -0.07862 0.56131
1403715990834057984 -0.50174 -0.33106 -0.19143 0.06937 0.82331 -0.07815 0.55788
1403715990934057984 -0.49690 -0.31476 -0.22074 0.06974 0.82538 -0.07752 0.55487
1403715991034057984 -0.48626 -0.29394 -0.24395 0.07084 0.82386 -0.07589 0.55720
1403715991134057984 -0.47668 -0.27006 -0.25748 0.06589 0.81625 -0.07947 0.56841
1403715991234057984 -0.47561 -0.26161 -0.25451 0.07449 0.81734 -0.07172 0.56680
1403715991334057984 -0.48104 -0.26302 -0.25881 0.07353 0.81439 -0.07338 0.57095
1403715991434057984 -0.48511 -0.26109 -0.26289 0.06688 0.81447 -0.07848 0.57098
1403715991534057984 -0.49377 -0.26679 -0.26848 0.06507 0.81440 -0.07924 0.57118
1403715991634057984 -0.50092 -0.26937 -0.26916 0.06433 0.81427 -0.07972 0.57138
1403715991734057984 -0.50515 -0.27071 -0.27160 0.06394 0.81381 -0.07998 0.57204
1403715991834057984 -0.51338 -0.27360 -0.27320 0.06369 0.81412 -0.08013 0.57160
1403715991934057984 -0.52307 -0.27679 -0.27203 0.06380 0.81417 -0.07997 0.57154
1403715992034057984 -0.53337 -0.27894 -0.27373 0.06378 0.81404 -0.07996 0.57173
1403715992134057984 -0.53973 -0.27849 -0.27389 0.06398 0.81396 -0.07993 0.57183
1403715992234057984 -0.54592 -0.27789 -0.27373 0.06406 0.81415 -0.07995 0.57154
1403715992334057984 -0.55236 -0.27708 -0.27380 0.06401 0.81417 -0.08010 0.57150
1403715992434057984 -0.56281 -0.27714 -0.27325 0.06397 0.81407 -0.08023 0.57163
1403715992534057984 -0.57228 -0.27891 -0.27276 0.06388 0.81403 -0.08030 0.57169
1403715992634057984 -0.57366 -0.27855 -0.27279 0.06404 0.81409 -0.08036 0.57157
1403715992734057984 -0.57560 -0.27782 -0.27341 0.06394 0.81413 -0.08048 0.57151
1403715992834057984 -0.57517 -0.27848 -0.27439 0.06406 0.81422 -0.08061 0.57136
1403715992934057984 -0.57508 -0.27902 -0.27432 0.06406 0.81424 -0.08066 0.57132
1403715993034057984 -0.57617 -0.27858 -0.27377 0.06407 0.81433 -0.08071 0.57119
1403715993134057984 -0.57708 -0.27817 -0.27319 0.06406 0.81441 -0.08080 0.57106
1403715993234057984 -0.57813 -0.27758 -0.27295 0.06408 0.81443 -0.08082 0.57102
1403715993334057984 -0.57887 -0.27722 -0.27266 0.06409 0.81444 -0.08084 0.57101
1403715993434057984 -0.58219 -0.27472 -0.27213 0.06405 0.81446 -0.08097 0.57096
1403715993534057984 -0.58259 -0.27445 -0.27182 0.06416 0.81452 -0.08096 0.57087
1403715993634057984 -0.58019 -0.27630 -0.27195 0.06413 0.81457 -0.08101 0.57079
1403715993734057984 -0.58348 -0.27334 -0.27131 0.06448 0.81409 -0.08095 0.57144
1403715993834057984 -0.58949 -0.26930 -0.27056 0.06419 0.81417 -0.08114 0.57133
1403715993934057984 -0.58788 -0.27074 -0.27071 0.06390 0.81487 -0.08145 0.57033
