1403715893784058112 -0.00784 0.00541 0.01376 0.02998 0.80280 -0.03668 0.59436
1403715893884058112 -0.01078 0.01531 0.03136 0.03184 0.80946 -0.03556 0.58524
1403715893984057856 -0.01663 0.02393 0.04488 0.03188 0.81525 -0.03653 0.57708
1403715894084058112 -0.02293 0.03262 0.05711 0.03231 0.82426 -0.03761 0.56403
1403715894184057856 -0.02686 0.04325 0.07229 0.04116 0.82437 -0.03260 0.56361
1403715894284058112 -0.02850 0.05837 0.09908 0.05302 0.81835 -0.02518 0.57171
1403715894384058112 -0.02970 0.07976 0.13329 0.06269 0.81506 -0.01952 0.57565
1403715894484057856 -0.03017 0.10642 0.16166 0.06481 0.81624 -0.02010 0.57371
1403715894584058112 -0.03188 0.14198 0.18780 0.06186 0.82049 -0.02406 0.56780
1403715894684057856 -0.03042 0.18182 0.20649 0.05661 0.82359 -0.02874 0.56362
1403715894784058112 -0.02516 0.22728 0.23006 0.05000 0.82238 -0.03371 0.56573
1403715894884058112 -0.01723 0.27427 0.25459 0.04529 0.81837 -0.03672 0.57173
1403715894984057856 -0.00848 0.32177 0.27977 0.04371 0.81484 -0.03782 0.57680
1403715895084058112 0.00039 0.36889 0.30467 0.04352 0.81354 -0.03832 0.57862
1403715895184057856 0.00876 0.41684 0.33047 0.04126 0.81342 -0.04034 0.57880
1403715895284058112 0.01637 0.46534 0.35456 0.03968 0.81337 -0.04189 0.57888
1403715895384058112 0.02467 0.51326 0.37729 0.03941 0.81325 -0.04241 0.57902
1403715895484057856 0.03237 0.56354 0.39973 0.03950 0.81355 -0.04300 0.57855
1403715895584058112 0.03957 0.61338 0.42232 0.03893 0.81422 -0.04425 0.57756
1403715895684057856 0.04792 0.66258 0.44462 0.03982 0.81399 -0.04411 0.57783
1403715895784058112 0.05329 0.71277 0.46565 0.03954 0.81427 -0.04502 0.57739
1403715895884058112 0.06244 0.76266 0.48690 0.03986 0.81438 -0.04508 0.57720
1403715895984057856 0.07120 0.81240 0.50769 0.03781 0.81419 -0.04675 0.57748
1403715896084058112 0.07673 0.86134 0.52794 0.03354 0.81445 -0.04932 0.57716
1403715896184057856 0.08668 0.90862 0.54613 0.02536 0.81415 -0.05463 0.57753
1403715896284058112 0.09547 0.95211 0.56312 0.01120 0.81143 -0.06443 0.58079
1403715896384058112 0.10234 0.98571 0.57925 -0.00537 0.80806 -0.07539 0.58423
1403715896484057856 0.10631 1.00867 0.59543 -0.01674 0.80514 -0.08277 0.58705
1403715896584058112 0.10754 1.01760 0.61166 -0.02457 0.80121 -0.08736 0.59147
1403715896684057856 0.10399 1.01465 0.63033 -0.02843 0.79747 -0.08955 0.59600
1403715896784058112 0.09518 1.00175 0.65084 -0.03293 0.79784 -0.09147 0.59498
1403715896884058112 0.08158 0.97907 0.67249 -0.03953 0.80103 -0.09503 0.58971
1403715896984057856 0.06299 0.93861 0.69412 -0.05155 0.80303 -0.10207 0.58487
1403715897084058112 0.04184 0.87475 0.71511 -0.06376 0.80399 -0.10936 0.58101
1403715897184057856 0.02008 0.78835 0.73791 -0.06465 0.80416 -0.11017 0.58052
1403715897284058112 -0.00657 0.67938 0.76105 -0.04869 0.80771 -0.09903 0.57916
1403715897384058112 -0.03160 0.55093 0.78512 -0.01868 0.81304 -0.07762 0.57670
1403715897484057856 -0.05558 0.41288 0.80907 0.00220 0.81624 -0.06256 0.57431
1403715897584058112 -0.07731 0.27068 0.83157 0.00906 0.81745 -0.05651 0.57315
1403715897684057856 -0.09529 0.12588 0.85053 0.00220 0.81670 -0.05981 0.57395
1403715897784058112 -0.11036 -0.02294 0.86862 -0.01036 0.81465 -0.06670 0.57601
1403715897884058112 -0.12536 -0.17779 0.88701 -0.01638 0.81072 -0.06875 0.58115
1403715897984057856 -0.13807 -0.34030 0.90418 -0.01246 0.80767 -0.06337 0.58609
1403715898084058112 -0.15072 -0.50876 0.92147 -0.00363 0.80090 -0.05657 0.59611
1403715898184057856 -0.16693 -0.68045 0.93643 0.00751 0.79317 -0.05453 0.60651
1403715898284058112 -0.18929 -0.85280 0.94915 0.02102 0.79017 -0.05794 0.60978
1403715898384058112 -0.22011 -1.02366 0.95652 0.03420 0.79216 -0.06755 0.60560
1403715898484057856 -0.25711 -1.19088 0.95899 0.04622 0.79819 -0.08219 0.59498
1403715898584058112 -0.29534 -1.35540 0.95835 0.05898 0.80346 -0.09844 0.58419
1403715898684057856 -0.33346 -1.51731 0.95163 0.07265 0.80305 -0.11627 0.57992
1403715898784058112 -0.37126 -1.67605 0.93347 0.08551 0.80034 -0.13301 0.57832
1403715898884058112 -0.40686 -1.83285 0.90278 0.09563 0.79957 -0.14589 0.57468
1403715898984057856 -0.43876 -1.98863 0.86069 0.10222 0.80001 -0.15510 0.57051
1403715899084058112 -0.46463 -2.15003 0.80887 0.10523 0.80038 -0.16097 0.56781
1403715899184057856 -0.48772 -2.30764 0.75297 0.10642 0.80612 -0.16468 0.55833
1403715899284058112 -0.50247 -2.45654 0.70294 0.11260 0.81427 -0.16233 0.54583
1403715899384058112 -0.50878 -2.59703 0.66319 0.11660 0.82351 -0.15916 0.53188
1403715899484057856 -0.50436 -2.73037 0.64091 0.12020 0.82709 -0.15440 0.52691
1403715899584058112 -0.48757 -2.85582 0.62778 0.11821 0.82733 -0.15300 0.52739
1403715899684057856 -0.45748 -2.97410 0.61626 0.11475 0.82743 -0.15181 0.52834
1403715899784058112 -0.41757 -3.08504 0.60605 0.11782 0.82626 -0.14514 0.53135
1403715899884058112 -0.37048 -3.19857 0.59825 0.12742 0.82150 -0.13464 0.53924
1403715899984057856 -0.31487 -3.30412 0.59192 0.13954 0.81857 -0.12285 0.54348
1403715900084058112 -0.25145 -3.40425 0.58649 0.14684 0.81679 -0.11496 0.54597
1403715900184057856 -0.18001 -3.49011 0.58104 0.15235 0.81597 -0.10985 0.54674
1403715900284058112 -0.10153 -3.56173 0.57680 0.15558 0.81540 -0.10626 0.54739
1403715900384058112 -0.01730 -3.61876 0.57300 0.15698 0.81597 -0.10500 0.54638
1403715900484057856 0.07569 -3.66060 0.56968 0.14546 0.81568 -0.11355 0.54829
1403715900584058112 0.17397 -3.68834 0.57056 0.12906 0.80810 -0.12545 0.56087
1403715900684057856 0.27518 -3.70809 0.57295 0.11168 0.79617 -0.13820 0.57839
1403715900784058112 0.37548 -3.72413 0.57662 0.10362 0.78100 -0.14416 0.59876
1403715900884058112 0.46850 -3.73549 0.58193 0.10924 0.76823 -0.14099 0.61483
1403715900984057856 0.54950 -3.74132 0.58813 0.11618 0.75995 -0.13742 0.62458
1403715901084058112 0.61833 -3.74050 0.59837 0.11999 0.75052 -0.13521 0.63564
1403715901184057856 0.67071 -3.73094 0.61143 0.12162 0.74187 -0.13486 0.64549
1403715901284058112 0.70237 -3.71063 0.62765 0.12081 0.73675 -0.13687 0.65105
1403715901384058112 0.71822 -3.68324 0.64274 0.11684 0.74057 -0.14188 0.64635
1403715901484057856 0.71658 -3.64891 0.65640 0.11114 0.75364 -0.14812 0.63066
1403715901584058112 0.69484 -3.60713 0.67103 0.11080 0.76297 -0.15074 0.61877
1403715901684057856 0.66875 -3.56128 0.68948 0.11284 0.76593 -0.15094 0.61469
1403715901784058112 0.62888 -3.51117 0.70440 0.11294 0.77242 -0.15218 0.60618
1403715901884058112 0.58330 -3.45565 0.71641 0.11345 0.77966 -0.15245 0.59667
1403715901984057856 0.53357 -3.39754 0.72647 0.11179 0.78320 -0.15359 0.59204
1403715902084058112 0.48126 -3.33679 0.73647 0.11235 0.78193 -0.15311 0.59373
1403715902184057856 0.42544 -3.27314 0.74424 0.11786 0.78222 -0.14826 0.59351
1403715902284058112 0.36699 -3.20679 0.74938 0.12351 0.78651 -0.14379 0.58777
1403715902384058112 0.30558 -3.13669 0.75434 0.12683 0.79256 -0.14075 0.57961
1403715902484057856 0.24558 -3.05921 0.76027 0.12296 0.79667 -0.14277 0.57429
1403715902584058112 0.18507 -2.97868 0.76727 0.11082 0.80115 -0.14946 0.56881
1403715902684057856 0.12851 -2.89682 0.77418 0.09833 0.80588 -0.15011 0.56423
1403715902784058112 0.07518 -2.81665 0.77462 0.08614 0.81388 -0.14216 0.55675
1403715902884058112 0.02605 -2.73798 0.76350 0.07359 0.82166 -0.12877 0.55034
1403715902984057856 -0.01433 -2.66110 0.74590 0.06597 0.82695 -0.10905 0.54764
1403715903084058112 -0.05553 -2.58284 0.73132 0.05798 0.82880 -0.08542 0.54994
1403715903184057856 -0.08655 -2.50562 0.71891 0.05341 0.82972 -0.06001 0.55236
1403715903284058112 -0.11357 -2.42820 0.70611 0.04296 0.83296 -0.04554 0.54978
1403715903384058112 -0.13257 -2.34802 0.69521 0.03089 0.83831 -0.03696 0.54307
1403715903484057856 -0.14208 -2.26482 0.69188 0.01766 0.84222 -0.02602 0.53822
1403715903584058112 -0.13579 -2.18256 0.70350 0.00382 0.84307 -0.00983 0.53769
1403715903684057856 -0.11055 -2.10973 0.73289 -0.01141 0.84206 0.01094 0.53915
1403715903784058112 -0.07652 -2.04125 0.77556 -0.03114 0.83571 0.03284 0.54731
1403715903884058112 -0.03185 -1.97946 0.83275 -0.05691 0.82686 0.05623 0.55669
1403715903984057856 0.01825 -1.91672 0.88941 -0.08069 0.81651 0.08665 0.56506
1403715904084058112 0.06926 -1.86026 0.94456 -0.10855 0.80699 0.11751 0.56848
1403715904184057856 0.11962 -1.80692 0.99688 -0.13256 0.79851 0.15230 0.56711
1403715904284058112 0.16692 -1.75661 1.04635 -0.14956 0.78905 0.19191 0.56409
1403715904384058112 0.21398 -1.70875 1.09136 -0.16321 0.77499 0.23128 0.56503
1403715904484057856 0.25889 -1.66114 1.12567 -0.17943 0.76181 0.26298 0.56418
1403715904584058112 0.30204 -1.61168 1.14727 -0.18880 0.74687 0.29536 0.56506
1403715904684057856 0.34004 -1.55932 1.15733 -0.20192 0.73110 0.32464 0.56510
1403715904784058112 0.36840 -1.50392 1.15355 -0.22996 0.72016 0.34689 0.55511
1403715904884058112 0.39015 -1.44805 1.13598 -0.26120 0.70857 0.37076 0.54059
1403715904984057856 0.40526 -1.39395 1.10589 -0.29161 0.69072 0.39720 0.52925
1403715905084058112 0.41703 -1.34088 1.06847 -0.31845 0.66705 0.42526 0.52229
1403715905184057856 0.41980 -1.29866 1.02187 -0.34198 0.64064 0.45120 0.51870
1403715905284058112 0.41931 -1.26409 0.97090 -0.35411 0.62058 0.47904 0.50991
1403715905384058112 0.41455 -1.23580 0.92117 -0.35865 0.60941 0.50815 0.49171
1403715905484057856 0.39344 -1.21994 0.87414 -0.36572 0.59807 0.53410 0.47254
1403715905584058112 0.36826 -1.21044 0.82690 -0.37591 0.58688 0.55739 0.45120
1403715905684057856 0.33430 -1.20435 0.78088 -0.39816 0.57855 0.57339 0.42187
1403715905784058112 0.29439 -1.20361 0.73830 -0.42008 0.56456 0.59185 0.39308
1403715905884058112 0.25427 -1.20304 0.69543 -0.43597 0.54490 0.61781 0.36240
1403715905984057856 0.21614 -1.20201 0.65279 -0.44298 0.52090 0.65034 0.33089
1403715906084058112 0.17818 -1.19703 0.61261 -0.45015 0.48809 0.68225 0.30605
1403715906184057856 0.13894 -1.18147 0.57824 -0.46335 0.44245 0.70830 0.29639
1403715906284058112 0.09531 -1.16925 0.54618 -0.47854 0.39510 0.73032 0.28552
1403715906384058112 0.04529 -1.15367 0.51346 -0.49013 0.35182 0.75113 0.26793
1403715906484057856 -0.01111 -1.14025 0.48286 0.50550 -0.31188 -0.76576 -0.24661
1403715906584058112 -0.07423 -1.12974 0.45867 0.52128 -0.27427 -0.77672 -0.22303
1403715906684057856 -0.14238 -1.12160 0.44593 0.53935 -0.24401 -0.78344 -0.18917
1403715906784058112 -0.20961 -1.12631 0.44710 0.55234 -0.21244 -0.79127 -0.15390
1403715906884058112 -0.27426 -1.13022 0.45322 0.56380 -0.17713 -0.79771 -0.12003
1403715906984057856 -0.33639 -1.13696 0.45000 0.57469 -0.13711 -0.80168 -0.09078
1403715907084058112 -0.38519 -1.14376 0.44289 0.57900 -0.09068 -0.80740 -0.06817
1403715907184057856 -0.44871 -1.15108 0.42370 0.58031 -0.03977 -0.81198 -0.04844
1403715907284058112 -0.50025 -1.16619 0.42477 0.58032 0.00877 -0.81411 -0.01923
1403715907384058112 -0.54336 -1.18839 0.43958 0.58073 0.05671 -0.81205 0.01082
1403715907484057856 -0.57776 -1.21905 0.46525 0.57984 0.10388 -0.80729 0.03575
1403715907584058112 -0.60660 -1.25545 0.49142 0.57668 0.14517 -0.80172 0.06002
1403715907684057856 -0.63054 -1.29536 0.51738 0.57475 0.17849 -0.79380 0.08760
1403715907784058112 -0.65033 -1.33914 0.54213 0.57494 0.20639 -0.78291 0.11793
1403715907884058112 -0.66416 -1.38560 0.56284 0.57369 0.23344 -0.77109 0.14766
1403715907984057856 -0.67284 -1.43183 0.57987 0.56813 0.25844 -0.76003 0.18108
1403715908084058112 -0.66811 -1.47558 0.59566 0.55974 0.28784 -0.74746 0.21245
1403715908184057856 -0.66015 -1.51588 0.60933 0.54990 0.32068 -0.73225 0.24203
1403715908284058112 -0.64558 -1.55092 0.61861 0.53649 0.35610 -0.71575 0.27033
1403715908384058112 -0.62856 -1.58279 0.62752 0.52010 0.39184 -0.69846 0.29684
1403715908484057856 -0.60933 -1.61037 0.63720 0.50336 0.42716 -0.67801 0.32322
1403715908584058112 -0.58402 -1.63009 0.64860 -0.48634 -0.46350 0.65365 -0.34840
1403715908684057856 -0.55577 -1.64440 0.65847 -0.47188 -0.49953 0.62451 -0.37119
1403715908784058112 -0.52479 -1.65262 0.66546 -0.45604 -0.52993 0.59514 -0.39625
1403715908884058112 -0.49193 -1.65345 0.66980 -0.43612 -0.55806 0.56847 -0.41859
1403715908984057856 -0.45750 -1.64641 0.67077 0.41174 0.58960 -0.54413 0.43216
1403715909084058112 -0.42259 -1.63393 0.67039 0.39049 0.62037 -0.51779 0.44109
1403715909184057856 -0.38460 -1.61868 0.66771 0.37018 0.64695 -0.49149 0.45040
1403715909284058112 -0.34100 -1.60362 0.66175 0.34956 0.66815 -0.46701 0.46183
1403715909384058112 -0.29311 -1.58578 0.65410 0.33291 0.68674 -0.44101 0.47230
1403715909484057856 -0.24248 -1.56346 0.64245 0.31992 0.70405 -0.41217 0.48175
1403715909584058112 -0.18615 -1.53799 0.62711 0.30763 0.72278 -0.37951 0.48880
1403715909684057856 -0.12237 -1.50668 0.61027 0.28798 0.73803 -0.34659 0.50224
1403715909784058112 -0.05361 -1.46790 0.59128 0.26039 0.75288 -0.31323 0.51697
1403715909884058112 0.01969 -1.42318 0.57012 0.22717 0.76476 -0.27523 0.53645
1403715909984057856 0.09414 -1.37152 0.54854 0.18870 0.77104 -0.23349 0.56158
1403715910084058112 0.16546 -1.31423 0.52543 0.15052 0.77878 -0.18534 0.58008
1403715910184057856 0.23160 -1.25160 0.49879 0.11238 0.78970 -0.13657 0.58744
1403715910284058112 0.29053 -1.18659 0.47127 0.07877 0.79862 -0.08979 0.58987
1403715910384058112 0.34170 -1.11805 0.44861 0.04887 0.80087 -0.04782 0.59492
1403715910484057856 0.38293 -1.05137 0.42496 0.02277 0.79632 -0.00927 0.60438
1403715910584058112 0.41336 -0.97996 0.40566 -0.00181 0.79116 0.02620 0.61104
1403715910684057856 0.43494 -0.90989 0.38767 -0.02668 0.78906 0.05795 0.61100
1403715910784058112 0.44296 -0.84087 0.37428 -0.05191 0.78731 0.08755 0.60810
1403715910884058112 0.44136 -0.77178 0.36469 -0.07648 0.78339 0.11652 0.60571
1403715910984057856 0.42810 -0.70654 0.35396 -0.10217 0.78009 0.14491 0.60002
1403715911084058112 0.40419 -0.64454 0.34565 -0.12888 0.77214 0.17223 0.59794
1403715911184057856 0.37247 -0.58537 0.33703 -0.15543 0.76078 0.19919 0.59781
1403715911284058112 0.33306 -0.52796 0.32768 -0.18011 0.75104 0.22861 0.59265
1403715911384058112 0.28355 -0.47731 0.31900 -0.20468 0.74407 0.25747 0.58153
1403715911484057856 0.22694 -0.43159 0.30821 -0.22701 0.73916 0.28532 0.56631
1403715911584058112 0.16389 -0.39356 0.29447 -0.24477 0.73708 0.31285 0.54675
1403715911684057856 0.09787 -0.35705 0.28082 -0.25566 0.73212 0.34336 0.52985
1403715911784058112 0.02912 -0.32046 0.27672 -0.26264 0.72129 0.37448 0.52012
1403715911884058112 -0.04013 -0.28296 0.28408 -0.27428 0.70915 0.39982 0.51188
1403715911984057856 -0.11056 -0.24861 0.30294 -0.28816 0.69765 0.41987 0.50394
1403715912084058112 -0.18323 -0.21806 0.33284 -0.30271 0.68875 0.43518 0.49459
1403715912184057856 -0.25632 -0.19063 0.36413 -0.31770 0.68076 0.44713 0.48550
1403715912284058112 -0.32749 -0.16486 0.39424 -0.33191 0.67202 0.45875 0.47725
1403715912384058112 -0.39691 -0.14137 0.42276 -0.34373 0.66239 0.47173 0.46963
1403715912484057856 -0.46486 -0.12060 0.45041 -0.35478 0.65222 0.48663 0.46035
1403715912584058112 -0.53376 -0.10221 0.47794 -0.36713 0.64053 0.50291 0.44946
1403715912684057856 -0.60247 -0.08325 0.50415 -0.38055 0.62538 0.52199 0.43773
1403715912784058112 -0.67354 -0.06514 0.53019 -0.39764 0.60613 0.54329 0.42346
1403715912884058112 -0.74412 -0.05144 0.55294 -0.41531 0.58200 0.56859 0.40682
1403715912984057856 -0.81209 -0.04237 0.56258 -0.43285 0.55491 0.59518 0.38791
1403715913084058112 -0.87886 -0.03552 0.55763 -0.45072 0.52736 0.61918 0.36791
1403715913184057856 -0.94902 -0.03026 0.54640 -0.46744 0.49765 0.64151 0.34972
1403715913284058112 -1.01733 -0.02927 0.53352 -0.48513 0.46497 0.65908 0.33774
1403715913384058112 -1.09097 -0.03154 0.52604 -0.49496 0.43180 0.67542 0.33522
1403715913484057856 -1.15692 -0.04174 0.51807 0.50268 -0.40509 -0.68520 -0.33722
1403715913584058112 -1.22375 -0.06019 0.51107 0.50333 -0.38118 -0.69268 -0.34865
1403715913684057856 -1.29038 -0.09193 0.50245 0.50154 -0.36353 -0.69700 -0.36125
1403715913784058112 -1.36847 -0.13476 0.49410 -0.49895 0.36166 0.70028 0.36036
1403715913884058112 -1.45153 -0.18991 0.48640 -0.49276 0.37097 0.70517 0.34972
1403715913984057856 -1.53991 -0.25612 0.48220 -0.48896 0.38125 0.70709 0.34000
1403715914084058112 -1.63440 -0.33144 0.48248 -0.48445 0.38696 0.70771 0.33871
1403715914184057856 -1.73424 -0.41520 0.48517 -0.48231 0.39392 0.70538 0.33860
1403715914284058112 -1.83874 -0.50456 0.48738 -0.47820 0.41646 0.70152 0.32520
1403715914384058112 -1.94435 -0.59386 0.49061 -0.46586 0.44227 0.69947 0.31323
1403715914484057856 -2.05219 -0.68125 0.49628 -0.45031 0.46513 0.69673 0.30893
1403715914584058112 -2.16271 -0.76273 0.50424 -0.43767 0.48572 0.69079 0.30877
1403715914684057856 -2.27508 -0.83626 0.51179 -0.42929 0.51279 0.67892 0.30304
1403715914784058112 -2.38825 -0.89829 0.51685 -0.42610 0.54623 0.66054 0.28943
1403715914884058112 -2.49150 -0.94045 0.52242 -0.42573 0.57626 0.64221 0.27246
1403715914984057856 -2.58552 -0.96599 0.52858 -0.42522 0.59437 0.62900 0.26509
1403715915084058112 -2.66790 -0.96983 0.53586 -0.42671 0.60543 0.61889 0.26144
1403715915184057856 -2.73369 -0.95143 0.54432 -0.42892 0.60845 0.61311 0.26440
1403715915284058112 -2.78493 -0.91196 0.55740 -0.43266 0.59533 0.61227 0.28900
1403715915384058112 -2.82155 -0.85934 0.56746 -0.43184 0.57340 0.61785 0.32091
1403715915484057856 -2.85401 -0.79526 0.56190 -0.42933 0.55611 0.62366 0.34272
1403715915584058112 -2.88291 -0.72549 0.54077 -0.42997 0.54527 0.62611 0.35467
1403715915684057856 -2.91083 -0.65285 0.51030 -0.42688 0.53465 0.63106 0.36563
1403715915784058112 -2.94079 -0.57838 0.47540 -0.42447 0.53421 0.63535 0.36163
1403715915884058112 -2.97154 -0.50102 0.43988 -0.42120 0.53820 0.63981 0.35152
1403715915984057856 -3.00282 -0.42208 0.40748 -0.42182 0.53937 0.64161 0.34567
1403715916084058112 -3.03431 -0.33836 0.37870 -0.42803 0.53699 0.63788 0.34863
1403715916184057856 -3.06343 -0.25108 0.35007 -0.42929 0.53926 0.63055 0.35681
1403715916284058112 -3.08851 -0.16099 0.32101 -0.42706 0.54829 0.61763 0.36816
1403715916384058112 -3.11189 -0.07080 0.29333 -0.42089 0.56217 0.60084 0.38184
1403715916484057856 -3.13545 0.02226 0.26628 -0.41357 0.58147 0.58051 0.39225
1403715916584058112 -3.15622 0.11303 0.23969 -0.40124 0.60335 0.55965 0.40220
1403715916684057856 -3.17465 0.20217 0.21344 -0.39165 0.62672 0.53494 0.40947
1403715916784058112 -3.18962 0.29069 0.18806 -0.38706 0.64703 0.51098 0.41284
1403715916884058112 -3.19907 0.37924 0.16516 -0.38686 0.66415 0.48853 0.41301
1403715916984057856 -3.19846 0.46655 0.14822 -0.38920 0.67486 0.46876 0.41635
1403715917084058112 -3.18411 0.55096 0.13735 -0.39003 0.67743 0.45485 0.42671
1403715917184057856 -3.15374 0.63215 0.13396 -0.38214 0.66439 0.44635 0.46187
1403715917284058112 -3.12182 0.71298 0.12824 -0.36261 0.65306 0.44172 0.49690
1403715917384058112 -3.08638 0.76698 0.12908 -0.34915 0.65069 0.43361 0.51641
1403715917484057856 -3.06025 0.81785 0.12660 -0.34253 0.65877 0.42705 0.51606
1403715917584058112 -3.04026 0.86043 0.12123 -0.33955 0.67449 0.42286 0.50095
1403715917684057856 -3.02059 0.89752 0.10982 -0.34502 0.68302 0.41598 0.49133
1403715917784058112 -3.00012 0.92401 0.09655 -0.35518 0.67937 0.40823 0.49562
1403715917884058112 -2.97902 0.93706 0.08234 -0.36135 0.67092 0.40519 0.50509
1403715917984057856 -2.95761 0.93399 0.07478 -0.36068 0.66299 0.40833 0.51344
1403715918084058112 -2.94045 0.91681 0.06674 -0.34932 0.65867 0.41479 0.52162
1403715918184057856 -2.92341 0.89180 0.06200 -0.33183 0.66056 0.41739 0.52853
1403715918284058112 -2.91142 0.85635 0.05238 -0.32703 0.66756 0.40547 0.53199
1403715918384058112 -2.90319 0.81644 0.03329 -0.32617 0.68726 0.38776 0.52051
1403715918484057856 -2.89725 0.76296 0.00197 -0.32207 0.71032 0.37063 0.50434
1403715918584058112 -2.88908 0.70209 -0.04005 -0.31526 0.72726 0.35522 0.49550
1403715918684057856 -2.87490 0.63626 -0.08511 -0.30326 0.73588 0.34781 0.49552
1403715918784058112 -2.85271 0.56605 -0.11820 -0.28345 0.73874 0.35188 0.50010
1403715918884058112 -2.82596 0.49576 -0.13845 -0.26000 0.74304 0.36337 0.49825
1403715918984057856 -2.79785 0.42747 -0.14372 -0.24344 0.75064 0.37297 0.48803
1403715919084058112 -2.76745 0.36555 -0.13894 -0.23047 0.75666 0.38133 0.47847
1403715919184057856 -2.73301 0.31611 -0.12324 -0.21728 0.75143 0.39287 0.48353
1403715919284058112 -2.69775 0.28246 -0.10533 -0.20664 0.73773 0.40399 0.49985
1403715919384058112 -2.66788 0.27298 -0.09095 -0.20522 0.72590 0.40816 0.51416
1403715919484057856 -2.64522 0.27124 -0.09159 -0.22109 0.72595 0.39844 0.51514
1403715919584058112 -2.62757 0.27636 -0.10600 -0.23482 0.72683 0.38884 0.51515
1403715919684057856 -2.61301 0.28683 -0.13347 -0.24109 0.72761 0.38351 0.51515
1403715919784058112 -2.60124 0.30103 -0.17042 -0.23820 0.72614 0.38428 0.51799
1403715919884058112 -2.59364 0.32024 -0.21359 -0.23491 0.72481 0.38612 0.51998
1403715919984057856 -2.59150 0.34313 -0.25557 -0.23338 0.72933 0.38787 0.51301
1403715920084058112 -2.59207 0.37307 -0.28539 -0.23324 0.73422 0.38939 0.50488
1403715920184057856 -2.59603 0.40948 -0.30033 -0.23537 0.73828 0.38944 0.49787
1403715920284058112 -2.60048 0.45497 -0.29879 -0.24488 0.73873 0.38671 0.49474
1403715920384058112 -2.60458 0.50682 -0.28346 -0.25805 0.73442 0.38460 0.49611
1403715920484057856 -2.60730 0.56123 -0.26195 -0.27176 0.72844 0.38095 0.50041
1403715920584058112 -2.60812 0.61702 -0.24097 -0.28406 0.72127 0.37696 0.50693
1403715920684057856 -2.60885 0.66903 -0.22184 -0.29473 0.71446 0.37350 0.51301
1403715920784058112 -2.61072 0.71401 -0.19473 -0.30417 0.70615 0.37444 0.51829
1403715920884058112 -2.61434 0.75324 -0.15813 -0.31033 0.70043 0.38238 0.51661
1403715920984057856 -2.61991 0.78366 -0.11315 -0.31753 0.70142 0.39390 0.50203
1403715921084058112 -2.62437 0.80504 -0.06007 -0.32211 0.70252 0.40928 0.48498
1403715921184057856 -2.62601 0.82287 -0.00403 -0.32469 0.69910 0.42374 0.47570
1403715921284058112 -2.62359 0.83887 0.05153 -0.32436 0.69421 0.43557 0.47238
1403715921384058112 -2.61797 0.85350 0.10557 -0.31886 0.69012 0.44744 0.47102
1403715921484057856 -2.61095 0.86953 0.16011 -0.31330 0.68759 0.45580 0.47044
1403715921584058112 -2.60387 0.88852 0.21904 -0.31156 0.68601 0.45908 0.47071
1403715921684057856 -2.59773 0.91012 0.29074 -0.31131 0.68589 0.45907 0.47106
1403715921784058112 -2.59208 0.93518 0.36752 -0.31592 0.68787 0.45457 0.46946
1403715921884058112 -2.58627 0.96188 0.44088 -0.32084 0.69027 0.44945 0.46753
1403715921984057856 -2.57947 0.99020 0.50323 -0.32339 0.69124 0.44518 0.46842
1403715922084058112 -2.57130 1.01903 0.56190 -0.32211 0.69020 0.44351 0.47240
1403715922184057856 -2.56183 1.04765 0.62720 -0.32574 0.68744 0.43876 0.47835
1403715922284058112 -2.55073 1.07449 0.70348 -0.32969 0.68353 0.43444 0.48514
1403715922384058112 -2.54044 1.09748 0.78809 -0.32862 0.67954 0.43475 0.49114
1403715922484057856 -2.53089 1.11548 0.87077 -0.32564 0.67738 0.43755 0.49362
1403715922584058112 -2.52251 1.12915 0.95020 -0.32949 0.67775 0.43556 0.49232
1403715922684057856 -2.51604 1.13660 1.02255 -0.33392 0.67724 0.43317 0.49214
1403715922784058112 -2.51041 1.13961 1.08101 -0.33146 0.67627 0.43564 0.49297
1403715922884058112 -2.50752 1.14084 1.12458 -0.32578 0.67507 0.44015 0.49438
1403715922984057856 -2.50694 1.14046 1.15687 -0.32172 0.67435 0.44311 0.49538
1403715923084058112 -2.50915 1.13764 1.18585 -0.31861 0.67419 0.44520 0.49574
1403715923184057856 -2.51599 1.13167 1.21838 -0.31494 0.67663 0.44802 0.49219
1403715923284058112 -2.52660 1.12415 1.26146 -0.31169 0.68145 0.45044 0.48536
1403715923384058112 -2.54185 1.11566 1.31604 -0.31688 0.68749 0.44719 0.47641
1403715923484057856 -2.55617 1.10759 1.35967 -0.32651 0.69284 0.44074 0.46810
1403715923584058112 -2.56796 1.10020 1.39423 -0.33739 0.69672 0.43302 0.46178
1403715923684057856 -2.57500 1.09076 1.40419 -0.34587 0.69837 0.42700 0.45862
1403715923784058112 -2.57643 1.07901 1.39203 -0.35240 0.69749 0.42275 0.45892
1403715923884058112 -2.57143 1.06469 1.35815 -0.35597 0.69151 0.42069 0.46704
1403715923984057856 -2.56146 1.04644 1.31322 -0.35878 0.68330 0.41902 0.47833
1403715924084058112 -2.54605 1.02282 1.25746 -0.35567 0.67679 0.42115 0.48793
1403715924184057856 -2.53035 0.99145 1.19649 -0.34972 0.67322 0.42558 0.49332
1403715924284058112 -2.51396 0.95245 1.13715 -0.34305 0.67377 0.43027 0.49317
1403715924384058112 -2.49865 0.90658 1.08034 -0.33494 0.67645 0.43553 0.49046
1403715924484057856 -2.48371 0.85780 1.02362 -0.32857 0.68303 0.43933 0.48218
1403715924584058112 -2.46757 0.80746 0.96861 -0.32277 0.68975 0.44179 0.47423
1403715924684057856 -2.44944 0.75740 0.91440 -0.32518 0.69814 0.43464 0.46685
1403715924784058112 -2.42651 0.70669 0.86235 -0.32609 0.70637 0.42004 0.46720
1403715924884058112 -2.39653 0.65350 0.81147 -0.32142 0.71472 0.40152 0.47397
1403715924984057856 -2.36010 0.59560 0.76298 -0.31181 0.72082 0.37957 0.48900
1403715925084058112 -2.31842 0.53426 0.72063 -0.29742 0.72207 0.35595 0.51328
1403715925184057856 -2.27535 0.46585 0.69040 -0.27945 0.72448 0.33315 0.53483
1403715925284058112 -2.23450 0.39037 0.67171 -0.26360 0.73452 0.30818 0.54407
1403715925384058112 -2.19722 0.30716 0.66446 -0.24889 0.75097 0.28130 0.54310
1403715925484057856 -2.16033 0.21689 0.66093 -0.23324 0.76939 0.25499 0.53723
1403715925584058112 -2.12327 0.11912 0.65772 -0.21534 0.78427 0.22925 0.53479
1403715925684057856 -2.08389 0.01601 0.65562 -0.19683 0.79366 0.20289 0.53870
1403715925784058112 -2.04108 -0.08999 0.65196 -0.17766 0.80036 0.17588 0.54491
1403715925884058112 -1.99668 -0.20084 0.64795 -0.15792 0.80446 0.14804 0.55316
1403715925984057856 -1.95014 -0.31604 0.64422 -0.13390 0.80664 0.12179 0.56265
1403715926084058112 -1.90060 -0.43272 0.63813 -0.11474 0.80547 0.09000 0.57442
1403715926184057856 -1.85511 -0.55336 0.62062 -0.09573 0.80149 0.05461 0.58776
1403715926284058112 -1.81661 -0.67950 0.58865 -0.07436 0.79810 0.01941 0.59760
1403715926384058112 -1.78384 -0.81150 0.54588 -0.04734 0.79393 -0.01246 0.60604
1403715926484057856 -1.76096 -0.94727 0.50108 -0.01496 0.78581 -0.03941 0.61703
1403715926584058112 -1.75126 -1.08798 0.45518 0.01575 0.78262 -0.06588 0.61881
1403715926684057856 -1.75340 -1.22934 0.40680 0.04178 0.78722 -0.09394 0.60804
1403715926784058112 -1.76514 -1.36729 0.36090 0.06907 0.79317 -0.11871 0.59331
1403715926884058112 -1.78563 -1.49863 0.32470 0.09623 0.79883 -0.13886 0.57735
1403715926984057856 -1.80780 -1.62461 0.30215 0.11687 0.80079 -0.15876 0.56558
1403715927084058112 -1.82940 -1.74551 0.29059 0.13484 0.79564 -0.17683 0.56347
1403715927184057856 -1.84644 -1.86329 0.27855 0.16004 0.78742 -0.18836 0.56470
1403715927284058112 -1.86351 -1.97084 0.26750 0.19151 0.77874 -0.19460 0.56481
1403715927384058112 -1.88062 -2.06241 0.25982 0.21872 0.76651 -0.20168 0.56917
1403715927484057856 -1.89722 -2.13855 0.25334 0.23478 0.74948 -0.21667 0.57984
1403715927584058112 -1.91576 -2.19694 0.24625 0.23853 0.73006 -0.24239 0.59275
1403715927684057856 -1.94265 -2.23972 0.23853 0.24497 0.71185 -0.27121 0.59975
1403715927784058112 -1.97939 -2.27243 0.22838 0.26354 0.70068 -0.29836 0.59210
1403715927884058112 -2.02702 -2.29063 0.21742 0.28980 0.69232 -0.32533 0.57521
1403715927984057856 -2.08402 -2.29148 0.20401 0.31789 0.68473 -0.35408 0.55201
1403715928084058112 -2.14754 -2.27750 0.18322 0.33920 0.67242 -0.38964 0.53008
1403715928184057856 -2.21253 -2.24889 0.14783 0.35320 0.65601 -0.43216 0.50808
1403715928284058112 -2.27834 -2.20946 0.10147 0.37164 0.62978 -0.47043 0.49391
1403715928384058112 -2.34510 -2.15974 0.04936 0.39731 0.59751 -0.49992 0.48499
1403715928484057856 -2.41230 -2.09623 -0.00660 0.41478 0.56887 -0.52936 0.47342
1403715928584058112 -2.48098 -2.02021 -0.06536 -0.41933 -0.55179 0.56075 -0.45305
1403715928684057856 -2.55095 -1.93405 -0.11471 -0.42242 -0.54316 0.58193 -0.43346
1403715928784058112 -2.62076 -1.84241 -0.15105 -0.41253 -0.55041 0.60174 -0.40593
1403715928884058112 -2.68952 -1.75108 -0.16441 -0.39049 -0.56800 0.61625 -0.38096
1403715928984057856 -2.75538 -1.66939 -0.14909 -0.36553 -0.59018 0.61956 -0.36636
1403715929084058112 -2.81757 -1.60776 -0.10604 -0.34228 -0.61128 0.61676 -0.35888
1403715929184057856 -2.87540 -1.57457 -0.04936 0.32586 0.63101 -0.60978 0.35186
1403715929284058112 -2.92668 -1.56738 0.00545 0.32591 0.64930 -0.59403 0.34543
1403715929384058112 -2.96749 -1.58641 0.05463 0.35795 0.66317 -0.55985 0.34445
1403715929484057856 -3.00954 -1.60743 0.09358 0.40193 0.67125 -0.51837 0.34519
1403715929584058112 -3.03047 -1.63644 0.12973 0.44156 0.67456 -0.48241 0.34245
1403715929684057856 -3.02355 -1.66383 0.16267 0.45659 0.67183 -0.47200 0.34262
1403715929784058112 -2.99235 -1.68610 0.19301 0.43609 0.65781 -0.49601 0.36205
1403715929884058112 -2.93707 -1.71093 0.21638 0.41503 0.63472 -0.51890 0.39448
1403715929984057856 -2.87430 -1.73409 0.23292 0.39373 0.60750 -0.53952 0.42993
1403715930084058112 -2.80660 -1.75630 0.23883 0.37592 0.58455 -0.55522 0.45687
1403715930184057856 -2.74591 -1.77366 0.24128 -0.36165 -0.56573 0.56725 -0.47685
1403715930284058112 -2.69710 -1.78664 0.24485 -0.35116 -0.55299 0.57677 -0.48808
1403715930384058112 -2.66488 -1.79429 0.24724 -0.34951 -0.55468 0.58132 -0.48191
1403715930484057856 -2.64830 -1.79856 0.24370 -0.35011 -0.56779 0.58496 -0.46138
1403715930584058112 -2.64258 -1.80177 0.22781 -0.34787 -0.57982 0.58955 -0.44184
1403715930684057856 -2.64358 -1.80705 0.21327 -0.34217 -0.58762 0.59601 -0.42708
1403715930784058112 -2.65624 -1.82173 0.21089 -0.33872 -0.58933 0.60059 -0.42102
1403715930884058112 -2.67922 -1.84624 0.22487 0.34636 0.59783 -0.59717 0.40746
1403715930984057856 -2.70763 -1.87990 0.25102 0.35726 0.60771 -0.59070 0.39258
1403715931084058112 -2.73691 -1.92330 0.27274 0.35679 0.61622 -0.59175 0.37791
1403715931184057856 -2.76438 -1.97843 0.28626 0.35229 0.62140 -0.59481 0.36871
1403715931284058112 -2.78958 -2.04962 0.30652 0.35164 0.62187 -0.59585 0.36687
1403715931384058112 -2.81147 -2.13741 0.34008 0.35234 0.61768 -0.59585 0.37321
1403715931484057856 -2.83200 -2.24084 0.38260 0.35571 0.61499 -0.59274 0.37936
1403715931584058112 -2.85080 -2.35563 0.41618 0.36072 0.61442 -0.58753 0.38364
1403715931684057856 -2.86651 -2.47859 0.43510 0.36649 0.61619 -0.58051 0.38601
1403715931784058112 -2.87938 -2.60783 0.44114 0.37119 0.61849 -0.57371 0.38800
1403715931884058112 -2.88853 -2.74256 0.44405 0.37712 0.61548 -0.56603 0.39821
1403715931984057856 -2.89508 -2.88034 0.45031 0.38709 0.60959 -0.55589 0.41176
1403715932084058112 -2.89825 -3.01786 0.45911 0.39814 0.60029 -0.54501 0.42907
1403715932184057856 -2.89808 -3.14977 0.47478 0.41726 0.58724 -0.52883 0.44876
1403715932284058112 -2.89436 -3.26905 0.49666 0.43977 0.57012 -0.50962 0.47101
1403715932384058112 -2.88750 -3.36892 0.52136 0.45743 0.55345 -0.49364 0.49068
1403715932484057856 -2.87891 -3.44076 0.54591 0.46786 0.54114 -0.48330 0.50467
1403715932584058112 -2.86998 -3.47819 0.57349 0.47775 0.52835 -0.47295 0.51857
1403715932684057856 -2.86110 -3.47759 0.60333 0.48526 0.51598 -0.46413 0.53185
1403715932784058112 -2.85330 -3.43493 0.63319 0.49173 0.50855 -0.45806 0.53830
1403715932884058112 -2.84773 -3.35186 0.66145 0.48693 0.51671 -0.46704 0.52706
1403715932984057856 -2.84325 -3.23203 0.68696 0.46259 0.54242 -0.49625 0.49551
1403715933084058112 -2.83827 -3.08707 0.71228 0.43384 0.56884 -0.52603 0.45989
1403715933184057856 -2.83202 -2.93043 0.73766 0.40362 0.59245 -0.55311 0.42445
1403715933284058112 -2.82427 -2.77176 0.76206 0.37366 0.61277 -0.57617 0.39104
1403715933384058112 -2.81519 -2.62211 0.78554 0.33790 0.62738 -0.60078 0.36232
1403715933484057856 -2.80502 -2.49378 0.80806 0.29820 0.63682 -0.62688 0.33551
1403715933584058112 -2.79559 -2.40002 0.83349 -0.26742 -0.64380 0.64605 -0.31086
1403715933684057856 -2.79220 -2.34978 0.86559 -0.25077 -0.65110 0.65518 -0.28968
1403715933784058112 -2.79150 -2.34929 0.90530 0.24969 0.65739 -0.65544 0.27548
1403715933884058112 -2.78853 -2.39615 0.95653 0.26520 0.65585 -0.64948 0.27877
1403715933984057856 -2.78449 -2.49655 1.02346 0.30684 0.63837 -0.63219 0.31412
1403715934084058112 -2.78075 -2.63398 1.09945 0.36265 0.60915 -0.60272 0.36626
1403715934184057856 -2.77588 -2.77922 1.16700 0.41799 0.57174 -0.56687 0.42077
1403715934284058112 -2.76884 -2.91570 1.21027 0.45968 0.54032 -0.53474 0.45913
1403715934384058112 -2.76135 -3.03381 1.23563 0.48643 0.51527 -0.51027 0.48735
1403715934484057856 -2.75387 -3.12048 1.25039 0.50744 0.49478 -0.48833 0.50915
1403715934584058112 -2.74410 -3.17043 1.25743 0.52165 0.47816 -0.47002 0.52756
1403715934684057856 -2.73681 -3.17327 1.26136 0.52825 0.46718 -0.45760 0.54157
1403715934784058112 -2.73196 -3.12445 1.27131 0.52469 0.46264 -0.45421 0.55169
1403715934884058112 -2.72764 -3.02411 1.28462 0.50626 0.48111 -0.47107 0.53882
1403715934984057856 -2.72544 -2.87665 1.29891 0.47171 0.51557 -0.50528 0.50633
1403715935084058112 -2.72549 -2.69876 1.30514 0.43231 0.54976 -0.54114 0.46695
1403715935184057856 -2.72764 -2.50449 1.30084 0.39596 0.57852 -0.57142 0.42662
1403715935284058112 -2.73308 -2.30641 1.28416 0.36669 0.59965 -0.59299 0.39284
1403715935384058112 -2.73909 -2.11772 1.25605 0.34469 0.61574 -0.60702 0.36548
1403715935484057856 -2.74370 -1.94622 1.21978 0.32822 0.62729 -0.61658 0.34439
1403715935584058112 -2.74684 -1.79909 1.17600 0.31783 0.63559 -0.62145 0.32986
1403715935684057856 -2.74780 -1.68163 1.13110 0.30693 0.64170 -0.62688 0.31787
1403715935784058112 -2.74614 -1.59945 1.08851 0.29588 0.64774 -0.63240 0.30489
1403715935884058112 -2.74135 -1.55814 1.05201 0.28906 0.65220 -0.63594 0.29439
1403715935984057856 -2.72827 -1.56470 1.02536 0.29653 0.64788 -0.63520 0.29808
1403715936084058112 -2.72008 -1.62615 1.01292 0.32826 0.63178 -0.62090 0.32800
1403715936184057856 -2.70947 -1.71100 1.01252 0.37205 0.60860 -0.59704 0.36705
1403715936284058112 -2.69565 -1.80922 1.01238 0.41428 0.58145 -0.57084 0.40550
1403715936384058112 -2.67019 -1.89100 1.00427 0.44211 0.55510 -0.55306 0.43649
1403715936484057856 -2.64597 -1.96437 0.99301 -0.45662 -0.53898 0.54378 -0.45311
1403715936584058112 -2.62607 -2.02301 0.98048 -0.46232 -0.52620 0.54026 -0.46638
1403715936684057856 -2.60886 -2.05996 0.97054 -0.46311 -0.51581 0.53964 -0.47777
1403715936784058112 -2.59437 -2.06985 0.96122 -0.45882 -0.51949 0.54478 -0.47204
1403715936884058112 -2.58259 -2.05824 0.95026 -0.45197 -0.53095 0.55268 -0.45646
1403715936984057856 -2.57292 -2.03089 0.93805 -0.44270 -0.53979 0.55977 -0.44643
1403715937084058112 -2.56270 -1.99199 0.92371 -0.43012 -0.55234 0.56293 -0.43935
1403715937184057856 -2.54808 -1.95033 0.91267 0.41135 0.56939 -0.56408 0.43405
1403715937284058112 -2.53564 -1.90046 0.89520 0.39433 0.58707 -0.55782 0.43439
1403715937384058112 -2.52209 -1.84451 0.86172 0.38205 0.60433 -0.54334 0.44001
1403715937484057856 -2.50865 -1.79248 0.81901 0.36787 0.62134 -0.52943 0.44531
1403715937584058112 -2.49508 -1.74128 0.76271 0.34404 0.64327 -0.52608 0.43713
1403715937684057856 -2.48123 -1.69619 0.70499 0.32059 0.66577 -0.52145 0.42669
1403715937784058112 -2.46630 -1.66027 0.64958 0.30276 0.68280 -0.51343 0.42251
1403715937884058112 -2.44817 -1.63568 0.59801 0.28850 0.69682 -0.50251 0.42272
1403715937984057856 -2.42433 -1.62405 0.54982 0.27732 0.71070 -0.48824 0.42382
1403715938084058112 -2.39377 -1.62603 0.50460 0.26418 0.72391 -0.47334 0.42674
1403715938184057856 -2.35701 -1.64211 0.46854 0.25126 0.73806 -0.45562 0.42958
1403715938284058112 -2.31051 -1.67397 0.44812 0.24687 0.74785 -0.43028 0.44117
1403715938384058112 -2.25461 -1.72310 0.44677 0.25507 0.75228 -0.39424 0.46216
1403715938484057856 -2.19192 -1.78103 0.45652 0.25358 0.75284 -0.36413 0.48615
1403715938584058112 -2.12466 -1.84309 0.46624 0.24431 0.75351 -0.34183 0.50565
1403715938684057856 -2.05527 -1.90456 0.47202 0.23363 0.75723 -0.32893 0.51363
1403715938784058112 -1.98463 -1.96604 0.47399 0.22087 0.76889 -0.32543 0.50410
1403715938884058112 -1.91003 -2.03095 0.47207 0.20683 0.78327 -0.32719 0.48648
1403715938984057856 -1.82906 -2.10228 0.46796 0.19542 0.79463 -0.32902 0.47130
1403715939084058112 -1.73890 -2.18295 0.46164 0.18788 0.80241 -0.32943 0.46077
1403715939184057856 -1.63555 -2.27566 0.45916 0.19100 0.79756 -0.32390 0.47172
1403715939284058112 -1.52130 -2.37774 0.46287 0.20491 0.77693 -0.31179 0.50712
1403715939384058112 -1.40394 -2.48192 0.46641 0.21913 0.75169 -0.30002 0.54492
1403715939484057856 -1.28982 -2.58148 0.46702 0.23205 0.72809 -0.28987 0.57620
1403715939584058112 -1.18467 -2.67032 0.46779 0.24459 0.70706 -0.28130 0.60093
1403715939684057856 -1.09492 -2.74118 0.47607 0.25902 0.67912 -0.27117 0.63100
1403715939784058112 -1.02730 -2.78792 0.49087 0.26994 0.65608 -0.26456 0.65322
1403715939884058112 -0.98498 -2.80568 0.51507 0.27807 0.64208 -0.26120 0.66497
1403715939984057856 -0.96812 -2.79205 0.54860 0.28018 0.64381 -0.26393 0.66133
1403715940084058112 -0.97660 -2.74735 0.58703 0.27100 0.67367 -0.27794 0.62887
1403715940184057856 -1.00836 -2.67824 0.62801 0.25521 0.71022 -0.29503 0.58601
1403715940284058112 -1.04675 -2.59470 0.66961 0.23756 0.74279 -0.31070 0.54341
1403715940384058112 -1.08822 -2.50468 0.70956 0.21760 0.77144 -0.32517 0.50180
1403715940484057856 -1.12428 -2.41885 0.74609 0.19748 0.79683 -0.33869 0.45973
1403715940584058112 -1.14805 -2.34423 0.78085 0.17265 0.81829 -0.35475 0.41803
1403715940684057856 -1.15208 -2.29232 0.81402 0.14620 0.83539 -0.37156 0.37775
1403715940784058112 -1.12905 -2.27372 0.85224 0.13418 0.84729 -0.37710 0.34911
1403715940884058112 -1.07612 -2.29737 0.89723 0.13787 0.85125 -0.37024 0.34539
1403715940984057856 -0.98158 -2.36096 0.95247 0.16010 0.83534 -0.36022 0.38318
1403715941084058112 -0.85910 -2.45226 1.01642 0.19442 0.80052 -0.34354 0.45095
1403715941184057856 -0.72657 -2.55382 1.08377 0.22980 0.75020 -0.32267 0.52941
1403715941284058112 -0.59860 -2.65016 1.14310 0.25190 0.70467 -0.30644 0.58828
1403715941384058112 -0.48358 -2.73297 1.19488 0.26285 0.67205 -0.29616 0.62574
1403715941484057856 -0.38633 -2.79819 1.23252 0.26656 0.64992 -0.29053 0.64972
1403715941584058112 -0.30942 -2.84515 1.24675 0.26735 0.63572 -0.28723 0.66475
1403715941684057856 -0.25859 -2.87022 1.24408 0.26711 0.61749 -0.28358 0.68333
1403715941784058112 -0.24088 -2.86900 1.23525 0.26748 0.59705 -0.27823 0.70326
1403715941884058112 -0.25974 -2.83866 1.22069 0.26920 0.58545 -0.27371 0.71405
1403715941984057856 -0.31691 -2.77876 1.20124 0.27077 0.60022 -0.27592 0.70021
1403715942084058112 -0.40778 -2.68799 1.16722 0.26350 0.64248 -0.28834 0.65928
1403715942184057856 -0.52504 -2.57474 1.12018 0.24717 0.69051 -0.30523 0.60741
1403715942284058112 -0.65521 -2.44936 1.05427 0.22567 0.73500 -0.32308 0.55179
1403715942384058112 -0.78822 -2.32095 0.96567 0.20446 0.76914 -0.33863 0.50194
1403715942484057856 -0.91450 -2.20020 0.86381 0.18496 0.79050 -0.35094 0.46662
1403715942584058112 -1.02788 -2.09429 0.75977 0.16996 0.80764 -0.35920 0.43567
1403715942684057856 -1.12464 -2.00994 0.65885 0.16129 0.82282 -0.36139 0.40786
1403715942784058112 -1.19793 -1.95298 0.56265 0.15837 0.83049 -0.36009 0.39438
1403715942884058112 -1.24167 -1.92757 0.47184 0.15969 0.83258 -0.35653 0.39267
1403715942984057856 -1.25197 -1.93467 0.38662 0.16345 0.83163 -0.35199 0.39721
1403715943084058112 -1.21700 -1.96250 0.31961 0.17799 0.82788 -0.34750 0.40270
1403715943184057856 -1.16441 -2.01964 0.27249 0.19273 0.81726 -0.33906 0.42423
1403715943284058112 -1.09417 -2.09834 0.24374 0.20807 0.78979 -0.32801 0.47472
1403715943384058112 -1.01294 -2.18170 0.22863 0.22461 0.75446 -0.30915 0.53363
1403715943484057856 -0.93161 -2.26006 0.22023 0.23610 0.72214 -0.28843 0.58274
1403715943584058112 -0.85953 -2.32872 0.20718 0.24211 0.70357 -0.27599 0.60844
1403715943684057856 -0.80316 -2.38164 0.19326 0.24606 0.68831 -0.27040 0.62655
1403715943784058112 -0.76666 -2.41665 0.18439 0.25018 0.67095 -0.26885 0.64417
1403715943884058112 -0.75568 -2.42784 0.18594 0.25689 0.65584 -0.26836 0.65716
1403715943984057856 -0.77516 -2.40990 0.20308 0.26029 0.65150 -0.27110 0.65901
1403715944084058112 -0.82336 -2.36324 0.22790 0.24138 0.68064 -0.28808 0.62887
1403715944184057856 -0.89127 -2.29756 0.25680 0.21173 0.72469 -0.30417 0.58092
1403715944284058112 -0.96828 -2.22609 0.28123 0.17702 0.77107 -0.31377 0.52503
1403715944384058112 -1.04487 -2.15740 0.30026 0.15192 0.80553 -0.30775 0.48304
1403715944484057856 -1.11005 -2.10088 0.31101 0.12946 0.83272 -0.29304 0.45159
1403715944584058112 -1.15820 -2.05871 0.32140 0.10810 0.85199 -0.27405 0.43281
1403715944684057856 -1.17990 -2.03880 0.33663 0.08800 0.86480 -0.25284 0.42480
1403715944784058112 -1.17001 -2.04977 0.35896 0.07252 0.87471 -0.22576 0.42267
1403715944884058112 -1.11952 -2.08625 0.38758 0.07261 0.87331 -0.19040 0.44250
1403715944984057856 -1.04725 -2.13081 0.42187 0.08669 0.85245 -0.14927 0.49349
1403715945084058112 -0.96770 -2.18061 0.45652 0.10041 0.81618 -0.10877 0.55851
1403715945184057856 -0.88873 -2.22571 0.48690 0.10966 0.78369 -0.08309 0.60572
1403715945284058112 -0.82187 -2.26087 0.51453 0.11540 0.75842 -0.06918 0.63772
1403715945384058112 -0.77146 -2.28362 0.54438 0.12068 0.73354 -0.06207 0.66596
1403715945484057856 -0.74598 -2.28901 0.57734 0.12224 0.70931 -0.06082 0.69155
1403715945584058112 -0.75424 -2.27657 0.60709 0.11545 0.70671 -0.06873 0.69462
1403715945684057856 -0.79096 -2.24992 0.62983 0.09926 0.74397 -0.08592 0.65519
1403715945784058112 -0.84715 -2.21493 0.64785 0.08806 0.78179 -0.09954 0.60921
1403715945884058112 -0.90987 -2.17624 0.67145 0.08092 0.81891 -0.10962 0.55752
1403715945984057856 -0.96774 -2.13658 0.69479 0.07229 0.84874 -0.11722 0.51056
1403715946084058112 -1.00936 -2.09858 0.72097 0.06339 0.86917 -0.11597 0.47652
1403715946184057856 -1.02359 -2.06474 0.74870 0.05195 0.88562 -0.10975 0.44825
1403715946284058112 -1.00600 -2.03815 0.77809 0.04050 0.89646 -0.09860 0.43010
1403715946384058112 -0.95677 -2.02055 0.81329 0.03601 0.89427 -0.07692 0.43940
1403715946484057856 -0.87797 -2.00561 0.85400 0.03812 0.87336 -0.05191 0.48280
1403715946584058112 -0.78131 -1.98997 0.89669 0.03438 0.84217 -0.03677 0.53686
1403715946684057856 -0.67885 -1.97210 0.93942 0.02975 0.80694 -0.02661 0.58928
1403715946784058112 -0.58159 -1.95179 0.97764 0.02555 0.78084 -0.02048 0.62387
1403715946884058112 -0.49741 -1.92997 1.00971 0.02222 0.76516 -0.01685 0.64323
1403715946984057856 -0.43197 -1.90717 1.03820 0.02315 0.75161 -0.01340 0.65907
1403715947084058112 -0.38775 -1.88273 1.06273 0.02187 0.73588 -0.01411 0.67661
1403715947184057856 -0.37187 -1.85571 1.08846 0.02222 0.70515 -0.01700 0.70850
1403715947284058112 -0.38793 -1.82778 1.10574 0.02185 0.68841 -0.02262 0.72464
1403715947384058112 -0.44097 -1.79905 1.10969 0.02114 0.70469 -0.02945 0.70859
1403715947484057856 -0.52339 -1.76877 1.09699 0.01962 0.74539 -0.03558 0.66538
1403715947584058112 -0.62942 -1.73570 1.07148 0.00986 0.78306 -0.04379 0.62033
1403715947684057856 -0.74353 -1.70318 1.03114 -0.00130 0.82045 -0.05238 0.56932
1403715947784058112 -0.85760 -1.67751 0.98155 -0.00563 0.84801 -0.05512 0.52707
1403715947884058112 -0.96150 -1.65685 0.92597 0.00007 0.86733 -0.04898 0.49532
1403715947984057856 -1.04623 -1.64150 0.86493 0.00380 0.88408 -0.04197 0.46543
1403715948084058112 -1.10326 -1.62934 0.80592 0.00422 0.89859 -0.03653 0.43724
1403715948184057856 -1.12391 -1.62885 0.75067 0.00291 0.90717 -0.02550 0.41998
1403715948284058112 -1.09398 -1.62268 0.70729 0.00256 0.90334 -0.02459 0.42822
1403715948384058112 -1.00439 -1.59052 0.67814 0.01449 0.88293 -0.04933 0.46668
1403715948484057856 -0.90428 -1.58674 0.65509 0.02423 0.85367 -0.05703 0.51712
1403715948584058112 -0.79932 -1.59746 0.63269 0.03271 0.82362 -0.05418 0.56360
1403715948684057856 -0.69599 -1.60819 0.60626 0.04082 0.79745 -0.05362 0.59960
1403715948784058112 -0.60253 -1.61684 0.57752 0.04882 0.77366 -0.05376 0.62943
1403715948884058112 -0.52391 -1.62378 0.54611 0.05190 0.75752 -0.05418 0.64848
1403715948984057856 -0.46507 -1.62626 0.51641 0.04758 0.74379 -0.05116 0.66475
1403715949084058112 -0.42782 -1.62409 0.48963 0.04009 0.73386 -0.04335 0.67673
1403715949184057856 -0.41705 -1.61808 0.46520 0.02711 0.74077 -0.03339 0.67039
1403715949284058112 -0.43216 -1.61007 0.43831 0.01332 0.77098 -0.01993 0.63640
1403715949384058112 -0.46101 -1.60040 0.41251 0.00051 0.80810 -0.00510 0.58902
1403715949484057856 -0.49573 -1.59100 0.38868 -0.00943 0.84061 0.00861 0.54149
1403715949584058112 -0.52304 -1.58211 0.36871 -0.01784 0.86092 0.02514 0.50781
1403715949684057856 -0.53444 -1.57330 0.35161 -0.02942 0.87403 0.04268 0.48309
1403715949784058112 -0.52770 -1.56197 0.33845 -0.03834 0.88324 0.06394 0.46295
1403715949884058112 -0.48311 -1.54773 0.33280 -0.04227 0.88467 0.08949 0.45559
1403715949984057856 -0.41150 -1.53042 0.34004 -0.04163 0.87791 0.12027 0.46160
1403715950084058112 -0.32076 -1.50016 0.34685 -0.04172 0.86339 0.15111 0.47957
1403715950184057856 -0.21168 -1.45729 0.35900 -0.05211 0.83399 0.17011 0.52231
1403715950284058112 -0.09667 -1.40286 0.37200 -0.07465 0.79843 0.17033 0.57265
1403715950384058112 0.01083 -1.34431 0.38218 -0.09650 0.76770 0.16332 0.61208
1403715950484057856 0.10418 -1.28819 0.39161 -0.10931 0.73999 0.15669 0.64492
1403715950584058112 0.17654 -1.23738 0.40182 -0.11436 0.71919 0.15116 0.66846
1403715950684057856 0.22004 -1.19334 0.41251 -0.11843 0.70622 0.14657 0.68246
1403715950784058112 0.23180 -1.15706 0.42648 -0.12156 0.69303 0.14304 0.69604
1403715950884058112 0.20887 -1.12989 0.44246 -0.12480 0.68462 0.14161 0.70403
1403715950984057856 0.15694 -1.11182 0.45418 -0.12944 0.70027 0.14250 0.68743
1403715951084058112 0.06133 -1.10781 0.46755 -0.12870 0.73937 0.14776 0.64415
1403715951184057856 -0.04993 -1.11056 0.47780 -0.12308 0.77807 0.15977 0.59492
1403715951284058112 -0.16999 -1.11654 0.48671 -0.11740 0.81345 0.17566 0.54190
1403715951384058112 -0.28726 -1.11956 0.49624 -0.11694 0.83748 0.19054 0.49864
1403715951484057856 -0.38920 -1.11792 0.50796 -0.11817 0.85382 0.20729 0.46266
1403715951584058112 -0.46795 -1.10663 0.52281 -0.12193 0.86423 0.22406 0.43364
1403715951684057856 -0.51748 -1.08153 0.54279 -0.12708 0.86863 0.24210 0.41318
1403715951784058112 -0.52895 -1.04852 0.56670 -0.13732 0.86686 0.26506 0.39930
1403715951884058112 -0.49605 -0.99513 0.59479 -0.15336 0.85580 0.28330 0.40475
1403715951984057856 -0.42925 -0.94084 0.62689 -0.18955 0.82046 0.30571 0.44436
1403715952084058112 -0.36418 -0.84966 0.66436 -0.22406 0.77973 0.30896 0.49634
1403715952184057856 -0.29520 -0.75725 0.69995 -0.25587 0.73834 0.31252 0.54011
1403715952284058112 -0.23274 -0.67643 0.72943 -0.28099 0.70793 0.31537 0.56606
1403715952384058112 -0.17609 -0.60964 0.75678 -0.29846 0.68541 0.31875 0.58270
1403715952484057856 -0.12577 -0.56215 0.78113 -0.31262 0.66736 0.32163 0.59452
1403715952584058112 -0.09325 -0.53751 0.80784 -0.32389 0.65130 0.32831 0.60259
1403715952684057856 -0.07788 -0.54396 0.83918 -0.33905 0.63231 0.32913 0.61392
1403715952784058112 -0.08508 -0.57225 0.87284 -0.35218 0.60956 0.32580 0.63107
1403715952884058112 -0.10760 -0.63461 0.90133 -0.35571 0.60454 0.32832 0.63262
1403715952984057856 -0.14563 -0.73135 0.91754 -0.33836 0.63954 0.35167 0.59399
1403715953084058112 -0.20030 -0.85362 0.91768 -0.31467 0.68181 0.38073 0.53960
1403715953184057856 -0.25262 -0.98328 0.90876 -0.28740 0.72029 0.40655 0.48301
1403715953284058112 -0.30810 -1.11320 0.88871 -0.26547 0.74562 0.42345 0.44075
1403715953384058112 -0.35837 -1.23145 0.86362 -0.25074 0.76066 0.43707 0.40927
1403715953484057856 -0.39105 -1.33449 0.83531 -0.24321 0.76928 0.45215 0.38028
1403715953584058112 -0.40350 -1.40397 0.80775 -0.23943 0.77065 0.47119 0.35603
1403715953684057856 -0.39695 -1.43937 0.78841 -0.23833 0.76683 0.49139 0.33720
1403715953784058112 -0.37796 -1.43957 0.77644 -0.23770 0.75992 0.50953 0.32620
1403715953884058112 -0.33674 -1.39639 0.77528 -0.23734 0.74274 0.52705 0.33797
1403715953984057856 -0.27938 -1.31590 0.78088 -0.23878 0.70609 0.54737 0.38053
1403715954084058112 -0.22996 -1.20626 0.77313 -0.24977 0.66351 0.55464 0.43560
1403715954184057856 -0.19169 -1.08360 0.76302 -0.27613 0.62712 0.54388 0.48442
1403715954284058112 -0.17052 -0.95444 0.75078 -0.31008 0.60179 0.52075 0.52011
1403715954384058112 -0.15585 -0.82575 0.73481 -0.35089 0.59015 0.49068 0.53650
1403715954484057856 -0.16081 -0.71109 0.71954 -0.38951 0.57869 0.46054 0.54892
1403715954584058112 -0.18032 -0.62128 0.70774 -0.41530 0.56106 0.43807 0.56643
1403715954684057856 -0.21915 -0.55836 0.70489 -0.43193 0.54716 0.42356 0.57850
1403715954784058112 -0.25644 -0.52180 0.70598 -0.43224 0.54850 0.42446 0.57633
1403715954884058112 -0.31033 -0.56407 0.65639 -0.41968 0.56484 0.43698 0.56025
1403715954984057856 -0.38031 -0.62998 0.65582 -0.39469 0.59341 0.45801 0.53132
1403715955084058112 -0.45761 -0.71079 0.64751 -0.36853 0.62234 0.47692 0.49943
1403715955184057856 -0.53930 -0.80493 0.63713 -0.34631 0.65443 0.49058 0.45948
1403715955284058112 -0.62310 -0.90162 0.62476 -0.32355 0.68322 0.50191 0.42025
1403715955384058112 -0.70270 -0.98859 0.61927 -0.30331 0.70268 0.51015 0.39243
1403715955484057856 -0.76849 -1.04920 0.61833 -0.28930 0.71830 0.51604 0.36613
1403715955584058112 -0.82492 -1.09690 0.62269 -0.28370 0.73234 0.51988 0.33604
1403715955684057856 -0.86278 -1.11734 0.64056 -0.28041 0.73640 0.52901 0.31502
1403715955784058112 -0.87091 -1.06847 0.66139 -0.29215 0.71405 0.54706 0.32481
1403715955884058112 -0.85674 -1.00532 0.69209 -0.33451 0.66965 0.55716 0.35950
1403715955984057856 -0.85340 -0.92380 0.72059 -0.37846 0.62433 0.55669 0.39634
1403715956084058112 -0.85307 -0.84187 0.75006 -0.41492 0.57265 0.56043 0.43109
1403715956184057856 -0.87022 -0.77303 0.78017 -0.44031 0.52915 0.56955 0.44916
1403715956284058112 -0.86281 -0.71022 0.79965 -0.46056 0.49517 0.58362 0.44954
1403715956384058112 -0.86367 -0.67221 0.82443 -0.48807 0.46243 0.59194 0.44446
1403715956484057856 -0.87559 -0.66276 0.85110 0.52499 -0.42552 -0.59009 -0.44171
1403715956584058112 -0.88999 -0.68606 0.87927 0.55424 -0.39550 -0.58881 -0.43554
1403715956684057856 -0.89741 -0.73996 0.90468 0.56713 -0.38245 -0.59436 -0.42288
1403715956784058112 -0.89922 -0.82802 0.93038 0.56105 -0.39035 -0.61194 -0.39797
1403715956884058112 -0.89401 -0.94719 0.95205 0.54319 -0.40774 -0.63373 -0.37024
1403715956984057856 -0.88365 -1.08171 0.96991 0.51352 -0.42910 -0.65927 -0.34284
1403715957084058112 -0.87128 -1.22649 0.97905 -0.47891 0.44985 0.68321 0.31859
1403715957184057856 -0.86028 -1.36901 0.97867 -0.44788 0.46948 0.70162 0.29448
1403715957284058112 -0.85322 -1.50459 0.96565 -0.41740 0.48904 0.71725 0.26864
1403715957384058112 -0.85139 -1.62275 0.94220 -0.38486 0.50723 0.73211 0.24210
1403715957484057856 -0.85684 -1.71644 0.91373 -0.35645 0.51966 0.74387 0.22261
1403715957584058112 -0.87233 -1.77638 0.88310 -0.33426 0.52699 0.75276 0.20953
1403715957684057856 -0.89650 -1.78987 0.84578 -0.32166 0.52769 0.75902 0.20488
1403715957784058112 -0.94216 -1.76269 0.82219 -0.33644 0.51926 0.75440 0.21921
1403715957884058112 -1.00019 -1.67642 0.79612 -0.38539 0.49827 0.73498 0.25102
1403715957984057856 -1.07092 -1.58030 0.77556 -0.44008 0.46789 0.71171 0.28439
1403715958084058112 -1.15184 -1.48099 0.76086 -0.49201 0.43248 0.68814 0.31201
1403715958184057856 -1.23288 -1.38484 0.74428 0.53748 -0.39941 -0.66671 -0.32724
1403715958284058112 -1.30770 -1.30044 0.71907 0.57065 -0.36834 -0.65257 -0.33592
1403715958384058112 -1.37183 -1.23635 0.69302 0.59706 -0.34091 -0.64253 -0.33831
1403715958484057856 -1.42299 -1.20153 0.66678 0.62645 -0.31506 -0.62891 -0.33581
1403715958584058112 -1.45412 -1.19814 0.63931 0.64340 -0.29842 -0.62703 -0.32220
1403715958684057856 -1.46211 -1.22944 0.60866 0.64753 -0.29243 -0.63859 -0.29560
1403715958784058112 -1.45112 -1.29408 0.58194 0.63758 -0.29371 -0.66351 -0.25882
1403715958884058112 -1.41598 -1.37773 0.55514 0.61774 -0.30229 -0.69521 -0.20904
1403715958984057856 -1.36022 -1.46988 0.51907 0.59355 -0.30754 -0.72559 -0.16320
1403715959084058112 -1.28855 -1.55973 0.48567 0.55974 -0.30165 -0.76040 -0.13226
1403715959184057856 -1.21224 -1.63873 0.45724 0.52913 -0.28023 -0.79136 -0.12347
1403715959284058112 -1.13787 -1.70640 0.43147 0.50009 -0.25494 -0.81877 -0.12054
1403715959384058112 -1.07138 -1.76372 0.40361 -0.46169 0.23848 0.84728 0.10991
1403715959484057856 -1.02592 -1.80619 0.37712 -0.42834 0.23032 0.86808 0.09957
1403715959584058112 -1.00768 -1.82856 0.35704 -0.40741 0.21778 0.88209 0.09228
1403715959684057856 -1.01682 -1.81858 0.35728 -0.41208 0.18725 0.88767 0.08467
1403715959784058112 -1.08961 -1.80306 0.38054 -0.45615 0.17223 0.86880 0.08634
1403715959884058112 -1.18327 -1.77598 0.41368 0.51833 -0.15322 -0.83658 -0.08939
1403715959984057856 -1.28351 -1.74678 0.44383 0.58174 -0.13509 -0.79647 -0.09463
1403715960084058112 -1.37956 -1.71973 0.46841 0.63198 -0.12106 -0.75903 -0.09911
1403715960184057856 -1.45728 -1.69938 0.48604 0.66469 -0.11060 -0.73159 -0.10357
1403715960284058112 -1.50973 -1.69073 0.50322 0.68696 -0.10272 -0.71110 -0.10896
1403715960384058112 -1.52978 -1.69062 0.52033 0.70502 -0.09738 -0.69326 -0.11336
1403715960484057856 -1.51314 -1.71050 0.53882 0.71318 -0.09553 -0.68475 -0.11559
1403715960584058112 -1.46317 -1.74258 0.55356 0.69280 -0.09927 -0.70482 -0.11574
1403715960684057856 -1.38265 -1.78726 0.56514 0.64820 -0.10838 -0.74545 -0.11130
1403715960784058112 -1.28053 -1.84011 0.57988 0.59938 -0.11610 -0.78451 -0.10864
1403715960884058112 -1.17326 -1.90150 0.59154 0.53601 -0.12578 -0.82827 -0.10415
1403715960984057856 -1.07474 -1.96435 0.60483 -0.48240 0.13470 0.85981 0.09935
1403715961084058112 -0.99593 -2.02477 0.62025 -0.44018 0.14150 0.88146 0.09612
1403715961184057856 -0.94906 -2.08038 0.63868 -0.40361 0.15154 0.89785 0.08939
1403715961284058112 -0.94419 -2.12559 0.66292 -0.39003 0.16579 0.90234 0.07853
1403715961384058112 -0.98383 -2.15395 0.69858 -0.41510 0.17277 0.89071 0.06701
1403715961484057856 -1.06009 -2.16816 0.74207 -0.45977 0.16796 0.86999 0.05937
1403715961584058112 -1.15890 -2.16778 0.79101 0.50983 -0.14794 -0.84571 -0.05439
1403715961684057856 -1.26925 -2.16002 0.84102 0.55906 -0.11964 -0.81886 -0.05102
1403715961784058112 -1.37697 -2.15090 0.88543 0.60512 -0.08648 -0.78966 -0.05273
1403715961884058112 -1.47379 -2.14474 0.91843 0.64218 -0.05845 -0.76252 -0.05248
1403715961984057856 -1.55390 -2.14137 0.93864 0.67426 -0.03695 -0.73588 -0.04989
1403715962084058112 -1.60957 -2.14094 0.94788 0.71155 -0.02026 -0.70134 -0.03766
1403715962184057856 -1.62773 -2.15261 0.95152 0.73327 -0.00528 -0.67954 -0.02263
1403715962284058112 -1.60605 -2.16475 0.93927 0.73467 0.00666 -0.67839 -0.00188
1403715962384058112 -1.54248 -2.17921 0.91820 0.72050 0.01220 -0.69290 0.02488
1403715962484057856 -1.44011 -2.19127 0.88924 0.69506 0.01299 -0.71663 0.05632
1403715962584058112 -1.31117 -2.19420 0.84943 0.65317 0.01215 -0.75165 0.09074
1403715962684057856 -1.16477 -2.18462 0.80142 0.61081 0.01384 -0.78260 0.11942
1403715962784058112 -1.00950 -2.15801 0.74369 0.57266 0.02104 -0.80767 0.13891
1403715962884058112 -0.85519 -2.11200 0.67770 0.53923 0.04034 -0.82922 0.14143
1403715962984057856 -0.71054 -2.05332 0.59946 0.50510 0.07734 -0.85088 0.12209
1403715963084058112 -0.57924 -1.99289 0.50657 -0.46652 -0.11440 0.87126 -0.10083
1403715963184057856 -0.47084 -1.93253 0.40090 -0.42760 -0.14504 0.88752 -0.09183
1403715963284058112 -0.39045 -1.88043 0.28415 -0.39519 -0.17090 0.89790 -0.09164
1403715963384058112 -0.34972 -1.84548 0.16571 -0.39239 -0.19266 0.89369 -0.10113
1403715963484057856 -0.35139 -1.82408 0.06073 -0.44531 -0.21398 0.86068 -0.12310
1403715963584058112 -0.37627 -1.81388 -0.03605 0.50885 0.23039 -0.81554 0.15127
1403715963684057856 -0.40864 -1.81510 -0.12394 0.55267 0.24528 -0.77746 0.17304
1403715963784058112 -0.43773 -1.81885 -0.19971 0.57278 0.25671 -0.75495 0.18992
1403715963884058112 -0.45754 -1.81958 -0.26102 0.57726 0.26486 -0.74544 0.20235
1403715963984057856 -0.46575 -1.81470 -0.31039 0.56628 0.27116 -0.74955 0.20970
1403715964084058112 -0.46681 -1.80707 -0.34717 0.54402 0.28538 -0.76297 0.20118
1403715964184057856 -0.46375 -1.80150 -0.36267 0.51670 0.30659 -0.77902 0.17932
1403715964284058112 -0.46074 -1.80769 -0.34253 0.51031 0.30719 -0.78233 0.18214
1403715964384058112 -0.46273 -1.82498 -0.30050 0.51791 0.29989 -0.77711 0.19475
1403715964484057856 -0.46801 -1.84902 -0.26315 0.52185 0.29634 -0.77426 0.20094
1403715964584058112 -0.47131 -1.87488 -0.22953 0.52423 0.29738 -0.77245 0.20017
1403715964684057856 -0.47699 -1.90482 -0.19599 0.52573 0.29009 -0.77143 0.21060
1403715964784058112 -0.48456 -1.93484 -0.15243 0.52861 0.27864 -0.76894 0.22730
1403715964884058112 -0.49476 -1.96237 -0.09799 0.53566 0.26805 -0.76207 0.24588
1403715964984057856 -0.50746 -1.98348 -0.04921 0.54805 0.26579 -0.75094 0.25513
1403715965084058112 -0.51946 -1.99643 -0.01263 0.56639 0.26740 -0.73476 0.26045
1403715965184057856 -0.52623 -2.00028 0.00746 0.57324 0.27351 -0.72812 0.25773
1403715965284058112 -0.52733 -1.99336 0.01570 0.54410 0.29451 -0.75026 0.23308
1403715965384058112 -0.52518 -1.98142 0.02195 -0.49459 -0.31262 0.78462 -0.20498
1403715965484057856 -0.52945 -1.97569 0.03417 -0.45181 -0.32215 0.81176 -0.18201
1403715965584058112 -0.54904 -1.98691 0.05401 -0.42917 -0.32637 0.82550 -0.16689
1403715965684057856 -0.58824 -2.01930 0.08578 -0.44758 -0.32322 0.81634 -0.16967
1403715965784058112 -0.64283 -2.06770 0.12610 0.50036 0.31236 -0.78489 0.18980
1403715965884058112 -0.69908 -2.12211 0.16711 0.55507 0.29682 -0.74670 0.21503
1403715965984057856 -0.74882 -2.17237 0.20283 0.59562 0.28577 -0.71396 0.23204
1403715966084058112 -0.78580 -2.21322 0.23410 0.62332 0.27869 -0.68836 0.24488
1403715966184057856 -0.80081 -2.23762 0.26799 0.64694 0.27109 -0.66420 0.25849
1403715966284058112 -0.78827 -2.23897 0.30048 0.63829 0.27587 -0.67228 0.25401
1403715966384058112 -0.75448 -2.22282 0.32896 0.59821 0.28807 -0.70943 0.23635
1403715966484057856 -0.70596 -2.19617 0.35580 0.54854 0.30013 -0.75121 0.21145
1403715966584058112 -0.65327 -2.16788 0.38029 -0.49212 -0.30891 0.79255 -0.18507
1403715966684057856 -0.60649 -2.14796 0.40720 -0.45216 -0.31090 0.81941 -0.16572
1403715966784058112 -0.57349 -2.14373 0.43438 -0.42738 -0.30988 0.83532 -0.15351
1403715966884058112 -0.56242 -2.16029 0.46491 -0.42530 -0.30909 0.83777 -0.14739
1403715966984057856 -0.57405 -2.20169 0.50270 -0.46465 -0.30075 0.81752 -0.15908
1403715967084058112 -0.59932 -2.25603 0.54585 0.51995 0.29026 -0.78366 0.17684
1403715967184057856 -0.62751 -2.31610 0.58643 0.57295 0.27761 -0.74602 0.19520
1403715967284058112 -0.64718 -2.37390 0.62530 0.62195 0.26316 -0.70607 0.21307
1403715967384058112 -0.64693 -2.41892 0.66310 0.65562 0.25021 -0.67468 0.22884
1403715967484057856 -0.62030 -2.44594 0.69452 0.65928 0.24545 -0.67119 0.23368
1403715967584058112 -0.56518 -2.45308 0.72420 0.63769 0.24775 -0.68764 0.24316
1403715967684057856 -0.48772 -2.44087 0.75007 0.59594 0.25986 -0.71669 0.25236
1403715967784058112 -0.39860 -2.41320 0.77417 0.54499 0.27439 -0.74660 0.26511
1403715967884058112 -0.30881 -2.37187 0.79381 -0.49286 -0.29163 0.77231 -0.27493
1403715967984057856 -0.23112 -2.32568 0.80515 -0.45434 -0.31419 0.78796 -0.27198
1403715968084058112 -0.17172 -2.27778 0.80580 -0.42539 -0.34607 0.79828 -0.24905
1403715968184057856 -0.13293 -2.23887 0.80092 -0.40934 -0.37090 0.80149 -0.22911
1403715968284058112 -0.11301 -2.21396 0.79552 -0.42782 -0.37783 0.78790 -0.23118
1403715968384058112 -0.10618 -2.20017 0.78124 -0.46484 -0.37301 0.76433 -0.24615
1403715968484057856 -0.10541 -2.19168 0.75340 0.50287 0.36223 -0.73871 0.26499
1403715968584058112 -0.11136 -2.18803 0.71442 0.53754 0.35021 -0.71366 0.28123
1403715968684057856 -0.11376 -2.17803 0.66749 0.56823 0.34018 -0.68931 0.29367
1403715968784058112 -0.10655 -2.15347 0.61915 0.59196 0.33242 -0.66892 0.30268
1403715968884058112 -0.08441 -2.11083 0.57176 0.60710 0.32721 -0.65504 0.30867
1403715968984057856 -0.04602 -2.04589 0.52275 0.60384 0.32864 -0.65742 0.30850
1403715969084058112 0.00773 -1.95999 0.46842 0.56873 0.34375 -0.68762 0.29252
1403715969184057856 0.06971 -1.86036 0.41075 0.50618 0.36747 -0.73577 0.25959
1403715969284058112 0.12976 -1.76201 0.35823 -0.44631 -0.38516 0.77523 -0.22688
1403715969384058112 0.17797 -1.67739 0.31378 -0.40472 -0.39578 0.79929 -0.20172
1403715969484057856 0.20831 -1.61683 0.27586 -0.37749 -0.40486 0.81322 -0.17964
1403715969584058112 0.21681 -1.59132 0.24645 -0.37920 -0.42131 0.80894 -0.15597
1403715969684057856 0.20581 -1.60091 0.22746 -0.40636 -0.43794 0.78936 -0.14136
1403715969784058112 0.18507 -1.64812 0.21498 -0.44562 -0.44619 0.76322 -0.14084
1403715969884058112 0.16300 -1.73166 0.20962 -0.48739 -0.43478 0.73842 -0.16778
1403715969984057856 0.14849 -1.83555 0.20755 0.52316 0.40483 -0.71751 0.21815
1403715970084058112 0.14289 -1.94564 0.20691 0.55213 0.38028 -0.69559 0.25826
1403715970184057856 0.14997 -2.04911 0.20558 0.57799 0.36242 -0.67266 0.28656
1403715970284058112 0.16973 -2.13538 0.20671 0.60329 0.34355 -0.64726 0.31476
1403715970384058112 0.20581 -2.19810 0.20882 0.61940 0.33019 -0.62942 0.33338
1403715970484057856 0.25938 -2.23116 0.21284 0.61635 0.32369 -0.62867 0.34656
1403715970584058112 0.32986 -2.23298 0.21263 0.58319 0.32645 -0.65491 0.35272
1403715970684057856 0.40947 -2.20656 0.21138 0.53478 0.33885 -0.69503 0.34076
1403715970784058112 0.48904 -2.15838 0.20998 -0.47390 -0.35205 0.74140 -0.31908
1403715970884058112 0.55641 -2.10304 0.21385 -0.41138 -0.36119 0.78375 -0.29332
1403715970984057856 0.60065 -2.05323 0.22574 -0.36297 -0.36967 0.81178 -0.26949
1403715971084058112 0.61243 -2.02226 0.24439 -0.33696 -0.38894 0.82272 -0.24147
1403715971184057856 0.57604 -2.01417 0.27737 -0.34059 -0.41759 0.81311 -0.22016
1403715971284058112 0.51070 -2.05439 0.32066 -0.37657 -0.44831 0.78200 -0.21377
1403715971384058112 0.43541 -2.12513 0.37112 -0.42803 -0.47101 0.73878 -0.22169
1403715971484057856 0.35949 -2.21406 0.42306 -0.47518 -0.48904 0.68983 -0.24329
1403715971584058112 0.29565 -2.31382 0.47114 0.50933 0.50324 -0.64307 0.27165
1403715971684057856 0.24893 -2.41536 0.51683 0.52604 0.51298 -0.60649 0.30382
1403715971784058112 0.22399 -2.51134 0.55889 0.52699 0.51599 -0.58125 0.34378
1403715971884058112 0.21542 -2.59633 0.59515 0.51167 0.51739 -0.56833 0.38407
1403715971984057856 0.21864 -2.66728 0.62706 -0.49219 -0.52436 0.55980 -0.41161
1403715972084058112 0.22917 -2.72024 0.65777 -0.47811 -0.53265 0.54947 -0.43101
1403715972184057856 0.24359 -2.75329 0.69125 0.47949 0.53196 -0.53162 0.45221
1403715972284058112 0.26109 -2.76218 0.72749 0.48842 0.52453 -0.51222 0.47322
1403715972384058112 0.28101 -2.74209 0.76170 0.49354 0.51895 -0.50056 0.48637
1403715972484057856 0.30199 -2.69086 0.79121 0.48979 0.52187 -0.50138 0.48619
1403715972584058112 0.32467 -2.61257 0.81453 0.46880 0.53713 -0.52061 0.46976
1403715972684057856 0.34818 -2.51366 0.82988 0.43646 0.55575 -0.54932 0.44598
1403715972784058112 0.37180 -2.40255 0.83558 -0.40117 -0.57226 0.57908 -0.41983
1403715972884058112 0.39307 -2.28999 0.83443 -0.38069 -0.57914 0.59726 -0.40368
1403715972984057856 0.41110 -2.18358 0.82937 -0.38350 -0.57081 0.60004 -0.40873
1403715973084058112 0.42458 -2.08245 0.82046 -0.38739 -0.55534 0.60198 -0.42326
1403715973184057856 0.42983 -1.98127 0.81269 -0.39486 -0.54984 0.60073 -0.42531
1403715973284058112 0.42766 -1.88048 0.80484 -0.39655 -0.54737 0.60250 -0.42441
1403715973384058112 0.41857 -1.77772 0.79723 -0.39001 -0.55003 0.60921 -0.41740
1403715973484057856 0.40192 -1.67861 0.79095 -0.38134 -0.55804 0.61682 -0.40335
1403715973584058112 0.37877 -1.58479 0.78608 -0.36890 -0.56389 0.62573 -0.39294
1403715973684057856 0.34865 -1.50053 0.78283 -0.35336 -0.56648 0.63517 -0.38832
1403715973784058112 0.31064 -1.43007 0.77964 -0.33985 -0.56772 0.64268 -0.38622
1403715973884058112 0.26244 -1.37605 0.77907 -0.33356 -0.57026 0.64538 -0.38345
1403715973984057856 0.20422 -1.33868 0.78030 -0.33567 -0.57431 0.64238 -0.38058
1403715974084058112 0.13809 -1.31918 0.78506 -0.35172 -0.57758 0.63048 -0.38103
1403715974184057856 0.06695 -1.31107 0.79143 -0.36806 -0.57683 0.61819 -0.38685
1403715974284058112 -0.00683 -1.31120 0.79426 -0.37792 -0.57677 0.60997 -0.39045
1403715974384058112 -0.08233 -1.31693 0.78921 -0.37955 -0.57977 0.60692 -0.38917
1403715974484057856 -0.15892 -1.32799 0.77833 -0.37949 -0.58197 0.60553 -0.38812
1403715974584058112 -0.23670 -1.34480 0.76614 -0.38419 -0.58050 0.60137 -0.39213
1403715974684057856 -0.31491 -1.36716 0.75202 -0.38922 -0.57811 0.59706 -0.39727
1403715974784058112 -0.39230 -1.39191 0.73545 -0.39304 -0.57702 0.59375 -0.40003
1403715974884058112 -0.46911 -1.41904 0.71779 -0.39331 -0.57722 0.59236 -0.40153
1403715974984057856 -0.54480 -1.44851 0.69959 -0.39395 -0.57782 0.59003 -0.40347
1403715975084058112 -0.61920 -1.47947 0.68253 -0.39600 -0.58031 0.58592 -0.40389
1403715975184057856 -0.69197 -1.51265 0.66609 0.39826 0.58380 -0.58175 0.40266
1403715975284058112 -0.76151 -1.54663 0.65298 0.40003 0.58758 -0.57768 0.40126
1403715975384058112 -0.82753 -1.58346 0.64382 0.40455 0.58844 -0.57149 0.40432
1403715975484057856 -0.88914 -1.61772 0.64123 0.41213 0.58906 -0.56352 0.40693
1403715975584058112 -0.94609 -1.65108 0.64130 0.41136 0.59067 -0.56200 0.40749
1403715975684057856 -0.99947 -1.68197 0.64627 0.40594 0.59207 -0.56442 0.40756
1403715975784058112 -1.04671 -1.71183 0.65529 0.40293 0.59309 -0.56609 0.40673
1403715975884058112 -1.09034 -1.74334 0.66521 0.40131 0.59421 -0.56723 0.40511
1403715975984057856 -1.12777 -1.77435 0.67627 0.39972 0.59515 -0.56869 0.40326
1403715976084058112 -1.16221 -1.80663 0.68726 0.39897 0.59612 -0.56998 0.40073
1403715976184057856 -1.18994 -1.83953 0.69849 0.40184 0.59475 -0.56984 0.40010
1403715976284058112 -1.21492 -1.87347 0.71037 0.40512 0.59294 -0.56952 0.39994
1403715976384058112 -1.23216 -1.90886 0.72074 0.41111 0.59287 -0.56703 0.39745
1403715976484057856 -1.24429 -1.94435 0.73028 0.41375 0.59789 -0.56154 0.39497
1403715976584058112 -1.24797 -1.98009 0.73721 0.41319 0.60525 -0.55289 0.39655
1403715976684057856 -1.24303 -2.01717 0.74123 0.40480 0.61299 -0.54478 0.40446
1403715976784058112 -1.23193 -2.05301 0.74431 0.39414 0.61919 -0.53907 0.41310
1403715976884058112 -1.21492 -2.09022 0.74644 0.38768 0.62418 -0.53319 0.41930
1403715976984057856 -1.19312 -2.12707 0.74717 0.38254 0.62899 -0.52795 0.42345
1403715977084058112 -1.16565 -2.16324 0.74728 0.37730 0.63553 -0.51972 0.42853
1403715977184057856 -1.13228 -2.19882 0.74532 0.37015 0.64540 -0.50747 0.43464
1403715977284058112 -1.09287 -2.23359 0.74130 0.35894 0.65815 -0.49163 0.44306
1403715977384058112 -1.04711 -2.26652 0.73815 0.34621 0.67314 -0.47003 0.45398
1403715977484057856 -0.99599 -2.29671 0.73352 0.32992 0.68935 -0.44586 0.46600
1403715977584058112 -0.93890 -2.32496 0.72893 0.31132 0.70606 -0.41887 0.47866
1403715977684057856 -0.87676 -2.35136 0.72465 0.29008 0.72177 -0.39011 0.49267
1403715977784058112 -0.81221 -2.37365 0.71932 0.26765 0.73782 -0.35928 0.50487
1403715977884058112 -0.74500 -2.39341 0.71430 0.24860 0.75205 -0.32381 0.51746
1403715977984057856 -0.67517 -2.40759 0.70980 0.23425 0.76499 -0.28254 0.52923
1403715978084058112 -0.60297 -2.41206 0.70581 0.21891 0.77620 -0.23815 0.54117
1403715978184057856 -0.52787 -2.40887 0.70142 0.20496 0.78651 -0.19197 0.55004
1403715978284058112 -0.44950 -2.39352 0.69549 0.18875 0.79453 -0.14901 0.55758
1403715978384058112 -0.37049 -2.36371 0.69081 0.16224 0.79823 -0.11535 0.56850
1403715978484057856 -0.29081 -2.32017 0.68355 0.12720 0.80221 -0.08966 0.57641
1403715978584058112 -0.21207 -2.26576 0.67369 0.08540 0.80299 -0.06629 0.58610
1403715978684057856 -0.13763 -2.20363 0.66229 0.04749 0.80352 -0.03814 0.59216
1403715978784058112 -0.07216 -2.13542 0.65061 0.01822 0.80514 -0.00330 0.59280
1403715978884058112 -0.01282 -2.06472 0.63927 -0.00694 0.80838 0.03567 0.58754
1403715978984057856 0.04213 -1.99141 0.63160 -0.03121 0.80953 0.07742 0.58112
1403715979084058112 0.09266 -1.91395 0.62766 -0.05770 0.80388 0.11930 0.57984
1403715979184057856 0.13846 -1.83221 0.63022 -0.09180 0.79107 0.15728 0.58399
1403715979284058112 0.17687 -1.74954 0.63929 -0.12871 0.76909 0.19455 0.59505
1403715979384058112 0.20282 -1.66813 0.65144 -0.15187 0.74830 0.23980 0.59957
1403715979484057856 0.21565 -1.58809 0.66089 -0.16836 0.73385 0.28412 0.59363
1403715979584058112 0.21339 -1.50950 0.67183 -0.18818 0.72154 0.32147 0.58363
1403715979684057856 0.19587 -1.43052 0.68499 -0.21079 0.70922 0.35544 0.57117
1403715979784058112 0.16708 -1.34982 0.69696 -0.23648 0.69116 0.38836 0.56174
1403715979884058112 0.12216 -1.27166 0.70941 -0.26590 0.66967 0.41838 0.55298
1403715979984057856 0.06295 -1.19681 0.72174 -0.29585 0.64471 0.44773 0.54439
1403715980084058112 -0.01073 -1.12985 0.73378 -0.32552 0.61819 0.47623 0.53393
1403715980184057856 -0.10094 -1.07387 0.74408 -0.35265 0.59295 0.50489 0.51878
1403715980284058112 -0.20325 -1.02937 0.75253 -0.38087 0.57200 0.53155 0.49518
1403715980384058112 -0.31863 -0.99630 0.76124 -0.40657 0.54973 0.55834 0.46985
1403715980484057856 -0.43605 -0.96792 0.76880 -0.43596 0.52281 0.58149 0.44551
1403715980584058112 -0.55722 -0.94907 0.77707 -0.46770 0.49536 0.60195 0.41657
1403715980684057856 -0.68013 -0.94512 0.78177 -0.49238 0.46617 0.62512 0.38662
1403715980784058112 -0.80219 -0.95439 0.78399 0.51372 -0.43652 -0.64822 -0.35406
1403715980884058112 -0.92096 -0.97580 0.78501 0.53188 -0.40542 -0.67115 -0.31984
1403715980984057856 -1.03401 -1.00720 0.78592 0.55062 -0.36999 -0.69132 -0.28636
1403715981084058112 -1.13745 -1.05352 0.78821 0.57116 -0.33123 -0.70728 -0.25261
1403715981184057856 -1.22681 -1.10862 0.79155 0.58799 -0.28830 -0.72292 -0.22032
1403715981284058112 -1.30389 -1.17009 0.79414 0.60259 -0.24408 -0.73728 -0.18368
1403715981384058112 -1.36749 -1.23499 0.79690 0.61526 -0.19823 -0.74913 -0.14483
1403715981484057856 -1.41867 -1.30610 0.80262 0.62796 -0.15127 -0.75634 -0.10360
1403715981584058112 -1.44818 -1.38241 0.81113 0.64257 -0.10177 -0.75669 -0.06457
1403715981684057856 -1.45677 -1.46013 0.82029 0.65083 -0.05035 -0.75701 -0.02864
1403715981784058112 -1.45104 -1.53734 0.82458 0.64475 0.00054 -0.76439 0.00394
1403715981884058112 -1.42599 -1.61630 0.82601 0.62377 0.04902 -0.77926 0.03548
1403715981984057856 -1.38954 -1.69455 0.82857 0.60838 0.09459 -0.78530 0.06503
1403715982084058112 -1.34064 -1.77187 0.83287 0.59905 0.13603 -0.78355 0.09321
1403715982184057856 -1.28181 -1.84977 0.83853 0.59219 0.17516 -0.77737 0.11968
1403715982284058112 -1.21210 -1.92587 0.84514 0.58438 0.21133 -0.76955 0.14710
1403715982384058112 -1.13299 -1.99580 0.85231 0.57601 0.24635 -0.75983 0.17374
1403715982484057856 -1.04937 -2.06243 0.85763 0.56647 0.28235 -0.74797 0.19984
1403715982584058112 -0.95699 -2.12449 0.86240 0.55738 0.31936 -0.73241 0.22563
1403715982684057856 -0.85669 -2.18458 0.86645 0.54547 0.35602 -0.71496 0.25404
1403715982784058112 -0.74944 -2.24001 0.87002 0.53089 0.39330 -0.69552 0.28236
1403715982884058112 -0.63720 -2.29017 0.87284 0.51406 0.43000 -0.67447 0.30973
1403715982984057856 -0.51945 -2.33061 0.87600 -0.49699 -0.46484 0.65164 -0.33509
1403715983084058112 -0.39785 -2.36369 0.87738 -0.47863 -0.49695 0.62761 -0.36063
1403715983184057856 -0.27314 -2.38988 0.87849 -0.45839 -0.52753 0.60165 -0.38679
1403715983284058112 -0.14654 -2.40966 0.87942 -0.43582 -0.55736 0.57331 -0.41318
1403715983384058112 -0.01873 -2.42290 0.87995 0.41341 0.58819 -0.54073 0.43673
1403715983484057856 0.10844 -2.42686 0.88077 0.38901 0.61374 -0.50452 0.46631
1403715983584058112 0.23475 -2.42310 0.88354 0.36433 0.63179 -0.46578 0.50115
1403715983684057856 0.35377 -2.40613 0.88631 0.33710 0.64713 -0.42773 0.53351
1403715983784058112 0.46451 -2.37500 0.88895 0.30898 0.66136 -0.39206 0.55984
1403715983884058112 0.56385 -2.33199 0.89207 0.28040 0.67639 -0.35780 0.57953
1403715983984057856 0.65009 -2.27719 0.89615 0.25157 0.69132 -0.32565 0.59393
1403715984084058112 0.71856 -2.20945 0.90013 0.22079 0.70777 -0.29662 0.60193
1403715984184057856 0.76974 -2.13271 0.90494 0.18960 0.72452 -0.26942 0.60542
1403715984284058112 0.80238 -2.05032 0.91131 0.16093 0.73845 -0.24125 0.60875
1403715984384058112 0.82533 -1.96611 0.92086 0.13476 0.74746 -0.21206 0.61496
1403715984484057856 0.82710 -1.87936 0.93170 0.11394 0.75667 -0.17885 0.61846
1403715984584058112 0.80507 -1.79041 0.94227 0.09139 0.77198 -0.14492 0.61213
1403715984684057856 0.77390 -1.70097 0.94951 0.06913 0.78913 -0.10760 0.60076
1403715984784058112 0.73712 -1.61117 0.95468 0.03619 0.79933 -0.07193 0.59547
1403715984884058112 0.69464 -1.52132 0.96105 -0.00062 0.80167 -0.03832 0.59653
1403715984984057856 0.65019 -1.43785 0.96649 -0.02946 0.80072 -0.00295 0.59831
1403715985084058112 0.59689 -1.36580 0.96990 -0.04586 0.79825 0.03223 0.59972
1403715985184057856 0.54273 -1.29840 0.97367 -0.05440 0.79721 0.05644 0.59859
1403715985284058112 0.48339 -1.23437 0.98016 -0.04840 0.79579 0.07640 0.59878
1403715985384058112 0.41600 -1.17284 0.98541 -0.03775 0.79493 0.08763 0.59916
1403715985484057856 0.34389 -1.10805 0.99185 -0.03749 0.79838 0.07741 0.59598
1403715985584058112 0.26614 -1.04481 0.99409 -0.03509 0.81021 0.05842 0.58217
1403715985684057856 0.18568 -0.98366 0.99537 -0.02977 0.82713 0.03828 0.55991
1403715985784058112 0.10597 -0.92462 0.99154 -0.03080 0.84283 0.01705 0.53703
1403715985884058112 0.03883 -0.86023 0.97781 -0.03429 0.84935 -0.00391 0.52670
1403715985984057856 -0.01717 -0.79928 0.95555 -0.03516 0.84611 -0.01882 0.53151
1403715986084058112 -0.06664 -0.73573 0.91826 -0.03422 0.83978 -0.02871 0.54108
1403715986184057856 -0.10964 -0.68049 0.87157 -0.03593 0.83413 -0.03611 0.54922
1403715986284058112 -0.14627 -0.63034 0.82351 -0.03232 0.83060 -0.03692 0.55471
1403715986384058112 -0.18303 -0.58753 0.77742 -0.01880 0.82292 -0.02845 0.56714
1403715986484057856 -0.22576 -0.54415 0.72894 -0.00940 0.81916 -0.02156 0.57308
1403715986584058112 -0.25764 -0.51179 0.67343 -0.00452 0.82927 -0.01637 0.55859
1403715986684057856 -0.29441 -0.47397 0.61393 -0.00311 0.84405 -0.01350 0.53609
1403715986784058112 -0.32161 -0.44249 0.56098 -0.00282 0.85110 -0.01142 0.52487
1403715986884058112 -0.33699 -0.41054 0.51223 -0.00221 0.84825 -0.00983 0.52950
1403715986984057856 -0.34325 -0.38019 0.46890 -0.00184 0.83852 -0.01342 0.54470
1403715987084058112 -0.33223 -0.35816 0.42814 -0.00418 0.82366 -0.02726 0.56641
1403715987184057856 -0.33220 -0.33496 0.38887 -0.01035 0.81155 -0.04963 0.58209
1403715987284058112 -0.33016 -0.32140 0.35268 -0.00993 0.80208 -0.06880 0.59315
1403715987384058112 -0.33244 -0.31766 0.31795 0.00133 0.80008 -0.07630 0.59503
1403715987484057856 -0.33914 -0.31955 0.28428 0.01867 0.80286 -0.07341 0.59133
1403715987584058112 -0.34820 -0.32348 0.25056 0.02914 0.80893 -0.07025 0.58297
1403715987684057856 -0.35989 -0.32873 0.21901 0.03441 0.81209 -0.06731 0.57862
1403715987784058112 -0.37252 -0.33385 0.18861 0.03784 0.81642 -0.06328 0.57273
1403715987884058112 -0.38461 -0.33819 0.15752 0.03824 0.82600 -0.06013 0.55915
1403715987984057856 -0.39293 -0.34253 0.12760 0.03685 0.83365 -0.05730 0.54807
1403715988084058112 -0.39572 -0.34660 0.10194 0.03497 0.83326 -0.05442 0.54908
1403715988184057856 -0.39296 -0.35038 0.08065 0.03482 0.82631 -0.05076 0.55984
1403715988284058112 -0.38705 -0.35332 0.06068 0.03596 0.81875 -0.04716 0.57107
1403715988384058112 -0.38127 -0.35415 0.04332 0.03524 0.81233 -0.04543 0.58036
1403715988484057856 -0.37789 -0.35280 0.02826 0.02947 0.80882 -0.04869 0.58529
1403715988584058112 -0.37602 -0.35033 0.01465 0.02013 0.80784 -0.05602 0.58638
1403715988684057856 -0.37448 -0.34832 0.00338 0.00909 0.80899 -0.06499 0.58415
1403715988784058112 -0.38073 -0.35117 -0.00779 0.00475 0.81346 -0.06934 0.57746
1403715988884058112 -0.38548 -0.36165 -0.01604 0.01038 0.81963 -0.06649 0.56892
1403715988984057856 -0.39019 -0.37582 -0.02022 0.01749 0.82281 -0.06313 0.56452
1403715989084058112 -0.39542 -0.39190 -0.02179 0.02332 0.82428 -0.06075 0.56243
1403715989184057856 -0.39895 -0.40943 -0.02253 0.02655 0.82406 -0.06006 0.56268
1403715989284058112 -0.40062 -0.42766 -0.02335 0.02833 0.82400 -0.06046 0.56264
1403715989384058112 -0.40017 -0.44665 -0.02312 0.02972 0.82300 -0.06060 0.56401
1403715989484057856 -0.39895 -0.46522 -0.02105 0.03018 0.82350 -0.06103 0.56322
1403715989584058112 -0.39536 -0.48481 -0.02066 0.03112 0.82285 -0.06092 0.56412
1403715989684057856 -0.38861 -0.50497 -0.02031 0.03383 0.81755 -0.05913 0.57181
1403715989784058112 -0.38089 -0.52560 -0.02318 0.03588 0.81295 -0.05705 0.57842
1403715989884058112 -0.37534 -0.54467 -0.02950 0.03810 0.81094 -0.05418 0.58137
1403715989984057856 -0.37052 -0.56342 -0.03847 0.04105 0.81089 -0.05051 0.58157
1403715990084058112 -0.36965 -0.57694 -0.04594 0.04153 0.81164 -0.04835 0.58067
1403715990184057856 -0.37095 -0.58692 -0.05603 0.04112 0.81313 -0.04708 0.57871
1403715990284058112 -0.37125 -0.59274 -0.07011 0.04197 0.81444 -0.04531 0.57695
1403715990384058112 -0.37548 -0.58976 -0.08327 0.04345 0.81511 -0.04354 0.57603
1403715990484057856 -0.37666 -0.58939 -0.10489 0.04478 0.81675 -0.04165 0.57374
1403715990584058112 -0.37763 -0.58672 -0.13357 0.04459 0.81833 -0.04104 0.57155
1403715990684057856 -0.37823 -0.58006 -0.16638 0.04499 0.82159 -0.04016 0.56688
1403715990784058112 -0.37669 -0.57026 -0.20064 0.04456 0.82403 -0.03984 0.56338
1403715990884058112 -0.37249 -0.55616 -0.23275 0.04468 0.82694 -0.03916 0.55914
1403715990984057856 -0.36341 -0.53742 -0.26100 0.04547 0.82772 -0.03798 0.55801
1403715991084058112 -0.35031 -0.51341 -0.28205 0.04579 0.82400 -0.03696 0.56353
1403715991184057856 -0.34177 -0.49667 -0.28386 0.04331 0.81906 -0.03838 0.57079
1403715991284058112 -0.34088 -0.49235 -0.28164 0.05190 0.81872 -0.03184 0.57096
1403715991384058112 -0.34129 -0.49614 -0.28948 0.03750 0.81736 -0.04316 0.57329
1403715991484057856 -0.34054 -0.49342 -0.28978 0.03958 0.81727 -0.04158 0.57339
1403715991584058112 -0.34089 -0.49398 -0.29076 0.03930 0.81682 -0.04184 0.57403
1403715991684057856 -0.34058 -0.49428 -0.29088 0.03927 0.81761 -0.04167 0.57291
1403715991784058112 -0.34070 -0.49432 -0.29067 0.03926 0.81742 -0.04171 0.57319
1403715991884058112 -0.34080 -0.49422 -0.29085 0.03905 0.81717 -0.04188 0.57354
1403715991984057856 -0.34084 -0.49423 -0.29091 0.03883 0.81730 -0.04204 0.57337
1403715992084058112 -0.34080 -0.49422 -0.29092 0.03861 0.81750 -0.04221 0.57308
1403715992184057856 -0.34082 -0.49417 -0.29092 0.03841 0.81751 -0.04226 0.57307
1403715992284058112 -0.34089 -0.49420 -0.29092 0.03850 0.81735 -0.04229 0.57330
1403715992384058112 -0.34086 -0.49418 -0.29096 0.03850 0.81742 -0.04233 0.57320
1403715992484057856 -0.34087 -0.49417 -0.29097 0.03852 0.81747 -0.04238 0.57311
1403715992584058112 -0.34087 -0.49419 -0.29099 0.03847 0.81750 -0.04247 0.57307
1403715992684057856 -0.34086 -0.49419 -0.29101 0.03848 0.81749 -0.04245 0.57309
1403715992784058112 -0.34087 -0.49418 -0.29102 0.03842 0.81749 -0.04259 0.57308
1403715992884058112 -0.34087 -0.49420 -0.29104 0.03845 0.81752 -0.04265 0.57303
1403715992984057856 -0.34086 -0.49421 -0.29103 0.03843 0.81756 -0.04264 0.57298
1403715993084058112 -0.34085 -0.49420 -0.29103 0.03846 0.81757 -0.04266 0.57296
1403715993184057856 -0.34082 -0.49422 -0.29106 0.03847 0.81757 -0.04267 0.57295
1403715993284058112 -0.34083 -0.49422 -0.29106 0.03843 0.81754 -0.04268 0.57299
1403715993384058112 -0.34080 -0.49423 -0.29110 0.03839 0.81757 -0.04268 0.57295
1403715993484057856 -0.34080 -0.49422 -0.29110 0.03840 0.81755 -0.04276 0.57299
1403715993584058112 -0.34081 -0.49423 -0.29112 0.03827 0.81750 -0.04283 0.57306
1403715993684057856 -0.34077 -0.49427 -0.29120 0.03824 0.81764 -0.04290 0.57286
1403715993784058112 -0.34070 -0.49403 -0.29124 0.03820 0.81761 -0.04289 0.57290
1403715993884058112 -0.34080 -0.49418 -0.29115 0.03855 0.81746 -0.04287 0.57309
