1403715894234057984 -0.02902 0.05454 0.08938 0.04661 0.82113 -0.02932 0.56808
1403715894334057984 -0.02820 0.08052 0.12531 0.05885 0.81648 -0.02166 0.57395
1403715894434057984 -0.02829 0.10693 0.16141 0.06543 0.81466 -0.01883 0.57592
1403715894534057984 -0.02924 0.13830 0.18747 0.06324 0.81857 -0.02205 0.57048
1403715894634057984 -0.02846 0.17672 0.20934 0.06047 0.82194 -0.02553 0.56579
1403715894734057984 -0.02634 0.22261 0.23155 0.05401 0.82354 -0.03065 0.56385
1403715894834057984 -0.01893 0.27018 0.25565 0.04764 0.82059 -0.03513 0.56844
1403715894934057984 -0.01059 0.31887 0.27913 0.04511 0.81645 -0.03645 0.57450
1403715895034057984 -0.00162 0.36740 0.30824 0.04308 0.81409 -0.03750 0.57792
1403715895134057984 0.00814 0.41550 0.33266 0.04227 0.81361 -0.03857 0.57858
1403715895234057984 0.01742 0.46516 0.35613 0.03981 0.81381 -0.04058 0.57834
1403715895334057984 0.02540 0.51497 0.38025 0.03927 0.81367 -0.04110 0.57854
1403715895434057984 0.03390 0.56562 0.40267 0.03959 0.81337 -0.04122 0.57893
1403715895534057984 0.04100 0.61904 0.42616 0.03922 0.81382 -0.04176 0.57829
1403715895634057984 0.04936 0.67086 0.44964 0.03929 0.81404 -0.04221 0.57794
1403715895734057984 0.05737 0.72283 0.47331 0.03895 0.81450 -0.04289 0.57727
1403715895834057984 0.06335 0.77440 0.49451 0.03895 0.81461 -0.04340 0.57707
1403715895934057984 0.07391 0.82502 0.51604 0.03837 0.81451 -0.04339 0.57725
1403715896034057984 0.08281 0.87503 0.53536 0.03522 0.81489 -0.04532 0.57677
1403715896134057984 0.09183 0.92325 0.55308 0.02817 0.81542 -0.04906 0.57610
1403715896234057984 0.09865 0.96754 0.56961 0.01688 0.81406 -0.05644 0.57779
1403715896334057984 0.10492 1.00803 0.58697 0.00024 0.81012 -0.06712 0.58240
1403715896434057984 0.10814 1.03587 0.60438 -0.01332 0.80728 -0.07563 0.58516
1403715896534057984 0.10960 1.05383 0.62202 -0.02338 0.80414 -0.08137 0.58838
1403715896634057984 0.10710 1.05794 0.64179 -0.03019 0.79990 -0.08490 0.59333
1403715896734057984 0.10001 1.05172 0.66286 -0.03450 0.79753 -0.08649 0.59606
1403715896834057984 0.08782 1.03182 0.68284 -0.04030 0.80049 -0.08846 0.59141
1403715896934057984 0.07120 0.99606 0.70337 -0.04958 0.80320 -0.09316 0.58629
1403715897034057984 0.05158 0.94019 0.72235 -0.06370 0.80468 -0.10119 0.58154
1403715897134057984 0.02853 0.86392 0.74465 -0.07107 0.80517 -0.10517 0.57930
1403715897234057984 0.00711 0.76375 0.76735 -0.06557 0.80696 -0.10041 0.57830
1403715897334057984 -0.01701 0.64243 0.79074 -0.04159 0.81155 -0.08265 0.57691
1403715897434057984 -0.04000 0.50854 0.81463 -0.01356 0.81653 -0.06273 0.57372
1403715897534057984 -0.06042 0.36851 0.83841 0.00135 0.81816 -0.05095 0.57272
1403715897634057984 -0.07596 0.22365 0.85753 -0.00172 0.81832 -0.05122 0.57247
1403715897734057984 -0.08819 0.07568 0.87374 -0.01295 0.81716 -0.05703 0.57344
1403715897834057984 -0.09853 -0.07648 0.88996 -0.02186 0.81452 -0.06124 0.57648
1403715897934057984 -0.10703 -0.23728 0.90552 -0.02142 0.81072 -0.05908 0.58205
1403715898034057984 -0.11747 -0.40224 0.92197 -0.01520 0.80645 -0.05333 0.58869
1403715898134057984 -0.13107 -0.57581 0.93760 -0.00453 0.79844 -0.04833 0.60012
1403715898234057984 -0.14953 -0.74813 0.95128 0.00763 0.79227 -0.04964 0.60810
1403715898334057984 -0.17448 -0.92144 0.95968 0.02145 0.79216 -0.05650 0.60732
1403715898434057984 -0.20593 -1.09446 0.96145 0.03495 0.79712 -0.06892 0.59886
1403715898534057984 -0.23946 -1.26505 0.96003 0.04721 0.80362 -0.08527 0.58711
1403715898634057984 -0.27309 -1.43505 0.95579 0.06063 0.80732 -0.10248 0.57798
1403715898734057984 -0.30487 -1.60579 0.94277 0.07462 0.80341 -0.12045 0.57832
1403715898834057984 -0.33699 -1.77066 0.91714 0.08652 0.80250 -0.13550 0.57459
1403715898934057984 -0.36761 -1.93129 0.87980 0.09452 0.80234 -0.14706 0.57069
1403715899034057984 -0.39475 -2.09974 0.83216 0.10017 0.80178 -0.15411 0.56865
1403715899134057984 -0.42077 -2.25722 0.77445 0.10234 0.80504 -0.15957 0.56211
1403715899234057984 -0.44338 -2.41065 0.71959 0.10745 0.81246 -0.16006 0.55022
1403715899334057984 -0.46127 -2.55485 0.67531 0.11222 0.82102 -0.15807 0.53698
1403715899434057984 -0.46751 -2.68059 0.64675 0.11833 0.82785 -0.15281 0.52661
1403715899534057984 -0.45957 -2.80558 0.63168 0.11818 0.82888 -0.15068 0.52563
1403715899634057984 -0.43832 -2.92746 0.62038 0.11413 0.82909 -0.15036 0.52628
1403715899734057984 -0.40810 -3.04637 0.61020 0.11479 0.82855 -0.14665 0.52803
1403715899834057984 -0.36609 -3.16194 0.60272 0.12164 0.82510 -0.13838 0.53410
1403715899934057984 -0.31451 -3.26849 0.59851 0.13273 0.82075 -0.12676 0.54101
1403715900034057984 -0.25529 -3.37121 0.59307 0.14354 0.81825 -0.11644 0.54434
1403715900134057984 -0.18653 -3.46703 0.58705 0.14922 0.81730 -0.11061 0.54545
1403715900234057984 -0.11075 -3.54775 0.58096 0.15356 0.81652 -0.10589 0.54636
1403715900334057984 -0.02858 -3.61275 0.57706 0.15563 0.81677 -0.10386 0.54579
1403715900434057984 0.06101 -3.66061 0.57346 0.15449 0.81722 -0.10463 0.54529
1403715900534057984 0.15527 -3.69160 0.57196 0.13614 0.81328 -0.11835 0.55321
1403715900634057984 0.25477 -3.71362 0.57353 0.12074 0.80348 -0.12966 0.56835
1403715900734057984 0.35624 -3.73037 0.57641 0.10543 0.78944 -0.14087 0.58806
1403715900834057984 0.45247 -3.74278 0.58058 0.10644 0.77464 -0.14085 0.60726
1403715900934057984 0.54019 -3.75005 0.58632 0.11320 0.76508 -0.13739 0.61884
1403715901034057984 0.61348 -3.75062 0.59495 0.11743 0.75564 -0.13487 0.63010
1403715901134057984 0.67242 -3.74289 0.60680 0.12028 0.74682 -0.13332 0.64032
1403715901234057984 0.71597 -3.72620 0.62216 0.12144 0.73936 -0.13386 0.64860
1403715901334057984 0.74061 -3.69991 0.63845 0.11938 0.73807 -0.13752 0.64968
1403715901434057984 0.74514 -3.66577 0.65300 0.11325 0.74727 -0.14391 0.63879
1403715901534057984 0.73313 -3.62497 0.66672 0.11046 0.76021 -0.14848 0.62277
1403715901634057984 0.71482 -3.57938 0.68327 0.11366 0.76564 -0.14851 0.61548
1403715901734057984 0.68260 -3.52841 0.69890 0.11378 0.76989 -0.14961 0.60987
1403715901834057984 0.64201 -3.47402 0.71161 0.11310 0.77745 -0.15098 0.59999
1403715901934057984 0.59366 -3.41714 0.72165 0.11260 0.78277 -0.15125 0.59305
1403715902034057984 0.54113 -3.35755 0.73241 0.11132 0.78421 -0.15140 0.59135
1403715902134057984 0.48482 -3.29594 0.74204 0.11452 0.78334 -0.14822 0.59270
1403715902234057984 0.42442 -3.23130 0.74935 0.12074 0.78524 -0.14214 0.59043
1403715902334057984 0.36163 -3.16278 0.75443 0.12459 0.79101 -0.13785 0.58290
1403715902434057984 0.29774 -3.08796 0.76035 0.12539 0.79576 -0.13617 0.57662
1403715902534057984 0.23527 -3.00826 0.76576 0.11514 0.79989 -0.14258 0.57149
1403715902634057984 0.17471 -2.92512 0.77169 0.10334 0.80437 -0.14627 0.56649
1403715902734057984 0.11683 -2.84089 0.77534 0.09066 0.81089 -0.14306 0.56016
1403715902834057984 0.05657 -2.76169 0.76811 0.07771 0.81852 -0.13218 0.55364
1403715902934057984 0.00983 -2.68176 0.75144 0.06682 0.82551 -0.11618 0.54824
1403715903034057984 -0.03232 -2.60207 0.73179 0.05940 0.82859 -0.09405 0.54869
1403715903134057984 -0.06697 -2.52528 0.71416 0.05335 0.83008 -0.06818 0.55089
1403715903234057984 -0.09635 -2.44739 0.69823 0.04687 0.83124 -0.04725 0.55191
1403715903334057984 -0.11507 -2.37221 0.68355 0.03527 0.83602 -0.03668 0.54634
1403715903434057984 -0.12717 -2.29263 0.67352 0.02160 0.84132 -0.02776 0.53939
1403715903534057984 -0.12585 -2.21337 0.67754 0.00796 0.84399 -0.01433 0.53610
1403715903634057984 -0.10960 -2.13737 0.69728 -0.00627 0.84410 0.00442 0.53613
1403715903734057984 -0.07926 -2.06948 0.73428 -0.02144 0.84024 0.02751 0.54109
1403715903834057984 -0.03661 -2.00618 0.78382 -0.04590 0.83249 0.04850 0.55000
1403715903934057984 0.00919 -1.93828 0.84219 -0.07147 0.82235 0.07456 0.55953
1403715904034057984 0.06154 -1.87793 0.89975 -0.09687 0.81199 0.10527 0.56588
1403715904134057984 0.11343 -1.81839 0.95495 -0.12383 0.80308 0.13673 0.56660
1403715904234057984 0.16640 -1.76373 1.00499 -0.14390 0.79524 0.17336 0.56288
1403715904334057984 0.21778 -1.71110 1.05339 -0.15715 0.78325 0.21366 0.56229
1403715904434057984 0.26980 -1.65779 1.09354 -0.17202 0.76964 0.24857 0.56238
1403715904534057984 0.31750 -1.60477 1.12234 -0.18342 0.75613 0.28051 0.56209
1403715904634057984 0.36001 -1.55073 1.13977 -0.19355 0.74041 0.31165 0.56321
1403715904734057984 0.39548 -1.49373 1.14500 -0.21386 0.72616 0.33740 0.55957
1403715904834057984 0.42204 -1.43621 1.13782 -0.24505 0.71644 0.35954 0.54534
1403715904934057984 0.43770 -1.37833 1.12207 -0.27640 0.70083 0.38488 0.53320
1403715905034057984 0.45792 -1.32402 1.09091 -0.30622 0.67968 0.41271 0.52339
1403715905134057984 0.47071 -1.27635 1.04934 -0.33257 0.65490 0.43899 0.51748
1403715905234057984 0.47804 -1.23608 1.00272 -0.35139 0.62973 0.46480 0.51374
1403715905334057984 0.47535 -1.20875 0.95185 -0.35824 0.61533 0.49468 0.49833
1403715905434057984 0.46177 -1.19269 0.90319 -0.36424 0.60294 0.52269 0.48020
1403715905534057984 0.43902 -1.18534 0.85737 -0.37194 0.59092 0.54840 0.46014
1403715905634057984 0.40640 -1.18368 0.81472 -0.38957 0.58115 0.56760 0.43398
1403715905734057984 0.36931 -1.18362 0.77488 -0.41245 0.57080 0.58396 0.40381
1403715905834057984 0.33102 -1.19045 0.73612 -0.43328 0.55266 0.60518 0.37497
1403715905934057984 0.29310 -1.19679 0.69810 -0.44418 0.53119 0.63486 0.34279
1403715906034057984 0.25677 -1.20092 0.66210 -0.44930 0.50254 0.66841 0.31434
1403715906134057984 0.22210 -1.19643 0.63065 -0.45918 0.46324 0.69734 0.29711
1403715906234057984 0.18509 -1.18651 0.60383 -0.47412 0.41423 0.72046 0.29078
1403715906334057984 0.14338 -1.17730 0.57808 -0.48741 0.37012 0.74138 0.27532
1403715906434057984 0.09418 -1.16761 0.55253 -0.49933 0.32899 0.75957 0.25591
1403715906534057984 0.04119 -1.15770 0.52945 0.51547 -0.28945 -0.77152 -0.23512
1403715906634057984 -0.01862 -1.15028 0.51115 0.53205 -0.25670 -0.78025 -0.20552
1403715906734057984 -0.08247 -1.14290 0.50826 0.54798 -0.22730 -0.78671 -0.17068
1403715906834057984 -0.14851 -1.13660 0.51625 0.55918 -0.19491 -0.79431 -0.13564
1403715906934057984 -0.20800 -1.14188 0.51796 0.57005 -0.15679 -0.79967 -0.10484
1403715907034057984 -0.26348 -1.14800 0.50958 0.57866 -0.11487 -0.80367 -0.07798
1403715907134057984 -0.31546 -1.15575 0.49369 0.58008 -0.06534 -0.80982 -0.05854
1403715907234057984 -0.36524 -1.16789 0.48644 0.58090 -0.01471 -0.81311 -0.03439
1403715907334057984 -0.41001 -1.18634 0.49297 0.58059 0.03293 -0.81352 -0.00386
1403715907434057984 -0.45040 -1.21170 0.51187 0.58088 0.08120 -0.80959 0.02330
1403715907534057984 -0.49095 -1.24306 0.53530 0.57856 0.12526 -0.80456 0.04760
1403715907634057984 -0.52347 -1.27947 0.55941 0.57503 0.16204 -0.79854 0.07366
1403715907734057984 -0.54653 -1.31967 0.58400 0.57487 0.19191 -0.78872 0.10299
1403715907834057984 -0.56658 -1.36499 0.60586 0.57509 0.21961 -0.77690 0.13213
1403715907934057984 -0.57900 -1.41226 0.62499 0.57135 0.24440 -0.76598 0.16463
1403715908034057984 -0.58503 -1.46055 0.64115 0.56410 0.27150 -0.75449 0.19703
1403715908134057984 -0.58046 -1.50324 0.65566 0.55594 0.30242 -0.74000 0.22773
1403715908234057984 -0.57092 -1.54359 0.66622 0.54381 0.33710 -0.72462 0.25605
1403715908334057984 -0.56185 -1.58606 0.67287 0.52908 0.37261 -0.70799 0.28281
1403715908434057984 -0.53972 -1.61684 0.68476 0.51267 0.40817 -0.68924 0.30904
1403715908534057984 -0.51354 -1.63908 0.69614 -0.49618 -0.44440 0.66665 -0.33450
1403715908634057984 -0.48615 -1.65855 0.70772 -0.48005 -0.48110 0.64018 -0.35815
1403715908734057984 -0.45289 -1.66702 0.71701 -0.46562 -0.51456 0.61013 -0.38232
1403715908834057984 -0.41853 -1.67023 0.72369 -0.44787 -0.54279 0.58198 -0.40754
1403715908934057984 -0.38412 -1.66719 0.72524 0.42421 0.57227 -0.55780 0.42592
1403715909034057984 -0.34876 -1.65675 0.72518 0.40215 0.60439 -0.53164 0.43628
1403715909134057984 -0.31169 -1.64183 0.72395 0.38238 0.63361 -0.50454 0.44470
1403715909234057984 -0.27207 -1.62414 0.71993 0.36164 0.65756 -0.47938 0.45500
1403715909334057984 -0.22783 -1.60357 0.71362 0.34176 0.67673 -0.45474 0.46739
1403715909434057984 -0.18085 -1.58316 0.70497 0.32560 0.69472 -0.42851 0.47720
1403715909534057984 -0.12884 -1.55878 0.69273 0.31504 0.71248 -0.39679 0.48546
1403715909634057984 -0.07109 -1.53113 0.67687 0.29968 0.73050 -0.36366 0.49428
1403715909734057984 -0.00770 -1.49634 0.65888 0.27573 0.74542 -0.33079 0.50883
1403715909834057984 0.06102 -1.45555 0.63915 0.24578 0.75934 -0.29496 0.52535
1403715909934057984 0.13518 -1.40767 0.61831 0.20850 0.76752 -0.25610 0.54941
1403715910034057984 0.20682 -1.35177 0.59772 0.17000 0.77408 -0.21087 0.57222
1403715910134057984 0.27368 -1.29169 0.57466 0.13216 0.78388 -0.16143 0.58481
1403715910234057984 0.33444 -1.22544 0.54873 0.09654 0.79493 -0.11315 0.58819
1403715910334057984 0.38786 -1.15932 0.52481 0.06365 0.80037 -0.06916 0.59210
1403715910434057984 0.43034 -1.09159 0.50295 0.03580 0.79870 -0.02889 0.59996
1403715910534057984 0.46181 -1.02371 0.48351 0.01081 0.79316 0.00843 0.60886
1403715910634057984 0.48447 -0.95338 0.46656 -0.01404 0.78967 0.04177 0.61195
1403715910734057984 0.49742 -0.88297 0.45187 -0.03961 0.78843 0.07196 0.60961
1403715910834057984 0.50018 -0.81211 0.44093 -0.06363 0.78507 0.10149 0.60771
1403715910934057984 0.49086 -0.74352 0.43083 -0.08851 0.78128 0.13031 0.60398
1403715911034057984 0.46960 -0.67832 0.42165 -0.11468 0.77686 0.15800 0.59864
1403715911134057984 0.44243 -0.61316 0.41246 -0.14140 0.76632 0.18471 0.59887
1403715911234057984 0.40836 -0.54650 0.40156 -0.16712 0.75549 0.21248 0.59679
1403715911334057984 0.36450 -0.48742 0.39210 -0.19125 0.74768 0.24212 0.58803
1403715911434057984 0.31218 -0.43475 0.38162 -0.21466 0.74137 0.27063 0.57537
1403715911534057984 0.25079 -0.38893 0.36985 -0.23562 0.73824 0.29731 0.55776
1403715911634057984 0.18358 -0.34901 0.35712 -0.24975 0.73551 0.32658 0.53852
1403715911734057984 0.11467 -0.31385 0.34841 -0.25791 0.72755 0.35832 0.52514
1403715911834057984 0.04601 -0.27891 0.35201 -0.26723 0.71623 0.38664 0.51587
1403715911934057984 -0.02683 -0.24587 0.36887 -0.27967 0.70399 0.40967 0.50829
1403715912034057984 -0.09910 -0.21487 0.39776 -0.29407 0.69367 0.42723 0.49981
1403715912134057984 -0.17293 -0.18482 0.43145 -0.30989 0.68570 0.43972 0.49034
1403715912234057984 -0.24778 -0.15671 0.46418 -0.32413 0.67759 0.45168 0.48145
1403715912334057984 -0.32019 -0.13212 0.49500 -0.33722 0.66809 0.46399 0.47397
1403715912434057984 -0.39319 -0.11001 0.52372 -0.34807 0.65859 0.47813 0.46529
1403715912534057984 -0.46716 -0.08887 0.55040 -0.35985 0.64736 0.49350 0.45596
1403715912634057984 -0.54128 -0.06764 0.57652 -0.37292 0.63450 0.51110 0.44398
1403715912734057984 -0.61239 -0.05000 0.60206 -0.38797 0.61716 0.53138 0.43155
1403715912834057984 -0.68559 -0.03303 0.62780 -0.40496 0.59557 0.55511 0.41613
1403715912934057984 -0.76053 -0.01895 0.64478 -0.42294 0.56962 0.58155 0.39806
1403715913034057984 -0.83211 -0.00789 0.64633 -0.44139 0.54260 0.60639 0.37821
1403715913134057984 -0.90490 0.00264 0.63692 -0.45743 0.51386 0.63038 0.35962
1403715913234057984 -0.97904 0.00990 0.62304 -0.47597 0.48327 0.64950 0.34358
1403715913334057984 -1.04928 0.01404 0.61000 -0.49023 0.44908 0.66689 0.33653
1403715913434057984 -1.11467 0.01416 0.59820 -0.49788 0.41873 0.68099 0.33620
1403715913534057984 -1.17721 0.00025 0.58717 0.50382 -0.39472 -0.68832 -0.34143
1403715913634057984 -1.23867 -0.02006 0.57573 0.50179 -0.37224 -0.69502 -0.35581
1403715913734057984 -1.30724 -0.05179 0.56823 -0.49946 0.36157 0.69862 0.36296
1403715913834057984 -1.38156 -0.09397 0.55902 -0.49528 0.36661 0.70272 0.35564
1403715913934057984 -1.46572 -0.15143 0.55414 -0.48980 0.37766 0.70641 0.34418
1403715914034057984 -1.55600 -0.22156 0.55170 -0.48612 0.38608 0.70733 0.33810
1403715914134057984 -1.65090 -0.30032 0.55385 -0.48158 0.39024 0.70729 0.33989
1403715914234057984 -1.75128 -0.38538 0.55624 -0.48039 0.40539 0.70327 0.33211
1403715914334057984 -1.85458 -0.47389 0.55978 -0.47242 0.43031 0.69990 0.31906
1403715914434057984 -1.95963 -0.56222 0.56589 -0.45760 0.45553 0.69796 0.30977
1403715914534057984 -2.06652 -0.64717 0.57381 -0.44252 0.47632 0.69428 0.30864
1403715914634057984 -2.17677 -0.72430 0.58213 -0.43213 0.49902 0.68537 0.30743
1403715914734057984 -2.28864 -0.79177 0.58881 -0.42586 0.52900 0.67040 0.29894
1403715914834057984 -2.39809 -0.84539 0.59308 -0.42493 0.56296 0.65075 0.28114
1403715914934057984 -2.49745 -0.88104 0.59880 -0.42443 0.58764 0.63451 0.26823
1403715915034057984 -2.58330 -0.89285 0.60560 -0.42494 0.60162 0.62293 0.26350
1403715915134057984 -2.66116 -0.88788 0.61304 -0.42595 0.60875 0.61549 0.26300
1403715915234057984 -2.72057 -0.86067 0.62269 -0.42996 0.60441 0.61132 0.27586
1403715915334057984 -2.76484 -0.81479 0.63579 -0.43123 0.58528 0.61447 0.30646
1403715915434057984 -2.80004 -0.75574 0.63937 -0.42842 0.56476 0.62097 0.33452
1403715915534057984 -2.83202 -0.68955 0.62689 -0.42836 0.55173 0.62407 0.35019
1403715915634057984 -2.85989 -0.61966 0.60035 -0.42690 0.54055 0.62806 0.36208
1403715915734057984 -2.88607 -0.54801 0.57024 -0.42406 0.53423 0.63297 0.36622
1403715915834057984 -2.91663 -0.47389 0.53752 -0.42154 0.53735 0.63694 0.35758
1403715915934057984 -2.94488 -0.39718 0.50358 -0.41866 0.54084 0.64115 0.34805
1403715916034057984 -2.97418 -0.31342 0.47338 -0.42356 0.53902 0.64001 0.34706
1403715916134057984 -3.00517 -0.22657 0.44345 -0.42680 0.53862 0.63531 0.35230
1403715916234057984 -3.03389 -0.13844 0.41399 -0.42762 0.54398 0.62408 0.36297
1403715916334057984 -3.05881 -0.04767 0.38539 -0.42240 0.55546 0.60941 0.37637
1403715916434057984 -3.08393 0.04304 0.35757 -0.41637 0.57183 0.59035 0.38875
1403715916534057984 -3.10740 0.13443 0.32982 -0.40635 0.59365 0.56962 0.39749
1403715916634057984 -3.12650 0.22262 0.30396 -0.39454 0.61589 0.54688 0.40734
1403715916734057984 -3.14334 0.31237 0.27745 -0.38743 0.63790 0.52224 0.41261
1403715916834057984 -3.15406 0.40130 0.25436 -0.38369 0.65623 0.50017 0.41470
1403715916934057984 -3.15796 0.49056 0.23502 -0.38684 0.67038 0.47775 0.41557
1403715917034057984 -3.14709 0.57460 0.22559 -0.38946 0.67867 0.46055 0.41908
1403715917134057984 -3.12564 0.65936 0.21870 -0.38800 0.67279 0.44863 0.44220
1403715917234057984 -3.09429 0.73841 0.21708 -0.37127 0.65705 0.44427 0.48278
1403715917334057984 -3.06208 0.80636 0.21360 -0.35354 0.65117 0.43714 0.50980
1403715917434057984 -3.03354 0.86259 0.21036 -0.34266 0.65288 0.43026 0.52077
1403715917534057984 -3.01017 0.90704 0.20539 -0.33761 0.66684 0.42546 0.51022
1403715917634057984 -2.99106 0.94493 0.19606 -0.33958 0.68074 0.41971 0.49510
1403715917734057984 -2.96977 0.97408 0.18206 -0.34967 0.68263 0.41106 0.49272
1403715917834057984 -2.94884 0.99492 0.16566 -0.35750 0.67563 0.40582 0.50102
1403715917934057984 -2.92828 0.99983 0.15438 -0.36056 0.66732 0.40567 0.51001
1403715918034057984 -2.90696 0.99143 0.14639 -0.35560 0.66031 0.41118 0.51815
1403715918134057984 -2.88607 0.97523 0.13810 -0.33890 0.66016 0.41723 0.52466
1403715918234057984 -2.87030 0.94529 0.13170 -0.32728 0.66369 0.41243 0.53133
1403715918334057984 -2.85920 0.90930 0.11973 -0.32576 0.67666 0.39636 0.52812
1403715918434057984 -2.85183 0.86295 0.09505 -0.32381 0.69949 0.37853 0.51243
1403715918534057984 -2.84323 0.80991 0.05786 -0.31758 0.71992 0.36274 0.49928
1403715918634057984 -2.83066 0.74888 0.01322 -0.30938 0.73282 0.35016 0.49462
1403715918734057984 -2.81143 0.68272 -0.02553 -0.29328 0.73861 0.34870 0.49684
1403715918834057984 -2.78772 0.61338 -0.04996 -0.27048 0.74083 0.35700 0.50057
1403715918934057984 -2.76230 0.54472 -0.06278 -0.24922 0.74698 0.36841 0.49416
1403715919034057984 -2.73342 0.48102 -0.06410 -0.23596 0.75488 0.37637 0.48251
1403715919134057984 -2.70240 0.42782 -0.05192 -0.22287 0.75572 0.38628 0.47958
1403715919234057984 -2.66849 0.38672 -0.03606 -0.20949 0.74579 0.39870 0.49087
1403715919334057984 -2.63684 0.36121 -0.01883 -0.20159 0.73005 0.40859 0.50936
1403715919434057984 -2.61293 0.34956 -0.01135 -0.21195 0.72550 0.40387 0.51538
1403715919534057984 -2.59351 0.34882 -0.01867 -0.22803 0.72621 0.39359 0.51547
1403715919634057984 -2.57706 0.35525 -0.03968 -0.23884 0.72705 0.38573 0.51534
1403715919734057984 -2.56392 0.36728 -0.07135 -0.24033 0.72712 0.38360 0.51613
1403715919834057984 -2.55318 0.38446 -0.11106 -0.23633 0.72512 0.38546 0.51939
1403715919934057984 -2.54922 0.40483 -0.15346 -0.23348 0.72576 0.38754 0.51825
1403715920034057984 -2.54866 0.43197 -0.18891 -0.23234 0.73159 0.38936 0.50911
1403715920134057984 -2.55138 0.46553 -0.21065 -0.23362 0.73651 0.39007 0.50082
1403715920234057984 -2.55572 0.50618 -0.21768 -0.23837 0.73957 0.38885 0.49498
1403715920334057984 -2.55898 0.55576 -0.20875 -0.25170 0.73647 0.38578 0.49542
1403715920434057984 -2.56117 0.60966 -0.19105 -0.26517 0.73131 0.38301 0.49817
1403715920534057984 -2.56138 0.66559 -0.17114 -0.27805 0.72456 0.37964 0.50356
1403715920634057984 -2.56191 0.71984 -0.15256 -0.28937 0.71762 0.37555 0.51014
1403715920734057984 -2.56368 0.76824 -0.13084 -0.29885 0.70963 0.37408 0.51690
1403715920834057984 -2.56646 0.80959 -0.09820 -0.30698 0.70215 0.37860 0.51904
1403715920934057984 -2.57169 0.84235 -0.05610 -0.31455 0.69949 0.38797 0.51113
1403715921034057984 -2.57777 0.86531 -0.00640 -0.32046 0.70203 0.40166 0.49307
1403715921134057984 -2.58147 0.88185 0.04819 -0.32330 0.70105 0.41792 0.47890
1403715921234057984 -2.58175 0.89738 0.10398 -0.32529 0.69653 0.43047 0.47299
1403715921334057984 -2.57808 0.91223 0.15828 -0.32194 0.69165 0.44240 0.47145
1403715921434057984 -2.57206 0.92698 0.21233 -0.31538 0.68786 0.45333 0.47104
1403715921534057984 -2.56544 0.94474 0.26892 -0.31230 0.68605 0.45853 0.47069
1403715921634057984 -2.55897 0.96484 0.33435 -0.31115 0.68465 0.46020 0.47187
1403715921734057984 -2.55258 0.98858 0.40878 -0.31187 0.68623 0.45884 0.47042
1403715921834057984 -2.54852 1.01474 0.48494 -0.31821 0.68877 0.45285 0.46827
1403715921934057984 -2.54260 1.04255 0.55196 -0.32256 0.69031 0.44772 0.46796
1403715922034057984 -2.53546 1.07084 0.60946 -0.32264 0.69092 0.44508 0.46950
1403715922134057984 -2.52657 1.09904 0.66810 -0.32408 0.68883 0.44173 0.47471
1403715922234057984 -2.51604 1.12588 0.73632 -0.32832 0.68518 0.43689 0.48151
1403715922334057984 -2.50526 1.15069 0.81668 -0.33037 0.68110 0.43449 0.48803
1403715922434057984 -2.49635 1.16827 0.89881 -0.32597 0.67768 0.43775 0.49282
1403715922534057984 -2.48799 1.18267 0.97865 -0.32682 0.67726 0.43804 0.49257
1403715922634057984 -2.48194 1.19325 1.05530 -0.33253 0.67713 0.43475 0.49185
1403715922734057984 -2.47632 1.19877 1.12095 -0.33342 0.67682 0.43452 0.49187
1403715922834057984 -2.47147 1.20072 1.17321 -0.32847 0.67548 0.43873 0.49330
1403715922934057984 -2.46867 1.20094 1.21109 -0.32344 0.67465 0.44273 0.49419
1403715923034057984 -2.46932 1.20073 1.24259 -0.32030 0.67371 0.44505 0.49544
1403715923134057984 -2.47334 1.19577 1.27157 -0.31727 0.67472 0.44719 0.49408
1403715923234057984 -2.48231 1.18860 1.30858 -0.31248 0.67836 0.45052 0.48910
1403715923334057984 -2.49442 1.18137 1.35683 -0.31319 0.68386 0.45051 0.48093
1403715923434057984 -2.50825 1.17485 1.40797 -0.32176 0.68987 0.44507 0.47167
1403715923534057984 -2.51997 1.16729 1.44643 -0.33234 0.69478 0.43780 0.46386
1403715923634057984 -2.52854 1.15996 1.47011 -0.34240 0.69754 0.43074 0.45898
1403715923734057984 -2.53190 1.15028 1.46946 -0.34955 0.69796 0.42592 0.45745
1403715923834057984 -2.53145 1.13770 1.44280 -0.35404 0.69505 0.42291 0.46121
1403715923934057984 -2.52299 1.12269 1.40444 -0.35853 0.68730 0.41996 0.47192
1403715924034057984 -2.50976 1.10209 1.35553 -0.35836 0.67976 0.42054 0.48234
1403715924134057984 -2.49487 1.07370 1.29746 -0.35278 0.67410 0.42443 0.49091
1403715924234057984 -2.47974 1.03601 1.23842 -0.34549 0.67272 0.42962 0.49347
1403715924334057984 -2.46534 0.99168 1.18057 -0.33910 0.67435 0.43393 0.49190
1403715924434057984 -2.45104 0.94318 1.12424 -0.33274 0.67918 0.43777 0.48617
1403715924534057984 -2.43607 0.89224 1.06896 -0.32531 0.68663 0.44198 0.47683
1403715924634057984 -2.41975 0.84114 1.01472 -0.32393 0.69328 0.44037 0.46958
1403715924734057984 -2.40054 0.78908 0.96168 -0.32643 0.70185 0.42848 0.46610
1403715924834057984 -2.37506 0.73659 0.90926 -0.32485 0.70986 0.41180 0.47010
1403715924934057984 -2.34192 0.68302 0.85718 -0.31784 0.71824 0.39094 0.47986
1403715925034057984 -2.30206 0.62470 0.80805 -0.30516 0.72200 0.36823 0.49999
1403715925134057984 -2.25961 0.56228 0.77051 -0.28836 0.72236 0.34537 0.52513
1403715925234057984 -2.21655 0.49386 0.74618 -0.27163 0.72859 0.32144 0.54042
1403715925334057984 -2.17710 0.41855 0.73392 -0.25625 0.74218 0.29575 0.54409
1403715925434057984 -2.14037 0.33651 0.73093 -0.24114 0.75994 0.26868 0.54052
1403715925534057984 -2.10525 0.24752 0.72912 -0.22417 0.77752 0.24266 0.53509
1403715925634057984 -2.06772 0.15304 0.72805 -0.20553 0.78969 0.21706 0.53576
1403715925734057984 -2.02754 0.05243 0.72753 -0.18673 0.79688 0.19028 0.54213
1403715925834057984 -1.98469 -0.05436 0.72618 -0.16766 0.80269 0.16275 0.54872
1403715925934057984 -1.93996 -0.16464 0.72479 -0.14541 0.80583 0.13614 0.55764
1403715926034057984 -1.89392 -0.27792 0.72221 -0.12292 0.80665 0.10795 0.56793
1403715926134057984 -1.84952 -0.39476 0.71245 -0.10486 0.80338 0.07348 0.58154
1403715926234057984 -1.80990 -0.51605 0.68780 -0.08483 0.79973 0.03781 0.59313
1403715926334057984 -1.77752 -0.64309 0.65104 -0.06076 0.79590 0.00397 0.60235
1403715926434057984 -1.75081 -0.77620 0.60901 -0.03077 0.79008 -0.02534 0.61170
1403715926534057984 -1.73392 -0.91391 0.56566 0.00074 0.78310 -0.05196 0.61973
1403715926634057984 -1.72593 -1.05066 0.51767 0.02985 0.78461 -0.07844 0.61428
1403715926734057984 -1.72790 -1.18784 0.47034 0.05514 0.79053 -0.10594 0.60066
1403715926834057984 -1.73909 -1.32095 0.42850 0.08406 0.79668 -0.12723 0.58485
1403715926934057984 -1.75799 -1.44856 0.40054 0.10745 0.80026 -0.14728 0.57128
1403715927034057984 -1.77415 -1.57165 0.38425 0.12549 0.79978 -0.16660 0.56289
1403715927134057984 -1.78810 -1.68876 0.37239 0.14430 0.79226 -0.18322 0.56385
1403715927234057984 -1.80508 -1.79788 0.36130 0.17540 0.78336 -0.19040 0.56510
1403715927334057984 -1.81972 -1.89797 0.35148 0.20597 0.77428 -0.19586 0.56542
1403715927434057984 -1.83625 -1.98300 0.34583 0.22904 0.75969 -0.20518 0.57299
1403715927534057984 -1.85350 -2.05067 0.34013 0.23534 0.74043 -0.22720 0.58717
1403715927634057984 -1.87740 -2.10091 0.33382 0.23923 0.72083 -0.25446 0.59868
1403715927734057984 -1.91036 -2.13937 0.32616 0.25106 0.70632 -0.28266 0.59849
1403715927834057984 -1.95323 -2.16631 0.31519 0.27534 0.69739 -0.30892 0.58516
1403715927934057984 -2.00649 -2.17573 0.30325 0.30318 0.68971 -0.33648 0.56495
1403715928034057984 -2.06520 -2.17452 0.28548 0.32881 0.68049 -0.36813 0.54158
1403715928134057984 -2.12745 -2.15401 0.25600 0.34459 0.66591 -0.40848 0.52054
1403715928234057984 -2.19257 -2.11861 0.21516 0.35983 0.64529 -0.45014 0.50150
1403715928334057984 -2.25866 -2.07490 0.16596 0.38281 0.61497 -0.48386 0.49106
1403715928434057984 -2.32737 -2.02039 0.11403 0.40650 0.58374 -0.51173 0.48180
1403715928534057984 -2.39718 -1.95168 0.05783 0.41711 0.56138 -0.54313 0.46463
1403715928634057984 -2.46674 -1.87237 0.00336 -0.41988 -0.54767 0.57025 -0.44562
1403715928734057984 -2.53578 -1.78387 -0.03891 -0.41842 -0.54722 0.58932 -0.42211
1403715928834057984 -2.60537 -1.69188 -0.06402 -0.40145 -0.56061 0.60772 -0.39398
1403715928934057984 -2.67250 -1.60597 -0.06370 -0.37767 -0.58071 0.61646 -0.37433
1403715929034057984 -2.73252 -1.53162 -0.03300 -0.35269 -0.60340 0.61629 -0.36290
1403715929134057984 -2.79659 -1.47832 0.01509 0.33289 0.62328 -0.61132 0.35637
1403715929234057984 -2.84768 -1.46310 0.07562 0.32130 0.64241 -0.60156 0.34957
1403715929334057984 -2.90202 -1.46055 0.12534 0.33813 0.65865 -0.57599 0.34653
1403715929434057984 -2.95310 -1.47428 0.16573 0.37879 0.67027 -0.53564 0.34691
1403715929534057984 -2.98657 -1.49900 0.20199 0.42187 0.67599 -0.49562 0.34559
1403715929634057984 -2.98950 -1.53000 0.24327 0.45375 0.67665 -0.46837 0.34189
1403715929734057984 -2.96841 -1.55618 0.27602 0.44689 0.66799 -0.47982 0.35193
1403715929834057984 -2.92292 -1.57555 0.30556 0.42477 0.64969 -0.50479 0.37770
1403715929934057984 -2.86155 -1.60135 0.32618 0.40187 0.62289 -0.52788 0.41455
1403715930034057984 -2.79324 -1.62452 0.33615 0.38375 0.59813 -0.54486 0.44510
1403715930134057984 -2.72753 -1.64290 0.33920 0.36726 0.57697 -0.55898 0.46881
1403715930234057984 -2.67072 -1.65554 0.34175 -0.35390 -0.56085 0.57035 -0.48467
1403715930334057984 -2.62912 -1.66363 0.34407 -0.34869 -0.55395 0.57691 -0.48860
1403715930434057984 -2.60484 -1.66669 0.34430 -0.34884 -0.56306 0.58056 -0.47352
1403715930534057984 -2.59418 -1.66907 0.33436 -0.34866 -0.57591 0.58441 -0.45303
1403715930634057984 -2.59198 -1.67100 0.31702 -0.34457 -0.58687 0.59005 -0.43440
1403715930734057984 -2.59956 -1.68120 0.30727 -0.33875 -0.59096 0.59609 -0.42508
1403715930834057984 -2.61751 -1.70161 0.31249 -0.33962 -0.59495 0.59748 -0.41678
1403715930934057984 -2.64363 -1.73051 0.33427 0.35175 0.60532 -0.59072 0.40114
1403715931034057984 -2.67275 -1.76904 0.35989 0.35662 0.61494 -0.58796 0.38597
1403715931134057984 -2.70074 -1.81864 0.37575 0.35286 0.62180 -0.59107 0.37349
1403715931234057984 -2.72626 -1.88257 0.38962 0.35058 0.62447 -0.59281 0.36839
1403715931334057984 -2.74921 -1.96271 0.41555 0.35033 0.62231 -0.59354 0.37108
1403715931434057984 -2.76867 -2.05848 0.45686 0.35352 0.61883 -0.59132 0.37738
1403715931534057984 -2.78685 -2.16768 0.49415 0.35647 0.61692 -0.58806 0.38279
1403715931634057984 -2.80273 -2.28644 0.52060 0.36179 0.61763 -0.58194 0.38599
1403715931734057984 -2.81528 -2.41134 0.53327 0.36795 0.61991 -0.57433 0.38790
1403715931834057984 -2.82496 -2.54116 0.53696 0.37154 0.62005 -0.56815 0.39331
1403715931934057984 -2.83100 -2.67795 0.54401 0.38033 0.61514 -0.55868 0.40600
1403715932034057984 -2.83482 -2.81714 0.55235 0.38983 0.60758 -0.54884 0.42149
1403715932134057984 -2.83601 -2.95097 0.56487 0.40566 0.59636 -0.53459 0.44046
1403715932234057984 -2.83387 -3.07824 0.58440 0.42752 0.58165 -0.51633 0.46077
1403715932334057984 -2.82778 -3.19027 0.60823 0.44716 0.56347 -0.49901 0.48327
1403715932434057984 -2.81933 -3.27814 0.63330 0.46160 0.54905 -0.48577 0.49949
1403715932534057984 -2.80943 -3.33443 0.65845 0.47044 0.53720 -0.47629 0.51307
1403715932634057984 -2.80171 -3.35519 0.68685 0.47928 0.52368 -0.46610 0.52801
1403715932734057984 -2.79354 -3.33659 0.71681 0.48679 0.51330 -0.45799 0.53833
1403715932834057984 -2.78634 -3.26833 0.74615 0.48922 0.51167 -0.45775 0.53789
1403715932934057984 -2.78204 -3.16656 0.77243 0.47461 0.53034 -0.47794 0.51484
1403715933034057984 -2.77735 -3.03452 0.79702 0.44606 0.55840 -0.50965 0.47904
1403715933134057984 -2.77296 -2.88215 0.82292 0.41757 0.58295 -0.53741 0.44385
1403715933234057984 -2.76732 -2.72222 0.84734 0.38749 0.60525 -0.56239 0.40896
1403715933334057984 -2.76052 -2.56625 0.87033 0.35524 0.62330 -0.58570 0.37717
1403715933434057984 -2.75163 -2.42602 0.89167 0.31658 0.63494 -0.61185 0.34965
1403715933534057984 -2.74029 -2.31395 0.91406 0.27978 0.64223 -0.63607 0.32353
1403715933634057984 -2.73520 -2.24060 0.94237 -0.25487 -0.64935 0.65053 -0.30034
1403715933734057984 -2.73371 -2.21349 0.97733 0.24765 0.65743 -0.65368 0.28136
1403715933834057984 -2.73368 -2.23503 1.02292 0.25326 0.66058 -0.65122 0.27460
1403715933934057984 -2.71799 -2.30840 1.08155 0.28256 0.64660 -0.64578 0.29161
1403715934034057984 -2.71652 -2.43010 1.15381 0.33436 0.62243 -0.62122 0.33893
1403715934134057984 -2.71302 -2.57092 1.22714 0.39127 0.58931 -0.58768 0.39276
1403715934234057984 -2.70861 -2.71312 1.28343 0.44139 0.55319 -0.55230 0.44060
1403715934334057984 -2.70251 -2.84004 1.31510 0.47524 0.52580 -0.52391 0.47244
1403715934434057984 -2.69603 -2.94340 1.33632 0.49930 0.50334 -0.50032 0.49702
1403715934534057984 -2.68772 -3.01476 1.34413 0.51637 0.48485 -0.48056 0.51705
1403715934634057984 -2.67763 -3.04345 1.34643 0.52776 0.47036 -0.46439 0.53345
1403715934734057984 -2.66964 -3.02293 1.35270 0.52911 0.46290 -0.45650 0.54533
1403715934834057984 -2.66375 -2.94993 1.36547 0.51923 0.46646 -0.46092 0.54806
1403715934934057984 -2.65889 -2.82774 1.37955 0.49185 0.49699 -0.48912 0.52139
1403715935034057984 -2.65747 -2.66497 1.39081 0.45386 0.53144 -0.52512 0.48562
1403715935134057984 -2.65704 -2.47943 1.38958 0.41539 0.56343 -0.55881 0.44467
1403715935234057984 -2.65835 -2.28441 1.37999 0.38165 0.58820 -0.58534 0.40711
1403715935334057984 -2.66017 -2.09353 1.35909 0.35589 0.60645 -0.60336 0.37618
1403715935434057984 -2.65955 -1.91389 1.32839 0.33747 0.61914 -0.61580 0.35154
1403715935534057984 -2.66177 -1.75485 1.28850 0.32377 0.62877 -0.62302 0.33418
1403715935634057984 -2.66224 -1.62460 1.24346 0.31381 0.63543 -0.62788 0.32175
1403715935734057984 -2.66101 -1.52743 1.19951 0.30301 0.64179 -0.63321 0.30876
1403715935834057984 -2.65674 -1.47000 1.15928 0.29331 0.64699 -0.63827 0.29662
1403715935934057984 -2.65097 -1.45020 1.12780 0.29090 0.64852 -0.64032 0.29120
1403715936034057984 -2.64124 -1.49251 1.10804 0.31081 0.63893 -0.63240 0.30862
1403715936134057984 -2.63200 -1.56380 1.09798 0.35154 0.61870 -0.61184 0.34539
1403715936234057984 -2.62073 -1.65316 1.09332 0.39508 0.59339 -0.58665 0.38424
1403715936334057984 -2.60662 -1.74940 1.09001 0.43146 0.56636 -0.56307 0.41957
1403715936434057984 -2.59076 -1.83656 1.08217 -0.45161 -0.54441 0.54954 -0.44460
1403715936534057984 -2.57349 -1.90430 1.07135 -0.46073 -0.53094 0.54369 -0.45852
1403715936634057984 -2.55653 -1.94781 1.05673 -0.46383 -0.51918 0.54162 -0.47112
1403715936734057984 -2.54017 -1.96748 1.05181 -0.46318 -0.51413 0.54311 -0.47556
1403715936834057984 -2.52468 -1.96264 1.04045 -0.45635 -0.52399 0.55099 -0.46216
1403715936934057984 -2.51166 -1.94233 1.02551 -0.44857 -0.53373 0.55899 -0.44882
1403715937034057984 -2.49833 -1.90740 1.01050 -0.43856 -0.54339 0.56351 -0.44141
1403715937134057984 -2.48640 -1.86282 0.99621 -0.42154 -0.55896 0.56682 -0.43426
1403715937234057984 -2.47367 -1.81376 0.98147 0.40491 0.57626 -0.56341 0.43191
1403715937334057984 -2.45922 -1.76084 0.95788 0.38975 0.59413 -0.55299 0.43510
1403715937434057984 -2.44511 -1.70618 0.92286 0.37725 0.61031 -0.53757 0.44296
1403715937534057984 -2.43201 -1.65111 0.87445 0.35782 0.62919 -0.52949 0.44241
1403715937634057984 -2.41845 -1.60031 0.81811 0.33370 0.65320 -0.52612 0.43031
1403715937734057984 -2.40341 -1.55701 0.76314 0.31335 0.67310 -0.51979 0.42256
1403715937834057984 -2.38671 -1.52306 0.71200 0.29782 0.68866 -0.50983 0.42086
1403715937934057984 -2.36604 -1.50289 0.66496 0.28488 0.70172 -0.49783 0.42261
1403715938034057984 -2.34095 -1.49655 0.62014 0.27269 0.71533 -0.48288 0.42516
1403715938134057984 -2.30964 -1.50632 0.58192 0.25992 0.72924 -0.46657 0.42773
1403715938234057984 -2.27023 -1.53283 0.55761 0.24854 0.74190 -0.44704 0.43355
1403715938334057984 -2.22118 -1.57558 0.55019 0.25274 0.74878 -0.41461 0.45116
1403715938434057984 -2.16349 -1.63078 0.55760 0.25663 0.75175 -0.38119 0.47298
1403715938534057984 -2.09945 -1.69041 0.56866 0.25114 0.75193 -0.35412 0.49612
1403715938634057984 -2.03121 -1.75171 0.57380 0.24152 0.75371 -0.33627 0.51041
1403715938734057984 -1.96166 -1.81269 0.57531 0.22926 0.76115 -0.32868 0.50996
1403715938834057984 -1.88880 -1.87504 0.57154 0.21600 0.77521 -0.32824 0.49463
1403715938934057984 -1.81245 -1.94151 0.56788 0.20342 0.78831 -0.33019 0.47767
1403715939034057984 -1.72813 -2.01628 0.56188 0.19284 0.79787 -0.33216 0.46464
1403715939134057984 -1.63356 -2.10274 0.55587 0.18957 0.80154 -0.33015 0.46107
1403715939234057984 -1.52465 -2.20169 0.55640 0.19981 0.78702 -0.32055 0.48777
1403715939334057984 -1.40887 -2.30675 0.55951 0.21434 0.76396 -0.30802 0.52493
1403715939434057984 -1.29373 -2.40962 0.56239 0.22830 0.73862 -0.29684 0.56054
1403715939534057984 -1.18455 -2.50458 0.56419 0.24108 0.71670 -0.28705 0.58807
1403715939634057984 -1.08714 -2.58440 0.56881 0.25453 0.69266 -0.27794 0.61496
1403715939734057984 -1.00811 -2.64413 0.58029 0.26781 0.66579 -0.26885 0.64243
1403715939834057984 -0.95251 -2.67612 0.59732 0.27720 0.64722 -0.26420 0.65914
1403715939934057984 -0.92395 -2.67546 0.62369 0.28290 0.63987 -0.26333 0.66423
1403715940034057984 -0.92368 -2.64565 0.65958 0.27978 0.65564 -0.27151 0.64664
1403715940134057984 -0.94460 -2.58894 0.69856 0.26579 0.69172 -0.28856 0.60631
1403715940234057984 -0.98042 -2.51196 0.74041 0.24919 0.72621 -0.30489 0.56353
1403715940334057984 -1.02132 -2.42376 0.78111 0.22950 0.75711 -0.32028 0.52109
1403715940434057984 -1.06277 -2.33384 0.81920 0.20945 0.78388 -0.33423 0.47953
1403715940534057984 -1.08928 -2.25417 0.85637 0.18761 0.80686 -0.34878 0.43832
1403715940634057984 -1.10282 -2.18705 0.88997 0.16176 0.82660 -0.36573 0.39599
1403715940734057984 -1.09339 -2.14899 0.92609 0.13962 0.84068 -0.37890 0.36083
1403715940834057984 -1.05474 -2.15049 0.96796 0.13563 0.84944 -0.37818 0.34211
1403715940934057984 -0.97814 -2.19549 1.01744 0.14975 0.84376 -0.37196 0.35678
1403715941034057984 -0.86920 -2.27612 1.07856 0.17931 0.81805 -0.35804 0.41284
1403715941134057984 -0.74164 -2.37520 1.14481 0.21561 0.77425 -0.33864 0.48925
1403715941234057984 -0.61187 -2.47623 1.20979 0.24730 0.72461 -0.31751 0.55944
1403715941334057984 -0.49031 -2.56584 1.26772 0.26237 0.68556 -0.30466 0.60692
1403715941434057984 -0.38516 -2.64103 1.31618 0.27031 0.65707 -0.29609 0.63837
1403715941534057984 -0.29911 -2.69642 1.34711 0.27171 0.64073 -0.29231 0.65589
1403715941634057984 -0.23633 -2.73471 1.35398 0.27192 0.62547 -0.28885 0.67187
1403715941734057984 -0.20252 -2.74751 1.34800 0.27133 0.60561 -0.28464 0.69181
1403715941834057984 -0.20480 -2.72998 1.33616 0.27336 0.58772 -0.27870 0.70865
1403715941934057984 -0.24218 -2.68673 1.31937 0.27620 0.58701 -0.27626 0.70909
1403715942034057984 -0.31713 -2.60974 1.29280 0.27283 0.61806 -0.28461 0.68013
1403715942134057984 -0.42281 -2.50489 1.25517 0.25976 0.66525 -0.30056 0.63216
1403715942234057984 -0.54408 -2.38690 1.19788 0.24083 0.71073 -0.31767 0.57961
1403715942334057984 -0.67245 -2.25903 1.11638 0.21814 0.75201 -0.33558 0.52372
1403715942434057984 -0.79863 -2.13413 1.01865 0.19840 0.77848 -0.34932 0.48226
1403715942534057984 -0.91748 -2.01872 0.91282 0.17963 0.79688 -0.36069 0.45014
1403715942634057984 -1.02140 -1.92194 0.80764 0.16773 0.81373 -0.36589 0.41933
1403715942734057984 -1.10575 -1.84899 0.70670 0.16168 0.82522 -0.36651 0.39817
1403715942834057984 -1.16258 -1.80717 0.61145 0.16105 0.82966 -0.36456 0.39092
1403715942934057984 -1.19049 -1.79688 0.52203 0.16319 0.83022 -0.36044 0.39266
1403715943034057984 -1.18633 -1.81561 0.44381 0.17067 0.82860 -0.35332 0.39932
1403715943134057984 -1.15079 -1.86543 0.38404 0.18437 0.82502 -0.34219 0.41019
1403715943234057984 -1.09356 -1.93425 0.34488 0.19822 0.80637 -0.33217 0.44737
1403715943334057984 -1.01358 -2.01791 0.32373 0.21464 0.77330 -0.31751 0.50510
1403715943434057984 -0.92983 -2.10030 0.31539 0.23006 0.73732 -0.29618 0.56188
1403715943534057984 -0.85303 -2.17419 0.30791 0.23718 0.71278 -0.27937 0.59803
1403715943634057984 -0.78841 -2.23310 0.29473 0.24220 0.69679 -0.27042 0.61863
1403715943734057984 -0.74030 -2.27597 0.28390 0.24527 0.68106 -0.26800 0.63575
1403715943834057984 -0.71490 -2.29722 0.28163 0.25256 0.66349 -0.26629 0.65198
1403715943934057984 -0.71875 -2.29316 0.29165 0.25912 0.65167 -0.26632 0.66126
1403715944034057984 -0.75334 -2.26071 0.31392 0.25190 0.66240 -0.27635 0.64916
1403715944134057984 -0.81452 -2.20190 0.34187 0.22617 0.70326 -0.29471 0.60614
1403715944234057984 -0.89067 -2.12908 0.36945 0.19242 0.74970 -0.30849 0.55296
1403715944334057984 -0.97034 -2.05469 0.39159 0.16243 0.79036 -0.31030 0.50266
1403715944434057984 -1.04218 -1.99058 0.40656 0.13935 0.82047 -0.29928 0.46674
1403715944534057984 -1.10436 -1.93949 0.41748 0.11835 0.84413 -0.28104 0.44096
1403715944634057984 -1.14065 -1.91071 0.43228 0.09719 0.85993 -0.26051 0.42804
1403715944734057984 -1.14652 -1.90776 0.45093 0.07738 0.87079 -0.23826 0.42305
1403715944834057984 -1.11344 -1.92794 0.47614 0.06977 0.87609 -0.21125 0.42775
1403715944934057984 -1.05084 -1.96613 0.50825 0.08196 0.86421 -0.17410 0.46489
1403715945034057984 -0.97479 -2.01779 0.54304 0.09616 0.83506 -0.13078 0.52567
1403715945134057984 -0.89492 -2.06667 0.57880 0.10768 0.79812 -0.09773 0.58469
1403715945234057984 -0.82223 -2.10680 0.61017 0.11534 0.77002 -0.07796 0.62265
1403715945334057984 -0.76218 -2.13845 0.64051 0.12022 0.74598 -0.06831 0.65145
1403715945434057984 -0.72239 -2.15448 0.67366 0.12540 0.72131 -0.06353 0.67820
1403715945534057984 -0.71236 -2.15078 0.70655 0.12495 0.70098 -0.06500 0.69913
1403715945634057984 -0.73290 -2.13130 0.73021 0.11083 0.72405 -0.08005 0.67606
1403715945734057984 -0.77670 -2.10170 0.75029 0.09599 0.76288 -0.09642 0.63206
1403715945834057984 -0.84179 -2.06153 0.76715 0.08765 0.80086 -0.10752 0.58257
1403715945934057984 -0.89841 -2.02494 0.79551 0.07984 0.83524 -0.11706 0.53132
1403715946034057984 -0.94736 -1.98309 0.82100 0.07030 0.85987 -0.12108 0.49093
1403715946134057984 -0.97802 -1.94637 0.84825 0.05935 0.87742 -0.11792 0.46120
1403715946234057984 -0.98007 -1.91301 0.87620 0.04786 0.89184 -0.10831 0.43657
1403715946334057984 -0.95097 -1.88771 0.90605 0.03885 0.89735 -0.09292 0.42967
1403715946434057984 -0.88860 -1.86856 0.94290 0.03930 0.88567 -0.06797 0.45762
1403715946534057984 -0.79820 -1.85249 0.98500 0.03898 0.85904 -0.04665 0.50828
1403715946634057984 -0.69641 -1.83589 1.02699 0.03546 0.82427 -0.03369 0.56409
1403715946734057984 -0.59298 -1.81882 1.06683 0.03098 0.79297 -0.02542 0.60794
1403715946834057984 -0.49799 -1.79958 1.09894 0.02603 0.77286 -0.02124 0.63369
1403715946934057984 -0.41880 -1.77930 1.12617 0.02414 0.75820 -0.01774 0.65134
1403715947034057984 -0.36136 -1.75709 1.14989 0.02550 0.74451 -0.01565 0.66694
1403715947134057984 -0.32728 -1.73265 1.17329 0.02386 0.72141 -0.01817 0.69186
1403715947234057984 -0.32355 -1.70809 1.19583 0.02433 0.69419 -0.02202 0.71905
1403715947334057984 -0.36062 -1.67789 1.20777 0.02324 0.69241 -0.02868 0.72056
1403715947434057984 -0.42689 -1.64805 1.20190 0.02421 0.72479 -0.03469 0.68767
1403715947534057984 -0.52200 -1.61570 1.18436 0.01848 0.76530 -0.04181 0.64205
1403715947634057984 -0.63521 -1.58349 1.15116 0.00681 0.80298 -0.05067 0.59381
1403715947734057984 -0.75114 -1.55157 1.10728 -0.00373 0.83583 -0.05844 0.54586
1403715947834057984 -0.85952 -1.52896 1.05721 -0.00152 0.85785 -0.05573 0.51087
1403715947934057984 -0.95506 -1.51236 1.00073 0.00350 0.87592 -0.04893 0.47996
1403715948034057984 -1.02412 -1.49934 0.94089 0.00593 0.89173 -0.04221 0.45056
1403715948134057984 -1.05952 -1.48780 0.88444 0.00663 0.90349 -0.03717 0.42695
1403715948234057984 -1.05191 -1.48338 0.83549 0.00601 0.90698 -0.03267 0.41986
1403715948334057984 -0.99804 -1.48108 0.79918 0.00531 0.89552 -0.03136 0.44389
1403715948434057984 -0.91193 -1.48171 0.77091 0.00516 0.87028 -0.03110 0.49155
1403715948534057984 -0.81095 -1.48429 0.74595 0.01082 0.84069 -0.02897 0.54064
1403715948634057984 -0.70585 -1.48749 0.72042 0.01817 0.81197 -0.02838 0.58273
1403715948734057984 -0.60136 -1.49036 0.69348 0.02561 0.78577 -0.02893 0.61731
1403715948834057984 -0.51306 -1.49226 0.66120 0.03110 0.76669 -0.03008 0.64055
1403715948934057984 -0.44102 -1.49306 0.63095 0.02940 0.75242 -0.03000 0.65735
1403715949034057984 -0.39119 -1.49024 0.60419 0.02327 0.73890 -0.02450 0.67297
1403715949134057984 -0.36854 -1.48498 0.57983 0.01278 0.73529 -0.01574 0.67745
1403715949234057984 -0.37351 -1.47679 0.55183 0.00060 0.75581 -0.00294 0.65479
1403715949334057984 -0.39960 -1.46828 0.52497 -0.01278 0.78939 0.01239 0.61363
1403715949434057984 -0.43778 -1.46164 0.50029 -0.02280 0.82587 0.02722 0.56274
1403715949534057984 -0.47191 -1.45594 0.48010 -0.03076 0.85153 0.04250 0.52168
1403715949634057984 -0.49292 -1.44775 0.46293 -0.03921 0.86648 0.06061 0.49396
1403715949734057984 -0.49448 -1.43791 0.44952 -0.04947 0.87735 0.07985 0.47057
1403715949834057984 -0.46868 -1.42418 0.44064 -0.05517 0.88197 0.10358 0.45647
1403715949934057984 -0.41318 -1.40474 0.44085 -0.05729 0.87865 0.13135 0.45546
1403715950034057984 -0.33591 -1.37737 0.44680 -0.05556 0.86811 0.16273 0.46564
1403715950134057984 -0.23623 -1.33423 0.45499 -0.06027 0.84390 0.18914 0.49842
1403715950234057984 -0.12396 -1.27677 0.46773 -0.07828 0.80983 0.19705 0.54702
1403715950334057984 -0.01585 -1.21186 0.47980 -0.10366 0.77708 0.19076 0.59076
1403715950434057984 0.08235 -1.14814 0.48997 -0.12237 0.74861 0.18229 0.62561
1403715950534057984 0.16210 -1.08868 0.50086 -0.13229 0.72248 0.17503 0.65566
1403715950634057984 0.21723 -1.03754 0.51435 -0.13653 0.70791 0.16967 0.67188
1403715950734057984 0.24443 -0.99663 0.53210 -0.14036 0.69477 0.16502 0.68583
1403715950834057984 0.23691 -0.96508 0.55269 -0.14466 0.68332 0.16197 0.69707
1403715950934057984 0.19742 -0.94485 0.57189 -0.14720 0.68343 0.16216 0.69639
1403715951034057984 0.12315 -0.93907 0.58465 -0.14945 0.71486 0.16592 0.66266
1403715951134057984 0.02220 -0.94912 0.59695 -0.14561 0.75396 0.17495 0.61622
1403715951234057984 -0.09451 -0.96666 0.60821 -0.13672 0.79217 0.19135 0.56317
1403715951334057984 -0.20927 -0.98045 0.61873 -0.13290 0.82122 0.20730 0.51475
1403715951434057984 -0.31395 -0.98693 0.63248 -0.13184 0.84001 0.22417 0.47619
1403715951534057984 -0.39865 -0.98296 0.64610 -0.13376 0.85344 0.24033 0.44270
1403715951634057984 -0.45961 -0.96578 0.66407 -0.13727 0.86049 0.25733 0.41772
1403715951734057984 -0.49129 -0.93282 0.68575 -0.14277 0.86211 0.27491 0.40101
1403715951834057984 -0.49255 -0.88146 0.71022 -0.15140 0.85857 0.29023 0.39459
1403715951934057984 -0.45610 -0.81161 0.74214 -0.17440 0.83728 0.30266 0.42064
1403715952034057984 -0.40004 -0.72305 0.77990 -0.20547 0.80100 0.30868 0.47000
1403715952134057984 -0.33264 -0.62885 0.81786 -0.24071 0.75755 0.31045 0.52134
1403715952234057984 -0.25648 -0.54492 0.84964 -0.26994 0.72155 0.31436 0.55468
1403715952334057984 -0.19355 -0.47183 0.87816 -0.29086 0.69584 0.31773 0.57468
1403715952434057984 -0.14022 -0.41727 0.90775 -0.30656 0.67495 0.31990 0.59002
1403715952534057984 -0.09297 -0.38707 0.93219 -0.31845 0.65910 0.32593 0.59829
1403715952634057984 -0.07139 -0.36770 0.96034 -0.33189 0.64250 0.33010 0.60669
1403715952734057984 -0.05656 -0.38811 0.99050 -0.34672 0.62061 0.32808 0.62209
1403715952834057984 -0.06074 -0.43432 1.02051 -0.35736 0.60185 0.32510 0.63591
1403715952934057984 -0.08411 -0.51447 1.04156 -0.34990 0.61934 0.33859 0.61590
1403715953034057984 -0.11866 -0.61688 1.05507 -0.32765 0.66089 0.36687 0.56681
1403715953134057984 -0.16452 -0.73894 1.05438 -0.30069 0.70238 0.39563 0.50964
1403715953234057984 -0.21408 -0.86377 1.04201 -0.27522 0.73517 0.41647 0.45863
1403715953334057984 -0.25955 -0.97920 1.02010 -0.25794 0.75452 0.42954 0.42386
1403715953434057984 -0.29691 -1.08246 0.98970 -0.24567 0.76724 0.44335 0.39298
1403715953534057984 -0.32084 -1.16236 0.95730 -0.23987 0.77227 0.45957 0.36722
1403715953634057984 -0.32801 -1.21243 0.93304 -0.23737 0.77079 0.47959 0.34573
1403715953734057984 -0.31752 -1.22413 0.91702 -0.23694 0.76589 0.49852 0.32978
1403715953834057984 -0.28316 -1.19524 0.91054 -0.23671 0.75479 0.51640 0.32801
1403715953934057984 -0.24333 -1.11867 0.91307 -0.23221 0.73388 0.52937 0.35674
1403715954034057984 -0.18346 -1.01670 0.91507 -0.23543 0.69031 0.54653 0.41153
1403715954134057984 -0.13170 -0.89427 0.91056 -0.25528 0.65154 0.54379 0.46327
1403715954234057984 -0.09157 -0.75842 0.90098 -0.28630 0.61986 0.52608 0.50699
1403715954334057984 -0.06698 -0.62220 0.88720 -0.32238 0.60119 0.49972 0.53379
1403715954434057984 -0.06070 -0.49881 0.86751 -0.36448 0.59152 0.46829 0.54586
1403715954534057984 -0.07052 -0.39560 0.85530 -0.39664 0.57633 0.44169 0.56163
1403715954634057984 -0.09226 -0.31963 0.85281 -0.41729 0.55914 0.42359 0.57776
1403715954734057984 -0.12946 -0.28240 0.84416 -0.42703 0.55116 0.41586 0.58389
1403715954834057984 -0.18057 -0.28671 0.83481 -0.42045 0.56106 0.42330 0.57380
1403715954934057984 -0.24402 -0.31827 0.82544 -0.40183 0.58409 0.44008 0.55110
1403715955034057984 -0.31821 -0.39117 0.81693 -0.37488 0.61385 0.46092 0.51982
1403715955134057984 -0.39548 -0.47813 0.80961 -0.35093 0.64421 0.47693 0.48413
1403715955234057984 -0.47398 -0.57163 0.80076 -0.32939 0.67644 0.48878 0.44162
1403715955334057984 -0.55230 -0.65966 0.79539 -0.30731 0.69977 0.49885 0.40870
1403715955434057984 -0.62422 -0.72943 0.79357 -0.29008 0.71711 0.50505 0.38280
1403715955534057984 -0.68643 -0.77686 0.79237 -0.28103 0.73307 0.50835 0.35386
1403715955634057984 -0.73273 -0.79833 0.79608 -0.27744 0.74227 0.51533 0.32635
1403715955734057984 -0.76019 -0.78429 0.80673 -0.27802 0.73563 0.52951 0.31808
1403715955834057984 -0.76872 -0.73219 0.83171 -0.30486 0.70508 0.53772 0.34752
1403715955934057984 -0.76628 -0.65759 0.86178 -0.34618 0.66292 0.53940 0.38697
1403715956034057984 -0.75952 -0.57265 0.89336 -0.38659 0.61274 0.54177 0.42612
1403715956134057984 -0.75260 -0.49215 0.92238 -0.41645 0.56490 0.55013 0.45257
1403715956234057984 -0.75001 -0.42604 0.94759 -0.43932 0.52532 0.56266 0.46309
1403715956334057984 -0.75275 -0.38092 0.97257 -0.46121 0.49440 0.57615 0.45925
1403715956434057984 -0.76602 -0.35700 0.99866 -0.49408 0.45960 0.57996 0.45640
1403715956534057984 -0.77865 -0.35620 1.02397 0.52900 -0.42449 -0.57818 -0.45351
1403715956634057984 -0.79125 -0.38957 1.05163 0.55255 -0.40190 -0.57908 -0.44479
1403715956734057984 -0.80000 -0.45636 1.07601 0.55458 -0.40100 -0.59192 -0.42575
1403715956834057984 -0.80419 -0.55405 1.10109 0.54300 -0.41498 -0.61148 -0.39878
1403715956934057984 -0.80496 -0.67477 1.12497 0.51961 -0.43532 -0.63479 -0.37087
1403715957034057984 -0.80157 -0.81042 1.14113 -0.48616 0.45809 0.66040 0.34305
1403715957134057984 -0.79901 -0.94788 1.14605 -0.45406 0.47865 0.68048 0.31887
1403715957234057984 -0.79857 -1.08220 1.13536 -0.42407 0.49835 0.69693 0.29343
1403715957334057984 -0.80121 -1.20564 1.11054 -0.39355 0.51860 0.71135 0.26487
1403715957434057984 -0.80931 -1.30848 1.07847 -0.36316 0.53381 0.72437 0.24176
1403715957534057984 -0.82533 -1.38017 1.04147 -0.33822 0.54512 0.73366 0.22404
1403715957634057984 -0.85145 -1.41241 1.00238 -0.31958 0.55034 0.74120 0.21357
1403715957734057984 -0.89001 -1.39992 0.96625 -0.31789 0.54585 0.74368 0.21895
1403715957834057984 -0.94272 -1.33851 0.93816 -0.35064 0.53158 0.73121 0.24456
1403715957934057984 -1.00810 -1.24491 0.92011 -0.40393 0.50553 0.70895 0.28049
1403715958034057984 -1.07927 -1.13925 0.90291 -0.45711 0.47227 0.68604 0.31203
1403715958134057984 -1.15539 -1.03222 0.87687 0.50501 -0.43619 -0.66478 -0.33583
1403715958234057984 -1.22954 -0.93544 0.85165 0.54513 -0.40300 -0.64681 -0.34938
1403715958334057984 -1.29508 -0.85585 0.82564 0.57378 -0.37389 -0.63655 -0.35466
1403715958434057984 -1.35079 -0.80108 0.79862 0.60180 -0.34706 -0.62537 -0.35539
1403715958534057984 -1.39288 -0.77967 0.77292 0.62708 -0.32376 -0.61600 -0.34999
1403715958634057984 -1.41633 -0.79477 0.74337 0.63687 -0.31296 -0.62229 -0.33048
1403715958734057984 -1.42063 -0.84125 0.71359 0.63561 -0.31143 -0.64031 -0.29836
1403715958834057984 -1.40011 -0.92120 0.68236 0.62173 -0.31769 -0.66943 -0.25377
1403715958934057984 -1.36215 -1.01417 0.65052 0.60046 -0.32683 -0.70080 -0.20376
1403715959034057984 -1.30417 -1.11286 0.62066 0.57172 -0.32824 -0.73390 -0.16369
1403715959134057984 -1.23431 -1.20650 0.59141 0.54066 -0.31604 -0.76645 -0.14266
1403715959234057984 -1.16330 -1.28530 0.56390 0.51130 -0.29106 -0.79656 -0.13912
1403715959334057984 -1.09518 -1.35414 0.53581 -0.47817 0.26984 0.82544 0.13114
1403715959434057984 -1.04346 -1.40941 0.50724 -0.44128 0.26002 0.85057 0.11913
1403715959534057984 -1.01104 -1.44583 0.48170 -0.41314 0.25269 0.86823 0.10787
1403715959634057984 -1.01203 -1.45875 0.47174 -0.40227 0.23786 0.87797 0.10383
1403715959734057984 -1.06696 -1.44984 0.48690 -0.42488 0.22595 0.86992 0.10800
1403715959834057984 -1.15078 -1.41677 0.52013 -0.48125 0.20755 0.84413 0.11294
1403715959934057984 -1.24835 -1.37605 0.55442 0.54518 -0.18604 -0.80836 -0.12131
1403715960034057984 -1.34733 -1.33673 0.58386 0.60267 -0.16772 -0.76927 -0.12994
1403715960134057984 -1.43013 -1.30577 0.60740 0.64363 -0.15436 -0.73729 -0.13532
1403715960234057984 -1.49317 -1.28509 0.62640 0.67115 -0.14343 -0.71322 -0.14250
1403715960334057984 -1.52538 -1.27895 0.64623 0.68950 -0.13617 -0.69566 -0.14865
1403715960434057984 -1.52742 -1.28820 0.66703 0.70525 -0.13135 -0.67980 -0.15246
1403715960534057984 -1.49655 -1.31861 0.68667 0.70079 -0.13250 -0.68400 -0.15322
1403715960634057984 -1.42904 -1.36362 0.70238 0.66445 -0.14111 -0.71858 -0.14913
