1403715895034057984 -0.00161 0.00628 0.00660 -0.03265 0.80978 0.03426 0.58483
1403715895134057984 -0.00890 0.02670 0.02409 -0.03121 0.80825 0.03264 0.58711
1403715895234057984 -0.01719 0.06392 0.04932 -0.02711 0.80919 0.02666 0.58632
1403715895334057984 -0.01063 0.07133 0.04973 -0.02462 0.81075 0.02351 0.58440
1403715895434057984 -0.00596 0.07935 0.05164 -0.02094 0.81163 0.02075 0.58343
1403715895534057984 -0.00278 0.08168 0.05427 -0.01813 0.81323 0.01855 0.58137
1403715895634057984 -0.00114 0.08942 0.05751 -0.01371 0.81423 0.01569 0.58016
1403715895734057984 0.00023 0.09729 0.05924 -0.00969 0.81526 0.01250 0.57888
1403715895834057984 0.00191 0.10439 0.06136 -0.00606 0.81602 0.00987 0.57791
1403715895934057984 0.00300 0.11166 0.06468 -0.00281 0.81636 0.00760 0.57748
1403715896034057984 0.00353 0.11943 0.06776 -0.00238 0.81738 0.00358 0.57608
1403715896134057984 0.00491 0.12651 0.06956 -0.00623 0.81857 -0.00212 0.57437
1403715896234057984 0.00588 0.13265 0.06979 -0.01473 0.81803 -0.01136 0.57487
1403715896334057984 0.00763 0.13740 0.07086 -0.02811 0.81519 -0.02432 0.57800
1403715896434057984 0.00871 0.13982 0.07265 -0.03784 0.81340 -0.03506 0.57941
1403715896534057984 0.00972 0.13922 0.07514 -0.04415 0.81100 -0.04302 0.58179
1403715896634057984 0.01086 0.13822 0.07870 -0.04526 0.80803 -0.04939 0.58532
1403715896734057984 0.00995 0.13446 0.08394 -0.04391 0.80689 -0.05356 0.58663
1403715896834057984 0.00710 0.12608 0.08841 -0.04450 0.81054 -0.05798 0.58111
1403715896934057984 0.00574 0.11046 0.09188 -0.04829 0.81491 -0.06425 0.57399
1403715897034057984 0.00592 0.09886 0.09615 -0.05631 0.81816 -0.07414 0.56740
1403715897134057984 0.00896 0.10926 0.10250 -0.05355 0.82027 -0.08237 0.56348
1403715897234057984 0.01081 0.08135 0.10982 -0.04273 0.82314 -0.07849 0.56076
1403715897334057984 0.00952 0.06689 0.12106 -0.01252 0.82763 -0.06218 0.55768
1403715897434057984 0.01119 0.04183 0.13417 0.01805 0.83189 -0.04138 0.55310
1403715897534057984 0.00688 0.01812 0.14780 0.03339 0.83252 -0.02812 0.55227
1403715897634057984 0.00179 -0.00781 0.15734 0.02857 0.83203 -0.02625 0.55337
1403715897734057984 -0.00204 -0.03890 0.16390 0.01349 0.83074 -0.02927 0.55572
1403715897834057984 -0.00330 -0.07666 0.16987 0.00201 0.82826 -0.03195 0.55943
1403715897934057984 -0.00253 -0.12503 0.17452 -0.00377 0.82427 -0.02636 0.56557
1403715898034057984 -0.00053 -0.17615 0.17961 -0.00257 0.81979 -0.01795 0.57238
1403715898134057984 -0.00155 -0.22699 0.18713 0.00459 0.81164 -0.01115 0.58403
1403715898234057984 -0.00633 -0.27604 0.19464 0.01379 0.80559 -0.01104 0.59221
1403715898334057984 -0.01483 -0.32129 0.19760 0.02574 0.80584 -0.01661 0.59134
1403715898434057984 -0.02581 -0.36553 0.19689 0.03753 0.81135 -0.02732 0.58272
1403715898534057984 -0.03546 -0.41061 0.19565 0.04837 0.81869 -0.04193 0.57065
1403715898634057984 -0.03922 -0.45566 0.19293 0.06027 0.82337 -0.05735 0.56138
1403715898734057984 -0.03666 -0.50437 0.18792 0.07192 0.82071 -0.07347 0.56201
1403715898834057984 -0.03205 -0.55670 0.17417 0.08109 0.82061 -0.08643 0.55907
1403715898934057984 -0.02315 -0.61282 0.15261 0.08569 0.82087 -0.09557 0.55650
1403715899034057984 -0.02007 -0.68309 0.13446 0.08630 0.81968 -0.09953 0.55747
1403715899134057984 -0.01067 -0.74943 0.11144 0.08430 0.82156 -0.10208 0.55454
1403715899234057984 0.00229 -0.81265 0.09600 0.08609 0.82634 -0.09980 0.54753
1403715899334057984 0.01861 -0.87351 0.09453 0.08779 0.83143 -0.09518 0.54033
1403715899434057984 0.02617 -0.93795 0.10638 0.09044 0.83322 -0.08733 0.53847
1403715899534057984 0.03570 -1.00053 0.12127 0.08668 0.82881 -0.08262 0.54656
1403715899634057984 0.05342 -1.06395 0.13138 0.07927 0.82387 -0.07934 0.55557
1403715899734057984 0.08307 -1.12713 0.13037 0.07555 0.81844 -0.07102 0.56515
1403715899834057984 0.11327 -1.18198 0.12693 0.07766 0.80974 -0.05803 0.57872
1403715899934057984 0.14429 -1.22710 0.12406 0.08416 0.80008 -0.04198 0.59248
1403715900034057984 0.17686 -1.26555 0.12309 0.09074 0.79304 -0.02755 0.60174
1403715900134057984 0.21047 -1.29590 0.12256 0.09241 0.78870 -0.01776 0.60754
1403715900234057984 0.24663 -1.31961 0.12335 0.09384 0.78539 -0.01054 0.61175
1403715900334057984 0.28980 -1.34200 0.12682 0.09358 0.78413 -0.00666 0.61347
1403715900434057984 0.33602 -1.35606 0.13314 0.09103 0.78379 -0.00629 0.61429
1403715900534057984 0.38707 -1.36352 0.14251 0.06922 0.78070 -0.01782 0.62080
1403715900634057984 0.43802 -1.36513 0.15424 0.04931 0.77129 -0.02773 0.63396
1403715900734057984 0.48424 -1.36665 0.16309 0.02840 0.75751 -0.03790 0.65110
1403715900834057984 0.52750 -1.37091 0.16734 0.02452 0.74175 -0.03819 0.66914
1403715900934057984 0.56433 -1.37163 0.16966 0.02964 0.73144 -0.03583 0.68031
1403715901034057984 0.59009 -1.36767 0.17543 0.03306 0.72164 -0.03441 0.69062
1403715901134057984 0.60908 -1.35700 0.18455 0.03495 0.71316 -0.03324 0.69934
1403715901234057984 0.61934 -1.33921 0.19683 0.03601 0.70649 -0.03405 0.70598
1403715901334057984 0.61259 -1.31594 0.21245 0.03381 0.70698 -0.03645 0.70548
1403715901434057984 0.59994 -1.28204 0.22811 0.02986 0.71919 -0.04039 0.69300
1403715901534057984 0.54503 -1.25888 0.24615 0.02974 0.73413 -0.04285 0.67700
1403715901634057984 0.52626 -1.21037 0.26276 0.03627 0.74133 -0.04262 0.66881
1403715901734057984 0.51615 -1.15120 0.27636 0.04173 0.74765 -0.04543 0.66122
1403715901834057984 0.50814 -1.09270 0.28617 0.04884 0.75744 -0.05074 0.64910
1403715901934057984 0.43135 -1.05701 0.29788 0.05233 0.76340 -0.05258 0.64165
1403715902034057984 0.44255 -0.98689 0.30155 0.05944 0.76668 -0.05947 0.63650
1403715902134057984 0.44307 -0.92671 0.30279 0.06941 0.76687 -0.06233 0.63499
1403715902234057984 0.38092 -0.87711 0.30607 0.08106 0.76850 -0.06068 0.63179
1403715902334057984 0.35325 -0.82203 0.30116 0.08804 0.77523 -0.05771 0.62284
1403715902434057984 0.29022 -0.76723 0.30002 0.09239 0.78040 -0.05810 0.61568
1403715902534057984 0.23631 -0.70270 0.29670 0.08313 0.78611 -0.06389 0.60914
1403715902634057984 0.16751 -0.63477 0.29522 0.07167 0.79173 -0.06619 0.60303
1403715902734057984 0.10428 -0.56976 0.29034 0.06022 0.79894 -0.06240 0.59512
1403715902834057984 0.03969 -0.50565 0.27488 0.04896 0.80638 -0.05098 0.58716
1403715902934057984 -0.01191 -0.44877 0.25059 0.03856 0.81275 -0.03341 0.58038
1403715903034057984 -0.05305 -0.39261 0.22645 0.03147 0.81438 -0.01018 0.57939
1403715903134057984 -0.09214 -0.33542 0.20380 0.02561 0.81382 0.01663 0.58031
1403715903234057984 -0.12933 -0.27190 0.18524 0.01958 0.81327 0.03832 0.58030
1403715903334057984 -0.15648 -0.20739 0.16626 0.00855 0.81743 0.05019 0.57377
1403715903434057984 -0.18004 -0.13479 0.15033 -0.00451 0.82233 0.06057 0.56576
1403715903534057984 -0.19596 -0.05424 0.14730 -0.01805 0.82401 0.07545 0.56124
1403715903634057984 -0.20481 0.03546 0.15804 -0.03245 0.82250 0.09562 0.55974
1403715903734057984 -0.20689 0.13380 0.18430 -0.04783 0.81660 0.11956 0.56266
1403715903834057984 -0.19363 0.23374 0.22710 -0.07299 0.80726 0.14130 0.56837
1403715903934057984 -0.16536 0.33084 0.28150 -0.09980 0.79532 0.16807 0.57382
1403715904034057984 -0.12811 0.42969 0.33556 -0.12549 0.78255 0.19918 0.57636
1403715904134057984 -0.08364 0.52722 0.38703 -0.15203 0.77098 0.23112 0.57364
1403715904234057984 -0.04441 0.61199 0.44077 -0.17353 0.75984 0.26935 0.56567
1403715904334057984 -0.00438 0.69334 0.49346 -0.18868 0.74362 0.31056 0.56123
1403715904434057984 0.03403 0.76752 0.53902 -0.20689 0.72576 0.34659 0.55709
1403715904534057984 0.06815 0.84701 0.57185 -0.22139 0.70817 0.37914 0.55293
1403715904634057984 0.09592 0.92070 0.59139 -0.23545 0.68785 0.41074 0.55019
1403715904734057984 0.11690 1.00139 0.59945 -0.25903 0.66980 0.43714 0.54146
1403715904834057984 0.12770 1.07832 0.59383 -0.29232 0.65661 0.46063 0.52080
1403715904934057984 0.12970 1.15374 0.57616 -0.32605 0.63680 0.48652 0.50148
1403715905034057984 0.12465 1.21951 0.54382 -0.35843 0.61019 0.51423 0.48452
1403715905134057984 0.11624 1.27554 0.49692 -0.38872 0.57893 0.54003 0.47128
1403715905234057984 0.10365 1.32967 0.44351 -0.41067 0.54766 0.56430 0.46150
1403715905334057984 0.08063 1.35583 0.38570 -0.41925 0.52549 0.59381 0.44214
1403715905434057984 0.04867 1.36179 0.32804 -0.42669 0.50506 0.62168 0.41995
1403715905534057984 0.00469 1.32551 0.27905 -0.43688 0.48335 0.64762 0.39510
1403715905634057984 -0.04256 1.28619 0.23767 -0.45497 0.46538 0.66740 0.36193
1403715905734057984 -0.08394 1.24508 0.20485 -0.47656 0.44751 0.68424 0.32316
1403715905834057984 -0.11844 1.21558 0.17890 -0.49387 0.42312 0.70330 0.28710
1403715905934057984 -0.15187 1.19697 0.14805 -0.49870 0.39585 0.72869 0.25223
1403715906034057984 -0.17847 1.17205 0.11971 0.50033 -0.35766 -0.75757 -0.21873
1403715906134057984 -0.21250 1.16004 0.09324 0.50728 -0.31186 -0.77867 -0.19771
1403715906234057984 -0.25289 1.15298 0.06742 0.52134 -0.25775 -0.79175 -0.18681
1403715906334057984 -0.29554 1.13915 0.04180 0.53197 -0.20870 -0.80341 -0.16729
1403715906434057984 -0.35180 1.12333 0.01190 0.54024 -0.16345 -0.81273 -0.14455
1403715906534057984 -0.40889 1.10258 -0.01151 0.55242 -0.12093 -0.81602 -0.11964
1403715906634057984 -0.47009 1.07888 -0.02632 0.56301 -0.08587 -0.81746 -0.08605
1403715906734057984 -0.52673 1.05081 -0.02838 0.57194 -0.05402 -0.81716 -0.04705
1403715906834057984 -0.58865 1.02157 -0.02208 0.57573 -0.01987 -0.81734 -0.00975
1403715906934057984 -0.66071 0.99207 -0.02210 0.57952 0.01822 -0.81445 0.02235
1403715907034057984 -0.72646 0.96150 -0.03316 0.58227 0.06026 -0.80920 0.05038
1403715907134057984 -0.78960 0.93296 -0.05029 0.57961 0.11030 -0.80437 0.06978
1403715907234057984 -0.84885 0.89305 -0.05790 0.57539 0.16081 -0.79643 0.09361
1403715907334057984 -0.89278 0.82885 -0.05743 0.56899 0.20778 -0.78610 0.12294
1403715907434057984 -0.93804 0.78229 -0.03998 0.56341 0.25465 -0.77145 0.15029
1403715907534057984 -0.98532 0.71726 -0.01917 0.55590 0.29652 -0.75702 0.17313
1403715907634057984 -0.99824 0.66033 0.00719 0.54705 0.33179 -0.74251 0.19831
1403715907734057984 -1.00024 0.60346 0.03370 0.54059 0.35941 -0.72589 0.22731
1403715907834057984 -0.99008 0.55002 0.05805 0.53447 0.38451 -0.70766 0.25634
1403715907934057984 -0.96758 0.50254 0.08179 0.52364 0.40697 -0.69089 0.28784
1403715908034057984 -0.94275 0.46369 0.10158 0.50932 0.43139 -0.67313 0.31842
1403715908134057984 -0.91606 0.42926 0.11358 -0.49447 -0.45886 0.65150 -0.34712
1403715908234057984 -0.88509 0.40946 0.12057 -0.47605 -0.48983 0.62813 -0.37269
1403715908334057984 -0.84820 0.39412 0.13070 -0.45502 -0.52149 0.60312 -0.39654
1403715908434057984 -0.81176 0.38324 0.14036 -0.43263 -0.55241 0.57637 -0.41890
1403715908534057984 -0.77858 0.38269 0.14812 0.41039 0.58299 -0.54572 0.44033
1403715908634057984 -0.74293 0.38091 0.15896 0.38907 0.61298 -0.51125 0.45989
1403715908734057984 -0.70554 0.38243 0.16898 0.36923 0.63893 -0.47423 0.48015
1403715908834057984 -0.66599 0.38917 0.17524 0.34604 0.66018 -0.44029 0.50056
1403715908934057984 -0.62884 0.40531 0.17650 0.31876 0.68356 -0.40995 0.51291
1403715909034057984 -0.59916 0.43169 0.17783 0.29442 0.70912 -0.37681 0.51816
1403715909134057984 -0.56797 0.46264 0.17537 0.27313 0.73148 -0.34370 0.52173
1403715909234057984 -0.53473 0.49989 0.16939 0.25044 0.74917 -0.31361 0.52695
1403715909384058112 -0.48112 0.56280 0.15569 0.21882 0.76844 -0.27008 0.53729
1403715909484057856 -0.44208 0.61166 0.14305 0.20376 0.77876 -0.23779 0.54356
1403715909584058112 -0.39786 0.66872 0.12401 0.18997 0.78960 -0.20147 0.54759
1403715909684057856 -0.35193 0.73462 0.10483 0.16734 0.79701 -0.16548 0.55623
1403715909784058112 -0.30008 0.81198 0.08160 0.13692 0.80390 -0.12938 0.56415
1403715909934057984 -0.21956 0.94525 0.04423 0.07824 0.80545 -0.06911 0.58339
1403715910134057984 -0.12447 1.15407 -0.01098 -0.00439 0.79964 0.02712 0.59985
1403715910234057984 -0.08904 1.26792 -0.04203 -0.03999 0.79926 0.07682 0.59471
1403715910334057984 -0.06240 1.37894 -0.07065 -0.07319 0.79426 0.12128 0.59084
1403715910434057984 -0.04740 1.49767 -0.10298 -0.10231 0.78319 0.16044 0.59196
1403715910534057984 -0.04186 1.59877 -0.13021 -0.12929 0.76891 0.19600 0.59468
1403715910634057984 -0.04798 1.70106 -0.15744 -0.15467 0.75752 0.22809 0.59178
1403715910734057984 -0.06942 1.80095 -0.18215 -0.17966 0.74891 0.25772 0.58347
1403715910884058112 -0.11852 1.92652 -0.20811 -0.21532 0.73289 0.30011 0.57134
1403715910984057856 -0.17985 1.98192 -0.21768 -0.24033 0.72215 0.32794 0.55964
1403715911134057984 -0.28495 2.05410 -0.22648 -0.28052 0.69813 0.36534 0.54813
1403715911234057984 -0.36469 2.06752 -0.22260 -0.30689 0.67985 0.39089 0.53928
1403715911334057984 -0.45565 2.11263 -0.23050 -0.32857 0.66474 0.41799 0.52483
1403715911434057984 -0.54534 2.13162 -0.23803 -0.34931 0.65082 0.44488 0.50646
1403715911534057984 -0.60849 2.12343 -0.23800 -0.36601 0.64079 0.47049 0.48380
1403715911634057984 -0.70496 2.12396 -0.25116 -0.37559 0.63039 0.49870 0.46134
1403715911734057984 -0.78901 2.11625 -0.25744 -0.38075 0.61437 0.52795 0.44592
1403715911834057984 -0.86655 2.10126 -0.25261 -0.38840 0.59564 0.55313 0.43406
1403715911984057856 -0.96953 2.07171 -0.21610 -0.40592 0.56932 0.58070 0.41700
1403715912084058112 -1.04749 2.05474 -0.17843 -0.41784 0.55674 0.59345 0.40406
1403715912184057856 -1.14155 2.03834 -0.14102 -0.42996 0.54618 0.60299 0.39145
1403715912334057984 -1.26570 2.01392 -0.09003 -0.44713 0.52834 0.61701 0.37447
1403715912434057984 -1.34655 1.99707 -0.05850 -0.45542 0.51570 0.62832 0.36312
1403715912534057984 -1.42696 1.98363 -0.03309 -0.46428 0.50119 0.64029 0.35112
1403715912634057984 -1.49820 1.96544 -0.00337 -0.47422 0.48410 0.65424 0.33574
1403715912734057984 -1.56409 1.95224 0.01783 -0.48591 0.46199 0.66966 0.31939
1403715912834057984 -1.62092 1.93639 0.03598 -0.49905 0.43440 0.68743 0.29947
1403715912934057984 -1.68014 1.91581 0.04526 0.51239 -0.40189 -0.70666 -0.27673
1403715913034057984 -1.74924 1.88669 0.04530 0.52544 -0.36904 -0.72384 -0.25254
1403715913234057984 -1.88504 1.82918 0.02010 0.55032 -0.30006 -0.75039 -0.20984
1403715913334057984 -1.95778 1.79344 0.00837 0.56231 -0.26257 -0.75837 -0.19936
1403715913434057984 -2.03351 1.74967 -0.00135 0.56938 -0.22998 -0.76414 -0.19753
1403715913534057984 -2.10066 1.70531 -0.01350 0.57611 -0.20532 -0.76509 -0.20145
1403715913684057856 -2.18601 1.62158 -0.03011 0.57819 -0.17410 -0.76560 -0.22192
1403715913784058112 -2.23950 1.53979 -0.04080 0.57566 -0.17115 -0.76829 -0.22149
1403715913884058112 -2.29260 1.44664 -0.04926 0.56713 -0.17861 -0.77542 -0.21256
1403715913984057856 -2.34818 1.33869 -0.05272 0.56095 -0.18799 -0.77997 -0.20407
1403715914134057984 -2.42957 1.15834 -0.05115 0.55450 -0.19532 -0.78248 -0.20518
1403715914234057984 -2.48821 1.02628 -0.04908 0.55137 -0.21092 -0.78253 -0.19788
1403715914334057984 -2.55133 0.88886 -0.04601 0.54015 -0.23599 -0.78573 -0.18756
1403715914434057984 -2.60982 0.74260 -0.04185 0.52363 -0.26083 -0.79026 -0.18238
1403715914534057984 -2.66736 0.60194 -0.03277 0.50893 -0.28167 -0.79213 -0.18488
1403715914734057984 -2.80012 0.34625 -0.01646 -0.49062 0.33820 0.78286 0.17899
1403715914834057984 -2.86624 0.23056 -0.00868 -0.48515 0.37520 0.77324 0.16110
1403715914934057984 -2.93697 0.12130 -0.00149 -0.48134 0.40297 0.76414 0.14839
1403715915134057984 -3.08005 0.02390 0.01547 -0.48170 0.42711 0.75202 0.14144
1403715915334057984 -3.20676 0.05908 0.03909 -0.49850 0.40341 0.74586 0.18013
1403715915434057984 -3.26214 0.10261 0.04249 0.50347 -0.38113 -0.74731 -0.20685
1403715915534057984 -3.32159 0.15565 0.02740 0.50786 -0.36725 -0.74718 -0.22120
1403715915634057984 -3.38302 0.21165 -0.00214 0.50989 -0.35506 -0.74825 -0.23254
1403715915784058112 -3.47678 0.29235 -0.05280 0.50679 -0.34781 -0.75336 -0.23375
1403715915884058112 -3.54003 0.34562 -0.08866 0.50123 -0.35017 -0.75874 -0.22465
1403715915984057856 -3.61559 0.40704 -0.12002 0.50042 -0.35056 -0.76087 -0.21856
1403715916084058112 -3.70216 0.47117 -0.14864 0.50762 -0.34904 -0.75647 -0.21964
1403715916234057984 -3.80890 0.56856 -0.19938 0.51231 -0.35818 -0.74527 -0.23200
1403715916434057984 -3.97037 0.72060 -0.25506 0.50835 -0.39408 -0.72033 -0.25964
1403715916534057984 -4.05542 0.80716 -0.28280 0.50128 -0.42038 -0.70632 -0.27038
1403715916634057984 -4.14289 0.89624 -0.31386 -0.49291 0.44744 0.69040 0.28318
1403715916734057984 -4.22776 0.98802 -0.34308 -0.48764 0.47507 0.67258 0.29009
1403715916834057984 -4.29151 1.07684 -0.36742 -0.48491 0.49838 0.65649 0.29239
1403715917034057984 -4.39745 1.26068 -0.40649 -0.49190 0.53030 0.62452 0.29461
1403715917134057984 -4.43564 1.36605 -0.41107 -0.49692 0.52768 0.61168 0.31697
1403715917334057984 -4.46785 1.56263 -0.41850 -0.48275 0.50980 0.59528 0.39076
1403715917434057984 -4.47252 1.64401 -0.41712 -0.47575 0.51308 0.58919 0.40406
1403715917634057984 -4.47750 1.77437 -0.42904 -0.46626 0.54210 0.58696 0.37975
1403715917734057984 -4.46884 1.83046 -0.44455 -0.47552 0.54613 0.57900 0.37469
1403715917834057984 -4.45072 1.87723 -0.45724 -0.48550 0.54074 0.57178 0.38073
1403715917934057984 -4.43646 1.90683 -0.47868 -0.49132 0.53255 0.56942 0.38827
1403715918034057984 -4.40334 1.92122 -0.49040 -0.48918 0.52414 0.57255 0.39769
1403715918134057984 -4.36051 1.91569 -0.49841 -0.47556 0.52200 0.57819 0.40872
1403715918284058112 -4.29758 1.87974 -0.50988 -0.46561 0.53263 0.56857 0.41981
1403715918384058112 -4.25608 1.83469 -0.53058 -0.46139 0.55630 0.55639 0.40997
1403715918484057856 -4.21269 1.78837 -0.56386 -0.45302 0.58300 0.54601 0.39593
1403715918584058112 -4.16571 1.72837 -0.60460 -0.44268 0.60459 0.53477 0.39055
1403715918684057856 -4.11303 1.66553 -0.64706 -0.43031 0.61562 0.52908 0.39486
1403715918784058112 -4.05990 1.61264 -0.68098 -0.41153 0.61793 0.53337 0.40536
1403715918884058112 -3.99316 1.55125 -0.69687 -0.38758 0.61976 0.54480 0.41094
1403715919034057984 -3.90266 1.48215 -0.70650 -0.36070 0.62787 0.56025 0.40223
1403715919134057984 -3.84071 1.44252 -0.69413 -0.34679 0.62652 0.56969 0.40331
1403715919334057984 -3.73964 1.40942 -0.65724 -0.33339 0.59652 0.58401 0.43811
1403715919434057984 -3.71218 1.40868 -0.64422 -0.34397 0.59402 0.57786 0.44148
1403715919534057984 -3.69455 1.41365 -0.64906 -0.35880 0.59779 0.56774 0.43770
1403715919634057984 -3.67621 1.42303 -0.66743 -0.36874 0.60081 0.56024 0.43497
1403715919734057984 -3.67330 1.43851 -0.69987 -0.37012 0.60152 0.55807 0.43560
1403715919834057984 -3.67315 1.46398 -0.73999 -0.36619 0.59967 0.55897 0.44029
1403715919934057984 -3.68215 1.48492 -0.78510 -0.36301 0.59974 0.56116 0.44004
1403715920034057984 -3.69273 1.51539 -0.82040 -0.35907 0.60521 0.56423 0.43179
1403715920134057984 -3.71064 1.54740 -0.84253 -0.35805 0.60983 0.56602 0.42371
1403715920234057984 -3.73456 1.58295 -0.84952 -0.36127 0.61303 0.56551 0.41697
1403715920334057984 -3.76521 1.62704 -0.83934 -0.37459 0.61054 0.56170 0.41402
1403715920434057984 -3.79756 1.67461 -0.81809 -0.38842 0.60619 0.55757 0.41325
1403715920534057984 -3.82749 1.71679 -0.79324 -0.40311 0.60014 0.55240 0.41496
1403715920684057856 -3.87033 1.78839 -0.76317 -0.42209 0.59101 0.54487 0.41912
1403715920784058112 -3.89802 1.83612 -0.73593 -0.43288 0.58246 0.54408 0.42111
1403715920884058112 -3.93169 1.88367 -0.69705 -0.43824 0.57492 0.55047 0.41762
1403715920984057856 -3.95320 1.91635 -0.64922 -0.44164 0.57255 0.56228 0.40123
1403715921234057984 -3.98330 1.96627 -0.51083 -0.44198 0.55827 0.59631 0.37069
1403715921334057984 -3.98193 1.98265 -0.45992 -0.43901 0.54991 0.60681 0.36966
1403715921484057856 -3.98386 2.01018 -0.38140 -0.43104 0.54130 0.61954 0.37062
1403715921584058112 -3.98992 2.03118 -0.32099 -0.42977 0.53861 0.62246 0.37114
1403715921684057856 -3.99649 2.05199 -0.24803 -0.42986 0.53827 0.62254 0.37137
1403715921784058112 -4.00214 2.07166 -0.17376 -0.43417 0.54109 0.61885 0.36844
1403715921984057856 -4.01463 2.12109 -0.04341 -0.44115 0.54675 0.61071 0.36535
1403715922084058112 -4.01918 2.14403 0.01287 -0.44116 0.54605 0.60892 0.36935
1403715922284058112 -4.02612 2.19845 0.15232 -0.45175 0.54212 0.59835 0.37948
1403715922384058112 -4.03042 2.22777 0.23469 -0.45183 0.53866 0.59741 0.38574
1403715922484057856 -4.03320 2.25420 0.32364 -0.44906 0.53629 0.59935 0.38925
1403715922584058112 -4.03358 2.27301 0.40200 -0.45218 0.53726 0.59745 0.38723
1403715922684057856 -4.03238 2.28726 0.47211 -0.45639 0.53730 0.59511 0.38581
1403715922784058112 -4.02937 2.29942 0.53151 -0.45423 0.53566 0.59740 0.38711
1403715922884058112 -4.02686 2.30703 0.57758 -0.44922 0.53319 0.60163 0.38981
1403715922984057856 -4.02522 2.31100 0.61049 -0.44578 0.53150 0.60450 0.39161
1403715923084058112 -4.02430 2.30930 0.63609 -0.44306 0.53061 0.60658 0.39270
1403715923184057856 -4.02573 2.30050 0.66494 -0.43868 0.53205 0.61005 0.39028
1403715923284058112 -4.03059 2.28708 0.70804 -0.43378 0.53592 0.61378 0.38457
1403715923384058112 -4.03992 2.27368 0.75759 -0.43630 0.54261 0.61231 0.37455
1403715923484057856 -4.04671 2.25960 0.80301 -0.44348 0.54931 0.60763 0.36383
1403715923584058112 -4.05249 2.24556 0.83549 -0.45228 0.55498 0.60134 0.35471
1403715923684057856 -4.05342 2.23171 0.84581 -0.45964 0.55805 0.59607 0.34930
1403715923784058112 -4.04873 2.21759 0.83038 -0.46587 0.55832 0.59190 0.34770
1403715923884058112 -4.03730 2.21132 0.79814 -0.47149 0.55304 0.58830 0.35460
1403715923984057856 -4.01755 2.20318 0.75367 -0.47714 0.54555 0.58476 0.36438
1403715924084058112 -3.99111 2.19132 0.70104 -0.47671 0.53872 0.58508 0.37444
1403715924234057984 -3.93930 2.15777 0.61249 -0.46858 0.53275 0.59172 0.38273
1403715924334057984 -3.89970 2.12658 0.55469 -0.46214 0.53297 0.59659 0.38269
1403715924434057984 -3.85626 2.08936 0.49897 -0.45481 0.53629 0.60182 0.37862
1403715924534057984 -3.81490 2.05337 0.44392 -0.44515 0.54224 0.60817 0.37142
1403715924634057984 -3.77264 2.01508 0.39076 -0.44195 0.54892 0.60856 0.36473
1403715924734057984 -3.72696 1.97879 0.34045 -0.44349 0.56016 0.59947 0.36078
1403715924884058112 -3.64532 1.93010 0.26478 -0.44087 0.57909 0.57776 0.36943
1403715924984057856 -3.57924 1.89779 0.21381 -0.43551 0.59094 0.55811 0.38683
1403715925084058112 -3.50235 1.86359 0.16871 -0.42801 0.59863 0.53550 0.41434
1403715925184057856 -3.42152 1.82291 0.13849 -0.41646 0.60714 0.51418 0.43995
1403715925284058112 -3.33454 1.77520 0.12091 -0.40356 0.62366 0.49294 0.45299
1403715925434057984 -3.20933 1.68915 0.11212 -0.38165 0.65902 0.46114 0.45540
1403715925534057984 -3.11340 1.61845 0.10990 -0.36431 0.68282 0.44125 0.45424
1403715925634057984 -3.02559 1.55137 0.10224 -0.34654 0.70147 0.41983 0.46000
1403715925734057984 -2.92107 1.47798 0.09783 -0.33053 0.71554 0.39622 0.47091
1403715925834057984 -2.80840 1.40245 0.09177 -0.31424 0.72856 0.37150 0.48211
1403715925984057856 -2.62659 1.28280 0.08102 -0.28550 0.74315 0.33436 0.50441
1403715926084058112 -2.50258 1.19935 0.07081 -0.27048 0.75060 0.30353 0.52087
1403715926234057984 -2.31838 1.05913 0.03516 -0.24778 0.75958 0.25128 0.54635
1403715926334057984 -2.19678 0.94685 -0.00370 -0.22732 0.76517 0.21785 0.56159
1403715926434057984 -2.08624 0.82763 -0.05310 -0.20086 0.76767 0.18797 0.57879
1403715926584058112 -1.93704 0.63679 -0.12677 -0.15746 0.77140 0.14766 0.59862
1403715926684057856 -1.85587 0.50328 -0.18028 -0.12908 0.78352 0.12166 0.59551
1403715926784058112 -1.78690 0.36811 -0.23085 -0.09856 0.79599 0.09926 0.58892
1403715926884058112 -1.73611 0.23794 -0.27623 -0.06768 0.80687 0.08108 0.58122
1403715927034057984 -1.65540 0.03854 -0.31160 -0.03559 0.81526 0.05312 0.57555
1403715927134057984 -1.61177 -0.08833 -0.32976 -0.01758 0.81238 0.03483 0.58182
1403715927234057984 -1.56087 -0.21462 -0.33989 0.01186 0.80580 0.02561 0.59152
1403715927334057984 -1.51926 -0.32851 -0.34677 0.04191 0.79859 0.01738 0.60016
1403715927434057984 -1.48722 -0.42045 -0.35336 0.06289 0.78710 0.00399 0.61359
1403715927534057984 -1.46450 -0.50986 -0.35522 0.06582 0.77441 -0.02284 0.62883
1403715927684057856 -1.47081 -0.60624 -0.35776 0.07226 0.75862 -0.07168 0.64354
1403715927784058112 -1.49342 -0.67034 -0.36185 0.09293 0.75489 -0.10126 0.64129
1403715927884058112 -1.53752 -0.71649 -0.36977 0.12350 0.75385 -0.12984 0.63214
1403715927984057856 -1.59322 -0.75250 -0.38345 0.15720 0.75411 -0.15978 0.61731
1403715928134057984 -1.70020 -0.77833 -0.42163 0.19323 0.74976 -0.22010 0.59336
1403715928234057984 -1.78385 -0.77390 -0.46294 0.21327 0.74074 -0.26589 0.57889
1403715928334057984 -1.87171 -0.76340 -0.51112 0.23835 0.72031 -0.30649 0.57480
1403715928534057984 -2.05633 -0.72472 -0.62269 0.27820 0.68455 -0.37734 0.55822
1403715928634057984 -2.16476 -0.68827 -0.67349 0.28575 0.67869 -0.40684 0.54057
1403715928734057984 -2.27444 -0.65085 -0.71529 0.29014 0.68371 -0.42484 0.51756
1403715928834057984 -2.38886 -0.60972 -0.74000 0.28149 0.70152 -0.43905 0.48566
1403715928984057856 -2.54419 -0.55492 -0.72950 0.25314 0.73449 -0.44005 0.45033
1403715929084058112 -2.63583 -0.53054 -0.68488 0.23299 0.75393 -0.43190 0.43676
1403715929184057856 -2.71631 -0.52766 -0.62904 0.21918 0.77096 -0.41991 0.42573
1403715929384058112 -2.81515 -0.58228 -0.52991 0.25125 0.78915 -0.36186 0.42799
1403715929484057856 -2.84150 -0.62298 -0.48428 0.29354 0.78587 -0.31989 0.44036
1403715929584058112 -2.84880 -0.65523 -0.44225 0.33244 0.77950 -0.28432 0.44835
1403715929734057984 -2.83300 -0.67664 -0.38804 0.33591 0.77191 -0.28601 0.45774
1403715929834057984 -2.78924 -0.67174 -0.35997 0.30758 0.76102 -0.31488 0.47654
1403715929934057984 -2.72569 -0.65970 -0.34386 0.27580 0.74130 -0.34418 0.50592
1403715930034057984 -2.65349 -0.64902 -0.33736 0.25000 0.72209 -0.36677 0.53062
1403715930184057856 -2.54686 -0.62913 -0.34088 0.21861 0.69820 -0.39394 0.55636
1403715930284058112 -2.49455 -0.61467 -0.33888 0.20588 0.68827 -0.40635 0.56461
1403715930384058112 -2.46636 -0.60202 -0.33398 0.20603 0.69089 -0.40987 0.55877
1403715930534057984 -2.44882 -0.59086 -0.34310 0.21445 0.71025 -0.40943 0.53096
1403715930634057984 -2.44946 -0.59483 -0.36257 0.21473 0.72262 -0.41156 0.51219
1403715930734057984 -2.45432 -0.60364 -0.37325 0.21105 0.72818 -0.41590 0.50223
1403715930934057984 -2.46793 -0.66915 -0.34597 0.22888 0.74099 -0.40621 0.48327
1403715931034057984 -2.46432 -0.71817 -0.31947 0.23596 0.75034 -0.39989 0.47053
1403715931134057984 -2.45579 -0.78002 -0.30449 0.23472 0.75834 -0.40044 0.45769
1403715931234057984 -2.44116 -0.85294 -0.29074 0.23343 0.76168 -0.40111 0.45218
1403715931384058112 -2.40342 -0.98577 -0.24419 0.23225 0.75770 -0.40287 0.45787
1403715931484057856 -2.36768 -1.09141 -0.20178 0.23431 0.75400 -0.40126 0.46429
1403715931584058112 -2.32190 -1.21001 -0.16930 0.23851 0.75179 -0.39716 0.46925
1403715931734057984 -2.23852 -1.39970 -0.14520 0.24712 0.75143 -0.38730 0.47359
1403715931934057984 -2.11016 -1.65927 -0.13713 0.25433 0.74254 -0.37337 0.49451
1403715932034057984 -2.03499 -1.80147 -0.12998 0.25950 0.73257 -0.36597 0.51192
1403715932134057984 -1.95802 -1.94040 -0.11818 0.27008 0.71775 -0.35530 0.53447
1403715932284058112 -1.84645 -2.12155 -0.08692 0.29254 0.68725 -0.33521 0.57423
1403715932384058112 -1.77619 -2.22509 -0.05987 0.30404 0.66690 -0.32420 0.59807
1403715932484057856 -1.71628 -2.30616 -0.03143 0.31013 0.65227 -0.31738 0.61452
1403715932684057856 -1.65199 -2.37524 0.03169 0.31907 0.62288 -0.30537 0.64572
1403715932784058112 -1.65890 -2.34977 0.06695 0.32344 0.61398 -0.30113 0.65401
1403715932884058112 -1.70809 -2.27067 0.09667 0.32185 0.62410 -0.30681 0.64248
1403715933034057984 -1.80996 -2.10209 0.12773 0.29787 0.67447 -0.33818 0.58481
1403715933134057984 -1.90561 -1.94714 0.14384 0.28013 0.70565 -0.35764 0.54376
1403715933234057984 -2.00314 -1.78798 0.16172 0.26064 0.73406 -0.37516 0.50247
1403715933334057984 -2.08960 -1.63857 0.18091 0.23818 0.75809 -0.39235 0.46328
1403715933484057856 -2.19620 -1.44829 0.20828 0.19258 0.78476 -0.42467 0.40830
1403715933584058112 -2.24857 -1.35289 0.22982 0.16947 0.79730 -0.44056 0.37617
1403715933684057856 -2.28074 -1.29872 0.25883 0.15910 0.80714 -0.44711 0.35115
1403715933834057984 -2.29899 -1.30193 0.32722 0.16406 0.81744 -0.43700 0.33751
1403715933934057984 -2.27478 -1.36086 0.38920 0.18284 0.80770 -0.42651 0.36369
1403715934034057984 -2.23163 -1.45643 0.46655 0.21415 0.78145 -0.40267 0.42584
1403715934134057984 -2.16262 -1.55268 0.54638 0.25234 0.73950 -0.38159 0.49381
1403715934234057984 -2.08562 -1.65528 0.60258 0.28549 0.69434 -0.35889 0.55461
1403715934384058112 -1.97892 -1.79138 0.64616 0.31569 0.64460 -0.33212 0.61198
1403715934484057856 -1.92058 -1.85755 0.65421 0.32902 0.61855 -0.31722 0.63915
1403715934584058112 -1.88026 -1.89586 0.65491 0.33692 0.59697 -0.30447 0.66137
1403715934684057856 -1.85950 -1.90817 0.65396 0.33864 0.58259 -0.29565 0.67713
1403715934784058112 -1.87170 -1.88431 0.66697 0.33213 0.57708 -0.29349 0.68596
1403715934934057984 -1.93874 -1.76527 0.69224 0.30794 0.62053 -0.31341 0.64953
1403715935034057984 -2.01738 -1.64949 0.71182 0.28219 0.66436 -0.33656 0.60476
1403715935134057984 -2.10881 -1.51640 0.71777 0.25785 0.70551 -0.35835 0.55441
1403715935234057984 -2.21344 -1.36384 0.70309 0.23733 0.73753 -0.37581 0.50843
1403715935434057984 -2.43824 -1.07301 0.63999 0.21106 0.77766 -0.39331 0.44273
1403715935534057984 -2.54607 -0.93387 0.59276 0.20406 0.78850 -0.39875 0.42146
1403715935634057984 -2.64203 -0.82389 0.54424 0.19735 0.79740 -0.39959 0.40685
1403715935734057984 -2.71518 -0.73664 0.49979 0.19027 0.80608 -0.40130 0.39115
1403715935834057984 -2.77398 -0.66916 0.45944 0.18402 0.81364 -0.40290 0.37655
1403715935934057984 -2.81402 -0.62633 0.42601 0.18260 0.81691 -0.40257 0.37047
1403715936034057984 -2.83571 -0.60547 0.40208 0.19503 0.80660 -0.39548 0.39365
1403715936134057984 -2.80069 -0.62543 0.38646 0.22301 0.77994 -0.38415 0.44091
1403715936284058112 -2.72003 -0.68648 0.38102 0.26585 0.73012 -0.36030 0.51618
1403715936384058112 -2.66010 -0.75203 0.38436 0.28095 0.70003 -0.35106 0.55479
1403715936534057984 -2.56621 -0.82528 0.37031 0.28999 0.67497 -0.34678 0.58315
1403715936634057984 -2.50078 -0.88225 0.37202 0.28803 0.66365 -0.34842 0.59599
1403715936734057984 -2.45969 -0.91040 0.36648 0.28556 0.65954 -0.35114 0.60014
1403715936834057984 -2.43814 -0.91379 0.35202 0.28309 0.67144 -0.35509 0.58561
1403715936934057984 -2.44290 -0.88854 0.33684 0.27981 0.68339 -0.35933 0.57059
1403715937034057984 -2.44308 -0.86341 0.32231 0.27253 0.69382 -0.36013 0.56094
1403715937234057984 -2.46921 -0.78461 0.28525 0.24352 0.72487 -0.34884 0.54182
1403715937334057984 -2.48393 -0.73943 0.25927 0.22798 0.73827 -0.33271 0.54064
1403715937434057984 -2.50306 -0.69038 0.22708 0.21339 0.74861 -0.31234 0.54451
1403715937534057984 -2.53253 -0.63347 0.18302 0.19507 0.76394 -0.29808 0.53805
1403715937634057984 -2.56259 -0.57745 0.12916 0.17574 0.78587 -0.28653 0.51906
1403715937734057984 -2.57942 -0.52965 0.07835 0.15928 0.80273 -0.27485 0.50469
1403715937934057984 -2.58355 -0.45751 -0.02141 0.13293 0.82260 -0.24617 0.49503
1403715938034057984 -2.57163 -0.42640 -0.06971 0.12144 0.83055 -0.22962 0.49266
1403715938134057984 -2.54557 -0.40722 -0.10803 0.10886 0.83850 -0.21027 0.49076
1403715938284058112 -2.47025 -0.40500 -0.13512 0.09378 0.84399 -0.17231 0.49919
1403715938384058112 -2.40032 -0.41115 -0.12938 0.09473 0.83690 -0.13674 0.52147
1403715938484057856 -2.31632 -0.42170 -0.11714 0.08558 0.82793 -0.10797 0.54364
1403715938584058112 -2.22732 -0.43191 -0.10614 0.07053 0.82153 -0.08650 0.55914
1403715938684057856 -2.13575 -0.44164 -0.09982 0.05776 0.82100 -0.07293 0.56329
1403715938784058112 -2.03576 -0.45004 -0.09703 0.04867 0.83104 -0.06579 0.55015
1403715938884058112 -1.92262 -0.46039 -0.09808 0.04086 0.84533 -0.06278 0.52896
1403715938984057856 -1.79803 -0.47253 -0.10543 0.03480 0.85670 -0.06083 0.51103
1403715939084058112 -1.66149 -0.48642 -0.11267 0.03079 0.86426 -0.05864 0.49867
1403715939184057856 -1.50522 -0.50083 -0.11479 0.03016 0.85788 -0.05483 0.51003
1403715939284058112 -1.33644 -0.51694 -0.11113 0.03184 0.83424 -0.04957 0.54824
1403715939384058112 -1.15866 -0.53097 -0.10859 0.03303 0.80657 -0.04626 0.58840
1403715939584058112 -0.84638 -0.55366 -0.10646 0.03893 0.75830 -0.04229 0.64937
1403715939684057856 -0.72220 -0.56242 -0.09919 0.04257 0.72859 -0.04125 0.68238
1403715939784058112 -0.62561 -0.56126 -0.08556 0.04579 0.70466 -0.04216 0.70681
1403715939934057984 -0.56438 -0.54668 -0.04561 0.05137 0.68900 -0.04397 0.72160
1403715940034057984 -0.58229 -0.52840 -0.00816 0.05384 0.70642 -0.04625 0.70423
1403715940134057984 -0.63764 -0.49722 0.03176 0.05339 0.74591 -0.05026 0.66200
1403715940284058112 -0.76267 -0.44082 0.09119 0.04879 0.80117 -0.05616 0.59380
1403715940384058112 -0.85347 -0.39617 0.12850 0.04287 0.83293 -0.06013 0.54843
1403715940484057856 -0.94224 -0.35415 0.16088 0.03691 0.86143 -0.06415 0.50245
1403715940584058112 -1.01739 -0.31174 0.19211 0.02660 0.88710 -0.07193 0.45515
1403715940734057984 -1.06757 -0.25873 0.24103 0.01162 0.91676 -0.08436 0.39026
1403715940834057984 -1.03985 -0.23211 0.27869 0.01526 0.92475 -0.08394 0.37089
1403715940934057984 -0.99292 -0.25446 0.32908 0.00554 0.92020 -0.03677 0.38968
1403715941084058112 -0.82035 -0.23530 0.42386 0.00998 0.86989 -0.01969 0.49276
1403715941184057856 -0.69578 -0.22540 0.49551 0.00283 0.81566 -0.00387 0.57850
1403715941284058112 -0.56878 -0.21129 0.55723 0.00067 0.76755 -0.00716 0.64095
1403715941434057984 -0.39561 -0.18520 0.62998 -0.00703 0.71993 -0.01189 0.69391
1403715941534057984 -0.29530 -0.16432 0.64753 -0.01286 0.70358 -0.01463 0.71035
1403715941634057984 -0.22578 -0.14409 0.65039 -0.01916 0.68806 -0.01723 0.72519
1403715941734057984 -0.18261 -0.12474 0.64456 -0.02797 0.66800 -0.02099 0.74334
1403715941884058112 -0.16628 -0.09541 0.62321 -0.03429 0.64442 -0.02221 0.76358
1403715941984057856 -0.20916 -0.08221 0.60887 -0.02810 0.65848 -0.01820 0.75186
1403715942084058112 -0.29188 -0.07608 0.57887 -0.01966 0.70174 -0.01254 0.71205
1403715942284058112 -0.59249 -0.08997 0.46499 -0.01343 0.80049 -0.00660 0.59916
1403715942384058112 -0.75218 -0.10114 0.37170 -0.01384 0.83836 -0.00652 0.54490
1403715942484057856 -0.91936 -0.11690 0.26475 -0.01768 0.86313 -0.00938 0.50458
1403715942584058112 -1.08394 -0.11651 0.16168 -0.01427 0.88233 -0.01914 0.47003
1403715942684057856 -1.23658 -0.13621 0.06468 -0.01151 0.89727 -0.01508 0.44107
1403715942884058112 -1.40515 -0.16485 -0.11509 -0.00730 0.90451 -0.00606 0.42634
1403715942984057856 -1.45249 -0.18878 -0.19728 -0.00619 0.90192 -0.00043 0.43185
1403715943084058112 -1.48454 -0.22376 -0.26692 0.00095 0.89677 0.01157 0.44234
1403715943184057856 -1.41634 -0.23888 -0.30380 0.00436 0.88415 0.01874 0.46681
1403715943284058112 -1.34525 -0.24299 -0.32455 -0.00022 0.85466 0.01536 0.51896
1403715943384058112 -1.27082 -0.25077 -0.33390 -0.00861 0.81467 0.01850 0.57957
1403715943484057856 -1.15821 -0.24198 -0.32982 -0.01786 0.77683 0.02466 0.62897
1403715943584058112 -1.05982 -0.23642 -0.33243 -0.02294 0.75467 0.02890 0.65506
1403715943784058112 -0.92735 -0.22878 -0.33993 -0.03042 0.72189 0.02291 0.69096
1403715943884058112 -0.89025 -0.22782 -0.33999 -0.02983 0.70775 0.01751 0.70561
1403715943984057856 -0.87386 -0.22146 -0.33042 -0.02808 0.70437 0.01348 0.70915
1403715944084058112 -0.90829 -0.22166 -0.30276 -0.03395 0.73785 0.01009 0.67403
1403715944284058112 -1.10209 -0.23778 -0.23876 -0.05134 0.83120 0.02392 0.55308
1403715944384058112 -1.17605 -0.24526 -0.21844 -0.05801 0.86005 0.04388 0.50500
1403715944484057856 -1.24389 -0.25543 -0.21933 -0.06674 0.87868 0.06910 0.46765
1403715944584058112 -1.28215 -0.25577 -0.21891 -0.07931 0.88849 0.09510 0.44187
1403715944734057984 -1.29868 -0.26076 -0.20391 -0.10256 0.89140 0.13328 0.42087
1403715944834057984 -1.25932 -0.25789 -0.18008 -0.11418 0.88435 0.16549 0.42131
1403715944934057984 -1.20290 -0.24633 -0.14807 -0.12115 0.85683 0.20035 0.45938
1403715945034057984 -1.13615 -0.22500 -0.11056 -0.12767 0.81489 0.21881 0.52132
1403715945234057984 -0.98148 -0.17209 -0.04817 -0.13716 0.73867 0.22608 0.62004
1403715945334057984 -0.93861 -0.15770 -0.01559 -0.14093 0.71423 0.22250 0.64846
1403715945434057984 -0.90784 -0.14739 0.01226 -0.14646 0.68962 0.21756 0.67501
1403715945534057984 -0.90662 -0.14184 0.04753 -0.15505 0.67121 0.20864 0.69420
1403715945634057984 -0.93256 -0.14291 0.06970 -0.15947 0.69804 0.20400 0.66760
1403715945734057984 -0.97764 -0.15131 0.09207 -0.15650 0.74001 0.20422 0.62144
1403715945884058112 -1.07203 -0.17605 0.12650 -0.13950 0.79757 0.21108 0.54761
1403715945984057856 -1.12652 -0.18550 0.15624 -0.12997 0.82788 0.21585 0.50114
1403715946084058112 -1.17348 -0.18792 0.18178 -0.12573 0.84608 0.22523 0.46649
1403715946284058112 -1.23045 -0.15893 0.22615 -0.12975 0.86436 0.25217 0.41529
1403715946384058112 -1.20771 -0.11540 0.26164 -0.13826 0.85374 0.27236 0.42170
1403715946484057856 -1.16827 -0.05030 0.30091 -0.15324 0.82466 0.28800 0.46207
1403715946584058112 -1.12031 0.02644 0.34399 -0.17893 0.78924 0.29229 0.50956
1403715946684057856 -1.07184 0.10747 0.38906 -0.20723 0.75100 0.29321 0.55415
1403715946784058112 -1.02651 0.18946 0.42558 -0.22604 0.72413 0.29040 0.58327
1403715946884058112 -0.98772 0.26422 0.45145 -0.23652 0.70854 0.28744 0.59950
1403715946984057856 -0.95403 0.32828 0.47150 -0.24217 0.69480 0.28550 0.61407
1403715947134057984 -0.92985 0.40310 0.49894 -0.25724 0.66764 0.27162 0.64367
1403715947234057984 -0.93634 0.42492 0.52177 -0.26813 0.64402 0.25743 0.66864
1403715947334057984 -0.96698 0.44035 0.53481 -0.27017 0.64470 0.25091 0.66964
1403715947434057984 -1.02306 0.41840 0.53246 -0.25694 0.67632 0.25881 0.63999
1403715947684057856 -1.25259 0.27902 0.45904 -0.23144 0.77210 0.27963 0.52163
1403715947784058112 -1.33791 0.21667 0.41000 -0.21914 0.79820 0.28849 0.48127
1403715947884058112 -1.41498 0.15500 0.35458 -0.20175 0.81329 0.30228 0.45440
1403715947984057856 -1.48057 0.09856 0.28981 -0.18667 0.82577 0.31567 0.42851
1403715948084058112 -1.52953 0.05675 0.22806 -0.17513 0.83688 0.32665 0.40282
1403715948184057856 -1.55071 0.04218 0.17668 -0.16701 0.84243 0.33512 0.38744
1403715948284058112 -1.53548 0.06342 0.13883 -0.17065 0.83843 0.33498 0.39458
1403715948384058112 -1.50370 0.10811 0.11218 -0.18534 0.82173 0.32453 0.43021
1403715948534057984 -1.40588 0.20850 0.07429 -0.20949 0.78116 0.30871 0.50061
1403715948634057984 -1.33908 0.27122 0.05198 -0.22246 0.75295 0.30243 0.54047
1403715948734057984 -1.28087 0.32757 0.02853 -0.22425 0.73215 0.28501 0.57658
1403715948834057984 -1.22385 0.38225 0.00062 -0.22794 0.71531 0.27631 0.60003
1403715948934057984 -1.17480 0.43164 -0.02674 -0.23633 0.70191 0.27094 0.61487
1403715949034057984 -1.14024 0.46753 -0.05221 -0.24864 0.68701 0.27082 0.62678
1403715949134057984 -1.12365 0.49166 -0.07791 -0.26031 0.67992 0.27770 0.62676
1403715949234057984 -1.12157 0.50766 -0.10438 -0.26264 0.69353 0.29792 0.60106
1403715949334057984 -1.13523 0.50120 -0.13311 -0.25917 0.71779 0.32578 0.55809
1403715949534057984 -1.17312 0.47895 -0.18547 -0.23984 0.76209 0.37915 0.46684
1403715949634057984 -1.18443 0.47335 -0.19987 -0.23706 0.76822 0.40232 0.43793
1403715949734057984 -1.18865 0.47750 -0.21025 -0.23726 0.77031 0.42464 0.41233
1403715949884058112 -1.17532 0.52071 -0.21647 -0.23716 0.75913 0.46046 0.39428
1403715949984057856 -1.14722 0.58454 -0.20837 -0.23853 0.74039 0.48446 0.40028
1403715950134057984 -1.09494 0.72574 -0.19414 -0.25721 0.69691 0.50993 0.43374
1403715950234057984 -1.05992 0.84318 -0.17983 -0.29252 0.66314 0.50283 0.47099
1403715950334057984 -1.03263 0.96224 -0.16947 -0.33269 0.63620 0.48352 0.50077
1403715950534057984 -0.99859 1.17417 -0.14789 -0.38463 0.59249 0.44746 0.54844
1403715950634057984 -0.99611 1.24779 -0.13488 -0.39496 0.58124 0.43694 0.56146
1403715950734057984 -1.00510 1.28978 -0.11304 -0.40425 0.57072 0.42764 0.57270
1403715950834057984 -1.02697 1.31030 -0.09262 -0.41300 0.56117 0.42049 0.58113
1403715950934057984 -1.06314 1.29822 -0.07136 -0.41543 0.56084 0.42090 0.57941
1403715951034057984 -1.11322 1.26996 -0.05978 -0.40429 0.58773 0.43722 0.54769
1403715951184057856 -1.20960 1.14625 -0.04062 -0.36773 0.63418 0.47656 0.48527
1403715951284058112 -1.27319 1.06234 -0.03225 -0.34040 0.65899 0.50641 0.43977
1403715951484057856 -1.39782 0.91587 -0.00898 -0.30805 0.68132 0.55309 0.36741
1403715951584058112 -1.44655 0.86068 0.00526 -0.29948 0.68324 0.57303 0.33930
1403715951684057856 -1.49436 0.83815 0.02196 -0.29537 0.67969 0.59100 0.31858
1403715951784058112 -1.53825 0.84428 0.04227 -0.29624 0.67296 0.60590 0.30373
1403715951934057984 -1.59385 0.92510 0.09036 -0.33099 0.64586 0.61105 0.31611
1403715952034057984 -1.62457 1.00744 0.13534 -0.38105 0.60658 0.60571 0.34637
1403715952134057984 -1.65996 1.08296 0.18162 -0.43878 0.55808 0.59741 0.37298
1403715952234057984 -1.68382 1.17627 0.22218 -0.47836 0.52461 0.58584 0.39083
1403715952384058112 -1.71163 1.29987 0.26716 0.51586 -0.48962 -0.57530 -0.40396
1403715952484057856 -1.70578 1.37446 0.28995 0.53402 -0.47171 -0.57069 -0.40818
1403715952584058112 -1.68876 1.43961 0.30686 0.54821 -0.45395 -0.57025 -0.41013
1403715952684057856 -1.66613 1.47619 0.32528 0.56686 -0.43620 -0.56325 -0.41370
1403715952784058112 -1.64410 1.48216 0.34723 0.58628 -0.41665 -0.55075 -0.42350
1403715952934057984 -1.58380 1.41853 0.38248 0.57778 -0.41974 -0.56621 -0.41158
1403715953034057984 -1.53456 1.34861 0.39533 0.53752 -0.44485 -0.60938 -0.37661
1403715953134057984 -1.47749 1.25710 0.38685 -0.48924 0.47011 0.65321 0.33608
1403715953234057984 -1.41513 1.14702 0.36850 -0.44487 0.49084 0.68621 0.30045
1403715953434057984 -1.30240 0.95470 0.30714 -0.39073 0.50811 0.72468 0.25297
1403715953534057984 -1.24665 0.87790 0.27486 -0.37438 0.50630 0.74135 0.23218
1403715953634057984 -1.20021 0.83253 0.25225 -0.36314 0.49638 0.75905 0.21349
1403715953734057984 -1.17110 0.81905 0.23669 -0.35624 0.48337 0.77453 0.19886
1403715953834057984 -1.17354 0.84042 0.22908 -0.35323 0.47371 0.78138 0.20070
1403715953934057984 -1.18294 0.91417 0.23250 -0.36300 0.44200 0.78879 0.22512
1403715954034057984 -1.23346 0.99208 0.23594 -0.38091 0.41712 0.77483 0.28381
1403715954134057984 -1.28286 1.11098 0.22976 -0.41936 0.38308 0.75684 0.32340
1403715954284058112 -1.38632 1.28330 0.21505 -0.48710 0.35547 0.71246 0.35885
1403715954384058112 -1.47362 1.38715 0.20447 0.53093 -0.35624 -0.68027 -0.35839
1403715954484057856 -1.56498 1.47097 0.19736 0.57150 -0.35698 -0.64801 -0.35502
1403715954584058112 -1.64685 1.52664 0.18970 0.60226 -0.34905 -0.62047 -0.36120
1403715954734057984 -1.73247 1.54253 0.17843 0.62522 -0.34037 -0.59972 -0.36549
1403715954834057984 -1.76886 1.51133 0.16786 0.61542 -0.34613 -0.61056 -0.35870
1403715954934057984 -1.79059 1.44842 0.15750 0.58992 -0.36007 -0.63502 -0.34511
1403715955034057984 -1.79811 1.35712 0.14808 0.55306 -0.37870 -0.66620 -0.32693
1403715955234057984 -1.78386 1.12815 0.13260 -0.48060 0.42439 0.71725 0.27290
1403715955334057984 -1.77117 1.01670 0.12531 -0.44771 0.44106 0.73631 0.25073
1403715955484057856 -1.76129 0.87804 0.12277 -0.41173 0.45920 0.75513 0.22224
1403715955584058112 -1.75952 0.81248 0.12470 -0.39510 0.46949 0.76495 0.19580
1403715955784058112 -1.80752 0.78973 0.14991 -0.39832 0.44415 0.78134 0.18327
1403715955884058112 -1.83972 0.82462 0.18199 -0.45012 0.40228 0.77159 0.20054
1403715955984057856 -1.88364 0.86780 0.21491 0.50566 -0.35647 -0.75575 -0.21467
1403715956084058112 -1.91289 0.91490 0.24928 0.55694 -0.29312 -0.74487 -0.22148
1403715956234057984 -1.98532 0.98151 0.29059 0.59843 -0.22940 -0.73408 -0.22447
1403715956334057984 -2.02039 1.00494 0.31456 0.61610 -0.19580 -0.73297 -0.21172
1403715956434057984 -2.04080 1.00996 0.34305 0.64448 -0.16254 -0.72134 -0.19468
1403715956534057984 -2.04727 0.99958 0.37063 0.67486 -0.13120 -0.70435 -0.17675
1403715956734057984 -1.98390 0.92696 0.42142 0.68609 -0.10309 -0.70634 -0.14048
1403715956834057984 -1.91871 0.87323 0.44426 0.66411 -0.10664 -0.73001 -0.12112
1403715956934057984 -1.84406 0.81587 0.46657 0.63146 -0.11393 -0.75959 -0.10629
1403715957034057984 -1.74201 0.74328 0.47681 0.58959 -0.12267 -0.79259 -0.09557
1403715957134057984 -1.63188 0.66254 0.47683 0.55041 -0.13199 -0.81973 -0.08760
1403715957334057984 -1.41696 0.49742 0.44040 -0.47273 0.15390 0.86522 0.06509
1403715957434057984 -1.33046 0.42365 0.40776 -0.43526 0.16118 0.88392 0.05699
1403715957534057984 -1.26746 0.35900 0.37003 -0.40508 0.16650 0.89752 0.05143
1403715957634057984 -1.24331 0.31594 0.32970 -0.38363 0.16560 0.90720 0.04897
1403715957834057984 -1.33247 0.28585 0.26592 -0.42516 0.14905 0.89071 0.06052
1403715957934057984 -1.40063 0.28499 0.25082 -0.48882 0.12813 0.86052 0.06441
1403715958034057984 -1.50103 0.27585 0.23858 0.55025 -0.11028 -0.82478 -0.06930
1403715958134057984 -1.61878 0.28017 0.21873 0.60349 -0.08697 -0.78971 -0.06780
1403715958334057984 -1.82320 0.27044 0.17359 0.67318 -0.04363 -0.73631 -0.05266
1403715958434057984 -1.90549 0.26125 0.14821 0.69836 -0.02453 -0.71420 -0.04015
1403715958534057984 -1.97319 0.25199 0.12170 0.71834 -0.00782 -0.69526 -0.02325
1403715958634057984 -2.00551 0.23541 0.09153 0.71807 0.00502 -0.69595 -0.00102
1403715958834057984 -1.93064 0.18041 0.03229 0.66946 0.02318 -0.74001 0.06067
1403715958934057984 -1.86637 0.15869 -0.00035 0.62774 0.02998 -0.77194 0.09563
1403715959034057984 -1.81439 0.14077 -0.03867 0.58427 0.04453 -0.80167 0.11820
1403715959134057984 -1.72515 0.15550 -0.06211 0.54703 0.07099 -0.82492 0.12342
1403715959284058112 -1.59468 0.17743 -0.09674 0.50498 0.12423 -0.84715 0.10910
1403715959384058112 -1.51292 0.19440 -0.12035 -0.46573 -0.15253 0.86561 -0.10269
1403715959534057984 -1.42641 0.21160 -0.15508 -0.41736 -0.17729 0.88591 -0.09771
1403715959634057984 -1.35534 0.22061 -0.16402 -0.40537 -0.19679 0.88741 -0.09725
1403715959734057984 -1.40621 0.18053 -0.15009 -0.42707 -0.20727 0.87372 -0.10614
1403715959884058112 -1.50124 0.11899 -0.10501 0.50801 0.21925 -0.82048 0.14376
1403715959984057856 -1.54222 0.07631 -0.08004 0.56758 0.21668 -0.77698 0.16493
1403715960084058112 -1.60223 0.02799 -0.05126 0.61496 0.21318 -0.73707 0.18193
1403715960184057856 -1.65359 -0.01094 -0.02952 0.64648 0.21107 -0.70764 0.19171
1403715960284058112 -1.68813 -0.03662 -0.00691 0.66888 0.20968 -0.68561 0.19640
1403715960384058112 -1.70521 -0.05199 0.01768 0.68715 0.20712 -0.66706 0.19990
1403715960484057856 -1.68847 -0.05123 0.03785 0.69529 0.20549 -0.65852 0.20173
1403715960584058112 -1.64967 -0.04601 0.05890 0.67695 0.21103 -0.67815 0.19318
1403715960734057984 -1.52343 0.00527 0.07997 0.61380 0.22604 -0.73717 0.16954
1403715960834057984 -1.42543 0.04386 0.09168 0.55939 0.23596 -0.78043 0.14947
1403715960934057984 -1.32163 0.08783 0.09869 0.50232 0.24467 -0.81928 0.12882
1403715961034057984 -1.21796 0.12563 0.11029 -0.45947 -0.24960 0.84497 -0.11234
1403715961234057984 -1.07379 0.13783 0.14957 -0.39232 -0.24565 0.88122 -0.09587
1403715961334057984 -1.04671 0.11528 0.17710 -0.39236 -0.23307 0.88303 -0.10950
1403715961434057984 -1.06091 0.06262 0.21808 -0.42191 -0.22379 0.86825 -0.13440
1403715961534057984 -1.10255 0.01067 0.26730 -0.46013 -0.23562 0.83965 -0.16659
1403715961734057984 -1.23238 -0.12686 0.37479 0.54449 0.26582 -0.76540 0.21686
1403715961834057984 -1.28692 -0.18198 0.41991 0.58032 0.28896 -0.72227 0.24095
1403715961934057984 -1.32425 -0.23136 0.44042 0.60793 0.30023 -0.68946 0.25479
1403715962034057984 -1.35714 -0.28020 0.44664 0.63722 0.30241 -0.65176 0.27875
1403715962134057984 -1.37413 -0.31056 0.44815 0.65828 0.30247 -0.61762 0.30614
1403715962234057984 -1.37013 -0.31702 0.44276 0.66067 0.30939 -0.60036 0.32767
1403715962334057984 -1.34363 -0.31845 0.43824 0.64269 0.32163 -0.60296 0.34632
1403715962434057984 -1.30212 -0.28353 0.41510 0.61232 0.33323 -0.61838 0.36280
1403715962534057984 -1.25243 -0.21670 0.37712 0.56801 0.34666 -0.64368 0.37797
1403715962784058112 -1.09828 0.06955 0.24985 -0.44549 -0.38949 0.70617 -0.38879
1403715962884058112 -1.06210 0.20646 0.18256 -0.41485 -0.41651 0.71651 -0.37554
1403715962984057856 -1.03279 0.35771 0.10651 -0.39339 -0.45950 0.71874 -0.34280
1403715963084058112 -1.00952 0.50349 0.01657 -0.36837 -0.50308 0.71910 -0.30676
1403715963184057856 -1.00306 0.63692 -0.08498 -0.33645 -0.54121 0.71705 -0.28238
1403715963284058112 -1.00729 0.74952 -0.19461 -0.30595 -0.57265 0.71159 -0.26852
1403715963384058112 -1.01406 0.83242 -0.31201 -0.29763 -0.59267 0.69545 -0.27660
1403715963484057856 -1.02567 0.87785 -0.41933 -0.33318 -0.59672 0.65549 -0.32133
1403715963634057984 -1.03600 0.88463 -0.56171 -0.39242 -0.58547 0.58779 -0.39716
1403715963734057984 -1.04394 0.87680 -0.63767 0.41335 0.58153 -0.55509 0.42759
1403715963834057984 -1.06583 0.85969 -0.69690 0.41592 0.58197 -0.53844 0.44543
1403715963934057984 -1.08173 0.84396 -0.75206 0.40898 0.58825 -0.53154 0.45185
1403715964034057984 -1.09238 0.84083 -0.78378 0.39469 0.59913 -0.53515 0.44597
1403715964134057984 -1.10148 0.83891 -0.80889 0.37939 0.62651 -0.54024 0.41435
1403715964284058112 -1.09997 0.83385 -0.79589 0.36393 0.63963 -0.54532 0.40131
1403715964384058112 -1.08908 0.81988 -0.76006 0.36479 0.63077 -0.54366 0.41651
1403715964484057856 -1.07655 0.79883 -0.72851 0.36532 0.62628 -0.54211 0.42477
1403715964584058112 -1.06135 0.77431 -0.70066 0.36753 0.62647 -0.53936 0.42609
1403715964834057984 -1.01293 0.71723 -0.60254 0.35483 0.60208 -0.54495 0.46328
1403715964934057984 -1.00011 0.69485 -0.54575 0.35811 0.59285 -0.53876 0.47960
1403715965034057984 -0.99231 0.67671 -0.49900 0.36784 0.58626 -0.52706 0.49316
1403715965134057984 -0.99166 0.66312 -0.47049 0.38135 0.57954 -0.51217 0.50634
1403715965334057984 -1.00658 0.66969 -0.45688 0.35376 0.63193 -0.52993 0.44124
1403715965434057984 -1.01716 0.67463 -0.45242 0.32265 0.65931 -0.55168 0.39605
1403715965534057984 -1.02281 0.66369 -0.43640 0.30197 0.67592 -0.56594 0.36285
1403715965684057856 -1.02045 0.59120 -0.39172 0.31158 0.67282 -0.56285 0.36528
1403715965784058112 -1.01048 0.51629 -0.35646 0.34816 0.64824 -0.54028 0.40825
1403715965884058112 -0.99748 0.43595 -0.31878 0.38388 0.61637 -0.51399 0.45665
1403715965984057856 -0.98534 0.36183 -0.28409 0.41114 0.59109 -0.49039 0.49102
1403715966184057856 -0.96513 0.27991 -0.22183 0.44367 0.55446 -0.45361 0.53849
1403715966284058112 -0.96073 0.27901 -0.19134 0.43850 0.56257 -0.45858 0.53003
1403715966434057984 -0.96299 0.34684 -0.14907 0.39759 0.60621 -0.49955 0.47422
1403715966534057984 -0.96128 0.40671 -0.12760 0.36003 0.63787 -0.53350 0.42294
1403715966634057984 -0.95924 0.46435 -0.10567 0.32836 0.65873 -0.56096 0.37891
1403715966734057984 -0.95222 0.50659 -0.08848 0.30882 0.66813 -0.57826 0.35192
1403715966934057984 -0.91793 0.49735 -0.02769 0.31427 0.66509 -0.58129 0.34783
1403715967034057984 -0.88701 0.44437 0.01172 0.35063 0.64440 -0.56013 0.38479
1403715967134057984 -0.85578 0.39095 0.05039 0.38964 0.61511 -0.53359 0.43023
1403715967284058112 -0.80591 0.32251 0.10832 0.44158 0.56866 -0.49206 0.48940
1403715967384058112 -0.77127 0.30670 0.14477 0.46411 0.54162 -0.47138 0.51870
1403715967484057856 -0.73180 0.32325 0.18578 0.46762 0.53392 -0.47368 0.52142
1403715967684057856 -0.66930 0.45849 0.24919 0.40346 0.56859 -0.50727 0.50656
1403715967784058112 -0.64565 0.55970 0.27112 0.35277 0.59564 -0.52640 0.49363
1403715967884058112 -0.62888 0.65432 0.28673 0.30198 0.62327 -0.54042 0.47779
1403715967984057856 -0.62957 0.74575 0.29598 0.26926 0.65067 -0.54296 0.45751
1403715968134057984 -0.63262 0.82658 0.29400 0.25067 0.69786 -0.53187 0.40898
1403715968234057984 -0.64151 0.85233 0.28429 0.25377 0.71043 -0.52047 0.39999
1403715968334057984 -0.65031 0.86692 0.27332 0.27642 0.69999 -0.50247 0.42559
1403715968484057856 -0.66064 0.87215 0.23949 0.31397 0.66980 -0.47564 0.47598
1403715968584058112 -0.66903 0.89217 0.20415 0.33662 0.64727 -0.45934 0.50669
1403715968684057856 -0.68679 0.92340 0.15868 0.35725 0.62707 -0.44252 0.53229
1403715968784058112 -0.70599 0.97108 0.10779 0.37540 0.60932 -0.43038 0.55007
1403715968934057984 -0.75554 1.07209 0.03264 0.38756 0.59620 -0.42050 0.56349
1403715969034057984 -0.79482 1.16220 -0.01950 0.37498 0.61129 -0.43128 0.54745
1403715969134057984 -0.84329 1.26708 -0.07592 0.34332 0.64903 -0.45769 0.50141
1403715969284058112 -0.92059 1.42796 -0.15561 0.28432 0.70623 -0.50001 0.41279
1403715969384058112 -0.96571 1.50533 -0.19719 0.25966 0.72708 -0.51586 0.37125
1403715969484057856 -1.00227 1.55256 -0.23645 0.24595 0.74186 -0.52332 0.33954
1403715969634057984 -1.02235 1.55567 -0.27417 0.27293 0.75847 -0.49920 0.31785
1403715969734057984 -1.00682 1.51597 -0.28635 0.30706 0.75940 -0.47232 0.32549
1403715969834057984 -0.96411 1.46237 -0.29407 0.33923 0.74554 -0.44967 0.35622
1403715969934057984 -0.89800 1.39688 -0.29621 0.35235 0.71506 -0.44369 0.40949
1403715970134057984 -0.72950 1.28355 -0.29109 0.36945 0.64857 -0.43121 0.50688
1403715970234057984 -0.64851 1.24958 -0.28413 0.38003 0.62023 -0.41856 0.54379
1403715970334057984 -0.57365 1.23385 -0.27852 0.38687 0.59467 -0.40681 0.57550
1403715970434057984 -0.50828 1.24363 -0.27428 0.38748 0.58071 -0.40116 0.59304
1403715970534057984 -0.45298 1.28256 -0.26543 0.36772 0.58535 -0.41254 0.59326
1403715970634057984 -0.41017 1.34056 -0.26651 0.33025 0.60947 -0.43982 0.57100
1403715970834057984 -0.37789 1.49736 -0.26347 0.24504 0.67393 -0.50615 0.47915
1403715970934057984 -0.38706 1.56135 -0.25908 0.20584 0.69764 -0.53368 0.43141
1403715971084058112 -0.41090 1.60273 -0.23481 0.18127 0.73035 -0.54169 0.37458
1403715971184057856 -0.43256 1.58128 -0.20641 0.19459 0.75078 -0.52002 0.35784
1403715971384058112 -0.43607 1.43705 -0.11086 0.26898 0.76465 -0.42539 0.40250
1403715971484057856 -0.40865 1.33494 -0.05822 0.29970 0.75747 -0.37319 0.44402
1403715971584058112 -0.37011 1.24005 -0.00993 0.31884 0.74582 -0.32949 0.48325
1403715971734057984 -0.28809 1.12151 0.05757 0.31480 0.73013 -0.28508 0.53530
1403715971834057984 -0.22874 1.06168 0.09478 0.29258 0.72100 -0.27211 0.56614
1403715971934057984 -0.17374 1.01814 0.12662 0.26120 0.71970 -0.26251 0.58728
1403715972034057984 -0.12722 0.97474 0.15292 0.23502 0.72431 -0.25108 0.59757
1403715972184057856 -0.07424 0.94737 0.19873 0.21681 0.71567 -0.22822 0.62348
1403715972284058112 -0.05548 0.93782 0.23608 0.21532 0.70011 -0.21383 0.64635
1403715972384058112 -0.05408 0.94763 0.27224 0.21381 0.68974 -0.20546 0.66055
1403715972584058112 -0.11929 1.03413 0.32941 0.19920 0.71519 -0.21389 0.63488
1403715972684057856 -0.18635 1.10678 0.34521 0.18088 0.74515 -0.23017 0.59922
1403715972784058112 -0.26149 1.18630 0.35119 0.16092 0.77388 -0.24827 0.55997
1403715972884058112 -0.34463 1.26816 0.34866 0.14901 0.78889 -0.26012 0.53646
1403715972984057856 -0.43044 1.34736 0.34378 0.14834 0.78310 -0.26569 0.54236
1403715973084058112 -0.51463 1.42003 0.33525 0.14431 0.77057 -0.27392 0.55710
1403715973184057856 -0.60212 1.48551 0.32565 0.14955 0.76533 -0.27502 0.56237
1403715973334057984 -0.74639 1.57584 0.31401 0.14990 0.76598 -0.27994 0.55896
1403715973434057984 -0.84270 1.61909 0.30660 0.14788 0.77527 -0.28300 0.54498
1403715973534057984 -0.95130 1.66729 0.30068 0.14461 0.78590 -0.28663 0.52848
1403715973684057856 -1.10639 1.71168 0.29507 0.12814 0.79737 -0.29538 0.51042
1403715973784058112 -1.21682 1.73439 0.29086 0.11730 0.80209 -0.30178 0.50182
1403715973884058112 -1.30112 1.72752 0.28925 0.11288 0.80571 -0.30290 0.49632
1403715973984057856 -1.37396 1.69701 0.28964 0.11568 0.80807 -0.29809 0.49476
1403715974184057856 -1.48244 1.58693 0.30147 0.14065 0.79923 -0.27508 0.51554
1403715974284058112 -1.52064 1.51562 0.30473 0.14732 0.79548 -0.26777 0.52327
1403715974384058112 -1.56144 1.44104 0.30012 0.14915 0.79676 -0.26364 0.52290
1403715974534057984 -1.60328 1.32937 0.28393 0.15121 0.79669 -0.26012 0.52417
1403715974634057984 -1.62333 1.25404 0.27232 0.15418 0.79273 -0.25687 0.53088
1403715974734057984 -1.64731 1.17505 0.25854 0.15580 0.78912 -0.25463 0.53682
1403715974934057984 -1.69260 1.00932 0.22520 0.15571 0.78733 -0.25072 0.54130
1403715975034057984 -1.71416 0.92322 0.20662 0.15661 0.78705 -0.24693 0.54319
1403715975184057856 -1.73901 0.79394 0.18112 0.15928 0.78830 -0.23892 0.54418
1403715975284058112 -1.75407 0.70696 0.16629 0.16124 0.78960 -0.23335 0.54413
1403715975484057856 -1.77279 0.55299 0.15546 0.16903 0.78414 -0.21973 0.55522
1403715975584058112 -1.78419 0.48619 0.15906 0.16791 0.78475 -0.21744 0.55561
1403715975684057856 -1.79327 0.41956 0.16632 0.16296 0.78711 -0.21874 0.55323
1403715975884058112 -1.79875 0.30173 0.18569 0.15980 0.79054 -0.21974 0.54884
1403715975984057856 -1.79541 0.24092 0.19888 0.15907 0.79209 -0.22049 0.54651
1403715976084058112 -1.78647 0.18763 0.20972 0.15952 0.79365 -0.22108 0.54388
1403715976234057984 -1.77150 0.11764 0.22763 0.16420 0.79159 -0.22095 0.54554
1403715976434057984 -1.73387 0.03287 0.25163 0.17365 0.79045 -0.21658 0.54601
1403715976534057984 -1.70351 0.00079 0.26064 0.17477 0.79264 -0.20773 0.54591
1403715976634057984 -1.66717 -0.03296 0.26671 0.16917 0.79610 -0.19556 0.54714
1403715976834057984 -1.59103 -0.05782 0.27303 0.14421 0.80112 -0.17807 0.55290
1403715976934057984 -1.54487 -0.06486 0.27456 0.13744 0.80269 -0.17137 0.55446
1403715977034057984 -1.49365 -0.07013 0.27520 0.13104 0.80434 -0.16275 0.55621
1403715977234057984 -1.39054 -0.05578 0.27233 0.11095 0.80986 -0.13250 0.56059
1403715977334057984 -1.33525 -0.03761 0.26642 0.09648 0.81339 -0.10880 0.56325
1403715977434057984 -1.28126 -0.01325 0.26137 0.07644 0.81639 -0.08212 0.56650
1403715977534057984 -1.22858 0.01657 0.25467 0.05600 0.81906 -0.05070 0.56871
1403715977784058112 -1.08829 0.10857 0.24120 -0.00660 0.81882 0.03395 0.57300
1403715977934057984 -1.01535 0.17663 0.23398 -0.03948 0.81050 0.09303 0.57696
1403715978034057984 -0.96474 0.23404 0.22994 -0.05785 0.80101 0.13731 0.57981
1403715978234057984 -0.89085 0.36223 0.22271 -0.09292 0.77490 0.22776 0.58226
1403715978334057984 -0.86249 0.44141 0.21756 -0.11553 0.76137 0.26490 0.58034
1403715978434057984 -0.84560 0.53031 0.21226 -0.14706 0.74991 0.29292 0.57464
1403715978634057984 -0.84874 0.72529 0.19534 -0.22613 0.72804 0.33788 0.55195
1403715978734057984 -0.86436 0.82216 0.18462 -0.25776 0.71439 0.36622 0.53767
1403715978834057984 -0.88688 0.91439 0.17505 -0.28013 0.69879 0.40019 0.52256
1403715978934057984 -0.91251 1.00821 0.16803 -0.29878 0.68137 0.43704 0.50543
1403715979134057984 -0.98283 1.18768 0.16299 -0.34588 0.63250 0.50448 0.47519
1403715979234057984 -1.02870 1.27082 0.17211 -0.38171 0.59838 0.52909 0.46508
1403715979334057984 -1.07966 1.35233 0.18363 -0.41244 0.55827 0.55495 0.45854
1403715979534057984 -1.20957 1.47106 0.20519 -0.44063 0.48857 0.61666 0.43230
1403715979634057984 -1.29102 1.52268 0.21429 -0.45352 0.46145 0.64198 0.41138
1403715979734057984 -1.38338 1.56554 0.22754 -0.46917 0.43201 0.66444 0.38959
1403715979834057984 -1.48738 1.59898 0.24131 -0.48894 0.39949 0.68251 0.36813
1403715979984057856 -1.64009 1.59988 0.26318 0.52239 -0.34622 -0.70386 -0.33440
1403715980134057984 -1.79853 1.56296 0.28483 0.55156 -0.29070 -0.72263 -0.29846
1403715980234057984 -1.90542 1.52119 0.29306 0.56713 -0.25673 -0.73549 -0.26742
1403715980384058112 -2.05771 1.42136 0.30547 0.58317 -0.20846 -0.75537 -0.21418
1403715980484057856 -2.14338 1.33172 0.31190 0.59728 -0.17300 -0.76265 -0.17803
1403715980584058112 -2.22588 1.23160 0.31767 0.61105 -0.13861 -0.76723 -0.13694
1403715980684057856 -2.28258 1.11356 0.32392 0.61854 -0.10028 -0.77324 -0.09720
1403715980784058112 -2.34636 0.99677 0.32472 0.62128 -0.06261 -0.77894 -0.05785
1403715980884058112 -2.39314 0.87252 0.32554 0.62047 -0.02363 -0.78365 -0.01863
1403715980984057856 -2.43009 0.74511 0.32524 0.62042 0.01764 -0.78381 0.02015
1403715981134057984 -2.45625 0.55792 0.32722 0.62100 0.08159 -0.77544 0.08000
1403715981234057984 -2.46136 0.43205 0.32904 0.61803 0.12805 -0.76691 0.11616
1403715981334057984 -2.46099 0.31025 0.33028 0.61132 0.17373 -0.75635 0.15507
1403715981484057856 -2.42258 0.15640 0.33631 0.59721 0.24145 -0.73298 0.21858
1403715981584058112 -2.37553 0.08368 0.34305 0.59036 0.28541 -0.70858 0.26061
1403715981684057856 -2.31563 0.02567 0.34929 0.57950 0.33083 -0.68320 0.29660
1403715981784058112 -2.24296 -0.00395 0.35263 0.55765 0.37963 -0.66374 0.32305
1403715981984057856 -2.07824 -0.02198 0.35303 -0.49504 -0.47296 0.63400 -0.35955
1403715982084058112 -1.98380 -0.00580 0.35701 -0.47250 -0.50867 0.61114 -0.38014
1403715982184057856 -1.88587 0.01492 0.36298 -0.45299 -0.53994 0.58572 -0.40024
1403715982334057984 -1.73684 0.05978 0.37302 0.42243 0.58089 -0.54716 0.42981
1403715982434057984 -1.63984 0.09430 0.37861 0.40119 0.60589 -0.52045 0.44841
1403715982534057984 -1.53563 0.14939 0.38589 0.38032 0.63090 -0.48984 0.46624
1403715982684057856 -1.37947 0.22967 0.39215 0.34446 0.66573 -0.44075 0.49385
1403715982784058112 -1.27198 0.29408 0.39693 0.31788 0.68804 -0.40577 0.51078
1403715982884058112 -1.16378 0.36874 0.40132 0.28986 0.70911 -0.36968 0.52581
1403715982984057856 -1.05641 0.45144 0.40437 0.26265 0.72776 -0.33305 0.53895
1403715983134057984 -0.90596 0.59092 0.40649 0.21862 0.75071 -0.27809 0.55794
1403715983234057984 -0.80622 0.69539 0.40585 0.18698 0.76297 -0.23963 0.57052
1403715983334057984 -0.71890 0.80086 0.40527 0.15609 0.77389 -0.19703 0.58129
1403715983484057856 -0.60741 0.96280 0.40607 0.10301 0.78353 -0.13096 0.59859
1403715983584058112 -0.54289 1.07786 0.41023 0.06396 0.77980 -0.08808 0.61650
1403715983684057856 -0.48799 1.19502 0.41320 0.02413 0.77407 -0.04738 0.63087
1403715983834057984 -0.44389 1.36728 0.41882 -0.03102 0.76648 0.01002 0.64144
1403715983934057984 -0.43725 1.47610 0.42279 -0.06442 0.76267 0.04704 0.64185
1403715984134057984 -0.48132 1.66364 0.43076 -0.12568 0.76116 0.11503 0.62578
1403715984234057984 -0.53246 1.73624 0.43737 -0.15531 0.76078 0.14633 0.61292
1403715984334057984 -0.60216 1.79106 0.44688 -0.18230 0.75547 0.17739 0.60379
1403715984434057984 -0.67343 1.84539 0.45839 -0.20481 0.74688 0.20946 0.59695
1403715984534057984 -0.75712 1.87542 0.46785 -0.22417 0.73993 0.24421 0.58532
1403715984634057984 -0.84790 1.90023 0.47530 -0.23657 0.73730 0.28441 0.56527
1403715984734057984 -0.94011 1.91506 0.48202 -0.25520 0.73126 0.32374 0.54344
1403715984834057984 -1.03673 1.92296 0.48624 -0.28688 0.71886 0.35556 0.52395
1403715984934057984 -1.13638 1.92769 0.49261 -0.31626 0.70236 0.38545 0.50804
1403715985084058112 -1.27454 1.92267 0.50264 -0.34244 0.67313 0.42912 0.49547
1403715985184057856 -1.37125 1.90969 0.50966 -0.34880 0.66060 0.44901 0.49024
1403715985284058112 -1.46877 1.89057 0.51519 -0.34338 0.64943 0.46551 0.49359
1403715985434057984 -1.61312 1.84426 0.52578 -0.33427 0.64505 0.47266 0.49876
1403715985534057984 -1.72171 1.80103 0.53317 -0.32961 0.65961 0.46300 0.49184
1403715985634057984 -1.82300 1.76238 0.53551 -0.31598 0.68317 0.45292 0.47781
1403715985734057984 -1.93278 1.71904 0.53627 -0.30032 0.70793 0.44475 0.45917
1403715985834057984 -2.03445 1.68173 0.52947 -0.29563 0.72943 0.43114 0.44120
1403715985984057856 -2.17477 1.63883 0.49689 -0.29888 0.74024 0.40946 0.44166
1403715986084058112 -2.25739 1.61839 0.45916 -0.30332 0.73949 0.39809 0.45019
1403715986184057856 -2.32931 1.60163 0.41378 -0.30904 0.73827 0.38893 0.45627
1403715986284058112 -2.38219 1.59142 0.36386 -0.30936 0.73528 0.38716 0.46236
1403715986384058112 -2.44035 1.56934 0.32146 -0.30423 0.72425 0.39073 0.47983
1403715986484057856 -2.48178 1.55359 0.27349 -0.29987 0.71719 0.39555 0.48915
1403715986584058112 -2.52393 1.53584 0.21900 -0.28872 0.72303 0.40554 0.47896
1403715986684057856 -2.58981 1.50338 0.16790 -0.27617 0.73425 0.41555 0.46035
1403715986784058112 -2.64337 1.48343 0.11799 -0.27037 0.73921 0.42106 0.45076
1403715986884058112 -2.68197 1.48018 0.07284 -0.27245 0.73579 0.42125 0.45490
1403715986984057856 -2.71208 1.48646 0.02914 -0.28011 0.72907 0.41357 0.46793
1403715987084058112 -2.72366 1.50417 -0.01220 -0.29348 0.72316 0.39441 0.48513
1403715987184057856 -2.74086 1.51706 -0.04851 -0.30699 0.72392 0.36930 0.49528
1403715987284058112 -2.75268 1.52608 -0.08251 -0.31253 0.72537 0.34819 0.50490
1403715987384058112 -2.75582 1.52437 -0.11899 -0.30408 0.72729 0.34098 0.51216
1403715987584058112 -2.74932 1.50787 -0.18111 -0.27460 0.73151 0.35123 0.51587
1403715987684057856 -2.74491 1.49823 -0.20619 -0.26775 0.73272 0.35529 0.51497
1403715987884058112 -2.74404 1.47079 -0.26656 -0.25491 0.74083 0.36903 0.50000
1403715987984057856 -2.74177 1.46188 -0.29820 -0.25062 0.74591 0.37553 0.48968
1403715988084058112 -2.73866 1.45903 -0.32351 -0.25284 0.74407 0.37782 0.48957
1403715988184057856 -2.73136 1.46281 -0.33980 -0.25865 0.73613 0.37740 0.49879
1403715988284058112 -2.72487 1.46370 -0.35696 -0.26367 0.72762 0.37690 0.50892
1403715988384058112 -2.72028 1.47045 -0.37023 -0.26883 0.72126 0.37501 0.51661
1403715988484057856 -2.71764 1.47442 -0.38283 -0.27629 0.71990 0.37045 0.51786
1403715988584058112 -2.71764 1.47440 -0.39504 -0.28515 0.72260 0.36395 0.51389
1403715988684057856 -2.71796 1.47298 -0.40695 -0.29345 0.72814 0.35682 0.50634
1403715988834057984 -2.71407 1.46011 -0.42010 -0.28992 0.73635 0.35817 0.49544
1403715988934057984 -2.70590 1.44548 -0.42700 -0.27981 0.73890 0.36381 0.49333
1403715989084058112 -2.68602 1.41958 -0.42893 -0.27019 0.73897 0.36870 0.49496
1403715989184057856 -2.67209 1.40912 -0.42931 -0.26743 0.73853 0.36925 0.49670
1403715989284058112 -2.65587 1.40027 -0.43128 -0.26585 0.73868 0.36900 0.49750
1403715989384058112 -2.63922 1.39110 -0.43307 -0.26543 0.73776 0.36853 0.49944
1403715989484057856 -2.61759 1.38311 -0.43532 -0.26486 0.73833 0.36859 0.49885
1403715989584058112 -2.59851 1.37709 -0.43672 -0.26461 0.73762 0.36852 0.50009
1403715989684057856 -2.56961 1.37349 -0.43828 -0.26668 0.73200 0.36761 0.50786
1403715989784058112 -2.54664 1.36984 -0.44203 -0.26844 0.72691 0.36728 0.51444
1403715989884058112 -2.52184 1.36967 -0.45053 -0.26816 0.72366 0.36889 0.51800
1403715989984057856 -2.50287 1.36414 -0.46053 -0.26585 0.72160 0.37220 0.51970
1403715990084058112 -2.48329 1.35854 -0.46863 -0.26533 0.72107 0.37458 0.51899
1403715990184057856 -2.46775 1.35222 -0.48253 -0.26504 0.72155 0.37678 0.51687
1403715990284058112 -2.45725 1.34833 -0.49760 -0.26367 0.72163 0.37928 0.51563
1403715990384058112 -2.45012 1.34622 -0.51311 -0.26231 0.72118 0.38157 0.51526
1403715990484057856 -2.44472 1.34439 -0.53277 -0.26002 0.72161 0.38403 0.51399
1403715990584058112 -2.44405 1.34592 -0.56351 -0.25906 0.72257 0.38557 0.51198
1403715990684057856 -2.44603 1.34948 -0.59436 -0.25613 0.72491 0.38790 0.50836
1403715990784058112 -2.45100 1.35030 -0.62618 -0.25490 0.72663 0.38953 0.50528
1403715990884058112 -2.45409 1.35722 -0.65866 -0.25304 0.72849 0.39182 0.50174
1403715990984057856 -2.46522 1.36822 -0.68294 -0.25215 0.72829 0.39339 0.50126
