1403715895034057984 -0.00161 0.00628 0.00660 -0.03265 0.80978 0.03426 0.58483
1403715895134057984 -0.00890 0.02670 0.02409 -0.03121 0.80825 0.03264 0.58711
1403715895234057984 -0.01719 0.06392 0.04932 -0.02711 0.80919 0.02666 0.58632
1403715895334057984 -0.01063 0.07133 0.04973 -0.02462 0.81075 0.02351 0.58440
1403715895434057984 -0.00596 0.07935 0.05164 -0.02094 0.81163 0.02075 0.58343
1403715895534057984 -0.00278 0.08168 0.05427 -0.01813 0.81323 0.01855 0.58137
1403715895634057984 -0.00114 0.08942 0.05751 -0.01371 0.81423 0.01569 0.58016
1403715895734057984 0.00023 0.09729 0.05924 -0.00969 0.81526 0.01250 0.57888
1403715895834057984 0.00191 0.10439 0.06136 -0.00606 0.81602 0.00987 0.57791
1403715895934057984 0.00300 0.11166 0.06468 -0.00281 0.81636 0.00760 0.57748
1403715896034057984 0.00353 0.11943 0.06776 -0.00238 0.81738 0.00358 0.57608
1403715896134057984 0.00491 0.12651 0.06956 -0.00623 0.81857 -0.00212 0.57437
1403715896234057984 0.00588 0.13265 0.06979 -0.01473 0.81803 -0.01136 0.57487
1403715896334057984 0.00763 0.13740 0.07086 -0.02811 0.81519 -0.02432 0.57800
1403715896434057984 0.00871 0.13982 0.07265 -0.03784 0.81340 -0.03506 0.57941
1403715896534057984 0.00972 0.13922 0.07514 -0.04415 0.81100 -0.04302 0.58179
1403715896634057984 0.01086 0.13822 0.07870 -0.04526 0.80803 -0.04939 0.58532
1403715896734057984 0.00995 0.13446 0.08394 -0.04391 0.80689 -0.05356 0.58663
1403715896834057984 0.00710 0.12608 0.08841 -0.04450 0.81054 -0.05798 0.58111
1403715896934057984 0.00574 0.11046 0.09188 -0.04829 0.81491 -0.06425 0.57399
1403715897034057984 0.00592 0.09886 0.09615 -0.05631 0.81816 -0.07414 0.56740
1403715897134057984 0.00896 0.10926 0.10250 -0.05355 0.82027 -0.08237 0.56348
1403715897234057984 0.01081 0.08135 0.10982 -0.04273 0.82314 -0.07849 0.56076
1403715897334057984 0.00952 0.06689 0.12106 -0.01252 0.82763 -0.06218 0.55768
1403715897434057984 0.01119 0.04183 0.13417 0.01805 0.83189 -0.04138 0.55310
1403715897534057984 0.00688 0.01812 0.14780 0.03339 0.83252 -0.02812 0.55227
1403715897634057984 0.00179 -0.00781 0.15734 0.02857 0.83203 -0.02625 0.55337
1403715897734057984 -0.00204 -0.03890 0.16390 0.01349 0.83074 -0.02927 0.55572
1403715897834057984 -0.00330 -0.07666 0.16987 0.00201 0.82826 -0.03195 0.55943
1403715897934057984 -0.00253 -0.12503 0.17452 -0.00377 0.82427 -0.02636 0.56557
1403715898034057984 -0.00053 -0.17615 0.17961 -0.00257 0.81979 -0.01795 0.57238
1403715898134057984 -0.00155 -0.22699 0.18713 0.00459 0.81164 -0.01115 0.58403
1403715898234057984 -0.00633 -0.27604 0.19464 0.01379 0.80559 -0.01104 0.59221
1403715898334057984 -0.01483 -0.32129 0.19760 0.02574 0.80584 -0.01661 0.59134
1403715898434057984 -0.02581 -0.36553 0.19689 0.03753 0.81135 -0.02732 0.58272
1403715898534057984 -0.03546 -0.41061 0.19565 0.04837 0.81869 -0.04193 0.57065
1403715898634057984 -0.03922 -0.45566 0.19293 0.06027 0.82337 -0.05735 0.56138
1403715898734057984 -0.03666 -0.50437 0.18792 0.07192 0.82071 -0.07347 0.56201
1403715898834057984 -0.03205 -0.55670 0.17417 0.08109 0.82061 -0.08643 0.55907
1403715898934057984 -0.02315 -0.61282 0.15261 0.08569 0.82087 -0.09557 0.55650
1403715899034057984 -0.02007 -0.68309 0.13446 0.08630 0.81968 -0.09953 0.55747
1403715899134057984 -0.01067 -0.74943 0.11144 0.08430 0.82156 -0.10208 0.55454
1403715899234057984 0.00229 -0.81265 0.09600 0.08609 0.82634 -0.09980 0.54753
1403715899334057984 0.01861 -0.87351 0.09453 0.08779 0.83143 -0.09518 0.54033
1403715899434057984 0.02617 -0.93795 0.10638 0.09044 0.83322 -0.08733 0.53847
1403715899534057984 0.03570 -1.00053 0.12127 0.08668 0.82881 -0.08262 0.54656
1403715899634057984 0.05342 -1.06395 0.13138 0.07927 0.82387 -0.07934 0.55557
1403715899734057984 0.08307 -1.12713 0.13037 0.07555 0.81844 -0.07102 0.56515
1403715899834057984 0.11327 -1.18198 0.12693 0.07766 0.80974 -0.05803 0.57872
1403715899934057984 0.14429 -1.22710 0.12406 0.08416 0.80008 -0.04198 0.59248
1403715900034057984 0.17686 -1.26555 0.12309 0.09074 0.79304 -0.02755 0.60174
1403715900134057984 0.21047 -1.29590 0.12256 0.09241 0.78870 -0.01776 0.60754
1403715900234057984 0.24663 -1.31961 0.12335 0.09384 0.78539 -0.01054 0.61175
1403715900334057984 0.28980 -1.34200 0.12682 0.09358 0.78413 -0.00666 0.61347
1403715900434057984 0.33602 -1.35606 0.13314 0.09103 0.78379 -0.00629 0.61429
1403715900534057984 0.38707 -1.36352 0.14251 0.06922 0.78070 -0.01782 0.62080
1403715900634057984 0.43802 -1.36513 0.15424 0.04931 0.77129 -0.02773 0.63396
1403715900734057984 0.48424 -1.36665 0.16309 0.02840 0.75751 -0.03790 0.65110
1403715900834057984 0.52750 -1.37091 0.16734 0.02452 0.74175 -0.03819 0.66914
1403715900934057984 0.56433 -1.37163 0.16966 0.02964 0.73144 -0.03583 0.68031
1403715901034057984 0.59009 -1.36767 0.17543 0.03306 0.72164 -0.03441 0.69062
1403715901134057984 0.60908 -1.35700 0.18455 0.03495 0.71316 -0.03324 0.69934
1403715901234057984 0.61934 -1.33921 0.19683 0.03601 0.70649 -0.03405 0.70598
1403715901334057984 0.61259 -1.31594 0.21245 0.03381 0.70698 -0.03645 0.70548
1403715901434057984 0.59994 -1.28204 0.22811 0.02986 0.71919 -0.04039 0.69300
1403715901534057984 0.54503 -1.25888 0.24615 0.02974 0.73413 -0.04285 0.67700
1403715901634057984 0.52626 -1.21037 0.26276 0.03627 0.74133 -0.04262 0.66881
1403715901734057984 0.51615 -1.15120 0.27636 0.04173 0.74765 -0.04543 0.66122
1403715901834057984 0.50814 -1.09270 0.28617 0.04884 0.75744 -0.05074 0.64910
1403715901934057984 0.43135 -1.05701 0.29788 0.05233 0.76340 -0.05258 0.64165
1403715902034057984 0.44255 -0.98689 0.30155 0.05944 0.76668 -0.05947 0.63650
1403715902134057984 0.44307 -0.92671 0.30279 0.06941 0.76687 -0.06233 0.63499
1403715902234057984 0.38092 -0.87711 0.30607 0.08106 0.76850 -0.06068 0.63179
1403715902334057984 0.35325 -0.82203 0.30116 0.08804 0.77523 -0.05771 0.62284
1403715902434057984 0.29022 -0.76723 0.30002 0.09239 0.78040 -0.05810 0.61568
1403715902534057984 0.23631 -0.70270 0.29670 0.08313 0.78611 -0.06389 0.60914
1403715902634057984 0.16751 -0.63477 0.29522 0.07167 0.79173 -0.06619 0.60303
1403715902734057984 0.10428 -0.56976 0.29034 0.06022 0.79894 -0.06240 0.59512
1403715902834057984 0.03969 -0.50565 0.27488 0.04896 0.80638 -0.05098 0.58716
1403715902934057984 -0.01191 -0.44877 0.25059 0.03856 0.81275 -0.03341 0.58038
1403715903034057984 -0.05305 -0.39261 0.22645 0.03147 0.81438 -0.01018 0.57939
1403715903134057984 -0.09214 -0.33542 0.20380 0.02561 0.81382 0.01663 0.58031
1403715903234057984 -0.12933 -0.27190 0.18524 0.01958 0.81327 0.03832 0.58030
1403715903334057984 -0.15648 -0.20739 0.16626 0.00855 0.81743 0.05019 0.57377
1403715903434057984 -0.18004 -0.13479 0.15033 -0.00451 0.82233 0.06057 0.56576
1403715903534057984 -0.19596 -0.05424 0.14730 -0.01805 0.82401 0.07545 0.56124
1403715903634057984 -0.20481 0.03546 0.15804 -0.03245 0.82250 0.09562 0.55974
1403715903734057984 -0.20689 0.13380 0.18430 -0.04783 0.81660 0.11956 0.56266
1403715903834057984 -0.19363 0.23374 0.22710 -0.07299 0.80726 0.14130 0.56837
1403715903934057984 -0.16536 0.33084 0.28150 -0.09980 0.79532 0.16807 0.57382
1403715904034057984 -0.12811 0.42969 0.33556 -0.12549 0.78255 0.19918 0.57636
1403715904134057984 -0.08364 0.52722 0.38703 -0.15203 0.77098 0.23112 0.57364
1403715904234057984 -0.04441 0.61199 0.44077 -0.17353 0.75984 0.26935 0.56567
1403715904334057984 -0.00438 0.69334 0.49346 -0.18868 0.74362 0.31056 0.56123
1403715904434057984 0.03403 0.76752 0.53902 -0.20689 0.72576 0.34659 0.55709
1403715904534057984 0.06815 0.84701 0.57185 -0.22139 0.70817 0.37914 0.55293
1403715904634057984 0.09592 0.92070 0.59139 -0.23545 0.68785 0.41074 0.55019
1403715904734057984 0.11690 1.00139 0.59945 -0.25903 0.66980 0.43714 0.54146
1403715904834057984 0.12770 1.07832 0.59383 -0.29232 0.65661 0.46063 0.52080
1403715904934057984 0.12970 1.15374 0.57616 -0.32605 0.63680 0.48652 0.50148
1403715905034057984 0.12465 1.21951 0.54382 -0.35843 0.61019 0.51423 0.48452
1403715905134057984 0.11624 1.27554 0.49692 -0.38872 0.57893 0.54003 0.47128
1403715905234057984 0.10365 1.32967 0.44351 -0.41067 0.54766 0.56430 0.46150
1403715905334057984 0.08063 1.35583 0.38570 -0.41925 0.52549 0.59381 0.44214
1403715905434057984 0.04867 1.36179 0.32804 -0.42669 0.50506 0.62168 0.41995
1403715905534057984 0.00469 1.32551 0.27905 -0.43688 0.48335 0.64762 0.39510
1403715905634057984 -0.04256 1.28619 0.23767 -0.45497 0.46538 0.66740 0.36193
1403715905734057984 -0.08394 1.24508 0.20485 -0.47656 0.44751 0.68424 0.32316
1403715905834057984 -0.11844 1.21558 0.17890 -0.49387 0.42312 0.70330 0.28710
1403715905934057984 -0.15187 1.19697 0.14805 -0.49870 0.39585 0.72869 0.25223
1403715906034057984 -0.17847 1.17205 0.11971 0.50033 -0.35766 -0.75757 -0.21873
1403715906134057984 -0.21250 1.16004 0.09324 0.50728 -0.31186 -0.77867 -0.19771
1403715906234057984 -0.25289 1.15298 0.06742 0.52134 -0.25775 -0.79175 -0.18681
1403715906334057984 -0.29554 1.13915 0.04180 0.53197 -0.20870 -0.80341 -0.16729
1403715906434057984 -0.35180 1.12333 0.01190 0.54024 -0.16345 -0.81273 -0.14455
1403715906534057984 -0.40889 1.10258 -0.01151 0.55242 -0.12093 -0.81602 -0.11964
1403715906634057984 -0.47009 1.07888 -0.02632 0.56301 -0.08587 -0.81746 -0.08605
1403715906734057984 -0.52673 1.05081 -0.02838 0.57194 -0.05402 -0.81716 -0.04705
1403715906834057984 -0.58865 1.02157 -0.02208 0.57573 -0.01987 -0.81734 -0.00975
1403715906934057984 -0.66071 0.99207 -0.02210 0.57952 0.01822 -0.81445 0.02235
1403715907034057984 -0.72646 0.96150 -0.03316 0.58227 0.06026 -0.80920 0.05038
1403715907134057984 -0.78960 0.93296 -0.05029 0.57961 0.11030 -0.80437 0.06978
1403715907234057984 -0.84885 0.89305 -0.05790 0.57539 0.16081 -0.79643 0.09361
1403715907334057984 -0.89278 0.82885 -0.05743 0.56899 0.20778 -0.78610 0.12294
1403715907434057984 -0.93804 0.78229 -0.03998 0.56341 0.25465 -0.77145 0.15029
1403715907534057984 -0.98532 0.71726 -0.01917 0.55590 0.29652 -0.75702 0.17313
1403715907634057984 -0.99824 0.66033 0.00719 0.54705 0.33179 -0.74251 0.19831
1403715907734057984 -1.00024 0.60346 0.03370 0.54059 0.35941 -0.72589 0.22731
1403715907834057984 -0.99008 0.55002 0.05805 0.53447 0.38451 -0.70766 0.25634
1403715907934057984 -0.96758 0.50254 0.08179 0.52364 0.40697 -0.69089 0.28784
1403715908034057984 -0.94275 0.46369 0.10158 0.50932 0.43139 -0.67313 0.31842
1403715908134057984 -0.91606 0.42926 0.11358 -0.49447 -0.45886 0.65150 -0.34712
1403715908234057984 -0.88509 0.40946 0.12057 -0.47605 -0.48983 0.62813 -0.37269
1403715908334057984 -0.84820 0.39412 0.13070 -0.45502 -0.52149 0.60312 -0.39654
1403715908434057984 -0.81176 0.38324 0.14036 -0.43263 -0.55241 0.57637 -0.41890
1403715908534057984 -0.77858 0.38269 0.14812 0.41039 0.58299 -0.54572 0.44033
1403715908634057984 -0.74293 0.38091 0.15896 0.38907 0.61298 -0.51125 0.45989
1403715908734057984 -0.70554 0.38243 0.16898 0.36923 0.63893 -0.47423 0.48015
1403715908834057984 -0.66599 0.38917 0.17524 0.34604 0.66018 -0.44029 0.50056
1403715908934057984 -0.62884 0.40531 0.17650 0.31876 0.68356 -0.40995 0.51291
1403715909034057984 -0.59916 0.43169 0.17783 0.29442 0.70912 -0.37681 0.51816
1403715909134057984 -0.56797 0.46264 0.17537 0.27313 0.73148 -0.34370 0.52173
1403715909234057984 -0.53473 0.49989 0.16939 0.25044 0.74917 -0.31361 0.52695
1403715909334057984 -0.49881 0.54160 0.16080 0.22810 0.76229 -0.28509 0.53442
1403715909434057984 -0.46154 0.58909 0.15066 0.20990 0.77388 -0.25510 0.54035
1403715909534057984 -0.41955 0.64289 0.13467 0.19750 0.78396 -0.21988 0.54594
1403715909634057984 -0.37616 0.70268 0.11573 0.18015 0.79396 -0.18305 0.55106
1403715909734057984 -0.32778 0.77507 0.09436 0.15332 0.80098 -0.14736 0.55965
1403715909834057984 -0.27694 0.85830 0.07083 0.12025 0.80636 -0.10901 0.56871
1403715909934057984 -0.22286 0.96312 0.04569 0.07843 0.80541 -0.06911 0.58342
1403715910034057984 -0.17290 1.06851 0.02148 0.03578 0.80145 -0.02354 0.59653
1403715910134057984 -0.13009 1.18608 -0.00667 -0.00406 0.79955 0.02715 0.59997
1403715910234057984 -0.09155 1.30863 -0.03707 -0.03942 0.79923 0.07670 0.59481
1403715910334057984 -0.06238 1.43145 -0.06840 -0.07240 0.79432 0.12103 0.59091
1403715910434057984 -0.04063 1.54427 -0.09830 -0.10157 0.78339 0.16008 0.59192
1403715910534057984 -0.03232 1.65038 -0.12890 -0.12855 0.76916 0.19564 0.59463
1403715910634057984 -0.03807 1.75434 -0.15839 -0.15423 0.75772 0.22791 0.59171
1403715910734057984 -0.06022 1.84888 -0.18098 -0.17959 0.74903 0.25776 0.58332
1403715910834057984 -0.09498 1.93379 -0.19587 -0.20369 0.73830 0.28655 0.57560
1403715910934057984 -0.15555 1.98925 -0.20439 -0.22876 0.72673 0.31507 0.56592
1403715911034057984 -0.22043 2.04378 -0.21556 -0.25414 0.71513 0.34189 0.55417
1403715911134057984 -0.28946 2.10231 -0.22717 -0.28098 0.69804 0.36587 0.54766
1403715911234057984 -0.36819 2.15056 -0.23637 -0.30641 0.68019 0.39081 0.53918
1403715911334057984 -0.44617 2.17522 -0.24196 -0.32898 0.66452 0.41849 0.52445
1403715911434057984 -0.50297 2.15887 -0.23482 -0.35010 0.65043 0.44562 0.50577
1403715911534057984 -0.59785 2.16640 -0.24754 -0.36683 0.64018 0.47126 0.48324
1403715911634057984 -0.67857 2.15833 -0.25539 -0.37657 0.62965 0.49965 0.46053
1403715911734057984 -0.75292 2.14496 -0.26032 -0.38184 0.61350 0.52893 0.44503
1403715911834057984 -0.81896 2.12454 -0.25131 -0.38951 0.59466 0.55421 0.43303
1403715911934057984 -0.89245 2.10858 -0.23126 -0.40020 0.57657 0.57386 0.42202
1403715912034057984 -0.97583 2.09489 -0.19967 -0.41213 0.56196 0.58839 0.41006
1403715912134057984 -1.06317 2.07952 -0.16395 -0.42516 0.55095 0.59853 0.39681
1403715912234057984 -1.14779 2.06510 -0.12916 -0.43671 0.54008 0.60809 0.38447
1403715912334057984 -1.23260 2.05095 -0.09627 -0.44722 0.52807 0.61743 0.37405
1403715912434057984 -1.31222 2.03554 -0.06616 -0.45550 0.51537 0.62873 0.36279
1403715912534057984 -1.38995 2.01921 -0.03844 -0.46454 0.50068 0.64078 0.35060
1403715912634057984 -1.45922 2.00831 -0.01602 -0.47439 0.48364 0.65472 0.33524
1403715912734057984 -1.51983 1.99412 0.00446 -0.48631 0.46115 0.67023 0.31879
1403715912834057984 -1.58294 1.97528 0.02397 -0.49935 0.43361 0.68795 0.29893
1403715912934057984 -1.64946 1.95148 0.03613 0.51251 -0.40123 -0.70706 -0.27644
1403715913034057984 -1.71669 1.92514 0.03483 0.52555 -0.36837 -0.72424 -0.25215
1403715913134057984 -1.78853 1.89441 0.02509 0.53642 -0.33421 -0.74004 -0.22997
1403715913234057984 -1.86412 1.85796 0.01369 0.55020 -0.29974 -0.75063 -0.20974
1403715913334057984 -1.93998 1.82201 -0.00013 0.56196 -0.26242 -0.75861 -0.19961
1403715913434057984 -2.01159 1.78276 -0.01249 0.56908 -0.22966 -0.76441 -0.19769
1403715913534057984 -2.07685 1.73936 -0.02331 0.57586 -0.20495 -0.76537 -0.20147
1403715913634057984 -2.13265 1.68479 -0.03505 0.57747 -0.18150 -0.76612 -0.21596
1403715913734057984 -2.18543 1.61909 -0.04530 0.57714 -0.17005 -0.76691 -0.22326
1403715913834057984 -2.24019 1.53565 -0.05438 0.57123 -0.17373 -0.77223 -0.21720
1403715913934057984 -2.29515 1.43711 -0.05972 0.56308 -0.18324 -0.77871 -0.20732
1403715914034057984 -2.35068 1.32343 -0.06265 0.55801 -0.19102 -0.78181 -0.20226
1403715914134057984 -2.40785 1.19755 -0.06144 0.55418 -0.19493 -0.78285 -0.20504
1403715914234057984 -2.46300 1.06462 -0.05858 0.55115 -0.21049 -0.78283 -0.19776
1403715914334057984 -2.51633 0.92593 -0.05536 0.54024 -0.23526 -0.78598 -0.18718
1403715914434057984 -2.56605 0.78628 -0.04932 0.52377 -0.25981 -0.79068 -0.18162
1403715914534057984 -2.61549 0.65387 -0.03896 0.50907 -0.28043 -0.79271 -0.18389
1403715914634057984 -2.67084 0.52247 -0.02808 -0.49888 0.30406 0.79030 0.18466
1403715914734057984 -2.73257 0.38747 -0.01936 -0.49068 0.33641 0.78393 0.17752
1403715914834057984 -2.80093 0.26625 -0.01249 -0.48522 0.37386 0.77409 0.15995
1403715914934057984 -2.87375 0.18023 -0.00488 -0.48135 0.40130 0.76531 0.14684
1403715915034057984 -2.94795 0.11171 0.00322 -0.48059 0.41753 0.75802 0.14177
1403715915134057984 -3.02012 0.07494 0.01176 -0.48151 0.42573 0.75315 0.14023
1403715915234057984 -3.08773 0.07291 0.02262 -0.48893 0.42229 0.74819 0.15109
1403715915334057984 -3.14977 0.10029 0.03336 -0.49844 0.40231 0.74670 0.17929
1403715915434057984 -3.21426 0.14780 0.03361 0.50340 -0.38036 -0.74785 -0.20647
1403715915534057984 -3.27593 0.19960 0.01836 0.50792 -0.36663 -0.74750 -0.22101
1403715915634057984 -3.33866 0.25446 -0.01001 0.51010 -0.35442 -0.74847 -0.23235
1403715915734057984 -3.40484 0.30783 -0.04345 0.50882 -0.34685 -0.75144 -0.23692
1403715915834057984 -3.46862 0.35999 -0.07980 0.50447 -0.34848 -0.75605 -0.22906
1403715915934057984 -3.54804 0.41694 -0.11325 -0.49918 0.35066 0.76110 0.22042
1403715916034057984 -3.62957 0.48170 -0.14434 0.50385 -0.34905 -0.75940 -0.21821
1403715916134057984 -3.71405 0.55293 -0.17457 0.50860 -0.34975 -0.75472 -0.22227
1403715916234057984 -3.78719 0.61950 -0.20848 0.51248 -0.35775 -0.74534 -0.23203
1403715916334057984 -3.87829 0.70519 -0.23688 0.51120 -0.37259 -0.73414 -0.24676
1403715916434057984 -3.96555 0.79157 -0.26678 0.50886 -0.39326 -0.72032 -0.25988
1403715916534057984 -4.05284 0.87896 -0.29846 0.50150 -0.41988 -0.70640 -0.27055
1403715916634057984 -4.13426 0.96720 -0.32848 -0.49283 0.44729 0.69077 0.28264
1403715916734057984 -4.21071 1.05668 -0.35707 -0.48739 0.47495 0.67323 0.28919
1403715916834057984 -4.27950 1.14745 -0.38303 -0.48446 0.49836 0.65705 0.29192
1403715916934057984 -4.33872 1.24018 -0.40203 -0.48786 0.51784 0.63935 0.29167
1403715917034057984 -4.38628 1.33697 -0.41877 -0.49162 0.53021 0.62499 0.29424
1403715917134057984 -4.42278 1.44190 -0.42449 -0.49681 0.52766 0.61188 0.31680
1403715917234057984 -4.43636 1.54442 -0.42274 -0.49213 0.51361 0.60357 0.36015
1403715917334057984 -4.44246 1.63767 -0.42351 -0.48275 0.50980 0.59528 0.39077
1403715917434057984 -4.43595 1.71535 -0.42186 -0.47574 0.51310 0.58908 0.40420
1403715917534057984 -4.44390 1.78522 -0.42552 -0.46815 0.52756 0.58857 0.39510
1403715917634057984 -4.44481 1.84743 -0.43355 -0.46601 0.54226 0.58686 0.37998
1403715917734057984 -4.44150 1.90909 -0.44719 -0.47523 0.54619 0.57909 0.37483
1403715917834057984 -4.42974 1.96195 -0.46768 -0.48519 0.54071 0.57206 0.38075
1403715917934057984 -4.40875 1.99301 -0.48294 -0.49103 0.53247 0.56963 0.38843
1403715918034057984 -4.36933 1.99954 -0.49706 -0.48917 0.52367 0.57282 0.39793
1403715918134057984 -4.32735 1.98738 -0.51268 -0.47545 0.52138 0.57840 0.40934
1403715918234057984 -4.28034 1.96049 -0.51638 -0.46615 0.52605 0.57443 0.41954
1403715918334057984 -4.23822 1.92715 -0.53016 -0.46405 0.54263 0.56249 0.41691
1403715918434057984 -4.19591 1.87972 -0.55751 -0.45745 0.56977 0.55127 0.40274
1403715918534057984 -4.15316 1.82481 -0.59802 -0.44736 0.59419 0.54117 0.39236
1403715918634057984 -4.10622 1.76380 -0.64414 -0.43752 0.61058 0.53195 0.39089
1403715918734057984 -4.05230 1.70847 -0.68604 -0.42217 0.61693 0.53171 0.39807
1403715918834057984 -3.99131 1.65015 -0.70972 -0.40014 0.61776 0.53947 0.40895
1403715918934057984 -3.92640 1.59560 -0.72294 -0.37745 0.62109 0.55178 0.40904
1403715919034057984 -3.86315 1.54470 -0.72302 -0.36089 0.62715 0.56112 0.40197
1403715919134057984 -3.79753 1.50383 -0.70956 -0.34735 0.62544 0.57094 0.40274
1403715919234057984 -3.74660 1.48072 -0.68997 -0.33680 0.61306 0.57996 0.41758
1403715919334057984 -3.70351 1.47064 -0.66859 -0.33344 0.59577 0.58499 0.43779
1403715919434057984 -3.66959 1.46763 -0.65924 -0.34449 0.59290 0.57902 0.44106
1403715919534057984 -3.64133 1.46796 -0.66355 -0.35971 0.59638 0.56916 0.43704
1403715919634057984 -3.61701 1.47424 -0.68113 -0.36973 0.59933 0.56168 0.43430
1403715919734057984 -3.61404 1.48934 -0.71322 -0.37107 0.60006 0.55956 0.43489
1403715919834057984 -3.61779 1.51561 -0.75427 -0.36696 0.59836 0.56032 0.43972
1403715919934057984 -3.62865 1.53882 -0.80027 -0.36369 0.59848 0.56249 0.43948
1403715920034057984 -3.64693 1.57295 -0.83684 -0.35986 0.60391 0.56567 0.43106
1403715920134057984 -3.66815 1.60800 -0.85875 -0.35910 0.60838 0.56765 0.42272
1403715920234057984 -3.69433 1.64608 -0.86563 -0.36249 0.61146 0.56722 0.41590
1403715920334057984 -3.72398 1.68996 -0.85490 -0.37578 0.60906 0.56340 0.41282
1403715920434057984 -3.75392 1.73488 -0.83321 -0.38989 0.60461 0.55929 0.41187
1403715920534057984 -3.78530 1.78284 -0.81043 -0.40417 0.59878 0.55426 0.41341
1403715920634057984 -3.81450 1.83192 -0.79050 -0.41730 0.59282 0.54880 0.41622
1403715920734057984 -3.84378 1.88134 -0.76886 -0.42859 0.58524 0.54566 0.41960
1403715920834057984 -3.87848 1.93143 -0.73464 -0.43676 0.57701 0.54815 0.41931
1403715920934057984 -3.90249 1.96842 -0.69136 -0.44214 0.57176 0.55679 0.40937
1403715921034057984 -3.91812 1.99247 -0.64075 -0.44357 0.57015 0.57109 0.38990
1403715921134057984 -3.92540 2.00808 -0.58862 -0.44321 0.56437 0.58685 0.37506
1403715921234057984 -3.93287 2.02579 -0.53608 -0.44408 0.55624 0.59795 0.36856
1403715921334057984 -3.93764 2.04215 -0.48203 -0.44084 0.54801 0.60827 0.36790
1403715921434057984 -3.94139 2.05895 -0.42827 -0.43466 0.54127 0.61784 0.36928
1403715921534057984 -3.94245 2.07407 -0.37383 -0.43191 0.53785 0.62243 0.36981
1403715921634057984 -3.94635 2.09161 -0.31133 -0.43120 0.53598 0.62364 0.37130
1403715921734057984 -3.95211 2.11061 -0.24042 -0.43143 0.53790 0.62267 0.36988
1403715921834057984 -3.95959 2.13321 -0.16750 -0.43688 0.54198 0.61759 0.36602
1403715921934057984 -3.96886 2.16040 -0.09989 -0.44066 0.54516 0.61292 0.36461
1403715922034057984 -3.97729 2.19011 -0.04057 -0.44073 0.54681 0.61038 0.36632
1403715922134057984 -3.98488 2.22207 0.02141 -0.44315 0.54592 0.60648 0.37117
1403715922234057984 -3.98869 2.25246 0.09084 -0.44901 0.54369 0.60079 0.37662
1403715922334057984 -3.99071 2.28136 0.17088 -0.45267 0.54040 0.59738 0.38236
1403715922434057984 -3.99198 2.30554 0.25464 -0.44963 0.53625 0.59972 0.38807
1403715922534057984 -3.99170 2.32257 0.33555 -0.45047 0.53562 0.59997 0.38760
1403715922634057984 -3.99148 2.33888 0.41217 -0.45588 0.53619 0.59692 0.38518
1403715922734057984 -3.98819 2.35078 0.47905 -0.45683 0.53586 0.59674 0.38480
1403715922834057984 -3.98557 2.35967 0.53100 -0.45239 0.53343 0.60054 0.38748
1403715922934057984 -3.98368 2.36343 0.56703 -0.44780 0.53152 0.60420 0.38975
1403715923034057984 -3.98230 2.36218 0.59384 -0.44525 0.52986 0.60619 0.39183
1403715923134057984 -3.98268 2.35507 0.62142 -0.44201 0.53017 0.60859 0.39137
1403715923234057984 -3.98547 2.34234 0.65848 -0.43615 0.53266 0.61290 0.38781
1403715923334057984 -3.99270 2.32821 0.70773 -0.43457 0.53794 0.61437 0.37990
1403715923434057984 -3.99973 2.31284 0.75816 -0.44040 0.54502 0.61083 0.36863
1403715923534057984 -4.00732 2.29964 0.79792 -0.44831 0.55173 0.60522 0.35823
1403715923634057984 -4.01041 2.28544 0.82018 -0.45648 0.55631 0.59932 0.35066
1403715923734057984 -4.00849 2.27375 0.81755 -0.46308 0.55784 0.59481 0.34723
1403715923834057984 -4.00048 2.26373 0.79174 -0.46854 0.55573 0.59108 0.34965
1403715923934057984 -3.98494 2.25601 0.75228 -0.47580 0.54893 0.58641 0.35836
1403715924034057984 -3.96243 2.24777 0.70344 -0.47830 0.54159 0.58498 0.36839
1403715924134057984 -3.93380 2.23394 0.64501 -0.47523 0.53510 0.58734 0.37796
1403715924234057984 -3.89789 2.21295 0.58444 -0.46891 0.53236 0.59219 0.38214
1403715924334057984 -3.85907 2.18410 0.52571 -0.46242 0.53261 0.59707 0.38209
1403715924434057984 -3.81721 2.14774 0.46875 -0.45502 0.53604 0.60219 0.37814
1403715924534057984 -3.77291 2.10708 0.41410 -0.44567 0.54181 0.60851 0.37086
1403715924634057984 -3.73039 2.07033 0.35863 -0.44245 0.54853 0.60892 0.36410
1403715924734057984 -3.68103 2.03103 0.30865 -0.44421 0.55970 0.59987 0.35997
1403715924834057984 -3.61838 1.99186 0.25572 -0.44377 0.57188 0.58592 0.36431
1403715924934057984 -3.56606 1.96550 0.20510 -0.43977 0.58539 0.56811 0.37573
1403715925034057984 -3.49243 1.92988 0.15399 -0.43254 0.59550 0.54678 0.39916
1403715925134057984 -3.41476 1.89328 0.11538 -0.42323 0.60197 0.52489 0.42779
1403715925234057984 -3.33174 1.84900 0.09021 -0.41122 0.61450 0.50347 0.44698
1403715925334057984 -3.24777 1.79648 0.07922 -0.39746 0.63454 0.48249 0.45452
1403715925434057984 -3.16351 1.73688 0.07398 -0.38208 0.65888 0.46135 0.45502
1403715925534057984 -3.07519 1.67018 0.06975 -0.36447 0.68280 0.44121 0.45419
1403715925634057984 -2.97985 1.60074 0.06297 -0.34698 0.70136 0.41996 0.45972
1403715925734057984 -2.87338 1.52760 0.05973 -0.33097 0.71545 0.39632 0.47065
1403715925834057984 -2.75665 1.45034 0.05633 -0.31476 0.72845 0.37169 0.48180
1403715925934057984 -2.64197 1.37323 0.04916 -0.29592 0.73871 0.34701 0.49631
1403715926034057984 -2.51163 1.28613 0.04315 -0.27768 0.74702 0.32046 0.51201
1403715926134057984 -2.38624 1.19327 0.03147 -0.26419 0.75329 0.28663 0.52971
1403715926234057984 -2.26610 1.09067 0.00536 -0.24815 0.75957 0.25140 0.54614
1403715926334057984 -2.14347 0.97708 -0.03533 -0.22783 0.76516 0.21808 0.56131
1403715926434057984 -2.03694 0.85698 -0.08154 -0.20119 0.76769 0.18805 0.57863
1403715926534057984 -1.93325 0.73112 -0.13029 -0.17278 0.76831 0.16032 0.59510
1403715926634057984 -1.85319 0.60157 -0.18192 -0.14275 0.77698 0.13478 0.59814
1403715926734057984 -1.77696 0.46889 -0.23531 -0.11439 0.79013 0.10963 0.59211
1403715926834057984 -1.71747 0.33226 -0.28219 -0.08190 0.80177 0.09045 0.58505
1403715926934057984 -1.67254 0.19734 -0.31847 -0.05533 0.81055 0.07174 0.57862
1403715927034057984 -1.62593 0.06527 -0.33890 -0.03558 0.81519 0.05285 0.57567
1403715927134057984 -1.57357 -0.06424 -0.35460 -0.01777 0.81241 0.03482 0.58177
1403715927234057984 -1.52694 -0.19119 -0.36619 0.01204 0.80588 0.02539 0.59141
1403715927334057984 -1.48651 -0.29715 -0.37425 0.04224 0.79870 0.01706 0.60000
1403715927434057984 -1.44994 -0.39956 -0.38061 0.06312 0.78723 0.00371 0.61341
1403715927534057984 -1.43498 -0.47335 -0.38292 0.06713 0.77453 -0.02389 0.62851
1403715927634057984 -1.43308 -0.54326 -0.38353 0.06877 0.76278 -0.05599 0.64054
1403715927734057984 -1.44228 -0.60985 -0.38808 0.08091 0.75617 -0.08742 0.64345
1403715927834057984 -1.46634 -0.66823 -0.39779 0.10837 0.75444 -0.11530 0.63701
1403715927934057984 -1.51348 -0.71359 -0.40688 0.14090 0.75423 -0.14405 0.62493
1403715928034057984 -1.57911 -0.73955 -0.42286 0.17222 0.75345 -0.17727 0.60928
1403715928134057984 -1.65790 -0.74678 -0.45191 0.19334 0.74990 -0.22022 0.59310
1403715928234057984 -1.74310 -0.74399 -0.49238 0.21322 0.74091 -0.26591 0.57869
1403715928334057984 -1.83249 -0.73502 -0.54112 0.23804 0.72064 -0.30628 0.57464
1403715928434057984 -1.92873 -0.71532 -0.59356 0.26333 0.69798 -0.34124 0.57188
1403715928534057984 -2.02843 -0.68994 -0.65001 0.27795 0.68496 -0.37707 0.55803
1403715928634057984 -2.13580 -0.65786 -0.70387 0.28577 0.67900 -0.40672 0.54025
1403715928734057984 -2.24925 -0.61640 -0.74461 0.29099 0.68341 -0.42551 0.51693
1403715928834057984 -2.36605 -0.57493 -0.77034 0.28235 0.70103 -0.43991 0.48509
1403715928934057984 -2.47310 -0.52918 -0.76966 0.26511 0.72236 -0.44348 0.45960
1403715929034057984 -2.57097 -0.49519 -0.73611 0.24396 0.74428 -0.43719 0.44203
1403715929134057984 -2.65310 -0.48375 -0.68212 0.22643 0.76233 -0.42704 0.43036
1403715929234057984 -2.71989 -0.49143 -0.62477 0.21720 0.77801 -0.41270 0.42095
1403715929334057984 -2.77017 -0.51491 -0.57244 0.23427 0.78699 -0.38388 0.42237
1403715929434057984 -2.80886 -0.55245 -0.52736 0.27331 0.78778 -0.34197 0.43332
1403715929534057984 -2.82884 -0.59134 -0.48769 0.31495 0.78306 -0.30170 0.44339
1403715929634057984 -2.83044 -0.62265 -0.44995 0.34607 0.77689 -0.27449 0.44869
1403715929734057984 -2.80519 -0.63609 -0.41987 0.33657 0.77169 -0.28751 0.45667
1403715929834057984 -2.75168 -0.63711 -0.39387 0.30814 0.76080 -0.31616 0.47569
1403715929934057984 -2.68046 -0.63052 -0.37629 0.27646 0.74095 -0.34539 0.50524
1403715930034057984 -2.60432 -0.62106 -0.36749 0.25130 0.72141 -0.36832 0.52986
1403715930134057984 -2.53699 -0.60482 -0.36399 0.22952 0.70446 -0.38739 0.54863
1403715930234057984 -2.48074 -0.58608 -0.36185 0.21273 0.69156 -0.40236 0.56089
1403715930334057984 -2.44061 -0.56783 -0.35882 0.20668 0.68635 -0.41013 0.56392
1403715930434057984 -2.41830 -0.55511 -0.35956 0.21017 0.69608 -0.41075 0.55008
1403715930534057984 -2.40870 -0.55344 -0.37026 0.21501 0.70966 -0.41079 0.53048
1403715930634057984 -2.40694 -0.55014 -0.38914 0.21535 0.72179 -0.41288 0.51202
1403715930734057984 -2.40783 -0.56068 -0.39916 0.21102 0.72777 -0.41695 0.50197
1403715930834057984 -2.40627 -0.58583 -0.39550 0.21294 0.73251 -0.41656 0.49453
1403715930934057984 -2.41016 -0.62517 -0.37486 0.22783 0.74117 -0.40670 0.48307
1403715931034057984 -2.41714 -0.67725 -0.34922 0.23649 0.74984 -0.40128 0.46988
1403715931134057984 -2.41403 -0.74056 -0.33455 0.23555 0.75765 -0.40198 0.45704
1403715931234057984 -2.40333 -0.81426 -0.32026 0.23459 0.76078 -0.40297 0.45144
1403715931334057984 -2.38308 -0.89991 -0.29289 0.23392 0.75872 -0.40475 0.45365
1403715931434057984 -2.35045 -0.99971 -0.25208 0.23579 0.75450 -0.40418 0.46018
1403715931534057984 -2.31040 -1.11362 -0.21297 0.23837 0.75130 -0.40269 0.46537
1403715931634057984 -2.26172 -1.23565 -0.18640 0.24287 0.75027 -0.39687 0.46969
1403715931734057984 -2.20549 -1.36428 -0.17411 0.24847 0.75042 -0.38903 0.47306
1403715931834057984 -2.14232 -1.49896 -0.17216 0.25068 0.74886 -0.38307 0.47919
1403715931934057984 -2.07066 -1.63988 -0.16540 0.25611 0.74141 -0.37533 0.49380
1403715932034057984 -1.99451 -1.78102 -0.15817 0.26099 0.73154 -0.36771 0.51139
1403715932134057984 -1.91519 -1.92045 -0.14544 0.27101 0.71699 -0.35682 0.53400
1403715932234057984 -1.83577 -2.05311 -0.12543 0.28652 0.69793 -0.34292 0.55965
1403715932334057984 -1.75752 -2.17484 -0.10086 0.29919 0.67582 -0.33084 0.58676
1403715932434057984 -1.69062 -2.27272 -0.07282 0.30870 0.65842 -0.32172 0.60637
1403715932534057984 -1.63520 -2.34451 -0.04378 0.31354 0.64452 -0.31558 0.62185
1403715932634057984 -1.60013 -2.38289 -0.01046 0.31819 0.62874 -0.30922 0.63861
1403715932734057984 -1.59968 -2.37832 0.02398 0.32226 0.61652 -0.30375 0.65099
1403715932834057984 -1.62843 -2.32699 0.05549 0.32456 0.61483 -0.30352 0.65155
1403715932934057984 -1.68820 -2.23339 0.07907 0.31662 0.63817 -0.31738 0.62591
1403715933034057984 -1.77787 -2.09690 0.09795 0.29886 0.67369 -0.33968 0.58433
1403715933134057984 -1.86702 -1.94521 0.11713 0.28140 0.70481 -0.35963 0.54288
1403715933234057984 -1.96167 -1.78365 0.13424 0.26252 0.73279 -0.37798 0.50124
1403715933334057984 -2.04284 -1.63536 0.15499 0.23978 0.75687 -0.39511 0.46210
1403715933434057984 -2.11692 -1.49596 0.17341 0.21021 0.77516 -0.41743 0.42508
1403715933534057984 -2.17863 -1.38341 0.19269 0.18096 0.78975 -0.43723 0.39035
1403715933634057984 -2.23434 -1.31191 0.21957 0.16089 0.80355 -0.44413 0.36216
1403715933734057984 -2.26576 -1.27488 0.25685 0.15822 0.81358 -0.44275 0.34208
1403715933834057984 -2.26988 -1.28759 0.30798 0.16397 0.81788 -0.43638 0.33729
1403715933934057984 -2.24144 -1.35058 0.36851 0.18224 0.80862 -0.42501 0.36372
1403715934034057984 -2.17954 -1.43523 0.44182 0.21799 0.77789 -0.40946 0.42391
1403715934134057984 -2.10374 -1.54039 0.51594 0.25629 0.73632 -0.38723 0.49213
1403715934234057984 -2.02586 -1.65078 0.57107 0.28963 0.69143 -0.36393 0.55280
1403715934334057984 -1.95112 -1.75130 0.60083 0.31227 0.65691 -0.34471 0.59341
1403715934434057984 -1.88592 -1.83434 0.61685 0.32783 0.62841 -0.32861 0.62421
1403715934534057984 -1.83184 -1.89497 0.62075 0.33800 0.60477 -0.31498 0.64868
1403715934634057984 -1.80413 -1.91923 0.62483 0.34396 0.58586 -0.30348 0.66810
1403715934734057984 -1.79677 -1.91422 0.63155 0.34148 0.57614 -0.29782 0.68026
1403715934834057984 -1.82086 -1.87005 0.65153 0.33096 0.58059 -0.30053 0.68049
1403715934934057984 -1.87817 -1.77574 0.66876 0.31260 0.61793 -0.31773 0.64768
1403715935034057984 -1.96679 -1.64535 0.68073 0.28682 0.66170 -0.34123 0.60287
1403715935134057984 -2.07552 -1.49332 0.68055 0.26215 0.70269 -0.36331 0.55274
1403715935234057984 -2.18832 -1.33335 0.66488 0.24126 0.73466 -0.38110 0.50679
1403715935334057984 -2.30435 -1.17473 0.63884 0.22599 0.75772 -0.39286 0.46952
1403715935434057984 -2.26112 -0.93985 0.60459 0.25140 0.73796 -0.46376 0.42088
1403715935534057984 -2.33591 -0.79359 0.56386 0.24144 0.74944 -0.46815 0.40109
1403715935634057984 -2.39846 -0.66809 0.51887 0.23436 0.75701 -0.47164 0.38675
1403715935734057984 -2.44890 -0.56663 0.47481 0.22655 0.76447 -0.47549 0.37171
1403715935834057984 -2.48176 -0.49755 0.43336 0.21957 0.77089 -0.47907 0.35779
1403715935934057984 -2.48302 -0.46550 0.39930 0.21930 0.77151 -0.48315 0.35105
1403715936034057984 -2.46599 -0.47905 0.37722 0.23512 0.76014 -0.47769 0.37246
1403715936134057984 -2.42957 -0.53250 0.36828 0.26684 0.73569 -0.46219 0.41705
1403715936234057984 -2.38033 -0.60536 0.36390 0.30096 0.70528 -0.44322 0.46428
1403715936334057984 -2.32510 -0.69671 0.36420 0.32822 0.67388 -0.42597 0.50667
1403715936434057984 -2.27037 -0.77545 0.35752 0.34229 0.64952 -0.41748 0.53541
1403715936534057984 -2.22565 -0.83641 0.34898 0.34786 0.63519 -0.41456 0.55106
1403715936634057984 -2.19222 -0.87426 0.33933 0.34788 0.62337 -0.41494 0.56411
1403715936734057984 -2.17014 -0.88670 0.33087 0.34623 0.61879 -0.41718 0.56850
1403715936834057984 -2.15803 -0.87810 0.31874 0.34251 0.63023 -0.42239 0.55415
1403715936934057984 -2.15676 -0.85191 0.30442 0.33781 0.64167 -0.42786 0.53952
1403715937034057984 -2.16043 -0.81485 0.29154 0.32974 0.65211 -0.42983 0.53035
1403715937134057984 -2.16421 -0.77253 0.27412 0.31477 0.66815 -0.42937 0.51975
1403715937234057984 -2.17337 -0.72204 0.25748 0.29909 0.68435 -0.42191 0.51400
1403715937334057984 -2.18364 -0.66679 0.23210 0.28353 0.69966 -0.40749 0.51385
1403715937434057984 -2.19559 -0.60926 0.19764 0.26951 0.71222 -0.38865 0.51871
1403715937534057984 -2.20899 -0.55139 0.14894 0.25052 0.72903 -0.37637 0.51391
1403715937634057984 -2.21882 -0.49732 0.09249 0.22968 0.75183 -0.36786 0.49667
1403715937734057984 -2.22425 -0.44983 0.03597 0.21153 0.76991 -0.35748 0.48445
1403715937834057984 -2.22478 -0.40654 -0.01694 0.19697 0.78281 -0.34486 0.47905
1403715937934057984 -2.21621 -0.37539 -0.06451 0.18389 0.79294 -0.33029 0.47785
1403715938034057984 -2.19851 -0.35649 -0.10932 0.17123 0.80303 -0.31256 0.47763
1403715938134057984 -2.16863 -0.34990 -0.14824 0.15796 0.81313 -0.29336 0.47729
1403715938234057984 -2.12034 -0.36140 -0.17092 0.14529 0.82127 -0.27142 0.48035
1403715938334057984 -2.05683 -0.38294 -0.17628 0.14527 0.82083 -0.23819 0.49839
1403715938434057984 -1.98113 -0.40996 -0.16732 0.14405 0.81631 -0.20483 0.52051
1403715938534057984 -1.89705 -0.43873 -0.15515 0.13340 0.81046 -0.17826 0.54183
1403715938634057984 -1.80899 -0.46580 -0.14884 0.12067 0.80821 -0.16035 0.55364
1403715938734057984 -1.71686 -0.49376 -0.14554 0.10867 0.81385 -0.15121 0.55044
1403715938834057984 -1.62268 -0.52215 -0.14631 0.09884 0.82761 -0.14743 0.53250
1403715938934057984 -1.51924 -0.55244 -0.15018 0.09019 0.84089 -0.14629 0.51320
1403715939034057984 -1.40782 -0.58545 -0.15660 0.08268 0.85068 -0.14593 0.49821
1403715939134057984 -1.27983 -0.62361 -0.16152 0.08023 0.85382 -0.14305 0.49405
1403715939234057984 -1.13522 -0.66723 -0.15968 0.08412 0.83745 -0.13681 0.52239
1403715939334057984 -0.97975 -0.71366 -0.15648 0.08990 0.81210 -0.12972 0.56177
1403715939434057984 -0.82573 -0.75869 -0.15586 0.09536 0.78488 -0.12438 0.59950
1403715939534057984 -0.68457 -0.79846 -0.15634 0.10149 0.76129 -0.11963 0.62915
1403715939634057984 -0.55786 -0.83058 -0.15340 0.10838 0.73583 -0.11601 0.65829
1403715939734057984 -0.46034 -0.85210 -0.14165 0.11506 0.70754 -0.11302 0.68803
1403715939834057984 -0.39078 -0.86130 -0.12249 0.12013 0.68852 -0.11245 0.70630
1403715939934057984 -0.36414 -0.85263 -0.09361 0.12419 0.68121 -0.11303 0.71257
1403715940034057984 -0.37669 -0.82779 -0.05659 0.12503 0.69843 -0.11720 0.69486
1403715940134057984 -0.42111 -0.78730 -0.01663 0.12034 0.73745 -0.12535 0.65267
1403715940234057984 -0.48727 -0.73635 0.02553 0.11360 0.77484 -0.13309 0.60746
1403715940334057984 -0.56442 -0.67826 0.06531 0.10374 0.80857 -0.14069 0.56183
1403715940434057984 -0.64652 -0.61791 0.10586 0.09342 0.83801 -0.14782 0.51688
1403715940534057984 -0.71563 -0.56031 0.14142 0.08097 0.86392 -0.15610 0.47193
1403715940634057984 -0.75782 -0.50816 0.17365 0.06516 0.88725 -0.16779 0.42473
1403715940734057984 -0.76833 -0.46901 0.20920 0.05189 0.90397 -0.17807 0.38527
1403715940834057984 -0.73867 -0.45612 0.25231 0.05024 0.91340 -0.17047 0.36621
1403715940934057984 -0.66218 -0.45843 0.30514 0.05949 0.90686 -0.16321 0.38396
1403715941034057984 -0.54436 -0.48590 0.36807 0.06843 0.88074 -0.14320 0.44621
1403715941134057984 -0.39397 -0.51355 0.43669 0.08423 0.83349 -0.13521 0.52907
1403715941234057984 -0.23856 -0.53982 0.50150 0.09735 0.78009 -0.12724 0.60481
1403715941334057984 -0.09239 -0.56356 0.55667 0.09980 0.73908 -0.12438 0.65447
1403715941434057984 0.03303 -0.58182 0.60220 0.09944 0.70933 -0.12306 0.68689
1403715941534057984 0.13537 -0.59454 0.62853 0.09619 0.69256 -0.12327 0.70421
1403715941634057984 0.21439 -0.59978 0.63081 0.09236 0.67686 -0.12354 0.71977
1403715941734057984 0.26022 -0.59465 0.62532 0.08688 0.65642 -0.12421 0.73901
1403715941834057984 0.26782 -0.58403 0.61654 0.08454 0.63754 -0.12275 0.75586
1403715941934057984 0.22660 -0.56458 0.60211 0.08717 0.63595 -0.12027 0.75730
1403715942034057984 0.13029 -0.53519 0.57521 0.09109 0.66797 -0.12020 0.72874
1403715942134057984 -0.01554 -0.49900 0.53737 0.09023 0.71780 -0.12339 0.67927
1403715942234057984 -0.18105 -0.45711 0.48207 0.08488 0.76620 -0.12806 0.62396
1403715942334057984 -0.36068 -0.41203 0.40116 0.07667 0.81089 -0.13443 0.56437
1403715942434057984 -0.53557 -0.36145 0.30132 0.06838 0.84007 -0.14121 0.51930
1403715942534057984 -0.70593 -0.31813 0.19731 0.05826 0.86086 -0.14738 0.48354
1403715942634057984 -0.85425 -0.28123 0.09593 0.05485 0.87848 -0.14872 0.45072
1403715942734057984 -0.96844 -0.25291 -0.00262 0.05496 0.88966 -0.14792 0.42848
1403715942834057984 -1.05219 -0.24129 -0.09670 0.05600 0.89361 -0.14447 0.42125
1403715942934057984 -1.09783 -0.24424 -0.18568 0.05750 0.89319 -0.14019 0.42338
1403715943034057984 -1.09843 -0.25455 -0.26498 0.06393 0.88982 -0.13568 0.43096
1403715943134057984 -1.03549 -0.27426 -0.32053 0.07638 0.88321 -0.12970 0.44417
1403715943234057984 -0.97178 -0.30538 -0.35526 0.07977 0.86269 -0.12293 0.48404
1403715943334057984 -0.87321 -0.34508 -0.37032 0.08075 0.82697 -0.11647 0.54409
1403715943434057984 -0.76386 -0.37656 -0.37518 0.08170 0.78674 -0.10478 0.60281
1403715943534057984 -0.65426 -0.40473 -0.38055 0.07968 0.75869 -0.09450 0.63961
1403715943634057984 -0.56870 -0.42857 -0.38611 0.07924 0.74111 -0.08970 0.66063
1403715943734057984 -0.50082 -0.44617 -0.39145 0.07777 0.72527 -0.09114 0.67796
1403715943834057984 -0.46223 -0.45681 -0.39506 0.08066 0.70778 -0.09372 0.69552
1403715943934057984 -0.45828 -0.45916 -0.38695 0.08456 0.69637 -0.09656 0.70611
1403715944034057984 -0.49210 -0.45257 -0.36552 0.08040 0.70935 -0.10338 0.69258
1403715944134057984 -0.55722 -0.43616 -0.33950 0.06589 0.75346 -0.11058 0.64477
1403715944234057984 -0.65167 -0.41401 -0.31287 0.04607 0.80197 -0.11184 0.58499
1403715944334057984 -0.75248 -0.39298 -0.29153 0.02914 0.84191 -0.10286 0.52892
1403715944434057984 -0.84734 -0.37498 -0.27689 0.01552 0.86838 -0.08415 0.48847
1403715944534057984 -0.92941 -0.36098 -0.26915 0.00179 0.88673 -0.06057 0.45829
1403715944634057984 -0.97857 -0.35156 -0.25644 -0.01527 0.89685 -0.03691 0.44052
1403715944734057984 -0.98801 -0.34847 -0.24019 -0.03254 0.90178 -0.01384 0.43076
1403715944834057984 -0.95013 -0.34023 -0.21489 -0.03721 0.90029 0.00565 0.43367
1403715944934057984 -0.88514 -0.34498 -0.18229 -0.03472 0.87969 0.03958 0.47263
1403715945034057984 -0.80202 -0.35291 -0.14752 -0.03501 0.84086 0.07360 0.53508
1403715945134057984 -0.71645 -0.36044 -0.11356 -0.03836 0.79688 0.09698 0.59507
1403715945234057984 -0.63783 -0.36352 -0.08174 -0.04022 0.76475 0.10946 0.63368
1403715945334057984 -0.57233 -0.36463 -0.05273 -0.04255 0.73897 0.11316 0.66280
1403715945434057984 -0.53509 -0.36319 -0.01894 -0.04422 0.71376 0.11201 0.68996
1403715945534057984 -0.52523 -0.35762 0.01391 -0.04988 0.69435 0.10581 0.71006
1403715945634057984 -0.55398 -0.35016 0.03597 -0.05803 0.72030 0.09708 0.68437
1403715945734057984 -0.60860 -0.34527 0.05935 -0.06190 0.76192 0.09096 0.63825
1403715945834057984 -0.67719 -0.34084 0.08254 -0.05812 0.80161 0.08968 0.58822
1403715945934057984 -0.74312 -0.33571 0.11031 -0.05340 0.83732 0.08907 0.53677
1403715946034057984 -0.81018 -0.32620 0.13495 -0.05324 0.86219 0.09156 0.49538
1403715946134057984 -0.85511 -0.30893 0.15932 -0.05687 0.87849 0.09924 0.46387
1403715946234057984 -0.87565 -0.28639 0.18610 -0.06262 0.89009 0.11284 0.43713
1403715946334057984 -0.85980 -0.25369 0.21866 -0.07045 0.89160 0.13042 0.42787
1403715946434057984 -0.81526 -0.21043 0.25676 -0.07790 0.87387 0.15346 0.45467
1403715946534057984 -0.75035 -0.15637 0.30024 -0.09161 0.84245 0.16879 0.50338
1403715946634057984 -0.67324 -0.09514 0.34480 -0.10975 0.80529 0.17365 0.55615
1403715946734057984 -0.59380 -0.03022 0.38595 -0.12502 0.77293 0.17367 0.59731
1403715946834057984 -0.52276 0.03008 0.42200 -0.13645 0.75236 0.17281 0.62086
1403715946934057984 -0.46053 0.08597 0.44957 -0.14280 0.73730 0.17259 0.63735
1403715947034057984 -0.41441 0.13206 0.47137 -0.14559 0.72354 0.17133 0.65264
1403715947134057984 -0.39369 0.17069 0.49497 -0.15350 0.70174 0.16320 0.67628
1403715947234057984 -0.40128 0.19529 0.51824 -0.15989 0.67621 0.15272 0.70274
1403715947334057984 -0.43823 0.20636 0.53108 -0.16156 0.67621 0.14610 0.70377
1403715947434057984 -0.50690 0.20031 0.52739 -0.15261 0.70894 0.14880 0.67229
1403715947534057984 -0.60532 0.17926 0.50894 -0.14686 0.74994 0.15253 0.62670
1403715947634057984 -0.71834 0.14976 0.47835 -0.14625 0.78857 0.15394 0.57712
1403715947734057984 -0.83302 0.11736 0.43481 -0.14468 0.82230 0.15527 0.52800
1403715947834057984 -0.94049 0.08211 0.38209 -0.13380 0.84293 0.16374 0.49473
1403715947934057984 -1.03298 0.05015 0.32268 -0.12112 0.85875 0.17489 0.46614
1403715948034057984 -1.10181 0.02562 0.26277 -0.11152 0.87235 0.18567 0.43829
1403715948134057984 -1.13773 0.01289 0.20552 -0.10541 0.88232 0.19442 0.41545
1403715948234057984 -1.13719 0.01744 0.15677 -0.10410 0.88464 0.19932 0.40847
1403715948334057984 -1.09989 0.03978 0.12060 -0.11132 0.87298 0.19850 0.43141
1403715948434057984 -1.03345 0.08105 0.09314 -0.12179 0.84927 0.18907 0.47767
1403715948534057984 -0.94293 0.12719 0.07296 -0.12846 0.82022 0.18329 0.52645
1403715948634057984 -0.84546 0.17419 0.05218 -0.13193 0.79232 0.17657 0.56890
1403715948734057984 -0.75319 0.21770 0.02740 -0.13373 0.76702 0.16955 0.60420
1403715948834057984 -0.67334 0.25757 -0.00162 -0.13444 0.74881 0.16376 0.62801
1403715948934057984 -0.60895 0.29300 -0.03060 -0.14032 0.73487 0.16036 0.64386
1403715949034057984 -0.56642 0.31809 -0.05888 -0.15046 0.72018 0.16240 0.65752
1403715949134057984 -0.54710 0.33309 -0.08662 -0.16194 0.71424 0.17020 0.65930
1403715949234057984 -0.54992 0.34005 -0.11342 -0.16810 0.73076 0.18807 0.63432
1403715949334057984 -0.57187 0.33379 -0.14319 -0.17094 0.75916 0.21186 0.59125
1403715949434057984 -0.60267 0.32120 -0.17021 -0.16797 0.79061 0.23594 0.53950
1403715949534057984 -0.63337 0.30944 -0.19083 -0.16535 0.81147 0.25760 0.49782
1403715949634057984 -0.65498 0.30405 -0.20567 -0.16661 0.82126 0.27923 0.46882
1403715949734057984 -0.66275 0.31062 -0.21695 -0.17056 0.82684 0.30072 0.44363
1403715949834057984 -0.64837 0.33447 -0.22394 -0.17244 0.82533 0.32485 0.42846
1403715949934057984 -0.60833 0.37795 -0.22207 -0.17418 0.81508 0.35073 0.42695
1403715950034057984 -0.55267 0.44189 -0.21527 -0.17458 0.79737 0.37759 0.43720
1403715950134057984 -0.48551 0.52755 -0.20471 -0.18732 0.76743 0.39668 0.46755
1403715950234057984 -0.41576 0.63152 -0.19075 -0.21712 0.73244 0.39562 0.50978
1403715950334057984 -0.35130 0.73926 -0.17574 -0.25298 0.70227 0.38141 0.54530
1403715950434057984 -0.29576 0.84174 -0.16164 -0.28010 0.67678 0.36612 0.57400
1403715950534057984 -0.25400 0.93246 -0.14954 -0.29747 0.65323 0.35254 0.60043
1403715950634057984 -0.22938 1.00289 -0.13648 -0.30590 0.64032 0.34378 0.61501
1403715950734057984 -0.22453 1.05176 -0.11963 -0.31329 0.62860 0.33608 0.62750
1403715950834057984 -0.24233 1.07664 -0.10061 -0.32051 0.61816 0.33036 0.63720
1403715950934057984 -0.28416 1.07512 -0.08032 -0.32297 0.61803 0.33074 0.63588
1403715951034057984 -0.35062 1.04793 -0.06532 -0.31658 0.64729 0.34274 0.60276
1403715951134057984 -0.43456 0.99420 -0.05061 -0.30087 0.68277 0.36178 0.55895
1403715951234057984 -0.52781 0.92952 -0.03983 -0.27863 0.71548 0.38768 0.51007
1403715951334057984 -0.62105 0.85824 -0.03034 -0.26288 0.73934 0.41094 0.46412
1403715951434057984 -0.70582 0.79828 -0.01924 -0.25247 0.75290 0.43257 0.42694
1403715951534057984 -0.78513 0.75187 -0.00541 -0.24601 0.76150 0.45205 0.39401
1403715951634057984 -0.84937 0.72786 0.01022 -0.24329 0.76366 0.47075 0.36882
1403715951734057984 -0.89664 0.73566 0.03084 -0.24438 0.76067 0.48822 0.35116
1403715951834057984 -0.91335 0.76830 0.05847 -0.25473 0.74781 0.51050 0.33953
1403715951934057984 -0.92598 0.83344 0.09432 -0.28533 0.72172 0.51971 0.35722
1403715952034057984 -0.94034 0.93136 0.13679 -0.32742 0.68654 0.51374 0.39690
1403715952134057984 -0.93989 1.04396 0.17486 -0.37499 0.64431 0.50342 0.43683
1403715952234057984 -0.91255 1.15959 0.20600 -0.41245 0.60839 0.49772 0.46046
1403715952334057984 -0.89291 1.25937 0.23408 -0.43813 0.58263 0.49416 0.47370
1403715952434057984 -0.87064 1.34223 0.25903 -0.45756 0.56174 0.49073 0.48401
1403715952534057984 -0.84372 1.39734 0.28037 -0.47131 0.54469 0.49237 0.48862
1403715952634057984 -0.82610 1.42808 0.30348 -0.48707 0.52728 0.49201 0.49261
1403715952734057984 -0.80447 1.42570 0.33014 0.50556 -0.50654 -0.48413 -0.50343
1403715952834057984 -0.78419 1.39115 0.35621 0.51969 -0.48902 -0.47619 -0.51383
1403715952934057984 -0.76153 1.32259 0.37609 0.50716 -0.50196 -0.49417 -0.49661
1403715953034057984 -0.73817 1.22155 0.38574 -0.47242 0.53398 0.53299 0.45564
1403715953134057984 -0.71416 1.09571 0.38172 -0.43091 0.56589 0.57229 0.40812
1403715953234057984 -0.69094 0.96514 0.36565 -0.39248 0.59171 0.60155 0.36603
1403715953334057984 -0.66645 0.83646 0.33987 -0.36658 0.60646 0.61979 0.33718
1403715953434057984 -0.63828 0.72584 0.30760 -0.34657 0.61456 0.63702 0.31049
1403715953534057984 -0.61046 0.64389 0.27680 -0.33402 0.61479 0.65430 0.28698
1403715953634057984 -0.58326 0.59286 0.25237 -0.32571 0.60793 0.67316 0.26680
1403715953734057984 -0.56676 0.57626 0.23648 -0.32039 0.59954 0.68869 0.25222
1403715953834057984 -0.54921 0.61113 0.22970 -0.31956 0.58442 0.70252 0.25061
1403715953934057984 -0.56678 0.69094 0.23340 -0.31979 0.56897 0.70282 0.28295
1403715954034057984 -0.56513 0.81263 0.23728 -0.33713 0.52271 0.70780 0.33486
1403715954134057984 -0.57692 0.94226 0.23244 -0.37002 0.48588 0.69506 0.37933
1403715954234057984 -0.61095 1.07863 0.22455 -0.41139 0.45992 0.66962 0.41334
1403715954334057984 -0.65792 1.20893 0.21400 -0.45327 0.44871 0.63929 0.42955
1403715954434057984 -0.71861 1.32133 0.20150 -0.49685 0.44760 0.60647 0.43011
1403715954534057984 -0.78176 1.40703 0.19112 0.53200 -0.43981 -0.57682 -0.43684
1403715954634057984 -0.84009 1.46040 0.18347 0.55640 -0.42775 -0.55467 -0.44699
1403715954734057984 -0.89142 1.47493 0.17449 0.56752 -0.42192 -0.54513 -0.45026
1403715954834057984 -0.93428 1.44961 0.16384 0.55867 -0.42931 -0.55503 -0.44218
1403715954934057984 -0.96883 1.38822 0.15388 0.53523 -0.44680 -0.57731 -0.42500
1403715955034057984 -0.99664 1.29513 0.14517 0.50116 -0.46984 -0.60558 -0.40169
1403715955134057984 -1.01884 1.18297 0.13714 -0.46887 0.49467 0.62935 0.37333
1403715955234057984 -1.04152 1.06483 0.12756 -0.43699 0.52237 0.64966 0.33780
1403715955334057984 -1.06173 0.95136 0.12140 -0.40729 0.54166 0.66612 0.31145
1403715955434057984 -1.08001 0.85091 0.11997 -0.38431 0.55592 0.67743 0.29043
1403715955534057984 -1.10155 0.77338 0.12108 -0.36844 0.56911 0.68602 0.26409
1403715955634057984 -1.12078 0.72580 0.12689 -0.35864 0.57288 0.69795 0.23672
1403715955734057984 -1.14715 0.71785 0.13944 -0.35753 0.56055 0.71149 0.22747
1403715955834057984 -1.17086 0.74664 0.16533 -0.39326 0.52372 0.71471 0.24546
1403715955934057984 -1.20900 0.80404 0.19649 -0.44378 0.48342 0.70385 0.27194
1403715956034057984 -1.24692 0.87436 0.22839 -0.49362 0.43457 0.69186 0.29803
1403715956134057984 -1.27665 0.95106 0.25839 0.53003 -0.38591 -0.68655 -0.31431
1403715956234057984 -1.31035 1.01580 0.28276 0.55485 -0.34435 -0.68744 -0.31779
1403715956334057984 -1.34136 1.05654 0.30486 0.57456 -0.31080 -0.69166 -0.30803
1403715956434057984 -1.36446 1.07182 0.32969 0.60536 -0.27609 -0.68540 -0.29587
1403715956534057984 -1.37418 1.06206 0.35752 0.63819 -0.24247 -0.67362 -0.28314
1403715956634057984 -1.36816 1.03084 0.38461 0.65829 -0.22022 -0.66803 -0.26813
1403715956734057984 -1.34124 0.97566 0.40952 0.65494 -0.21533 -0.68010 -0.24932
1403715956834057984 -1.29278 0.89564 0.43390 0.63630 -0.22278 -0.70290 -0.22678
1403715956934057984 -1.22645 0.79565 0.45516 0.60610 -0.23531 -0.73115 -0.20661
1403715957034057984 -1.14705 0.68109 0.46930 0.56631 -0.24961 -0.76230 -0.18947
1403715957134057984 -1.06318 0.56132 0.47194 0.52892 -0.26327 -0.78754 -0.17526
1403715957234057984 -0.98260 0.44182 0.46172 -0.49307 0.27720 0.80912 0.15926
1403715957334057984 -0.91096 0.32935 0.43779 -0.45576 0.29224 0.82896 0.14040
1403715957434057984 -0.85459 0.23508 0.40597 -0.42012 0.30201 0.84638 0.12622
1403715957534057984 -0.81956 0.16094 0.36880 -0.39130 0.30855 0.85927 0.11552
1403715957634057984 -0.81103 0.11222 0.32991 -0.37058 0.30963 0.86873 0.11006
1403715957734057984 -0.83618 0.09721 0.29218 -0.37079 0.30201 0.87076 0.11436
1403715957834057984 -0.90281 0.10643 0.26466 -0.40958 0.29217 0.85452 0.12913
1403715957934057984 -1.00762 0.14575 0.24903 -0.47093 0.27336 0.82572 0.14724
1403715958034057984 -1.12894 0.19591 0.23704 0.53080 -0.24820 -0.79412 -0.16134
1403715958134057984 -1.25379 0.24760 0.21795 0.58349 -0.21970 -0.76329 -0.16930
1403715958234057984 -1.37240 0.29307 0.19447 0.62580 -0.19307 -0.73638 -0.16987
1403715958334057984 -1.47652 0.32719 0.16888 0.65470 -0.16811 -0.71796 -0.16624
1403715958434057984 -1.55950 0.34798 0.14087 0.68170 -0.14567 -0.69927 -0.15838
1403715958534057984 -1.61197 0.34830 0.11466 0.70429 -0.12605 -0.68331 -0.14552
1403715958634057984 -1.63277 0.33155 0.08587 0.70788 -0.11355 -0.68606 -0.12381
1403715958734057984 -1.61351 0.29796 0.05677 0.69727 -0.10635 -0.70270 -0.09335
1403715958834057984 -1.56517 0.25193 0.02372 0.67068 -0.10328 -0.73248 -0.05471
1403715958934057984 -1.48162 0.20076 -0.00392 0.63539 -0.10222 -0.76529 -0.01313
1403715959034057984 -1.38693 0.15983 -0.03370 0.59605 -0.09320 -0.79734 0.01677
1403715959134057984 -1.27635 0.12883 -0.06019 0.56016 -0.07124 -0.82484 0.02796
1403715959234057984 -1.16802 0.10587 -0.08357 0.53120 -0.03814 -0.84608 0.02261
1403715959334057984 -1.06945 0.08924 -0.10858 -0.49720 0.00900 0.86735 -0.02038
1403715959434057984 -0.99464 0.07573 -0.13785 -0.45824 -0.01040 0.88850 -0.02206
1403715959534057984 -0.93792 0.06619 -0.16293 -0.42799 -0.02287 0.90316 -0.02448
1403715959634057984 -0.92373 0.05629 -0.17305 -0.41624 -0.04118 0.90796 -0.02570
1403715959734057984 -0.96612 0.02982 -0.16166 -0.43906 -0.04788 0.89675 -0.02777
1403715959834057984 -1.02145 0.00784 -0.13716 -0.49456 -0.05955 0.86612 -0.04124
1403715959934057984 -1.13019 -0.00981 -0.10173 0.55764 0.06866 -0.82555 0.05274
1403715960034057984 -1.22504 -0.03034 -0.07409 0.61496 0.07430 -0.78258 0.06220
1403715960134057984 -1.30364 -0.05128 -0.05053 0.65559 0.07735 -0.74793 0.06945
1403715960234057984 -1.36341 -0.06726 -0.03174 0.68393 0.08061 -0.72158 0.07113
1403715960334057984 -1.39267 -0.07976 -0.01584 0.70321 0.08230 -0.70264 0.07084
1403715960434057984 -1.38874 -0.08583 0.00381 0.71932 0.08223 -0.68601 0.07220
1403715960534057984 -1.35334 -0.08821 0.02501 0.71517 0.08266 -0.69045 0.07055
1403715960634057984 -1.28242 -0.08829 0.04122 0.67938 0.08532 -0.72606 0.06320
1403715960734057984 -1.17242 -0.08480 0.05311 0.63435 0.08774 -0.76609 0.05490
1403715960834057984 -1.05825 -0.08217 0.06627 0.57702 0.08943 -0.81059 0.04474
1403715960934057984 -0.93836 -0.08307 0.08134 0.51701 0.09048 -0.85049 0.03433
1403715961034057984 -0.82802 -0.08840 0.09662 -0.47191 -0.09038 0.87662 -0.02581
1403715961134057984 -0.74355 -0.10701 0.11384 -0.43253 -0.08798 0.89709 -0.02007
1403715961234057984 -0.68994 -0.13321 0.13481 -0.40283 -0.07987 0.91152 -0.02190
1403715961334057984 -0.67974 -0.17227 0.16552 -0.40539 -0.06684 0.91102 -0.03505
1403715961434057984 -0.69688 -0.24125 0.20623 -0.44065 -0.04425 0.89539 -0.04634
1403715961534057984 -0.77570 -0.28570 0.25383 -0.48516 -0.05247 0.87040 -0.06533
1403715961634057984 -0.87360 -0.32295 0.30509 0.53211 0.07362 -0.83945 0.08224
1403715961734057984 -0.97916 -0.36330 0.35036 0.57805 0.09686 -0.80450 0.09621
1403715961834057984 -1.07443 -0.40351 0.38684 0.61962 0.12018 -0.76844 0.10547
1403715961934057984 -1.15695 -0.43929 0.41008 0.64977 0.13871 -0.73876 0.11313
1403715962034057984 -1.22219 -0.47324 0.42496 0.68387 0.14894 -0.70242 0.12940
1403715962134057984 -1.24953 -0.49063 0.43145 0.71054 0.15651 -0.66914 0.15132
1403715962234057984 -1.24685 -0.50032 0.42677 0.71768 0.16698 -0.65397 0.17143
1403715962334057984 -1.20674 -0.49440 0.41415 0.70397 0.17818 -0.65972 0.19350
1403715962434057984 -1.12900 -0.46785 0.39406 0.67800 0.18589 -0.67762 0.21584
1403715962534057984 -1.02881 -0.42310 0.36376 0.63825 0.19303 -0.70548 0.24014
1403715962634057984 -0.90992 -0.35322 0.32036 0.58607 0.20250 -0.74010 0.26033
1403715962734057984 -0.79016 -0.26477 0.26803 0.54202 0.21254 -0.76504 0.27524
1403715962834057984 -0.67506 -0.15696 0.20415 0.50332 0.23155 -0.78515 0.27676
1403715962934057984 -0.57027 -0.04097 0.13353 -0.47297 -0.26255 0.79923 -0.26193
1403715963034057984 -0.48109 0.08154 0.05062 -0.44357 -0.30913 0.80914 -0.23019
1403715963134057984 -0.40197 0.19820 -0.04637 -0.40874 -0.34821 0.81809 -0.20592
1403715963234057984 -0.34472 0.29764 -0.15656 -0.37551 -0.37891 0.82350 -0.19305
1403715963334057984 -0.30850 0.37312 -0.27764 -0.35062 -0.40452 0.82290 -0.19044
1403715963434057984 -0.29423 0.40954 -0.38963 -0.37477 -0.41842 0.79937 -0.21325
1403715963534057984 -0.31268 0.41391 -0.48750 -0.43006 -0.42513 0.75481 -0.25413
1403715963634057984 -0.35157 0.39442 -0.57416 -0.47564 -0.42806 0.71061 -0.29250
1403715963734057984 -0.37977 0.37647 -0.65363 0.50271 0.43372 -0.67659 0.31842
1403715963834057984 -0.40024 0.36649 -0.71985 0.50922 0.43871 -0.65962 0.33634
1403715963934057984 -0.41576 0.35889 -0.77198 0.50360 0.44577 -0.65558 0.34335
1403715964034057984 -0.42443 0.36015 -0.81272 -0.48896 -0.45573 0.66064 -0.34172
1403715964134057984 -0.42891 0.36682 -0.84075 -0.46653 -0.48117 0.67214 -0.31472
1403715964234057984 -0.42848 0.36875 -0.84139 -0.45006 -0.49604 0.67970 -0.29899
1403715964334057984 -0.42520 0.35761 -0.81227 -0.44987 -0.48916 0.67908 -0.31175
1403715964434057984 -0.41955 0.34055 -0.77498 -0.45366 -0.48123 0.67618 -0.32462
1403715964534057984 -0.41352 0.31730 -0.74440 -0.45776 -0.48063 0.67246 -0.32750
1403715964634057984 -0.40505 0.29059 -0.71363 -0.45721 -0.47838 0.67258 -0.33127
1403715964734057984 -0.39629 0.26280 -0.67512 -0.45539 -0.46907 0.67360 -0.34476
1403715964834057984 -0.38836 0.23398 -0.62486 -0.45399 -0.45549 0.67290 -0.36556
1403715964934057984 -0.38628 0.20902 -0.57103 -0.46125 -0.44786 0.66478 -0.38044
1403715965034057984 -0.38911 0.18900 -0.52779 -0.47392 -0.44430 0.65172 -0.39148
1403715965134057984 -0.39398 0.17821 -0.49917 -0.49028 -0.44126 0.63555 -0.40124
1403715965234057984 -0.39839 0.18001 -0.48661 -0.48079 -0.45899 0.64138 -0.38315
1403715965334057984 -0.40312 0.19095 -0.48098 -0.44809 -0.48783 0.66513 -0.34474
1403715965434057984 -0.40822 0.20004 -0.47203 -0.40719 -0.50918 0.69282 -0.30812
1403715965534057984 -0.41953 0.19478 -0.45851 -0.37939 -0.52165 0.71088 -0.28034
1403715965634057984 -0.43454 0.16061 -0.42972 -0.37531 -0.52359 0.71487 -0.27195
1403715965734057984 -0.45759 0.10006 -0.39437 -0.41164 -0.51084 0.69481 -0.29467
1403715965834057984 -0.48197 0.02812 -0.35347 -0.45996 -0.48783 0.66311 -0.33278
1403715965934057984 -0.50722 -0.04874 -0.31692 0.50055 0.46479 -0.63168 0.36660
1403715966034057984 -0.52617 -0.11094 -0.28565 0.52723 0.45058 -0.60775 0.38685
1403715966134057984 -0.53354 -0.15113 -0.25251 0.55249 0.43457 -0.58179 0.40917
1403715966234057984 -0.53145 -0.16503 -0.22056 0.55984 0.43044 -0.57253 0.41655
1403715966334057984 -0.51900 -0.14773 -0.19203 0.53558 0.44738 -0.59613 0.39704
1403715966434057984 -0.49669 -0.10931 -0.16259 -0.49901 -0.46934 0.63025 -0.36537
1403715966534057984 -0.46829 -0.05801 -0.13720 -0.45024 -0.49192 0.67078 -0.32458
1403715966634057984 -0.43658 -0.00527 -0.11717 -0.40909 -0.50571 0.70201 -0.28998
1403715966734057984 -0.41127 0.02018 -0.09256 -0.38363 -0.51072 0.72108 -0.26841
1403715966834057984 -0.39201 0.02510 -0.07014 -0.36864 -0.51332 0.73217 -0.25403
1403715966934057984 -0.38281 -0.00584 -0.03661 -0.38783 -0.50685 0.72379 -0.26234
1403715967034057984 -0.37784 -0.05879 0.00242 -0.43194 -0.49151 0.69908 -0.28832
1403715967134057984 -0.37028 -0.12250 0.04564 -0.48155 -0.46809 0.66755 -0.32152
1403715967234057984 -0.36100 -0.18340 0.08891 0.52636 0.44489 -0.63416 0.35052
1403715967334057984 -0.34511 -0.22640 0.13130 0.56524 0.42083 -0.59996 0.37876
1403715967434057984 -0.31465 -0.24534 0.16755 0.58081 0.40721 -0.58532 0.39274
1403715967534057984 -0.27073 -0.23580 0.20011 0.56906 0.40798 -0.59347 0.39688
1403715967634057984 -0.21383 -0.19992 0.22780 0.53509 0.42133 -0.61466 0.39794
1403715967734057984 -0.14967 -0.13931 0.25411 -0.48658 -0.44194 0.63995 -0.39798
1403715967834057984 -0.08741 -0.06602 0.27642 -0.43047 -0.46606 0.66479 -0.39437
1403715967934057984 -0.03604 0.01327 0.29215 -0.38568 -0.48894 0.67861 -0.38947
1403715968034057984 -0.00155 0.09060 0.29618 -0.35702 -0.52021 0.68355 -0.36698
1403715968134057984 0.01654 0.15743 0.29300 -0.34002 -0.55179 0.68265 -0.33749
1403715968234057984 0.02662 0.20303 0.28743 -0.34122 -0.56641 0.67486 -0.32759
1403715968334057984 0.03110 0.22803 0.27825 -0.36965 -0.56014 0.65529 -0.34670
1403715968434057984 0.03001 0.23776 0.25786 -0.40242 -0.54535 0.63346 -0.37332
1403715968534057984 0.02501 0.24850 0.22400 -0.43180 -0.52923 0.61066 -0.40070
1403715968634057984 0.01941 0.25849 0.17805 -0.46052 -0.51192 0.58941 -0.42244
1403715968734057984 0.01120 0.27558 0.12795 -0.48484 -0.49746 0.56988 -0.43898
1403715968834057984 0.00397 0.31190 0.07803 0.50215 0.48626 -0.55437 0.45173
1403715968934057984 -0.00092 0.37182 0.02985 0.50832 0.48161 -0.54800 0.45755
1403715969034057984 -0.00057 0.45740 -0.02089 -0.49196 -0.49404 0.56170 -0.44541
1403715969134057984 0.00246 0.56896 -0.07801 -0.45025 -0.52469 0.59609 -0.40823
1403715969234057984 0.00538 0.68798 -0.13503 -0.39564 -0.55827 0.63530 -0.35805
1403715969334057984 0.00421 0.79796 -0.18383 -0.35372 -0.57928 0.66199 -0.31796
1403715969434057984 -0.00228 0.88344 -0.22708 -0.32520 -0.59329 0.67830 -0.28664
1403715969534057984 -0.01131 0.93057 -0.26372 -0.31689 -0.60685 0.68073 -0.26063
1403715969634057984 -0.02051 0.93825 -0.28846 -0.33915 -0.62121 0.66243 -0.24547
1403715969734057984 -0.02074 0.90277 -0.30049 -0.37437 -0.62823 0.63651 -0.24499
1403715969834057984 -0.00849 0.83145 -0.30995 0.41268 0.62027 -0.61101 0.26763
1403715969934057984 0.02142 0.73883 -0.31344 -0.43780 -0.59226 0.59769 -0.31676
1403715970034057984 0.06714 0.64571 -0.30958 -0.45811 -0.55807 0.58422 -0.37065
1403715970134057984 0.11844 0.55288 -0.31016 -0.47543 -0.53258 0.56791 -0.40963
1403715970234057984 0.17417 0.47486 -0.31018 -0.49371 -0.50829 0.54856 -0.44382
1403715970334057984 0.23395 0.42058 -0.30833 0.50757 0.48595 -0.53118 0.47336
1403715970434057984 0.29863 0.39893 -0.30530 0.51222 0.47350 -0.52262 0.49020
1403715970534057984 0.36328 0.41510 -0.30034 -0.49305 -0.47535 0.53487 -0.49483
1403715970634057984 0.42255 0.45801 -0.30000 -0.45133 -0.49266 0.56711 -0.48164
1403715970734057984 0.47376 0.52726 -0.29689 -0.40368 -0.51698 0.60509 -0.45127
1403715970834057984 0.51356 0.60531 -0.29312 -0.34735 -0.54039 0.64670 -0.41122
1403715970934057984 0.53439 0.67868 -0.28530 -0.29860 -0.55716 0.67918 -0.37300
1403715971034057984 0.53533 0.73335 -0.27064 -0.26875 -0.57478 0.69443 -0.33936
1403715971134057984 0.51739 0.75265 -0.24656 -0.26399 -0.59972 0.68890 -0.30995
1403715971234057984 0.48341 0.72239 -0.20839 -0.28793 -0.62346 0.66183 -0.30062
1403715971334057984 0.44887 0.64193 -0.16070 0.33279 0.63818 -0.61921 0.31394
1403715971434057984 0.41945 0.54180 -0.10836 0.37774 0.64543 -0.56905 0.34192
1403715971534057984 0.40527 0.42834 -0.05865 0.41281 0.64743 -0.51877 0.37591
1403715971634057984 0.40593 0.31704 -0.01191 0.42995 0.64800 -0.47521 0.41161
1403715971734057984 0.42076 0.21011 0.03114 0.42858 0.64632 -0.44418 0.44866
1403715971834057984 0.44846 0.12153 0.06900 0.41113 0.64286 -0.42536 0.48659
1403715971934057984 0.48132 0.05182 0.10150 0.38448 0.64425 -0.41450 0.51508
1403715972034057984 0.51347 0.00212 0.13134 0.36118 0.65122 -0.40391 0.53134
1403715972134057984 0.54229 -0.02986 0.16502 0.34958 0.65175 -0.38901 0.54926
1403715972234057984 0.56458 -0.04350 0.20222 0.35042 0.64130 -0.37079 0.57311
1403715972334057984 0.57733 -0.03316 0.23860 0.35441 0.63060 -0.35596 0.59164
1403715972434057984 0.57632 0.00538 0.27203 0.35273 0.62742 -0.35135 0.59873
1403715972534057984 0.56201 0.07094 0.30024 0.34477 0.63818 -0.35722 0.58844
1403715972634057984 0.53644 0.15950 0.32204 0.32197 0.66298 -0.37749 0.56062
1403715972734057984 0.50409 0.26279 0.33438 0.29341 0.68859 -0.40203 0.52737
1403715972834057984 0.46762 0.37472 0.33716 0.26963 0.70795 -0.42345 0.49679
1403715972934057984 0.42878 0.48163 0.33454 0.26413 0.70894 -0.43217 0.49078
1403715973034057984 0.39110 0.58163 0.32648 0.26515 0.69663 -0.43700 0.50342
1403715973134057984 0.34692 0.67770 0.31567 0.26808 0.68596 -0.44025 0.51359
1403715973234057984 0.29305 0.77137 0.30755 0.27292 0.68329 -0.44051 0.51437
1403715973334057984 0.23158 0.86194 0.29961 0.27064 0.68436 -0.44403 0.51112
1403715973434057984 0.16412 0.94419 0.29169 0.26531 0.69298 -0.44867 0.49808
1403715973534057984 0.08800 1.02313 0.28460 0.25758 0.70331 -0.45333 0.48322
1403715973634057984 0.01497 1.08981 0.27943 0.24568 0.70983 -0.46054 0.47296
1403715973734057984 -0.05880 1.14592 0.27485 0.23120 0.71378 -0.46919 0.46574
1403715973834057984 -0.13284 1.18239 0.27201 0.22198 0.71634 -0.47375 0.46168
1403715973934057984 -0.20830 1.19919 0.27140 0.21831 0.71998 -0.47394 0.45754
1403715974034057984 -0.28155 1.19240 0.27563 0.23000 0.72205 -0.46387 0.45887
1403715974134057984 -0.34601 1.16300 0.28239 0.24586 0.72014 -0.45108 0.46634
1403715974234057984 -0.40950 1.12373 0.28692 0.25684 0.71596 -0.44163 0.47581
1403715974334057984 -0.47099 1.07928 0.28602 0.26241 0.71664 -0.43581 0.47712
1403715974434057984 -0.52891 1.03225 0.27732 0.26266 0.71910 -0.43371 0.47518
1403715974534057984 -0.59231 0.98135 0.26681 0.26458 0.71856 -0.43071 0.47765
1403715974634057984 -0.65218 0.92265 0.25449 0.26869 0.71554 -0.42646 0.48367
1403715974734057984 -0.70743 0.86091 0.24010 0.27145 0.71259 -0.42356 0.48900
1403715974834057984 -0.76137 0.79690 0.22267 0.27187 0.71179 -0.42198 0.49130
1403715974934057984 -0.81335 0.73206 0.20547 0.27239 0.71165 -0.41962 0.49323
1403715975034057984 -0.86652 0.66630 0.18675 0.27374 0.71225 -0.41608 0.49462
1403715975134057984 -0.91641 0.60044 0.16960 0.27570 0.71419 -0.41105 0.49494
1403715975234057984 -0.96482 0.53227 0.15422 0.27772 0.71694 -0.40603 0.49397
1403715975334057984 -1.00650 0.46780 0.14285 0.28015 0.71756 -0.40054 0.49618
1403715975434057984 -1.04542 0.40358 0.13720 0.28476 0.71621 -0.39382 0.50087
1403715975534057984 -1.08157 0.34398 0.13691 0.28919 0.71555 -0.38765 0.50407
1403715975634057984 -1.11649 0.28592 0.14000 0.28480 0.71793 -0.38850 0.50253
1403715975734057984 -1.14473 0.23624 0.14786 0.28134 0.71973 -0.38972 0.50096
1403715975834057984 -1.16827 0.18675 0.15821 0.27930 0.72061 -0.39088 0.49992
1403715975934057984 -1.18934 0.13863 0.16966 0.27788 0.72235 -0.39197 0.49734
1403715976034057984 -1.20606 0.09264 0.18077 0.27762 0.72428 -0.39271 0.49408
1403715976134057984 -1.21927 0.04625 0.19373 0.27792 0.72390 -0.39380 0.49361
1403715976234057984 -1.22546 0.00141 0.20486 0.28225 0.72231 -0.39307 0.49406
1403715976334057984 -1.22605 -0.03805 0.21580 0.28628 0.72117 -0.39279 0.49363
1403715976434057984 -1.22215 -0.07877 0.22643 0.29165 0.72207 -0.38862 0.49248
1403715976534057984 -1.21112 -0.11581 0.23489 0.29261 0.72621 -0.38032 0.49229
1403715976634057984 -1.19181 -0.14778 0.24122 0.28751 0.73232 -0.36904 0.49483
1403715976734057984 -1.16578 -0.17601 0.24610 0.27446 0.73712 -0.36065 0.50126
1403715976834057984 -1.13384 -0.20123 0.24715 0.26445 0.74095 -0.35343 0.50612
1403715976934057984 -1.09815 -0.22378 0.24700 0.25815 0.74394 -0.34711 0.50934
1403715977034057984 -1.05889 -0.24182 0.24662 0.25224 0.74745 -0.33891 0.51268
1403715977134057984 -1.01457 -0.25725 0.24489 0.24434 0.75260 -0.32744 0.51640
1403715977234057984 -0.96617 -0.26822 0.24261 0.23365 0.75951 -0.31059 0.52162
1403715977334057984 -0.91361 -0.27509 0.23905 0.22007 0.76826 -0.28813 0.52757
1403715977434057984 -0.85799 -0.27808 0.23514 0.20115 0.77722 -0.26270 0.53522
1403715977534057984 -0.79565 -0.27686 0.22942 0.18173 0.78697 -0.23273 0.54174
1403715977634057984 -0.73132 -0.27060 0.22448 0.15912 0.79463 -0.20075 0.55040
1403715977734057984 -0.66621 -0.25980 0.21811 0.13355 0.80240 -0.16823 0.55680
1403715977834057984 -0.59702 -0.24412 0.21284 0.11003 0.80813 -0.13239 0.56329
1403715977934057984 -0.53229 -0.22536 0.20859 0.09107 0.81079 -0.09146 0.57093
1403715978034057984 -0.46662 -0.19863 0.20549 0.07410 0.81150 -0.04651 0.57777
1403715978134057984 -0.40272 -0.16253 0.20231 0.05694 0.80918 0.00108 0.58480
1403715978234057984 -0.33858 -0.11375 0.19868 0.04101 0.80653 0.04679 0.58792
1403715978334057984 -0.27713 -0.05760 0.19310 0.01832 0.80185 0.08592 0.59103
1403715978434057984 -0.22886 0.01365 0.18830 -0.01373 0.79698 0.11569 0.59266
1403715978534057984 -0.19214 0.09577 0.18114 -0.05459 0.79330 0.13927 0.59017
1403715978634057984 -0.16020 0.18471 0.17197 -0.09586 0.78582 0.16422 0.58849
1403715978734057984 -0.13390 0.27574 0.16038 -0.12988 0.77899 0.19473 0.58171
1403715978834057984 -0.11750 0.36500 0.15010 -0.15504 0.77151 0.23128 0.57206
1403715978934057984 -0.10403 0.45664 0.14260 -0.17705 0.76289 0.27102 0.55965
1403715979034057984 -0.09365 0.55078 0.13833 -0.19861 0.75007 0.31198 0.54829
1403715979134057984 -0.08700 0.65067 0.13802 -0.22926 0.73091 0.34728 0.54094
1403715979234057984 -0.09215 0.74734 0.14604 -0.26615 0.70341 0.37878 0.53936
1403715979334057984 -0.10647 0.84203 0.15861 -0.29740 0.67032 0.41296 0.54007
1403715979434057984 -0.13232 0.92942 0.16979 -0.31503 0.64133 0.45260 0.53348
1403715979534057984 -0.16894 1.00773 0.17983 -0.33007 0.61715 0.48831 0.52127
1403715979634057984 -0.21886 1.08003 0.18993 -0.34720 0.59669 0.51896 0.50407
1403715979734057984 -0.28181 1.14380 0.20278 -0.36731 0.57332 0.54740 0.48656
1403715979834057984 -0.35759 1.20743 0.21606 -0.39117 0.54604 0.57224 0.47050
1403715979934057984 -0.44561 1.25764 0.22908 -0.41764 0.51588 0.59451 0.45388
1403715980034057984 -0.54478 1.29236 0.24363 -0.44514 0.48270 0.61500 0.43661
1403715980134057984 -0.65293 1.31281 0.25592 -0.46814 0.44970 0.63601 0.41726
1403715980234057984 -0.76653 1.31444 0.26592 -0.49029 0.41974 0.65626 0.39083
1403715980334057984 -0.88784 1.30218 0.27298 0.50849 -0.39255 -0.67697 -0.35924
1403715980434057984 -1.00673 1.26938 0.28109 0.52864 -0.36203 -0.69462 -0.32707
1403715980534057984 -1.12369 1.22146 0.28780 0.55254 -0.32895 -0.70751 -0.29312
1403715980634057984 -1.23929 1.16017 0.29361 0.57145 -0.29555 -0.72132 -0.25650
1403715980734057984 -1.34600 1.08701 0.29743 0.58540 -0.25967 -0.73557 -0.22095
1403715980834057984 -1.44440 1.00261 0.29775 0.59446 -0.22416 -0.75033 -0.18268
1403715980934057984 -1.52805 0.91123 0.29799 0.60310 -0.18590 -0.76213 -0.14446
1403715981034057984 -1.60478 0.81489 0.29868 0.61336 -0.14501 -0.76910 -0.10607
1403715981134057984 -1.66757 0.71408 0.30045 0.62252 -0.10174 -0.77302 -0.06756
1403715981234057984 -1.71509 0.61253 0.30269 0.62816 -0.05461 -0.77551 -0.03191
1403715981334057984 -1.74567 0.51246 0.30542 0.63090 -0.00721 -0.77579 0.00803
1403715981434057984 -1.76179 0.41910 0.30974 0.63153 0.04059 -0.77264 0.05055
1403715981534057984 -1.76081 0.32979 0.31604 0.63365 0.08813 -0.76274 0.09457
1403715981634057984 -1.73986 0.25059 0.32420 0.63490 0.13707 -0.74834 0.13457
1403715981734057984 -1.69884 0.18317 0.33006 0.62780 0.18814 -0.73643 0.16776
1403715981834057984 -1.63705 0.12724 0.33230 0.60335 0.23977 -0.73503 0.19548
1403715981934057984 -1.56752 0.07863 0.33262 0.57579 0.28836 -0.73258 0.22054
1403715982034057984 -1.48425 0.04007 0.33650 0.55645 0.33140 -0.72151 0.24485
1403715982134057984 -1.39446 0.01004 0.34162 0.54139 0.36919 -0.70561 0.26967
1403715982234057984 -1.29812 -0.01408 0.34761 0.52760 0.40384 -0.68724 0.29368
1403715982334057984 -1.19652 -0.03220 0.35293 0.51182 0.43589 -0.66874 0.31754
1403715982434057984 -1.09070 -0.04563 0.35867 -0.49554 -0.46651 0.64867 -0.34064
1403715982534057984 -0.98284 -0.05147 0.36296 -0.47944 -0.49806 0.62482 -0.36287
1403715982634057984 -0.86907 -0.05118 0.36651 -0.46167 -0.52865 0.59841 -0.38640
1403715982734057984 -0.74753 -0.04529 0.36958 -0.44020 -0.55873 0.57097 -0.40992
1403715982834057984 -0.62168 -0.03081 0.37266 0.41669 0.58843 -0.54114 0.43275
1403715982934057984 -0.49878 -0.00488 0.37647 0.39359 0.61800 -0.50899 0.45177
1403715983034057984 -0.37661 0.02924 0.37888 0.36868 0.64241 -0.47747 0.47266
1403715983134057984 -0.25389 0.07116 0.37934 0.34281 0.66555 -0.44485 0.49156
1403715983234057984 -0.13348 0.11952 0.37925 0.31469 0.68653 -0.41002 0.51141
1403715983334057984 -0.01707 0.17360 0.37903 0.28713 0.70703 -0.37113 0.52909
1403715983434057984 0.09751 0.23460 0.37888 0.25595 0.72601 -0.33067 0.54594
1403715983534057984 0.20708 0.30333 0.38037 0.22287 0.73557 -0.28816 0.57116
1403715983634057984 0.30668 0.37946 0.38450 0.18846 0.73970 -0.24601 0.59733
1403715983734057984 0.39300 0.46211 0.38687 0.15327 0.74289 -0.20624 0.61814
1403715983834057984 0.46287 0.55084 0.39065 0.11957 0.74782 -0.16853 0.63092
1403715983934057984 0.51146 0.64189 0.39434 0.08725 0.75273 -0.13169 0.63909
1403715984034057984 0.53989 0.73614 0.39907 0.05506 0.75867 -0.09762 0.64177
1403715984134057984 0.55266 0.83252 0.40433 0.02426 0.76712 -0.06561 0.63768
1403715984234057984 0.53857 0.92056 0.41051 -0.00749 0.77403 -0.03511 0.63213
1403715984334057984 0.51007 1.00305 0.41921 -0.03544 0.77623 -0.00409 0.62944
1403715984434057984 0.46726 1.07955 0.42983 -0.05903 0.77537 0.02912 0.62807
1403715984534057984 0.40692 1.14348 0.43967 -0.08050 0.77679 0.06442 0.62126
1403715984634057984 0.33580 1.20182 0.44848 -0.09724 0.78361 0.10412 0.60469
1403715984734057984 0.26042 1.25717 0.45515 -0.12042 0.78696 0.14370 0.58783
1403715984834057984 0.17872 1.30970 0.45982 -0.15573 0.78235 0.17753 0.57634
1403715984934057984 0.09565 1.35869 0.46554 -0.18823 0.77314 0.21080 0.56780
1403715985034057984 0.01364 1.40137 0.47113 -0.20997 0.76065 0.24492 0.56333
1403715985134057984 -0.07099 1.43164 0.47485 -0.22152 0.75092 0.27309 0.55899
1403715985234057984 -0.15908 1.45810 0.47996 -0.22472 0.74331 0.29208 0.55829
1403715985334057984 -0.25276 1.47752 0.48704 -0.21366 0.73701 0.30904 0.56184
1403715985434057984 -0.35670 1.49184 0.49696 -0.20878 0.73710 0.30994 0.56306
1403715985534057984 -0.46473 1.50395 0.50363 -0.20578 0.74905 0.29706 0.55527
1403715985634057984 -0.56977 1.51395 0.50594 -0.19597 0.76948 0.28196 0.53851
1403715985734057984 -0.67930 1.52316 0.50646 -0.18535 0.79159 0.26846 0.51669
1403715985834057984 -0.78699 1.53584 0.49933 -0.18484 0.80935 0.25010 0.49824
1403715985934057984 -0.87573 1.54765 0.48155 -0.18692 0.81526 0.23337 0.49595
1403715986034057984 -0.95348 1.56404 0.45171 -0.18931 0.81375 0.22076 0.50322
1403715986134057984 -1.01755 1.58402 0.40917 -0.19260 0.81015 0.21095 0.51193
1403715986234057984 -1.07803 1.59972 0.36183 -0.19529 0.80665 0.20557 0.51858
1403715986334057984 -1.13495 1.61226 0.31670 -0.18829 0.80098 0.20910 0.52844
1403715986434057984 -1.18293 1.62067 0.27294 -0.18057 0.79059 0.21489 0.54423
1403715986534057984 -1.22878 1.62677 0.22380 -0.17329 0.79211 0.22230 0.54140
1403715986634057984 -1.29284 1.63023 0.17039 -0.16439 0.80426 0.23021 0.52263
1403715986734057984 -1.34028 1.63714 0.11634 -0.15893 0.81524 0.23576 0.50453
1403715986834057984 -1.37539 1.65067 0.06880 -0.15781 0.81624 0.23834 0.50204
1403715986934057984 -1.40012 1.66949 0.02440 -0.16094 0.81032 0.23645 0.51145
1403715987034057984 -1.41101 1.69085 -0.01454 -0.16879 0.80011 0.22378 0.53034
1403715987134057984 -1.41230 1.71221 -0.05345 -0.17838 0.79266 0.20244 0.54671
1403715987234057984 -1.41928 1.72875 -0.09025 -0.18470 0.78808 0.17958 0.55908
1403715987334057984 -1.42552 1.73499 -0.12619 -0.18284 0.78658 0.16318 0.56677
1403715987434057984 -1.42826 1.73107 -0.15914 -0.16719 0.78742 0.16294 0.57049
1403715987534057984 -1.42981 1.72330 -0.18891 -0.15083 0.79103 0.16801 0.56859
1403715987634057984 -1.43551 1.71262 -0.22120 -0.14181 0.79516 0.17225 0.56386
1403715987734057984 -1.44240 1.70159 -0.25194 -0.13703 0.79667 0.17652 0.56159
1403715987834057984 -1.44916 1.69022 -0.28269 -0.13231 0.80269 0.18227 0.55223
1403715987934057984 -1.45671 1.67784 -0.31112 -0.12950 0.81055 0.18762 0.53947
1403715988034057984 -1.45782 1.67135 -0.33819 -0.12857 0.81387 0.19205 0.53311
1403715988134057984 -1.45384 1.66921 -0.35973 -0.13218 0.80838 0.19346 0.54003
1403715988234057984 -1.44661 1.66953 -0.37932 -0.13488 0.80040 0.19516 0.55052
1403715988334057984 -1.44095 1.67057 -0.39533 -0.13657 0.79248 0.19652 0.56098
1403715988434057984 -1.43618 1.67334 -0.41116 -0.14232 0.78806 0.19384 0.56668
1403715988534057984 -1.43435 1.67501 -0.42660 -0.15178 0.78754 0.18732 0.56714
1403715988634057984 -1.43698 1.67483 -0.43820 -0.16069 0.78951 0.18037 0.56420
1403715988734057984 -1.44008 1.66977 -0.45004 -0.16789 0.79412 0.17399 0.55760
1403715988834057984 -1.44127 1.65995 -0.45840 -0.16474 0.80019 0.17525 0.54940
1403715988934057984 -1.43978 1.64666 -0.46345 -0.15553 0.80397 0.18022 0.54494
1403715989034057984 -1.43466 1.63106 -0.46588 -0.14780 0.80465 0.18409 0.54479
1403715989134057984 -1.42965 1.61364 -0.46685 -0.14350 0.80462 0.18544 0.54553
1403715989234057984 -1.42224 1.59593 -0.46832 -0.14124 0.80502 0.18570 0.54545
1403715989334057984 -1.41224 1.57933 -0.46850 -0.14045 0.80450 0.18507 0.54663
1403715989434057984 -1.39895 1.56347 -0.47032 -0.13930 0.80437 0.18507 0.54711
1403715989534057984 -1.38498 1.54895 -0.47168 -0.13950 0.80501 0.18443 0.54634
1403715989634057984 -1.36685 1.53238 -0.47098 -0.13916 0.80120 0.18461 0.55194
1403715989734057984 -1.34948 1.51935 -0.47164 -0.13945 0.79546 0.18487 0.56002
1403715989834057984 -1.33225 1.50723 -0.47635 -0.13852 0.79173 0.18653 0.56496
1403715989934057984 -1.31600 1.48947 -0.48345 -0.13592 0.78934 0.19004 0.56775
1403715990034057984 -1.30435 1.47517 -0.49139 -0.13473 0.78922 0.19276 0.56730
1403715990134057984 -1.29452 1.46363 -0.50211 -0.13457 0.78979 0.19457 0.56592
1403715990234057984 -1.28821 1.45410 -0.51563 -0.13387 0.79092 0.19690 0.56370
1403715990334057984 -1.28496 1.44683 -0.52942 -0.13310 0.79108 0.19890 0.56295
1403715990434057984 -1.28606 1.44252 -0.54535 -0.13186 0.79170 0.20084 0.56169
1403715990534057984 -1.28683 1.44160 -0.57047 -0.13058 0.79261 0.20255 0.56008
1403715990634057984 -1.29039 1.44670 -0.60156 -0.12901 0.79481 0.20408 0.55676
1403715990734057984 -1.29801 1.45690 -0.63393 -0.12755 0.79787 0.20543 0.55220
1403715990834057984 -1.30141 1.45839 -0.66762 -0.12732 0.79999 0.20685 0.54865
1403715990934057984 -1.30805 1.46475 -0.69643 -0.12644 0.80159 0.20841 0.54592
1403715991034057984 -1.31417 1.48387 -0.71885 -0.12638 0.79954 0.20955 0.54851
1403715991134057984 -1.32264 1.50240 -0.73111 -0.13517 0.79350 0.20376 0.55729
1403715991234057984 -1.32839 1.50349 -0.72732 -0.12680 0.79184 0.21156 0.55870
1403715991334057984 -1.33142 1.49774 -0.73679 -0.12901 0.78961 0.20901 0.56230
1403715991434057984 -1.33385 1.49058 -0.74517 -0.13573 0.79133 0.20463 0.55991
1403715991534057984 -1.33881 1.47821 -0.75355 -0.13727 0.79157 0.20387 0.55948
1403715991634057984 -1.33799 1.47122 -0.74960 -0.13832 0.79166 0.20381 0.55911
1403715991734057984 -1.34052 1.46870 -0.75031 -0.13859 0.79143 0.20330 0.55955
1403715991834057984 -1.34013 1.46834 -0.75309 -0.13838 0.79192 0.20322 0.55895
1403715991934057984 -1.33891 1.46793 -0.75332 -0.13801 0.79203 0.20340 0.55880
1403715992034057984 -1.33914 1.46791 -0.75566 -0.13789 0.79200 0.20337 0.55889
1403715992134057984 -1.34020 1.46772 -0.75552 -0.13767 0.79194 0.20345 0.55901
1403715992234057984 -1.33855 1.46782 -0.75489 -0.13752 0.79217 0.20364 0.55864
1403715992334057984 -1.33869 1.46730 -0.75422 -0.13759 0.79226 0.20364 0.55850
1403715992434057984 -1.33860 1.46628 -0.75409 -0.13767 0.79224 0.20358 0.55852
1403715992534057984 -1.33751 1.46576 -0.75512 -0.13776 0.79225 0.20361 0.55848
1403715992634057984 -1.33543 1.46649 -0.75564 -0.13765 0.79232 0.20373 0.55837
1403715992734057984 -1.33356 1.46589 -0.75491 -0.13786 0.79237 0.20381 0.55822
1403715992834057984 -1.33390 1.46521 -0.75262 -0.13777 0.79246 0.20384 0.55810
1403715992934057984 -1.33464 1.46494 -0.75051 -0.13783 0.79246 0.20392 0.55805
1403715993034057984 -1.33434 1.46500 -0.75110 -0.13786 0.79253 0.20403 0.55791
1403715993134057984 -1.33293 1.46449 -0.75015 -0.13795 0.79260 0.20414 0.55775
1403715993234057984 -1.33259 1.46412 -0.74912 -0.13799 0.79258 0.20428 0.55771
1403715993334057984 -1.33245 1.46401 -0.74847 -0.13807 0.79256 0.20440 0.55768
1403715993434057984 -1.33220 1.46417 -0.75073 -0.13819 0.79258 0.20442 0.55761
1403715993534057984 -1.33140 1.46432 -0.75198 -0.13816 0.79257 0.20460 0.55756
1403715993634057984 -1.33048 1.46391 -0.75102 -0.13823 0.79259 0.20471 0.55748
1403715993734057984 -1.33072 1.46399 -0.75100 -0.13825 0.79211 0.20474 0.55816
1403715993834057984 -1.32894 1.46289 -0.75027 -0.13865 0.79225 0.20475 0.55785
1403715993934057984 -1.32677 1.46306 -0.75026 -0.13864 0.79295 0.20482 0.55683
