1403715529.862143040 -0.03398 0.00856 0.06692 0.80663 0.07646 0.58320 -0.05817
1403715529.962142944 -0.03916 0.01645 0.11266 0.80319 0.07625 0.58725 -0.06483
1403715530.062143087 -0.01983 0.02981 0.11619 0.79619 0.07648 0.59714 -0.06053
1403715530.162142992 0.03110 0.06699 0.11368 0.79306 0.07664 0.60226 -0.04962
1403715530.262142897 0.03569 0.08527 0.13124 0.79343 0.07983 0.60187 -0.04302
1403715530.362143040 0.02237 0.09742 0.16157 0.79351 0.07973 0.60170 -0.04405
1403715530.462142944 0.00730 0.10972 0.20355 0.79328 0.07676 0.60152 -0.05462
1403715530.562143087 -0.00750 0.13275 0.24223 0.79166 0.07997 0.60251 -0.06209
1403715530.662142992 -0.01839 0.16194 0.27701 0.78911 0.08360 0.60458 -0.06923
1403715530.762142897 -0.00596 0.21589 0.31064 0.78790 0.08800 0.60518 -0.07227
1403715530.862143040 -0.00873 0.26253 0.34371 0.78530 0.09862 0.60568 -0.08203
1403715530.962142944 -0.00262 0.32334 0.38523 0.78390 0.10908 0.60528 -0.08501
1403715531.062143087 0.00011 0.38515 0.42292 0.79066 0.11633 0.59494 -0.08591
1403715531.162142992 0.01537 0.45227 0.45462 0.80271 0.11875 0.57846 -0.08327
1403715531.262142897 0.04070 0.51701 0.48195 0.80621 0.10986 0.57371 -0.09387
1403715531.362143040 0.05562 0.56461 0.50655 0.79546 0.10431 0.58694 -0.10891
1403715531.462142944 0.09804 0.60702 0.52358 0.78644 0.10229 0.59894 -0.11104
1403715531.562143087 0.13012 0.63832 0.52733 0.78083 0.10227 0.60621 -0.11119
1403715531.662142992 0.14823 0.66219 0.51956 0.77990 0.10104 0.60685 -0.11520
1403715531.762142897 0.18707 0.69008 0.51271 0.77812 0.10450 0.61023 -0.10595
1403715531.862143040 0.25480 0.71263 0.51097 0.77262 0.10340 0.62039 -0.08656
1403715531.962142944 0.31103 0.73117 0.51103 0.76674 0.09935 0.63020 -0.07132
1403715532.062143087 0.36115 0.74513 0.51045 0.76427 0.09547 0.63502 -0.05939
1403715532.162142992 0.40223 0.75822 0.51056 0.76297 0.09274 0.63788 -0.04875
1403715532.262142897 0.42665 0.77087 0.50649 0.76132 0.09308 0.63974 -0.04957
1403715532.362143040 0.44569 0.77881 0.50364 0.76374 0.08972 0.63727 -0.05027
1403715532.462142944 0.47514 0.78969 0.49793 0.76680 0.08308 0.63439 -0.05168
1403715532.562143087 0.47893 0.79635 0.49054 0.76808 0.07878 0.63242 -0.06239
1403715532.662142992 0.49619 0.79571 0.48212 0.76678 0.06586 0.63472 -0.06960
1403715532.762142897 0.50012 0.78968 0.47245 0.76339 0.05921 0.63815 -0.08058
1403715532.862143040 0.50646 0.76981 0.46104 0.76210 0.04823 0.64107 -0.07688
1403715532.962142944 0.50468 0.73948 0.44328 0.76308 0.03617 0.64103 -0.07397
1403715533.062143087 0.47848 0.69063 0.41698 0.76421 0.01842 0.64113 -0.06782
1403715533.162142992 0.47483 0.63348 0.38075 0.76302 -0.00337 0.64430 -0.05170
1403715533.262142897 0.46810 0.56492 0.35456 0.75441 -0.02464 0.65547 -0.02493
1403715533.362143040 0.43750 0.46974 0.33407 0.75109 -0.03946 0.65901 -0.00364
1403715533.462142944 0.39585 0.37106 0.33281 0.75483 -0.05630 0.65325 0.01808
1403715533.562143087 0.33688 0.25743 0.34444 0.75982 -0.07279 0.64581 0.01741
1403715533.662142992 0.25981 0.13773 0.37328 0.76438 -0.09262 0.63790 0.01529
1403715533.762142897 0.16971 0.00690 0.42013 0.76692 -0.10788 0.63245 0.01463
1403715533.862143040 0.07696 -0.14315 0.47550 0.76968 -0.10980 0.62850 0.02292
1403715533.962142944 -0.01961 -0.30263 0.52925 0.77203 -0.10625 0.62536 0.04007
1403715534.062143087 -0.11240 -0.47311 0.57173 0.77401 -0.10094 0.62277 0.05363
1403715534.162142992 -0.20465 -0.65055 0.60188 0.77516 -0.09256 0.62122 0.06814
1403715534.262142897 -0.30604 -0.84085 0.61788 0.77676 -0.08337 0.61902 0.08066
1403715534.362143040 -0.38946 -1.01789 0.62636 0.77851 -0.07948 0.61635 0.08785
1403715534.462142944 -0.45816 -1.19576 0.62103 0.78075 -0.08080 0.61281 0.09147
1403715534.562143087 -0.55228 -1.39708 0.60438 0.77989 -0.08734 0.61223 0.09654
1403715534.662142992 -0.63612 -1.57953 0.58623 0.77957 -0.10345 0.60875 0.10485
1403715534.762142897 -0.72513 -1.77160 0.56229 0.78048 -0.12389 0.60181 0.11544
1403715534.862143040 -0.79415 -1.95697 0.53459 0.78454 -0.14813 0.58825 0.12854
1403715534.962142944 -0.85132 -2.13831 0.50420 0.78665 -0.17166 0.57593 0.14147
1403715535.062143087 -0.91721 -2.30429 0.47904 0.78513 -0.19338 0.56732 0.15597
1403715535.162142992 -0.92595 -2.45496 0.45317 0.79015 -0.20906 0.55315 0.16119
1403715535.262142897 -0.91413 -2.59379 0.42704 0.79670 -0.21907 0.54006 0.16001
1403715535.362143040 -0.87006 -2.70618 0.40503 0.80123 -0.22643 0.53114 0.15702
1403715535.462142944 -0.79187 -2.78955 0.38833 0.79883 -0.23803 0.53338 0.14397
1403715535.562143087 -0.68847 -2.84679 0.37010 0.79209 -0.24119 0.54336 0.13850
1403715535.662142992 -0.59360 -2.91840 0.34766 0.78696 -0.23372 0.55390 0.13881
1403715535.762142897 -0.51676 -3.02230 0.31941 0.78955 -0.21761 0.55756 0.13558
1403715535.862143040 -0.45273 -3.14677 0.29144 0.79604 -0.19152 0.55816 0.13454
1403715535.962142944 -0.39000 -3.27573 0.26204 0.80723 -0.16580 0.55199 0.12727
1403715536.062143087 -0.32302 -3.40270 0.23147 0.81884 -0.14690 0.54277 0.11538
1403715536.162142992 -0.25146 -3.53126 0.20350 0.82804 -0.13219 0.53479 0.10427
1403715536.262142897 -0.17740 -3.65789 0.18059 0.83491 -0.11705 0.52828 0.10070
1403715536.362143040 -0.09655 -3.77981 0.16333 0.83684 -0.10150 0.52853 0.10032
1403715536.462142944 -0.00579 -3.89848 0.15108 0.83427 -0.08371 0.53420 0.10783
1403715536.562143087 0.09225 -4.00546 0.14319 0.82971 -0.07023 0.54169 0.11495
1403715536.662142992 0.19743 -4.09770 0.13694 0.82324 -0.06141 0.55170 0.11889
1403715536.762142897 0.30628 -4.17337 0.13380 0.81181 -0.05621 0.56900 0.11853
1403715536.862143040 0.41521 -4.23118 0.13326 0.79953 -0.04747 0.58686 0.11868
1403715536.962142944 0.51697 -4.27289 0.13623 0.78749 -0.03474 0.60197 0.12763
1403715537.062143087 0.61078 -4.29544 0.14206 0.77382 -0.02430 0.61780 0.13760
1403715537.162142992 0.69097 -4.29262 0.15323 0.75496 -0.01709 0.63937 0.14476
1403715537.262142897 0.75805 -4.26581 0.16751 0.73738 -0.01622 0.65965 0.14446
1403715537.362143040 0.80534 -4.21449 0.18406 0.73328 -0.03246 0.66867 0.11886
1403715537.462142944 0.82885 -4.14247 0.19944 0.75031 -0.05504 0.65289 0.08800
1403715537.562143087 0.82813 -4.05760 0.21556 0.77674 -0.07546 0.62216 0.06239
1403715537.662142992 0.81218 -3.96834 0.23482 0.79590 -0.08950 0.59697 0.04649
1403715537.762142897 0.78980 -3.88029 0.26009 0.79415 -0.09667 0.59859 0.04087
1403715537.862143040 0.75969 -3.79366 0.28758 0.78377 -0.09839 0.61180 0.04141
1403715537.962142944 0.71796 -3.70963 0.31176 0.78192 -0.09821 0.61414 0.04226
1403715538.062143087 0.66540 -3.62839 0.33248 0.78811 -0.10171 0.60588 0.03792
1403715538.162142992 0.60418 -3.55125 0.35132 0.79432 -0.11112 0.59632 0.03336
1403715538.262142897 0.53561 -3.48117 0.36125 0.79783 -0.12257 0.58914 0.03677
1403715538.362143040 0.46253 -3.41940 0.36004 0.79517 -0.13498 0.58939 0.04598
1403715538.462142944 0.38561 -3.36374 0.35286 0.78401 -0.14360 0.60004 0.06829
1403715538.562143087 0.30073 -3.30948 0.34601 0.77173 -0.15243 0.60991 0.09591
1403715538.662142992 0.20616 -3.25426 0.33859 0.76463 -0.16809 0.61089 0.11786
1403715538.762142897 0.10462 -3.19771 0.33063 0.76485 -0.19160 0.59979 0.13620
1403715538.862143040 -0.00662 -3.13752 0.31992 0.76899 -0.22040 0.57982 0.15458
1403715538.962142944 -0.12397 -3.07531 0.30469 0.76739 -0.25242 0.56256 0.17584
1403715539.062143087 -0.24273 -3.01255 0.27834 0.75892 -0.28666 0.54938 0.20012
1403715539.162142992 -0.36389 -2.94674 0.23971 0.74642 -0.32235 0.53718 0.22447
1403715539.262142897 -0.48270 -2.87967 0.18948 0.73317 -0.35779 0.52319 0.24642
1403715539.362143040 -0.60099 -2.81014 0.12781 0.72276 -0.39055 0.50481 0.26506
1403715539.462142944 -0.71696 -2.74180 0.06530 0.71153 -0.41597 0.49092 0.28229
1403715539.562143087 -0.82464 -2.67526 0.01764 0.70119 -0.43899 0.48235 0.28803
1403715539.662142992 -0.92474 -2.61269 -0.01045 0.68974 -0.45708 0.48207 0.28799
1403715539.762142897 -1.02489 -2.55266 -0.02096 0.68026 -0.46584 0.48489 0.29175
1403715539.862143040 -1.12320 -2.49932 -0.01701 0.67895 -0.46689 0.48401 0.29458
1403715539.962142944 -1.22237 -2.45144 -0.00013 0.68559 -0.46935 0.47792 0.28507
1403715540.062143087 -1.31752 -2.41628 0.02669 0.69533 -0.47428 0.46831 0.26882
1403715540.162142992 -1.40782 -2.39621 0.05810 0.70243 -0.48092 0.46211 0.24853
1403715540.262142897 -1.49928 -2.39209 0.09376 0.70423 -0.48164 0.46312 0.24001
1403715540.362143040 -1.59152 -2.40378 0.13121 0.70804 -0.47228 0.46319 0.24716
1403715540.462142944 -1.68460 -2.42391 0.16746 0.71477 -0.46246 0.45773 0.25635
1403715540.562143087 -1.77558 -2.45639 0.19734 0.72473 -0.45811 0.44391 0.26049
1403715540.662142992 -1.86257 -2.49921 0.22269 0.73007 -0.46101 0.43354 0.25792
1403715540.762142897 -1.94156 -2.55656 0.24524 0.72587 -0.47261 0.43461 0.24673
1403715540.862143040 -2.01343 -2.63048 0.26767 0.71755 -0.47679 0.44369 0.24684
1403715540.962142944 -2.07711 -2.72011 0.28718 0.71034 -0.47552 0.45311 0.25296
1403715541.062143087 -2.13700 -2.82109 0.30436 0.70719 -0.47025 0.45833 0.26207
1403715541.162142992 -2.19468 -2.92927 0.31889 0.70624 -0.46805 0.46046 0.26483
1403715541.262142897 -2.25183 -3.04696 0.33207 0.69451 -0.47257 0.47725 0.25801
1403715541.362143040 -2.30880 -3.17138 0.34379 0.68599 -0.47104 0.48702 0.26522
1403715541.462142944 -2.37101 -3.29916 0.35173 0.68938 -0.46694 0.48069 0.27506
1403715541.562143087 -2.43237 -3.43152 0.35506 0.69954 -0.46694 0.46460 0.27706
1403715541.662142992 -2.49166 -3.56967 0.35887 0.70786 -0.46651 0.45179 0.27783
1403715541.762142897 -2.54306 -3.71264 0.36462 0.71458 -0.45527 0.44316 0.29277
1403715541.862143040 -2.58724 -3.86055 0.37405 0.71773 -0.43688 0.44019 0.31659
1403715541.962142944 -2.61876 -4.00736 0.38335 0.72121 -0.41881 0.43893 0.33437
1403715542.062143087 -2.63286 -4.15112 0.39022 0.72643 -0.39913 0.44088 0.34442
1403715542.162142992 -2.63021 -4.28593 0.39798 0.72677 -0.37865 0.45599 0.34712
1403715542.262142897 -2.60896 -4.41197 0.40721 0.72439 -0.35864 0.47957 0.34154
1403715542.362143040 -2.57340 -4.51977 0.41873 0.72184 -0.34320 0.50618 0.32394
1403715542.462142944 -2.52938 -4.61606 0.43262 0.71593 -0.33068 0.53856 0.29674
1403715542.562143087 -2.48377 -4.70030 0.44779 0.71262 -0.31929 0.56148 0.27380
1403715542.662142992 -2.44297 -4.76747 0.45591 0.72151 -0.31185 0.56303 0.25529
1403715542.762142897 -2.40835 -4.82236 0.46070 0.72905 -0.30624 0.56211 0.24238
1403715542.862143040 -2.37890 -4.86800 0.46146 0.73810 -0.30319 0.55591 0.23290
1403715542.962142944 -2.35292 -4.90689 0.45644 0.74208 -0.30501 0.55437 0.22125
1403715543.062143087 -2.33197 -4.93876 0.44439 0.74072 -0.30847 0.55813 0.21136
1403715543.162142992 -2.31478 -4.96751 0.42810 0.73832 -0.31069 0.56152 0.20749
1403715543.262142897 -2.30553 -4.99056 0.41228 0.73340 -0.31274 0.56706 0.20680
1403715543.362143040 -2.30055 -5.01559 0.39459 0.73085 -0.31508 0.56867 0.20785
1403715543.462142944 -2.30533 -5.03572 0.37890 0.73053 -0.31356 0.56769 0.21385
1403715543.562143087 -2.31323 -5.05483 0.36226 0.72979 -0.31036 0.56708 0.22251
1403715543.662142992 -2.33042 -5.06494 0.34795 0.72483 -0.30392 0.57238 0.23375
1403715543.762142897 -2.35107 -5.07157 0.32970 0.72025 -0.29833 0.57290 0.25303
1403715543.862143040 -2.38032 -5.06537 0.30951 0.71694 -0.29799 0.56579 0.27764
1403715543.962142944 -2.41369 -5.04416 0.28580 0.71432 -0.30791 0.55211 0.30018
1403715544.062143087 -2.44765 -5.00650 0.25828 0.71093 -0.32660 0.53370 0.32105
1403715544.162142992 -2.48026 -4.95241 0.22093 0.70093 -0.36404 0.51839 0.32779
1403715544.262142897 -2.51293 -4.88613 0.17128 0.68441 -0.40709 0.50280 0.33623
1403715544.362143040 -2.54392 -4.81168 0.10728 0.66281 -0.45241 0.48612 0.34598
1403715544.462142944 -2.57381 -4.73037 0.03307 0.63767 -0.49381 0.47128 0.35695
1403715544.562143087 -2.60042 -4.64443 -0.04055 0.61445 -0.52577 0.45669 0.37075
1403715544.662142992 -2.62332 -4.55458 -0.09836 0.59713 -0.54644 0.44545 0.38265
1403715544.762142897 -2.64433 -4.46136 -0.13054 0.58385 -0.55208 0.44251 0.39813
1403715544.862143040 -2.66503 -4.36115 -0.13682 0.57665 -0.55216 0.44227 0.40865
1403715544.962142944 -2.68369 -4.25430 -0.12179 0.57732 -0.55415 0.43861 0.40894
1403715545.062143087 -2.69983 -4.14350 -0.10080 0.58014 -0.55951 0.43056 0.40622
1403715545.162142992 -2.71540 -4.02833 -0.08290 0.57926 -0.56695 0.42099 0.40718
1403715545.262142897 -2.72877 -3.91677 -0.07522 -0.57375 0.57771 -0.41104 -0.41001
1403715545.362143040 -2.74248 -3.80020 -0.07965 -0.56430 0.59027 -0.40372 -0.41250
1403715545.462142944 -2.75462 -3.68484 -0.08701 -0.54987 0.60442 -0.40740 -0.40785
1403715545.562143087 -2.77022 -3.56663 -0.08864 -0.53601 0.61726 -0.41429 -0.40006
1403715545.662142992 -2.79108 -3.45209 -0.08271 -0.52624 0.62540 -0.42034 -0.39404
1403715545.762142897 -2.81889 -3.34193 -0.07558 -0.52586 0.62610 -0.42263 -0.39096
1403715545.862143040 -2.85433 -3.22887 -0.07058 -0.53425 0.61895 -0.42243 -0.39119
1403715545.962142944 -2.89405 -3.11745 -0.06444 -0.55165 0.60302 -0.42162 -0.39279
1403715546.062143087 -2.93785 -3.00513 -0.05829 -0.57459 0.58042 -0.42492 -0.39040
1403715546.162142992 -2.97986 -2.89522 -0.05017 0.59925 -0.55455 0.43553 0.37907
1403715546.262142897 -3.02082 -2.78432 -0.04060 0.62503 -0.52529 0.45056 0.36111
1403715546.362143040 -3.05940 -2.67327 -0.03000 0.64986 -0.49434 0.46746 0.33882
1403715546.462142944 -3.09801 -2.56194 -0.01734 0.67463 -0.46231 0.48278 0.31318
1403715546.562143087 -3.13780 -2.44922 -0.00387 0.69822 -0.42789 0.49700 0.28703
1403715546.662142992 -3.17621 -2.34109 0.00908 0.72398 -0.39046 0.50480 0.26186
1403715546.762142897 -3.21327 -2.23243 0.01940 0.75327 -0.35376 0.50334 0.23256
1403715546.862143040 -3.24842 -2.12553 0.02924 0.77954 -0.32099 0.50008 0.19803
1403715546.962142944 -3.27645 -2.03110 0.04151 0.79865 -0.28341 0.50247 0.17132
1403715547.062143087 -3.29885 -1.94191 0.05577 0.81472 -0.23962 0.50510 0.15389
1403715547.162142992 -3.31159 -1.85551 0.06982 0.82641 -0.19798 0.50985 0.13380
1403715547.262142897 -3.31228 -1.77781 0.08515 0.83512 -0.15635 0.51484 0.11433
1403715547.362143040 -3.30231 -1.70376 0.10069 0.84231 -0.11882 0.51698 0.09555
1403715547.462142944 -3.27998 -1.63089 0.11310 0.85032 -0.08831 0.51357 0.07357
1403715547.562143087 -3.24507 -1.55587 0.12147 0.85714 -0.05763 0.50922 0.05174
1403715547.662142992 -3.19398 -1.48188 0.12841 0.86117 -0.02305 0.50686 0.03094
1403715547.762142897 -3.11709 -1.41585 0.12695 0.86302 0.01229 0.50487 0.01228
1403715547.862143040 -3.04042 -1.32608 0.13618 0.86228 0.04507 0.50435 -0.00862
1403715547.962142944 -2.94891 -1.23761 0.14513 0.85518 0.07440 0.51213 -0.02931
1403715548.062143087 -2.84439 -1.14984 0.15418 0.84278 0.09317 0.52792 -0.04830
1403715548.162142992 -2.73294 -1.06287 0.16095 0.82873 0.10725 0.54622 -0.05786
1403715548.262142897 -2.61577 -0.98594 0.16265 0.81862 0.11653 0.55914 -0.06031
1403715548.362143040 -2.50116 -0.89605 0.16031 0.81370 0.11995 0.56553 -0.06073
1403715548.462142944 -2.38834 -0.80035 0.14650 0.81296 0.11999 0.56679 -0.05870
1403715548.562143087 -2.27823 -0.70123 0.12645 0.81416 0.11445 0.56597 -0.06108
1403715548.662142992 -2.17194 -0.60036 0.10457 0.81578 0.10716 0.56475 -0.06385
1403715548.762142897 -2.06785 -0.49920 0.08418 0.81601 0.10060 0.56546 -0.06526
1403715548.862143040 -1.96398 -0.39803 0.06601 0.81653 0.09541 0.56571 -0.06439
1403715548.962142944 -1.86259 -0.29823 0.04923 0.81576 0.09224 0.56723 -0.06545
1403715549.062143087 -1.75898 -0.19420 0.03126 0.81322 0.09661 0.56963 -0.06966
1403715549.162142992 -1.66035 -0.09057 0.01794 0.80483 0.10410 0.57911 -0.07769
1403715549.262142897 -1.55985 0.01777 0.00520 0.79409 0.11047 0.59164 -0.08473
1403715549.362143040 -1.46472 0.12531 -0.00894 0.78667 0.11279 0.59955 -0.09473
1403715549.462142944 -1.38074 0.22561 -0.02493 0.78752 0.10900 0.59627 -0.11136
1403715549.562143087 -1.29780 0.32373 -0.04303 0.79445 0.10577 0.58507 -0.12388
1403715549.662142992 -1.22146 0.40982 -0.05997 0.80418 0.09755 0.57113 -0.13263
1403715549.762142897 -1.14132 0.48842 -0.07552 0.80886 0.08114 0.56654 -0.13492
1403715549.862143040 -1.06607 0.54719 -0.08586 0.80897 0.05928 0.57017 -0.13023
1403715549.962142944 -0.99263 0.59130 -0.09356 0.81050 0.02787 0.57120 -0.12669
1403715550.062143087 -0.92043 0.61592 -0.10068 0.81425 -0.00782 0.56845 -0.11744
1403715550.162142992 -0.85221 0.61569 -0.10288 0.81872 -0.03640 0.56587 -0.09031
1403715550.262142897 -0.78101 0.59928 -0.09238 0.82163 -0.06160 0.56372 -0.05793
1403715550.362143040 -0.71165 0.56342 -0.06681 0.82217 -0.08633 0.56199 -0.02742
1403715550.462142944 -0.64016 0.51625 -0.03121 0.81888 -0.10979 0.56333 0.00658
1403715550.562143087 -0.56911 0.45955 0.00419 0.81414 -0.13643 0.56314 0.03781
1403715550.662142992 -0.50110 0.39557 0.02882 0.80750 -0.16975 0.56180 0.05918
1403715550.762142897 -0.43314 0.32554 0.03962 0.79833 -0.20744 0.56049 0.07401
1403715550.862143040 -0.37012 0.24783 0.03726 0.78750 -0.24691 0.55841 0.08401
1403715550.962142944 -0.31110 0.16085 0.02560 0.77540 -0.28449 0.55553 0.09598
1403715551.062143087 -0.25676 0.06082 0.01537 0.76438 -0.31412 0.55049 0.11835
1403715551.162142992 -0.21401 -0.05233 0.01815 0.75253 -0.33974 0.54506 0.14554
1403715551.262142897 -0.18344 -0.17519 0.03361 0.73687 -0.36956 0.54129 0.16571
1403715551.362143040 -0.15931 -0.31051 0.05615 0.71903 -0.40305 0.53654 0.18075
1403715551.462142944 -0.14801 -0.45285 0.07872 0.69926 -0.43438 0.53173 0.19902
1403715551.562143087 -0.15266 -0.60079 0.10151 0.67948 -0.46030 0.52530 0.22471
1403715551.662142992 -0.17077 -0.75666 0.12486 0.66076 -0.47816 0.51659 0.26057
1403715551.762142897 -0.20211 -0.91350 0.14812 0.63848 -0.49402 0.50987 0.29718
1403715551.862143040 -0.24326 -1.06925 0.16990 0.61096 -0.51201 0.50716 0.32766
1403715551.962142944 -0.29569 -1.21724 0.19082 0.58164 -0.52835 0.50472 0.35748
1403715552.062143087 -0.35776 -1.35550 0.20832 0.56372 -0.54248 0.48610 0.38941
1403715552.162142992 -0.42594 -1.48134 0.22326 -0.54785 0.56099 -0.46450 -0.41157
1403715552.262142897 -0.49954 -1.58737 0.23787 -0.52672 0.57487 -0.44687 -0.43863
1403715552.362143040 -0.57582 -1.68058 0.25179 -0.50104 0.58847 -0.43126 -0.46548
1403715552.462142944 -0.65124 -1.75408 0.26352 -0.47497 0.60669 -0.41052 -0.48765
1403715552.562143087 -0.72343 -1.80916 0.27415 0.44268 -0.62695 0.39322 0.50631
1403715552.662142992 -0.79042 -1.83798 0.28150 0.40431 -0.64851 0.37831 0.52235
1403715552.762142897 -0.85620 -1.85366 0.28451 0.36517 -0.67356 0.35941 0.53273
1403715552.862143040 -0.91826 -1.84469 0.28642 0.32544 -0.69891 0.33613 0.54095
1403715552.962142944 -0.97964 -1.82063 0.28483 0.28356 -0.72603 0.31539 0.54130
1403715553.062143087 -1.04222 -1.78138 0.27937 0.23971 -0.75045 0.29711 0.53952
1403715553.162142992 -1.10486 -1.71905 0.27248 0.20024 -0.76694 0.27299 0.54515
1403715553.262142897 -1.17211 -1.63943 0.26527 0.16193 -0.77429 0.24937 0.55863
1403715553.362143040 -1.23943 -1.53838 0.25776 0.12580 -0.77279 0.22235 0.58097
1403715553.462142944 -1.30170 -1.41690 0.24983 0.09643 -0.76478 0.18467 0.60968
1403715553.562143087 -1.35366 -1.28054 0.23727 0.06979 -0.75648 0.14544 0.63381
1403715553.662142992 -1.39069 -1.13285 0.21994 0.05016 -0.75443 0.10940 0.64525
1403715553.762142897 -1.40801 -0.97767 0.19815 0.04032 -0.76557 0.08072 0.63699
1403715553.862143040 -1.41008 -0.81994 0.17436 0.03958 -0.78696 0.05555 0.61322
1403715553.962142944 -1.40402 -0.66323 0.15428 0.04233 -0.80554 0.03815 0.58979
1403715554.062143087 -1.38977 -0.50776 0.13520 0.04179 -0.82657 0.03335 0.56029
1403715554.162142992 -1.38196 -0.35994 0.11607 0.04314 -0.84724 0.03173 0.52850
1403715554.262142897 -1.38056 -0.21548 0.10022 0.04635 -0.86069 0.03027 0.50610
1403715554.362143040 -1.39888 -0.07402 0.08446 -0.06078 0.86611 -0.01727 -0.49584
1403715554.462142944 -1.43319 0.05558 0.06608 0.10246 -0.85238 -0.01781 0.51248
1403715554.562143087 -1.47812 0.16798 0.03633 0.16030 -0.82151 -0.06644 0.54315
1403715554.662142992 -1.52278 0.24365 -0.00424 0.20697 -0.78847 -0.10976 0.56870
1403715554.762142897 -1.55859 0.27933 -0.05180 0.23354 -0.76486 -0.13610 0.58474
1403715554.862143040 -1.57629 0.26278 -0.09366 0.24406 -0.74678 -0.14497 0.60144
1403715554.962142944 -1.56899 0.17522 -0.11300 0.23336 -0.73878 -0.13211 0.61830
1403715555.062143087 -1.53004 0.03414 -0.10905 0.19029 -0.75535 -0.08230 0.62166
1403715555.162142992 -1.46717 -0.14302 -0.08761 0.12896 -0.78631 -0.00833 0.60416
1403715555.262142897 -1.39485 -0.33832 -0.06659 0.06620 -0.81430 0.07213 0.57213
1403715555.362143040 -1.32439 -0.53158 -0.05655 0.01885 -0.82771 0.13345 0.54473
1403715555.462142944 -1.26732 -0.70766 -0.04849 0.00653 -0.82562 0.14743 0.54458
1403715555.562143087 -1.21877 -0.85570 -0.02642 0.01670 -0.81881 0.13315 0.55816
1403715555.662142992 -1.17463 -0.98046 0.00676 0.03195 -0.81486 0.11621 0.56698
1403715555.762142897 -1.12968 -1.08693 0.04936 0.04062 -0.81805 0.11234 0.56260
1403715555.862143040 -1.08581 -1.17777 0.10190 0.03747 -0.82376 0.12585 0.55152
1403715555.962142944 -1.04830 -1.24835 0.16599 0.03645 -0.82717 0.13507 0.54425
1403715556.062143087 -1.01937 -1.30066 0.22579 0.02759 -0.83244 0.15276 0.53194
1403715556.162142992 -0.99907 -1.32997 0.27729 0.02257 -0.83164 0.16299 0.53037
1403715556.262142897 -0.98852 -1.33265 0.32643 0.02382 -0.82449 0.16421 0.54100
1403715556.362143040 -0.99500 -1.31324 0.37268 0.03116 -0.81955 0.16030 0.54925
1403715556.462142944 -1.00869 -1.27483 0.41313 0.04399 -0.81752 0.15019 0.55423
1403715556.562143087 -1.02834 -1.22389 0.44071 0.06922 -0.81868 0.12273 0.55670
1403715556.662142992 -1.05036 -1.16566 0.45347 0.08838 -0.82148 0.10272 0.55390
1403715556.762142897 -1.07737 -1.10399 0.45099 0.10188 -0.82718 0.09005 0.54524
1403715556.862143040 -1.10817 -1.04216 0.44110 0.11475 -0.82508 0.07711 0.54785
1403715556.962142944 -1.14254 -0.98200 0.42936 0.12501 -0.82228 0.06678 0.55115
1403715557.062143087 -1.18027 -0.92718 0.41382 0.12468 -0.82943 0.06850 0.54020
1403715557.162142992 -1.22390 -0.87905 0.39803 0.11929 -0.84121 0.07530 0.52199
1403715557.262142897 -1.27705 -0.83495 0.38462 0.11415 -0.85119 0.08067 0.50590
1403715557.362143040 -1.34322 -0.79404 0.37261 -0.11134 0.85642 -0.08169 -0.49747
1403715557.462142944 -1.42655 -0.75624 0.36201 0.10948 -0.85346 0.08126 0.50301
1403715557.562143087 -1.52298 -0.72202 0.35183 0.11135 -0.84154 0.07632 0.52306
1403715557.662142992 -1.62822 -0.69148 0.34025 0.11524 -0.83012 0.06826 0.54126
1403715557.762142897 -1.73906 -0.66746 0.32656 0.11646 -0.82196 0.06189 0.55407
1403715557.862143040 -1.85154 -0.65028 0.31729 0.10968 -0.82126 0.06341 0.55631
1403715557.962142944 -1.96358 -0.63782 0.32067 0.10180 -0.82250 0.06429 0.55587
1403715558.062143087 -2.07644 -0.62938 0.33610 0.09585 -0.82275 0.06348 0.55665
1403715558.162142992 -2.19138 -0.62371 0.36295 0.09199 -0.82510 0.06176 0.55402
1403715558.262142897 -2.30956 -0.62170 0.39315 0.09462 -0.82648 0.05312 0.55242
1403715558.362143040 -2.43079 -0.62423 0.42285 0.10143 -0.82144 0.04072 0.55972
1403715558.462142944 -2.55122 -0.63370 0.44962 0.10141 -0.81112 0.04075 0.57458
1403715558.562143087 -2.66845 -0.64821 0.46838 0.09482 -0.79668 0.05132 0.59470
1403715558.662142992 -2.77714 -0.66361 0.47306 0.08913 -0.78733 0.05974 0.60712
1403715558.762142897 -2.87725 -0.67878 0.46495 0.09043 -0.78418 0.06459 0.61050
1403715558.862143040 -2.96963 -0.69522 0.45540 0.10281 -0.78220 0.06686 0.61084
1403715558.962142944 -3.05321 -0.71356 0.44919 0.12276 -0.77881 0.06834 0.61132
1403715559.062143087 -3.11892 -0.73401 0.44587 0.14531 -0.77500 0.07277 0.61070
1403715559.162142992 -3.16997 -0.75866 0.44635 0.16555 -0.77031 0.08690 0.60964
1403715559.262142897 -3.20595 -0.78636 0.44957 0.18847 -0.76397 0.10058 0.60886
1403715559.362143040 -3.22560 -0.81619 0.45233 0.21391 -0.75787 0.11234 0.60602
1403715559.462142944 -3.23166 -0.84838 0.45244 0.23924 -0.75836 0.12142 0.59407
1403715559.562143087 -3.23020 -0.88583 0.44147 0.25277 -0.76801 0.13674 0.57234
1403715559.662142992 -3.21807 -0.92312 0.41889 0.26033 -0.77398 0.15222 0.55678
1403715559.762142897 -3.20400 -0.96484 0.38703 0.27432 -0.77240 0.15714 0.55087
1403715559.862143040 -3.18650 -1.01024 0.35320 0.29045 -0.76815 0.16336 0.54672
1403715559.962142944 -3.16429 -1.06094 0.31967 0.31217 -0.76095 0.16777 0.54347
1403715560.062143087 -3.13944 -1.12042 0.28784 0.33470 -0.75282 0.17495 0.53910
1403715560.162142992 -3.10936 -1.19000 0.26359 0.35503 -0.74576 0.18668 0.53192
1403715560.262142897 -3.07322 -1.26828 0.25246 0.36709 -0.74162 0.21053 0.52050
1403715560.362143040 -3.03461 -1.35343 0.25308 0.37998 -0.73686 0.23241 0.50857
1403715560.462142944 -2.99497 -1.44271 0.25736 -0.39603 0.72905 -0.24932 -0.49948
1403715560.562143087 -2.95426 -1.53486 0.26089 -0.41176 0.71986 -0.26517 -0.49187
1403715560.662142992 -2.91431 -1.63037 0.26424 -0.43032 0.70857 -0.27906 -0.48464
1403715560.762142897 -2.87299 -1.73033 0.26901 -0.45058 0.69524 -0.29214 -0.47779
1403715560.862143040 -2.83066 -1.83252 0.27358 -0.47410 0.67877 -0.30149 -0.47287
1403715560.962142944 -2.78541 -1.93873 0.27726 -0.49831 0.66183 -0.31144 -0.46548
1403715561.062143087 -2.73476 -2.04663 0.28190 -0.52058 0.64480 -0.32617 -0.45479
1403715561.162142992 -2.68058 -2.15858 0.28392 -0.53915 0.62996 -0.34523 -0.43964
1403715561.262142897 -2.62441 -2.27200 0.28497 -0.55076 0.61953 -0.36615 -0.42281
1403715561.362143040 -2.57026 -2.38464 0.28553 -0.55431 0.61559 -0.38924 -0.40285
1403715561.462142944 -2.51665 -2.50171 0.28673 -0.56133 0.60694 -0.40549 -0.39001
1403715561.562143087 -2.47211 -2.61440 0.29036 -0.57503 0.58924 -0.41272 -0.38962
1403715561.662142992 -2.43076 -2.72812 0.29456 0.59125 -0.56852 0.41530 0.39336
1403715561.762142897 -2.38888 -2.84071 0.29890 0.60326 -0.54598 0.42482 0.39688
1403715561.862143040 -2.34457 -2.94792 0.30439 0.61398 -0.52387 0.43855 0.39530
1403715561.962142944 -2.29591 -3.04963 0.31321 0.62308 -0.49986 0.45613 0.39225
1403715562.062143087 -2.24515 -3.14152 0.32244 0.62784 -0.47654 0.47586 0.39023
1403715562.162142992 -2.19381 -3.22185 0.33364 0.63017 -0.45647 0.48986 0.39314
1403715562.262142897 -2.14204 -3.28740 0.34439 0.63618 -0.44226 0.49187 0.39718
1403715562.362143040 -2.08970 -3.33431 0.35114 0.64821 -0.43650 0.48043 0.39810
1403715562.462142944 -2.02805 -3.37075 0.35615 0.66526 -0.43634 0.45991 0.39436
1403715562.562143087 -1.95951 -3.39057 0.36223 0.68026 -0.42891 0.44631 0.39255
1403715562.662142992 -1.87580 -3.40233 0.36887 0.68903 -0.42218 0.44849 0.38191
1403715562.762142897 -1.78035 -3.40502 0.37405 0.69041 -0.43178 0.46122 0.35237
1403715562.862143040 -1.67834 -3.40329 0.37922 0.69108 -0.43774 0.47354 0.32642
1403715562.962142944 -1.57341 -3.39780 0.38427 0.69457 -0.43483 0.48542 0.30474
1403715563.062143087 -1.46590 -3.39338 0.38896 0.70016 -0.42252 0.49741 0.28954
1403715563.162142992 -1.35919 -3.38772 0.39496 0.70748 -0.39715 0.51125 0.28350
1403715563.262142897 -1.25192 -3.37976 0.40162 0.71429 -0.36435 0.53083 0.27432
1403715563.362143040 -1.14661 -3.36373 0.40793 0.72464 -0.32681 0.54922 0.25777
1403715563.462142944 -1.04663 -3.33929 0.41269 0.73849 -0.28638 0.56256 0.23696
1403715563.562143087 -0.95185 -3.30722 0.40786 0.75156 -0.24564 0.57243 0.21713
1403715563.662142992 -0.86633 -3.26726 0.38997 0.76118 -0.20629 0.58148 0.19984
1403715563.762142897 -0.78902 -3.21770 0.36186 0.76679 -0.16886 0.59138 0.18381
1403715563.862143040 -0.71766 -3.16056 0.32352 0.76905 -0.13977 0.60429 0.15445
1403715563.962142944 -0.65425 -3.09080 0.27628 0.77275 -0.11460 0.61326 0.11676
1403715564.062143087 -0.60223 -3.01131 0.22161 0.77899 -0.09234 0.61610 0.07117
1403715564.162142992 -0.56311 -2.92972 0.16959 0.78281 -0.06625 0.61803 0.02936
1403715564.262142897 -0.53524 -2.84869 0.12066 0.78694 -0.03492 0.61600 -0.00677
1403715564.362143040 -0.51902 -2.77227 0.08445 0.78933 0.00637 0.61294 -0.03486
1403715564.462142944 -0.51554 -2.70089 0.06036 0.79877 0.05335 0.59611 -0.06142
1403715564.562143087 -0.51674 -2.63480 0.05168 0.80411 0.10096 0.57943 -0.08648
1403715564.662142992 -0.52233 -2.56968 0.05785 0.80190 0.14860 0.56825 -0.10936
1403715564.762142897 -0.53136 -2.50956 0.08073 0.79404 0.19569 0.56062 -0.13004
1403715564.862143040 -0.54185 -2.45026 0.11770 0.78192 0.23962 0.55526 -0.15126
1403715564.962142944 -0.55440 -2.39010 0.16815 0.76433 0.27926 0.55475 -0.17336
1403715565.062143087 -0.56887 -2.32702 0.22878 0.74727 0.31619 0.55052 -0.19631
1403715565.162142992 -0.59107 -2.26212 0.29172 0.73231 0.34870 0.53933 -0.22637
1403715565.262142897 -0.61967 -2.19636 0.34336 0.71777 0.37773 0.52542 -0.25702
1403715565.362143040 -0.65143 -2.13119 0.38465 0.69832 0.40153 0.51805 -0.28766
1403715565.462142944 -0.68625 -2.07331 0.41554 0.67619 0.42284 0.51215 -0.31888
1403715565.562143087 -0.72461 -2.02065 0.43663 0.65308 0.44789 0.50339 -0.34566
1403715565.662142992 -0.76911 -1.97972 0.45911 0.62920 0.47630 0.48891 -0.37178
1403715565.762142897 -0.81750 -1.94484 0.48508 0.60376 0.50938 0.46848 -0.39565
1403715565.862143040 -0.86815 -1.92685 0.51229 0.57653 0.54692 0.44074 -0.41741
1403715565.962142944 -0.92238 -1.91917 0.54302 0.54177 0.58435 0.41292 -0.44105
1403715566.062143087 -0.97509 -1.92228 0.57270 0.50353 0.61810 0.38358 -0.46613
1403715566.162142992 -1.02844 -1.92945 0.60361 0.46347 0.64935 0.35564 -0.48689
1403715566.262142897 -1.08033 -1.94501 0.63309 -0.42283 -0.67678 -0.32657 0.50649
1403715566.362143040 -1.12851 -1.96936 0.66015 -0.38156 -0.70114 -0.29666 0.52422
1403715566.462142944 -1.17130 -1.99910 0.68023 -0.34052 -0.72204 -0.26793 0.53937
1403715566.562143087 -1.21226 -2.03564 0.68770 -0.30067 -0.73715 -0.24099 0.55509
1403715566.662142992 -1.24924 -2.07861 0.68387 -0.26107 -0.75006 -0.21554 0.56816
1403715566.762142897 -1.28407 -2.13089 0.67522 -0.21871 -0.76322 -0.18759 0.57834
1403715566.862143040 -1.31479 -2.19261 0.66711 -0.17553 -0.77528 -0.15263 0.58723
1403715566.962142944 -1.33727 -2.26561 0.66138 -0.12784 -0.78352 -0.11498 0.59711
1403715567.062143087 -1.35569 -2.33748 0.65234 -0.07879 -0.79303 -0.07147 0.59982
1403715567.162142992 -1.36347 -2.41852 0.64493 -0.02802 -0.79903 -0.02241 0.60022
1403715567.262142897 -1.35922 -2.50215 0.63818 0.02788 -0.80426 0.02461 0.59312
1403715567.362143040 -1.34714 -2.58486 0.62987 0.08939 -0.80542 0.06725 0.58205
1403715567.462142944 -1.33063 -2.66617 0.61394 0.15362 -0.80171 0.10433 0.56813
1403715567.562143087 -1.31286 -2.74947 0.58430 0.21428 -0.79209 0.13846 0.55454
1403715567.662142992 -1.29615 -2.83696 0.54284 0.26801 -0.77627 0.17391 0.54343
1403715567.762142897 -1.27244 -2.92836 0.49736 0.31815 -0.75358 0.21101 0.53514
1403715567.862143040 -1.24148 -3.02201 0.45266 0.36548 -0.72753 0.24722 0.52537
1403715567.962142944 -1.19895 -3.11450 0.41194 0.41316 -0.69970 0.27897 0.51176
1403715568.062143087 -1.15443 -3.20205 0.37344 0.45598 -0.66790 0.30967 0.50009
1403715568.162142992 -1.10621 -3.28602 0.33738 -0.49335 0.63462 -0.34183 -0.48685
1403715568.262142897 -1.05106 -3.36118 0.30329 -0.52866 0.60276 -0.37184 -0.46790
1403715568.362143040 -0.99164 -3.42818 0.27119 -0.56091 0.57153 -0.40051 -0.44534
1403715568.462142944 -0.92704 -3.48747 0.24142 0.59154 -0.53869 0.42604 0.42237
1403715568.562143087 -0.85934 -3.53795 0.21660 0.62100 -0.50459 0.44881 0.39789
1403715568.662142992 -0.78803 -3.57885 0.19692 0.64976 -0.46818 0.46782 0.37386
1403715568.762142897 -0.71250 -3.60549 0.18289 0.67554 -0.43191 0.48698 0.34635
1403715568.862143040 -0.63659 -3.62086 0.17294 0.70027 -0.39550 0.50190 0.31829
1403715568.962142944 -0.55949 -3.63057 0.16345 0.72284 -0.36283 0.51249 0.28847
1403715569.062143087 -0.48366 -3.63238 0.15367 0.74278 -0.33177 0.51957 0.26125
1403715569.162142992 -0.40910 -3.62666 0.14407 0.75899 -0.30174 0.52756 0.23358
1403715569.262142897 -0.33190 -3.62025 0.13421 0.76845 -0.27541 0.53893 0.20780
1403715569.362143040 -0.25166 -3.61521 0.12664 0.76836 -0.24880 0.55753 0.19203
1403715569.462142944 -0.17759 -3.60365 0.12200 0.76739 -0.22412 0.57350 0.17883
1403715569.562143087 -0.10858 -3.58362 0.11831 0.77086 -0.19764 0.58178 0.16808
1403715569.662142992 -0.04584 -3.55506 0.11409 0.77779 -0.17104 0.58468 0.15471
1403715569.762142897 0.01365 -3.51776 0.10970 0.78661 -0.14495 0.58484 0.13489
1403715569.862143040 0.06321 -3.47265 0.10737 0.79410 -0.11671 0.58663 0.10794
1403715569.962142944 0.10914 -3.42153 0.10756 0.79579 -0.08310 0.59398 0.08368
1403715570.062143087 0.15248 -3.36182 0.10746 0.79633 -0.04868 0.60008 0.05827
1403715570.162142992 0.18983 -3.29750 0.10536 0.79626 -0.01289 0.60398 0.03187
1403715570.262142897 0.21988 -3.22887 0.10202 0.79528 0.02410 0.60575 0.00379
1403715570.362143040 0.23779 -3.15604 0.09776 0.79066 0.06332 0.60844 -0.02531
1403715570.462142944 0.24431 -3.08227 0.09174 0.78380 0.10336 0.60968 -0.05719
1403715570.562143087 0.24321 -3.00473 0.08510 0.77440 0.14551 0.60941 -0.08809
1403715570.662142992 0.22784 -2.92441 0.07408 0.76728 0.18814 0.60144 -0.11896
1403715570.762142897 0.20079 -2.84385 0.06086 0.76138 0.23075 0.58697 -0.15006
1403715570.862143040 0.16102 -2.76274 0.04824 0.75106 0.27380 0.57292 -0.18085
1403715570.962142944 0.11492 -2.67956 0.03608 0.74045 0.31386 0.55625 -0.20929
1403715571.062143087 0.06257 -2.59851 0.02236 0.73118 0.34525 0.53938 -0.23504
1403715571.162142992 0.00666 -2.52123 0.00807 0.72264 0.36270 0.52851 -0.25867
1403715571.262142897 -0.05057 -2.44805 -0.00276 0.70819 0.37149 0.53263 -0.27707
1403715571.362143040 -0.11125 -2.38276 -0.01143 0.69531 0.37646 0.54111 -0.28640
1403715571.462142944 -0.17730 -2.32826 -0.02051 0.69577 0.38247 0.53643 -0.28613
1403715571.562143087 -0.24616 -2.28447 -0.03115 0.70658 0.38488 0.51983 -0.28704
1403715571.662142992 -0.31687 -2.24244 -0.05263 0.72646 0.37663 0.49075 -0.29927
1403715571.762142897 -0.38812 -2.20061 -0.08774 0.75153 0.36181 0.45217 -0.31598
1403715571.862143040 -0.43796 -2.17035 -0.12785 0.77337 0.35215 0.41582 -0.32401
1403715571.962142944 -0.45963 -2.14484 -0.16876 0.79057 0.34838 0.38692 -0.32236
1403715572.062143087 -0.45450 -2.11658 -0.20395 0.80097 0.35573 0.37031 -0.30785
1403715572.162142992 -0.42079 -2.07976 -0.23243 0.79685 0.38027 0.37727 -0.27946
1403715572.262142897 -0.36033 -2.02683 -0.25374 0.77208 0.41051 0.41028 -0.25891
1403715572.362143040 -0.28805 -1.95462 -0.27379 0.73051 0.44001 0.45683 -0.25310
1403715572.462142944 -0.21710 -1.87093 -0.29337 0.68979 0.46096 0.49239 -0.26319
1403715572.562143087 -0.15647 -1.78247 -0.31493 0.66353 0.47577 0.50301 -0.28346
1403715572.662142992 -0.10777 -1.69030 -0.33743 0.64306 0.49286 0.50171 -0.30307
1403715572.762142897 -0.07424 -1.59781 -0.35860 0.62668 0.51470 0.49107 -0.31813
1403715572.862143040 -0.05488 -1.50518 -0.37171 0.61518 0.53396 0.47205 -0.33706
1403715572.962142944 -0.04775 -1.41581 -0.37007 0.60109 0.54931 0.45493 -0.36053
1403715573.062143087 -0.04866 -1.32629 -0.35813 0.58366 0.56440 0.44014 -0.38350
1403715573.162142992 -0.05732 -1.24068 -0.33596 0.56695 0.57945 0.42192 -0.40594
1403715573.262142897 -0.07121 -1.16135 -0.31015 0.54947 0.59684 0.40270 -0.42391
1403715573.362143040 -0.08752 -1.08182 -0.28931 0.53286 0.61528 0.38047 -0.43901
1403715573.462142944 -0.10385 -1.00881 -0.27056 0.51800 0.63177 0.35411 -0.45515
1403715573.562143087 -0.11794 -0.93674 -0.25278 0.50348 0.64654 0.32709 -0.47065
1403715573.662142992 -0.12914 -0.86749 -0.23258 0.48218 0.66553 0.31018 -0.47786
1403715573.762142897 -0.13765 -0.79669 -0.21267 0.45699 0.68999 0.29803 -0.47566
1403715573.862143040 -0.14730 -0.71966 -0.19421 0.43016 0.71548 0.28435 -0.47136
1403715573.962142944 -0.16062 -0.64270 -0.17559 0.40373 0.73769 0.26380 -0.47247
1403715574.062143087 -0.17968 -0.56335 -0.15726 0.37562 0.75859 0.23750 -0.47650
1403715574.162142992 -0.20631 -0.47896 -0.13666 0.34369 0.77463 0.21146 -0.48694
1403715574.262142897 -0.23888 -0.38921 -0.11358 -0.30327 -0.78465 -0.19520 0.50423
1403715574.362143040 -0.27652 -0.29326 -0.09047 -0.25637 -0.79111 -0.19290 0.52078
1403715574.462142944 -0.31981 -0.19853 -0.07004 -0.21628 -0.79713 -0.19583 0.52864
1403715574.562143087 -0.36908 -0.11186 -0.05512 -0.18974 -0.80200 -0.19524 0.53168
1403715574.662142992 -0.42411 -0.03921 -0.04625 -0.17017 -0.80929 -0.19035 0.52901
1403715574.762142897 -0.48917 0.02609 -0.03754 -0.15689 -0.81500 -0.17850 0.52848
1403715574.862143040 -0.56386 0.07761 -0.03204 -0.15718 -0.81712 -0.15650 0.53209
1403715574.962142944 -0.64412 0.12774 -0.01875 -0.16037 -0.81338 -0.13934 0.54155
1403715575.062143087 -0.73277 0.17919 -0.00051 -0.16121 -0.80678 -0.13319 0.55260
1403715575.162142992 -0.81706 0.21881 0.01948 -0.15908 -0.79586 -0.13719 0.56788
1403715575.262142897 -0.90153 0.25463 0.04331 -0.15514 -0.78074 -0.14835 0.58683
1403715575.362143040 -0.97515 0.27622 0.06161 -0.15827 -0.78045 -0.15545 0.58454
1403715575.462142944 -1.04423 0.28833 0.07763 -0.16704 -0.78842 -0.15646 0.57098
1403715575.562143087 -1.11106 0.29223 0.09882 -0.16675 -0.79121 -0.17098 0.56298
1403715575.662142992 -1.17882 0.28583 0.12295 -0.15902 -0.78760 -0.19414 0.56277
1403715575.762142897 -1.25163 0.26467 0.14727 -0.15414 -0.78517 -0.21195 0.56109
1403715575.862143040 -1.32667 0.22599 0.16767 -0.15838 -0.78660 -0.21523 0.55665
1403715575.962142944 -1.40607 0.16942 0.18595 -0.17085 -0.78699 -0.20368 0.55675
1403715576.062143087 -1.48666 0.09968 0.20261 -0.18604 -0.78680 -0.18575 0.55843
1403715576.162142992 -1.56476 0.02050 0.21772 -0.19551 -0.78492 -0.17370 0.56170
1403715576.262142897 -1.64930 -0.06488 0.23264 -0.20118 -0.78347 -0.16508 0.56432
1403715576.362143040 -1.73027 -0.15207 0.25059 -0.19903 -0.77796 -0.16575 0.57244
1403715576.462142944 -1.80770 -0.24538 0.27322 -0.19456 -0.76652 -0.16820 0.58847
1403715576.562143087 -1.87888 -0.34483 0.29781 -0.19123 -0.75586 -0.17359 0.60165
1403715576.662142992 -1.93742 -0.45257 0.32201 -0.19043 -0.74878 -0.18138 0.60841
1403715576.762142897 -1.98439 -0.57021 0.34511 -0.19631 -0.74952 -0.18753 0.60375
1403715576.862143040 -2.02037 -0.69768 0.36600 -0.20857 -0.75821 -0.18971 0.58789
1403715576.962142944 -2.04711 -0.83236 0.38816 -0.22114 -0.76715 -0.19042 0.57124
1403715577.062143087 -2.06898 -0.97152 0.41001 -0.23846 -0.76782 -0.18521 0.56506
1403715577.162142992 -2.08656 -1.11459 0.42971 -0.25957 -0.76457 -0.17891 0.56218
1403715577.262142897 -2.09991 -1.25304 0.43838 -0.27546 -0.75998 -0.17674 0.56153
1403715577.362143040 -2.11221 -1.38891 0.42401 -0.28110 -0.75790 -0.18319 0.55947
1403715577.462142944 -2.12051 -1.52600 0.39635 -0.28216 -0.75750 -0.19111 0.55682
1403715577.562143087 -2.12499 -1.66492 0.37038 -0.28279 -0.75725 -0.19582 0.55522
1403715577.662142992 -2.12358 -1.79922 0.35327 -0.28427 -0.75728 -0.19640 0.55421
1403715577.762142897 -2.11747 -1.93492 0.34990 -0.28887 -0.75695 -0.19026 0.55442
1403715577.862143040 -2.10725 -2.06794 0.34820 -0.29907 -0.75307 -0.18280 0.55680
1403715577.962142944 -2.09011 -2.19457 0.33427 -0.31433 -0.74833 -0.17875 0.55610
1403715578.062143087 -2.06727 -2.31519 0.30360 -0.33696 -0.74364 -0.17403 0.55061
1403715578.162142992 -2.03779 -2.42826 0.25845 -0.37165 -0.73989 -0.15970 0.53753
1403715578.262142897 -2.00079 -2.52352 0.20882 -0.40078 -0.73134 -0.16505 0.52658
1403715578.362143040 -1.95434 -2.60184 0.16182 -0.42169 -0.72034 -0.18918 0.51720
1403715578.462142944 -1.89864 -2.67004 0.11561 -0.44013 -0.71143 -0.21867 0.50232
1403715578.562143087 -1.83664 -2.72453 0.06872 0.45703 0.71234 0.24601 -0.47241
1403715578.662142992 -1.77442 -2.76786 0.01915 0.47387 0.72284 0.25931 -0.43094
1403715578.762142897 -1.72095 -2.79421 -0.02696 0.48881 0.72987 0.26382 -0.39845
1403715578.862143040 -1.67940 -2.80257 -0.07035 0.49931 0.72918 0.26695 -0.38435
1403715578.962142944 -1.65425 -2.78475 -0.10759 0.49471 0.72492 0.28490 -0.38547
1403715579.062143087 -1.64693 -2.74392 -0.13604 0.47646 0.72012 0.31640 -0.39282
1403715579.162142992 -1.65800 -2.68978 -0.15024 0.44986 0.71680 0.35436 -0.39781
1403715579.262142897 -1.68247 -2.63694 -0.15993 0.42466 0.71058 0.38653 -0.40661
1403715579.362143040 -1.73393 -2.58603 -0.16667 0.41708 0.70589 0.39720 -0.41232
1403715579.462142944 -1.80700 -2.54329 -0.17556 0.42184 0.70393 0.39302 -0.41480
1403715579.562143087 -1.89794 -2.50785 -0.18677 0.43713 0.70275 0.37433 -0.41826
1403715579.662142992 -2.00353 -2.47296 -0.19438 0.44189 0.69994 0.36531 -0.42587
1403715579.762142897 -2.12317 -2.43931 -0.19587 0.44295 0.69416 0.35947 -0.43900
1403715579.862143040 -2.25560 -2.40867 -0.18529 0.43777 0.69234 0.36307 -0.44407
1403715579.962142944 -2.39820 -2.38602 -0.16716 0.44156 0.68696 0.36337 -0.44840
1403715580.062143087 -2.54704 -2.36721 -0.15141 0.45582 0.67485 0.36330 -0.45258
1403715580.162142992 -2.69794 -2.35311 -0.14703 0.47513 0.65926 0.36742 -0.45236
1403715580.262142897 -2.85228 -2.34410 -0.15485 0.49692 0.64187 0.37493 -0.44778
1403715580.362143040 -3.00627 -2.34023 -0.16554 0.52249 0.61957 0.38043 -0.44543
1403715580.462142944 -3.15849 -2.34069 -0.17445 0.54954 0.59546 0.38445 -0.44231
1403715580.562143087 -3.30574 -2.34251 -0.18257 0.57384 0.57470 0.38474 -0.43863
1403715580.662142992 -3.44807 -2.34793 -0.19149 0.59676 0.55793 0.37608 -0.43722
1403715580.762142897 -3.57910 -2.35446 -0.20023 0.61667 0.54418 0.36424 -0.43694
1403715580.862143040 -3.69467 -2.35837 -0.20709 0.63443 0.53007 0.34923 -0.44109
1403715580.962142944 -3.79234 -2.35951 -0.21241 0.65225 0.51719 0.32774 -0.44684
1403715581.062143087 -3.86217 -2.35682 -0.21354 0.65990 0.51982 0.32007 -0.43803
1403715581.162142992 -3.90293 -2.34546 -0.21014 0.66113 0.52884 0.32262 -0.42327
1403715581.262142897 -3.92156 -2.32184 -0.20202 0.65338 0.53572 0.33863 -0.41404
1403715581.362143040 -3.92551 -2.28868 -0.19342 0.64359 0.53872 0.34731 -0.41826
1403715581.462142944 -3.91329 -2.24821 -0.18650 0.62736 0.55131 0.35353 -0.42130
1403715581.562143087 -3.89100 -2.20198 -0.18259 0.59844 0.57492 0.36831 -0.41915
1403715581.662142992 -3.86467 -2.15068 -0.19021 0.56632 0.60123 0.37767 -0.41854
1403715581.762142897 -3.83993 -2.09611 -0.20743 0.53242 0.62967 0.38068 -0.41848
1403715581.862143040 -3.82133 -2.04131 -0.22063 0.49712 0.65726 0.37912 -0.42089
1403715581.962142944 -3.81324 -1.98799 -0.22410 0.47320 0.67489 0.36168 -0.43565
1403715582.062143087 -3.81492 -1.93864 -0.21419 0.45028 0.67985 0.34570 -0.46427
1403715582.162142992 -3.82100 -1.89353 -0.19888 0.42652 0.68065 0.33727 -0.49097
1403715582.262142897 -3.82746 -1.85676 -0.19135 -0.41085 -0.68342 -0.32930 0.50567
1403715582.362143040 -3.83224 -1.82748 -0.19947 -0.40632 -0.69506 -0.31866 0.50024
1403715582.462142944 -3.83864 -1.80234 -0.21102 0.40696 0.70693 0.30968 -0.48859
