1403715535.362143040 -0.70351 -2.74120 0.40770 0.80709 -0.21097 0.53169 0.14632
1403715535.462142944 -0.62662 -2.82022 0.39123 0.80448 -0.22340 0.53378 0.13407
1403715535.562143087 -0.52814 -2.87947 0.37286 0.79735 -0.22718 0.54408 0.12885
1403715535.662142992 -0.44047 -2.96624 0.35021 0.79162 -0.21970 0.55547 0.12856
1403715535.762142897 -0.41219 -3.11321 0.33795 0.79026 -0.20671 0.56214 0.12949
1403715535.862143040 -0.32683 -3.20551 0.30793 0.79660 -0.18198 0.56145 0.13074
1403715535.962142944 -0.25884 -3.33261 0.27822 0.80764 -0.15591 0.55517 0.12331
1403715536.062143087 -0.18743 -3.45810 0.24759 0.81913 -0.13667 0.54585 0.11130
1403715536.162142992 -0.11171 -3.58617 0.21980 0.82823 -0.12165 0.53780 0.10006
1403715536.262142897 -0.03175 -3.71247 0.19595 0.83508 -0.10599 0.53125 0.09581
1403715536.362143040 0.05196 -3.83199 0.17969 0.83676 -0.09040 0.53154 0.09551
1403715536.462142944 0.14620 -3.94929 0.16822 0.83392 -0.07260 0.53731 0.10297
1403715536.562143087 0.24808 -4.05559 0.16087 0.82916 -0.05912 0.54489 0.10994
1403715536.662142992 0.35614 -4.14563 0.15536 0.82253 -0.05031 0.55496 0.11371
1403715536.762142897 0.46777 -4.21917 0.15291 0.81099 -0.04515 0.57226 0.11303
1403715536.862143040 0.57870 -4.27442 0.15311 0.79856 -0.03646 0.59012 0.11285
1403715536.962142944 0.68216 -4.31379 0.15674 0.78629 -0.02380 0.60533 0.12149
1403715537.062143087 0.77642 -4.33554 0.16342 0.77246 -0.01376 0.62110 0.13172
1403715537.162142992 0.85831 -4.33086 0.17481 0.75342 -0.00659 0.64280 0.13827
1403715537.262142897 0.92637 -4.30225 0.18928 0.73578 -0.00576 0.66311 0.13740
1403715537.362143040 0.97268 -4.24883 0.20599 0.73190 -0.02186 0.67189 0.11138
1403715537.462142944 0.99271 -4.17514 0.22173 0.74925 -0.04428 0.65583 0.08099
1403715537.562143087 0.99051 -4.09031 0.23739 0.77609 -0.06429 0.62487 0.05567
1403715537.662142992 0.97144 -4.00025 0.25616 0.79554 -0.07780 0.59957 0.03964
1403715537.762142897 0.94595 -3.91224 0.28091 0.79387 -0.08494 0.60117 0.03392
1403715537.862143040 0.91273 -3.82590 0.30781 0.78347 -0.08671 0.61440 0.03415
1403715537.962142944 0.86770 -3.74264 0.33144 0.78162 -0.08639 0.61676 0.03472
1403715538.062143087 0.81196 -3.66269 0.35160 0.78791 -0.08965 0.60847 0.03030
1403715538.162142992 0.74700 -3.58724 0.37005 0.79440 -0.09849 0.59883 0.02531
1403715538.262142897 0.67503 -3.51925 0.37955 0.79819 -0.10953 0.59169 0.02840
1403715538.362143040 0.59886 -3.45986 0.37787 0.79578 -0.12163 0.59208 0.03723
1403715538.462142944 0.51923 -3.40693 0.37015 0.78478 -0.13018 0.60307 0.05907
1403715538.562143087 0.43226 -3.35545 0.36271 0.77261 -0.13924 0.61336 0.08646
1403715538.662142992 0.33565 -3.30335 0.35462 0.76574 -0.15507 0.61470 0.10838
1403715538.762142897 0.23213 -3.25017 0.34593 0.76633 -0.17865 0.60392 0.12690
1403715538.862143040 0.11858 -3.19334 0.33447 0.77093 -0.20752 0.58429 0.14564
1403715538.962142944 -0.00113 -3.13471 0.31846 0.76983 -0.23970 0.56741 0.16721
1403715539.062143087 -0.12299 -3.07644 0.29154 0.76204 -0.27390 0.55469 0.19130
1403715539.162142992 -0.24631 -3.01417 0.25203 0.75004 -0.31001 0.54284 0.21599
1403715539.262142897 -0.36699 -2.95077 0.20108 0.73730 -0.34585 0.52917 0.23825
1403715539.362143040 -0.48702 -2.88482 0.13879 0.72737 -0.37894 0.51102 0.25728
1403715539.462142944 -0.60503 -2.81972 0.07573 0.71650 -0.40470 0.49730 0.27483
1403715539.562143087 -0.71452 -2.75629 0.02772 0.70651 -0.42798 0.48871 0.28077
1403715539.662142992 -0.81625 -2.69652 -0.00081 0.69523 -0.44634 0.48843 0.28083
1403715539.762142897 -0.91764 -2.63845 -0.01117 0.68587 -0.45542 0.49100 0.28476
1403715539.862143040 -1.01752 -2.58734 -0.00711 0.68460 -0.45657 0.48998 0.28774
1403715539.962142944 -1.11837 -2.54174 0.00969 0.69133 -0.45898 0.48362 0.27841
1403715540.062143087 -1.21539 -2.50875 0.03636 0.70119 -0.46379 0.47372 0.26234
1403715540.162142992 -1.30665 -2.49082 0.06768 0.70845 -0.47033 0.46716 0.24217
1403715540.262142897 -1.40002 -2.48464 0.10354 0.70984 -0.47158 0.46772 0.23447
1403715540.362143040 -1.49079 -2.50180 0.14098 0.71380 -0.46188 0.46797 0.24114
1403715540.462142944 -1.58419 -2.52622 0.17678 0.72064 -0.45165 0.46283 0.24994
1403715540.562143087 -1.67391 -2.56128 0.20669 0.73055 -0.44726 0.44895 0.25437
1403715540.662142992 -1.76029 -2.60669 0.23214 0.73596 -0.45010 0.43852 0.25193
1403715540.762142897 -1.83844 -2.66659 0.25484 0.73197 -0.46175 0.43942 0.24068
1403715540.862143040 -1.90884 -2.74297 0.27749 0.72372 -0.46605 0.44848 0.24062
1403715540.962142944 -1.97021 -2.83470 0.29715 0.71649 -0.46489 0.45795 0.24659
1403715541.062143087 -2.02706 -2.93758 0.31438 0.71324 -0.45970 0.46326 0.25564
1403715541.162142992 -2.08135 -3.04756 0.32894 0.71225 -0.45754 0.46539 0.25840
1403715541.262142897 -2.13526 -3.16716 0.34225 0.70057 -0.46221 0.48206 0.25134
1403715541.362143040 -2.18870 -3.29356 0.35407 0.69201 -0.46082 0.49191 0.25844
1403715541.462142944 -2.24716 -3.42330 0.36206 0.69533 -0.45670 0.48570 0.26841
1403715541.562143087 -2.30556 -3.55775 0.36493 0.70547 -0.45652 0.46973 0.27066
1403715541.662142992 -2.36036 -3.69843 0.36929 0.71382 -0.45602 0.45686 0.27163
1403715541.762142897 -2.40782 -3.84347 0.37517 0.72037 -0.44471 0.44843 0.28672
1403715541.862143040 -2.44761 -3.99225 0.38476 0.72321 -0.42636 0.44571 0.31068
1403715541.962142944 -2.47558 -4.14081 0.39451 0.72641 -0.40820 0.44475 0.32848
1403715542.062143087 -2.48574 -4.28554 0.40164 0.73134 -0.38845 0.44682 0.33853
1403715542.162142992 -2.47929 -4.42033 0.40969 0.73137 -0.36796 0.46193 0.34105
1403715542.262142897 -2.45441 -4.54607 0.41924 0.72869 -0.34796 0.48538 0.33518
1403715542.362143040 -2.41549 -4.65247 0.43098 0.72591 -0.33253 0.51169 0.31726
1403715542.462142944 -2.36861 -4.74803 0.44515 0.71983 -0.32005 0.54364 0.28961
1403715542.562143087 -2.31998 -4.83190 0.46049 0.71637 -0.30861 0.56627 0.26629
1403715542.662142992 -2.27755 -4.89580 0.46906 0.72515 -0.30107 0.56750 0.24790
1403715542.762142897 -2.24123 -4.94966 0.47402 0.73262 -0.29536 0.56638 0.23505
1403715542.862143040 -2.21026 -4.99479 0.47491 0.74164 -0.29219 0.56005 0.22569
1403715542.962142944 -2.18287 -5.03323 0.46988 0.74567 -0.29392 0.55837 0.21403
1403715543.062143087 -2.16099 -5.06437 0.45779 0.74437 -0.29738 0.56199 0.20407
1403715543.162142992 -2.14255 -5.09326 0.44148 0.74201 -0.29966 0.56528 0.20020
1403715543.262142897 -2.13149 -5.11789 0.42560 0.73708 -0.30183 0.57079 0.19954
1403715543.362143040 -2.12726 -5.14054 0.40809 0.73461 -0.30407 0.57249 0.20035
1403715543.462142944 -2.13153 -5.16066 0.39242 0.73427 -0.30255 0.57160 0.20634
1403715543.562143087 -2.13892 -5.17996 0.37566 0.73349 -0.29934 0.57111 0.21499
1403715543.662142992 -2.15591 -5.19049 0.36134 0.72843 -0.29297 0.57655 0.22615
1403715543.762142897 -2.17627 -5.19793 0.34297 0.72376 -0.28744 0.57734 0.24540
1403715543.862143040 -2.20592 -5.19240 0.32277 0.72042 -0.28718 0.57058 0.27009
1403715543.962142944 -2.23988 -5.17240 0.29913 0.71804 -0.29704 0.55727 0.29264
1403715544.062143087 -2.27483 -5.13568 0.27158 0.71486 -0.31591 0.53913 0.31388
1403715544.162142992 -2.30895 -5.08278 0.23427 0.70542 -0.35353 0.52391 0.32082
1403715544.262142897 -2.34350 -5.01774 0.18464 0.68954 -0.39684 0.50846 0.32943
1403715544.362143040 -2.37658 -4.94451 0.12056 0.66859 -0.44251 0.49192 0.33940
1403715544.462142944 -2.40873 -4.86437 0.04625 0.64404 -0.48431 0.47725 0.35055
1403715544.562143087 -2.43767 -4.77960 -0.02743 0.62128 -0.51662 0.46284 0.36454
1403715544.662142992 -2.46306 -4.69083 -0.08522 0.60424 -0.53757 0.45177 0.37658
1403715544.762142897 -2.48684 -4.59839 -0.11754 0.59104 -0.54340 0.44903 0.39211
1403715544.862143040 -2.51069 -4.49868 -0.12411 0.58386 -0.54357 0.44894 0.40262
1403715544.962142944 -2.53272 -4.39212 -0.10950 0.58459 -0.54553 0.44529 0.40295
1403715545.062143087 -2.55224 -4.28154 -0.08890 0.58752 -0.55083 0.43719 0.40035
1403715545.162142992 -2.57081 -4.16825 -0.07127 0.58674 -0.55832 0.42759 0.40148
1403715545.262142897 -2.58766 -4.05517 -0.06401 0.58135 -0.56918 0.41767 0.40450
1403715545.362143040 -2.60488 -3.93914 -0.06878 -0.57206 0.58187 -0.41041 -0.40711
1403715545.462142944 -2.62032 -3.82334 -0.07636 -0.55790 0.59623 -0.41400 -0.40233
1403715545.562143087 -2.63941 -3.70498 -0.07824 -0.54424 0.60926 -0.42076 -0.39442
1403715545.662142992 -2.66353 -3.59062 -0.07256 -0.53459 0.61754 -0.42670 -0.38831
1403715545.762142897 -2.69437 -3.48126 -0.06562 -0.53422 0.61826 -0.42892 -0.38521
1403715545.862143040 -2.73272 -3.36995 -0.06093 -0.54245 0.61102 -0.42867 -0.38553
1403715545.962142944 -2.77612 -3.25828 -0.05492 -0.55965 0.59484 -0.42789 -0.38714
1403715546.062143087 -2.82319 -3.14653 -0.04905 0.58226 -0.57191 0.43112 0.38474
1403715546.162142992 -2.86837 -3.03730 -0.04119 0.60654 -0.54570 0.44153 0.37333
1403715546.262142897 -2.91265 -2.92699 -0.03187 0.63192 -0.51606 0.45628 0.35520
1403715546.362143040 -2.95433 -2.81682 -0.02152 0.65632 -0.48475 0.47282 0.33272
1403715546.462142944 -2.99612 -2.70627 -0.00910 0.68066 -0.45235 0.48774 0.30690
1403715546.562143087 -3.03930 -2.59397 0.00414 0.70378 -0.41759 0.50158 0.28060
1403715546.662142992 -3.08078 -2.48656 0.01687 0.72904 -0.37978 0.50898 0.25536
1403715546.762142897 -3.12104 -2.37839 0.02697 0.75783 -0.34267 0.50709 0.22612
1403715546.862143040 -3.15966 -2.27133 0.03661 0.78367 -0.30951 0.50331 0.19167
1403715546.962142944 -3.19042 -2.17718 0.04867 0.80228 -0.27166 0.50530 0.16496
1403715547.062143087 -3.21561 -2.08767 0.06272 0.81775 -0.22764 0.50765 0.14751
1403715547.162142992 -3.23113 -2.00036 0.07661 0.82886 -0.18583 0.51208 0.12737
1403715547.262142897 -3.23418 -1.92175 0.09188 0.83700 -0.14408 0.51676 0.10784
1403715547.362143040 -3.22634 -1.84665 0.10735 0.84368 -0.10645 0.51860 0.08902
1403715547.462142944 -3.20607 -1.77243 0.11975 0.85128 -0.07583 0.51485 0.06708
1403715547.562143087 -3.17318 -1.69567 0.12816 0.85771 -0.04507 0.51015 0.04530
1403715547.662142992 -3.12405 -1.61948 0.13518 0.86126 -0.01044 0.50746 0.02452
1403715547.762142897 -3.04856 -1.55038 0.13380 0.86264 0.02494 0.50517 0.00587
1403715547.862143040 -2.97424 -1.45679 0.14326 0.86145 0.05770 0.50432 -0.01502
1403715547.962142944 -2.88467 -1.36450 0.15233 0.85395 0.08694 0.51178 -0.03582
1403715548.062143087 -2.78196 -1.27285 0.16093 0.84123 0.10567 0.52737 -0.05513
1403715548.162142992 -2.67141 -1.18326 0.16780 0.82713 0.11943 0.54533 -0.06494
1403715548.262142897 -2.55481 -1.10241 0.16913 0.81682 0.12865 0.55828 -0.06766
1403715548.362143040 -2.44152 -1.00897 0.16660 0.81182 0.13205 0.56467 -0.06824
1403715548.462142944 -2.32939 -0.90893 0.15249 0.81115 0.13205 0.56588 -0.06622
1403715548.562143087 -2.21949 -0.80423 0.13274 0.81244 0.12653 0.56500 -0.06858
1403715548.662142992 -2.11504 -0.69994 0.10958 0.81414 0.11929 0.56379 -0.07137
1403715548.762142897 -2.01298 -0.59499 0.08901 0.81444 0.11276 0.56450 -0.07284
1403715548.862143040 -1.91187 -0.49033 0.07062 0.81499 0.10764 0.56481 -0.07211
1403715548.962142944 -1.81265 -0.38687 0.05352 0.81424 0.10450 0.56632 -0.07327
1403715549.062143087 -1.71078 -0.27838 0.03521 0.81163 0.10886 0.56867 -0.07756
1403715549.162142992 -1.61423 -0.17072 0.02158 0.80311 0.11626 0.57804 -0.08579
1403715549.262142897 -1.51571 -0.05789 0.00851 0.79227 0.12250 0.59046 -0.09307
1403715549.362143040 -1.42294 0.05362 -0.00585 0.78480 0.12475 0.59823 -0.10324
1403715549.462142944 -1.34189 0.15681 -0.02186 0.78568 0.12102 0.59472 -0.11992
1403715549.562143087 -1.26186 0.25792 -0.03995 0.79264 0.11794 0.58335 -0.13236
1403715549.662142992 -1.18891 0.34592 -0.05672 0.80246 0.10993 0.56929 -0.14100
1403715549.762142897 -1.11165 0.42689 -0.07215 0.80735 0.09366 0.56468 -0.14333
1403715549.862143040 -1.03924 0.48700 -0.08222 0.80777 0.07187 0.56839 -0.13882
1403715549.962142944 -0.96779 0.53281 -0.08974 0.80976 0.04055 0.56948 -0.13540
1403715550.062143087 -0.89664 0.55936 -0.09672 0.81406 0.00497 0.56688 -0.12620
1403715550.162142992 -0.82899 0.56046 -0.09875 0.81896 -0.02351 0.56473 -0.09911
1403715550.262142897 -0.75790 0.54552 -0.08807 0.82225 -0.04863 0.56309 -0.06677
1403715550.362143040 -0.68791 0.51120 -0.06235 0.82319 -0.07334 0.56185 -0.03628
1403715550.462142944 -0.61502 0.46606 -0.02661 0.82026 -0.09685 0.56373 -0.00232
1403715550.562143087 -0.54214 0.41137 0.00892 0.81594 -0.12359 0.56403 0.02891
1403715550.662142992 -0.47234 0.34922 0.03368 0.80982 -0.15701 0.56304 0.05027
1403715550.762142897 -0.40221 0.28113 0.04459 0.80124 -0.19485 0.56197 0.06510
1403715550.862143040 -0.33671 0.20516 0.04232 0.79102 -0.23449 0.56005 0.07513
1403715550.962142944 -0.27471 0.11972 0.03071 0.77950 -0.27226 0.55736 0.08713
1403715551.062143087 -0.21659 0.02083 0.02056 0.76896 -0.30207 0.55267 0.10957
1403715551.162142992 -0.16961 -0.09171 0.02340 0.75752 -0.32790 0.54765 0.13685
1403715551.262142897 -0.13562 -0.21391 0.03886 0.74231 -0.35796 0.54422 0.15704
1403715551.362143040 -0.10691 -0.34926 0.06146 0.72501 -0.39173 0.53970 0.17213
1403715551.462142944 -0.09115 -0.49183 0.08407 0.70573 -0.42338 0.53518 0.19047
1403715551.562143087 -0.09142 -0.64036 0.10691 0.68635 -0.44961 0.52915 0.21626
1403715551.662142992 -0.10471 -0.79759 0.13033 0.66791 -0.46778 0.52101 0.25223
1403715551.762142897 -0.13130 -0.95623 0.15366 0.64589 -0.48401 0.51486 0.28894
1403715551.862143040 -0.16776 -1.11422 0.17553 0.61865 -0.50244 0.51263 0.31944
1403715551.962142944 -0.21591 -1.26474 0.19656 0.58959 -0.51925 0.51064 0.34930
1403715552.062143087 -0.27408 -1.40598 0.21415 0.57190 -0.53367 0.49252 0.38152
1403715552.162142992 -0.33884 -1.53520 0.22918 0.55632 -0.55244 0.47126 0.40401
1403715552.262142897 -0.41074 -1.64527 0.24400 -0.53541 0.56666 -0.45405 -0.43136
1403715552.362143040 -0.48399 -1.74144 0.25783 -0.50995 0.58068 -0.43886 -0.45845
1403715552.462142944 -0.55807 -1.81868 0.26963 -0.48417 0.59931 -0.41846 -0.48093
1403715552.562143087 -0.62958 -1.87709 0.28030 -0.45220 0.62008 -0.40144 -0.49987
1403715552.662142992 -0.69613 -1.90909 0.28814 0.41425 -0.64225 0.38673 0.51610
1403715552.762142897 -0.76324 -1.92681 0.29065 0.37544 -0.66790 0.36802 0.52680
1403715552.862143040 -0.82553 -1.91738 0.29240 0.33598 -0.69389 0.34477 0.53551
1403715552.962142944 -0.88817 -1.89454 0.29059 0.29446 -0.72166 0.32398 0.53623
1403715553.062143087 -0.95253 -1.85601 0.28486 0.25093 -0.74679 0.30555 0.53477
1403715553.162142992 -1.01701 -1.79528 0.27776 0.21162 -0.76386 0.28150 0.54082
1403715553.262142897 -1.08691 -1.71698 0.27027 0.17335 -0.77181 0.25803 0.55469
1403715553.362143040 -1.15753 -1.61721 0.26250 0.13714 -0.77086 0.23129 0.57747
1403715553.462142944 -1.22369 -1.49682 0.25431 0.10759 -0.76330 0.19398 0.60677
1403715553.562143087 -1.27980 -1.36116 0.24146 0.08075 -0.75541 0.15504 0.63150
1403715553.662142992 -1.32118 -1.21366 0.22391 0.06103 -0.75365 0.11911 0.64350
1403715553.762142897 -1.34360 -1.05831 0.20182 0.05136 -0.76493 0.09032 0.63567
1403715553.862143040 -1.35035 -0.89990 0.17782 0.05091 -0.78632 0.06476 0.61230
1403715553.962142944 -1.34884 -0.74232 0.15755 0.05390 -0.80486 0.04698 0.58914
1403715554.062143087 -1.34332 -0.58725 0.13794 0.05382 -0.82593 0.04190 0.55963
1403715554.162142992 -1.33550 -0.43728 0.11846 0.05528 -0.84651 0.03962 0.52802
1403715554.262142897 -1.33834 -0.29190 0.10257 0.05870 -0.85991 0.03784 0.50565
1403715554.362143040 -1.36039 -0.15046 0.08674 -0.07318 0.86511 -0.02465 -0.49560
1403715554.462142944 -1.39804 -0.01949 0.06802 0.11465 -0.85076 -0.01022 0.51279
1403715554.562143087 -1.44611 0.09250 0.03920 0.17203 -0.81910 -0.05834 0.54413
1403715554.662142992 -1.49204 0.16508 -0.00208 0.21806 -0.78542 -0.10149 0.57032
1403715554.762142897 -1.52849 0.19959 -0.04957 0.24423 -0.76145 -0.12767 0.58672
1403715554.862143040 -1.54558 0.18148 -0.09125 0.25444 -0.74326 -0.13639 0.60352
1403715554.962142944 -1.53575 0.09316 -0.11031 0.24359 -0.73541 -0.12335 0.62017
1403715555.062143087 -1.49287 -0.04693 -0.10620 0.20076 -0.75258 -0.07350 0.62283
1403715555.162142992 -1.42509 -0.22240 -0.08462 0.13989 -0.78438 0.00023 0.60430
1403715555.262142897 -1.34740 -0.41560 -0.06344 0.07754 -0.81323 0.08025 0.57114
1403715555.362143040 -1.27144 -0.60678 -0.05325 0.03040 -0.82729 0.14119 0.54289
1403715555.462142944 -1.20688 -0.78296 -0.04497 0.01818 -0.82535 0.15540 0.54251
1403715555.562143087 -1.15648 -0.92705 -0.02303 0.02818 -0.81841 0.14113 0.55633
1403715555.662142992 -1.10877 -1.05068 0.01011 0.04337 -0.81424 0.12431 0.56540
1403715555.762142897 -1.06073 -1.15605 0.05270 0.05208 -0.81731 0.12040 0.56108
1403715555.862143040 -1.01403 -1.24609 0.10523 0.04902 -0.82305 0.13376 0.54981
1403715555.962142944 -0.97412 -1.31608 0.16936 0.04806 -0.82647 0.14289 0.54242
1403715556.062143087 -0.94329 -1.36794 0.22926 0.03929 -0.83186 0.16042 0.52985
1403715556.162142992 -0.92194 -1.39676 0.28079 0.03427 -0.83113 0.17066 0.52813
1403715556.262142897 -0.91128 -1.39899 0.32990 0.03543 -0.82395 0.17205 0.53874
1403715556.362143040 -0.91845 -1.37952 0.37604 0.04271 -0.81890 0.16826 0.54705
1403715556.462142944 -0.93333 -1.34123 0.41634 0.05551 -0.81669 0.15820 0.55218
1403715556.562143087 -0.95443 -1.29062 0.44377 0.08074 -0.81749 0.13077 0.55505
1403715556.662142992 -0.97805 -1.23285 0.45641 0.09993 -0.82003 0.11072 0.55255
1403715556.762142897 -1.00679 -1.17186 0.45383 0.11351 -0.82554 0.09792 0.54407
1403715556.862143040 -1.03931 -1.11088 0.44387 0.12634 -0.82325 0.08499 0.54687
1403715556.962142944 -1.07537 -1.05160 0.43208 0.13655 -0.82032 0.07470 0.55032
1403715557.062143087 -1.11465 -0.99765 0.41656 0.13632 -0.82746 0.07626 0.53936
1403715557.162142992 -1.15974 -0.95048 0.40078 0.13110 -0.83932 0.08281 0.52105
1403715557.262142897 -1.21420 -0.90759 0.38737 0.12610 -0.84938 0.08795 0.50489
1403715557.362143040 -1.28158 -0.86831 0.37533 -0.12337 0.85465 -0.08884 -0.49646
1403715557.462142944 -1.36611 -0.83267 0.36470 0.12146 -0.85172 0.08849 0.50199
1403715557.562143087 -1.46363 -0.80109 0.35448 0.12315 -0.83977 0.08382 0.52211
1403715557.662142992 -1.56987 -0.77340 0.34291 0.12688 -0.82829 0.07602 0.54042
1403715557.762142897 -1.68152 -0.75244 0.32923 0.12797 -0.82012 0.06982 0.55331
1403715557.862143040 -1.79465 -0.73850 0.31986 0.12118 -0.81951 0.07137 0.55554
1403715557.962142944 -1.90708 -0.72903 0.32338 0.11333 -0.82086 0.07225 0.55509
1403715558.062143087 -2.02024 -0.72383 0.33879 0.10739 -0.82120 0.07145 0.55588
1403715558.162142992 -2.13539 -0.72131 0.36573 0.10356 -0.82359 0.06970 0.55328
1403715558.262142897 -2.25381 -0.72253 0.39603 0.10621 -0.82493 0.06104 0.55180
1403715558.362143040 -2.37527 -0.72843 0.42578 0.11295 -0.81980 0.04875 0.55927
1403715558.462142944 -2.49561 -0.74125 0.45263 0.11278 -0.80948 0.04898 0.57413
1403715558.562143087 -2.61271 -0.75904 0.47146 0.10599 -0.79513 0.05984 0.59410
1403715558.662142992 -2.72103 -0.77748 0.47620 0.10017 -0.78585 0.06843 0.60640
1403715558.762142897 -2.82059 -0.79546 0.46809 0.10142 -0.78268 0.07332 0.60972
1403715558.862143040 -2.91234 -0.81451 0.45852 0.11378 -0.78052 0.07559 0.61002
1403715558.962142944 -2.99572 -0.83535 0.45227 0.13368 -0.77686 0.07707 0.61048
1403715559.062143087 -3.06079 -0.85758 0.44900 0.15618 -0.77272 0.08148 0.60981
1403715559.162142992 -3.11123 -0.88363 0.44949 0.17636 -0.76774 0.09559 0.60855
1403715559.262142897 -3.14660 -0.91237 0.45267 0.19919 -0.76108 0.10925 0.60758
1403715559.362143040 -3.16544 -0.94273 0.45542 0.22455 -0.75461 0.12097 0.60458
1403715559.462142944 -3.17068 -0.97511 0.45552 0.24990 -0.75473 0.12988 0.59250
1403715559.562143087 -3.16843 -1.01265 0.44450 0.26357 -0.76420 0.14490 0.57056
1403715559.662142992 -3.15508 -1.04949 0.42191 0.27122 -0.77007 0.16016 0.55479
1403715559.762142897 -3.13984 -1.09079 0.39001 0.28519 -0.76828 0.16500 0.54880
1403715559.862143040 -3.12082 -1.13592 0.35619 0.30124 -0.76381 0.17112 0.54458
1403715559.962142944 -3.09711 -1.18562 0.32274 0.32290 -0.75629 0.17554 0.54125
1403715560.062143087 -3.07055 -1.24434 0.29097 0.34532 -0.74784 0.18265 0.53677
1403715560.162142992 -3.03847 -1.31313 0.26671 0.36556 -0.74049 0.19428 0.52943
1403715560.262142897 -3.00008 -1.39052 0.25555 0.37758 -0.73617 0.21797 0.51766
1403715560.362143040 -2.95899 -1.47475 0.25613 0.39041 -0.73123 0.23968 0.50541
1403715560.462142944 -2.91671 -1.56307 0.26040 -0.40636 0.72320 -0.25646 -0.49608
1403715560.562143087 -2.87331 -1.65431 0.26388 -0.42196 0.71378 -0.27220 -0.48824
1403715560.662142992 -2.83049 -1.74900 0.26721 -0.44037 0.70222 -0.28598 -0.48080
1403715560.762142897 -2.78625 -1.84809 0.27200 -0.46044 0.68860 -0.29896 -0.47376
1403715560.862143040 -2.74094 -1.94929 0.27658 -0.48373 0.67179 -0.30824 -0.46871
1403715560.962142944 -2.69258 -2.05445 0.28030 -0.50771 0.65451 -0.31809 -0.46116
1403715561.062143087 -2.63872 -2.16119 0.28498 -0.52974 0.63716 -0.33268 -0.45025
1403715561.162142992 -2.58122 -2.27188 0.28703 -0.54812 0.62204 -0.35152 -0.43482
1403715561.262142897 -2.52167 -2.38393 0.28811 -0.55959 0.61144 -0.37221 -0.41769
1403715561.362143040 -2.46434 -2.49504 0.28867 -0.56309 0.60743 -0.39503 -0.39738
1403715561.462142944 -2.40712 -2.61112 0.28986 -0.56999 0.59868 -0.41109 -0.38430
1403715561.562143087 -2.35943 -2.72260 0.29346 0.58345 -0.58077 0.41833 0.38379
1403715561.662142992 -2.31481 -2.83507 0.29768 0.59938 -0.55980 0.42099 0.38748
1403715561.762142897 -2.26978 -2.94662 0.30192 0.61107 -0.53708 0.43055 0.39086
1403715561.862143040 -2.22238 -3.05263 0.30745 0.62148 -0.51480 0.44427 0.38906
1403715561.962142944 -2.17071 -3.15311 0.31629 0.63023 -0.49066 0.46181 0.38574
1403715562.062143087 -2.11719 -3.24373 0.32553 0.63466 -0.46725 0.48152 0.38343
1403715562.162142992 -2.06333 -3.32297 0.33674 0.63671 -0.44715 0.49556 0.38611
1403715562.262142897 -2.00952 -3.38729 0.34749 0.64250 -0.43284 0.49764 0.39012
1403715562.362143040 -1.95577 -3.43279 0.35423 0.65445 -0.42690 0.48622 0.39121
1403715562.462142944 -1.89285 -3.46766 0.35923 0.67150 -0.42649 0.46565 0.38777
1403715562.562143087 -1.82376 -3.48542 0.36529 0.68639 -0.41884 0.45203 0.38614
1403715562.662142992 -1.73970 -3.49462 0.37190 0.69507 -0.41197 0.45407 0.37547
1403715562.762142897 -1.64411 -3.49442 0.37706 0.69660 -0.42154 0.46638 0.34574
1403715562.862143040 -1.54223 -3.48945 0.38220 0.69736 -0.42747 0.47833 0.31961
1403715562.962142944 -1.43733 -3.48081 0.38723 0.70082 -0.42450 0.48990 0.29775
1403715563.062143087 -1.32955 -3.47324 0.39191 0.70623 -0.41211 0.50167 0.28238
1403715563.162142992 -1.22164 -3.46401 0.39775 0.71320 -0.38659 0.51543 0.27608
1403715563.262142897 -1.11503 -3.45337 0.40453 0.71951 -0.35373 0.53486 0.26667
1403715563.362143040 -1.00967 -3.43414 0.41087 0.72932 -0.31602 0.55299 0.24985
1403715563.462142944 -0.90930 -3.40599 0.41603 0.74258 -0.27533 0.56606 0.22877
1403715563.562143087 -0.81497 -3.37168 0.41086 0.75506 -0.23444 0.57560 0.20885
1403715563.662142992 -0.73020 -3.32905 0.39290 0.76410 -0.19493 0.58439 0.19141
1403715563.762142897 -0.65408 -3.27708 0.36463 0.76917 -0.15739 0.59406 0.17521
1403715563.862143040 -0.58446 -3.21783 0.32609 0.77100 -0.12825 0.60654 0.14563
1403715563.962142944 -0.52348 -3.14465 0.27902 0.77430 -0.10306 0.61497 0.10790
1403715564.062143087 -0.47384 -3.06449 0.22408 0.78025 -0.08063 0.61713 0.06213
1403715564.162142992 -0.43749 -2.98179 0.17191 0.78368 -0.05445 0.61845 0.02025
1403715564.262142897 -0.41233 -2.90000 0.12290 0.78734 -0.02302 0.61588 -0.01588
1403715564.362143040 -0.39851 -2.82307 0.08660 0.78911 0.01832 0.61240 -0.04395
1403715564.462142944 -0.39723 -2.75149 0.06246 0.79784 0.06547 0.59516 -0.07029
1403715564.562143087 -0.40051 -2.68540 0.05384 0.80246 0.11318 0.57810 -0.09512
1403715564.662142992 -0.40816 -2.62023 0.05999 0.79952 0.16081 0.56658 -0.11786
1403715564.762142897 -0.41907 -2.56018 0.08288 0.79094 0.20779 0.55863 -0.13845
1403715564.862143040 -0.43142 -2.50092 0.11989 0.77814 0.25155 0.55294 -0.15961
1403715564.962142944 -0.44580 -2.44076 0.17038 0.75996 0.29092 0.55209 -0.18170
1403715565.062143087 -0.46218 -2.37782 0.23110 0.74234 0.32760 0.54750 -0.20459
1403715565.162142992 -0.48635 -2.31337 0.29416 0.72689 0.35988 0.53585 -0.23448
1403715565.262142897 -0.51700 -2.24834 0.34593 0.71191 0.38868 0.52146 -0.26493
1403715565.362143040 -0.55081 -2.18393 0.38733 0.69209 0.41219 0.51362 -0.29546
1403715565.462142944 -0.58744 -2.12710 0.41824 0.66963 0.43317 0.50724 -0.32660
1403715565.562143087 -0.62750 -2.07573 0.43934 0.64612 0.45788 0.49806 -0.35327
1403715565.662142992 -0.67332 -2.03635 0.46179 0.62179 0.48594 0.48317 -0.37919
1403715565.762142897 -0.72289 -2.00267 0.48774 0.59584 0.51863 0.46237 -0.40275
