1403715530.562143087 0.09507 0.13807 0.17859 0.80575 0.03517 0.59106 -0.01358
1403715530.662142992 0.12214 0.19226 0.22729 0.80515 0.03955 0.59140 -0.02046
1403715530.762142897 0.13244 0.24136 0.26969 0.80393 0.04523 0.59236 -0.02749
1403715530.862143040 0.14029 0.30115 0.31813 0.80253 0.05596 0.59284 -0.03671
1403715530.962142944 0.14968 0.36490 0.36775 0.80206 0.06749 0.59190 -0.04239
1403715531.062143087 0.15812 0.42888 0.41254 0.80946 0.07567 0.58038 -0.04710
1403715531.162142992 0.17165 0.49065 0.44719 0.82146 0.08037 0.56226 -0.05106
1403715531.262142897 0.19606 0.55006 0.47761 0.82492 0.07482 0.55621 -0.06739
1403715531.362143040 0.23294 0.59857 0.50360 0.81585 0.06958 0.56826 -0.08138
1403715531.462142944 0.27607 0.63546 0.52040 0.80780 0.06931 0.57915 -0.08509
1403715531.562143087 0.32222 0.66755 0.52642 0.80374 0.06948 0.58479 -0.08484
1403715531.662142992 0.37223 0.69823 0.52271 0.80493 0.06664 0.58329 -0.08617
1403715531.762142897 0.42668 0.72618 0.51747 0.80486 0.06954 0.58452 -0.07547
1403715531.862143040 0.48153 0.75550 0.52045 0.79927 0.07259 0.59339 -0.06152
1403715531.962142944 0.53440 0.78138 0.52416 0.79374 0.07259 0.60172 -0.05147
1403715532.062143087 0.58204 0.80556 0.52459 0.79177 0.07176 0.60500 -0.04391
1403715532.162142992 0.62302 0.82729 0.52502 0.79123 0.07168 0.60614 -0.03751
1403715532.262142897 0.65562 0.84877 0.52476 0.79088 0.07114 0.60670 -0.03688
1403715532.362143040 0.67882 0.86862 0.52311 0.79393 0.07010 0.60244 -0.04272
1403715532.462142944 0.69760 0.88755 0.52055 0.79697 0.06678 0.59818 -0.05056
1403715532.562143087 0.71236 0.90310 0.51580 0.79894 0.06135 0.59523 -0.06028
1403715532.662142992 0.71828 0.91037 0.50989 0.79700 0.05384 0.59677 -0.07589
1403715532.762142897 0.72885 0.91080 0.50069 0.79443 0.04691 0.59930 -0.08667
1403715532.862143040 0.73402 0.89943 0.49045 0.79330 0.04089 0.60079 -0.08981
1403715532.962142944 0.73509 0.87577 0.47623 0.79492 0.02916 0.59981 -0.08650
1403715533.062143087 0.73200 0.83753 0.45237 0.79744 0.01110 0.59821 -0.07811
1403715533.162142992 0.72493 0.78550 0.42029 0.79690 -0.00915 0.60088 -0.06172
1403715533.262142897 0.71273 0.71968 0.39600 0.78916 -0.02691 0.61247 -0.03723
1403715533.362143040 0.68826 0.64282 0.38589 0.78653 -0.04091 0.61602 -0.01482
1403715533.462142944 0.65578 0.55597 0.38954 0.79003 -0.05215 0.61084 0.00006
1403715533.562143087 0.61298 0.46283 0.40883 0.79495 -0.06843 0.60280 -0.00030
1403715533.662142992 0.56196 0.36081 0.44160 0.79953 -0.08417 0.59465 -0.00784
1403715533.762142897 0.50630 0.24584 0.49014 0.80246 -0.09576 0.58883 -0.01307
1403715533.862143040 0.44920 0.11796 0.54716 0.80552 -0.09636 0.58466 -0.00572
1403715533.962142944 0.39281 -0.02122 0.59819 0.80814 -0.08978 0.58205 0.00863
1403715534.062143087 0.33498 -0.16866 0.63607 0.80999 -0.08252 0.58025 0.02051
1403715534.162142992 0.27888 -0.32184 0.66017 0.81104 -0.07267 0.57948 0.03381
1403715534.262142897 0.22502 -0.47815 0.67150 0.81275 -0.06272 0.57741 0.04595
1403715534.362143040 0.17516 -0.63429 0.67112 0.81386 -0.05684 0.57598 0.05150
1403715534.462142944 0.13016 -0.78790 0.65704 0.81482 -0.05819 0.57405 0.05612
1403715534.562143087 0.08794 -0.93726 0.63368 0.81470 -0.06586 0.57263 0.06340
1403715534.662142992 0.05000 -1.08253 0.60769 0.81473 -0.08035 0.56976 0.07160
1403715534.762142897 0.00940 -1.22358 0.58176 0.81585 -0.09998 0.56333 0.08405
1403715534.862143040 -0.02611 -1.35974 0.55340 0.81878 -0.12319 0.55168 0.10037
1403715534.962142944 -0.05385 -1.49361 0.52503 0.82006 -0.14724 0.54041 0.11741
1403715535.062143087 -0.07038 -1.62378 0.49705 0.81971 -0.16722 0.53175 0.13171
1403715535.162142992 -0.07594 -1.74894 0.46802 0.82219 -0.18395 0.52020 0.13982
1403715535.262142897 -0.07007 -1.87394 0.43955 0.82584 -0.19648 0.50910 0.14213
1403715535.362143040 -0.05011 -1.99767 0.41457 0.82732 -0.20611 0.50313 0.14116
1403715535.462142944 -0.01535 -2.12243 0.39022 0.82194 -0.21999 0.50935 0.12879
1403715535.562143087 0.02601 -2.25563 0.36811 0.81200 -0.22444 0.52472 0.12226
1403715535.662142992 0.07101 -2.39414 0.34807 0.80328 -0.21913 0.53995 0.12322
1403715535.762142897 0.11985 -2.53356 0.32580 0.80231 -0.20568 0.54676 0.12269
1403715535.862143040 0.16841 -2.67115 0.30410 0.80570 -0.18219 0.54953 0.12520
1403715535.962142944 0.21961 -2.80702 0.27992 0.81433 -0.15840 0.54506 0.12118
1403715536.062143087 0.27172 -2.93940 0.25770 0.82393 -0.14122 0.53719 0.11238
1403715536.162142992 0.33171 -3.06913 0.23751 0.83169 -0.12799 0.53016 0.10414
1403715536.262142897 0.40007 -3.19611 0.22047 0.83781 -0.11372 0.52410 0.10228
1403715536.362143040 0.47550 -3.31909 0.20993 0.83919 -0.09918 0.52453 0.10388
1403715536.462142944 0.56194 -3.43613 0.20176 0.83628 -0.08188 0.53035 0.11249
1403715536.562143087 0.65806 -3.54443 0.19695 0.83156 -0.06871 0.53787 0.12037
1403715536.662142992 0.76095 -3.63632 0.19266 0.82499 -0.06027 0.54785 0.12499
1403715536.762142897 0.87118 -3.71309 0.18982 0.81363 -0.05536 0.56506 0.12512
1403715536.862143040 0.98063 -3.77276 0.19072 0.80150 -0.04700 0.58273 0.12577
1403715536.962142944 1.08781 -3.81761 0.19323 0.78960 -0.03434 0.59767 0.13469
1403715537.062143087 1.18325 -3.83984 0.19882 0.77597 -0.02401 0.61345 0.14483
1403715537.162142992 1.26876 -3.83857 0.20931 0.75724 -0.01675 0.63502 0.15185
1403715537.262142897 1.33404 -3.80883 0.22277 0.73961 -0.01594 0.65557 0.15151
1403715537.362143040 1.37738 -3.75336 0.23980 0.73541 -0.03255 0.66498 0.12618
1403715537.462142944 1.39753 -3.67790 0.25457 0.75221 -0.05580 0.64955 0.09564
1403715537.562143087 1.39253 -3.59087 0.26969 0.77835 -0.07692 0.61914 0.07013
1403715537.662142992 1.37358 -3.50044 0.28770 0.79731 -0.09152 0.59411 0.05428
1403715537.762142897 1.34795 -3.41129 0.31219 0.79548 -0.09898 0.59584 0.04891
1403715537.862143040 1.31614 -3.32399 0.33922 0.78500 -0.10104 0.60917 0.04988
1403715537.962142944 1.27561 -3.23860 0.36272 0.78297 -0.10163 0.61154 0.05148
1403715538.062143087 1.22723 -3.15290 0.38346 0.78898 -0.10603 0.60329 0.04806
1403715538.162142992 1.16863 -3.07315 0.40214 0.79492 -0.11631 0.59383 0.04404
1403715538.262142897 1.10461 -3.00056 0.41263 0.79817 -0.12845 0.58663 0.04788
1403715538.362143040 1.03655 -2.93542 0.41187 0.79515 -0.14161 0.58682 0.05769
1403715538.462142944 0.96249 -2.87780 0.40504 0.78380 -0.15002 0.59729 0.07995
1403715538.562143087 0.88099 -2.82263 0.39991 0.77142 -0.15844 0.60688 0.10725
1403715538.662142992 0.78895 -2.76608 0.39451 0.76411 -0.17394 0.60765 0.12901
1403715538.762142897 0.68681 -2.70650 0.38691 0.76386 -0.19738 0.59660 0.14708
1403715538.862143040 0.57552 -2.64356 0.37764 0.76753 -0.22619 0.57661 0.16510
1403715538.962142944 0.45986 -2.57858 0.36287 0.76548 -0.25826 0.55919 0.18616
1403715539.062143087 0.34216 -2.51101 0.33715 0.75647 -0.29254 0.54580 0.21041
1403715539.162142992 0.22310 -2.44276 0.29982 0.74353 -0.32807 0.53342 0.23451
1403715539.262142897 0.10424 -2.37268 0.25119 0.72988 -0.36332 0.51933 0.25608
1403715539.362143040 -0.01343 -2.30034 0.19120 0.71911 -0.39595 0.50081 0.27439
1403715539.462142944 -0.12628 -2.23094 0.13034 0.70768 -0.42126 0.48665 0.29138
1403715539.562143087 -0.23251 -2.16336 0.08480 0.69715 -0.44417 0.47807 0.29689
1403715539.662142992 -0.33121 -2.10097 0.05853 0.68560 -0.46214 0.47787 0.29667
1403715539.762142897 -0.42468 -2.04212 0.04930 0.67609 -0.47090 0.48055 0.30038
1403715539.862143040 -0.51970 -1.98505 0.05387 0.67461 -0.47224 0.47940 0.30341
1403715539.962142944 -0.61391 -1.93494 0.07376 0.68126 -0.47507 0.47305 0.29396
1403715540.062143087 -0.70752 -1.89536 0.10294 0.69077 -0.48059 0.46330 0.27789
1403715540.162142992 -0.79121 -1.87307 0.13741 0.69755 -0.48799 0.45681 0.25810
1403715540.262142897 -0.87611 -1.86498 0.17490 0.69905 -0.48941 0.45735 0.25028
1403715540.362143040 -0.96213 -1.87346 0.21465 0.70292 -0.48040 0.45689 0.25763
1403715540.462142944 -1.05082 -1.89303 0.25084 0.71022 -0.47019 0.45151 0.26579
1403715540.562143087 -1.14045 -1.92045 0.28193 0.72025 -0.46611 0.43738 0.26958
1403715540.662142992 -1.22480 -1.95932 0.30880 0.72542 -0.46930 0.42690 0.26698
1403715540.762142897 -1.30259 -2.01279 0.33273 0.72108 -0.48094 0.42814 0.25581
1403715540.862143040 -1.37181 -2.08195 0.35505 0.71267 -0.48518 0.43711 0.25620
1403715540.962142944 -1.43768 -2.16429 0.37645 0.70539 -0.48392 0.44644 0.26255
1403715541.062143087 -1.50028 -2.26017 0.39605 0.70229 -0.47867 0.45148 0.27171
1403715541.162142992 -1.56264 -2.36418 0.41171 0.70132 -0.47649 0.45369 0.27435
1403715541.262142897 -1.62168 -2.47794 0.42592 0.68955 -0.48105 0.47059 0.26769
1403715541.362143040 -1.68276 -2.59881 0.43881 0.68108 -0.47941 0.48038 0.27484
1403715541.462142944 -1.74584 -2.72334 0.44618 0.68444 -0.47540 0.47393 0.28447
1403715541.562143087 -1.80833 -2.85263 0.44947 0.69448 -0.47570 0.45772 0.28617
1403715541.662142992 -1.86933 -2.98660 0.45476 0.70274 -0.47558 0.44470 0.28674
1403715541.762142897 -1.92404 -3.12589 0.46166 0.70954 -0.46449 0.43577 0.30150
1403715541.862143040 -1.96976 -3.27075 0.47027 0.71289 -0.44621 0.43240 0.32514
1403715541.962142944 -2.00121 -3.41450 0.47620 0.71656 -0.42831 0.43081 0.34279
1403715542.062143087 -2.01600 -3.55544 0.48065 0.72203 -0.40881 0.43255 0.35277
1403715542.162142992 -2.01595 -3.68947 0.48877 0.72270 -0.38845 0.44762 0.35560
1403715542.262142897 -1.99746 -3.81494 0.49756 0.72065 -0.36856 0.47128 0.35030
1403715542.362143040 -1.96458 -3.92296 0.50979 0.71837 -0.35331 0.49817 0.33310
1403715542.462142944 -1.92296 -4.01717 0.52450 0.71268 -0.34098 0.53090 0.30653
1403715542.562143087 -1.88018 -4.09871 0.54058 0.70954 -0.32971 0.55421 0.28407
1403715542.662142992 -1.84273 -4.16395 0.54955 0.71844 -0.32260 0.55603 0.26572
1403715542.762142897 -1.80976 -4.22029 0.55605 0.72601 -0.31733 0.55522 0.25285
1403715542.862143040 -1.78136 -4.26623 0.55394 0.73504 -0.31446 0.54923 0.24324
1403715542.962142944 -1.75792 -4.30207 0.54939 0.73886 -0.31647 0.54794 0.23173
1403715543.062143087 -1.73834 -4.33295 0.53630 0.73739 -0.31987 0.55205 0.22177
1403715543.162142992 -1.72438 -4.35992 0.52002 0.73489 -0.32213 0.55558 0.21794
1403715543.262142897 -1.71521 -4.38482 0.50418 0.72988 -0.32428 0.56110 0.21745
1403715543.362143040 -1.71198 -4.41031 0.48636 0.72734 -0.32639 0.56292 0.21810
1403715543.462142944 -1.71488 -4.43275 0.47164 0.72703 -0.32505 0.56174 0.22412
1403715543.562143087 -1.72245 -4.45360 0.45589 0.72628 -0.32181 0.56105 0.23275
1403715543.662142992 -1.73847 -4.46425 0.44201 0.72138 -0.31550 0.56604 0.24426
1403715543.762142897 -1.75993 -4.46878 0.42488 0.71685 -0.30979 0.56627 0.26361
1403715543.862143040 -1.78797 -4.46119 0.40399 0.71341 -0.30939 0.55873 0.28834
1403715543.962142944 -1.81878 -4.43946 0.37979 0.71060 -0.31917 0.54459 0.31080
1403715544.062143087 -1.85201 -4.39811 0.35370 0.70681 -0.33765 0.52580 0.33156
1403715544.162142992 -1.88243 -4.34391 0.31677 0.69614 -0.37492 0.51037 0.33815
1403715544.262142897 -1.91198 -4.27812 0.26672 0.67887 -0.41772 0.49461 0.34643
1403715544.362143040 -1.94072 -4.20293 0.20305 0.65640 -0.46272 0.47778 0.35604
1403715544.462142944 -1.96724 -4.11947 0.13019 0.63030 -0.50389 0.46272 0.36702
1403715544.562143087 -1.99084 -4.03178 0.05799 0.60633 -0.53558 0.44787 0.38070
1403715544.662142992 -2.00994 -3.94124 0.00044 0.58855 -0.55602 0.43638 0.39246
1403715544.762142897 -2.02646 -3.84848 -0.03190 0.57514 -0.56145 0.43313 0.40790
1403715544.862143040 -2.04091 -3.74930 -0.03726 0.56792 -0.56148 0.43258 0.41843
1403715544.962142944 -2.05373 -3.64221 -0.02116 0.56837 -0.56368 0.42880 0.41874
1403715545.062143087 -2.06434 -3.53180 0.00003 0.57094 -0.56926 0.42070 0.41591
1403715545.162142992 -2.07536 -3.41852 0.02017 -0.56972 0.57686 -0.41106 -0.41676
1403715545.262142897 -2.08463 -3.30334 0.02844 -0.56383 0.58762 -0.40103 -0.41949
1403715545.362143040 -2.09366 -3.18729 0.02558 -0.55403 0.60008 -0.39363 -0.42191
1403715545.462142944 -2.09956 -3.07190 0.01913 -0.53924 0.61408 -0.39735 -0.41743
1403715545.562143087 -2.10917 -2.95443 0.01770 -0.52508 0.62677 -0.40434 -0.40983
1403715545.662142992 -2.12247 -2.84005 0.02342 -0.51503 0.63496 -0.41026 -0.40404
1403715545.762142897 -2.14622 -2.72532 0.03108 -0.51465 0.63570 -0.41268 -0.40089
1403715545.862143040 -2.17667 -2.61219 0.03756 -0.52322 0.62868 -0.41255 -0.40100
1403715545.962142944 -2.21140 -2.49878 0.04454 -0.54091 0.61319 -0.41165 -0.40243
1403715546.062143087 -2.25044 -2.38427 0.05205 -0.56430 0.59110 -0.41498 -0.39996
1403715546.162142992 -2.28731 -2.27215 0.06178 0.58946 -0.56585 0.42568 0.38877
1403715546.262142897 -2.32290 -2.16122 0.07220 0.61582 -0.53727 0.44101 0.37097
1403715546.362143040 -2.35768 -2.05206 0.08366 0.64132 -0.50696 0.45831 0.34877
1403715546.462142944 -2.39087 -1.94003 0.09638 0.66666 -0.47569 0.47402 0.32340
1403715546.562143087 -2.42488 -1.82848 0.11078 0.69088 -0.44205 0.48866 0.29748
1403715546.662142992 -2.45793 -1.72017 0.12466 0.71731 -0.40545 0.49684 0.27243
1403715546.762142897 -2.48932 -1.61495 0.13600 0.74727 -0.36961 0.49590 0.24300
1403715546.862143040 -2.51695 -1.51375 0.14605 0.77413 -0.33762 0.49329 0.20831
1403715546.962142944 -2.53904 -1.41920 0.15848 0.79397 -0.30064 0.49622 0.18165
1403715547.062143087 -2.55500 -1.33235 0.17330 0.81091 -0.25739 0.49920 0.16423
1403715547.162142992 -2.56213 -1.25117 0.18538 0.82347 -0.21608 0.50441 0.14412
1403715547.262142897 -2.55447 -1.17523 0.20175 0.83303 -0.17498 0.50973 0.12494
1403715547.362143040 -2.53993 -1.10147 0.21410 0.84100 -0.13760 0.51235 0.10618
1403715547.462142944 -2.50920 -1.03008 0.22516 0.84963 -0.10754 0.50936 0.08442
1403715547.562143087 -2.46875 -0.95817 0.23238 0.85706 -0.07707 0.50557 0.06247
1403715547.662142992 -2.41470 -0.88282 0.23840 0.86176 -0.04262 0.50380 0.04167
1403715547.762142897 -2.34635 -0.80517 0.24427 0.86424 -0.00703 0.50252 0.02269
1403715547.862143040 -2.26404 -0.72199 0.25110 0.86407 0.02589 0.50270 0.00169
1403715547.962142944 -2.16702 -0.63790 0.25860 0.85756 0.05529 0.51106 -0.01874
1403715548.062143087 -2.05729 -0.55386 0.26605 0.84558 0.07420 0.52736 -0.03720
1403715548.162142992 -1.93962 -0.47133 0.27125 0.83197 0.08831 0.54580 -0.04611
1403715548.262142897 -1.82034 -0.38500 0.27603 0.82189 0.09770 0.55917 -0.04779
1403715548.362143040 -1.69969 -0.29662 0.27358 0.81705 0.10108 0.56562 -0.04788
1403715548.462142944 -1.58069 -0.20452 0.26023 0.81634 0.10099 0.56683 -0.04576
1403715548.562143087 -1.46273 -0.10859 0.23957 0.81749 0.09527 0.56598 -0.04801
1403715548.662142992 -1.34744 -0.01109 0.21845 0.81902 0.08776 0.56474 -0.05065
1403715548.762142897 -1.23377 0.08940 0.19812 0.81916 0.08099 0.56546 -0.05172
1403715548.862143040 -1.12493 0.18874 0.17946 0.81948 0.07564 0.56583 -0.05077
1403715548.962142944 -1.02000 0.28468 0.16185 0.81851 0.07240 0.56756 -0.05175
1403715549.062143087 -0.91458 0.38384 0.14541 0.81595 0.07678 0.57026 -0.05598
1403715549.162142992 -0.80989 0.48657 0.13245 0.80772 0.08439 0.58003 -0.06357
1403715549.262142897 -0.71007 0.58801 0.12215 0.79703 0.09106 0.59287 -0.07045
1403715549.362143040 -0.61502 0.69005 0.10990 0.78956 0.09362 0.60114 -0.08033
1403715549.462142944 -0.53532 0.78529 0.09343 0.79005 0.08968 0.59865 -0.09693
1403715549.562143087 -0.45575 0.87493 0.07677 0.79682 0.08637 0.58782 -0.10995
1403715549.662142992 -0.37439 0.95941 0.06019 0.80641 0.07772 0.57405 -0.11884
1403715549.762142897 -0.29028 1.03444 0.04509 0.81076 0.06111 0.56944 -0.12113
1403715549.862143040 -0.21139 1.09030 0.03604 0.81046 0.03914 0.57282 -0.11621
1403715549.962142944 -0.13241 1.13327 0.02763 0.81129 0.00754 0.57367 -0.11246
1403715550.062143087 -0.05956 1.15281 0.02150 0.81424 -0.02824 0.57057 -0.10326
1403715550.162142992 0.00936 1.14977 0.01985 0.81806 -0.05685 0.56723 -0.07613
1403715550.262142897 0.07714 1.12853 0.03090 0.82030 -0.08216 0.56430 -0.04380
1403715550.362143040 0.14569 1.09098 0.05645 0.82025 -0.10701 0.56175 -0.01324
1403715550.462142944 0.21424 1.04014 0.09231 0.81638 -0.13040 0.56221 0.02083
1403715550.562143087 0.28399 0.98112 0.12670 0.81096 -0.15701 0.56123 0.05213
1403715550.662142992 0.34889 0.91473 0.15108 0.80346 -0.19020 0.55935 0.07348
1403715550.762142897 0.41320 0.84276 0.16228 0.79334 -0.22771 0.55764 0.08832
1403715550.862143040 0.47199 0.76338 0.16029 0.78152 -0.26693 0.55526 0.09833
1403715550.962142944 0.52595 0.67440 0.14745 0.76847 -0.30424 0.55203 0.11027
1403715551.062143087 0.57464 0.57286 0.13530 0.75670 -0.33363 0.54638 0.13253
1403715551.162142992 0.61141 0.45924 0.13759 0.74416 -0.35903 0.54021 0.15968
1403715551.262142897 0.63651 0.33543 0.15408 0.72771 -0.38847 0.53592 0.17977
1403715551.362143040 0.65257 0.20106 0.17699 0.70895 -0.42155 0.53081 0.19475
1403715551.462142944 0.65558 0.05941 0.19978 0.68831 -0.45242 0.52557 0.21289
1403715551.562143087 0.64217 -0.08751 0.22241 0.66780 -0.47789 0.51848 0.23841
1403715551.662142992 0.61487 -0.24097 0.24551 0.64854 -0.49538 0.50881 0.27405
1403715551.762142897 0.57478 -0.39490 0.26873 0.62579 -0.51077 0.50108 0.31051
1403715551.862143040 0.52678 -0.54811 0.28993 0.59775 -0.52815 0.49748 0.34098
1403715551.962142944 0.46839 -0.69356 0.30862 0.56793 -0.54385 0.49415 0.37081
1403715552.062143087 0.40056 -0.82804 0.32553 -0.54954 0.55758 -0.47461 -0.40232
1403715552.162142992 0.32703 -0.94819 0.33987 -0.53304 0.57574 -0.45237 -0.42396
1403715552.262142897 0.24935 -1.05071 0.35393 -0.51147 0.58910 -0.43401 -0.45055
1403715552.362143040 0.17047 -1.13540 0.36775 -0.48530 0.60206 -0.41764 -0.47706
1403715552.462142944 0.09290 -1.20337 0.37845 -0.45867 0.61963 -0.39626 -0.49866
1403715552.562143087 0.01962 -1.25232 0.38836 0.42574 -0.63904 0.37842 0.51689
1403715552.662142992 -0.04803 -1.28005 0.39683 0.38681 -0.65956 0.36308 0.53248
1403715552.762142897 -0.11196 -1.29033 0.40265 0.34685 -0.68356 0.34372 0.54249
1403715552.862143040 -0.17202 -1.27800 0.40696 0.30639 -0.70780 0.32023 0.55008
1403715552.962142944 -0.23105 -1.25220 0.40520 0.26376 -0.73375 0.29958 0.54981
1403715553.062143087 -0.29108 -1.21075 0.40023 0.21932 -0.75693 0.28148 0.54747
1403715553.162142992 -0.35066 -1.14891 0.39415 0.17949 -0.77231 0.25730 0.55238
1403715553.262142897 -0.41201 -1.06782 0.38747 0.14092 -0.77859 0.23326 0.56527
1403715553.362143040 -0.47404 -0.96702 0.38082 0.10487 -0.77612 0.20562 0.58682
1403715553.462142944 -0.52910 -0.84503 0.37262 0.07565 -0.76730 0.16715 0.61449
1403715553.562143087 -0.57159 -0.70630 0.36107 0.04917 -0.75822 0.12729 0.63755
1403715553.662142992 -0.59896 -0.55836 0.34430 0.02952 -0.75562 0.09093 0.64800
1403715553.762142897 -0.60861 -0.40462 0.32329 0.01941 -0.76649 0.06262 0.63890
1403715553.862143040 -0.60238 -0.24792 0.30034 0.01807 -0.78786 0.03824 0.61441
1403715553.962142944 -0.58604 -0.09269 0.28043 0.02021 -0.80648 0.02153 0.59053
1403715554.062143087 -0.56582 0.05872 0.26115 0.01907 -0.82750 0.01766 0.56086
1403715554.162142992 -0.54709 0.20649 0.24204 0.01964 -0.84817 0.01681 0.52910
1403715554.262142897 -0.53953 0.34950 0.22662 0.02241 -0.86175 0.01594 0.50659
1403715554.362143040 -0.55188 0.49028 0.21156 -0.03657 0.86759 -0.00320 -0.49593
1403715554.462142944 -0.58061 0.62164 0.19353 0.07848 -0.85505 -0.03241 0.51154
1403715554.562143087 -0.62167 0.73392 0.16475 0.13702 -0.82589 -0.08189 0.54077
1403715554.662142992 -0.66308 0.81257 0.12359 0.18471 -0.79416 -0.12575 0.56514
1403715554.762142897 -0.69533 0.85336 0.07453 0.21215 -0.77116 -0.15228 0.58061
1403715554.862143040 -0.70927 0.84185 0.03171 0.22317 -0.75327 -0.16153 0.59724
1403715554.962142944 -0.70167 0.75501 0.01165 0.21255 -0.74492 -0.14922 0.61453
1403715555.062143087 -0.66801 0.60842 0.01468 0.16890 -0.76030 -0.09965 0.61926
1403715555.162142992 -0.61419 0.42295 0.03762 0.10660 -0.78961 -0.02548 0.60375
1403715555.262142897 -0.55212 0.22285 0.05982 0.04300 -0.81586 0.05573 0.57395
1403715555.362143040 -0.49379 0.02377 0.06936 -0.00482 -0.82797 0.11771 0.54826
1403715555.462142944 -0.44475 -0.15518 0.07893 -0.01713 -0.82556 0.13161 0.54848
1403715555.562143087 -0.40278 -0.30506 0.10266 -0.00681 -0.81904 0.11692 0.56166
1403715555.662142992 -0.36353 -0.43083 0.13655 0.00846 -0.81547 0.09969 0.57009
1403715555.762142897 -0.32443 -0.53991 0.17824 0.01693 -0.81890 0.09589 0.56561
1403715555.862143040 -0.28583 -0.63257 0.23057 0.01355 -0.82452 0.10963 0.55495
1403715555.962142944 -0.25177 -0.70608 0.29489 0.01236 -0.82791 0.11891 0.54797
1403715556.062143087 -0.22340 -0.76008 0.35493 0.00321 -0.83292 0.13674 0.53622
1403715556.262142897 -0.19998 -0.79992 0.45481 -0.00071 -0.82504 0.14753 0.54547
1403715556.362143040 -0.20244 -0.78326 0.50143 0.00666 -0.82033 0.14319 0.55363
1403715556.462142944 -0.21484 -0.74595 0.54109 0.01946 -0.81872 0.13287 0.55827
1403715556.562143087 -0.22970 -0.69450 0.56902 0.04469 -0.82061 0.10543 0.55989
1403715556.662142992 -0.24731 -0.63625 0.58246 0.06375 -0.82399 0.08554 0.55647
1403715556.812143087 -0.28221 -0.54301 0.57572 0.08432 -0.82937 0.06580 0.54836
1403715556.912142992 -0.31319 -0.48145 0.56534 0.09596 -0.82678 0.05405 0.55163
1403715557.062143087 -0.36440 -0.39805 0.54349 0.09941 -0.83307 0.05155 0.54172
1403715557.162142992 -0.40413 -0.34976 0.52749 0.09351 -0.84471 0.05881 0.52371
1403715557.312143087 -0.48618 -0.28361 0.50726 0.08640 -0.85733 0.06523 0.50325
1403715557.412142992 -0.55992 -0.24271 0.49570 0.08340 -0.85937 0.06606 0.50016
1403715557.512142897 -0.64898 -0.20310 0.48540 0.08401 -0.85115 0.06275 0.51433
1403715557.612143040 -0.74919 -0.16776 0.47418 0.08753 -0.83931 0.05494 0.53373
1403715557.762142897 -0.91316 -0.12102 0.45425 0.09103 -0.82548 0.04401 0.55529
1403715557.862143040 -1.02097 -0.09604 0.44503 0.08434 -0.82450 0.04555 0.55769
1403715558.012142897 -1.18844 -0.06880 0.45300 0.07270 -0.82547 0.04697 0.55777
1403715558.112143040 -1.30053 -0.05528 0.47370 0.06788 -0.82667 0.04514 0.55675
1403715558.312143087 -1.53459 -0.03689 0.53394 0.07307 -0.82778 0.02806 0.55557
1403715558.412142992 -1.65203 -0.03444 0.56344 0.07822 -0.81976 0.01914 0.56702
1403715558.512142897 -1.77043 -0.03942 0.58700 0.07314 -0.80651 0.02689 0.58606
1403715558.612143040 -1.88518 -0.04822 0.60020 0.06714 -0.79289 0.03642 0.60456
1403715558.762142897 -2.04201 -0.06251 0.59397 0.06573 -0.78678 0.04493 0.61208
1403715558.862143040 -2.13344 -0.07382 0.58535 0.07813 -0.78516 0.04715 0.61254
1403715559.112143040 -2.30796 -0.11562 0.57519 0.13053 -0.77732 0.05967 0.61252
1403715559.212142944 -2.35425 -0.14039 0.57729 0.15213 -0.77273 0.07397 0.61178
1403715559.312143087 -2.38630 -0.16924 0.57920 0.17649 -0.76697 0.08669 0.61081
1403715559.412142992 -2.40178 -0.20092 0.58010 0.20197 -0.76412 0.09824 0.60472
1403715559.512142897 -2.40311 -0.23529 0.57516 0.22304 -0.77088 0.10828 0.58675
1403715559.712142944 -2.38796 -0.31378 0.52878 0.24145 -0.78270 0.13672 0.55713
1403715559.812143087 -2.37353 -0.35862 0.49491 0.25700 -0.77937 0.14146 0.55364
1403715559.962142944 -2.34782 -0.43694 0.44495 0.28721 -0.77097 0.14951 0.54841
1403715560.062143087 -2.32435 -0.49916 0.41337 0.30979 -0.76363 0.15671 0.54437
1403715560.212142944 -2.28036 -0.60885 0.38191 0.33679 -0.75562 0.18003 0.53217
1403715560.312143087 -2.24744 -0.69406 0.37621 0.34869 -0.75187 0.20403 0.52103
1403715560.412142992 -2.21335 -0.78421 0.37919 0.36262 -0.74547 0.22497 0.51202
1403715560.512142897 -2.17956 -0.87795 0.38238 0.37973 -0.73758 0.24008 0.50412
1403715560.612143040 -2.14651 -0.97497 0.38448 -0.39712 0.72839 -0.25479 -0.49682
1403715560.712142944 -2.11164 -1.07664 0.38914 -0.41629 0.71710 -0.26933 -0.48983
1403715560.912142992 -2.04079 -1.28939 0.39759 -0.46374 0.68690 -0.28940 -0.47891
1403715561.012142897 -2.00124 -1.40127 0.40127 -0.48777 0.67021 -0.30214 -0.47076
1403715561.162142992 -1.93229 -1.57488 0.40492 -0.51796 0.64816 -0.32947 -0.45062
1403715561.262142897 -1.88356 -1.69305 0.40546 -0.52989 0.63821 -0.35087 -0.43451
1403715561.362143040 -1.83376 -1.81238 0.40594 -0.53344 0.63450 -0.37444 -0.41551
1403715561.512142897 -1.76848 -1.99343 0.40810 -0.54781 0.61791 -0.39479 -0.40279
1403715561.612143040 -1.73117 -2.11352 0.41317 -0.56308 0.59936 -0.39981 -0.40479
1403715561.712142944 -1.69459 -2.23222 0.41934 -0.57756 0.57832 -0.40576 -0.40905
1403715561.812143087 -1.65612 -2.34804 0.42477 0.58982 -0.55627 0.41717 0.41067
1403715561.962142944 -1.59245 -2.51148 0.43650 0.60598 -0.52166 0.44125 0.40737
1403715562.062143087 -1.54602 -2.60896 0.44536 0.61161 -0.49852 0.46104 0.40602
1403715562.312143087 -1.42533 -2.78961 0.47356 0.62643 -0.46061 0.47277 0.41463
1403715562.412142992 -1.37034 -2.83443 0.48052 0.64175 -0.45952 0.45526 0.41199
1403715562.512142897 -1.30718 -2.86566 0.48533 0.65868 -0.45822 0.43648 0.40701
1403715562.612143040 -1.23037 -2.88674 0.49260 0.67078 -0.44636 0.43110 0.40615
1403715562.712142944 -1.14078 -2.89989 0.49787 0.67571 -0.45074 0.44093 0.38188
1403715562.862143040 -0.98737 -2.90892 0.50593 0.67615 -0.46159 0.46116 0.34217
1403715562.962142944 -0.88093 -2.90868 0.51175 0.67970 -0.45884 0.47377 0.32094
1403715563.112143040 -0.72042 -2.90983 0.51931 0.68997 -0.43475 0.49267 0.30365
1403715563.212142944 -0.61297 -2.90936 0.52553 0.69808 -0.40579 0.50938 0.29758
1403715563.462142944 -0.35248 -2.88012 0.53829 0.72866 -0.31200 0.55348 0.25568
1403715563.562143087 -0.25683 -2.85338 0.53411 0.74305 -0.27180 0.56410 0.23621
1403715563.662142992 -0.16868 -2.81716 0.51672 0.75397 -0.23284 0.57379 0.21928
1403715563.762142897 -0.09132 -2.77071 0.48933 0.76081 -0.19560 0.58436 0.20355
1403715563.862143040 -0.02013 -2.71359 0.45242 0.76396 -0.16660 0.59841 0.17469
1403715563.962142944 0.04275 -2.64610 0.40485 0.76843 -0.14152 0.60880 0.13731
1403715564.062143087 0.09764 -2.57252 0.35006 0.77543 -0.11953 0.61320 0.09170
1403715564.212142944 0.16350 -2.45483 0.27205 0.78298 -0.07930 0.61620 0.03102
1403715564.312143087 0.19485 -2.37849 0.22781 0.78750 -0.04255 0.61484 0.00051
1403715564.512142897 0.21391 -2.23676 0.18144 0.80438 0.04836 0.58959 -0.05487
1403715564.612143040 0.21081 -2.17224 0.18210 0.80768 0.09658 0.57626 -0.07904
1403715564.762142897 0.20102 -2.08059 0.20784 0.80030 0.16758 0.56489 -0.11106
1403715564.862143040 0.19816 -2.01852 0.24242 0.78988 0.21154 0.56028 -0.13203
1403715564.962142944 0.19158 -1.95449 0.29056 0.77383 0.25149 0.56061 -0.15380
1403715565.062143087 0.18415 -1.88820 0.34859 0.75817 0.28890 0.55721 -0.17674
1403715565.162142992 0.16891 -1.81737 0.41014 0.74450 0.32169 0.54719 -0.20694
1403715565.262142897 0.14325 -1.74855 0.46392 0.73099 0.35121 0.53444 -0.23806
1403715565.362143040 0.11502 -1.68332 0.50612 0.71237 0.37574 0.52817 -0.26905
1403715565.462142944 0.08321 -1.62096 0.53723 0.69111 0.39773 0.52344 -0.30032
1403715565.562143087 0.04888 -1.56414 0.55902 0.66900 0.42346 0.51572 -0.32733
1403715565.712142944 -0.01232 -1.49572 0.59304 0.63445 0.46881 0.49328 -0.36656
1403715565.812143087 -0.05889 -1.46835 0.61945 0.60926 0.50614 0.47068 -0.38871
1403715566.012142897 -0.16530 -1.43997 0.68163 0.54443 0.58144 0.41553 -0.43915
1403715566.112143040 -0.22234 -1.44248 0.71234 0.50719 0.61576 0.38701 -0.46241
1403715566.212142944 -0.27482 -1.45128 0.74232 0.46781 0.64641 0.35971 -0.48365
1403715566.312143087 -0.32900 -1.47000 0.77385 -0.42781 -0.67331 -0.33062 0.50431
1403715566.412142992 -0.37819 -1.49687 0.79904 -0.38725 -0.69818 -0.30245 0.52067
1403715566.712142944 -0.50425 -1.61733 0.80775 -0.26798 -0.74696 -0.22392 0.56577
1403715566.812143087 -0.54093 -1.67281 0.79672 -0.22586 -0.76180 -0.19265 0.57579
1403715566.912142992 -0.57047 -1.73962 0.78973 -0.18090 -0.77304 -0.15650 0.58753
1403715567.012142897 -0.59427 -1.81210 0.78273 -0.13247 -0.78374 -0.11707 0.59540
1403715567.112143040 -0.61022 -1.89014 0.77492 -0.08393 -0.79372 -0.06867 0.59854
1403715567.212142944 -0.61891 -1.97321 0.76795 -0.03063 -0.80016 -0.02080 0.59865
1403715567.312143087 -0.62162 -2.05820 0.75967 0.02711 -0.80698 0.02470 0.58944
1403715567.462142944 -0.61466 -2.18344 0.73678 0.12289 -0.80698 0.08212 0.57179
1403715567.562143087 -0.61120 -2.26880 0.70373 0.18352 -0.79983 0.11659 0.55946
1403715567.712142944 -0.58345 -2.40211 0.64226 0.26462 -0.77663 0.17099 0.54551
1403715567.812143087 -0.56238 -2.49630 0.59628 0.31353 -0.75323 0.20923 0.53905
1403715567.962142944 -0.52121 -2.63746 0.52806 0.38640 -0.71487 0.25924 0.52197
1403715568.062143087 -0.48445 -2.73191 0.48719 0.43025 -0.68484 0.29019 0.51153
1403715568.212142944 -0.41610 -2.85949 0.42999 -0.48802 0.63684 -0.33750 -0.49230
1403715568.312143087 -0.35537 -2.93968 0.39510 -0.52260 0.60775 -0.36812 -0.47118
1403715568.462142944 -0.25943 -3.04141 0.34661 0.57068 -0.56094 0.40901 0.43862
1403715568.562143087 -0.18910 -3.09454 0.32308 0.60151 -0.52789 0.43272 0.41506
1403715568.762142897 -0.04341 -3.17786 0.28477 0.65874 -0.45757 0.47268 0.36504
1403715568.862143040 0.03389 -3.20191 0.27448 0.68482 -0.42226 0.48861 0.33760
1403715569.012142897 0.15122 -3.22444 0.25862 0.71984 -0.37563 0.50407 0.29436
1403715569.112143040 0.22417 -3.21508 0.25304 0.73923 -0.34473 0.51280 0.26784
1403715569.212142944 0.30337 -3.21601 0.24098 0.75375 -0.31754 0.52288 0.24005
1403715569.312143087 0.38020 -3.20611 0.23652 0.75858 -0.29084 0.53991 0.22014
1403715569.412142992 0.45682 -3.19961 0.23179 0.75813 -0.26520 0.55874 0.20668
1403715569.562143087 0.56278 -3.18204 0.22606 0.76303 -0.22649 0.57480 0.19001
1403715569.662142992 0.62617 -3.15711 0.22304 0.77096 -0.20010 0.57826 0.17663
1403715569.812143087 0.71114 -3.10486 0.21831 0.78540 -0.16028 0.58013 0.14455
1403715569.912142992 0.76418 -3.05968 0.21639 0.79116 -0.12969 0.58591 0.11812
1403715570.112143040 0.85813 -2.95152 0.21666 0.79484 -0.06084 0.59996 0.06762
1403715570.212142944 0.89407 -2.88836 0.21461 0.79564 -0.02458 0.60391 0.04054
1403715570.312143087 0.92149 -2.81996 0.21073 0.79446 0.01348 0.60705 0.01204
1403715570.412142992 0.93747 -2.74857 0.20537 0.79030 0.05398 0.61009 -0.01756
1403715570.512142897 0.94473 -2.67175 0.19877 0.78375 0.09439 0.61179 -0.05038
1403715570.712142944 0.91861 -2.51258 0.17752 0.77255 0.18014 0.59831 -0.11287
1403715570.812143087 0.89065 -2.43225 0.16575 0.76528 0.22399 0.58601 -0.14410
1403715570.912142992 0.85571 -2.34978 0.15467 0.75556 0.26582 0.57243 -0.17545
1403715571.012142897 0.81416 -2.26716 0.14101 0.74759 0.30331 0.55506 -0.20253
1403715571.112143040 0.76653 -2.18599 0.12600 0.74002 0.32796 0.54133 -0.22754
1403715571.212142944 0.71391 -2.10841 0.11228 0.72921 0.34032 0.53856 -0.24978
1403715571.312143087 0.66029 -2.03449 0.10186 0.71466 0.34783 0.54734 -0.26211
1403715571.412142992 0.60297 -1.96797 0.09233 0.70760 0.35217 0.55123 -0.26725
1403715571.512142897 0.53966 -1.90925 0.08147 0.71397 0.35764 0.54080 -0.26436
1403715571.612143040 0.46955 -1.85810 0.06671 0.73008 0.35435 0.51774 -0.27086
1403715571.712142944 0.40039 -1.81258 0.03942 0.75264 0.34017 0.48386 -0.28929
1403715571.812143087 0.33959 -1.76923 -0.00011 0.77692 0.32616 0.44479 -0.30360
1403715571.912142992 0.30288 -1.73703 -0.03945 0.79564 0.31787 0.41304 -0.30874
1403715572.162142992 0.34126 -1.65030 -0.12068 0.81172 0.34813 0.38783 -0.26365
1403715572.262142897 0.41030 -1.60486 -0.14318 0.78809 0.37957 0.41989 -0.24193
1403715572.362143040 0.48903 -1.53993 -0.16291 0.74768 0.41079 0.46618 -0.23431
1403715572.462142944 0.56637 -1.46363 -0.18358 0.70777 0.43338 0.50218 -0.24302
1403715572.562143087 0.63612 -1.38189 -0.20474 0.68201 0.44941 0.51353 -0.26303
1403715572.662142992 0.69089 -1.29453 -0.22892 0.66218 0.46730 0.51302 -0.28277
1403715572.762142897 0.73131 -1.20518 -0.25236 0.64666 0.48973 0.50299 -0.29832
1403715572.862143040 0.75876 -1.11437 -0.26675 0.63593 0.50938 0.48474 -0.31804
1403715572.962142944 0.77379 -1.02133 -0.26895 0.62259 0.52517 0.46850 -0.34217
1403715573.162142992 0.77840 -0.83854 -0.23715 0.58989 0.55657 0.43722 -0.38871
1403715573.262142897 0.77093 -0.75367 -0.21200 0.57323 0.57459 0.41875 -0.40732
1403715573.512142897 0.74346 -0.56695 -0.16135 0.53632 0.61832 0.35813 -0.44920
1403715573.612143040 0.73528 -0.50113 -0.14094 0.51953 0.63514 0.33591 -0.46244
1403715573.712142944 0.73106 -0.43210 -0.12024 0.49597 0.65843 0.32343 -0.46463
1403715573.812143087 0.72846 -0.36077 -0.10030 0.47119 0.68473 0.31064 -0.46111
1403715573.912142992 0.72392 -0.28730 -0.08195 0.44602 0.70991 0.29319 -0.45950
1403715574.012142897 0.71414 -0.20943 -0.06296 0.42007 0.73173 0.26969 -0.46409
1403715574.112143040 0.69778 -0.12565 -0.04333 0.39101 0.75224 0.24321 -0.47126
1403715574.412142992 0.61348 0.16166 0.02454 -0.26664 -0.78382 -0.21553 0.51777
1403715574.512142897 0.57465 0.25066 0.04277 -0.23383 -0.79047 -0.21823 0.52235
1403715574.612143040 0.53093 0.32837 0.05590 -0.21205 -0.79776 -0.21454 0.52210
1403715574.762142897 0.44780 0.43202 0.06850 -0.19000 -0.80779 -0.19976 0.52103
1403715574.862143040 0.37821 0.49769 0.07863 -0.19034 -0.80992 -0.17765 0.52559
1403715575.112143040 0.17975 0.62813 0.11704 -0.19327 -0.79551 -0.15714 0.55237
1403715575.212142944 0.09871 0.67306 0.13853 -0.18982 -0.78014 -0.16556 0.57266
1403715575.362143040 -0.01406 0.71866 0.16569 -0.19074 -0.77314 -0.17936 0.57767
1403715575.462142944 -0.08030 0.73475 0.18173 -0.19983 -0.78074 -0.17978 0.56408
1403715575.562143087 -0.14908 0.74521 0.20199 -0.19973 -0.78358 -0.19401 0.55541
1403715575.662142992 -0.21705 0.74419 0.22758 -0.19195 -0.78030 -0.21714 0.55420
1403715575.762142897 -0.28699 0.72934 0.25267 -0.18694 -0.77808 -0.23474 0.55186
1403715576.012142897 -0.48225 0.61849 0.30310 -0.21212 -0.77865 -0.21652 0.54939
1403715576.112143040 -0.56784 0.55120 0.32087 -0.22371 -0.77741 -0.20242 0.55192
1403715576.212142944 -0.65410 0.47588 0.33587 -0.23234 -0.77506 -0.19090 0.55575
1403715576.312143087 -0.74473 0.39710 0.35398 -0.23395 -0.77206 -0.18743 0.56042
1403715576.412142992 -0.82915 0.31345 0.37356 -0.22954 -0.76316 -0.19047 0.57325
1403715576.612143040 -0.97407 0.12542 0.42079 -0.22184 -0.74162 -0.20303 0.59964
1403715576.712142944 -1.03206 0.01465 0.44570 -0.22418 -0.73913 -0.21080 0.59916
1403715576.812143087 -1.08031 -0.10519 0.46876 -0.23471 -0.74353 -0.21405 0.58844
1403715576.912142992 -1.11985 -0.23608 0.49115 -0.24796 -0.75301 -0.21469 0.57043
1403715577.012142897 -1.15521 -0.37306 0.51465 -0.26238 -0.75739 -0.21299 0.55871
1403715577.212142944 -1.21811 -0.65939 0.55464 -0.30218 -0.74947 -0.20143 0.55354
1403715577.312143087 -1.24517 -0.79950 0.55280 -0.31311 -0.74520 -0.20362 0.55242
1403715577.412142992 -1.26886 -0.93610 0.52916 -0.31524 -0.74396 -0.21240 0.54958
1403715577.512142897 -1.28805 -1.07432 0.49936 -0.31620 -0.74361 -0.21853 0.54709
1403715577.612143040 -1.30388 -1.21266 0.47451 -0.31744 -0.74360 -0.22110 0.54535
1403715577.712142944 -1.31389 -1.34868 0.46316 -0.31997 -0.74368 -0.21897 0.54463
1403715577.812143087 -1.31817 -1.48245 0.46263 -0.32693 -0.74090 -0.21123 0.54733
1403715578.112143040 -1.29624 -1.86044 0.39537 -0.38599 -0.72490 -0.19246 0.53712
1403715578.212142944 -1.27063 -1.96458 0.34585 -0.42141 -0.71737 -0.18137 0.52431
1403715578.312143087 -1.23591 -2.05063 0.29652 -0.44454 -0.70633 -0.19832 0.51395
1403715578.412142992 -1.19081 -2.12299 0.24913 -0.46313 -0.69482 -0.22592 0.50169
1403715578.512142897 -1.13925 -2.18806 0.20149 0.48113 0.68898 0.25383 -0.47895
1403715578.612143040 -1.08213 -2.24360 0.15158 0.49844 0.69528 0.27337 -0.43978
1403715578.712142944 -1.02989 -2.28469 0.10048 0.51504 0.70442 0.27969 -0.40038
1403715578.862143040 -0.96655 -2.30665 0.03032 0.53246 0.70571 0.28331 -0.37175
1403715578.962142944 -0.94153 -2.28873 -0.00885 0.52769 0.70171 0.30125 -0.37202
1403715579.162142992 -0.93408 -2.19382 -0.05564 0.48248 0.69576 0.37106 -0.38138
1403715579.262142897 -0.95785 -2.14060 -0.06396 0.45727 0.69062 0.40380 -0.38845
1403715579.412142992 -1.03498 -2.06370 -0.07457 0.45105 0.68509 0.41395 -0.39478
1403715579.512142897 -1.11372 -2.02052 -0.08305 0.46065 0.68362 0.40329 -0.39726
1403715579.712142944 -1.32311 -1.93799 -0.09512 0.47528 0.67595 0.38087 -0.41490
1403715579.812143087 -1.44861 -1.89450 -0.09056 0.47275 0.67218 0.37974 -0.42483
1403715579.962142944 -1.65462 -1.83596 -0.06635 0.47330 0.66591 0.38326 -0.43089
1403715580.062143087 -1.80061 -1.80060 -0.05003 0.48703 0.65324 0.38328 -0.43494
1403715580.162142992 -1.95060 -1.77087 -0.04540 0.50563 0.63678 0.38748 -0.43440
1403715580.262142897 -2.10263 -1.74493 -0.05259 0.52660 0.61843 0.39481 -0.42937
1403715580.362143040 -2.25460 -1.72378 -0.06324 0.55116 0.59496 0.40019 -0.42672
1403715580.462142944 -2.40537 -1.70805 -0.07147 0.57710 0.56954 0.40419 -0.42333
1403715580.562143087 -2.55306 -1.69763 -0.07941 0.60051 0.54744 0.40453 -0.41959
1403715580.812143087 -2.88304 -1.67772 -0.09803 0.65032 0.50719 0.37765 -0.42098
1403715580.912142992 -2.98853 -1.66909 -0.10286 0.66812 0.49206 0.35855 -0.42770
1403715581.012142897 -3.07213 -1.66465 -0.11094 0.68058 0.48545 0.34406 -0.42751
1403715581.112143040 -3.12642 -1.65339 -0.11019 0.68620 0.49247 0.33902 -0.41432
1403715581.212142944 -3.15586 -1.63456 -0.10412 0.68262 0.50195 0.35008 -0.39941
1403715581.412142992 -3.15515 -1.57029 -0.08702 0.66218 0.51247 0.36929 -0.40313
1403715581.512142897 -3.13643 -1.52835 -0.08097 0.64054 0.53249 0.38016 -0.40205
1403715581.612143040 -3.10897 -1.48007 -0.08260 0.61021 0.55994 0.39318 -0.39939
1403715581.712142944 -3.07849 -1.43017 -0.09592 0.57896 0.58855 0.39865 -0.39936
1403715581.812143087 -3.05082 -1.37781 -0.11286 0.54454 0.61905 0.40025 -0.40006
1403715581.962142944 -3.02683 -1.29938 -0.12159 0.50516 0.65190 0.38127 -0.41770
1403715582.062143087 -3.02265 -1.24918 -0.11220 0.48259 0.65785 0.36668 -0.44708
1403715582.212142944 -3.02614 -1.18301 -0.09132 0.44987 0.66002 0.35607 -0.48499
1403715582.312143087 -3.02981 -1.14882 -0.09288 0.44082 0.66883 0.34675 -0.48796
1403715582.462142944 -3.03637 -1.10828 -0.11105 0.44102 0.68674 0.33193 -0.47299
1403715582.562143087 -3.04552 -1.08633 -0.11742 0.44567 0.69568 0.32377 -0.46106
1403715582.712142944 -3.06918 -1.05592 -0.10581 0.45445 0.70098 0.31807 -0.44827
1403715582.812143087 -3.09254 -1.03193 -0.09734 0.46201 0.70158 0.31671 -0.44049
1403715582.912142992 -3.12172 -1.00186 -0.10150 0.47152 0.70418 0.31342 -0.42845
1403715583.012142897 -3.15646 -0.96565 -0.11810 0.48087 0.70650 0.30962 -0.41683
1403715583.112143040 -3.20009 -0.91863 -0.14462 0.48673 0.70420 0.31008 -0.41358
1403715583.262142897 -3.27804 -0.82780 -0.17971 0.48097 0.67836 0.32946 -0.44716
1403715583.362143040 -3.33389 -0.76321 -0.20176 0.47542 0.65663 0.34038 -0.47640
1403715583.512142897 -3.41711 -0.67344 -0.23915 -0.46458 -0.62953 -0.35345 0.51277
1403715583.612143040 -3.46386 -0.62816 -0.26217 -0.45154 -0.61044 -0.36600 0.53808
1403715583.762142897 -3.51381 -0.59723 -0.29559 -0.42084 -0.57788 -0.39559 0.57660
1403715583.862143040 -3.53110 -0.61530 -0.31364 -0.40620 -0.56327 -0.40679 0.59350
1403715584.012142897 -3.52021 -0.72351 -0.31000 -0.41259 -0.56235 -0.39280 0.59937
1403715584.112143040 -3.48949 -0.84261 -0.28524 -0.43118 -0.57471 -0.36886 0.58969
1403715584.212142944 -3.43891 -0.99110 -0.24609 -0.45544 -0.59659 -0.33899 0.56722
1403715584.362143040 -3.32882 -1.24131 -0.18049 -0.48771 -0.63751 -0.29577 0.51792
1403715584.462142944 -3.24103 -1.40998 -0.15660 0.49715 0.65655 0.28196 -0.49222
1403715584.612143040 -3.09660 -1.64715 -0.14045 0.50119 0.67135 0.27568 -0.47127
1403715584.712142944 -2.99606 -1.78885 -0.12873 0.49507 0.68357 0.28433 -0.45475
1403715584.812143087 -2.89648 -1.91636 -0.11394 0.48885 0.69357 0.29509 -0.43921
1403715584.912142992 -2.80140 -2.03282 -0.09658 0.48602 0.70051 0.30197 -0.42647
1403715585.012142897 -2.71011 -2.13579 -0.08063 0.48360 0.71239 0.30549 -0.40658
1403715585.112143040 -2.63156 -2.22646 -0.06605 0.49100 0.71982 0.29669 -0.39083
1403715585.212142944 -2.56986 -2.29975 -0.05011 0.49746 0.72299 0.28926 -0.38229
1403715585.412142992 -2.48866 -2.37945 -0.00730 0.48581 0.71353 0.30437 -0.40277
1403715585.512142897 -2.46621 -2.39863 0.01382 0.47702 0.70863 0.31374 -0.41456
1403715585.612143040 -2.45016 -2.40998 0.03357 0.46731 0.70373 0.32358 -0.42625
1403715585.712142944 -2.44523 -2.41366 0.04754 0.46259 0.70225 0.32718 -0.43105
1403715585.812143087 -2.44953 -2.41099 0.04761 0.46373 0.70111 0.32402 -0.43406
1403715585.962142944 -2.47049 -2.39973 0.00852 0.47919 0.69261 0.30273 -0.44613
1403715586.062143087 -2.49019 -2.38268 -0.02184 0.49398 0.67915 0.28397 -0.46271
1403715586.212142944 -2.50580 -2.34217 -0.03792 0.48664 0.65741 0.29831 -0.49195
1403715586.312143087 -2.50686 -2.31270 -0.03524 0.46975 0.65688 0.32367 -0.49303
1403715586.412142992 -2.50492 -2.28620 -0.03400 0.45147 0.65851 0.34955 -0.49026
1403715586.512142897 -2.50386 -2.26775 -0.03392 0.43952 0.65740 0.36481 -0.49149
1403715586.612143040 -2.50360 -2.26107 -0.03498 0.43576 0.65537 0.36933 -0.49416
1403715586.762142897 -2.50869 -2.27169 -0.03522 0.44627 0.65827 0.35725 -0.48979
1403715586.862143040 -2.51106 -2.29133 -0.03678 0.46273 0.66446 0.33715 -0.48031
1403715587.062143087 -2.52071 -2.33628 -0.03240 0.48019 0.67150 0.31937 -0.46531
1403715587.162142992 -2.52613 -2.35459 -0.02289 0.47695 0.66912 0.32554 -0.46779
1403715587.312143087 -2.53539 -2.38062 -0.00088 0.46346 0.66444 0.33966 -0.47787
1403715587.412142992 -2.54323 -2.40295 0.01415 0.46335 0.66023 0.33341 -0.48810
1403715587.512142897 -2.54797 -2.42782 0.02902 0.47041 0.65564 0.32170 -0.49534
1403715587.612143040 -2.54548 -2.45542 0.04449 0.48577 0.64718 0.31021 -0.49895
1403715587.712142944 -2.53375 -2.48289 0.06018 0.50563 0.63827 0.30472 -0.49406
1403715587.862143040 -2.49231 -2.52240 0.08459 0.53789 0.61694 0.31782 -0.47860
1403715587.962142944 -2.45010 -2.54556 0.10382 0.55582 0.59769 0.34459 -0.46378
1403715588.162142992 -2.34036 -2.59629 0.13372 0.58374 0.54894 0.41088 -0.43484
1403715588.262142897 -2.28010 -2.62947 0.12219 0.59947 0.52120 0.43805 -0.42084
1403715588.462142944 -2.15976 -2.72136 0.05392 0.63622 0.46868 0.47374 -0.38877
1403715588.562143087 -2.10083 -2.78088 0.01793 0.65440 0.44559 0.48561 -0.37067
1403715588.662142992 -2.04334 -2.84696 -0.01833 0.67528 0.42534 0.49042 -0.35010
1403715588.762142897 -1.98519 -2.92104 -0.05444 0.69788 0.40944 0.49011 -0.32421
1403715588.862143040 -1.92755 -2.99812 -0.09244 0.72245 0.39762 0.48521 -0.29075
1403715589.062143087 -1.80450 -3.14589 -0.16531 0.76964 0.37254 0.46755 -0.22421
1403715589.162142992 -1.73558 -3.20116 -0.18967 0.78460 0.35494 0.46605 -0.20305
1403715589.312143087 -1.61315 -3.25480 -0.19873 0.80066 0.32925 0.46713 -0.17980
1403715589.412142992 -1.51993 -3.26554 -0.19077 0.81347 0.31232 0.46234 -0.16419
1403715589.562143087 -1.35645 -3.25812 -0.17257 0.82912 0.28897 0.45656 -0.14354
1403715589.662142992 -1.22938 -3.22900 -0.15082 0.83419 0.27921 0.45595 -0.13518
1403715589.762142897 -1.08668 -3.18014 -0.11059 0.82757 0.27253 0.47193 -0.13466
1403715589.862143040 -0.93385 -3.11322 -0.05047 0.80512 0.26558 0.51040 -0.14402
1403715589.962142944 -0.77739 -3.03799 0.00994 0.78709 0.25791 0.53796 -0.15675
1403715590.212142944 -0.39888 -2.83730 0.13311 0.77414 0.26206 0.55237 -0.16404
1403715590.312143087 -0.25740 -2.75334 0.17552 0.77264 0.27664 0.54814 -0.16137
1403715590.412142992 -0.12344 -2.66451 0.21622 0.76582 0.30116 0.54588 -0.15760
1403715590.512142897 0.00376 -2.56652 0.25782 0.75470 0.33023 0.54362 -0.16082
1403715590.612143040 0.11807 -2.45657 0.29582 0.74272 0.36251 0.53721 -0.16841
1403715590.812143087 0.31576 -2.20660 0.36600 0.72835 0.40524 0.50330 -0.22799
1403715590.912142992 0.40694 -2.07035 0.40482 0.71019 0.42688 0.49488 -0.26171
1403715591.012142897 0.48703 -1.93193 0.44408 0.69036 0.45561 0.48325 -0.28686
1403715591.112143040 0.56024 -1.79154 0.47703 0.66971 0.48837 0.46731 -0.30758
1403715591.212142944 0.62444 -1.65122 0.50849 0.64354 0.52629 0.45315 -0.32177
1403715591.412142992 0.73107 -1.35779 0.56359 0.58182 0.59806 0.42739 -0.34806
1403715591.512142897 0.76109 -1.21270 0.58494 0.55327 0.62677 0.40966 -0.36502
1403715591.662142992 0.79170 -0.98205 0.59688 0.51520 0.66170 0.37543 -0.39469
1403715591.762142897 0.79815 -0.82704 0.59574 0.48538 0.68113 0.36166 -0.41191
1403715591.862143040 0.79499 -0.67555 0.58105 0.45716 0.69913 0.34778 -0.42576
1403715591.962142944 0.78309 -0.51727 0.55407 0.42668 0.71721 0.33634 -0.43638
1403715592.062143087 0.76051 -0.35302 0.52041 0.39242 0.73646 0.32835 -0.44251
1403715592.362143040 0.58160 0.03389 0.42687 0.27786 0.77253 0.29384 -0.48954
1403715592.462142944 0.48792 0.13589 0.41963 0.24008 0.78483 0.27744 -0.49943
1403715592.562143087 0.38137 0.21523 0.41855 -0.20112 -0.79456 -0.26199 0.50950
1403715592.662142992 0.26291 0.27699 0.41625 -0.16146 -0.80255 -0.24692 0.51853
1403715592.762142897 0.13121 0.31715 0.41359 -0.12394 -0.81002 -0.22596 0.52673
1403715592.862143040 -0.00684 0.33158 0.40890 -0.10328 -0.81684 -0.18251 0.53740
1403715592.962142944 -0.15408 0.33393 0.40277 -0.09108 -0.82218 -0.12708 0.54733
1403715593.162142992 -0.45181 0.30708 0.39415 -0.04487 -0.82301 -0.03549 0.56514
1403715593.262142897 -0.59576 0.28821 0.38987 -0.00925 -0.82101 -0.00730 0.57079
1403715593.512142897 -0.95174 0.23768 0.37853 0.10024 -0.81485 0.01676 0.57069
1403715593.612143040 -1.08676 0.20354 0.37616 0.13791 -0.80624 0.03318 0.57433
1403715593.712142944 -1.21535 0.15941 0.37603 0.16954 -0.79147 0.05667 0.58448
1403715593.812143087 -1.33409 0.10493 0.37627 0.20080 -0.77716 0.08143 0.59082
1403715593.912142992 -1.43922 0.04272 0.37424 0.23608 -0.76650 0.10436 0.58810
1403715594.012142897 -1.53334 -0.02963 0.36974 0.27264 -0.75980 0.12788 0.57621
1403715594.112143040 -1.61345 -0.10761 0.36567 0.30531 -0.75506 0.15405 0.55941
1403715594.412142992 -1.81332 -0.38034 0.36034 0.39447 -0.72105 0.21871 0.52597
1403715594.512142897 -1.86894 -0.48623 0.36035 0.42880 -0.70187 0.23344 0.51866
1403715594.612143040 -1.91010 -0.59747 0.35822 0.46428 -0.68088 0.24872 0.50891
1403715594.712142944 -1.93466 -0.71430 0.35612 -0.49910 0.66537 -0.26462 -0.48802
1403715594.812143087 -1.95130 -0.84164 0.34964 -0.52686 0.65792 -0.28927 -0.45375
1403715595.062143087 -1.95106 -1.18842 0.33615 -0.59048 0.61743 -0.34617 -0.38766
1403715595.162142992 -1.94311 -1.34455 0.33293 0.61032 -0.59503 0.37166 0.36785
1403715595.262142897 -1.93006 -1.50278 0.33160 0.62918 -0.56825 0.39722 0.35134
1403715595.362143040 -1.91805 -1.67021 0.32730 0.64685 -0.53685 0.42326 0.33799
1403715595.462142944 -1.90545 -1.84247 0.32009 0.66267 -0.50442 0.44946 0.32313
1403715595.662142992 -1.88232 -2.19304 0.30722 0.69872 -0.41333 0.48813 0.32043
1403715595.762142897 -1.86525 -2.35623 0.30446 0.71252 -0.35518 0.50532 0.33288
1403715595.912142992 -1.82736 -2.56390 0.30567 0.71924 -0.27656 0.53541 0.34576
1403715596.012142897 -1.79353 -2.66538 0.31488 0.70807 -0.23896 0.56846 0.34408
1403715596.112143040 -1.76194 -2.72674 0.33123 0.69052 -0.21747 0.60654 0.32863
1403715596.212142944 -1.73724 -2.75553 0.35244 0.69179 -0.20951 0.61640 0.31239
1403715596.312143087 -1.72414 -2.75342 0.37845 0.72330 -0.21736 0.58874 0.28806
1403715596.462142944 -1.70926 -2.69807 0.41894 0.78017 -0.23730 0.52956 0.23364
1403715596.562143087 -1.69178 -2.64495 0.44880 0.80738 -0.24340 0.49955 0.19836
1403715596.712142944 -1.64466 -2.55605 0.49541 0.83660 -0.23764 0.46829 0.15596
1403715596.812143087 -1.59278 -2.50118 0.52697 0.85019 -0.22620 0.45612 0.13402
1403715597.112143040 -1.30893 -2.40925 0.60796 0.87076 -0.20140 0.43833 0.09527
1403715597.212142944 -1.16545 -2.40638 0.63455 0.85945 -0.19533 0.46367 0.09057
1403715597.312143087 -1.00256 -2.41406 0.66254 0.84163 -0.18747 0.49954 0.08359
1403715597.412142992 -0.82840 -2.43168 0.68765 0.82421 -0.17587 0.53329 0.07322
1403715597.512142897 -0.65253 -2.45807 0.71128 0.80762 -0.15377 0.56524 0.06789
1403715597.612143040 -0.48222 -2.48455 0.73201 0.80093 -0.12773 0.58194 0.05954
1403715597.712142944 -0.31975 -2.51408 0.74812 0.80288 -0.10134 0.58552 0.04768
1403715597.812143087 -0.16110 -2.54508 0.75836 0.80694 -0.08036 0.58407 0.03542
1403715597.912142992 -0.00868 -2.57735 0.76886 0.80543 -0.06396 0.58855 0.02819
1403715598.062143087 0.20491 -2.63069 0.78664 0.79738 -0.04885 0.60101 0.02428
1403715598.162142992 0.34138 -2.66579 0.79405 0.79381 -0.04081 0.60611 0.02861
1403715598.262142897 0.46765 -2.70009 0.79213 0.78371 -0.03855 0.61924 0.02931
1403715598.362143040 0.58170 -2.73182 0.77890 0.76902 -0.03915 0.63735 0.02941
1403715598.612143040 0.76822 -2.80032 0.74107 0.73249 -0.04957 0.67858 0.02303
1403715598.712142944 0.80062 -2.82535 0.72161 0.74583 -0.05109 0.66360 0.02761
1403715598.812143087 0.80494 -2.84751 0.69653 0.76889 -0.05198 0.63647 0.03179
1403715598.912142992 0.79391 -2.86754 0.66818 0.78675 -0.05166 0.61405 0.03600
1403715599.012142897 0.78057 -2.88618 0.63613 0.79673 -0.05063 0.60090 0.03975
1403715599.112143040 0.76270 -2.90191 0.60250 0.79926 -0.04960 0.59746 0.04210
1403715599.212142944 0.73636 -2.91430 0.56511 0.80221 -0.05252 0.59350 0.03812
1403715599.462142944 0.66222 -2.94391 0.45296 0.80890 -0.07441 0.58318 0.00710
1403715599.562143087 0.62999 -2.96249 0.40746 0.80682 -0.08190 0.58508 -0.00379
1403715599.662142992 0.59285 -2.99002 0.36357 0.80125 -0.08730 0.59182 -0.01166
1403715599.762142897 0.54989 -3.02629 0.32260 0.79523 -0.08524 0.60024 -0.00740
1403715599.862143040 0.49831 -3.06976 0.28296 0.79328 -0.07660 0.60397 0.00730
1403715600.012142897 0.40672 -3.14320 0.22164 0.80508 -0.06285 0.58904 0.03059
1403715600.112143040 0.34459 -3.19169 0.18059 0.81133 -0.04624 0.58080 0.04765
1403715600.262142897 0.25072 -3.24835 0.11932 0.81621 -0.00075 0.57346 0.07028
1403715600.362143040 0.19169 -3.26769 0.07768 0.81786 0.03123 0.57062 0.06722
1403715600.462142944 0.13848 -3.27017 0.03568 0.82220 0.05850 0.56435 0.04541
1403715600.562143087 0.08580 -3.25636 -0.00651 0.83152 0.07663 0.55016 0.00432
1403715600.762142897 -0.00158 -3.19797 -0.06702 0.83282 0.12921 0.53438 -0.06444
1403715600.862143040 -0.03345 -3.15570 -0.07488 0.82507 0.16248 0.53390 -0.08840
1403715600.962142944 -0.06051 -3.11036 -0.07131 0.81612 0.19277 0.53376 -0.10901
1403715601.062143087 -0.08501 -3.05972 -0.05453 0.80618 0.21610 0.53645 -0.12488
1403715601.262142897 -0.12238 -2.94710 0.01705 0.79309 0.24419 0.54176 -0.13371
1403715601.362143040 -0.13816 -2.88482 0.06418 0.78839 0.25419 0.54448 -0.13176
1403715601.462142944 -0.15326 -2.81517 0.10756 0.78662 0.25677 0.54488 -0.13563
1403715601.562143087 -0.17017 -2.73870 0.14629 0.78638 0.25512 0.54473 -0.14067
1403715601.662142992 -0.18823 -2.65704 0.18092 0.78743 0.25155 0.54356 -0.14565
1403715601.812143087 -0.21414 -2.52641 0.23180 0.78294 0.24664 0.55046 -0.15221
1403715601.912142992 -0.22890 -2.43688 0.26224 0.77911 0.23947 0.55889 -0.15257
1403715602.012142897 -0.24563 -2.34671 0.29190 0.76896 0.22474 0.57906 -0.15124
1403715602.112143040 -0.26815 -2.25834 0.31823 0.75894 0.20583 0.59982 -0.14786
1403715602.212142944 -0.30020 -2.17407 0.33857 0.75972 0.18368 0.60757 -0.14123
1403715602.462142944 -0.42839 -1.99766 0.37309 0.79413 0.13198 0.58470 -0.10033
1403715602.562143087 -0.48923 -1.93712 0.38262 0.80703 0.11237 0.57409 -0.08067
1403715602.662142992 -0.55254 -1.88058 0.38764 0.81160 0.09467 0.57371 -0.05663
1403715602.762142897 -0.61528 -1.82362 0.38027 0.81483 0.07428 0.57389 -0.03438
1403715602.862143040 -0.67972 -1.76163 0.35928 0.81865 0.05138 0.57175 -0.01641
1403715603.112143040 -0.83347 -1.58892 0.26332 0.82169 -0.00499 0.56946 0.02280
1403715603.212142944 -0.89505 -1.51152 0.21868 0.82241 -0.02752 0.56693 0.03836
1403715603.312143087 -0.95202 -1.43361 0.17490 0.82627 -0.04722 0.55888 0.05208
1403715603.412142992 -1.00255 -1.35161 0.13194 0.82822 -0.06383 0.55359 0.05930
1403715603.512142897 -1.04485 -1.26861 0.09387 0.82607 -0.07991 0.55492 0.05741
1403715603.662142992 -1.10166 -1.14654 0.04564 0.82314 -0.10447 0.55644 0.04355
1403715603.762142897 -1.13332 -1.07179 0.01724 0.81838 -0.11802 0.56141 0.03375
1403715603.912142992 -1.17657 -0.97947 -0.00421 0.82136 -0.13157 0.55470 0.01918
1403715604.012142897 -1.20073 -0.93539 -0.00674 0.83244 -0.13314 0.53765 0.01583
1403715604.162142992 -1.22232 -0.89067 -0.00648 0.83757 -0.11518 0.53252 0.04041
1403715604.262142897 -1.22604 -0.86952 -0.00763 0.83367 -0.10619 0.53930 0.05351
1403715604.412142992 -1.22463 -0.84011 -0.01764 0.83200 -0.10195 0.54199 0.06031
1403715604.512142897 -1.21611 -0.82284 -0.02585 0.82985 -0.10131 0.54522 0.06178
1403715604.612143040 -1.20168 -0.80595 -0.03394 0.82240 -0.09998 0.55643 0.06363
1403715604.712142944 -1.18347 -0.78987 -0.04286 0.81716 -0.09817 0.56403 0.06702
1403715604.812143087 -1.16449 -0.77294 -0.05219 0.81605 -0.09702 0.56562 0.06875
1403715604.912142992 -1.14557 -0.75505 -0.06008 0.81616 -0.09626 0.56551 0.06935
1403715605.012142897 -1.12694 -0.73519 -0.06647 0.81922 -0.09582 0.56119 0.06907
1403715605.112143040 -1.10505 -0.71534 -0.07047 0.81931 -0.09547 0.56121 0.06828
1403715605.212142944 -1.08151 -0.69469 -0.07158 0.81734 -0.09359 0.56444 0.06782
1403715605.312143087 -1.05504 -0.67388 -0.06840 0.81545 -0.09454 0.56760 0.06276
1403715605.412142992 -1.02846 -0.65419 -0.06586 0.81319 -0.09735 0.57119 0.05462
1403715605.512142897 -1.00211 -0.63659 -0.07371 0.81413 -0.09899 0.57014 0.04835
1403715605.612143040 -0.97592 -0.62006 -0.09167 0.81657 -0.10065 0.56678 0.04292
1403715605.712142944 -0.95063 -0.60579 -0.11416 0.81675 -0.09659 0.56695 0.04645
1403715605.812143087 -0.92357 -0.59632 -0.13300 0.81585 -0.09031 0.56858 0.05440
1403715605.912142992 -0.89679 -0.58689 -0.15017 0.81508 -0.08669 0.56988 0.05805
1403715606.012142897 -0.86827 -0.57703 -0.16650 0.81362 -0.08401 0.57213 0.06023
1403715606.112143040 -0.84089 -0.56561 -0.19013 0.81295 -0.08151 0.57337 0.06095
1403715606.212142944 -0.81361 -0.55207 -0.21824 0.81333 -0.08102 0.57311 0.05894
1403715606.312143087 -0.78870 -0.53603 -0.24216 0.81305 -0.08400 0.57384 0.05105
1403715606.412142992 -0.76445 -0.52255 -0.25877 0.81335 -0.08613 0.57364 0.04456
1403715606.512142897 -0.73939 -0.51274 -0.26180 0.81171 -0.08603 0.57623 0.04100
