1403715557362142976 0.02526 0.02433 0.01378 -0.13659 0.81518 0.23108 0.51326
1403715557462142976 0.09527 0.05856 0.01347 -0.13290 0.81622 0.22436 0.51555
1403715557562142976 0.15859 0.06653 0.03136 -0.12973 0.80569 0.22321 0.53312
1403715557662142976 0.18243 0.11479 0.05145 -0.11611 0.79330 0.21871 0.55620
1403715557762142976 0.23042 0.15676 0.07021 -0.10679 0.78616 0.21490 0.56953
1403715557862142976 0.24400 0.20900 0.09828 -0.10563 0.78550 0.20360 0.57479
1403715557962142976 0.25475 0.26849 0.13865 -0.10418 0.78752 0.19159 0.57641
1403715558062142976 0.30029 0.33831 0.18537 -0.10353 0.78918 0.18414 0.57669
1403715558162142976 0.34456 0.41616 0.24333 -0.09960 0.79289 0.17770 0.57430
1403715558262142976 0.41205 0.50372 0.30637 -0.08741 0.79520 0.17686 0.57336
1403715558362142976 0.57671 0.56580 0.35158 -0.07622 0.79109 0.18163 0.57912
1403715558462142976 0.70342 0.64621 0.39815 -0.07637 0.78125 0.17763 0.59352
1403715558562142976 0.84662 0.75421 0.43201 -0.08658 0.76865 0.16700 0.61139
1403715558662142976 1.01383 0.85517 0.44467 -0.09666 0.76112 0.15905 0.62133
1403715558762142976 1.06122 1.00629 0.45774 -0.10051 0.75930 0.15774 0.62328
1403715558862142976 1.32785 1.06805 0.40241 -0.10589 0.75793 0.16957 0.62095
1403715558962142976 1.47633 1.18755 0.37580 -0.10970 0.75454 0.18785 0.61915
1403715559062142976 1.48387 1.27786 0.40250 -0.11523 0.74810 0.20594 0.62020
1403715559162142976 1.53805 1.39995 0.40007 -0.13027 0.74308 0.22265 0.61748
1403715559262142976 1.58768 1.49370 0.39780 -0.14574 0.73535 0.24254 0.61579
1403715559362142976 1.55777 1.56887 0.40240 -0.15882 0.72729 0.26472 0.61299
1403715559462142976 1.53438 1.63875 0.41096 -0.17146 0.72469 0.28748 0.60232
1403715559562142976 1.38806 1.62630 0.41289 -0.19019 0.73218 0.30239 0.57991
1403715559662142976 1.30092 1.63619 0.39840 -0.21866 0.73195 0.31710 0.56203
1403715559762142976 1.19602 1.58922 0.37141 -0.24066 0.72091 0.34262 0.55225
1403715559862142976 1.14445 1.60752 0.33887 -0.24893 0.71419 0.35888 0.54696
1403715559962142976 1.09764 1.62075 0.29672 -0.26155 0.70017 0.38542 0.54111
1403715560062142976 1.04022 1.68053 0.27013 -0.26589 0.69091 0.40368 0.53758
1403715560162142976 0.98646 1.75019 0.24248 -0.27534 0.68251 0.42101 0.53021
1403715560262142976 0.92041 1.82146 0.22838 -0.29685 0.67733 0.43113 0.51694
1403715560362142976 0.83484 1.89299 0.23034 -0.31900 0.66949 0.44410 0.50279
1403715560462142976 0.73840 1.97459 0.23503 -0.33306 0.66074 0.45678 0.49380
1403715560562142976 0.64218 2.05066 0.24384 -0.34488 0.65201 0.46802 0.48671
1403715560662142976 0.54292 2.13037 0.25343 -0.35471 0.64119 0.48196 0.48038
1403715560762142976 0.43806 2.21620 0.26638 -0.36600 0.62682 0.49926 0.47316
1403715560862142976 0.33290 2.29585 0.27932 -0.37156 0.61081 0.51783 0.46979
1403715560962142976 0.23115 2.38154 0.29420 -0.37845 0.59394 0.53817 0.46302
1403715561062142976 0.12470 2.46664 0.31057 -0.39022 0.57698 0.55711 0.45216
1403715561162142976 0.00641 2.55038 0.32486 -0.40540 0.56295 0.57226 0.43734
1403715561262142976 -0.12086 2.63239 0.33802 -0.42231 0.55422 0.58072 0.42102
1403715561362142976 -0.21404 2.72039 0.35749 -0.44346 0.55154 0.58387 0.39780
1403715561462142976 -0.33105 2.80570 0.37441 -0.45656 0.54526 0.58840 0.38475
1403715561562142976 -0.43963 2.89266 0.39691 -0.46124 0.53001 0.59853 0.38487
1403715561662142976 -0.53494 2.97919 0.42290 -0.46199 0.51157 0.61137 0.38869
1403715561762142976 -0.61660 3.06142 0.44874 -0.47013 0.49125 0.62060 0.39052
1403715561862142976 -0.71350 3.14202 0.47506 -0.48157 0.47181 0.62831 0.38823
1403715561962142976 -0.81377 3.21691 0.50248 -0.49685 0.45044 0.63448 0.38429
1403715562062142976 -0.88740 3.28256 0.52427 0.51472 -0.43003 -0.63760 -0.37895
1403715562162142976 -0.97410 3.34073 0.54495 0.52606 -0.41441 -0.63758 -0.38081
1403715562262142976 -1.07427 3.38340 0.56961 0.52585 -0.40475 -0.64085 -0.38598
1403715562362142976 -1.16563 3.42445 0.58722 0.51191 -0.40421 -0.65087 -0.38850
1403715562462142976 -1.28094 3.44735 0.60428 -0.48935 0.40861 0.66581 0.38765
1403715562562142976 -1.34618 3.50221 0.59670 -0.47184 0.40735 0.67966 0.38664
1403715562662142976 -1.42194 3.53468 0.58807 -0.46926 0.40684 0.68681 0.37758
1403715562762142976 -1.54251 3.53572 0.59354 -0.47956 0.42021 0.68655 0.34942
1403715562862142976 -1.63325 3.54246 0.58560 -0.48770 0.43141 0.68578 0.32519
1403715562962142976 -1.76610 3.52960 0.59337 -0.49734 0.43252 0.68712 0.30570
1403715563062142976 -1.90388 3.51389 0.60334 0.50743 -0.42407 -0.69062 -0.29277
1403715563162142976 -2.02519 3.49342 0.61106 0.51939 -0.40262 -0.69612 -0.28904
1403715563262142976 -2.14891 3.47055 0.62176 0.53733 -0.37380 -0.70128 -0.28241
1403715563362142976 -2.19648 3.41466 0.62333 0.55475 -0.33934 -0.71118 -0.26707
1403715563462142976 -2.30102 3.37192 0.63211 0.56711 -0.30350 -0.72395 -0.24934
1403715563562142976 -2.38037 3.30913 0.63237 0.57661 -0.26727 -0.73625 -0.23245
1403715563662142976 -2.39270 3.22751 0.61673 0.58595 -0.23122 -0.74601 -0.21604
1403715563762142976 -2.45599 3.16033 0.59471 0.59552 -0.19837 -0.75156 -0.20287
1403715563862142976 -2.52551 3.08575 0.56551 0.60875 -0.17385 -0.75359 -0.17690
1403715563962142976 -2.58713 3.00163 0.52643 0.61865 -0.15322 -0.75731 -0.14243
1403715564062142976 -2.64146 2.91061 0.48162 0.62300 -0.13564 -0.76389 -0.09972
1403715564162142976 -2.67832 2.80712 0.44011 0.62615 -0.11499 -0.76870 -0.06176
1403715564262142976 -2.73167 2.71557 0.39879 0.62485 -0.09076 -0.77484 -0.03079
1403715564362142976 -2.77303 2.62354 0.37031 0.62287 -0.05583 -0.78029 -0.00727
1403715564462142976 -2.80282 2.53341 0.35410 0.60760 -0.01583 -0.79393 0.01566
1403715564562142976 -2.82453 2.44815 0.35466 0.59290 0.02579 -0.80397 0.03785
1403715564662142976 -2.84022 2.36578 0.37072 0.58382 0.06836 -0.80694 0.05770
1403715564762142976 -2.85093 2.28534 0.40168 0.57839 0.11096 -0.80470 0.07497
1403715564862142976 -2.86258 2.20548 0.44746 0.57557 0.15083 -0.79838 0.09252
1403715564962142976 -2.86491 2.11566 0.50434 0.57819 0.18711 -0.78646 0.11029
1403715565062142976 -2.85922 2.02250 0.57353 0.57748 0.22131 -0.77502 0.12992
1403715565162142976 -2.83444 1.91274 0.64248 0.57122 0.25145 -0.76527 0.15761
1403715565262142976 -2.80186 1.80583 0.70215 0.56241 0.27821 -0.75598 0.18653
1403715565362142976 -2.76926 1.70089 0.75046 0.56018 0.30043 -0.74152 0.21468
1403715565462142976 -2.72890 1.59861 0.78759 0.55971 0.32063 -0.72439 0.24327
1403715565562142976 -2.68428 1.50412 0.81601 0.55597 0.34479 -0.70720 0.26814
1403715565662142976 -2.63846 1.41789 0.84670 0.54662 0.37239 -0.69033 0.29322
1403715565762142976 -2.58666 1.34032 0.88296 0.53134 0.40511 -0.67303 0.31716
1403715565862142976 -2.50024 1.26182 0.91723 0.50936 0.44271 -0.65493 0.34005
1403715565962142976 -2.38229 1.23430 0.96047 -0.48714 -0.48311 0.62821 -0.36694
1403715566062142976 -2.26188 1.21054 1.00475 -0.46363 -0.52066 0.59793 -0.39552
1403715566162142976 -2.16349 1.19651 1.04893 -0.44134 -0.55561 0.56664 -0.41886
1403715566262142976 -2.04178 1.22819 1.08947 0.41731 0.58807 -0.53295 0.44271
1403715566362142976 -1.93994 1.23148 1.12592 0.39309 0.61691 -0.50012 0.46345
1403715566462142976 -1.83134 1.26235 1.14915 0.36974 0.64287 -0.46661 0.48195
1403715566562142976 -1.72779 1.29983 1.15919 0.34816 0.66330 -0.43339 0.50100
1403715566662142976 -1.64260 1.40178 1.13824 0.32528 0.68313 -0.39700 0.51954
1403715566762142976 -1.55879 1.44790 1.12916 0.30157 0.70260 -0.36147 0.53363
1403715566862142976 -1.48585 1.51815 1.11855 0.27001 0.72187 -0.32409 0.54861
1403715566962142976 -1.40022 1.58789 1.11606 0.23730 0.73823 -0.28300 0.56446
1403715567062142976 -1.33240 1.65604 1.10543 0.19739 0.75662 -0.24081 0.57496
1403715567162142976 -1.27059 1.73226 1.09510 0.15177 0.77239 -0.19651 0.58461
1403715567262142976 -1.23367 1.82166 1.08339 0.10638 0.78899 -0.14671 0.58707
1403715567362142976 -1.19592 1.91156 1.07121 0.06488 0.80335 -0.09096 0.58493
1403715567462142976 -1.17409 2.00001 1.05182 0.02792 0.81407 -0.03127 0.57925
1403715567562142976 -1.13215 2.09586 1.02467 -0.00544 0.81880 0.02564 0.57347
1403715567662142976 -1.10060 2.20027 0.98836 -0.03977 0.81629 0.07783 0.57099
1403715567762142976 -1.07816 2.30985 0.94770 -0.07521 0.80669 0.12834 0.57195
1403715567862142976 -1.06713 2.41772 0.90331 -0.11039 0.79363 0.17713 0.57148
1403715567962142976 -1.04508 2.52728 0.85994 -0.14167 0.77977 0.22594 0.56644
1403715568062142976 -1.02720 2.63371 0.81871 -0.17142 0.76133 0.27113 0.56345
1403715568162142976 -1.07554 2.77527 0.79685 -0.20280 0.73998 0.31244 0.56008
1403715568262142976 -1.10790 2.89093 0.76736 -0.23409 0.72013 0.35126 0.55066
1403715568362142976 -1.13732 3.00560 0.73600 -0.26480 0.70084 0.38675 0.53770
1403715568462142976 -1.17114 3.11499 0.70610 -0.29279 0.68004 0.42130 0.52376
1403715568562142976 -1.20617 3.21605 0.68002 -0.31877 0.65818 0.45522 0.50790
1403715568662142976 -1.26326 3.30759 0.65999 -0.34128 0.63400 0.48959 0.49180
1403715568762142976 -1.32789 3.38907 0.64691 -0.36504 0.60962 0.52125 0.47267
1403715568862142976 -1.40427 3.45376 0.63830 -0.38520 0.58498 0.55227 0.45213
1403715568962142976 -1.48874 3.50990 0.62789 -0.40193 0.56350 0.58049 0.42890
1403715569062142976 -1.57712 3.55132 0.61977 -0.41477 0.54299 0.60600 0.40730
1403715569162142976 -1.66732 3.56859 0.61423 -0.42908 0.52222 0.62801 0.38572
1403715569262142976 -1.75516 3.57735 0.61057 -0.44632 0.50292 0.64275 0.36707
1403715569362142976 -1.84003 3.59565 0.60796 -0.46736 0.48067 0.64869 0.36020
1403715569462142976 -1.92447 3.59643 0.60832 -0.48510 0.46021 0.65326 0.35516
1403715569562142976 -2.00651 3.59765 0.60787 -0.49477 0.43989 0.66274 0.34997
1403715569662142976 -2.08604 3.59043 0.60774 0.50037 -0.42076 -0.67573 -0.34057
1403715569762142976 -2.16542 3.57690 0.60719 0.50569 -0.40286 -0.69057 -0.32417
1403715569862142976 -2.24214 3.54133 0.60680 0.51514 -0.38258 -0.70504 -0.30197
1403715569962142976 -2.31103 3.50624 0.60720 0.52916 -0.35528 -0.71626 -0.28414
1403715570062142976 -2.38923 3.47120 0.60911 0.54247 -0.32719 -0.72700 -0.26486
1403715570162142976 -2.46427 3.42842 0.60943 0.55431 -0.29774 -0.73795 -0.24396
1403715570262142976 -2.53989 3.37869 0.60681 0.56491 -0.26703 -0.74881 -0.22103
1403715570362142976 -2.61040 3.32058 0.60439 0.57696 -0.23316 -0.75743 -0.19760
1403715570462142976 -2.68212 3.25415 0.59913 0.58875 -0.19807 -0.76466 -0.17154
1403715570562142976 -2.74722 3.17799 0.59368 0.59923 -0.15999 -0.77077 -0.14574
1403715570662142976 -2.80617 3.09283 0.58411 0.60293 -0.12235 -0.77964 -0.11692
1403715570762142976 -2.85409 2.99764 0.57213 0.60103 -0.08517 -0.79006 -0.08550
1403715570862142976 -2.89220 2.89595 0.56064 0.59977 -0.04591 -0.79699 -0.05460
1403715570962142976 -2.92648 2.78945 0.54919 0.59553 -0.00923 -0.80290 -0.02479
1403715571062142976 -2.94627 2.68102 0.53651 0.59037 0.01909 -0.80690 0.00269
1403715571162142976 -2.96458 2.57274 0.52297 0.58993 0.03426 -0.80631 0.02574
1403715571262142976 -2.97470 2.46697 0.51279 0.60119 0.04381 -0.79701 0.03780
1403715571362142976 -2.97892 2.36360 0.50509 0.61272 0.04906 -0.78777 0.03971
1403715571462142976 -2.97614 2.26188 0.49791 0.60828 0.04957 -0.79125 0.03829
1403715571562142976 -2.96207 2.16351 0.48950 0.59349 0.04240 -0.80258 0.04281
1403715571662142976 -2.94129 2.06733 0.47160 0.57219 0.02198 -0.81738 0.06325
1403715571762142976 -2.92175 1.97517 0.44051 0.54408 -0.00644 -0.83395 0.09199
1403715571862142976 -2.91944 1.88896 0.40758 0.51413 -0.02949 -0.84997 0.11113
1403715571962142976 -2.92734 1.82742 0.37531 -0.48666 0.04521 0.86436 -0.11833
1403715572062142976 -2.95497 1.78931 0.34674 -0.46439 0.04774 0.87763 -0.10870
1403715572162142976 -3.01647 1.76755 0.32770 -0.45674 0.02820 0.88588 -0.07621
1403715572262142976 -3.09559 1.76177 0.31154 -0.47610 -0.00618 0.87850 -0.03911
1403715572362142976 -3.18970 1.75865 0.29277 0.51464 0.04770 -0.85603 0.00898
1403715572462142976 -3.29799 1.73822 0.27388 0.55102 0.08084 -0.83057 -0.00237
1403715572562142976 -3.40671 1.70938 0.25678 0.57030 0.10174 -0.81508 0.00710
1403715572662142976 -3.51881 1.66328 0.23951 0.57884 0.12185 -0.80599 0.02169
1403715572762142976 -3.61838 1.61063 0.22283 0.57716 0.14432 -0.80292 0.03712
1403715572862142976 -3.71221 1.55782 0.21908 0.57027 0.16219 -0.80303 0.06026
1403715572962142976 -3.80019 1.49381 0.22476 0.56745 0.17788 -0.79932 0.08634
1403715573062142976 -3.88413 1.42677 0.24784 0.56660 0.19518 -0.79282 0.11088
1403715573162142976 -3.96569 1.34151 0.27383 0.56269 0.21208 -0.78727 0.13642
1403715573262142976 -4.02899 1.25323 0.31044 0.55595 0.23147 -0.78240 0.15872
1403715573362142976 -4.04256 1.14830 0.36249 0.54599 0.25122 -0.77882 0.17948
1403715573462142976 -4.09571 1.06082 0.39500 0.53263 0.26866 -0.77623 0.20395
1403715573562142976 -4.13815 0.97428 0.43196 0.51870 0.28447 -0.77330 0.22811
1403715573662142976 -4.18488 0.89411 0.47222 0.50903 0.30779 -0.76711 0.24020
1403715573762142976 -4.24269 0.82062 0.50695 -0.49833 -0.33821 0.76067 -0.24221
1403715573862142976 -4.30346 0.74841 0.54206 -0.48550 -0.37048 0.75348 -0.24352
1403715573962142976 -4.36671 0.67446 0.57601 -0.46995 -0.39988 0.74507 -0.25322
1403715574062142976 -4.42354 0.60248 0.61022 -0.45147 -0.42928 0.73466 -0.26865
1403715574162142976 -4.48931 0.51215 0.64353 -0.43692 -0.45671 0.71895 -0.28919
1403715574262142976 -4.55719 0.41839 0.68016 -0.43462 -0.48408 0.69321 -0.31021
1403715574362142976 -4.62743 0.31961 0.72035 -0.44376 -0.51240 0.66041 -0.32307
1403715574462142976 -4.70216 0.20606 0.75651 -0.45241 -0.53672 0.63333 -0.32580
1403715574562142976 -4.76967 0.09088 0.78724 -0.45549 -0.55257 0.61685 -0.32662
1403715574662142976 -4.82703 -0.02819 0.81397 -0.45181 -0.56652 0.60758 -0.32521
1403715574762142976 -4.86863 -0.14961 0.83736 -0.44392 -0.57554 0.60267 -0.32937
1403715574862142976 -4.89364 -0.27408 0.86017 -0.43020 -0.57379 0.60683 -0.34270
1403715574962142976 -4.89091 -0.38340 0.88124 -0.42471 -0.56534 0.61021 -0.35728
1403715575062142976 -4.86624 -0.47862 0.90085 -0.42945 -0.55592 0.60995 -0.36674
1403715575162142976 -4.85529 -0.59427 0.92762 -0.44418 -0.54503 0.60485 -0.37389
1403715575262142976 -4.76355 -0.62969 0.91176 -0.46872 -0.53103 0.59569 -0.37878
1403715575362142976 -4.72281 -0.71494 0.90586 -0.47536 -0.52534 0.60100 -0.36993
1403715575462142976 -4.68777 -0.80617 0.91006 -0.46979 -0.52295 0.61566 -0.35607
1403715575562142976 -4.65316 -0.89740 0.93154 -0.47806 -0.52211 0.61987 -0.33855
1403715575662142976 -4.60676 -0.98522 0.95335 -0.49798 -0.52069 0.61425 -0.32187
1403715575762142976 -4.54693 -1.06796 0.97891 0.51276 0.51834 -0.61147 0.30743
1403715575862142976 -4.46642 -1.14540 0.99728 0.51448 0.51320 -0.61813 0.29973
1403715575962142976 -4.37165 -1.21941 1.01694 0.50738 0.50214 -0.63040 0.30499
1403715576062142976 -4.26401 -1.29477 1.03616 -0.49627 -0.48890 0.64440 -0.31534
1403715576162142976 -4.14534 -1.36198 1.05358 -0.49071 -0.47813 0.65286 -0.32307
1403715576262142976 -4.02326 -1.43236 1.06966 -0.48727 -0.47010 0.65861 -0.32833
1403715576362142976 -3.89793 -1.49650 1.08918 -0.49466 -0.46384 0.65587 -0.33167
1403715576462142976 -3.76632 -1.56182 1.11356 0.50841 0.45474 -0.64755 0.33971
1403715576562142976 -3.63164 -1.61166 1.13818 0.52254 0.44547 -0.64052 0.34386
1403715576662142976 -3.48915 -1.65923 1.16497 0.53428 0.43717 -0.63789 0.34136
1403715576762142976 -3.33751 -1.69776 1.19151 0.53709 0.43050 -0.64533 0.33129
1403715576862142976 -3.17823 -1.71943 1.21536 0.52958 0.42531 -0.66271 0.31539
1403715576962142976 -3.01086 -1.73534 1.24010 0.52044 0.41993 -0.68044 0.29968
1403715577062142976 -2.83670 -1.74129 1.26433 0.51374 0.40523 -0.69604 0.29560
1403715577162142976 -2.65988 -1.75063 1.28710 0.50844 0.38486 -0.71175 0.29460
1403715577262142976 -2.48113 -1.76165 1.29964 0.50763 0.36698 -0.72277 0.29196
1403715577362142976 -2.30284 -1.78035 1.29033 0.51221 0.35780 -0.72794 0.28237
1403715577462142976 -2.13066 -1.78504 1.26659 0.51735 0.35301 -0.73066 0.27178
1403715577562142976 -1.95639 -1.79114 1.24193 0.52084 0.34847 -0.73320 0.26404
1403715577662142976 -1.75742 -1.83839 1.23203 0.52185 0.34316 -0.73723 0.25768
1403715577762142976 -1.58531 -1.84376 1.23408 0.51873 0.33576 -0.74244 0.25878
1403715577862142976 -1.41785 -1.84449 1.23849 0.51617 0.32188 -0.74906 0.26242
1403715577962142976 -1.25046 -1.87841 1.23236 0.51310 0.30447 -0.75901 0.26063
1403715578062142976 -1.09387 -1.88349 1.20949 0.50661 0.28129 -0.77360 0.25645
1403715578162142976 -0.94351 -1.88077 1.17272 -0.48793 -0.24983 0.79696 -0.25371
1403715578262142976 -0.80143 -1.86685 1.13163 -0.48456 -0.21909 0.81267 -0.23827
1403715578362142976 -0.67759 -1.84658 1.09309 -0.49514 -0.19273 0.82062 -0.21040
1403715578462142976 -0.57163 -1.81752 1.05601 0.50507 0.16979 -0.82792 0.17501
1403715578562142976 -0.46950 -1.79731 1.01771 0.50206 0.15436 -0.84093 0.13020
1403715578662142976 -0.37944 -1.76845 0.97748 -0.48085 -0.14514 0.86019 -0.08825
1403715578762142976 -0.30845 -1.74831 0.94018 -0.46016 -0.13487 0.87555 -0.05894
1403715578862142976 -0.26136 -1.74058 0.90696 -0.45212 -0.12297 0.88238 -0.04330
1403715578962142976 -0.24091 -1.74565 0.87958 -0.46528 -0.12037 0.87652 -0.02726
1403715579062142976 -0.24709 -1.77804 0.86129 -0.49181 -0.12780 0.86126 -0.00522
1403715579162142976 -0.29499 -1.85227 0.85632 0.52002 0.14243 -0.84186 -0.02375
1403715579262142976 -0.27659 -1.92528 0.85305 0.54865 0.15391 -0.82050 -0.04550
1403715579362142976 -0.24996 -2.01453 0.84968 0.56132 0.15257 -0.81167 -0.05319
1403715579462142976 -0.26744 -2.13613 0.84932 0.56124 0.14352 -0.81348 -0.05169
1403715579562142976 -0.28760 -2.29023 0.83091 0.55242 0.12677 -0.82297 -0.03853
1403715579662142976 -0.30167 -2.46424 0.82163 0.55305 0.11723 -0.82431 -0.03005
1403715579762142976 -0.31374 -2.65455 0.80186 0.56006 0.10891 -0.82101 -0.02014
1403715579862142976 -0.32922 -2.86159 0.79779 0.56658 0.10804 -0.81658 -0.02252
1403715579962142976 -0.34926 -3.09176 0.80426 0.57038 0.09786 -0.81521 -0.02301
1403715580062142976 -0.36729 -3.33150 0.81079 0.57407 0.07529 -0.81500 -0.02340
1403715580162142976 -0.37348 -3.57926 0.80858 0.57705 0.04655 -0.81483 -0.03002
1403715580262142976 -0.37164 -3.83921 0.79197 0.57860 0.01465 -0.81439 -0.04215
1403715580362142976 -0.37834 -4.10011 0.77386 0.58052 -0.02296 -0.81232 -0.05094
1403715580462142976 -0.37141 -4.36652 0.75679 0.58100 -0.06318 -0.80928 -0.05927
1403715580562142976 -0.37492 -4.63282 0.73393 0.57833 -0.09897 -0.80719 -0.06463
1403715580662142976 -0.36611 -4.89914 0.72140 0.57195 -0.13150 -0.80733 -0.06165
1403715580762142976 -0.35526 -5.16024 0.71132 0.56430 -0.15981 -0.80806 -0.05539
1403715580862142976 -0.34863 -5.40851 0.70898 0.55819 -0.18626 -0.80737 -0.04340
1403715580962142976 -0.34064 -5.63901 0.70547 0.54943 -0.21213 -0.80776 -0.02531
1403715581062142976 -0.32915 -5.84312 0.70900 0.53642 -0.22055 -0.81418 -0.02694
1403715581162142976 -0.32229 -6.02599 0.71729 0.52426 -0.21992 -0.82168 -0.04039
1403715581262142976 -0.35736 -6.15309 0.74228 0.52389 -0.21099 -0.82309 -0.05949
1403715581362142976 -0.36559 -6.25006 0.76372 0.53120 -0.20314 -0.82000 -0.06444
1403715581462142976 -0.38557 -6.31821 0.79256 0.53585 -0.18414 -0.82121 -0.06771
1403715581562142976 -0.40028 -6.41931 0.81127 0.54087 -0.14976 -0.82353 -0.08266
1403715581662142976 -0.46003 -6.23636 0.85674 0.54530 -0.10402 -0.82774 -0.08172
1403715581762142976 -0.53238 -6.06726 0.86695 0.54683 -0.05798 -0.83164 -0.07742
1403715581862142976 -0.65409 -5.81953 0.85919 0.54812 -0.01173 -0.83363 -0.06699
1403715581962142976 -0.78712 -5.63686 0.83401 0.55026 0.01677 -0.83387 -0.03992
1403715582062142976 -0.87270 -5.57963 0.82312 0.56471 0.03516 -0.82448 -0.01014
1403715582162142976 -0.93597 -5.59143 0.83263 0.58190 0.05112 -0.81158 0.01059
1403715582262142976 -1.00387 -5.61905 0.84131 0.58932 0.06117 -0.80524 0.02331
1403715582362142976 -1.06883 -5.64097 0.82033 0.57875 0.06765 -0.81227 0.02650
1403715582462142976 -1.12866 -5.67199 0.80519 0.56397 0.06997 -0.82246 0.02467
1403715582562142976 -1.17179 -5.70403 0.78589 0.54978 0.06822 -0.83225 0.02128
1403715582662142976 -1.22053 -5.74570 0.78537 0.54018 0.06286 -0.83904 0.01623
1403715582762142976 -1.28438 -5.79491 0.79400 0.53344 0.05404 -0.84405 0.01029
1403715582862142976 -1.33190 -5.85209 0.79495 0.52431 0.04338 -0.85042 0.00291
1403715582962142976 -1.41066 -5.90980 0.78104 0.51188 0.03382 -0.85838 -0.00490
1403715583062142976 -1.46442 -5.97110 0.75017 0.50379 0.02401 -0.86341 -0.01230
1403715583162142976 -1.54282 -6.03259 0.71320 0.51534 0.01416 -0.85671 -0.01646
1403715583262142976 -1.65386 -6.10201 0.68151 0.54430 0.00295 -0.83875 -0.01522
1403715583362142976 -1.73325 -6.16068 0.64751 0.57529 -0.00869 -0.81784 -0.00980
1403715583462142976 -1.82544 -6.22730 0.61611 0.60170 -0.01838 -0.79850 -0.00394
1403715583562142976 -1.92741 -6.29755 0.58295 0.62492 -0.02353 -0.78033 -0.00189
1403715583662142976 -2.00537 -6.36333 0.55499 0.65872 -0.02513 -0.75196 -0.00311
1403715583762142976 -2.02895 -6.41794 0.53234 0.69056 -0.02397 -0.72285 -0.00645
1403715583862142976 -2.03678 -6.47377 0.50939 0.71122 -0.02423 -0.70251 -0.00791
1403715583962142976 -1.99976 -6.52526 0.50363 0.71299 -0.03098 -0.70049 -0.00189
1403715584062142976 -1.91070 -6.56688 0.52048 0.69993 -0.04278 -0.71285 0.01079
1403715584162142976 -1.81383 -6.61382 0.55075 0.67028 -0.05579 -0.73967 0.02260
1403715584262142976 -1.65768 -6.63035 0.60165 0.62745 -0.06633 -0.77517 0.03183
1403715584362142976 -1.50744 -6.64655 0.64525 0.58499 -0.07228 -0.80702 0.03564
1403715584462142976 -1.33195 -6.63578 0.67506 0.55546 -0.07304 -0.82772 0.03177
1403715584562142976 -1.16138 -6.61998 0.69128 0.53917 -0.07363 -0.83855 0.02655
1403715584662142976 -0.99524 -6.59800 0.71041 0.52960 -0.07092 -0.84516 0.01433
1403715584762142976 -0.84740 -6.57882 0.72999 0.51985 -0.06195 -0.85196 -0.00845
1403715584862142976 -0.69926 -6.55763 0.75415 0.51461 -0.05848 -0.85503 -0.02613
1403715584962142976 -0.57238 -6.49272 0.77814 0.50430 -0.03343 -0.86225 -0.03296
1403715585062142976 -0.46109 -6.48984 0.79878 -0.48636 0.03238 0.87213 0.04231
1403715585162142976 -0.38476 -6.49164 0.81495 -0.46988 0.04054 0.88060 0.04592
1403715585262142976 -0.31469 -6.51565 0.83471 -0.46781 0.04726 0.88119 0.04929
1403715585362142976 -0.30374 -6.50885 0.85845 -0.48293 0.04809 0.87272 0.05316
1403715585462142976 -0.31551 -6.50506 0.88219 -0.49830 0.04728 0.86380 0.05759
1403715585562142976 -0.29023 -6.53648 0.90012 0.51574 -0.04495 -0.85313 -0.06457
1403715585662142976 -0.22876 -6.58536 0.91161 0.52783 -0.04404 -0.84530 -0.07013
1403715585762142976 -0.22377 -6.63139 0.91362 0.52990 -0.04641 -0.84358 -0.07364
1403715585862142976 -0.21737 -6.68056 0.89275 0.53051 -0.05532 -0.84309 -0.06862
1403715585962142976 -0.25841 -6.71190 0.85900 0.53078 -0.07352 -0.84272 -0.05178
1403715586062142976 -0.30580 -6.74546 0.82566 0.53599 -0.09663 -0.83814 -0.03006
1403715586162142976 -0.29689 -6.79423 0.80867 0.55912 -0.10711 -0.82170 -0.02697
1403715586262142976 -0.32284 -6.82983 0.80099 0.57689 -0.10130 -0.80929 -0.04448
1403715586362142976 -0.34788 -6.85982 0.79981 0.58696 -0.08740 -0.80167 -0.07192
1403715586462142976 -0.37652 -6.89040 0.79755 0.59643 -0.07718 -0.79350 -0.09313
1403715586562142976 -0.38388 -6.93382 0.79795 0.60282 -0.07501 -0.78763 -0.10300
1403715586662142976 -0.38941 -6.97873 0.79725 0.60326 -0.07856 -0.78656 -0.10602
1403715586762142976 -0.39319 -7.02943 0.79389 0.59501 -0.08978 -0.79243 -0.09982
1403715586862142976 -0.39679 -7.08752 0.78754 0.57713 -0.10550 -0.80492 -0.08890
1403715586962142976 -0.39131 -7.14794 0.78704 0.56132 -0.11697 -0.81493 -0.08444
1403715587062142976 -0.38496 -7.21065 0.79173 0.55541 -0.12479 -0.81778 -0.08477
1403715587162142976 -0.38299 -7.26847 0.80012 0.56002 -0.12628 -0.81366 -0.09157
1403715587262142976 -0.38232 -7.32551 0.81347 0.57086 -0.12243 -0.80558 -0.10085
1403715587362142976 -0.38782 -7.38704 0.82642 0.57771 -0.12295 -0.80067 -0.10029
1403715587462142976 -0.36583 -7.44517 0.84945 0.58270 -0.13127 -0.79708 -0.08889
1403715587562142976 -0.32928 -7.50299 0.87009 0.58232 -0.14728 -0.79571 -0.07782
1403715587662142976 -0.30281 -7.56094 0.88598 0.57821 -0.17135 -0.79445 -0.07185
1403715587762142976 -0.24116 -7.60587 0.90773 0.57008 -0.19744 -0.79374 -0.07742
1403715587862142976 -0.19155 -7.63082 0.93067 0.56503 -0.22660 -0.78770 -0.09447
1403715587962142976 -0.14259 -7.64818 0.95622 0.56224 -0.25363 -0.77685 -0.12675
1403715588062142976 -0.10023 -7.65851 0.98337 0.56245 -0.27905 -0.76057 -0.16527
1403715588162142976 -0.04770 -7.66354 1.00100 0.56186 -0.30487 -0.74180 -0.20271
1403715588262142976 0.00513 -7.67271 0.99770 0.55938 -0.33345 -0.72157 -0.23502
1403715588362142976 0.06489 -7.68510 0.97292 0.55270 -0.36519 -0.70259 -0.25987
1403715588462142976 0.13070 -7.70584 0.94420 0.54256 -0.39410 -0.68531 -0.28401
1403715588562142976 0.20400 -7.74016 0.91694 0.52960 -0.42310 -0.66937 -0.30407
1403715588662142976 0.27450 -7.77556 0.89153 0.51119 -0.45335 -0.65700 -0.31859
1403715588762142976 0.35336 -7.82106 0.86547 -0.48576 0.48344 0.64892 0.33049
1403715588862142976 0.43610 -7.86735 0.83796 -0.45150 0.51355 0.64518 0.34083
1403715588962142976 0.51971 -7.91085 0.80899 -0.41297 0.54368 0.64261 0.34774
1403715589062142976 0.59844 -7.94620 0.78240 -0.37980 0.57206 0.63513 0.35371
1403715589162142976 0.66999 -7.96669 0.76773 -0.35773 0.59492 0.62201 0.36221
1403715589262142976 0.73596 -7.97021 0.76905 -0.34182 0.61312 0.60733 0.37201
1403715589362142976 0.79329 -7.95022 0.78154 -0.32345 0.63279 0.59418 0.37672
1403715589462142976 0.84277 -7.91077 0.80716 -0.30702 0.65344 0.57884 0.37909
1403715589562142976 0.87696 -7.84126 0.83575 -0.28984 0.66973 0.56620 0.38323
1403715589662142976 0.87713 -7.71730 0.87079 -0.27785 0.68090 0.55551 0.38805
1403715589762142976 0.90814 -7.60149 0.92338 -0.28051 0.67893 0.54433 0.40506
1403715589862142976 0.94151 -7.46295 0.99526 -0.30056 0.66176 0.52787 0.43942
1403715589962142976 0.95762 -7.32160 1.06847 -0.31963 0.64934 0.51195 0.46270
1403715590062142976 0.98063 -7.17591 1.13490 -0.33041 0.64236 0.50304 0.47450
1403715590162142976 0.99422 -7.03404 1.19585 -0.32963 0.64008 0.50203 0.47917
1403715590262142976 1.00549 -6.88832 1.25224 -0.32393 0.63979 0.50887 0.47622
1403715590362142976 1.00767 -6.74932 1.30850 -0.31741 0.63138 0.52350 0.47597
1403715590462142976 0.99045 -6.60725 1.36230 -0.31417 0.61590 0.54354 0.47595
1403715590562142976 0.97553 -6.43815 1.40865 -0.31609 0.59679 0.56689 0.47177
1403715590662142976 0.94976 -6.26909 1.45596 -0.32473 0.58198 0.58952 0.45642
1403715590762142976 0.91501 -6.09176 1.49959 -0.34736 0.57325 0.60530 0.42935
1403715590862142976 0.86277 -5.91500 1.54696 -0.37602 0.55636 0.61783 0.40910
1403715590962142976 0.79374 -5.75108 1.59814 -0.40060 0.53234 0.63394 0.39275
1403715591062142976 0.74082 -5.55571 1.64197 -0.41642 0.50689 0.65625 0.37282
1403715591162142976 0.65623 -5.39029 1.68656 -0.42723 0.47667 0.68150 0.35472
1403715591262142976 0.60050 -5.19436 1.72810 -0.43447 0.44000 0.70909 0.33886
1403715591362142976 0.50277 -5.02891 1.76931 -0.44246 0.40262 0.73282 0.32418
1403715591462142976 0.39823 -4.86353 1.80395 -0.45289 0.36728 0.75235 0.30655
1403715591562142976 0.29243 -4.68375 1.82697 -0.46323 0.33649 0.76957 0.28277
1403715591662142976 0.24298 -4.42095 1.82239 -0.47751 0.30735 0.78335 0.25277
1403715591762142976 0.12077 -4.24056 1.82033 -0.48990 0.27577 0.79260 0.23608
1403715591862142976 -0.01579 -4.06891 1.80507 -0.49879 0.24663 0.80107 0.22060
1403715591962142976 -0.16182 -3.92272 1.77574 0.50547 -0.21525 -0.80910 -0.20863
1403715592062142976 -0.31568 -3.78677 1.73376 0.50893 -0.17980 -0.81741 -0.20124
1403715592162142976 -0.48501 -3.63225 1.67674 0.51748 -0.14374 -0.82167 -0.19080
1403715592262142976 -0.66264 -3.51973 1.63158 0.53341 -0.10639 -0.82018 -0.17735
1403715592362142976 -0.85653 -3.43461 1.60252 0.54441 -0.06965 -0.82003 -0.16223
1403715592462142976 -1.03993 -3.39027 1.57798 0.54989 -0.03341 -0.82160 -0.14654
1403715592562142976 -1.22783 -3.39301 1.56395 0.55587 0.00305 -0.82068 -0.13224
1403715592662142976 -1.40899 -3.43046 1.54161 0.56097 0.03941 -0.81827 -0.11913
1403715592762142976 -1.57270 -3.52441 1.51084 0.56418 0.07326 -0.81613 -0.10133
1403715592862142976 -1.71101 -3.67813 1.48671 0.56506 0.09030 -0.81776 -0.06184
1403715592962142976 -1.87259 -3.79745 1.48033 0.56272 0.09954 -0.82059 -0.00904
1403715593062142976 -2.04814 -3.90384 1.47392 0.56162 0.11316 -0.81856 0.04165
1403715593162142976 -2.20742 -4.02265 1.46759 0.56075 0.13810 -0.81254 0.07915
1403715593262142976 -2.36680 -4.14308 1.46265 0.56062 0.16895 -0.80379 0.10526
1403715593362142976 -2.52431 -4.26295 1.45783 0.55948 0.20645 -0.79430 0.11599
1403715593462142976 -2.67432 -4.38756 1.45367 0.55819 0.24707 -0.78298 0.11971
1403715593562142976 -2.80800 -4.52314 1.44816 0.55639 0.28197 -0.77089 0.12906
1403715593662142976 -2.93878 -4.67501 1.44525 0.56015 0.31039 -0.75369 0.14777
1403715593762142976 -3.02235 -4.83083 1.44563 0.56672 0.33416 -0.73363 0.17014
1403715593862142976 -3.08840 -4.99973 1.44394 0.56615 0.36149 -0.71622 0.18929
1403715593962142976 -3.13988 -5.17151 1.43702 0.55525 0.39121 -0.70332 0.20975
1403715594062142976 -3.17007 -5.34451 1.42832 0.53784 0.42151 -0.69335 0.22874
1403715594162142976 -3.20182 -5.51596 1.41727 0.51862 0.44801 -0.68435 0.24898
1403715594262142976 -3.22379 -5.69541 1.40791 0.50334 0.47189 -0.67252 0.26773
1403715594362142976 -3.23902 -5.87440 1.39786 -0.49252 -0.49602 0.65646 -0.28364
1403715594462142976 -3.23062 -6.04933 1.39166 -0.48366 -0.52266 0.63623 -0.29684
1403715594562142976 -3.20239 -6.22303 1.38468 -0.47576 -0.55197 0.61184 -0.30761
1403715594662142976 -3.16096 -6.40004 1.37810 -0.46159 -0.58128 0.58932 -0.31899
1403715594762142976 -3.10538 -6.58312 1.36798 0.43081 0.60861 -0.57747 0.33244
1403715594862142976 -3.03785 -6.77074 1.35645 0.39612 0.63002 -0.56731 0.35259
1403715594962142976 -2.94929 -6.95135 1.34676 0.36667 0.65102 -0.55202 0.37014
1403715595062142976 -2.85317 -7.14267 1.33599 0.34499 0.67179 -0.53091 0.38446
1403715595162142976 -2.75441 -7.35061 1.32565 0.32384 0.68681 -0.50899 0.40539
1403715595262142976 -2.64959 -7.57088 1.31503 0.30589 0.70057 -0.48314 0.42687
1403715595362142976 -2.53616 -7.79003 1.30125 0.29124 0.71275 -0.45296 0.44944
1403715595462142976 -2.41946 -8.03709 1.28219 0.27479 0.72342 -0.42212 0.47220
1403715595562142976 -2.30535 -8.26169 1.26654 0.26540 0.73528 -0.38404 0.49137
1403715595662142976 -2.18798 -8.50183 1.25268 0.27045 0.74664 -0.33364 0.50800
1403715595762142976 -2.06594 -8.73686 1.23808 0.28191 0.75316 -0.27727 0.52573
1403715595862142976 -1.93926 -8.95756 1.22345 0.29015 0.75367 -0.22571 0.54484
1403715595962142976 -1.81333 -9.14548 1.21450 0.29336 0.74382 -0.18429 0.57159
1403715596062142976 -1.68768 -9.33526 1.21052 0.28195 0.72392 -0.15973 0.60904
1403715596162142976 -1.57194 -9.46282 1.22379 0.26466 0.71053 -0.14998 0.63452
1403715596262142976 -1.47669 -9.54873 1.25467 0.24786 0.72526 -0.15184 0.62410
1403715596362142976 -1.39940 -9.59117 1.28724 0.22278 0.76436 -0.16383 0.58248
1403715596462142976 -1.34296 -9.64453 1.33266 0.18781 0.80014 -0.17662 0.54158
1403715596562142976 -1.27693 -9.63044 1.36796 0.15734 0.82622 -0.18343 0.50888
1403715596662142976 -1.18624 -9.65197 1.40460 0.13117 0.84624 -0.18319 0.48282
1403715596762142976 -1.09543 -9.61728 1.44607 0.11272 0.85930 -0.17585 0.46687
1403715596862142976 -1.00339 -9.53665 1.48631 0.09570 0.86951 -0.17101 0.45338
1403715596962142976 -0.91930 -9.39840 1.52923 0.08648 0.87714 -0.16989 0.44077
1403715597062142976 -0.88008 -9.17251 1.54167 0.08972 0.87770 -0.17633 0.43647
1403715597162142976 -0.74730 -9.08014 1.56454 0.09144 0.87034 -0.17733 0.45022
1403715597262142976 -0.57564 -9.02502 1.59070 0.08923 0.85370 -0.17599 0.48194
1403715597362142976 -0.39683 -8.97341 1.61189 0.08374 0.83474 -0.17087 0.51672
1403715597462142976 -0.19705 -8.92942 1.63502 0.07871 0.81553 -0.15849 0.55099
1403715597562142976 0.00398 -8.91411 1.65585 0.07470 0.80315 -0.13710 0.57495
1403715597662142976 0.18351 -8.88682 1.67007 0.06653 0.80034 -0.11399 0.58483
1403715597762142976 0.37857 -8.87110 1.68256 0.05708 0.80475 -0.09276 0.58353
1403715597862142976 0.57259 -8.86084 1.69495 0.04874 0.80712 -0.07830 0.58314
1403715597962142976 0.77751 -8.86256 1.71216 0.04571 0.80177 -0.06795 0.59200
1403715598062142976 0.99099 -8.87142 1.73001 0.04618 0.79748 -0.06228 0.59835
1403715598162142976 1.18221 -8.88074 1.74199 0.05241 0.79386 -0.05750 0.60310
1403715598262142976 1.36913 -8.89166 1.74407 0.05521 0.78366 -0.05825 0.61599
1403715598362142976 1.53637 -8.90420 1.73599 0.05715 0.76878 -0.06149 0.63398
1403715598462142976 1.67772 -8.90664 1.72571 0.05668 0.74797 -0.06774 0.65783
1403715598562142976 1.78299 -8.90608 1.71423 0.05440 0.73359 -0.07558 0.67318
1403715598662142976 1.86030 -8.90949 1.69813 0.05644 0.73588 -0.08082 0.66989
1403715598762142976 1.89330 -8.90479 1.67659 0.06107 0.75516 -0.08569 0.64704
1403715598862142976 1.87488 -8.89108 1.64745 0.06437 0.77601 -0.09019 0.62092
1403715598962142976 1.75044 -8.84978 1.61702 0.06828 0.78899 -0.09252 0.60355
1403715599062142976 1.72225 -8.85678 1.57603 0.07130 0.79477 -0.09478 0.59520
1403715599162142976 1.63577 -8.84224 1.54178 0.07267 0.79527 -0.09694 0.59403
1403715599262142976 1.61148 -8.84517 1.49861 0.06612 0.80010 -0.10500 0.58689
1403715599362142976 1.60352 -8.85225 1.44916 0.05458 0.80367 -0.11584 0.58114
1403715599462142976 1.58697 -8.85638 1.39777 0.04054 0.80264 -0.12868 0.58101
1403715599562142976 1.54914 -8.85797 1.35065 0.03201 0.79979 -0.13964 0.58293
1403715599662142976 1.52172 -8.87634 1.30099 0.02619 0.79374 -0.14750 0.58952
1403715599762142976 1.47713 -8.89338 1.25915 0.03349 0.78757 -0.14883 0.59704
1403715599862142976 1.42762 -8.91858 1.21297 0.05117 0.78602 -0.14417 0.59897
1403715599962142976 1.36993 -8.94989 1.16628 0.06928 0.79411 -0.13864 0.58768
1403715600062142976 1.31316 -8.97980 1.11485 0.08530 0.80235 -0.13274 0.57562
1403715600162142976 1.25623 -9.00587 1.06385 0.10611 0.80890 -0.11291 0.56716
1403715600262142976 1.20603 -9.02312 1.00967 0.12106 0.81430 -0.08531 0.56124
1403715600362142976 1.15952 -9.02771 0.95589 0.12031 0.81859 -0.05746 0.55869
1403715600462142976 1.11567 -9.00675 0.89415 0.10107 0.82512 -0.03489 0.55474
1403715600562142976 1.08097 -8.97329 0.83819 0.06179 0.83583 -0.02193 0.54505
1403715600662142976 1.05988 -8.93221 0.79246 0.02556 0.84300 -0.00460 0.53728
1403715600762142976 1.04873 -8.88499 0.76310 -0.00146 0.84319 0.02154 0.53718
1403715600862142976 1.05245 -8.82736 0.75212 -0.02160 0.84006 0.05084 0.53967
1403715600962142976 1.06863 -8.77158 0.75622 -0.03882 0.83569 0.07778 0.54228
1403715601062142976 1.07971 -8.71247 0.76884 -0.05118 0.82950 0.09831 0.54739
1403715601162142976 1.08761 -8.64994 0.78719 -0.05590 0.82510 0.11205 0.55094
1403715601262142976 1.09433 -8.58049 0.81605 -0.05325 0.82139 0.12057 0.55493
1403715601362142976 1.11095 -8.50585 0.85311 -0.04789 0.81870 0.12746 0.55784
1403715601462142976 1.11466 -8.42270 0.88548 -0.04864 0.81766 0.12659 0.55951
1403715601562142976 1.12342 -8.33523 0.91196 -0.05082 0.81746 0.12144 0.56074
1403715601662142976 1.13524 -8.24505 0.93613 -0.05307 0.81825 0.11422 0.56090
1403715601762142976 1.13707 -8.14930 0.95471 -0.05493 0.81477 0.10751 0.56708
1403715601862142976 1.14646 -8.05450 0.97432 -0.05321 0.81129 0.10075 0.57344
1403715601962142976 1.14665 -7.95495 0.98949 -0.04695 0.80389 0.08721 0.58648
1403715602062142976 1.14885 -7.85641 1.00509 -0.03816 0.78920 0.06883 0.60907
1403715602162142976 1.14117 -7.75304 1.01596 -0.02797 0.77991 0.04557 0.62361
1403715602262142976 1.13140 -7.65493 1.02740 -0.01760 0.78063 0.01762 0.62450
1403715602362142976 1.10460 -7.56398 1.03165 -0.00044 0.79013 -0.00806 0.61289
1403715602462142976 1.07874 -7.46773 1.03932 0.01874 0.80377 -0.03451 0.59364
1403715602562142976 1.04122 -7.37697 1.05604 0.03819 0.81236 -0.05987 0.57882
1403715602662142976 1.00482 -7.28643 1.06764 0.06421 0.81304 -0.08162 0.57287
1403715602762142976 0.96894 -7.19288 1.06703 0.08873 0.81153 -0.10584 0.56775
1403715602862142976 0.93553 -7.09925 1.05053 0.10836 0.80986 -0.13246 0.56111
1403715602962142976 0.91125 -6.99802 1.01983 0.12624 0.80825 -0.15872 0.55282
1403715603062142976 0.87074 -6.91428 0.98130 0.14342 0.80269 -0.18344 0.54907
1403715603162142976 0.83924 -6.79827 0.94445 0.16222 0.79538 -0.20999 0.54495
1403715603262142976 0.81555 -6.67750 0.90807 0.17786 0.79125 -0.23652 0.53511
1403715603362142976 0.79402 -6.55529 0.87344 0.19048 0.78900 -0.25830 0.52390
1403715603462142976 0.77751 -6.44042 0.84208 0.19562 0.78281 -0.27752 0.52146
1403715603562142976 0.78171 -6.34532 0.80823 0.19334 0.77551 -0.29604 0.52303
1403715603662142976 0.77060 -6.23425 0.78694 0.18624 0.76790 -0.31516 0.52566
1403715603762142976 0.75912 -6.10916 0.77770 0.18129 0.75806 -0.33087 0.53198
1403715603862142976 0.77289 -6.02100 0.76443 0.17504 0.75215 -0.34350 0.53446
1403715603962142976 0.76936 -5.94419 0.76191 0.16523 0.75935 -0.35531 0.51946
1403715604062142976 0.76492 -5.88355 0.76222 0.17046 0.76872 -0.35564 0.50352
1403715604162142976 0.75912 -5.83929 0.76781 0.18991 0.77245 -0.34702 0.49682
1403715604262142976 0.75881 -5.79634 0.77105 0.20703 0.76986 -0.34066 0.49839
1403715604362142976 0.75317 -5.76718 0.77270 0.21583 0.76768 -0.33939 0.49889
1403715604462142976 0.74462 -5.74267 0.76564 0.21975 0.76700 -0.34162 0.49672
1403715604562142976 0.74831 -5.71929 0.76075 0.22594 0.76050 -0.34234 0.50338
1403715604662142976 0.77539 -5.71297 0.75632 0.23427 0.75288 -0.34175 0.51136
1403715604762142976 0.78651 -5.68901 0.75178 0.24073 0.74904 -0.34228 0.51365
1403715604862142976 0.81135 -5.66140 0.74652 0.24329 0.74723 -0.34609 0.51252
1403715604962142976 0.81127 -5.62718 0.74647 0.24579 0.74771 -0.34827 0.50914
1403715605062142976 0.85021 -5.61799 0.74325 0.24639 0.74820 -0.35232 0.50534
1403715605162142976 0.86085 -5.60751 0.74559 0.24876 0.74603 -0.35341 0.50662
1403715605262142976 0.88615 -5.61100 0.75295 0.24959 0.74297 -0.35562 0.50914
1403715605362142976 0.89394 -5.57230 0.76032 0.24587 0.73852 -0.36033 0.51411
1403715605462142976 0.94078 -5.58358 0.74883 0.24249 0.73577 -0.36511 0.51627
1403715605562142976 0.95718 -5.57421 0.74056 0.23773 0.73568 -0.37084 0.51452
1403715605662142976 0.99338 -5.57424 0.72186 0.23727 0.73533 -0.37423 0.51279
1403715605762142976 1.00964 -5.55749 0.71066 0.24764 0.73521 -0.37079 0.51054
1403715605862142976 1.02594 -5.54361 0.70263 0.25535 0.73487 -0.36951 0.50816
1403715605962142976 1.05606 -5.53049 0.69474 0.26133 0.73307 -0.36927 0.50789
1403715606062142976 1.08630 -5.52815 0.68081 0.26486 0.73149 -0.37021 0.50765
1403715606162142976 1.10345 -5.51821 0.66063 0.26648 0.73041 -0.37138 0.50752
1403715606262142976 1.13056 -5.50425 0.63973 0.26413 0.72823 -0.37615 0.50836
1403715606362142976 1.16619 -5.48562 0.62685 0.25991 0.72582 -0.38175 0.50980
1403715606462142976 1.19273 -5.47315 0.62583 0.25797 0.72344 -0.38580 0.51112
1403715606562142976 1.21906 -5.46403 0.63239 0.25642 0.72053 -0.38897 0.51360
1403715606662142976 1.24921 -5.45614 0.63322 0.25352 0.71752 -0.39248 0.51658
1403715606762142976 1.26284 -5.43227 0.63406 0.24875 0.71337 -0.39745 0.52083
1403715606862142976 1.27025 -5.40105 0.63331 0.25236 0.70850 -0.39739 0.52576
1403715606962142976 1.27236 -5.36733 0.63589 0.26587 0.70627 -0.39131 0.52667
1403715607062142976 1.28176 -5.37033 0.62380 0.27596 0.71084 -0.38792 0.51775
1403715607162142976 1.28379 -5.33205 0.62097 0.28119 0.71414 -0.38827 0.51009
1403715607262142976 1.28725 -5.31243 0.61418 0.28334 0.71574 -0.39077 0.50471
1403715607362142976 1.28980 -5.29027 0.61059 0.28494 0.71436 -0.39387 0.50335
1403715607462142976 1.29601 -5.27119 0.60797 0.28860 0.71194 -0.39636 0.50274
1403715607562142976 1.32590 -5.27193 0.60599 0.29105 0.71120 -0.40026 0.49929
1403715607662142976 1.32352 -5.21553 0.61123 0.29364 0.70949 -0.40486 0.49648
1403715607762142976 1.33190 -5.17588 0.61115 0.29678 0.70723 -0.40879 0.49460
1403715607862142976 1.33244 -5.11812 0.60264 0.29529 0.70390 -0.41614 0.49413
1403715607962142976 1.33401 -5.08533 0.60222 0.30334 0.70515 -0.41055 0.49213
1403715608062142976 1.33965 -5.05204 0.60619 0.30462 0.70568 -0.41343 0.48816
1403715608162142976 1.34912 -5.04607 0.60103 0.30391 0.70519 -0.41876 0.48475
1403715608262142976 1.35939 -5.03369 0.59826 0.30726 0.70185 -0.42070 0.48581
1403715608362142976 1.37203 -5.00126 0.59710 0.30839 0.70086 -0.42480 0.48295
1403715608462142976 1.38366 -4.98222 0.59463 0.31063 0.69872 -0.42790 0.48187
1403715608562142976 1.39512 -4.96780 0.59376 0.31292 0.69675 -0.43076 0.48070
1403715608662142976 1.40849 -4.95221 0.59259 0.31487 0.69507 -0.43393 0.47900
1403715608762142976 1.42152 -4.93952 0.59142 0.31715 0.69290 -0.43680 0.47803
1403715608862142976 1.43480 -4.92526 0.59060 0.31887 0.69122 -0.44004 0.47635
1403715608962142976 1.43876 -4.93622 0.59067 0.32050 0.68935 -0.44268 0.47551
1403715609062142976 1.45156 -4.92745 0.59036 0.32228 0.68750 -0.44578 0.47408
1403715609162142976 1.46636 -4.91874 0.58957 0.32417 0.68561 -0.44884 0.47265
1403715609262142976 1.48074 -4.90575 0.58954 0.32633 0.68355 -0.45180 0.47133
1403715609362142976 1.49357 -4.89700 0.58989 0.32812 0.68168 -0.45492 0.46979
