1403715530362142976 0.00748 0.00216 0.00202 -0.01991 0.81150 0.04596 0.58220
1403715530462142976 0.00132 0.01788 0.04573 -0.02632 0.81282 0.03963 0.58057
1403715530562142976 0.00912 0.07426 0.14553 -0.03107 0.81268 0.04000 0.58050
1403715530662142976 0.00691 0.09069 0.15647 -0.03953 0.81179 0.04460 0.58090
1403715530762142976 0.00494 0.10579 0.16204 -0.04872 0.81136 0.04970 0.58038
1403715530862142976 0.01635 0.12659 0.16959 -0.06059 0.81094 0.06111 0.57876
1403715530962142976 0.02980 0.14668 0.18494 -0.06860 0.81072 0.07467 0.57659
1403715531062142976 0.05286 0.16511 0.19717 -0.07465 0.81855 0.08368 0.56338
1403715531162142976 0.07881 0.18548 0.20713 -0.07690 0.83048 0.08956 0.54440
1403715531262142976 0.10355 0.21050 0.21754 -0.09146 0.83347 0.08249 0.53866
1403715531362142976 0.13143 0.23645 0.23182 -0.09947 0.82372 0.07483 0.55316
1403715531462142976 0.15436 0.25174 0.24072 -0.09856 0.81417 0.07341 0.56748
1403715531562142976 0.17745 0.25998 0.23715 -0.09743 0.80858 0.07365 0.57558
1403715531662142976 0.20163 0.26143 0.21947 -0.10053 0.80806 0.07206 0.57597
1403715531762142976 0.22256 0.28065 0.21390 -0.08351 0.80592 0.07351 0.58148
1403715531862142976 0.24821 0.28844 0.20983 -0.07026 0.79860 0.07786 0.59265
1403715531962142976 0.25993 0.30674 0.22266 -0.05506 0.79054 0.07703 0.60505
1403715532062142976 0.26642 0.32328 0.23289 -0.04425 0.78572 0.07641 0.61224
1403715532162142976 0.26904 0.33888 0.24211 -0.03808 0.78309 0.07780 0.61585
1403715532262142976 0.27274 0.35807 0.25524 -0.03629 0.78061 0.07870 0.61898
1403715532362142976 0.27564 0.36519 0.25521 -0.04276 0.78159 0.07987 0.61718
1403715532462142976 0.28515 0.37486 0.25789 -0.05159 0.78314 0.07873 0.61468
1403715532562142976 0.28585 0.38253 0.25901 -0.06359 0.78436 0.07593 0.61235
1403715532662142976 0.26934 0.38436 0.25836 -0.08023 0.78210 0.07036 0.61395
1403715532762142976 0.28770 0.37493 0.25519 -0.09325 0.77922 0.06502 0.61636
1403715532862142976 0.29312 0.35817 0.24933 -0.09669 0.77739 0.05947 0.61869
1403715532962142976 0.27534 0.32845 0.23984 -0.09586 0.77826 0.05006 0.61856
1403715533062142976 0.27641 0.29281 0.21988 -0.08791 0.78089 0.03253 0.61760
1403715533162142976 0.28558 0.24873 0.19377 -0.07156 0.78081 0.01203 0.62054
1403715533262142976 0.28446 0.19235 0.17474 -0.04809 0.77282 -0.00559 0.63278
1403715533362142976 0.28502 0.12490 0.16022 -0.02553 0.77066 -0.02012 0.63642
1403715533462142976 0.25547 0.04536 0.16571 -0.01121 0.77425 -0.03073 0.63204
1403715533562142976 0.22589 -0.04535 0.17675 -0.01155 0.77982 -0.04668 0.62416
1403715533662142976 0.17894 -0.14644 0.20343 -0.01919 0.78485 -0.06190 0.61629
1403715533762142976 0.12164 -0.26055 0.24491 -0.02244 0.78734 -0.07515 0.61151
1403715533862142976 0.06067 -0.38769 0.29564 -0.01282 0.78947 -0.07764 0.60872
1403715533962142976 -0.00122 -0.52728 0.34186 0.00325 0.79113 -0.07229 0.60736
1403715534062142976 -0.06401 -0.66971 0.37684 0.01816 0.79195 -0.06714 0.60661
1403715534162142976 -0.12112 -0.81737 0.39880 0.03420 0.79230 -0.05922 0.60629
1403715534262142976 -0.17173 -0.97193 0.40796 0.04806 0.79373 -0.05055 0.60426
1403715534362142976 -0.22413 -1.12988 0.40607 0.05367 0.79436 -0.04427 0.60345
1403715534462142976 -0.25904 -1.28209 0.39387 0.05954 0.79563 -0.04691 0.60102
1403715534562142976 -0.29886 -1.43807 0.37395 0.06659 0.79530 -0.05458 0.60007
1403715534662142976 -0.33062 -1.58249 0.35289 0.07487 0.79554 -0.06960 0.59722
1403715534762142976 -0.37028 -1.73076 0.33072 0.08604 0.79679 -0.08875 0.59148
1403715534862142976 -0.39907 -1.86766 0.30738 0.10242 0.79997 -0.11276 0.58039
1403715534962142976 -0.42148 -1.99708 0.28330 0.11927 0.80170 -0.13762 0.56931
1403715535062142976 -0.43849 -2.12738 0.25844 0.13270 0.80162 -0.15777 0.56116
1403715535162142976 -0.45777 -2.26065 0.23577 0.14132 0.80376 -0.17533 0.55069
1403715535262142976 -0.46644 -2.39085 0.21484 0.14480 0.80708 -0.18906 0.54028
1403715535362142976 -0.44810 -2.50358 0.19940 0.14557 0.80871 -0.19995 0.53369
1403715535462142976 -0.41839 -2.61762 0.18580 0.13420 0.80358 -0.21399 0.53895
1403715535562142976 -0.38033 -2.73780 0.17358 0.12857 0.79393 -0.21823 0.55273
1403715535662142976 -0.35001 -2.87837 0.16461 0.13065 0.78448 -0.21307 0.56756
1403715535762142976 -0.30140 -3.00105 0.15261 0.13133 0.78470 -0.19943 0.57204
1403715535862142976 -0.25534 -3.13109 0.13974 0.13464 0.78935 -0.17563 0.57266
1403715535962142976 -0.20844 -3.25905 0.12488 0.13211 0.79911 -0.15207 0.56643
1403715536062142976 -0.16342 -3.39039 0.11273 0.12461 0.80920 -0.13495 0.55809
1403715536162142976 -0.10792 -3.51057 0.10443 0.11806 0.81777 -0.12239 0.54985
1403715536262142976 -0.04652 -3.63313 0.09881 0.11723 0.82430 -0.10832 0.54320
1403715536362142976 0.02840 -3.74518 0.09271 0.11960 0.82667 -0.09452 0.54164
1403715536462142976 0.10936 -3.85863 0.09655 0.12901 0.82365 -0.07711 0.54682
1403715536562142976 0.19955 -3.96120 0.10229 0.13743 0.81876 -0.06387 0.55377
1403715536662142976 0.30009 -4.05428 0.10475 0.14201 0.81212 -0.05522 0.56324
1403715536762142976 0.40879 -4.13546 0.10804 0.14157 0.80071 -0.04963 0.57996
1403715536862142976 0.51535 -4.19670 0.11862 0.14196 0.78845 -0.04044 0.59712
1403715536962142976 0.62184 -4.24985 0.12448 0.15013 0.77637 -0.02709 0.61154
1403715537062142976 0.71583 -4.27475 0.13781 0.16002 0.76250 -0.01622 0.62668
1403715537162142976 0.79939 -4.27658 0.15289 0.16653 0.74345 -0.00820 0.64767
1403715537262142976 0.87541 -4.24679 0.16072 0.16092 0.72639 -0.00461 0.66817
1403715537362142976 0.92057 -4.19288 0.18125 0.13507 0.72277 -0.02021 0.67746
1403715537462142976 0.94392 -4.11979 0.19692 0.10380 0.74068 -0.04242 0.66243
1403715537562142976 0.94548 -4.03289 0.20723 0.07592 0.76843 -0.06166 0.63241
1403715537662142976 0.92667 -3.94237 0.22255 0.05907 0.78836 -0.07518 0.60774
1403715537762142976 0.89627 -3.85309 0.24146 0.05030 0.78716 -0.08026 0.60943
1403715537862142976 0.86337 -3.76903 0.26464 0.04975 0.77671 -0.08133 0.62260
1403715537962142976 0.81865 -3.68970 0.28185 0.04953 0.77487 -0.08060 0.62500
1403715538062142976 0.76225 -3.61502 0.29544 0.04306 0.78161 -0.08261 0.61677
1403715538162142976 0.69795 -3.54451 0.30937 0.03700 0.78840 -0.09099 0.60727
1403715538262142976 0.62733 -3.48164 0.31533 0.03894 0.79241 -0.10154 0.60022
1403715538362142976 0.55344 -3.42615 0.31057 0.04716 0.78995 -0.11350 0.60073
1403715538462142976 0.45292 -3.38983 0.30350 0.05802 0.78096 -0.11131 0.61184
1403715538562142976 0.36506 -3.34707 0.29592 0.08302 0.76917 -0.11895 0.62236
1403715538662142976 0.26999 -3.30356 0.28857 0.10354 0.76283 -0.13424 0.62398
1403715538762142976 0.16638 -3.25820 0.27911 0.12157 0.76388 -0.15757 0.61391
1403715538862142976 0.05545 -3.21164 0.26755 0.13937 0.76958 -0.18579 0.59482
1403715538962142976 -0.06131 -3.16550 0.25213 0.15955 0.76997 -0.21706 0.57843
1403715539062142976 -0.18124 -3.11940 0.22559 0.18258 0.76361 -0.25087 0.56624
1403715539162142976 -0.30151 -3.07016 0.18654 0.20666 0.75274 -0.28706 0.55522
1403715539262142976 -0.42178 -3.01882 0.13675 0.22852 0.74109 -0.32312 0.54237
1403715539362142976 -0.53722 -2.96383 0.07629 0.24768 0.73235 -0.35673 0.52446
1403715539462142976 -0.65081 -2.91069 0.01572 0.26545 0.72234 -0.38302 0.51094
1403715539562142976 -0.75628 -2.85787 -0.02937 0.27170 0.71299 -0.40686 0.50228
1403715539662142976 -0.85171 -2.80559 -0.05207 0.27234 0.70258 -0.42597 0.50076
1403715539762142976 -0.94701 -2.75399 -0.05895 0.27703 0.69302 -0.43597 0.50291
1403715539862142976 -1.05235 -2.70904 -0.05501 0.28031 0.69138 -0.43734 0.50215
1403715539962142976 -1.14165 -2.66266 -0.03552 0.27308 0.69764 -0.44093 0.49427
1403715540062142976 -1.24143 -2.62772 -0.00890 0.25856 0.70715 -0.44653 0.48342
1403715540162142976 -1.34081 -2.60869 0.02143 0.23930 0.71426 -0.45337 0.47648
1403715540262142976 -1.43848 -2.60126 0.05446 0.23196 0.71562 -0.45483 0.47667
1403715540362142976 -1.52256 -2.61228 0.09165 0.24043 0.71873 -0.44669 0.47549
1403715540462142976 -1.61370 -2.63555 0.12894 0.25003 0.72523 -0.43722 0.46943
1403715540562142976 -1.70166 -2.66941 0.15970 0.25504 0.73499 -0.43335 0.45492
1403715540662142976 -1.78513 -2.71517 0.18646 0.25270 0.74068 -0.43671 0.44365
1403715540762142976 -1.85832 -2.77629 0.20979 0.24129 0.73709 -0.44876 0.44396
1403715540862142976 -1.92340 -2.85366 0.23305 0.24094 0.72904 -0.45331 0.45272
1403715540962142976 -1.98350 -2.94460 0.25380 0.24682 0.72174 -0.45223 0.46223
1403715541062142976 -2.03737 -3.04797 0.27403 0.25551 0.71860 -0.44713 0.46733
1403715541162142976 -2.09048 -3.15962 0.29106 0.25801 0.71770 -0.44495 0.46942
1403715541262142976 -2.14076 -3.27990 0.30634 0.25063 0.70623 -0.44980 0.48591
1403715541362142976 -2.19473 -3.40747 0.32174 0.25732 0.69774 -0.44841 0.49586
1403715541462142976 -2.25254 -3.53868 0.33321 0.26723 0.70103 -0.44424 0.48968
1403715541562142976 -2.31097 -3.67612 0.34136 0.26964 0.71123 -0.44405 0.47356
1403715541662142976 -2.36682 -3.81878 0.34978 0.27076 0.71961 -0.44343 0.46067
1403715541762142976 -2.41641 -3.96624 0.36184 0.28601 0.72595 -0.43205 0.45225
1403715541862142976 -2.45663 -4.11844 0.37403 0.30983 0.72849 -0.41349 0.44982
1403715541962142976 -2.48336 -4.27138 0.38712 0.32751 0.73145 -0.39526 0.44888
1403715542062142976 -2.49198 -4.41703 0.39917 0.33744 0.73616 -0.37538 0.45088
1403715542162142976 -2.48085 -4.55381 0.41037 0.33988 0.73602 -0.35494 0.46560
1403715542262142976 -2.45112 -4.67665 0.42261 0.33391 0.73319 -0.33500 0.48858
1403715542362142976 -2.40739 -4.78086 0.43634 0.31581 0.73043 -0.31968 0.51433
1403715542462142976 -2.35438 -4.87432 0.44858 0.28784 0.72450 -0.30729 0.54573
1403715542562142976 -2.29867 -4.96065 0.46247 0.26421 0.72118 -0.29589 0.56793
1403715542662142976 -2.25276 -5.02096 0.47038 0.24578 0.72996 -0.28814 0.56897
1403715542762142976 -2.21323 -5.07550 0.47724 0.23277 0.73750 -0.28224 0.56768
1403715542862142976 -2.17998 -5.11873 0.47709 0.22360 0.74648 -0.27895 0.56121
1403715542962142976 -2.15126 -5.15306 0.47738 0.21224 0.75055 -0.28073 0.55931
1403715543062142976 -2.12782 -5.18495 0.46808 0.20172 0.74947 -0.28389 0.56303
1403715543162142976 -2.11100 -5.21151 0.44791 0.19747 0.74722 -0.28603 0.56644
1403715543262142976 -2.09922 -5.23627 0.42956 0.19645 0.74243 -0.28808 0.57203
1403715543362142976 -2.09392 -5.25972 0.41120 0.19650 0.74017 -0.28991 0.57401
1403715543462142976 -2.09629 -5.28146 0.39521 0.20231 0.73981 -0.28828 0.57328
1403715543562142976 -2.10433 -5.30082 0.37966 0.21023 0.73913 -0.28459 0.57315
1403715543662142976 -2.12228 -5.31196 0.36516 0.22122 0.73391 -0.27819 0.57883
1403715543762142976 -2.14433 -5.31939 0.34786 0.24000 0.72916 -0.27227 0.58017
1403715543862142976 -2.17594 -5.31247 0.32875 0.26447 0.72582 -0.27161 0.57400
1403715543962142976 -2.21096 -5.29191 0.30615 0.28729 0.72345 -0.28140 0.56115
1403715544062142976 -2.24763 -5.25418 0.28094 0.30872 0.72057 -0.30018 0.54348
1403715544162142976 -2.28182 -5.20460 0.24413 0.31576 0.71179 -0.33792 0.52865
1403715544262142976 -2.31782 -5.14296 0.19496 0.32440 0.69671 -0.38144 0.51368
1403715544362142976 -2.35479 -5.07175 0.13187 0.33455 0.67649 -0.42747 0.49770
1403715544462142976 -2.39006 -4.99344 0.05877 0.34597 0.65259 -0.46978 0.48346
1403715544562142976 -2.42296 -4.91050 -0.01330 0.36015 0.63031 -0.50255 0.46952
1403715544662142976 -2.45218 -4.82487 -0.07106 0.37225 0.61366 -0.52377 0.45882
1403715544762142976 -2.47961 -4.73605 -0.10376 0.38776 0.60053 -0.52984 0.45637
1403715544862142976 -2.50619 -4.63983 -0.11086 0.39827 0.59334 -0.53015 0.45636
1403715544962142976 -2.53143 -4.53520 -0.09696 0.39877 0.59407 -0.53220 0.45257
1403715545062142976 -2.55595 -4.42448 -0.07645 0.39635 0.59705 -0.53753 0.44441
1403715545162142976 -2.57860 -4.31474 -0.05843 0.39765 0.59644 -0.54510 0.43475
1403715545262142976 -2.60122 -4.20024 -0.05137 0.40090 0.59118 -0.55612 0.42486
1403715545362142976 -2.62178 -4.08618 -0.05559 0.40366 0.58214 -0.56907 0.41754
1403715545462142976 -2.64172 -3.97035 -0.06331 -0.39887 -0.56823 0.58379 -0.42095
1403715545562142976 -2.66307 -3.85634 -0.06530 -0.39090 -0.55488 0.59722 -0.42735
1403715545662142976 -2.69187 -3.73979 -0.05983 -0.38472 -0.54536 0.60577 -0.43315
1403715545762142976 -2.72765 -3.62765 -0.05333 -0.38156 -0.54503 0.60656 -0.43525
1403715545862142976 -2.77027 -3.51776 -0.04858 -0.38182 -0.55323 0.59921 -0.43485
1403715545962142976 -2.81749 -3.41037 -0.04219 -0.38334 -0.57020 0.58279 -0.43392
1403715546062142976 -2.86613 -3.30163 -0.03534 0.38103 0.59233 -0.55974 0.43664
1403715546162142976 -2.91668 -3.18890 -0.02663 0.36947 0.61623 -0.53315 0.44666
1403715546262142976 -2.96423 -3.07877 -0.01664 0.35109 0.64121 -0.50321 0.46083
1403715546362142976 -3.01086 -2.96858 -0.00526 0.32823 0.66528 -0.47152 0.47679
1403715546462142976 -3.05534 -2.86104 0.00780 0.30215 0.68923 -0.43891 0.49094
1403715546562142976 -3.09892 -2.75533 0.02209 0.27554 0.71195 -0.40397 0.50399
1403715546662142976 -3.14400 -2.64840 0.03542 0.25009 0.73673 -0.36579 0.51077
1403715546762142976 -3.18548 -2.54566 0.04629 0.22079 0.76502 -0.32843 0.50806
1403715546862142976 -3.22638 -2.44135 0.05526 0.18625 0.79044 -0.29475 0.50363
1403715546962142976 -3.25975 -2.34631 0.06753 0.15937 0.80850 -0.25676 0.50498
1403715547062142976 -3.28572 -2.25965 0.07994 0.14167 0.82334 -0.21229 0.50693
1403715547162142976 -3.30164 -2.17672 0.09380 0.12118 0.83386 -0.17038 0.51085
1403715547262142976 -3.30639 -2.09770 0.10724 0.10131 0.84136 -0.12824 0.51517
1403715547362142976 -3.29947 -2.01988 0.12153 0.08232 0.84747 -0.09049 0.51656
1403715547462142976 -3.28250 -1.94194 0.13284 0.06018 0.85452 -0.05947 0.51249
1403715547562142976 -3.25302 -1.86115 0.14225 0.03810 0.86037 -0.02837 0.50744
1403715547662142976 -3.20818 -1.77643 0.14968 0.01708 0.86326 0.00655 0.50443
1403715547762142976 -3.13083 -1.70334 0.14571 -0.00185 0.86394 0.04213 0.50183
1403715547862142976 -3.05921 -1.59974 0.15448 -0.02273 0.86210 0.07496 0.50065
1403715547962142976 -2.96693 -1.50431 0.16089 -0.04383 0.85401 0.10423 0.50783
1403715548062142976 -2.86051 -1.40343 0.16784 -0.06335 0.84098 0.12275 0.52314
1403715548162142976 -2.74841 -1.29855 0.17568 -0.07336 0.82653 0.13639 0.54118
1403715548262142976 -2.63482 -1.19326 0.18192 -0.07613 0.81584 0.14558 0.55445
1403715548362142976 -2.51612 -1.08422 0.17951 -0.07676 0.81073 0.14894 0.56093
1403715548462142976 -2.39731 -0.97008 0.16458 -0.07471 0.80995 0.14898 0.56232
1403715548562142976 -2.28552 -0.85458 0.14393 -0.07720 0.81128 0.14359 0.56148
1403715548662142976 -2.17294 -0.73497 0.12171 -0.07987 0.81312 0.13636 0.56024
1403715548762142976 -2.06478 -0.61488 0.10025 -0.08126 0.81347 0.12978 0.56109
1403715548862142976 -1.95761 -0.49770 0.08121 -0.08045 0.81411 0.12461 0.56144
1403715548962142976 -1.85479 -0.37901 0.06146 -0.08180 0.81318 0.12142 0.56330
1403715549062142976 -1.75973 -0.26125 0.04307 -0.08699 0.81001 0.12607 0.56606
1403715549162142976 -1.65551 -0.13437 0.02661 -0.09540 0.80132 0.13337 0.57532
1403715549262142976 -1.55326 -0.00714 0.01174 -0.10302 0.79027 0.13951 0.58771
1403715549362142976 -1.45918 0.11653 -0.00277 -0.11357 0.78263 0.14176 0.59540
1403715549462142976 -1.39359 0.21119 -0.01436 -0.13091 0.78331 0.13848 0.59171
1403715549562142976 -1.31488 0.32705 -0.03490 -0.14368 0.79009 0.13591 0.58020
1403715549662142976 -1.26138 0.40241 -0.04790 -0.15296 0.79971 0.12870 0.56613
1403715549762142976 -1.18806 0.49223 -0.06402 -0.15578 0.80481 0.11293 0.56148
1403715549862142976 -1.13129 0.53986 -0.07035 -0.15206 0.80557 0.09170 0.56527
1403715549962142976 -1.06327 0.59017 -0.07727 -0.14931 0.80826 0.06088 0.56632
1403715550062142976 -0.99827 0.61197 -0.08253 -0.14057 0.81340 0.02574 0.56388
1403715550162142976 -0.93201 0.61328 -0.08411 -0.11384 0.81902 -0.00232 0.56236
1403715550262142976 -0.86363 0.59656 -0.07194 -0.08154 0.82295 -0.02727 0.56158
1403715550362142976 -0.79336 0.56695 -0.04541 -0.05155 0.82450 -0.05164 0.56114
1403715550462142976 -0.72015 0.52376 -0.00912 -0.01790 0.82220 -0.07510 0.56393
1403715550562142976 -0.64510 0.47141 0.02651 0.01324 0.81862 -0.10202 0.56504
1403715550662142976 -0.57236 0.41179 0.05140 0.03459 0.81339 -0.13567 0.56462
1403715550762142976 -0.49993 0.34630 0.06296 0.04933 0.80584 -0.17367 0.56394
1403715550862142976 -0.42901 0.27314 0.06174 0.05930 0.79673 -0.21353 0.56223
1403715550962142976 -0.36126 0.18959 0.04865 0.07131 0.78623 -0.25157 0.55988
1403715551062142976 -0.29250 0.09143 0.03777 0.09384 0.77657 -0.28167 0.55570
1403715551162142976 -0.23851 -0.02060 0.03978 0.12122 0.76580 -0.30784 0.55144
1403715551262142976 -0.19726 -0.14283 0.05444 0.14154 0.75139 -0.33833 0.54856
1403715551362142976 -0.15773 -0.28003 0.07751 0.15666 0.73503 -0.37253 0.54443
1403715551462142976 -0.13733 -0.42305 0.10094 0.17515 0.71652 -0.40474 0.54048
1403715551562142976 -0.13234 -0.57318 0.12337 0.20105 0.69782 -0.43152 0.53518
1403715551662142976 -0.13618 -0.73460 0.14577 0.23710 0.67995 -0.45019 0.52800
1403715551762142976 -0.15452 -0.89835 0.16869 0.27392 0.65841 -0.46703 0.52282
1403715551862142976 -0.18372 -1.06111 0.19076 0.30448 0.63167 -0.48623 0.52141
1403715551962142976 -0.22525 -1.21646 0.21136 0.33442 0.60304 -0.50384 0.52024
1403715552062142976 -0.27796 -1.36383 0.23044 0.36717 0.58572 -0.51877 0.50299
1403715552162142976 -0.33881 -1.49995 0.24647 0.39026 0.57063 -0.53798 0.48234
1403715552262142976 -0.40672 -1.61345 0.26187 -0.41813 -0.55002 0.55279 -0.46590
1403715552362142976 -0.47866 -1.71573 0.27644 -0.44568 -0.52490 0.56751 -0.45142
1403715552462142976 -0.55024 -1.80001 0.28877 -0.46876 -0.49959 0.58690 -0.43154
1403715552562142976 -0.62112 -1.85733 0.29940 -0.48829 -0.46810 0.60860 -0.41481
1403715552662142976 -0.68970 -1.89435 0.30853 0.50513 0.43050 -0.63172 0.40056
1403715552762142976 -0.75619 -1.91104 0.31354 0.51646 0.39232 -0.65849 0.38177
1403715552862142976 -0.82099 -1.90289 0.31345 0.52599 0.35328 -0.68542 0.35879
1403715552962142976 -0.88548 -1.88083 0.31050 0.52735 0.31232 -0.71428 0.33788
1403715553062142976 -0.95188 -1.84171 0.30510 0.52650 0.26924 -0.74051 0.31930
1403715553162142976 -1.02021 -1.78248 0.29683 0.53323 0.23027 -0.75860 0.29526
1403715553262142976 -1.09221 -1.70451 0.28767 0.54795 0.19181 -0.76749 0.27189
1403715553362142976 -1.17090 -1.60884 0.27914 0.57124 0.15573 -0.76750 0.24572
1403715553462142976 -1.24386 -1.49036 0.27033 0.60154 0.12579 -0.76067 0.20906
1403715553562142976 -1.30984 -1.35458 0.25745 0.62714 0.09894 -0.75346 0.17088
1403715553662142976 -1.35687 -1.20721 0.23908 0.64015 0.07893 -0.75215 0.13509
1403715553762142976 -1.39075 -1.05064 0.21689 0.63297 0.06961 -0.76369 0.10620
1403715553862142976 -1.41117 -0.89204 0.19233 0.61012 0.06982 -0.78514 0.08022
1403715553962142976 -1.41111 -0.73032 0.17284 0.58760 0.07300 -0.80349 0.06163
1403715554062142976 -1.41107 -0.57237 0.15312 0.55835 0.07331 -0.82448 0.05576
1403715554162142976 -1.41312 -0.41971 0.13335 0.52677 0.07529 -0.84502 0.05274
1403715554262142976 -1.42532 -0.27175 0.11856 0.50441 0.07902 -0.85836 0.05036
1403715554362142976 -1.45540 -0.13132 0.10308 -0.49469 -0.09352 0.86324 -0.03684
1403715554462142976 -1.50084 -0.00044 0.08377 0.51267 0.13457 -0.84797 0.00235
1403715554562142976 -1.55396 0.10979 0.05378 0.54523 0.19119 -0.81495 -0.04506
1403715554662142976 -1.60302 0.18908 0.01513 0.57252 0.23685 -0.78008 -0.08711
1403715554762142976 -1.63485 0.22733 -0.02988 0.58971 0.26256 -0.75536 -0.11284
1403715554862142976 -1.64689 0.20401 -0.07113 0.60666 0.27197 -0.73703 -0.12158
1403715554962142976 -1.62766 0.11432 -0.08822 0.62300 0.26075 -0.72948 -0.10839
1403715555062142976 -1.57749 -0.02808 -0.08226 0.62438 0.21825 -0.74772 -0.05865
1403715555162142976 -1.50159 -0.20456 -0.05955 0.60406 0.15810 -0.78096 0.01447
1403715555262142976 -1.41680 -0.39723 -0.03831 0.56900 0.09644 -0.81127 0.09372
1403715555362142976 -1.33245 -0.58483 -0.02960 0.53941 0.04957 -0.82636 0.15396
1403715555462142976 -1.26066 -0.75478 -0.02066 0.53866 0.03722 -0.82477 0.16798
1403715555562142976 -1.20115 -0.89930 0.00108 0.55272 0.04715 -0.81760 0.15427
1403715555662142976 -1.14739 -1.02096 0.03359 0.56219 0.06223 -0.81308 0.13773
1403715555762142976 -1.09529 -1.12868 0.07560 0.55788 0.07107 -0.81597 0.13386
1403715555862142976 -1.04718 -1.21714 0.12808 0.54624 0.06818 -0.82180 0.14703
1403715555962142976 -1.00870 -1.28478 0.19195 0.53855 0.06737 -0.82527 0.15603
1403715556062142976 -0.97809 -1.33571 0.25204 0.52555 0.05875 -0.83086 0.17326
1403715556162142976 -0.95142 -1.36883 0.30508 0.52351 0.05388 -0.83023 0.18373
1403715556262142976 -0.94202 -1.37179 0.35337 0.53407 0.05482 -0.82304 0.18539
1403715556362142976 -0.94671 -1.35136 0.40041 0.54256 0.06202 -0.81775 0.18183
1403715556462142976 -0.96100 -1.31129 0.44094 0.54801 0.07483 -0.81517 0.17197
1403715556562142976 -0.98112 -1.26097 0.46757 0.55172 0.10001 -0.81532 0.14443
1403715556662142976 -1.00545 -1.20292 0.48035 0.54977 0.11932 -0.81735 0.12432
1403715556762142976 -1.03491 -1.14158 0.47856 0.54157 0.13326 -0.82248 0.11169
1403715556862142976 -1.06972 -1.08207 0.46850 0.54469 0.14600 -0.81990 0.09878
1403715556962142976 -1.10764 -1.02540 0.45731 0.54841 0.15609 -0.81674 0.08845
1403715557062142976 -1.14905 -0.97236 0.44304 0.53739 0.15603 -0.82390 0.08974
1403715557162142976 -1.19581 -0.92517 0.42839 0.51896 0.15113 -0.83586 0.09578
1403715557262142976 -1.25230 -0.88408 0.41533 0.50269 0.14643 -0.84602 0.10056
1403715557362142976 -1.32178 -0.84596 0.40417 -0.49418 -0.14384 0.85137 -0.10131
1403715557462142976 -1.40720 -0.81353 0.39451 -0.49970 -0.14187 0.84851 -0.10101
1403715557562142976 -1.50678 -0.78599 0.38538 0.51985 0.14325 -0.83658 0.09676
1403715557662142976 -1.61682 -0.76393 0.37371 0.53827 0.14668 -0.82508 0.08934
1403715557762142976 -1.72873 -0.74740 0.36157 0.55132 0.14763 -0.81687 0.08349
1403715557862142976 -1.84289 -0.73847 0.35260 0.55347 0.14079 -0.81647 0.08501
1403715557962142976 -1.95714 -0.73470 0.35534 0.55300 0.13295 -0.81801 0.08589
1403715558062142976 -2.07326 -0.73535 0.37079 0.55380 0.12709 -0.81848 0.08516
1403715558162142976 -2.19149 -0.73969 0.39701 0.55121 0.12339 -0.82097 0.08334
1403715558262142976 -2.31084 -0.74695 0.42713 0.54995 0.12608 -0.82224 0.07464
1403715558362142976 -2.43489 -0.75875 0.45732 0.55771 0.13264 -0.81698 0.06257
1403715558462142976 -2.55487 -0.77663 0.48452 0.57259 0.13215 -0.80665 0.06322
1403715558562142976 -2.67393 -0.79994 0.50303 0.59230 0.12495 -0.79247 0.07459
1403715558662142976 -2.78507 -0.82342 0.50831 0.60437 0.11888 -0.78335 0.08352
1403715558762142976 -2.88336 -0.84553 0.50043 0.60761 0.12004 -0.78011 0.08852
1403715558862142976 -2.97609 -0.86926 0.49092 0.60788 0.13231 -0.77764 0.09083
1403715558962142976 -3.05328 -0.89318 0.48393 0.60833 0.15213 -0.77347 0.09237
1403715559062142976 -3.12085 -0.91968 0.48249 0.60759 0.17443 -0.76882 0.09658
1403715559162142976 -3.17331 -0.94912 0.48385 0.60597 0.19450 -0.76337 0.11063
1403715559262142976 -3.20584 -0.97945 0.48686 0.60471 0.21712 -0.75616 0.12418
1403715559362142976 -3.22368 -1.01195 0.48991 0.60146 0.24228 -0.74909 0.13568
1403715559462142976 -3.22872 -1.04651 0.48886 0.58915 0.26761 -0.74866 0.14417
1403715559562142976 -3.22372 -1.08482 0.47821 0.56692 0.28156 -0.75775 0.15856
1403715559662142976 -3.20697 -1.12246 0.45599 0.55083 0.28930 -0.76347 0.17325
1403715559762142976 -3.18898 -1.16459 0.42397 0.54477 0.30325 -0.76134 0.17785
1403715559862142976 -3.16636 -1.20843 0.39046 0.54039 0.31924 -0.75645 0.18394
1403715559962142976 -3.14080 -1.25736 0.35719 0.53686 0.34083 -0.74842 0.18838
1403715560062142976 -3.11153 -1.31509 0.32541 0.53217 0.36311 -0.73940 0.19553
1403715560162142976 -3.07666 -1.38440 0.30012 0.52451 0.38320 -0.73158 0.20698
1403715560262142976 -3.03437 -1.46120 0.28929 0.51212 0.39520 -0.72694 0.23045
1403715560362142976 -2.98760 -1.54439 0.28915 -0.49937 -0.40800 0.72160 -0.25190
1403715560462142976 -2.93980 -1.63117 0.29300 -0.48973 -0.42380 0.71307 -0.26849
1403715560562142976 -2.89113 -1.72321 0.29607 -0.48147 -0.43922 0.70327 -0.28403
1403715560662142976 -2.84103 -1.81955 0.29919 -0.47372 -0.45733 0.69133 -0.29749
1403715560762142976 -2.79301 -1.91649 0.30446 -0.46623 -0.47722 0.67712 -0.31047
1403715560862142976 -2.74034 -2.01955 0.30864 -0.46096 -0.50014 0.65976 -0.31954
1403715560962142976 -2.68512 -2.12472 0.31310 -0.45319 -0.52375 0.64184 -0.32916
1403715561062142976 -2.62555 -2.23099 0.31810 -0.44188 -0.54544 0.62392 -0.34346
1403715561162142976 -2.56018 -2.34081 0.32105 -0.42602 -0.56348 0.60827 -0.36194
1403715561262142976 -2.49075 -2.45510 0.32331 -0.40846 -0.57466 0.59745 -0.38208
1403715561362142976 -2.42501 -2.56685 0.32426 -0.38763 -0.57809 0.59331 -0.40440
1403715561462142976 -2.36052 -2.68317 0.32561 0.37412 0.58482 -0.58440 0.42013
1403715561562142976 -2.30269 -2.79837 0.32960 0.37346 0.59781 -0.56623 0.42724
1403715561662142976 -2.24915 -2.91332 0.33424 0.37707 0.61325 -0.54486 0.42996
1403715561762142976 -2.19715 -3.02351 0.33960 0.38007 0.62447 -0.52176 0.43972
1403715561862142976 -2.14089 -3.13139 0.34677 0.37794 0.63439 -0.49925 0.45328
1403715561962142976 -2.08464 -3.23006 0.35517 0.37408 0.64260 -0.47481 0.47084
1403715562062142976 -2.02521 -3.32135 0.36505 0.37112 0.64652 -0.45109 0.49072
1403715562162142976 -1.96346 -3.40318 0.37740 0.37351 0.64809 -0.43093 0.50474
1403715562262142976 -1.90373 -3.46949 0.38755 0.37751 0.65355 -0.41645 0.50689
1403715562362142976 -1.84196 -3.51862 0.39474 0.37906 0.66531 -0.41022 0.49536
1403715562462142976 -1.77209 -3.55502 0.39930 0.37623 0.68234 -0.40934 0.47466
1403715562562142976 -1.69905 -3.56967 0.40534 0.37502 0.69702 -0.40123 0.46101
1403715562662142976 -1.61508 -3.57064 0.41182 0.36431 0.70553 -0.39398 0.46292
1403715562762142976 -1.51627 -3.56666 0.41643 0.33419 0.70742 -0.40335 0.47453
1403715562862142976 -1.41139 -3.55701 0.42046 0.30771 0.70841 -0.40916 0.48586
1403715562962142976 -1.30677 -3.54055 0.42499 0.28556 0.71180 -0.40603 0.49693
1403715563062142976 -1.19926 -3.52260 0.42980 0.26976 0.71695 -0.39327 0.50848
1403715563162142976 -1.09321 -3.50410 0.43539 0.26305 0.72329 -0.36745 0.52214
1403715563262142976 -0.98560 -3.48358 0.44261 0.25285 0.72886 -0.33419 0.54143
1403715563362142976 -0.88065 -3.45567 0.44908 0.23553 0.73766 -0.29621 0.55915
1403715563462142976 -0.78000 -3.41927 0.45429 0.21415 0.74980 -0.25519 0.57168
1403715563562142976 -0.68167 -3.37754 0.44885 0.19388 0.76118 -0.21394 0.58073
1403715563662142976 -0.59339 -3.32644 0.43167 0.17618 0.76917 -0.17421 0.58905
1403715563762142976 -0.51954 -3.26912 0.40486 0.15966 0.77325 -0.13654 0.59829
1403715563862142976 -0.45025 -3.20028 0.36495 0.12964 0.77424 -0.10718 0.61013
1403715563962142976 -0.39434 -3.12346 0.31602 0.09142 0.77684 -0.08167 0.61765
1403715564062142976 -0.35167 -3.03994 0.26094 0.04538 0.78215 -0.05893 0.61864
1403715564162142976 -0.32292 -2.95431 0.20878 0.00325 0.78484 -0.03247 0.61884
1403715564262142976 -0.30413 -2.87100 0.15966 -0.03306 0.78760 -0.00078 0.61530
1403715564362142976 -0.29342 -2.79338 0.12336 -0.06119 0.78822 0.04069 0.61098
1403715564462142976 -0.29379 -2.72154 0.09842 -0.08699 0.79563 0.08803 0.59300
1403715564562142976 -0.30250 -2.65493 0.09040 -0.11149 0.79885 0.13606 0.57524
1403715564662142976 -0.31204 -2.58840 0.09541 -0.13400 0.79453 0.18369 0.56305
1403715564762142976 -0.32582 -2.52541 0.11743 -0.15432 0.78461 0.23043 0.55450
1403715564862142976 -0.34187 -2.46437 0.15538 -0.17534 0.77055 0.27387 0.54818
1403715564962142976 -0.36001 -2.40214 0.20733 -0.19738 0.75127 0.31271 0.54667
1403715565062142976 -0.38255 -2.33739 0.26968 -0.22013 0.73257 0.34893 0.54142
1403715565162142976 -0.41221 -2.27198 0.33580 -0.24970 0.71618 0.38080 0.52890
1403715565262142976 -0.44892 -2.20844 0.39060 -0.27983 0.70031 0.40925 0.51360
1403715565362142976 -0.49126 -2.15127 0.43671 -0.31041 0.67960 0.43244 0.50475
1403715565462142976 -0.53437 -2.09297 0.46789 -0.34112 0.65670 0.45264 0.49749
1403715565562142976 -0.57899 -2.04719 0.49112 -0.36782 0.63230 0.47680 0.48741
1403715565662142976 -0.62739 -2.00857 0.51347 -0.39321 0.60725 0.50407 0.47175
1403715565762142976 -0.67881 -1.97870 0.53995 -0.41629 0.58026 0.53603 0.45020
1403715565862142976 -0.73503 -1.95696 0.56964 -0.43656 0.55159 0.57220 0.42161
1403715565962142976 -0.79247 -1.94845 0.60094 -0.45886 0.51525 0.60802 0.39278
1403715566062142976 -0.84605 -1.95336 0.63127 -0.48265 0.47553 0.64006 0.36229
1403715566162142976 -0.90094 -1.96579 0.66192 0.50227 -0.43394 -0.66953 -0.33340
1403715566262142976 -0.95269 -1.98709 0.69034 0.52070 -0.39189 -0.69514 -0.30342
1403715566362142976 -0.99954 -2.01645 0.71717 0.53716 -0.34943 -0.71765 -0.27265
1403715566462142976 -1.03992 -2.05431 0.73626 0.55106 -0.30735 -0.73668 -0.24325
1403715566562142976 -1.07752 -2.09708 0.74452 0.56557 -0.26680 -0.74998 -0.21557
1403715566662142976 -1.11066 -2.14632 0.74161 0.57771 -0.22621 -0.76108 -0.18934
1403715566762142976 -1.13951 -2.20388 0.73169 0.58659 -0.18326 -0.77230 -0.16088
1403715566862142976 -1.16767 -2.26781 0.72290 0.59389 -0.13951 -0.78235 -0.12553
1403715566962142976 -1.18507 -2.34330 0.71642 0.60198 -0.09152 -0.78841 -0.08748
1403715567062142976 -1.19173 -2.42155 0.70870 0.60269 -0.04193 -0.79566 -0.04386
1403715567162142976 -1.19888 -2.50449 0.69806 0.60078 0.00893 -0.79935 0.00510
1403715567262142976 -1.19006 -2.58905 0.68991 0.59142 0.06477 -0.80210 0.05153
1403715567362142976 -1.17690 -2.67305 0.67868 0.57837 0.12621 -0.80050 0.09358
1403715567462142976 -1.15841 -2.75272 0.66070 0.56273 0.19018 -0.79389 0.13001
1403715567562142976 -1.13571 -2.83475 0.63013 0.54755 0.25041 -0.78148 0.16364
1403715567662142976 -1.10812 -2.91748 0.58939 0.53482 0.30351 -0.76312 0.19874
1403715567762142976 -1.07391 -3.01314 0.54378 0.52488 0.35268 -0.73804 0.23540
1403715567862142976 -1.03304 -3.10685 0.49842 0.51341 0.39883 -0.70980 0.27114
1403715567962142976 -0.98471 -3.19732 0.45619 -0.49830 -0.44516 0.67985 -0.30223
1403715568062142976 -0.92831 -3.28183 0.41783 -0.48525 -0.48658 0.64598 -0.33239
1403715568162142976 -0.86664 -3.36184 0.38153 -0.47057 -0.52250 0.61084 -0.36392
1403715568262142976 -0.80089 -3.43396 0.34706 -0.45023 -0.55633 0.57737 -0.39298
1403715568362142976 -0.73141 -3.49560 0.31316 0.42638 0.58718 -0.54453 0.42060
1403715568462142976 -0.65996 -3.55157 0.28249 0.40218 0.61627 -0.51032 0.44501
1403715568562142976 -0.58612 -3.60036 0.25661 0.37663 0.64413 -0.47492 0.46658
1403715568662142976 -0.50743 -3.63588 0.23569 0.35169 0.67120 -0.43714 0.48448
1403715568762142976 -0.42822 -3.65813 0.22148 0.32328 0.69529 -0.39965 0.50233
1403715568862142976 -0.34752 -3.66744 0.21195 0.29450 0.71832 -0.36210 0.51592
1403715568962142976 -0.26836 -3.66681 0.20485 0.26415 0.73939 -0.32828 0.52513
1403715569062142976 -0.18680 -3.66285 0.19358 0.23667 0.75786 -0.29634 0.53087
1403715569162142976 -0.10741 -3.65112 0.18288 0.20864 0.77267 -0.26558 0.53751
1403715569262142976 -0.02988 -3.63696 0.17347 0.18221 0.78092 -0.23879 0.54767
1403715569362142976 0.05072 -3.62048 0.16584 0.16551 0.77956 -0.21190 0.56567
1403715569462142976 0.12657 -3.59941 0.16136 0.15150 0.77744 -0.18721 0.58102
1403715569562142976 0.19633 -3.57199 0.15741 0.14029 0.77968 -0.16058 0.58876
1403715569662142976 0.25729 -3.53368 0.15333 0.12670 0.78530 -0.13349 0.59113
1403715569762142976 0.30745 -3.48702 0.15101 0.10660 0.79283 -0.10668 0.59048
1403715569862142976 0.35370 -3.43714 0.14887 0.07934 0.79898 -0.07793 0.59099
1403715569962142976 0.39751 -3.38025 0.14900 0.05469 0.79908 -0.04426 0.59710
1403715570062142976 0.44167 -3.31439 0.14754 0.02901 0.79795 -0.00987 0.60194
1403715570162142976 0.47166 -3.24587 0.14606 0.00223 0.79609 0.02602 0.60461
1403715570262142976 0.48827 -3.17626 0.14419 -0.02613 0.79321 0.06315 0.60509
1403715570362142976 0.49966 -3.10163 0.13960 -0.05540 0.78665 0.10216 0.60637
1403715570462142976 0.49695 -3.02594 0.13425 -0.08731 0.77777 0.14192 0.60606
1403715570562142976 0.48552 -2.94793 0.12790 -0.11826 0.76625 0.18369 0.60426
1403715570662142976 0.46204 -2.87015 0.11805 -0.14891 0.75699 0.22604 0.59472
1403715570762142976 0.42689 -2.78962 0.10472 -0.17925 0.74899 0.26832 0.57870
1403715570862142976 0.38086 -2.71066 0.09260 -0.20934 0.73654 0.31083 0.56309
1403715570962142976 0.32278 -2.63483 0.08062 -0.23712 0.72376 0.35054 0.54504
1403715571062142976 0.25919 -2.55990 0.06764 -0.26209 0.71281 0.38156 0.52690
1403715571162142976 0.19230 -2.48920 0.05384 -0.28522 0.70330 0.39868 0.51486
1403715571262142976 0.12624 -2.42061 0.04306 -0.30380 0.68841 0.40676 0.51802
1403715571362142976 0.05674 -2.36009 0.03377 -0.31354 0.67529 0.41110 0.52600
1403715571462142976 -0.01656 -2.31190 0.02408 -0.31286 0.67555 0.41699 0.52141
1403715571562142976 -0.09395 -2.26825 0.01210 -0.31270 0.68636 0.41983 0.50485
1403715571662142976 -0.17636 -2.23380 -0.00741 -0.32349 0.70660 0.41261 0.47521
1403715571762142976 -0.25066 -2.20036 -0.04255 -0.33851 0.73225 0.39932 0.43561
1403715571862142976 -0.30596 -2.17429 -0.08450 -0.34480 0.75450 0.39086 0.39883
1403715571962142976 -0.33136 -2.14661 -0.12687 -0.34174 0.77188 0.38800 0.36997
1403715572062142976 -0.32587 -2.11811 -0.16269 -0.32662 0.78176 0.39611 0.35393
1403715572162142976 -0.28964 -2.07941 -0.19043 -0.29889 0.77625 0.42069 0.36210
1403715572262142976 -0.23461 -2.02200 -0.21084 -0.28023 0.74990 0.44971 0.39608
1403715572362142976 -0.16886 -1.94506 -0.22887 -0.27699 0.70679 0.47712 0.44281
1403715572462142976 -0.10556 -1.85595 -0.24755 -0.28903 0.66498 0.49598 0.47778
1403715572562142976 -0.05381 -1.76237 -0.26872 -0.30987 0.63794 0.50939 0.48738
1403715572662142976 -0.01421 -1.66524 -0.29061 -0.32936 0.61657 0.52539 0.48510
1403715572762142976 0.01042 -1.56841 -0.31160 -0.34380 0.59907 0.54634 0.47375
1403715572862142976 0.02096 -1.47189 -0.32485 -0.36162 0.58665 0.56492 0.45380
1403715572962142976 0.02012 -1.37689 -0.32270 -0.38404 0.57178 0.57948 0.43564
1403715573062142976 0.00865 -1.29020 -0.31031 -0.40613 0.55351 0.59371 0.41976
1403715573162142976 -0.00845 -1.20157 -0.28819 -0.42750 0.53604 0.60791 0.40044
1403715573262142976 -0.03026 -1.11938 -0.26208 -0.44439 0.51767 0.62438 0.38038
1403715573362142976 -0.05437 -1.03967 -0.24111 -0.45847 0.50003 0.64195 0.35733
1403715573462142976 -0.07855 -0.96699 -0.22236 -0.47333 0.48422 0.65772 0.33000
1403715573562142976 -0.10030 -0.89584 -0.20388 -0.48746 0.46886 0.67176 0.30215
1403715573662142976 -0.11825 -0.82844 -0.18468 -0.49387 0.44646 0.68974 0.28466
1403715573762142976 -0.13638 -0.74932 -0.16568 -0.49095 0.42012 0.71278 0.27278
1403715573862142976 -0.15479 -0.67189 -0.14675 -0.48606 0.39189 0.73686 0.25922
1403715573962142976 -0.17771 -0.59213 -0.12693 -0.48610 0.36431 0.75768 0.23854
1403715574062142976 -0.20724 -0.51142 -0.10952 -0.48867 0.33519 0.77708 0.21211
1403715574162142976 -0.24366 -0.42606 -0.08879 -0.49774 0.30249 0.79141 0.18553
1403715574262142976 -0.28787 -0.33391 -0.06506 0.51414 -0.26160 -0.79931 -0.16830
1403715574362142976 -0.33730 -0.23977 -0.04105 0.53052 -0.21452 -0.80326 -0.16522
1403715574462142976 -0.39125 -0.14686 -0.01969 0.53855 -0.17415 -0.80716 -0.16768
1403715574562142976 -0.45284 -0.05816 -0.00256 0.54147 -0.14753 -0.81067 -0.16693
1403715574662142976 -0.51318 0.00814 0.00864 0.53858 -0.12758 -0.81691 -0.16222
1403715574762142976 -0.58657 0.07055 0.01818 0.53748 -0.11398 -0.82191 -0.15033
1403715574862142976 -0.66587 0.11448 0.02552 0.53991 -0.11413 -0.82404 -0.12818
1403715574962142976 -0.75265 0.15389 0.03773 0.54841 -0.11761 -0.82046 -0.11077
1403715575062142976 -0.84426 0.19126 0.05409 0.55919 -0.11879 -0.81385 -0.10414
1403715575162142976 -0.93752 0.22394 0.07197 0.57466 -0.11721 -0.80282 -0.10728
1403715575262142976 -1.02729 0.24998 0.09563 0.59408 -0.11423 -0.78751 -0.11766
1403715575362142976 -1.10169 0.26333 0.11258 0.59222 -0.11733 -0.78737 -0.12474
1403715575462142976 -1.18032 0.27179 0.13152 0.57866 -0.12567 -0.79585 -0.12643
1403715575562142976 -1.24947 0.26873 0.15295 0.57143 -0.12524 -0.79863 -0.14132
1403715575662142976 -1.32081 0.25519 0.17727 0.57246 -0.11778 -0.79459 -0.16447
1403715575762142976 -1.39285 0.22654 0.20104 0.57178 -0.11295 -0.79191 -0.18217
1403715575862142976 -1.46713 0.17975 0.22186 0.56756 -0.11710 -0.79353 -0.18564
1403715575962142976 -1.53839 0.11496 0.24050 0.56715 -0.12940 -0.79458 -0.17389
1403715576062142976 -1.61078 0.03658 0.25706 0.56790 -0.14447 -0.79520 -0.15578
1403715576162142976 -1.67680 -0.05086 0.27092 0.57058 -0.15390 -0.79383 -0.14347
1403715576262142976 -1.74421 -0.14379 0.28445 0.57284 -0.15931 -0.79272 -0.13438
1403715576362142976 -1.81264 -0.23987 0.30172 0.58098 -0.15739 -0.78713 -0.13461
1403715576462142976 -1.87679 -0.34116 0.32204 0.59713 -0.15347 -0.77546 -0.13618
1403715576562142976 -1.93302 -0.44786 0.34531 0.61062 -0.15061 -0.76461 -0.14081
1403715576662142976 -1.97853 -0.56066 0.36890 0.61780 -0.15005 -0.75756 -0.14802
1403715576762142976 -2.01368 -0.68526 0.39201 0.61347 -0.15582 -0.75864 -0.15436
1403715576862142976 -2.03706 -0.81819 0.41391 0.59777 -0.16751 -0.76804 -0.15727
1403715576962142976 -2.05310 -0.96039 0.43653 0.58116 -0.17965 -0.77763 -0.15895
1403715577062142976 -2.05972 -1.10871 0.46004 0.57475 -0.19702 -0.77915 -0.15415
1403715577162142976 -2.06189 -1.24880 0.48122 0.57157 -0.21799 -0.77718 -0.14757
1403715577262142976 -2.06317 -1.39808 0.49138 0.57063 -0.23439 -0.77342 -0.14582
1403715577362142976 -2.06030 -1.53201 0.47942 0.56894 -0.24002 -0.77169 -0.15228
1403715577462142976 -2.05179 -1.66849 0.45316 0.56662 -0.24123 -0.77135 -0.16056
1403715577562142976 -2.04199 -1.80971 0.42518 0.56534 -0.24165 -0.77120 -0.16506
1403715577662142976 -2.02701 -1.94547 0.40709 0.56422 -0.24307 -0.77142 -0.16577
1403715577762142976 -2.01112 -2.08133 0.40258 0.56392 -0.24768 -0.77147 -0.15963
1403715577862142976 -1.98686 -2.21950 0.40054 0.56585 -0.25824 -0.76809 -0.15221
1403715577962142976 -1.95687 -2.35000 0.38569 0.56492 -0.27382 -0.76414 -0.14824
1403715578062142976 -1.91993 -2.47200 0.35343 0.55928 -0.29664 -0.76062 -0.14376
1403715578162142976 -1.87792 -2.58386 0.30811 0.54550 -0.33154 -0.75867 -0.13011
1403715578262142976 -1.83046 -2.67338 0.25900 0.53486 -0.36107 -0.75172 -0.13592
1403715578362142976 -1.77325 -2.74861 0.21032 0.52684 -0.38247 -0.74193 -0.16031
1403715578462142976 -1.71075 -2.80776 0.16432 0.51360 -0.40128 -0.73412 -0.19041
1403715578562142976 -1.64391 -2.85603 0.11743 -0.48518 0.41814 0.73596 0.21934
1403715578662142976 -1.57521 -2.89519 0.06694 -0.44454 0.43436 0.74739 0.23480
1403715578762142976 -1.51957 -2.91103 0.02091 -0.41232 0.44890 0.75525 0.24098
1403715578862142976 -1.47690 -2.91103 -0.02221 -0.39843 0.45921 0.75535 0.24460
1403715578962142976 -1.45487 -2.88390 -0.05760 -0.40048 0.45493 0.75081 0.26255
1403715579062142976 -1.45059 -2.84529 -0.08856 -0.40955 0.43705 0.74497 0.29372
1403715579162142976 -1.47114 -2.78330 -0.09777 -0.41643 0.41078 0.74037 0.33120
1403715579262142976 -1.49616 -2.73802 -0.11239 -0.42710 0.38596 0.73262 0.36316
1403715579362142976 -1.55126 -2.69285 -0.11903 -0.43335 0.37870 0.72744 0.37366
1403715579462142976 -1.62887 -2.65663 -0.12884 -0.43559 0.38359 0.72570 0.36943
1403715579562142976 -1.72366 -2.63215 -0.13889 -0.43795 0.39898 0.72525 0.35075
1403715579662142976 -1.83310 -2.61138 -0.14554 -0.44508 0.40393 0.72258 0.34150
1403715579762142976 -1.95720 -2.59161 -0.14562 -0.45793 0.40527 0.71678 0.33509
1403715579862142976 -2.09251 -2.57396 -0.13588 -0.46333 0.40007 0.71468 0.33838
1403715579962142976 -2.23856 -2.56325 -0.11667 -0.46773 0.40408 0.70956 0.33835
1403715580062142976 -2.39301 -2.55782 -0.10101 -0.47199 0.41888 0.69829 0.33785
1403715580162142976 -2.54762 -2.55674 -0.09841 -0.47199 0.43898 0.68381 0.34195
1403715580262142976 -2.70642 -2.56267 -0.10566 -0.46786 0.46159 0.66775 0.34951
1403715580362142976 -2.86833 -2.57552 -0.11667 -0.46584 0.48830 0.64693 0.35502
1403715580462142976 -3.01701 -2.59136 -0.12578 -0.46290 0.51659 0.62442 0.35910
1403715580562142976 -3.18080 -2.61039 -0.13505 -0.45917 0.54210 0.60482 0.35984
1403715580662142976 -3.32625 -2.63307 -0.14405 -0.45738 0.56586 0.58925 0.35127
1403715580762142976 -3.45799 -2.65425 -0.15248 -0.45654 0.58643 0.57663 0.33935
1403715580862142976 -3.56697 -2.67060 -0.15818 -0.45981 0.60493 0.56352 0.32416
1403715580962142976 -3.67907 -2.68600 -0.16396 -0.46443 0.62340 0.55157 0.30241
1403715581062142976 -3.75306 -2.69102 -0.16544 -0.45523 0.63084 0.55471 0.29512
1403715581162142976 -3.79566 -2.68409 -0.16244 -0.44074 0.63151 0.56388 0.29830
1403715581262142976 -3.81313 -2.65882 -0.15457 -0.43254 0.62324 0.57061 0.31446
1403715581362142976 -3.81715 -2.62523 -0.14509 -0.43739 0.61313 0.57321 0.32278
1403715581462142976 -3.80777 -2.58377 -0.13734 -0.44089 0.59614 0.58494 0.32876
1403715581562142976 -3.78857 -2.53452 -0.13300 -0.43966 0.56591 0.60697 0.34356
1403715581662142976 -3.76671 -2.47914 -0.14099 -0.43970 0.53236 0.63147 0.35285
1403715581762142976 -3.74780 -2.42217 -0.15828 -0.43979 0.49700 0.65794 0.35593
1403715581862142976 -3.73412 -2.36422 -0.17168 -0.44217 0.46025 0.68348 0.35428
1403715581962142976 -3.73109 -2.30932 -0.17501 -0.45593 0.43539 0.69972 0.33609
1403715582062142976 -3.73672 -2.25796 -0.16452 -0.48352 0.41231 0.70331 0.31871
1403715582162142976 -3.74707 -2.21228 -0.14882 0.50963 -0.38862 -0.70273 -0.30891
1403715582262142976 -3.75649 -2.17180 -0.14142 0.52372 -0.37289 -0.70458 -0.30038
1403715582362142976 -3.76555 -2.14149 -0.14989 0.51763 -0.36773 -0.71596 -0.29022
1403715582462142976 -3.77556 -2.11453 -0.16166 0.50544 -0.36781 -0.72783 -0.28196
1403715582562142976 -3.78812 -2.09479 -0.16896 -0.49274 0.37149 0.73724 0.27509
1403715582662142976 -3.80690 -2.07454 -0.16294 -0.48326 0.37644 0.74223 0.27176
1403715582762142976 -3.83258 -2.05389 -0.14946 -0.47593 0.38322 0.74388 0.27071
1403715582862142976 -3.86301 -2.03275 -0.14628 -0.46584 0.39207 0.74631 0.26887
1403715582962142976 -3.90024 -2.00935 -0.15581 -0.45280 0.40108 0.75031 0.26672
1403715583062142976 -3.94630 -1.97840 -0.17848 -0.44348 0.40860 0.75231 0.26532
1403715583162142976 -4.00493 -1.93524 -0.20552 -0.45251 0.41055 0.74364 0.27145
1403715583262142976 -4.07032 -1.88546 -0.22845 -0.47941 0.40800 0.72403 0.28192
1403715583362142976 -4.13783 -1.83414 -0.25033 0.50959 -0.40460 -0.70194 -0.28965
1403715583462142976 -4.20717 -1.78332 -0.27452 0.53619 -0.40025 -0.68210 -0.29502
1403715583562142976 -4.26944 -1.74009 -0.29879 0.55855 -0.39234 -0.66541 -0.30220
1403715583662142976 -4.31765 -1.71128 -0.32095 0.58846 -0.37647 -0.64132 -0.31733
1403715583762142976 -4.35098 -1.70130 -0.34289 0.61500 -0.35815 -0.61825 -0.33357
1403715583862142976 -4.36675 -1.71950 -0.35951 0.63301 -0.34503 -0.60225 -0.34286
1403715583962142976 -4.34853 -1.78219 -0.35900 0.63826 -0.34615 -0.59941 -0.33693
1403715584062142976 -4.30382 -1.87938 -0.34310 0.63349 -0.35858 -0.60732 -0.31822
1403715584162142976 -4.23669 -2.00539 -0.31281 0.61418 -0.37874 -0.62737 -0.29282
1403715584262142976 -4.13994 -2.15096 -0.26846 0.58136 -0.40122 -0.65672 -0.26414
1403715584362142976 -4.02731 -2.30062 -0.22714 0.54711 -0.41762 -0.68458 -0.24002
1403715584462142976 -3.90553 -2.44572 -0.20431 0.52021 -0.42482 -0.70468 -0.22874
1403715584562142976 -3.77731 -2.58453 -0.19361 0.50455 -0.42740 -0.71588 -0.22422
1403715584662142976 -3.64717 -2.71058 -0.18351 -0.49172 0.42503 0.72486 0.22833
1403715584762142976 -3.52077 -2.83108 -0.17007 -0.47403 0.41811 0.73592 0.24272
1403715584862142976 -3.39369 -2.93638 -0.15298 -0.46300 0.41300 0.74234 0.25298
1403715584962142976 -3.27101 -3.03355 -0.13491 -0.44662 0.40800 0.75212 0.26150
1403715585062142976 -3.16011 -3.12349 -0.11899 -0.42725 0.41115 0.76216 0.25986
1403715585162142976 -3.06900 -3.20051 -0.10325 -0.41253 0.41930 0.76826 0.25256
1403715585262142976 -2.99564 -3.25695 -0.08486 -0.41120 0.42164 0.76838 0.25045
1403715585362142976 -2.94164 -3.29310 -0.06154 -0.42445 0.41578 0.76190 0.25784
1403715585462142976 -2.90513 -3.31177 -0.03764 -0.43780 0.40811 0.75574 0.26578
1403715585562142976 -2.88453 -3.31996 -0.01501 -0.45154 0.39833 0.74931 0.27564
1403715585662142976 -2.87268 -3.32356 0.00314 -0.46079 0.39128 0.74516 0.28162
1403715585762142976 -2.87932 -3.31895 0.01102 -0.46239 0.38936 0.74504 0.28198
1403715585862142976 -2.89252 -3.31343 -0.00171 -0.46595 0.39405 0.74323 0.27426
1403715585962142976 -2.90984 -3.30798 -0.03160 -0.47407 0.40731 0.73728 0.25647
1403715586062142976 -2.93111 -3.29450 -0.06202 -0.48873 0.42330 0.72543 0.23606
1403715586162142976 -2.95269 -3.26767 -0.07855 0.51202 -0.42329 -0.70819 -0.23900
1403715586262142976 -2.96483 -3.23743 -0.08103 0.52273 -0.41016 -0.70088 -0.25941
1403715586362142976 -2.96986 -3.20832 -0.07960 0.52275 -0.39149 -0.70110 -0.28623
1403715586462142976 -2.97188 -3.18547 -0.07981 0.52463 -0.37590 -0.69935 -0.30720
1403715586562142976 -2.97581 -3.17275 -0.07840 0.52786 -0.36854 -0.69677 -0.31630
1403715586662142976 -2.97883 -3.17231 -0.07713 0.52799 -0.36828 -0.69644 -0.31712
1403715586762142976 -2.97888 -3.18276 -0.07820 0.52354 -0.37760 -0.69975 -0.30605
1403715586862142976 -2.97876 -3.20131 -0.08031 0.51203 -0.39335 -0.70762 -0.28699
1403715586962142976 -2.97817 -3.22388 -0.07919 -0.49999 0.40453 0.71473 0.27483
1403715587062142976 -2.97916 -3.24526 -0.07419 -0.49552 0.40984 0.71639 0.27068
1403715587162142976 -2.97978 -3.26382 -0.06593 -0.49867 0.40681 0.71372 0.27648
1403715587262142976 -2.98034 -3.28244 -0.05298 0.50660 -0.39748 -0.70921 -0.28702
1403715587362142976 -2.98222 -3.30396 -0.03790 0.51439 -0.39310 -0.70610 -0.28687
1403715587462142976 -2.98352 -3.32869 -0.02296 0.52382 -0.39666 -0.70157 -0.27582
1403715587562142976 -2.98001 -3.35576 -0.00883 0.52779 -0.40856 -0.69653 -0.26335
1403715587662142976 -2.96675 -3.38240 0.00766 0.52706 -0.42762 -0.68902 -0.25416
1403715587762142976 -2.94314 -3.40528 0.02285 0.51832 -0.44920 -0.68173 -0.25458
1403715587862142976 -2.90679 -3.42370 0.03977 0.50889 -0.47232 -0.66816 -0.26740
1403715587962142976 -2.85953 -3.43836 0.05858 -0.49688 0.49207 0.65087 0.29554
1403715588062142976 -2.80290 -3.45116 0.07667 -0.48610 0.50853 0.62922 0.33044
1403715588162142976 -2.73856 -3.46754 0.08695 -0.47487 0.52472 0.60548 0.36409
1403715588262142976 -2.67281 -3.48678 0.07345 -0.46370 0.54316 0.57954 0.39256
1403715588362142976 -2.60476 -3.51422 0.03960 -0.45097 0.56516 0.55391 0.41280
1403715588462142976 -2.53562 -3.54907 0.00096 -0.43546 0.58504 0.53120 0.43119
1403715588562142976 -2.46690 -3.59373 -0.03697 -0.41865 0.60550 0.51010 0.44486
1403715588662142976 -2.39243 -3.64902 -0.07353 -0.39865 0.62838 0.49192 0.45193
1403715588762142976 -2.31907 -3.70982 -0.11078 -0.37284 0.65249 0.47832 0.45437
1403715588862142976 -2.24338 -3.77493 -0.14898 -0.33913 0.67810 0.46904 0.45297
1403715588962142976 -2.16607 -3.83783 -0.18981 -0.30242 0.70427 0.46103 0.44721
1403715589062142976 -2.08768 -3.89256 -0.22693 -0.27120 0.72761 0.44891 0.44217
1403715589162142976 -2.00625 -3.93352 -0.25163 -0.24997 0.74431 0.43292 0.44284
1403715589262142976 -1.91739 -3.95522 -0.26145 -0.23443 0.75623 0.41696 0.44643
1403715589362142976 -1.82140 -3.96281 -0.25920 -0.21801 0.77010 0.40208 0.44470
1403715589462142976 -1.72332 -3.95109 -0.24724 -0.20418 0.78448 0.38494 0.44127
1403715589562142976 -1.61606 -3.92216 -0.23385 -0.18963 0.79537 0.37186 0.43948
1403715589662142976 -1.49680 -3.87097 -0.20995 -0.18114 0.80144 0.36259 0.43979
1403715589762142976 -1.36701 -3.79596 -0.16749 -0.18233 0.79549 0.35532 0.45574
1403715589862142976 -1.22658 -3.70143 -0.10676 -0.19556 0.77384 0.34623 0.49299
1403715589962142976 -1.07947 -3.59423 -0.04465 -0.21119 0.75665 0.33701 0.51895
1403715590062142976 -0.94210 -3.48464 0.01048 -0.22102 0.74640 0.33307 0.53208
1403715590162142976 -0.80644 -3.37253 0.06000 -0.22155 0.74252 0.33598 0.53545
1403715590262142976 -0.67647 -3.25905 0.10491 -0.21870 0.74240 0.34606 0.53033
1403715590362142976 -0.55542 -3.14355 0.14940 -0.21461 0.73604 0.36549 0.52783
1403715590462142976 -0.44358 -3.02057 0.19339 -0.21393 0.72377 0.39175 0.52624
1403715590562142976 -0.34059 -2.88751 0.23560 -0.21865 0.70848 0.42154 0.52206
1403715590662142976 -0.24978 -2.74404 0.27419 -0.23212 0.69695 0.44960 0.50817
1403715590762142976 -0.17423 -2.59636 0.31079 -0.26148 0.68956 0.46934 0.48566
1403715590862142976 -0.10676 -2.43933 0.34864 -0.29534 0.67343 0.48743 0.47082
1403715590962142976 -0.05150 -2.28451 0.38532 -0.32442 0.65089 0.51040 0.45890
1403715591062142976 0.00183 -2.11814 0.42163 -0.34488 0.62839 0.53919 0.44211
1403715591162142976 0.04269 -1.96270 0.45296 -0.36074 0.60121 0.57216 0.42549
1403715591262142976 0.07577 -1.80832 0.48005 -0.37163 0.56853 0.60789 0.41125
1403715591362142976 0.09831 -1.65140 0.50568 -0.38357 0.53388 0.64034 0.39724
1403715591462142976 0.10934 -1.48978 0.53119 -0.39830 0.50023 0.66805 0.38057
1403715591562142976 0.10604 -1.33272 0.54915 -0.41355 0.47065 0.69223 0.35818
1403715591662142976 0.08855 -1.18513 0.55507 -0.43157 0.44354 0.71154 0.33278
1403715591762142976 0.06163 -1.03160 0.55247 -0.44732 0.41164 0.72788 0.31725
1403715591862142976 0.02509 -0.87662 0.53714 -0.45969 0.38157 0.74294 0.30187
1403715591962142976 -0.02001 -0.72428 0.50911 -0.46906 0.34926 0.75779 0.28941
1403715592062142976 -0.07669 -0.57436 0.47157 -0.47448 0.31284 0.77345 0.28066
1403715592162142976 -0.14871 -0.43098 0.42736 -0.48523 0.27505 0.78495 0.26973
1403715592262142976 -0.23659 -0.30493 0.39480 0.50365 -0.23482 -0.79074 -0.25678
1403715592362142976 -0.33771 -0.20249 0.37673 0.51757 -0.19505 -0.79744 -0.24115
1403715592462142976 -0.45106 -0.12514 0.36815 0.52579 -0.15604 -0.80564 -0.22394
1403715592562142976 -0.57200 -0.06805 0.36685 0.53428 -0.11610 -0.81120 -0.20743
1403715592662142976 -0.70014 -0.03341 0.36606 0.54175 -0.07570 -0.81496 -0.19137
1403715592762142976 -0.83219 -0.02699 0.36459 0.54786 -0.03740 -0.81834 -0.16958
1403715592862142976 -0.96862 -0.04435 0.36291 0.55393 -0.01604 -0.82294 -0.12522
1403715592962142976 -1.10971 -0.07741 0.35888 0.55806 -0.00315 -0.82693 -0.06893
1403715593062142976 -1.25544 -0.11920 0.35527 0.56289 0.01409 -0.82626 -0.01596
1403715593162142976 -1.40491 -0.16520 0.35091 0.56602 0.04303 -0.82292 0.02408
1403715593262142976 -1.54770 -0.21313 0.34667 0.56867 0.07835 -0.81711 0.05293
1403715593362142976 -1.68887 -0.26198 0.34364 0.56854 0.12035 -0.81108 0.06653
1403715593462142976 -1.82437 -0.31373 0.34171 0.56733 0.16564 -0.80332 0.07324
1403715593562142976 -1.95412 -0.37406 0.33780 0.56570 0.20543 -0.79398 0.08594
1403715593662142976 -2.08122 -0.44355 0.33651 0.57055 0.23877 -0.77848 0.10689
1403715593762142976 -2.19965 -0.52213 0.33675 0.57775 0.26809 -0.75954 0.13202
1403715593862142976 -2.30839 -0.60845 0.33616 0.57735 0.30071 -0.74319 0.15462
1403715593962142976 -2.40356 -0.70212 0.33206 0.56674 0.33488 -0.73126 0.17865
1403715594062142976 -2.48267 -0.80081 0.32650 0.54938 0.36924 -0.72197 0.20150
1403715594162142976 -2.54286 -0.89977 0.32166 0.53037 0.39947 -0.71299 0.22533
1403715594262142976 -2.59289 -1.00197 0.31867 0.51504 0.42718 -0.70074 0.24740
1403715594362142976 -2.63795 -1.11377 0.31720 0.50392 0.45501 -0.68431 0.26598
1403715594462142976 -2.66479 -1.22144 0.31765 -0.49442 -0.48554 0.66365 -0.28172
1403715594562142976 -2.68227 -1.33444 0.31846 -0.48541 -0.51899 0.63866 -0.29520
1403715594662142976 -2.68787 -1.45367 0.31735 -0.46989 -0.55226 0.61513 -0.30957
1403715594762142976 -2.68064 -1.57640 0.31265 -0.43796 -0.58272 0.60181 -0.32627
1403715594862142976 -2.65869 -1.70241 0.30693 0.40215 0.60695 -0.58959 0.34967
1403715594962142976 -2.62840 -1.83951 0.30163 0.37120 0.63079 -0.57222 0.36997
1403715595062142976 -2.59124 -1.97891 0.29696 0.34772 0.65447 -0.54859 0.38705
1403715595162142976 -2.54842 -2.13496 0.29243 0.32520 0.67179 -0.52412 0.41017
1403715595262142976 -2.50122 -2.30011 0.28843 0.30586 0.68766 -0.49550 0.43366
1403715595362142976 -2.45166 -2.46811 0.28335 0.28961 0.70181 -0.46234 0.45808
1403715595462142976 -2.39937 -2.64395 0.27545 0.27184 0.71403 -0.42835 0.48248
1403715595562142976 -2.34738 -2.82145 0.26900 0.26074 0.72743 -0.38704 0.50304
1403715595662142976 -2.29522 -2.99457 0.26494 0.26465 0.73990 -0.33356 0.52081
1403715595762142976 -2.24167 -3.15648 0.26217 0.27490 0.74723 -0.27405 0.53942
1403715595862142976 -2.18505 -3.30172 0.26123 0.28172 0.74832 -0.21924 0.55910
1403715595962142976 -2.13545 -3.39900 0.26644 0.28331 0.73884 -0.17456 0.58599
1403715596062142976 -2.08433 -3.47630 0.27951 0.27014 0.71930 -0.14680 0.62296
1403715596162142976 -2.03376 -3.53644 0.30095 0.25113 0.70677 -0.13371 0.64771
1403715596262142976 -2.01930 -3.53134 0.32915 0.23349 0.72282 -0.13159 0.63695
1403715596362142976 -2.01181 -3.51019 0.35797 0.20801 0.76390 -0.13929 0.59480
1403715596462142976 -2.01180 -3.46178 0.38718 0.17403 0.80141 -0.14864 0.55260
1403715596562142976 -2.00763 -3.40068 0.41735 0.14242 0.82917 -0.15165 0.51884
1403715596662142976 -1.99480 -3.33201 0.44678 0.11502 0.85009 -0.14743 0.49233
1403715596762142976 -1.96241 -3.26750 0.47562 0.09389 0.86404 -0.13562 0.47563
1403715596862142976 -1.91123 -3.20572 0.50544 0.07200 0.87566 -0.12389 0.46117
1403715596962142976 -1.83929 -3.14948 0.52826 0.05654 0.88512 -0.11402 0.44762
1403715597062142976 -1.73956 -3.09849 0.55428 0.04824 0.88942 -0.10457 0.44234
1403715597162142976 -1.60894 -3.05534 0.58242 0.04178 0.88358 -0.09739 0.45614
1403715597262142976 -1.45637 -3.01982 0.61238 0.03174 0.86769 -0.09174 0.48753
1403715597362142976 -1.28475 -2.98901 0.63994 0.01864 0.84897 -0.08390 0.52140
1403715597462142976 -1.10631 -2.96618 0.66610 0.00632 0.82887 -0.06978 0.55504
1403715597562142976 -0.92830 -2.94983 0.69070 -0.00296 0.81414 -0.04662 0.57879
1403715597662142976 -0.75396 -2.93795 0.70775 -0.01490 0.80866 -0.02046 0.58773
1403715597762142976 -0.58461 -2.93089 0.72253 -0.02677 0.81014 0.00484 0.58560
1403715597862142976 -0.40108 -2.92162 0.73509 -0.03718 0.81035 0.02296 0.58432
1403715597962142976 -0.24221 -2.92404 0.74760 -0.04378 0.80324 0.03601 0.59295
1403715598062142976 -0.09093 -2.92777 0.76023 -0.04643 0.79778 0.04450 0.59952
1403715598162142976 0.06260 -2.93171 0.76741 -0.04291 0.79325 0.05215 0.60514
1403715598262142976 0.21265 -2.93615 0.76352 -0.04357 0.78298 0.05319 0.61824
1403715598362142976 0.33583 -2.94123 0.75170 -0.04589 0.76835 0.05106 0.63634
1403715598462142976 0.42927 -2.95177 0.73437 -0.05130 0.74852 0.04489 0.65960
1403715598562142976 0.52425 -2.96226 0.71680 -0.05711 0.73514 0.03816 0.67442
1403715598662142976 0.57021 -2.98134 0.69801 -0.05476 0.73815 0.03609 0.67144
1403715598762142976 0.59958 -3.00373 0.67568 -0.04743 0.75785 0.03760 0.64962
1403715598862142976 0.60500 -3.02610 0.64615 -0.04051 0.77916 0.03963 0.62426
1403715598962142976 0.59691 -3.04916 0.61406 -0.03405 0.79278 0.04192 0.60711
1403715599062142976 0.57812 -3.07103 0.58072 -0.03048 0.79874 0.04347 0.59933
1403715599162142976 0.54714 -3.09070 0.54716 -0.02932 0.79979 0.04375 0.59796
1403715599262142976 0.51868 -3.10834 0.50614 -0.03534 0.80550 0.03912 0.59024
1403715599362142976 0.48766 -3.12633 0.45989 -0.04660 0.81057 0.03131 0.58295
1403715599462142976 0.45411 -3.14625 0.41449 -0.06156 0.81159 0.02087 0.58060
1403715599562142976 0.42041 -3.17203 0.36757 -0.07251 0.81039 0.01319 0.58124
1403715599662142976 0.38734 -3.20985 0.32237 -0.08133 0.80545 0.00749 0.58701
1403715599762142976 0.34926 -3.25644 0.28159 -0.07784 0.79931 0.00857 0.59580
1403715599862142976 0.30701 -3.31033 0.24032 -0.06346 0.79633 0.01674 0.60129
1403715599962142976 0.25860 -3.37323 0.19921 -0.04568 0.80293 0.02719 0.59370
1403715600062142976 0.20779 -3.43853 0.15736 -0.03000 0.80949 0.03826 0.58511
1403715600162142976 0.15714 -3.49783 0.11798 -0.01032 0.81149 0.06271 0.58090
1403715600262142976 0.09993 -3.55029 0.07518 0.00272 0.81051 0.09474 0.57800
1403715600362142976 0.04889 -3.58410 0.03418 -0.00008 0.80848 0.12675 0.57472
1403715600462142976 -0.00321 -3.59924 -0.00612 -0.02098 0.80959 0.15427 0.56597
1403715600562142976 -0.05817 -3.59817 -0.04584 -0.06010 0.81673 0.17336 0.54707
1403715600662142976 -0.11087 -3.58501 -0.08064 -0.09691 0.81894 0.19614 0.53055
1403715600762142976 -0.16057 -3.56338 -0.10291 -0.12614 0.81198 0.22550 0.52338
1403715600862142976 -0.20171 -3.53078 -0.11054 -0.14985 0.80046 0.25760 0.52004
1403715600962142976 -0.24288 -3.49361 -0.10564 -0.17030 0.78801 0.28668 0.51754
1403715601062142976 -0.27983 -3.44960 -0.08631 -0.18639 0.77543 0.30872 0.51832
1403715601162142976 -0.31440 -3.40038 -0.05505 -0.19458 0.76633 0.32438 0.51929
1403715601262142976 -0.34557 -3.34580 -0.01161 -0.19595 0.75912 0.33525 0.52244
1403715601362142976 -0.37806 -3.28466 0.03631 -0.19437 0.75324 0.34473 0.52536
1403715601462142976 -0.41170 -3.21685 0.08009 -0.19838 0.75113 0.34720 0.52526
1403715601562142976 -0.44183 -3.14270 0.11676 -0.20362 0.75101 0.34575 0.52438
1403715601662142976 -0.47479 -3.06143 0.14962 -0.20849 0.75240 0.34252 0.52260
1403715601762142976 -0.50564 -2.98051 0.18166 -0.21472 0.74964 0.33854 0.52662
1403715601862142976 -0.54253 -2.89133 0.21303 -0.21726 0.74689 0.33438 0.53211
1403715601962142976 -0.57871 -2.80729 0.24344 -0.21784 0.74238 0.32294 0.54510
1403715602062142976 -0.62088 -2.71899 0.27327 -0.21853 0.73250 0.30452 0.56829
1403715602162142976 -0.66913 -2.63490 0.29693 -0.21564 0.72933 0.28322 0.58427
1403715602262142976 -0.72570 -2.56126 0.31435 -0.20835 0.73719 0.26039 0.58766
1403715602362142976 -0.79263 -2.49489 0.32684 -0.19048 0.75295 0.24236 0.58142
1403715602462142976 -0.86605 -2.44045 0.33567 -0.16884 0.77287 0.22494 0.56883
1403715602562142976 -0.94133 -2.39552 0.34543 -0.14834 0.78793 0.20710 0.56060
1403715602662142976 -1.01808 -2.35257 0.34993 -0.12461 0.79453 0.19019 0.56304
1403715602762142976 -1.09522 -2.31163 0.34268 -0.10275 0.80012 0.17039 0.56588
1403715602862142976 -1.17344 -2.26710 0.32129 -0.08489 0.80662 0.14826 0.56584
1403715602962142976 -1.25178 -2.21923 0.28785 -0.06834 0.81329 0.12669 0.56377
1403715603062142976 -1.33047 -2.16575 0.24628 -0.05280 0.81607 0.10453 0.56596
1403715603162142976 -1.41277 -2.10658 0.20286 -0.03710 0.81803 0.08155 0.56816
1403715603262142976 -1.49133 -2.04362 0.15929 -0.02239 0.82327 0.05976 0.56405
1403715603362142976 -1.57087 -1.97560 0.11645 -0.00971 0.82880 0.04275 0.55782
1403715603462142976 -1.64451 -1.90356 0.07914 -0.00680 0.82992 0.02645 0.55722
1403715603562142976 -1.70904 -1.82941 0.04741 -0.01206 0.82972 0.01008 0.55795
1403715603662142976 -1.77113 -1.75484 0.01789 -0.02236 0.82978 -0.00661 0.55761
1403715603762142976 -1.82773 -1.68322 -0.01114 -0.03261 0.82664 -0.02054 0.56141
1403715603862142976 -1.87381 -1.62172 -0.03217 -0.04255 0.82576 -0.03051 0.56159
1403715603962142976 -1.91079 -1.57496 -0.04017 -0.04883 0.83684 -0.03485 0.54415
1403715604062142976 -1.94316 -1.53816 -0.04251 -0.04068 0.84552 -0.02785 0.53166
1403715604162142976 -1.96237 -1.51299 -0.04122 -0.02309 0.84551 -0.01479 0.53326
1403715604262142976 -1.97319 -1.49260 -0.04166 -0.01112 0.84058 -0.00617 0.54154
1403715604362142976 -1.97775 -1.47391 -0.04773 -0.00586 0.83806 -0.00240 0.54555
1403715604462142976 -1.97398 -1.45500 -0.05375 -0.00387 0.83838 -0.00124 0.54507
1403715604562142976 -1.96483 -1.43615 -0.06180 -0.00360 0.83276 -0.00103 0.55362
1403715604662142976 -1.95111 -1.41699 -0.06949 -0.00219 0.82548 0.00005 0.56443
1403715604762142976 -1.93650 -1.39570 -0.07828 0.00018 0.82215 0.00155 0.56926
1403715604862142976 -1.91920 -1.37504 -0.08750 -0.00012 0.82210 0.00125 0.56935
1403715604962142976 -1.90635 -1.34999 -0.09537 0.00119 0.82361 0.00299 0.56715
1403715605062142976 -1.88935 -1.32542 -0.10142 0.00044 0.82567 0.00336 0.56414
1403715605162142976 -1.86858 -1.29953 -0.10306 0.00002 0.82414 0.00469 0.56636
1403715605262142976 -1.84514 -1.27320 -0.10289 -0.00292 0.82225 0.00495 0.56909
1403715605362142976 -1.82441 -1.24458 -0.09924 -0.01072 0.82038 0.00215 0.57171
1403715605462142976 -1.79685 -1.21844 -0.10336 -0.01737 0.81984 0.00035 0.57233
1403715605562142976 -1.77251 -1.19196 -0.11706 -0.02307 0.82221 -0.00133 0.56871
1403715605662142976 -1.74830 -1.17095 -0.13961 -0.02540 0.82316 -0.00078 0.56725
1403715605762142976 -1.72273 -1.15029 -0.16252 -0.01767 0.82145 0.00587 0.56998
1403715605862142976 -1.69641 -1.13488 -0.18307 -0.01242 0.82048 0.01051 0.57144
1403715605962142976 -1.66784 -1.11759 -0.19928 -0.00992 0.81863 0.01376 0.57408
1403715606062142976 -1.64030 -1.10143 -0.22220 -0.00922 0.81751 0.01577 0.57562
1403715606162142976 -1.61632 -1.08304 -0.24722 -0.01000 0.81698 0.01778 0.57630
1403715606262142976 -1.59086 -1.06240 -0.27877 -0.01500 0.81725 0.01619 0.57585
1403715606362142976 -1.56889 -1.04325 -0.29738 -0.02227 0.81765 0.01410 0.57511
1403715606462142976 -1.54495 -1.02422 -0.30795 -0.02718 0.81733 0.01306 0.57537
1403715606562142976 -1.52274 -1.00611 -0.31043 -0.03224 0.81606 0.01255 0.57693
1403715606662142976 -1.50043 -0.98978 -0.31563 -0.03880 0.81488 0.01166 0.57821
1403715606762142976 -1.48128 -0.97998 -0.32011 -0.04755 0.81352 0.00902 0.57952
1403715606862142976 -1.46172 -0.97455 -0.33242 -0.04969 0.80912 0.01042 0.58544
1403715606962142976 -1.44630 -0.97385 -0.34324 -0.04114 0.80396 0.01838 0.59297
1403715607062142976 -1.43330 -0.97558 -0.35993 -0.03016 0.80597 0.02712 0.59056
1403715607162142976 -1.42560 -0.97590 -0.37558 -0.02449 0.80888 0.03248 0.58657
1403715607262142976 -1.41781 -0.97404 -0.39207 -0.02237 0.81130 0.03482 0.58316
1403715607362142976 -1.41648 -0.97107 -0.40505 -0.02261 0.81149 0.03503 0.58287
1403715607462142976 -1.41744 -0.96764 -0.41413 -0.02174 0.81055 0.03532 0.58420
1403715607562142976 -1.42745 -0.96637 -0.41832 -0.02062 0.81147 0.03535 0.58296
1403715607662142976 -1.43641 -0.95998 -0.42339 -0.01964 0.81249 0.03428 0.58164
1403715607762142976 -1.44214 -0.94781 -0.42785 -0.01863 0.81264 0.03348 0.58151
1403715607862142976 -1.45448 -0.93581 -0.44154 -0.02223 0.81375 0.02915 0.58006
1403715607962142976 -1.46329 -0.92928 -0.45100 -0.01650 0.81167 0.03788 0.58265
1403715608062142976 -1.46525 -0.93296 -0.45101 -0.01628 0.81353 0.03972 0.57994
1403715608162142976 -1.46775 -0.93873 -0.45238 -0.01777 0.81580 0.03876 0.57676
1403715608262142976 -1.47070 -0.94121 -0.45375 -0.01810 0.81387 0.03886 0.57946
1403715608362142976 -1.47138 -0.94274 -0.45474 -0.01839 0.81516 0.03870 0.57764
1403715608462142976 -1.47438 -0.94486 -0.45531 -0.01860 0.81496 0.03859 0.57794
1403715608562142976 -1.47836 -0.94915 -0.45591 -0.01871 0.81469 0.03879 0.57830
1403715608662142976 -1.48130 -0.95134 -0.45596 -0.01871 0.81491 0.03884 0.57798
1403715608762142976 -1.48446 -0.95267 -0.45636 -0.01877 0.81460 0.03881 0.57842
1403715608862142976 -1.48672 -0.95393 -0.45691 -0.01885 0.81495 0.03873 0.57793
1403715608962142976 -1.48826 -0.95467 -0.45732 -0.01893 0.81473 0.03870 0.57824
1403715609062142976 -1.49014 -0.95576 -0.45756 -0.01906 0.81486 0.03862 0.57806
1403715609162142976 -1.49373 -0.95807 -0.45745 -0.01919 0.81493 0.03858 0.57795
1403715609262142976 -1.49686 -0.96074 -0.45758 -0.01921 0.81485 0.03858 0.57807
1403715609362142976 -1.49897 -0.96250 -0.45760 -0.01928 0.81502 0.03848 0.57783
