1403715537862142976 0.05350 -0.10270 -0.02524 -0.12483 0.78462 -0.00569 0.60726
1403715537962142976 -0.01501 -0.14226 -0.00553 -0.07277 0.77739 -0.03529 0.62379
1403715538062142976 -0.09256 -0.15672 -0.02032 -0.06288 0.77256 -0.04675 0.63009
1403715538162142976 -0.16520 -0.12968 -0.04434 -0.04698 0.77134 -0.06991 0.63083
1403715538262142976 -0.21582 -0.04473 -0.09794 -0.01668 0.76886 -0.10007 0.63131
1403715538362142976 -0.24060 0.02837 -0.17313 0.00693 0.76350 -0.12097 0.63434
1403715538462142976 -0.29898 0.09856 -0.25683 0.04379 0.74696 -0.14162 0.64814
1403715538562142976 -0.38260 0.14810 -0.33206 0.07747 0.73028 -0.15321 0.66122
1403715538662142976 -0.54126 0.18704 -0.41516 0.09812 0.71867 -0.16400 0.66858
1403715538762142976 -0.69732 0.21830 -0.50124 0.11431 0.71631 -0.18226 0.66379
1403715538862142976 -0.87604 0.24667 -0.58931 0.12971 0.71911 -0.20564 0.65098
1403715538962142976 -1.07170 0.26950 -0.68160 0.14667 0.71673 -0.23231 0.64095
1403715539062142976 -1.32934 0.28914 -0.78347 0.16350 0.70734 -0.25891 0.63711
1403715539162142976 -1.56282 0.32477 -0.89928 0.18324 0.69450 -0.28995 0.63247
1403715539262142976 -1.82472 0.36254 -1.03593 0.19991 0.68173 -0.32000 0.62680
1403715539362142976 -2.08962 0.42589 -1.17902 0.21655 0.67193 -0.34882 0.61640
1403715539462142976 -2.33969 0.51697 -1.32412 0.23612 0.65946 -0.37368 0.60805
1403715539562142976 -2.58800 0.65557 -1.44905 0.24860 0.64512 -0.39868 0.60256
1403715539662142976 -2.91181 0.72535 -1.58003 0.24282 0.63437 -0.40823 0.60988
1403715539762142976 -3.18835 0.89866 -1.68207 0.25573 0.61785 -0.41941 0.61396
1403715539862142976 -3.50993 1.07022 -1.77896 0.26556 0.61189 -0.41840 0.61644
1403715539962142976 -3.87026 1.22904 -1.86896 0.26018 0.61766 -0.41459 0.61556
1403715540062142976 -4.24435 1.38733 -1.95477 0.24747 0.62798 -0.41266 0.61164
1403715540162142976 -4.63862 1.51337 -2.03695 0.22713 0.63689 -0.41058 0.61172
1403715540262142976 -5.03466 1.61885 -2.10845 0.21726 0.63812 -0.40409 0.61832
1403715540362142976 -5.40025 1.69233 -2.15536 0.22458 0.63865 -0.39155 0.62320
1403715540462142976 -5.85899 1.76882 -2.24125 0.23051 0.64446 -0.37380 0.62595
1403715540562142976 -6.19945 1.80199 -2.26113 0.23638 0.65371 -0.36888 0.61703
1403715540662142976 -6.53784 1.77837 -2.25565 0.23207 0.65975 -0.37073 0.61109
1403715540762142976 -6.83677 1.72528 -2.21278 0.21726 0.65577 -0.38247 0.61358
1403715540862142976 -7.15071 1.66408 -2.17841 0.21321 0.64429 -0.38855 0.62327
1403715540962142976 -7.46041 1.58949 -2.13791 0.21640 0.63239 -0.39148 0.63246
1403715541062142976 -7.77977 1.50024 -2.10267 0.22303 0.62546 -0.39040 0.63769
1403715541162142976 -8.11654 1.39480 -2.08175 0.22170 0.62347 -0.39005 0.64031
1403715541262142976 -8.45566 1.26595 -2.06914 0.20737 0.61054 -0.39456 0.65465
1403715541362142976 -8.85095 1.16817 -2.06609 0.20976 0.59949 -0.39587 0.66325
1403715541462142976 -9.22861 1.07065 -2.05960 0.21823 0.60267 -0.39622 0.65740
1403715541562142976 -9.62010 0.96890 -2.05793 0.21855 0.61628 -0.39843 0.64318
1403715541662142976 -9.98573 0.85714 -2.05694 0.21759 0.62800 -0.40041 0.63083
1403715541762142976 -10.38983 0.73807 -2.05259 0.23071 0.63535 -0.39309 0.62336
1403715541862142976 -10.79139 0.63862 -2.04710 0.25407 0.63680 -0.38080 0.62042
1403715541962142976 -11.18869 0.56168 -2.04124 0.27222 0.63886 -0.36806 0.61829
1403715542062142976 -11.56928 0.48782 -2.03276 0.28364 0.64255 -0.35324 0.61798
1403715542162142976 -11.95277 0.42450 -2.01745 0.28615 0.63982 -0.33524 0.62957
1403715542262142976 -12.31118 0.39624 -1.98366 0.28132 0.63322 -0.31679 0.64771
1403715542362142976 -12.66961 0.41216 -1.94384 0.26458 0.62686 -0.30043 0.66842
1403715542462142976 -12.98165 0.46363 -1.89213 0.23959 0.61687 -0.28646 0.69283
1403715542562142976 -13.23146 0.54100 -1.81275 0.22143 0.61106 -0.27592 0.70813
1403715542662142976 -13.36265 0.60184 -1.70817 0.21176 0.62134 -0.27484 0.70254
1403715542762142976 -13.38707 0.71064 -1.58910 0.20991 0.63039 -0.27904 0.69331
1403715542862142976 -13.31514 0.54260 -1.45516 0.21080 0.64161 -0.29518 0.67584
1403715542962142976 -13.11640 0.36392 -1.30465 0.20848 0.64733 -0.31630 0.66141
1403715543062142976 -12.99756 0.10111 -1.18607 0.19992 0.64841 -0.33030 0.65612
1403715543162142976 -12.94404 -0.16874 -1.09778 0.19640 0.64814 -0.33884 0.65309
1403715543262142976 -13.05592 -0.24761 -1.04033 0.19478 0.64448 -0.33854 0.65734
1403715543362142976 -13.15516 -0.44291 -1.01753 0.19713 0.64288 -0.34008 0.65741
1403715543462142976 -13.35766 -0.42250 -0.99484 0.20511 0.64328 -0.33368 0.65786
1403715543562142976 -13.52814 -0.53754 -1.01544 0.21656 0.64318 -0.32702 0.65763
1403715543662142976 -13.68667 -0.44398 -1.00195 0.23379 0.63727 -0.31744 0.66216
1403715543762142976 -13.82524 -0.49285 -1.08568 0.25141 0.63490 -0.30282 0.66482
1403715543862142976 -13.88820 -0.55613 -1.21000 0.26911 0.63618 -0.29006 0.66236
1403715543962142976 -14.01635 -0.51282 -1.32347 0.28864 0.63662 -0.29595 0.65101
1403715544062142976 -13.91764 -0.40973 -1.45996 0.31353 0.63434 -0.31905 0.63049
1403715544162142976 -13.06440 -0.51639 -1.71492 0.31947 0.62486 -0.36046 0.61445
1403715544262142976 -13.07399 -0.51833 -1.82570 0.31624 0.61399 -0.39973 0.60268
1403715544362142976 -13.10499 -0.46860 -1.93527 0.31338 0.59910 -0.44081 0.59039
1403715544462142976 -13.15743 -0.39664 -2.04472 0.31370 0.57998 -0.48043 0.57828
1403715544562142976 -13.20607 -0.33976 -2.13775 0.31277 0.56557 -0.50846 0.56900
1403715544662142976 -13.28403 -0.25385 -2.22454 0.31311 0.55661 -0.52387 0.56366
1403715544762142976 -13.32418 -0.16066 -2.28114 0.32774 0.54277 -0.53276 0.56049
1403715544862142976 -13.36682 -0.04459 -2.31374 0.34189 0.53211 -0.53710 0.55811
1403715544962142976 -13.40333 0.08765 -2.33032 0.34985 0.52750 -0.54425 0.55058
1403715545062142976 -13.54112 0.22091 -2.34374 0.33948 0.53996 -0.53918 0.54999
1403715545162142976 -13.70459 0.34897 -2.36634 0.33022 0.55111 -0.53429 0.54934
1403715545262142976 -13.76973 0.49556 -2.39918 -0.33648 -0.54476 0.54796 -0.53829
1403715545362142976 -13.87812 0.63109 -2.44339 -0.33535 -0.54037 0.55738 -0.53374
1403715545462142976 -14.00463 0.78843 -2.50106 -0.32507 -0.53139 0.56601 -0.53998
1403715545562142976 -14.12568 0.92956 -2.54640 -0.31224 -0.52192 0.57411 -0.54818
1403715545662142976 -14.25518 1.06074 -2.58253 -0.30209 -0.51587 0.57757 -0.55591
1403715545762142976 -14.40158 1.19747 -2.62217 -0.29652 -0.51873 0.57268 -0.56127
1403715545862142976 -14.54298 1.30949 -2.65873 0.29674 0.52875 -0.56053 0.56407
1403715545962142976 -14.71286 1.45491 -2.69675 0.29905 0.54719 -0.53725 0.56791
1403715546062142976 -14.87714 1.58388 -2.72340 0.29910 0.56919 -0.50696 0.57406
1403715546162142976 -15.09218 1.78540 -2.76137 0.28692 0.59366 -0.46715 0.58908
1403715546262142976 -15.26755 1.93685 -2.80321 0.27041 0.61664 -0.42630 0.60407
1403715546362142976 -15.45098 2.11361 -2.84998 0.24897 0.63839 -0.38234 0.61991
1403715546462142976 -15.63494 2.31389 -2.90238 0.22486 0.65995 -0.33684 0.63280
1403715546562142976 -15.81924 2.50089 -2.94358 0.20036 0.67947 -0.29018 0.64340
1403715546662142976 -15.99624 2.67774 -2.98828 0.17838 0.70073 -0.24154 0.64716
1403715546762142976 -16.16243 2.85276 -3.03562 0.15419 0.72655 -0.19381 0.64093
1403715546862142976 -16.32253 3.02247 -3.08542 0.12436 0.75021 -0.15106 0.63158
1403715546962142976 -16.47452 3.21314 -3.13502 0.10112 0.76449 -0.10513 0.62792
1403715547062142976 -16.61790 3.41525 -3.18442 0.08730 0.77362 -0.05512 0.62519
1403715547162142976 -16.74980 3.60296 -3.22989 0.06981 0.77863 -0.00909 0.62352
1403715547262142976 -16.87024 3.79452 -3.27020 0.05242 0.78049 0.03625 0.62192
1403715547362142976 -17.01574 4.04665 -3.32006 0.03395 0.78103 0.08130 0.61824
1403715547462142976 -17.14717 4.31465 -3.37363 0.01361 0.78465 0.11758 0.60853
1403715547562142976 -17.32297 4.67526 -3.44926 -0.00820 0.78560 0.15854 0.59802
1403715547662142976 -17.50937 5.09159 -3.53793 -0.02829 0.78240 0.20146 0.58861
1403715547762142976 -17.68645 5.53340 -3.63252 -0.04623 0.77657 0.24358 0.57920
1403715547862142976 -17.87478 6.00094 -3.73330 -0.06754 0.76822 0.28310 0.57020
1403715547962142976 -18.07534 6.53814 -3.84681 -0.08978 0.75361 0.31699 0.56880
1403715548062142976 -18.27063 7.12561 -3.96705 -0.11283 0.73560 0.33893 0.57557
1403715548162142976 -18.47232 7.74895 -4.09399 -0.12789 0.71632 0.35513 0.58687
1403715548262142976 -18.67529 8.40333 -4.22551 -0.13525 0.70166 0.36723 0.59541
1403715548362142976 -18.91746 9.03669 -4.37072 -0.14150 0.69321 0.37576 0.59854
1403715548462142976 -19.20164 9.73269 -4.53971 -0.14368 0.69006 0.38109 0.59829
1403715548562142976 -19.48238 10.45247 -4.72975 -0.14887 0.69131 0.38147 0.59532
1403715548662142976 -19.79838 11.21191 -4.92890 -0.15474 0.69349 0.38050 0.59190
1403715548762142976 -20.14599 11.99851 -5.13564 -0.16009 0.69373 0.37987 0.59060
1403715548862142976 -20.51975 12.82596 -5.35061 -0.16280 0.69372 0.38025 0.58963
1403715548962142976 -20.91852 13.69438 -5.57380 -0.16731 0.69195 0.38241 0.58905
1403715549062142976 -21.35049 14.59293 -5.80367 -0.17493 0.68611 0.39168 0.58757
1403715549162142976 -21.81028 15.52380 -6.04217 -0.18813 0.67333 0.40308 0.59056
1403715549262142976 -22.30379 16.47780 -6.28317 -0.20223 0.65796 0.41313 0.59625
1403715549362142976 -22.82911 17.44403 -6.53141 -0.21803 0.64744 0.42042 0.59710
1403715549462142976 -23.38517 18.42874 -6.78844 -0.23610 0.64819 0.42433 0.58655
1403715549562142976 -23.96683 19.44504 -7.05433 -0.24713 0.65473 0.42994 0.57044
1403715549662142976 -24.57877 20.48009 -7.32476 -0.25395 0.66554 0.43112 0.55380
1403715549762142976 -25.19694 21.54543 -7.60113 -0.25912 0.67331 0.42334 0.54800
1403715549862142976 -25.84790 22.62273 -7.87361 -0.26175 0.67763 0.40861 0.55257
1403715549962142976 -26.49268 23.72539 -8.15288 -0.26507 0.68752 0.38594 0.55508
1403715550062142976 -27.16095 24.81870 -8.42652 -0.26243 0.70116 0.35946 0.55704
1403715550162142976 -27.84679 25.90653 -8.69305 -0.24290 0.71164 0.33803 0.56595
1403715550262142976 -28.55177 26.99568 -8.94631 -0.21900 0.71919 0.31892 0.57714
1403715550362142976 -29.27730 28.10107 -9.18852 -0.19710 0.72487 0.29944 0.58826
1403715550462142976 -30.02407 29.22619 -9.42344 -0.17346 0.72642 0.27921 0.60354
1403715550562142976 -30.78653 30.37598 -9.66614 -0.15209 0.72869 0.25557 0.61689
1403715550662142976 -31.55046 31.54393 -9.92087 -0.13995 0.73335 0.22642 0.62558
1403715550762142976 -32.33213 32.71088 -10.19163 -0.13462 0.73838 0.19303 0.63199
1403715550862142976 -33.12395 33.89343 -10.47336 -0.13349 0.74364 0.15794 0.63580
1403715550962142976 -33.94900 35.07466 -10.77175 -0.13042 0.74720 0.12379 0.63981
1403715551062142976 -34.76154 36.30704 -11.07220 -0.11577 0.74794 0.09528 0.64661
1403715551162142976 -35.60110 37.50761 -11.35728 -0.09661 0.74624 0.06964 0.65494
1403715551262142976 -36.45312 38.71818 -11.62848 -0.08529 0.74391 0.03974 0.66162
1403715551362142976 -37.32195 39.92174 -11.89689 -0.07860 0.74223 0.00608 0.66549
1403715551462142976 -38.23419 41.15033 -12.16595 -0.06902 0.73767 -0.02752 0.67106
1403715551562142976 -39.15740 42.36242 -12.43379 -0.05159 0.73063 -0.05718 0.67841
1403715551662142976 -40.10002 43.57797 -12.70250 -0.02316 0.72040 -0.08078 0.68845
1403715551762142976 -41.20448 44.68093 -12.97286 0.00249 0.70608 -0.10334 0.70055
1403715551862142976 -42.05023 46.05445 -13.24837 0.02658 0.68843 -0.13266 0.71257
1403715551962142976 -43.03368 47.29046 -13.52759 0.04581 0.66908 -0.15864 0.72461
1403715552062142976 -43.97651 48.60971 -13.81409 0.07828 0.65998 -0.18021 0.72514
1403715552162142976 -46.37360 48.40085 -14.08531 0.06669 0.66470 -0.17904 0.72227
1403715552262142976 -47.55775 49.54583 -14.38181 0.09302 0.65488 -0.20142 0.72244
1403715552362142976 -48.77998 50.69076 -14.68402 0.11742 0.64134 -0.22559 0.72388
1403715552462142976 -50.54931 51.36670 -14.96159 0.13025 0.63346 -0.24767 0.72141
1403715552562142976 -51.88043 52.48790 -15.27336 0.14762 0.62024 -0.28054 0.71750
1403715552662142976 -53.23945 53.62220 -15.59119 0.16071 0.60328 -0.31737 0.71379
1403715552762142976 -54.62631 54.76843 -15.91676 0.17149 0.58894 -0.35756 0.70420
1403715552862142976 -56.04076 55.92496 -16.24920 0.18288 0.57545 -0.39856 0.69033
1403715552962142976 -57.48286 57.09004 -16.59019 0.18636 0.56196 -0.44144 0.67424
1403715553062142976 -58.95593 58.25630 -16.93885 0.18694 0.54555 -0.48312 0.65880
1403715553162142976 -60.61896 58.76341 -17.24238 0.21101 0.51262 -0.54320 0.63059
1403715553262142976 -62.59853 59.31247 -17.50721 0.23091 0.48502 -0.57697 0.61526
1403715553362142976 -64.20288 60.15210 -17.81906 0.26383 0.45495 -0.60119 0.60165
1403715553462142976 -65.82762 61.03041 -18.15254 -0.30789 -0.42869 0.61647 -0.58429
1403715553562142976 -67.50845 62.05651 -18.50936 -0.34713 -0.40723 0.62748 -0.56562
1403715553662142976 -69.08217 62.86202 -18.82575 -0.37830 -0.39249 0.64207 -0.53905
1403715553762142976 -70.78784 63.88828 -19.18862 -0.38506 -0.39799 0.65475 -0.51442
1403715553862142976 -72.50848 64.92249 -19.55335 -0.37730 -0.41791 0.66856 -0.48582
1403715553962142976 -74.05254 65.76216 -19.86992 -0.36861 -0.43658 0.67918 -0.46070
1403715554062142976 -75.60811 66.67052 -20.19983 -0.34620 -0.45433 0.69046 -0.44384
1403715554162142976 -77.33146 67.66047 -20.55685 -0.31895 -0.47353 0.69973 -0.42944
1403715554262142976 -79.07135 68.62964 -20.91311 -0.29983 -0.48917 0.70305 -0.42016
1403715554362142976 -80.24037 69.48055 -21.19736 -0.30342 -0.50849 0.69636 -0.40554
1403715554462142976 -81.66291 70.31321 -21.51826 -0.34364 -0.53775 0.66250 -0.39221
1403715554562142976 -83.08351 71.12487 -21.84987 -0.40576 -0.56950 0.60776 -0.37638
1403715554662142976 -84.45905 71.93270 -22.18691 0.45931 0.59144 -0.55608 0.36056
1403715554762142976 -85.71175 72.73989 -22.51553 0.49240 0.60216 -0.52185 0.35016
1403715554862142976 -86.88263 73.60166 -22.84010 0.51338 0.60173 -0.50004 0.35259
1403715554962142976 -88.05948 74.46950 -23.13311 0.51756 0.58877 -0.49748 0.37148
1403715555062142976 -89.20128 75.35603 -23.39480 0.48309 0.56401 -0.52935 0.41025
1403715555162142976 -90.35724 76.24251 -23.63515 -0.41436 -0.53405 0.57965 -0.45509
1403715555262142976 -91.49997 77.12057 -23.87025 -0.33061 -0.50195 0.62688 -0.49575
1403715555362142976 -92.68228 78.00639 -24.13253 -0.26510 -0.47374 0.65527 -0.52527
1403715555462142976 -93.95129 78.84314 -24.38529 -0.25409 -0.46415 0.65660 -0.53748
1403715555562142976 -95.29451 79.68697 -24.64809 -0.27376 -0.46992 0.64354 -0.53860
1403715555662142976 -96.70093 80.49256 -24.90186 -0.29138 -0.48231 0.62904 -0.53552
1403715555762142976 -98.13474 81.39595 -25.16462 -0.29018 -0.49384 0.62181 -0.53411
1403715555862142976 -99.58363 82.22675 -25.41468 -0.27116 -0.49768 0.62194 -0.54036
1403715555962142976 -101.09852 83.07904 -25.66871 -0.25796 -0.50157 0.61945 -0.54605
1403715556062142976 -102.62384 83.87926 -25.91658 -0.23432 -0.50103 0.62217 -0.55404
1403715556162142976 -104.17618 84.67233 -26.18073 -0.22468 -0.49839 0.61969 -0.56313
1403715556262142976 -105.78103 85.46121 -26.45388 -0.23109 -0.49528 0.61033 -0.57341
1403715556362142976 -107.43724 86.23840 -26.73665 -0.23963 -0.49864 0.59863 -0.57930
1403715556462142976 -109.13188 87.00558 -27.02790 -0.25015 -0.50869 0.58566 -0.57936
1403715556562142976 -110.87113 87.76695 -27.33867 -0.27147 -0.53142 0.56814 -0.56667
1403715556662142976 -112.65431 88.53141 -27.67462 0.28286 0.55114 -0.55424 0.55592
1403715556762142976 -114.43653 89.24171 -28.01592 0.28426 0.56872 -0.54544 0.54612
1403715556862142976 -116.19336 89.92886 -28.35974 0.29467 0.57905 -0.53260 0.54240
1403715556962142976 -117.95815 90.60713 -28.70637 0.30365 0.58677 -0.52081 0.54061
1403715557062142976 -119.68100 91.19125 -29.03270 0.29246 0.59464 -0.52183 0.53717
1403715557162142976 -121.39056 91.90056 -29.38927 0.27221 0.60317 -0.52755 0.53270
1403715557262142976 -123.13975 92.36393 -29.70811 0.25399 0.60969 -0.53362 0.52822
1403715557362142976 -124.72046 92.74004 -29.99894 0.24595 0.61362 -0.53708 0.52395
1403715557462142976 -126.30437 93.19653 -30.30770 0.24945 0.61095 -0.53482 0.52771
1403715557562142976 -127.65622 93.47209 -30.56466 0.26908 0.60236 -0.52735 0.53541
1403715557662142976 -129.01405 93.80706 -30.83651 0.29027 0.59603 -0.51846 0.54008
1403715557762142976 -130.39439 94.18661 -31.11962 0.30602 0.59082 -0.51253 0.54277
1403715557862142976 -131.76000 94.52393 -31.38778 0.30730 0.58604 -0.51599 0.54394
1403715557962142976 -133.17118 94.84904 -31.64833 0.30645 0.58224 -0.52110 0.54364
1403715558062142976 -134.65420 95.14449 -31.89519 0.30693 0.57936 -0.52376 0.54388
1403715558162142976 -136.17824 95.42445 -32.13622 0.30534 0.58017 -0.52561 0.54212
1403715558262142976 -137.72223 95.68823 -32.37142 0.30987 0.58513 -0.52277 0.53695
1403715558362142976 -139.26696 95.91806 -32.59823 0.32380 0.58751 -0.51339 0.53518
1403715558462142976 -140.77305 96.08771 -32.80584 0.33335 0.57981 -0.50453 0.54602
1403715558562142976 -142.27511 96.25364 -33.01680 0.33850 0.56332 -0.49650 0.56707
1403715558662142976 -143.73818 96.38379 -33.21945 0.34017 0.55193 -0.49159 0.58137
1403715558762142976 -145.19507 96.50349 -33.42937 0.33905 0.55088 -0.48583 0.58783
1403715558862142976 -146.64289 96.61408 -33.61997 0.33890 0.55863 -0.47290 0.59113
1403715558962142976 -148.10246 96.71950 -33.80343 0.34017 0.57049 -0.45335 0.59439
1403715559062142976 -149.47442 96.77613 -33.93786 0.33929 0.58363 -0.43236 0.59776
1403715559162142976 -150.79972 96.77507 -34.03799 0.33079 0.59414 -0.41176 0.60666
1403715559262142976 -152.07904 96.72022 -34.10774 0.32327 0.60522 -0.38863 0.61496
1403715559362142976 -153.37173 96.66630 -34.17488 0.31580 0.61860 -0.36369 0.62075
1403715559462142976 -154.81235 96.78386 -34.32836 0.30297 0.63810 -0.34152 0.62001
1403715559562142976 -155.89989 96.62667 -34.29532 0.28188 0.65498 -0.34097 0.61261
1403715559662142976 -157.23179 96.62510 -34.39327 0.26108 0.66571 -0.33676 0.61258
1403715559762142976 -158.60336 96.68818 -34.52919 0.25526 0.67496 -0.32316 0.61224
1403715559862142976 -160.04299 96.82891 -34.71136 0.24916 0.68392 -0.30394 0.61464
1403715559962142976 -161.50806 97.02823 -34.91371 0.24524 0.69468 -0.27809 0.61639
1403715560062142976 -163.13666 97.29156 -35.17214 0.23434 0.70643 -0.24457 0.62147
1403715560162142976 -164.79679 97.53806 -35.43912 0.21687 0.71744 -0.21104 0.62747
1403715560262142976 -166.32284 97.80034 -35.63388 0.19083 0.72342 -0.19131 0.63533
1403715560362142976 -167.82881 98.16888 -35.82496 0.16857 0.72901 -0.17354 0.64033
1403715560462142976 -169.36732 98.45305 -36.00990 0.14958 0.73443 -0.14893 0.64503
1403715560562142976 -170.91256 98.75068 -36.19806 0.13228 0.73826 -0.12393 0.64971
1403715560662142976 -172.46493 99.06618 -36.38749 0.11727 0.74205 -0.09585 0.65301
1403715560762142976 -174.02530 99.39141 -36.57720 0.10322 0.74511 -0.06516 0.65568
1403715560862142976 -175.59387 99.73473 -36.76948 0.09385 0.74743 -0.03063 0.65696
1403715560962142976 -177.17268 100.09064 -36.96489 0.08243 0.74984 0.00506 0.65644
1403715561062142976 -178.76685 101.43603 -37.27424 0.07916 0.75133 0.02750 0.65458
1403715561162142976 -180.36317 101.93612 -37.48976 0.05514 0.75263 0.05878 0.65350
1403715561262142976 -181.93144 104.10526 -37.79369 0.04888 0.75408 0.06364 0.65186
1403715561362142976 -183.53488 104.36990 -38.01150 0.01118 0.75504 0.08148 0.65050
1403715561462142976 -185.30574 104.16156 -38.21463 -0.02309 0.75158 0.11031 0.64995
1403715561562142976 -186.96332 104.36391 -38.39956 -0.03426 0.74401 0.14167 0.65207
1403715561662142976 -188.61861 105.54524 -38.65741 -0.02561 0.73735 0.16457 0.65465
1403715561762142976 -190.47250 105.47044 -38.83207 -0.04060 0.72228 0.20075 0.66058
1403715561862142976 -192.27841 105.42846 -38.98064 -0.05965 0.70709 0.23331 0.66486
1403715561962142976 -194.16070 107.19858 -39.34950 -0.06114 0.69537 0.25105 0.67060
1403715562062142976 -195.89695 108.29837 -39.60856 -0.07592 0.67925 0.27471 0.67631
1403715562162142976 -197.77661 109.41101 -39.88124 -0.08388 0.66315 0.29327 0.68352
1403715562262142976 -199.63077 110.30555 -40.12652 -0.08434 0.65323 0.31158 0.68491
1403715562362142976 -201.55099 111.32829 -40.40739 -0.07335 0.65471 0.32637 0.67783
1403715562462142976 -203.43454 112.62033 -40.72409 -0.05546 0.66547 0.34002 0.66216
1403715562562142976 -205.47675 113.59403 -41.02782 -0.04522 0.66733 0.35811 0.65144
1403715562662142976 -207.52162 114.96597 -41.38645 -0.05130 0.66801 0.37284 0.64197
1403715562762142976 -209.58093 116.07635 -41.71581 -0.08143 0.67906 0.37608 0.62515
1403715562862142976 -211.66774 117.24612 -42.05951 -0.10873 0.68619 0.38019 0.61055
1403715562962142976 -213.78240 118.42532 -42.41250 -0.13276 0.68694 0.39132 0.59780
1403715563062142976 -215.84651 119.59509 -42.76974 -0.15345 0.67967 0.41025 0.58839
1403715563162142976 -218.08862 120.89331 -43.14800 -0.16859 0.66147 0.43616 0.58635
1403715563262142976 -220.29292 122.16567 -43.52529 -0.19085 0.63669 0.46738 0.58289
1403715563362142976 -222.50765 123.45371 -43.90888 -0.21560 0.61069 0.50385 0.57159
1403715563462142976 -224.67053 124.73175 -44.28156 -0.23837 0.58434 0.54423 0.55276
1403715563562142976 -227.00409 126.04249 -44.69699 -0.25647 0.55753 0.58165 0.53392
1403715563662142976 -229.30764 127.43872 -45.13153 -0.27331 0.52914 0.61594 0.51568
1403715563762142976 -231.64065 128.74356 -45.55992 -0.29090 0.49986 0.64509 0.49937
1403715563862142976 -233.99424 130.03790 -46.00500 -0.31852 0.47743 0.66750 0.47440
1403715563962142976 -236.37764 131.31968 -46.45815 -0.34680 0.46006 0.68835 0.44074
1403715564062142976 -238.79466 132.60843 -46.92446 -0.37331 0.44762 0.70874 0.39745
1403715564162142976 -241.22751 133.86980 -47.38807 -0.39738 0.42978 0.72839 0.35612
1403715564262142976 -243.67184 135.09554 -47.84834 -0.41487 0.40675 0.74966 0.31693
1403715564362142976 -246.17055 136.37122 -48.29582 -0.42717 0.37317 0.77356 0.28261
1403715564462142976 -248.70874 137.64964 -48.73842 -0.42525 0.33835 0.80365 0.24254
1403715564562142976 -251.30878 138.96613 -49.20000 -0.42298 0.30059 0.83031 0.20325
1403715564662142976 -253.99038 140.36460 -49.64490 -0.42524 0.25864 0.85088 0.16818
1403715564762142976 -256.64887 141.76739 -50.11195 -0.43035 0.21310 0.86664 0.13535
1403715564862142976 -259.45501 143.16429 -50.53888 -0.43766 0.16984 0.87655 0.10612
1403715564962142976 -262.23615 144.57080 -50.99025 -0.45044 0.12676 0.88038 0.07727
1403715565062142976 -265.11717 146.05519 -51.42738 -0.46014 0.08626 0.88244 0.04617
1403715565162142976 -267.92842 147.50661 -51.89531 -0.46695 0.05053 0.88283 0.00456
1403715565262142976 -270.83305 148.84030 -52.34293 -0.47091 0.02003 0.88124 -0.03531
1403715565362142976 -273.80633 150.26062 -52.79023 -0.48105 -0.00835 0.87369 -0.07209
1403715565462142976 -276.79387 151.68785 -53.27506 -0.49301 -0.03609 0.86242 -0.10892
1403715565562142976 -279.79984 153.10992 -53.77842 0.50046 0.06830 -0.85100 0.14378
1403715565662142976 -282.86215 154.61528 -54.31059 0.50226 0.10402 -0.83900 0.18164
1403715565762142976 -285.94172 156.02499 -54.81973 -0.49776 -0.14444 0.82648 -0.21977
1403715565862142976 -289.07531 157.50702 -55.35311 -0.48556 -0.18982 0.81274 -0.26012
1403715565962142976 -292.28217 159.02896 -55.91215 -0.47483 -0.23799 0.79150 -0.30238
1403715566062142976 -295.48912 160.49828 -56.47380 -0.46356 -0.28369 0.76502 -0.34551
1403715566162142976 -298.65615 161.93212 -57.02158 -0.45200 -0.32853 0.73524 -0.38366
1403715566262142976 -301.92544 163.42335 -57.57152 -0.43838 -0.37004 0.70271 -0.42082
1403715566362142976 -305.06606 164.89738 -58.11115 -0.42347 -0.40912 0.66760 -0.45563
1403715566462142976 -308.27123 166.38502 -58.65977 -0.40834 -0.44508 0.63108 -0.48673
1403715566562142976 -311.18045 167.80825 -59.24205 -0.39438 -0.47592 0.59163 -0.51762
1403715566662142976 -314.34650 169.28824 -59.81955 -0.38064 -0.50380 0.55282 -0.54377
1403715566762142976 -317.52350 170.77687 -60.40559 0.36358 0.53313 -0.51086 0.56798
1403715566862142976 -320.74567 172.28925 -60.99319 0.33948 0.56160 -0.46647 0.59311
1403715566962142976 -324.52578 173.99856 -61.59819 0.31359 0.58749 -0.41663 0.61882
1403715567062142976 -328.00298 175.73557 -62.25240 0.27863 0.61661 -0.36141 0.64151
1403715567162142976 -331.34538 177.32543 -62.85399 0.23874 0.64223 -0.30497 0.66146
1403715567262142976 -334.70699 178.92789 -63.45937 0.19876 0.66947 -0.24385 0.67293
1403715567362142976 -338.08372 180.54333 -64.06934 0.16209 0.69486 -0.17675 0.67798
1403715567462142976 -341.47599 182.17242 -64.68937 0.12971 0.71646 -0.10606 0.67721
1403715567562142976 -344.88098 183.81464 -65.32647 0.09928 0.73066 -0.03676 0.67448
1403715567662142976 -348.14086 185.47141 -65.94195 0.06859 0.73620 0.02625 0.67277
1403715567762142976 -352.28926 187.10355 -66.74032 0.02754 0.73077 0.10430 0.67405
1403715567862142976 -354.68938 189.08777 -67.18260 0.00704 0.72713 0.14485 0.67100
1403715567962142976 -358.14593 190.62076 -67.85876 -0.02549 0.71741 0.20989 0.66379
1403715568062142976 -361.44606 192.30810 -68.49539 -0.05271 0.70343 0.26488 0.65745
1403715568162142976 -364.76658 194.09829 -69.13912 -0.08434 0.68566 0.31899 0.64885
1403715568262142976 -368.12450 196.12815 -69.81041 -0.11547 0.66938 0.37001 0.63379
1403715568362142976 -371.19075 198.06117 -70.41247 -0.14531 0.65499 0.41321 0.61574
1403715568462142976 -375.29110 198.53877 -71.08790 -0.18501 0.62748 0.46887 0.59347
1403715568562142976 -378.54401 201.86816 -71.92167 -0.20219 0.61341 0.50511 0.57246
1403715568662142976 -382.23303 202.89153 -72.51299 -0.23205 0.58482 0.55334 0.54585
1403715568762142976 -385.88619 204.74592 -73.21182 -0.25624 0.56045 0.59266 0.51864
1403715568862142976 -389.57244 206.71642 -73.94421 -0.27695 0.53539 0.63084 0.48857
1403715568962142976 -393.26519 208.46526 -74.63987 -0.29574 0.51187 0.66578 0.45527
1403715569062142976 -396.99001 210.30530 -75.35187 -0.31017 0.48882 0.69662 0.42376
1403715569162142976 -400.75371 212.19258 -76.07979 -0.32579 0.46571 0.72334 0.39212
1403715569262142976 -404.55875 214.12048 -76.82442 -0.34487 0.44381 0.74290 0.36358
1403715569362142976 -408.43018 216.14545 -77.59825 -0.36951 0.41742 0.75460 0.34612
1403715569462142976 -412.33617 218.15727 -78.37167 -0.39097 0.39211 0.76427 0.33057
1403715569562142976 -416.28355 220.22540 -79.16886 -0.40400 0.36527 0.77754 0.31431
1403715569662142976 -420.12143 222.08334 -79.95391 -0.41246 0.33893 0.79282 0.29401
1403715569762142976 -423.90878 223.85689 -80.70066 -0.41914 0.31453 0.80870 0.26720
1403715569862142976 -428.15148 226.09760 -81.51184 -0.42763 0.28984 0.82340 0.23480
1403715569962142976 -432.08891 227.94413 -82.29031 -0.44263 0.25740 0.83418 0.20488
1403715570062142976 -436.31971 230.14944 -83.10609 -0.45615 0.22406 0.84369 0.17296
1403715570162142976 -440.49643 232.27340 -83.92541 -0.46797 0.18893 0.85203 0.13910
1403715570262142976 -444.22598 233.93855 -84.69869 -0.47901 0.15172 0.85850 0.10248
1403715570362142976 -448.45674 236.02134 -85.43243 -0.49077 0.11253 0.86141 0.06677
1403715570462142976 -452.55144 238.03573 -86.22500 0.50172 -0.07193 -0.86161 -0.02708
1403715570562142976 -456.67512 240.01377 -86.99024 0.51089 -0.02877 -0.85908 0.01194
1403715570662142976 -460.98141 242.14008 -87.83637 0.51137 0.01442 -0.85760 0.05295
1403715570762142976 -465.22830 244.20625 -88.65597 0.50542 0.05801 -0.85558 0.09569
1403715570862142976 -469.62238 246.36825 -89.52792 -0.49966 -0.10243 0.84903 -0.13781
1403715570962142976 -473.89080 248.35211 -90.37837 -0.49095 -0.14452 0.84060 -0.17740
1403715571062142976 -478.19956 250.29149 -91.20076 -0.48064 -0.17759 0.83206 -0.21244
1403715571162142976 -482.40502 252.00469 -92.02504 -0.47542 -0.19606 0.82307 -0.24102
1403715571262142976 -486.81621 254.02736 -92.83861 -0.48398 -0.20805 0.80833 -0.26283
1403715571362142976 -491.16497 255.90518 -93.66181 -0.49536 -0.21674 0.79540 -0.27384
1403715571462142976 -495.35769 257.57452 -94.43659 -0.49109 -0.22511 0.79501 -0.27591
1403715571562142976 -499.60631 259.31251 -95.23533 -0.47365 -0.22879 0.80267 -0.28112
1403715571662142976 -503.92265 261.16927 -96.05745 -0.44388 -0.22082 0.81503 -0.29990
1403715571762142976 -508.32574 263.07571 -96.93014 -0.40429 -0.20571 0.83013 -0.32423
1403715571862142976 -512.81115 265.01567 -97.81033 -0.36667 -0.19678 0.84345 -0.33973
1403715571962142976 -517.54717 267.14549 -98.79656 -0.33527 -0.19625 0.85366 -0.34691
1403715572062142976 -522.17489 269.10782 -99.72919 -0.31639 -0.20769 0.86101 -0.33974
1403715572162142976 -526.83296 271.01926 -100.64655 -0.32161 -0.23799 0.85977 -0.31738
1403715572262142976 -531.72788 273.08393 -101.65186 -0.35558 -0.27544 0.84068 -0.30157
1403715572362142976 -536.61762 275.08958 -102.64315 -0.40675 -0.31095 0.80582 -0.29751
1403715572462142976 -541.40664 276.95241 -103.59166 -0.44825 -0.33525 0.76946 -0.30757
1403715572562142976 -546.15748 278.71556 -104.52708 -0.46382 -0.35184 0.74344 -0.32920
1403715572662142976 -550.96738 280.39133 -105.55638 -0.46680 -0.37098 0.72146 -0.35209
1403715572762142976 -555.72634 282.10232 -106.42371 -0.45952 -0.39544 0.70299 -0.37185
1403715572862142976 -560.68542 284.01388 -107.40768 -0.44317 -0.41720 0.68662 -0.39761
1403715572962142976 -565.59644 285.90152 -108.35512 -0.42922 -0.43445 0.66717 -0.42650
1403715573062142976 -570.47833 287.71622 -109.28680 -0.41785 -0.45143 0.64467 -0.45389
1403715573162142976 -575.37854 289.56242 -110.20109 -0.40269 -0.46848 0.62212 -0.48097
1403715573262142976 -580.27198 291.42511 -111.11357 -0.38642 -0.48822 0.59885 -0.50369
1403715573362142976 -584.92058 293.22721 -112.12114 -0.36688 -0.50955 0.57468 -0.52488
1403715573462142976 -589.89423 295.03935 -113.14928 -0.34290 -0.52874 0.55170 -0.54633
1403715573562142976 -594.81326 296.90007 -114.09338 0.31789 0.54592 -0.52959 0.56608
1403715573662142976 -600.23768 298.72294 -114.99363 0.30307 0.56668 -0.50434 0.57677
1403715573762142976 -605.35702 300.40010 -115.96473 0.29322 0.59463 -0.47418 0.57931
1403715573862142976 -610.51796 302.19283 -116.90182 0.28187 0.62397 -0.44130 0.58005
1403715573962142976 -615.64947 303.95581 -117.84822 0.26386 0.64927 -0.40809 0.58505
1403715574062142976 -620.98995 305.48224 -118.84720 0.23954 0.67276 -0.37163 0.59321
1403715574162142976 -626.31723 306.96707 -119.82879 0.21575 0.69010 -0.33112 0.60628
1403715574262142976 -631.44223 308.74982 -120.78254 0.20309 0.69985 -0.28338 0.62343
1403715574362142976 -636.57378 310.54131 -121.73708 0.20480 0.70476 -0.23097 0.63876
1403715574462142976 -641.70364 312.36836 -122.69703 0.21087 0.70979 -0.18655 0.64570
1403715574562142976 -646.83345 314.23046 -123.66405 0.21165 0.71457 -0.15544 0.64841
1403715574662142976 -651.96744 316.11616 -124.63859 0.20746 0.72281 -0.13095 0.64603
1403715574762142976 -657.11412 318.00208 -125.61897 0.19528 0.72974 -0.11146 0.64570
1403715574862142976 -662.25527 319.93992 -126.60365 0.17087 0.73363 -0.10392 0.64945
1403715574962142976 -667.40368 321.89979 -127.58902 0.15057 0.73060 -0.09999 0.65845
1403715575062142976 -672.56398 323.87526 -128.57444 0.14106 0.72351 -0.09502 0.66903
1403715575162142976 -677.73236 325.88299 -129.56125 0.14142 0.71074 -0.08846 0.68339
1403715575262142976 -682.92200 327.89834 -130.55067 0.14837 0.69272 -0.08085 0.70113
1403715575362142976 -688.12543 329.94959 -131.55041 0.15283 0.69292 -0.08035 0.70003
1403715575462142976 -693.34553 332.03096 -132.55844 0.15187 0.70356 -0.08494 0.68900
1403715575562142976 -698.58470 334.13155 -133.56728 0.16455 0.70674 -0.08223 0.68314
1403715575662142976 -703.82724 336.29011 -134.57726 0.18584 0.70135 -0.07347 0.68423
1403715575762142976 -709.09724 338.44242 -135.59282 0.20138 0.69803 -0.06646 0.68395
1403715575862142976 -714.37908 340.62810 -136.61703 0.20208 0.70080 -0.06649 0.68090
1403715575962142976 -719.67346 342.84727 -137.64998 0.18655 0.70394 -0.07240 0.68149
1403715576062142976 -724.96900 345.12305 -138.69009 0.16446 0.70704 -0.08026 0.68309
1403715576162142976 -727.47322 355.58426 -140.13824 0.21362 0.68964 -0.15007 0.67545
1403715576262142976 -733.05404 357.67710 -141.30374 0.19720 0.69110 -0.14206 0.68067
1403715576362142976 -738.15319 360.72769 -142.40630 0.19517 0.68517 -0.13474 0.68869
1403715576462142976 -743.26830 363.80343 -143.51067 0.19426 0.67211 -0.12470 0.70355
1403715576562142976 -748.40204 366.90545 -144.61935 0.19634 0.65985 -0.11646 0.71588
1403715576662142976 -753.55821 370.03545 -145.73453 0.20119 0.65180 -0.11160 0.72265
1403715576762142976 -758.73620 373.19655 -146.85775 0.20496 0.65342 -0.11395 0.71975
1403715576862142976 -763.33729 377.54644 -148.06051 0.20148 0.66937 -0.10739 0.70697
1403715576962142976 -768.49677 380.88277 -149.20555 0.20095 0.68166 -0.11644 0.69383
1403715577062142976 -773.66820 384.25217 -150.35547 0.19238 0.68562 -0.12905 0.69012
1403715577162142976 -778.85424 387.64319 -151.51213 0.18141 0.68589 -0.14506 0.68964
1403715577262142976 -784.05655 391.04498 -152.68202 0.17502 0.68365 -0.15653 0.69101
1403715577362142976 -789.27222 394.45238 -153.87580 0.17859 0.68214 -0.15875 0.69108
1403715577462142976 -794.52933 397.83008 -155.08668 0.18403 0.68193 -0.15615 0.69045
1403715577562142976 -799.79136 401.24366 -156.30236 0.18632 0.68212 -0.15268 0.69043
1403715577662142976 -805.56475 402.79000 -157.00390 0.16151 0.69105 -0.11844 0.69451
1403715577762142976 -810.89876 406.08690 -158.15331 0.15278 0.69258 -0.11769 0.69509
1403715577862142976 -816.24948 409.40154 -159.30409 0.14129 0.69144 -0.12251 0.69781
1403715577962142976 -822.16476 411.70300 -160.26458 0.12257 0.69375 -0.12401 0.69879
1403715578062142976 -827.60009 414.93548 -161.42815 0.11353 0.69482 -0.14225 0.69577
1403715578162142976 -833.04990 418.17685 -162.60750 0.09522 0.70126 -0.17176 0.68533
1403715578262142976 -838.51543 421.42087 -163.79165 0.09561 0.69951 -0.19898 0.67967
1403715578362142976 -843.99908 424.66464 -164.97342 0.11445 0.69159 -0.22085 0.67810
1403715578462142976 -849.50111 427.91125 -166.15588 0.14011 0.68554 -0.24121 0.67248
1403715578562142976 -854.91866 431.32953 -167.34061 0.16938 0.69059 -0.26090 0.65294
1403715578662142976 -865.69303 418.22312 -168.14414 0.10276 0.74522 -0.18205 0.63321
1403715578762142976 -871.73653 419.84439 -169.28927 0.11399 0.76124 -0.19289 0.60853
1403715578862142976 -877.77798 421.46901 -170.42793 0.11733 0.76646 -0.20007 0.59895
1403715578962142976 -883.81510 423.09664 -171.55683 0.13065 0.75948 -0.19509 0.60668
1403715579062142976 -889.84968 424.73061 -172.67390 0.15597 0.74489 -0.17892 0.62354
1403715579162142976 -895.89279 426.35803 -173.77711 0.18929 0.72828 -0.15567 0.63996
1403715579262142976 -901.93758 428.02057 -174.87077 0.21579 0.70972 -0.13396 0.65711
1403715579362142976 -907.98874 429.71508 -175.96677 0.22149 0.70161 -0.12497 0.66564
1403715579462142976 -914.04761 431.44208 -177.06934 0.21339 0.70265 -0.12444 0.66728
1403715579562142976 -920.11518 433.20144 -178.17817 0.19052 0.70975 -0.13116 0.66540
1403715579662142976 -926.18765 435.00186 -179.28625 0.17627 0.70961 -0.13005 0.66968
1403715579762142976 -932.27911 436.80732 -180.39228 0.16280 0.70417 -0.12641 0.67946
1403715579862142976 -938.38771 438.63616 -181.49231 0.16216 0.69988 -0.11757 0.68560
1403715579962142976 -944.51533 440.48835 -182.58789 0.15711 0.69659 -0.11787 0.69006
1403715580062142976 -950.65999 442.35721 -183.68991 0.14970 0.69161 -0.13028 0.69447
1403715580162142976 -956.82107 444.23939 -184.80797 0.14691 0.68584 -0.14971 0.69687
1403715580262142976 -963.00054 446.12828 -185.94100 0.14840 0.67991 -0.17303 0.69697
1403715580362142976 -969.20244 448.02400 -187.08108 0.14616 0.67132 -0.20131 0.69817
1403715580462142976 -975.43015 449.92320 -188.22396 0.14258 0.66219 -0.23164 0.69822
1403715580562142976 -981.68579 451.82091 -189.36906 0.13673 0.65549 -0.25772 0.69658
1403715580662142976 -987.96331 453.73283 -190.51798 0.12269 0.65260 -0.27942 0.69353
1403715580762142976 -994.26986 455.63490 -191.67026 0.10605 0.65144 -0.29658 0.69024
1403715580862142976 -1000.60490 457.52996 -192.82413 0.08491 0.64883 -0.31112 0.68922
1403715580962142976 -1006.96953 459.41632 -193.97993 0.05750 0.64793 -0.32407 0.68692
1403715581062142976 -1013.36596 461.28983 -195.13610 0.05202 0.65628 -0.32477 0.67906
1403715581162142976 -1019.78454 463.17281 -196.29167 0.06000 0.66666 -0.31936 0.67080
1403715581262142976 -1026.23332 465.02858 -197.44551 0.07798 0.66867 -0.30817 0.67219
1403715581362142976 -1032.70827 466.86697 -198.60047 0.08302 0.66545 -0.29413 0.68101
1403715581462142976 -1039.20805 468.69849 -199.75925 0.08872 0.66777 -0.26982 0.68805
1403715581562142976 -1045.73015 470.52645 -200.92396 0.10730 0.67300 -0.23108 0.69438
1403715581662142976 -1052.26833 472.35762 -202.10207 0.12122 0.67928 -0.18728 0.69915
1403715581762142976 -1058.82354 474.19853 -203.29210 0.12992 0.68703 -0.13990 0.70110
1403715581862142976 -1065.39922 476.05607 -204.48221 0.13351 0.69335 -0.09075 0.70228
1403715581962142976 -1071.99794 477.93683 -205.66771 0.11447 0.69704 -0.05228 0.70590
1403715582062142976 -1078.62210 479.84252 -206.84589 0.08800 0.68811 -0.01948 0.71999
1403715582162142976 -1085.27237 481.77471 -208.02591 0.06835 0.67419 0.01064 0.73531
1403715582262142976 -1091.95114 483.72013 -209.22148 0.05434 0.66741 0.03328 0.74196
1403715582362142976 -1098.64999 485.69958 -210.43941 0.04830 0.67678 0.04859 0.73299
1403715582462142976 -1105.37527 487.70245 -211.66839 0.04611 0.68952 0.05865 0.72042
1403715582562142976 -1112.11461 489.77707 -212.89949 0.04476 0.70179 0.06386 0.70810
1403715582662142976 -1118.88408 491.86544 -214.12497 0.04406 0.70993 0.06589 0.69980
1403715582762142976 -1125.65120 494.06340 -215.34957 0.04395 0.71558 0.06428 0.69418
1403715582862142976 -1133.59129 485.62033 -216.54025 0.00361 0.72105 0.09522 0.68630
1403715582962142976 -1140.54704 486.66321 -217.78987 0.00520 0.73085 0.09350 0.67608
1403715583062142976 -1147.51954 487.70067 -219.05520 0.00541 0.73754 0.09217 0.66896
1403715583162142976 -1154.50678 488.74612 -220.32705 0.00118 0.72878 0.09072 0.67871
1403715583262142976 -1161.50906 489.83699 -221.60025 -0.00985 0.70544 0.08830 0.70318
1403715583362142976 -1168.53864 490.92484 -222.87911 -0.02516 0.67939 0.08611 0.72827
1403715583462142976 -1175.39211 490.45252 -224.03958 -0.03878 0.65488 0.08535 0.74989
1403715583562142976 -1182.46739 491.40430 -225.32274 -0.04870 0.63175 0.08888 0.76852
1403715583662142976 -1189.59513 492.30289 -226.61344 -0.05649 0.59601 0.09452 0.79539
1403715583762142976 -1196.76854 493.25316 -227.91668 -0.06068 0.55997 0.10183 0.81999
1403715583862142976 -1204.00624 494.19650 -229.23184 -0.06542 0.53469 0.10903 0.83543
1403715583962142976 -1211.42393 492.51210 -230.32488 -0.09187 0.53176 0.12036 0.83325
1403715584062142976 -1218.82299 493.19727 -231.62199 -0.10561 0.54747 0.12259 0.82103
1403715584162142976 -1226.29237 493.87674 -232.92024 -0.11558 0.58014 0.12524 0.79649
1403715584262142976 -1233.82204 494.55040 -234.21819 -0.11899 0.62383 0.13030 0.76138
1403715584362142976 -1241.38998 495.23637 -235.52587 -0.11706 0.66254 0.13799 0.72684
1403715584462142976 -1248.97797 495.96425 -236.85413 -0.10937 0.68672 0.14688 0.70348
1403715584562142976 -1256.59076 496.65216 -238.19731 -0.10444 0.69851 0.15494 0.69077
1403715584662142976 -1264.22444 497.34859 -239.54187 -0.09438 0.70383 0.16478 0.68451
1403715584762142976 -1271.87756 498.06114 -240.88567 -0.07340 0.70696 0.17929 0.68020
1403715584862142976 -1279.55052 498.79966 -242.22868 -0.05962 0.70762 0.18843 0.67839
1403715584962142976 -1287.24598 499.54518 -243.57475 -0.04322 0.71202 0.19876 0.67206
1403715585062142976 -1294.96130 500.31881 -244.92767 -0.03393 0.72367 0.20505 0.65811
1403715585162142976 -1302.69478 501.12094 -246.28455 -0.03325 0.73559 0.20713 0.64412
1403715585262142976 -1310.44029 501.99056 -247.64090 -0.03700 0.73677 0.20999 0.64164
1403715585362142976 -1318.20181 502.88007 -248.99477 -0.04297 0.72406 0.21526 0.65388
1403715585462142976 -1324.11748 515.41739 -250.37901 0.01076 0.72718 0.14801 0.67022
1403715585562142976 -1331.70658 517.51815 -251.74194 0.00831 0.71220 0.15710 0.68412
1403715585662142976 -1339.31826 519.63594 -253.11471 0.00539 0.70182 0.16527 0.69289
1403715585762142976 -1346.95135 521.77903 -254.50203 0.00239 0.69947 0.17150 0.69377
1403715585862142976 -1354.60331 523.94248 -255.91502 -0.00925 0.70073 0.17306 0.69205
1403715585962142976 -1362.51194 526.86790 -257.57000 -0.02416 0.70528 0.16021 0.69017
1403715586062142976 -1370.22802 529.13388 -259.03250 -0.05544 0.70577 0.15060 0.69002
1403715586162142976 -1377.97322 531.41169 -260.48466 -0.07239 0.68756 0.14810 0.70716
1403715586262142976 -1385.75571 533.68716 -261.93124 -0.06489 0.66805 0.15719 0.72443
1403715586362142976 -1393.57133 535.98126 -263.38290 -0.04387 0.65154 0.17240 0.73746
1403715586462142976 -1401.42351 538.29112 -264.84579 -0.02919 0.63611 0.18520 0.74847
1403715586562142976 -1409.70745 539.01401 -266.23064 -0.02808 0.62548 0.18757 0.75684
1403715586662142976 -1417.67949 541.21162 -267.71040 -0.02966 0.62396 0.19224 0.75686
1403715586762142976 -1425.68596 543.45728 -269.20440 -0.03792 0.63371 0.19274 0.74822
1403715586862142976 -1433.91068 545.40714 -270.75618 -0.04789 0.65305 0.19258 0.73086
1403715586962142976 -1442.06858 547.32069 -272.26164 -0.05199 0.66804 0.19271 0.71686
1403715587062142976 -1450.21206 549.53701 -273.78363 -0.05502 0.67295 0.19422 0.71162
1403715587162142976 -1458.37986 551.79887 -275.30946 -0.05489 0.66658 0.19876 0.71634
1403715587262142976 -1466.71200 553.60652 -276.83928 -0.05470 0.65308 0.20790 0.72613
1403715587362142976 -1474.96959 555.83268 -278.37570 -0.06192 0.64574 0.21501 0.73004
1403715587462142976 -1483.25847 558.09620 -279.92274 -0.07930 0.64416 0.21695 0.72918
1403715587562142976 -1491.58741 560.35987 -281.47896 -0.09568 0.64848 0.21213 0.72479
1403715587662142976 -1499.94365 562.66286 -283.04182 -0.10788 0.65596 0.19902 0.72005
1403715587762142976 -1508.33831 564.95397 -284.61139 -0.10837 0.66476 0.18155 0.71651
1403715587862142976 -1516.77050 567.22880 -286.18493 -0.10102 0.66821 0.15718 0.72013
1403715587962142976 -1525.23261 569.51545 -287.76148 -0.08124 0.66471 0.13002 0.73120
1403715588062142976 -1533.72639 571.81424 -289.34396 -0.05769 0.65481 0.10142 0.74673
1403715588162142976 -1542.25044 574.12943 -290.94212 -0.03498 0.64366 0.07155 0.76115
1403715588262142976 -1550.80844 576.43586 -292.56763 -0.01686 0.63377 0.03968 0.77232
1403715588362142976 -1559.39819 578.75209 -294.22060 -0.00387 0.62847 0.00653 0.77780
1403715588462142976 -1568.02367 581.09728 -295.88750 0.01071 0.62463 -0.02360 0.78049
1403715588562142976 -1576.69904 583.42636 -297.56357 0.02285 0.62359 -0.05230 0.77966
1403715588662142976 -1585.41287 585.77604 -299.24895 0.03287 0.62822 -0.08024 0.77319
1403715588762142976 -1594.16408 588.14294 -300.94380 0.04454 0.63873 -0.10641 0.76073
1403715588862142976 -1601.66851 594.94567 -302.69277 0.08246 0.65147 -0.15896 0.73724
1403715588962142976 -1610.35944 597.75914 -304.40722 0.09599 0.67001 -0.18409 0.71273
1403715589062142976 -1619.07662 600.57940 -306.12222 0.10595 0.68309 -0.20913 0.69169
1403715589162142976 -1627.81852 603.40480 -307.82775 0.11327 0.68669 -0.23113 0.67986
1403715589262142976 -1636.58402 606.23378 -309.51989 0.11959 0.68573 -0.24943 0.67325
1403715589362142976 -1645.37297 609.06496 -311.20155 0.12285 0.68818 -0.26784 0.66300
1403715589462142976 -1654.18400 611.89655 -312.87593 0.12259 0.68960 -0.28734 0.65335
1403715589562142976 -1663.01093 614.73260 -314.54907 0.12526 0.69126 -0.30212 0.64436
1403715589662142976 -1671.48518 618.63004 -316.22164 0.13131 0.68930 -0.31749 0.63783
1403715589762142976 -1679.93734 622.17310 -317.79978 0.14053 0.67656 -0.31934 0.64849
1403715589862142976 -1688.75530 625.15782 -319.42145 0.15571 0.64672 -0.30929 0.67960
1403715589962142976 -1697.59881 628.14608 -321.04597 0.16109 0.62172 -0.30035 0.70520
1403715590062142976 -1706.47077 631.14169 -322.68315 0.16200 0.60859 -0.29166 0.71994
1403715590162142976 -1715.37480 634.14635 -324.33326 0.16349 0.60777 -0.28289 0.72378
1403715590262142976 -1724.31134 637.16144 -325.99593 0.16256 0.61637 -0.27093 0.72129
1403715590362142976 -1733.28019 640.18868 -327.66676 0.16700 0.62636 -0.24881 0.71963
1403715590462142976 -1742.27696 643.23018 -329.34442 0.17174 0.63585 -0.21731 0.72040
1403715590562142976 -1751.30021 646.28877 -331.02994 0.17204 0.64507 -0.17976 0.72248
1403715590662142976 -1760.34989 649.36675 -332.72449 0.15878 0.65651 -0.14268 0.72348
1403715590762142976 -1769.42674 652.46560 -334.42795 0.12607 0.66503 -0.10976 0.72787
1403715590862142976 -1778.53390 655.58323 -336.13642 0.09577 0.66357 -0.07250 0.73841
1403715590962142976 -1787.67355 658.71827 -337.85318 0.07265 0.66026 -0.02893 0.74696
1403715591062142976 -1796.84731 661.87116 -339.58126 0.05388 0.66235 0.01796 0.74704
1403715591162142976 -1806.04948 665.05928 -341.32098 0.04021 0.66401 0.06955 0.74340
1403715591262142976 -1815.29273 668.25176 -343.07367 0.03303 0.66313 0.12512 0.73723
1403715591362142976 -1824.57191 671.46792 -344.84026 0.02465 0.65820 0.17976 0.73065
1403715591462142976 -1833.87999 674.73574 -346.62143 0.01154 0.65096 0.23097 0.72303
1403715591562142976 -1843.22556 678.03117 -348.42300 -0.00678 0.64547 0.27780 0.71145
1403715591662142976 -1852.59125 681.39689 -350.25038 -0.03026 0.63898 0.32011 0.69880
1403715591762142976 -1860.59394 691.19608 -352.45445 -0.01772 0.63252 0.33714 0.69709
1403715591862142976 -1869.91092 695.20964 -354.37127 -0.03157 0.62054 0.37605 0.68740
1403715591962142976 -1879.26769 699.25346 -356.31724 -0.04126 0.60615 0.41512 0.67716
1403715592062142976 -1890.36455 700.46380 -358.52567 -0.05387 0.58102 0.46814 0.66360
1403715592162142976 -1899.98760 704.28418 -360.54968 -0.06354 0.55881 0.50741 0.65286
1403715592262142976 -1909.72815 708.09601 -362.58922 -0.08105 0.53041 0.54602 0.64339
1403715592362142976 -1919.49043 711.97582 -364.64234 -0.09656 0.50423 0.58352 0.62923
1403715592462142976 -1929.32343 715.88506 -366.71361 -0.10848 0.48038 0.62042 0.61037
1403715592562142976 -1939.19513 719.85819 -368.80147 -0.12048 0.45382 0.65547 0.59152
1403715592662142976 -1949.13382 723.81966 -370.91403 -0.13200 0.42550 0.68895 0.57173
1403715592762142976 -1959.15536 727.79834 -373.06033 -0.14607 0.39978 0.72109 0.54670
1403715592862142976 -1969.23735 731.76814 -375.22860 -0.17486 0.39265 0.74676 0.50755
1403715592962142976 -1979.21405 735.55918 -377.30199 -0.21425 0.39030 0.77257 0.45265
1403715593062142976 -1989.38851 739.54104 -379.50209 -0.24789 0.38520 0.79066 0.40623
1403715593162142976 -1999.62425 743.53977 -381.72505 -0.27243 0.36620 0.81110 0.36579
1403715593262142976 -2009.89701 747.43170 -383.93363 -0.29145 0.33687 0.83250 0.32943
1403715593362142976 -2020.11036 751.44274 -386.14431 -0.29874 0.29967 0.85333 0.30460
1403715593462142976 -2030.24904 755.44108 -388.31257 -0.30296 0.25604 0.87387 0.28109
1403715593562142976 -2040.68079 759.45073 -390.59979 -0.30798 0.21891 0.88936 0.25742
1403715593662142976 -2051.12212 763.45359 -392.88738 -0.32503 0.18466 0.89843 0.23041
1403715593762142976 -2061.19487 767.77384 -395.06751 -0.35047 0.15044 0.90327 0.19659
1403715593862142976 -2071.62720 771.89606 -397.36149 -0.36463 0.11630 0.90911 0.16442
1403715593962142976 -2082.19114 775.94585 -399.69475 -0.36917 0.08457 0.91680 0.12663
1403715594062142976 -2092.78109 779.99103 -402.03575 -0.36698 0.05399 0.92468 0.08595
1403715594162142976 -2103.14997 784.06602 -404.29832 -0.36629 0.02536 0.92920 0.04219
1403715594262142976 -2113.93907 788.05100 -406.70498 -0.36495 -0.00032 0.93100 0.00669
1403715594362142976 -2124.66825 792.03875 -409.08475 -0.36735 -0.03031 0.92924 -0.02551
1403715594462142976 -2134.47234 796.44082 -411.15652 -0.37613 -0.06970 0.92196 -0.06045
1403715594562142976 -2145.40625 800.37592 -413.59590 -0.37731 -0.10920 0.91537 -0.08834
1403715594662142976 -2155.63438 804.72456 -415.82683 -0.37745 -0.15013 0.90550 -0.12272
1403715594762142976 -2166.27196 808.87636 -418.19490 -0.35954 -0.18048 0.90083 -0.16329
1403715594862142976 -2177.03887 812.98704 -420.60757 -0.34080 -0.20267 0.89384 -0.20936
1403715594962142976 -2188.11207 816.90196 -423.09582 -0.32468 -0.22735 0.88307 -0.25118
1403715595062142976 -2198.91361 821.03233 -425.52758 -0.31609 -0.25607 0.86750 -0.28629
1403715595162142976 -2210.00829 825.00096 -428.04358 -0.31045 -0.27810 0.84877 -0.32538
1403715595262142976 -2221.13615 828.96520 -430.56581 -0.30874 -0.30085 0.82591 -0.36339
1403715595362142976 -2232.24401 832.96783 -433.08546 -0.31138 -0.32412 0.79842 -0.40065
1403715595462142976 -2243.38049 836.98092 -435.61263 -0.31301 -0.34605 0.76825 -0.43825
1403715595562142976 -2254.59215 840.98190 -438.15581 -0.32018 -0.37321 0.73294 -0.47011
1403715595662142976 -2265.80011 845.01579 -440.69286 -0.34180 -0.40605 0.68903 -0.49349
1403715595762142976 -2277.06960 849.05167 -443.24195 -0.37073 -0.43660 0.63873 -0.51377
1403715595862142976 -2288.39526 853.04894 -445.80185 -0.39597 -0.45876 0.58933 -0.53427
1403715595962142976 -2299.69004 857.05548 -448.33746 0.41765 0.46537 -0.54385 0.55966
1403715596062142976 -2311.01058 861.18109 -450.87862 0.42692 0.45324 -0.50504 0.59770
1403715596162142976 -2322.33472 865.26925 -453.40183 0.42229 0.44358 -0.48098 0.62735
1403715596262142976 -2333.69947 869.41208 -455.93190 0.40107 0.46288 -0.47688 0.63045
1403715596362142976 -2345.08828 873.57487 -458.46392 0.35756 0.50712 -0.48818 0.61372
1403715596462142976 -2356.48692 877.75333 -460.99104 0.30607 0.54718 -0.49776 0.59929
1403715596562142976 -2367.90676 881.93919 -463.51858 0.26166 0.57907 -0.49867 0.58953
1403715596662142976 -2379.34768 886.12192 -466.04784 0.22563 0.60595 -0.49181 0.58313
1403715596762142976 -2390.80800 890.29813 -468.57816 0.20086 0.62726 -0.47716 0.58182
1403715596862142976 -2402.28675 894.46295 -471.11147 0.17652 0.64551 -0.46209 0.58192
1403715596962142976 -2413.74944 898.70466 -473.64806 0.15780 0.66129 -0.44883 0.57996
1403715597062142976 -2425.25146 902.86857 -476.18657 0.14855 0.67040 -0.43610 0.58165
1403715597162142976 -2436.76846 907.02113 -478.72381 0.14786 0.66472 -0.42358 0.59738
1403715597262142976 -2448.29998 911.17007 -481.26093 0.14998 0.64533 -0.40822 0.62803
1403715597362142976 -2460.71500 913.99499 -483.95203 0.14679 0.62434 -0.38428 0.66406
1403715597462142976 -2472.39898 917.96712 -486.51447 0.14928 0.60330 -0.35847 0.69660
1403715597562142976 -2484.11732 921.94235 -489.08755 0.15310 0.59250 -0.32641 0.72039
1403715597662142976 -2495.87082 925.92403 -491.67475 0.14998 0.59438 -0.29350 0.73354
1403715597762142976 -2508.16381 929.17769 -494.38426 0.14046 0.60454 -0.26122 0.73930
1403715597862142976 -2520.04179 933.10235 -497.00657 0.13298 0.61110 -0.23716 0.74339
1403715597962142976 -2531.95844 937.03743 -499.63653 0.13137 0.60693 -0.21684 0.75323
1403715598062142976 -2543.91460 940.98378 -502.27793 0.13159 0.60334 -0.20206 0.76015
1403715598162142976 -2556.58505 943.87847 -505.08443 0.13351 0.59986 -0.18764 0.76625
1403715598262142976 -2568.68356 947.74611 -507.77399 0.13540 0.58786 -0.17868 0.77727
1403715598362142976 -2580.81887 951.62985 -510.48496 0.13687 0.56976 -0.17146 0.79198
1403715598462142976 -2593.00049 955.53318 -513.21150 0.13581 0.54421 -0.16549 0.81118
1403715598562142976 -2605.23709 959.45824 -515.95511 0.13195 0.52671 -0.16183 0.82400
1403715598662142976 -2617.52996 963.40491 -518.71806 0.13153 0.53005 -0.15981 0.82232
1403715598762142976 -2629.87535 967.37328 -521.50127 0.13154 0.55474 -0.16029 0.80577
1403715598862142976 -2642.25902 971.39206 -524.30335 0.13008 0.58196 -0.16049 0.78654
1403715598962142976 -2654.65824 975.51171 -527.12056 0.13079 0.60003 -0.15841 0.77315
1403715599062142976 -2667.12584 979.55048 -529.94996 0.13069 0.60847 -0.15419 0.76741
1403715599162142976 -2679.62899 983.60689 -532.79065 0.12972 0.61012 -0.14931 0.76722
1403715599262142976 -2692.16692 987.68056 -535.64533 0.11904 0.61696 -0.14835 0.76367
1403715599362142976 -2704.73982 991.77037 -538.51283 0.10321 0.62198 -0.14936 0.76170
1403715599462142976 -2717.34811 995.87299 -541.39124 0.08425 0.62118 -0.15077 0.76440
1403715599562142976 -2729.99369 999.98553 -544.27788 0.07039 0.61829 -0.15005 0.76828
1403715599662142976 -2742.67990 1004.10534 -547.17061 0.06042 0.61096 -0.14755 0.77544
1403715599762142976 -2755.40865 1008.23237 -550.07065 0.06397 0.60318 -0.14058 0.78251
1403715599862142976 -2768.18083 1012.36858 -552.98106 0.07894 0.60073 -0.13054 0.78476
1403715599962142976 -2780.99502 1016.51655 -555.90378 0.09504 0.61088 -0.12124 0.77659
1403715600062142976 -2793.84851 1020.67997 -558.83660 0.10928 0.62146 -0.11123 0.76777
1403715600162142976 -2806.74588 1024.83994 -561.77759 0.13142 0.62917 -0.08861 0.76093
1403715600262142976 -2819.69291 1028.97183 -564.72795 0.14952 0.63533 -0.05655 0.75551
1403715600362142976 -2827.68457 1046.48657 -567.87180 0.19579 0.63999 -0.07870 0.73884
1403715600462142976 -2839.51622 1053.12084 -570.81125 0.18309 0.65181 -0.04862 0.73434
1403715600562142976 -2850.84558 1060.71717 -573.73127 0.15041 0.67016 -0.02671 0.72633
1403715600662142976 -2862.26369 1068.16299 -576.66080 0.12002 0.68417 0.00016 0.71938
1403715600762142976 -2874.07428 1075.10151 -579.63660 0.09880 0.68819 0.03562 0.71789
1403715600862142976 -2886.02598 1081.87583 -582.61471 0.08331 0.68765 0.07564 0.71727
1403715600962142976 -2898.25610 1088.42311 -585.62318 0.06963 0.68503 0.11354 0.71624
1403715601062142976 -2910.58434 1094.71773 -588.59109 0.05777 0.67895 0.14602 0.71720
1403715601162142976 -2922.94689 1101.04345 -591.55851 0.05187 0.67399 0.16963 0.71712
1403715601262142976 -2935.36551 1107.36312 -594.52608 0.05170 0.66872 0.18665 0.71785
1403715601362142976 -2950.80764 1109.60278 -597.77529 0.04405 0.66215 0.21441 0.71669
1403715601462142976 -2963.58121 1115.60583 -600.79461 0.03879 0.66019 0.22271 0.71627
1403715601562142976 -2976.38778 1121.64061 -603.83104 0.03133 0.65938 0.22708 0.71601
1403715601662142976 -2989.22765 1127.70681 -606.88311 0.02348 0.65986 0.22942 0.71513
1403715601762142976 -3002.10787 1133.79277 -609.94837 0.01538 0.65483 0.23240 0.71899
1403715601862142976 -3015.01889 1139.91803 -613.02773 0.01076 0.64931 0.23457 0.72337
1403715601962142976 -3027.96709 1146.07065 -616.12061 0.00790 0.63874 0.22970 0.73429
1403715602062142976 -3040.95474 1152.24943 -619.22779 0.00481 0.61915 0.21992 0.75384
1403715602162142976 -3053.98322 1158.45129 -622.35431 0.00320 0.60712 0.20500 0.76771
1403715602262142976 -3067.05635 1164.67371 -625.50118 0.00345 0.60839 0.18492 0.77179
1403715602362142976 -3080.18633 1170.88907 -628.66658 0.01336 0.62021 0.16512 0.76674
1403715602462142976 -3092.14560 1179.39045 -631.93837 0.03211 0.63637 0.13635 0.75856
1403715602562142976 -3104.83040 1186.42353 -635.10319 0.04554 0.64799 0.11409 0.75168
1403715602662142976 -3117.90699 1193.00794 -638.31572 0.06264 0.64935 0.09561 0.75185
1403715602762142976 -3131.01372 1199.61457 -641.54977 0.07730 0.64939 0.07510 0.75278
1403715602862142976 -3144.14752 1206.24485 -644.80850 0.08700 0.65095 0.05319 0.75224
1403715602962142976 -3157.30938 1212.89857 -648.08892 0.09522 0.65348 0.03207 0.75025
1403715603062142976 -3170.49902 1219.57638 -651.38767 0.10258 0.65135 0.01180 0.75172
1403715603162142976 -3183.72020 1226.27818 -654.69929 0.10994 0.64849 -0.00921 0.75319
1403715603262142976 -3196.97401 1233.00409 -658.02118 0.11568 0.65068 -0.02950 0.74991
1403715603362142976 -3210.26208 1239.74891 -661.35115 0.12047 0.65472 -0.04490 0.74486
1403715603462142976 -3223.52757 1246.43920 -664.64186 0.11691 0.65452 -0.05706 0.74477
1403715603562142976 -3238.55982 1250.76879 -668.09824 0.10039 0.65384 -0.05832 0.74767
1403715603662142976 -3252.10405 1257.33110 -671.44951 0.08416 0.65256 -0.06692 0.75007
1403715603762142976 -3265.68103 1263.90901 -674.80474 0.06910 0.64749 -0.07246 0.75547
1403715603862142976 -3279.29627 1270.49980 -678.15892 0.05528 0.64583 -0.07487 0.75778
1403715603962142976 -3292.95048 1277.10080 -681.51204 0.04527 0.66057 -0.07505 0.74563
1403715604062142976 -3306.63839 1283.71018 -684.86421 0.05227 0.67208 -0.06750 0.73554
1403715604162142976 -3320.35499 1290.33187 -688.22048 0.07080 0.67166 -0.05502 0.73541
1403715604262142976 -3334.10013 1296.96618 -691.58503 0.08315 0.66473 -0.04448 0.74110
1403715604362142976 -3347.87355 1303.61774 -694.96068 0.08749 0.66120 -0.03716 0.74416
1403715604462142976 -3361.67546 1310.29037 -698.34647 0.08780 0.66153 -0.03203 0.74408
1403715604562142976 -3375.50774 1316.98554 -701.74027 0.08655 0.65377 -0.02632 0.75127
1403715604662142976 -3389.37445 1323.69755 -705.14312 0.08667 0.64379 -0.01980 0.76002
1403715604762142976 -3403.27509 1330.43270 -708.55707 0.08764 0.63923 -0.01378 0.76388
1403715604862142976 -3417.21292 1337.18856 -711.98199 0.08541 0.63913 -0.00919 0.76429
1403715604962142976 -3431.18974 1343.96364 -715.41644 0.08541 0.64094 -0.00345 0.76282
1403715605062142976 -3445.21280 1350.74252 -718.86086 0.08286 0.64365 0.00163 0.76082
1403715605162142976 -3459.26392 1357.56307 -722.31186 0.08086 0.64156 0.00806 0.76276
1403715605262142976 -3473.35182 1364.40607 -725.77186 0.07622 0.63912 0.01418 0.76519
1403715605362142976 -3487.49030 1371.24454 -729.24134 0.06597 0.63683 0.01873 0.76795
1403715605462142976 -3501.70361 1378.01961 -732.72690 0.05686 0.63630 0.02395 0.76897
1403715605562142976 -3515.90370 1384.90902 -736.23222 0.04902 0.63964 0.02841 0.76658
1403715605662142976 -3530.14434 1391.80422 -739.75570 0.04501 0.64088 0.03414 0.76556
1403715605762142976 -3544.43984 1398.68290 -743.28989 0.05207 0.63772 0.04348 0.76727
1403715605862142976 -3558.75524 1405.62249 -746.83299 0.05648 0.63575 0.05138 0.76811
1403715605962142976 -3573.11060 1412.58416 -750.38537 0.05777 0.63283 0.05873 0.76990
1403715606062142976 -3587.50304 1419.56731 -753.95446 0.05705 0.63097 0.06538 0.77094
1403715606162142976 -3601.93990 1426.55695 -757.54136 0.05482 0.63006 0.07237 0.77122
1403715606262142976 -3616.41878 1433.56583 -761.14320 0.04770 0.63049 0.07700 0.77090
1403715606362142976 -3629.88449 1441.35058 -764.50275 0.04037 0.63421 0.07481 0.76847
1403715606462142976 -3644.34563 1448.48975 -768.08942 0.03352 0.63378 0.07983 0.76865
1403715606562142976 -3658.85920 1455.63424 -771.68192 0.02640 0.63212 0.08554 0.76968
1403715606662142976 -3673.30368 1462.81588 -775.26844 0.01657 0.63058 0.09294 0.77036
1403715606762142976 -3687.88202 1470.01471 -778.88916 0.00546 0.62921 0.09745 0.77108
1403715606862142976 -3702.50028 1477.23046 -782.52471 0.00142 0.62286 0.10439 0.77534
1403715606962142976 -3717.17492 1484.43656 -786.17352 0.00911 0.61421 0.11487 0.78068
1403715607062142976 -3731.93803 1491.57472 -789.83877 0.02024 0.61477 0.12514 0.77845
1403715607162142976 -3746.69439 1498.83832 -793.51886 0.02562 0.61736 0.13331 0.77488
1403715607262142976 -3761.50180 1506.11433 -797.21251 0.02693 0.61981 0.13945 0.77179
1403715607362142976 -3777.59852 1511.52988 -801.01657 0.02199 0.61937 0.14822 0.77067
1403715607462142976 -3792.60665 1518.69338 -804.74424 0.02099 0.61736 0.15296 0.77138
1403715607562142976 -3807.66080 1525.88218 -808.48578 0.02068 0.61795 0.15708 0.77009
1403715607662142976 -3822.76468 1533.08896 -812.24056 0.01984 0.61865 0.16035 0.76887
1403715607762142976 -3837.90988 1540.32834 -816.01077 0.01881 0.61810 0.16397 0.76858
1403715607862142976 -3853.09553 1547.59122 -819.80370 0.01272 0.61969 0.16541 0.76711
1403715607962142976 -3868.32204 1554.87603 -823.60354 0.01827 0.61496 0.17693 0.76823
1403715608062142976 -3883.58986 1562.17668 -827.40524 0.01766 0.61660 0.18314 0.76547
1403715608162142976 -3898.90176 1569.49770 -831.22382 0.01490 0.61919 0.18697 0.76251
1403715608262142976 -3914.26401 1576.83247 -835.05653 0.01225 0.61591 0.19193 0.76399
1403715608362142976 -3929.66305 1584.20368 -838.90309 0.01044 0.61693 0.19648 0.76203
1403715608462142976 -3945.10721 1591.59818 -842.76462 0.00833 0.61593 0.20110 0.76165
1403715608562142976 -3960.59532 1599.01615 -846.64068 0.00652 0.61484 0.20583 0.76129
1403715608662142976 -3976.12778 1606.45797 -850.53150 0.00474 0.61435 0.21052 0.76042
1403715608762142976 -3991.70558 1613.92320 -854.43768 0.00270 0.61314 0.21519 0.76010
1403715608862142976 -4007.32748 1621.41204 -858.35878 0.00080 0.61277 0.21985 0.75907
1403715608962142976 -4022.99510 1628.92452 -862.29528 -0.00126 0.61162 0.22450 0.75863
1403715609062142976 -4038.70773 1636.46076 -866.24676 -0.00326 0.61094 0.22913 0.75779
1403715609162142976 -4054.46589 1644.02068 -870.21346 -0.00522 0.61018 0.23377 0.75697
1403715609262142976 -4070.26989 1651.60419 -874.19564 -0.00712 0.60917 0.23838 0.75633
