1403715537862142976 0.05640 -0.11098 -0.02611 -0.11964 0.78415 -0.00838 0.60886
1403715537962142976 0.05201 -0.08883 -0.04425 -0.05609 0.77406 -0.04493 0.62902
1403715538062142976 0.03507 -0.10077 -0.06347 -0.05253 0.77687 -0.04992 0.62548
1403715538162142976 -0.00700 -0.09179 -0.08798 -0.04109 0.77849 -0.06778 0.62263
1403715538262142976 -0.08014 -0.03479 -0.12839 -0.01042 0.77347 -0.10008 0.62580
1403715538362142976 -0.14072 -0.00756 -0.18364 0.00854 0.76623 -0.11908 0.63138
1403715538462142976 -0.21075 0.03200 -0.25029 0.04241 0.74909 -0.13698 0.64677
1403715538562142976 -0.33419 0.00183 -0.30456 0.06274 0.73312 -0.14001 0.66257
1403715538662142976 -0.48017 -0.03145 -0.36268 0.07726 0.72328 -0.14935 0.66977
1403715538762142976 -0.68691 0.09793 -0.44476 0.10539 0.71634 -0.17270 0.66777
1403715538862142976 -0.76507 0.13695 -0.54960 0.12862 0.72093 -0.20372 0.64978
1403715538962142976 -0.95590 0.15467 -0.63756 0.14422 0.71876 -0.23071 0.63981
1403715539062142976 -1.16422 0.18717 -0.74819 0.16365 0.70957 -0.25942 0.63437
1403715539162142976 -1.39196 0.22569 -0.86615 0.18330 0.69661 -0.28977 0.63021
1403715539262142976 -1.62382 0.26692 -0.99461 0.20109 0.68373 -0.32028 0.62409
1403715539362142976 -1.87164 0.32614 -1.13385 0.21752 0.67406 -0.34858 0.61385
1403715539462142976 -2.11630 0.40371 -1.27582 0.23563 0.66227 -0.37183 0.60632
1403715539562142976 -2.38990 0.50410 -1.40860 0.24278 0.65058 -0.39168 0.60364
1403715539662142976 -2.70146 0.56760 -1.53469 0.23700 0.63986 -0.40136 0.61101
1403715539762142976 -3.00937 0.69203 -1.64527 0.24415 0.62644 -0.40739 0.61805
1403715539862142976 -3.34840 0.82818 -1.74683 0.25089 0.62188 -0.40380 0.62231
1403715539962142976 -3.71485 0.94195 -1.84026 0.24255 0.62858 -0.39791 0.62268
1403715540062142976 -4.09258 1.07076 -1.92439 0.22905 0.63920 -0.39469 0.61901
1403715540162142976 -4.47814 1.17125 -1.99916 0.20890 0.64793 -0.39238 0.61853
1403715540262142976 -4.87478 1.24587 -2.06478 0.19846 0.64909 -0.38530 0.62518
1403715540362142976 -5.26243 1.28599 -2.11292 0.20449 0.64961 -0.37141 0.63107
1403715540462142976 -5.74726 1.36922 -2.20368 0.21223 0.65412 -0.35333 0.63422
1403715540562142976 -6.22770 1.46235 -2.30008 0.21750 0.66360 -0.34238 0.62857
1403715540662142976 -6.55323 1.42441 -2.27040 0.21590 0.66861 -0.34792 0.62073
1403715540762142976 -6.90678 1.34696 -2.23619 0.19901 0.66524 -0.35803 0.62423
1403715540862142976 -7.34862 1.33069 -2.25298 0.19395 0.65418 -0.35873 0.63698
1403715540962142976 -7.67010 1.21857 -2.18839 0.19690 0.64146 -0.36387 0.64604
1403715541062142976 -8.03974 1.07651 -2.15916 0.20026 0.63458 -0.36104 0.65334
1403715541162142976 -8.41774 0.92583 -2.14558 0.19708 0.63248 -0.35940 0.65724
1403715541262142976 -8.79287 0.75631 -2.13996 0.18099 0.61950 -0.36356 0.67178
1403715541362142976 -9.23080 0.62168 -2.14321 0.18234 0.60811 -0.36493 0.68101
1403715541462142976 -9.63878 0.49020 -2.14105 0.19084 0.61091 -0.36517 0.67604
1403715541562142976 -10.05725 0.35328 -2.14375 0.19172 0.62439 -0.36692 0.66238
1403715541662142976 -10.42563 0.21317 -2.14147 0.19204 0.63588 -0.36928 0.64994
1403715541762142976 -10.84001 0.06215 -2.13656 0.20592 0.64254 -0.36242 0.64295
1403715541862142976 -11.23859 -0.06197 -2.12845 0.23044 0.64294 -0.35134 0.64038
1403715541962142976 -11.82096 -0.15509 -2.17150 0.24557 0.64348 -0.32950 0.64580
1403715542062142976 -12.13638 -0.19843 -2.14168 0.26339 0.64548 -0.32108 0.64101
1403715542162142976 -12.50348 -0.27683 -2.11753 0.26693 0.64155 -0.30603 0.65078
1403715542262142976 -12.93775 -0.31650 -2.09930 0.26049 0.63367 -0.28460 0.67053
1403715542362142976 -13.28112 -0.29565 -2.04742 0.24578 0.62647 -0.27104 0.68823
1403715542462142976 -13.56350 -0.23763 -1.98120 0.22242 0.61586 -0.25975 0.70978
1403715542562142976 -13.77146 -0.15041 -1.88514 0.20622 0.60966 -0.25162 0.72282
1403715542662142976 -13.83781 -0.08280 -1.75933 0.19952 0.61996 -0.25325 0.71534
1403715542762142976 -13.81292 -0.04500 -1.62324 0.19881 0.62915 -0.26111 0.70460
1403715542862142976 -13.73961 -0.15961 -1.47732 0.20025 0.64034 -0.27592 0.68828
1403715542962142976 -13.66259 -0.32966 -1.34433 0.19406 0.64642 -0.29152 0.67786
1403715543062142976 -13.67527 -0.56464 -1.24163 0.18231 0.64750 -0.30042 0.67620
1403715543162142976 -13.77725 -0.68531 -1.17463 0.17725 0.64655 -0.30268 0.67745
1403715543262142976 -13.88754 -0.82784 -1.11431 0.17656 0.64249 -0.30564 0.68016
1403715543362142976 -14.13878 -1.00757 -1.09179 0.17179 0.64204 -0.30237 0.68326
1403715543462142976 -14.33446 -1.01000 -1.05970 0.18016 0.64242 -0.29845 0.68247
1403715543562142976 -14.58333 -1.15423 -1.06879 0.18827 0.64290 -0.29072 0.68317
1403715543662142976 -14.79143 -1.08016 -1.05367 0.20261 0.63749 -0.27994 0.68861
1403715543762142976 -15.07327 -1.15773 -1.11718 0.21628 0.63525 -0.26375 0.69290
1403715543862142976 -15.47764 -1.17011 -1.19075 0.23439 0.63474 -0.25574 0.69048
1403715543962142976 -15.83510 -1.20227 -1.27157 0.24637 0.63800 -0.25324 0.68420
1403715544062142976 -15.82894 -1.08853 -1.41935 0.26607 0.64004 -0.26692 0.66956
1403715544162142976 -15.07663 -0.93179 -1.64955 0.28899 0.62985 -0.32036 0.64586
1403715544262142976 -14.29063 -0.99777 -1.85160 0.29464 0.61582 -0.37179 0.62907
1403715544362142976 -14.17346 -1.06398 -1.97177 0.28630 0.60319 -0.41458 0.61831
1403715544462142976 -14.15955 -1.03878 -2.08519 0.28603 0.58471 -0.45793 0.60547
1403715544562142976 -14.18663 -0.95686 -2.18778 0.29420 0.56552 -0.49440 0.59093
1403715544662142976 -14.26688 -0.82920 -2.28373 0.30115 0.55183 -0.51654 0.58137
1403715544762142976 -14.32742 -0.68528 -2.34445 0.31850 0.53606 -0.52773 0.57680
1403715544862142976 -14.38877 -0.52004 -2.38112 0.33471 0.52356 -0.53418 0.57315
1403715544962142976 -14.47414 -0.33047 -2.40213 0.34012 0.52098 -0.53920 0.56759
1403715545062142976 -14.62310 -0.13984 -2.42270 0.33391 0.52941 -0.53823 0.56439
1403715545162142976 -14.77850 0.05756 -2.44872 0.33109 0.53456 -0.53994 0.55955
