1403715529762142976 0.03758 0.05339 0.22337 -0.02748 0.81433 0.04374 0.57809
1403715529862142976 0.09043 0.09568 0.28334 -0.02578 0.81508 0.04303 0.57717
1403715529962142976 0.11651 0.12169 0.30470 -0.02831 0.81260 0.04258 0.58058
1403715530062142976 0.14750 0.14683 0.32548 -0.02432 0.80731 0.04520 0.58789
1403715530162142976 0.17103 0.17149 0.35227 -0.01690 0.80308 0.04917 0.59360
1403715530262142976 0.18854 0.20089 0.38405 -0.00801 0.80600 0.05252 0.58953
1403715530362142976 0.19866 0.23456 0.42728 -0.00514 0.80877 0.05172 0.58582
1403715530462142976 0.20817 0.27525 0.48451 -0.01154 0.81042 0.04834 0.58374
1403715530562142976 0.22098 0.32550 0.54638 -0.01767 0.81088 0.05156 0.58267
1403715530662142976 0.23663 0.38095 0.60006 -0.02258 0.81030 0.05532 0.58296
1403715530762142976 0.25321 0.44061 0.64701 -0.02867 0.81010 0.06060 0.58245
1403715530862142976 0.26883 0.50367 0.69185 -0.03830 0.80969 0.07136 0.58124
1403715530962142976 0.28481 0.56617 0.73454 -0.04498 0.80995 0.08311 0.57883
1403715531062142976 0.30040 0.62807 0.77249 -0.05049 0.81780 0.09167 0.56591
1403715531162142976 0.31812 0.68501 0.80185 -0.05542 0.82988 0.09720 0.54661
1403715531262142976 0.34331 0.74246 0.82936 -0.07267 0.83353 0.09220 0.53985
1403715531362142976 0.37603 0.79436 0.85785 -0.08797 0.82460 0.08736 0.55197
1403715531462142976 0.41419 0.84336 0.88423 -0.09308 0.81635 0.08772 0.56321
1403715531562142976 0.45632 0.88641 0.89745 -0.09505 0.81187 0.08934 0.56908
1403715531662142976 0.49844 0.92899 0.90041 -0.09893 0.81231 0.08839 0.56794
1403715531762142976 0.54246 0.96687 0.89964 -0.09171 0.81106 0.09382 0.57006
1403715531862142976 0.58892 0.99988 0.90150 -0.08237 0.80430 0.09969 0.57999
1403715531962142976 0.63090 1.02970 0.90531 -0.07677 0.79753 0.10208 0.58961
1403715532062142976 0.66862 1.05621 0.90650 -0.07383 0.79443 0.10374 0.59385
1403715532162142976 0.70079 1.08135 0.90649 -0.07133 0.79284 0.10561 0.59596
1403715532262142976 0.72663 1.10419 0.90355 -0.07436 0.79152 0.10693 0.59710
1403715532362142976 0.74547 1.12677 0.90015 -0.08336 0.79376 0.10794 0.59274
1403715532462142976 0.75610 1.14497 0.89576 -0.09430 0.79598 0.10691 0.58829
1403715532562142976 0.76555 1.16183 0.88937 -0.10666 0.79745 0.10344 0.58480
1403715532662142976 0.77144 1.17098 0.88266 -0.12319 0.79592 0.09633 0.58486
1403715532762142976 0.77497 1.17058 0.87539 -0.13668 0.79297 0.09077 0.58675
1403715532862142976 0.77753 1.15884 0.86573 -0.14204 0.79170 0.08607 0.58790
1403715532962142976 0.77999 1.13470 0.85122 -0.14066 0.79379 0.07592 0.58681
1403715533062142976 0.78055 1.09683 0.82726 -0.13376 0.79753 0.05933 0.58527
1403715533162142976 0.77772 1.04248 0.79432 -0.11826 0.79847 0.03953 0.58898
1403715533262142976 0.77515 0.97598 0.76846 -0.09623 0.79247 0.02232 0.60186
1403715533362142976 0.76351 0.89604 0.75603 -0.07547 0.79131 0.00912 0.60667
1403715533462142976 0.74581 0.80547 0.75905 -0.06051 0.79569 -0.00144 0.60267
1403715533562142976 0.71937 0.70588 0.77281 -0.06109 0.80168 -0.01668 0.59438
1403715533662142976 0.68841 0.59514 0.80027 -0.06815 0.80733 -0.03180 0.58529
1403715533762142976 0.65550 0.47060 0.84324 -0.07287 0.81093 -0.04305 0.57899
1403715533862142976 0.62345 0.33171 0.89352 -0.06516 0.81397 -0.04336 0.57561
1403715533962142976 0.59157 0.18266 0.93880 -0.05042 0.81609 -0.03672 0.57455
1403715534062142976 0.56027 0.02707 0.97010 -0.03780 0.81736 -0.02970 0.57412
1403715534162142976 0.52886 -0.13321 0.98849 -0.02370 0.81758 -0.02021 0.57497
1403715534262142976 0.49658 -0.29450 0.99406 -0.01032 0.81840 -0.01085 0.57445
1403715534362142976 0.46474 -0.45349 0.98812 -0.00315 0.81883 -0.00608 0.57399
1403715534462142976 0.43741 -0.61394 0.97065 0.00254 0.81959 -0.00799 0.57288
1403715534562142976 0.41249 -0.76882 0.94480 0.01088 0.81980 -0.01620 0.57232
1403715534662142976 0.38754 -0.92130 0.91675 0.01992 0.82028 -0.03069 0.57080
1403715534762142976 0.36448 -1.06843 0.88753 0.03318 0.82292 -0.05029 0.56495
1403715534862142976 0.34488 -1.21234 0.85568 0.05082 0.82728 -0.07333 0.55466
1403715534962142976 0.33412 -1.35187 0.82264 0.06916 0.83009 -0.09740 0.54468
1403715535062142976 0.33236 -1.48841 0.79002 0.08443 0.83090 -0.11757 0.53726
1403715535162142976 0.33924 -1.62073 0.75790 0.09373 0.83420 -0.13433 0.52658
1403715535262142976 0.35826 -1.74669 0.72595 0.09757 0.83832 -0.14718 0.51579
1403715535362142976 0.39064 -1.87076 0.69686 0.09786 0.84002 -0.15740 0.50992
1403715535462142976 0.43724 -1.99541 0.66927 0.08610 0.83501 -0.17249 0.51535
1403715535562142976 0.49276 -2.12438 0.64319 0.07999 0.82493 -0.17874 0.53024
1403715535662142976 0.55598 -2.26181 0.61900 0.08042 0.81578 -0.17432 0.54557
1403715535762142976 0.62226 -2.39702 0.59393 0.08006 0.81383 -0.16138 0.55247
1403715535862142976 0.68739 -2.53216 0.56940 0.08298 0.81564 -0.13812 0.55567
1403715535962142976 0.75335 -2.66554 0.54339 0.07998 0.82265 -0.11432 0.55116
1403715536062142976 0.82284 -2.79511 0.51718 0.07219 0.83108 -0.09687 0.54288
1403715536162142976 0.89766 -2.92241 0.49428 0.06491 0.83789 -0.08344 0.53551
1403715536262142976 0.98006 -3.04482 0.47461 0.06405 0.84306 -0.06913 0.52949
1403715536362142976 1.06720 -3.15809 0.46200 0.06637 0.84349 -0.05489 0.53020
1403715536462142976 1.16771 -3.26771 0.45296 0.07540 0.83956 -0.03816 0.53665
1403715536562142976 1.27205 -3.36398 0.44804 0.08401 0.83404 -0.02598 0.54465
1403715536662142976 1.38338 -3.44486 0.44380 0.08886 0.82701 -0.01839 0.55481
1403715536762142976 1.49728 -3.50987 0.44281 0.08879 0.81530 -0.01459 0.57200
1403715536862142976 1.61043 -3.55722 0.44394 0.08904 0.80264 -0.00724 0.58973
1403715536962142976 1.71537 -3.58918 0.44823 0.09808 0.79001 0.00425 0.60518
1403715537062142976 1.81161 -3.60276 0.45515 0.10796 0.77590 0.01350 0.62141
1403715537162142976 1.89079 -3.59098 0.46716 0.11471 0.75673 0.01935 0.64329
1403715537262142976 1.95175 -3.55505 0.48251 0.11409 0.73907 0.01895 0.66363
1403715537362142976 1.99018 -3.49710 0.49987 0.08871 0.73562 0.00205 0.67155
1403715537462142976 2.00344 -3.42165 0.51583 0.05923 0.75350 -0.02025 0.65446
1403715537562142976 1.99329 -3.33638 0.53212 0.03563 0.78068 -0.03999 0.62263
1403715537662142976 1.96808 -3.24859 0.55147 0.02144 0.80030 -0.05371 0.59680
1403715537762142976 1.93719 -3.16304 0.57664 0.01631 0.79877 -0.06147 0.59827
1403715537862142976 1.89931 -3.07980 0.60406 0.01680 0.78840 -0.06414 0.61158
1403715537962142976 1.85096 -3.00009 0.62807 0.01800 0.78647 -0.06453 0.61399
1403715538062142976 1.79311 -2.92372 0.64862 0.01448 0.79272 -0.06829 0.60558
1403715538162142976 1.72765 -2.85178 0.66733 0.01083 0.79919 -0.07804 0.59589
1403715538262142976 1.65589 -2.78695 0.67729 0.01504 0.80303 -0.09000 0.58891
1403715538362142976 1.58042 -2.73008 0.67623 0.02472 0.80071 -0.10317 0.58959
1403715538462142976 1.50046 -2.68040 0.66943 0.04651 0.78984 -0.11218 0.60116
1403715538562142976 1.41200 -2.63263 0.66305 0.07337 0.77790 -0.12123 0.61220
1403715538662142976 1.31223 -2.58487 0.65744 0.09500 0.77142 -0.13705 0.61409
1403715538762142976 1.20254 -2.53510 0.64974 0.11347 0.77242 -0.16036 0.60397
1403715538862142976 1.08471 -2.48299 0.64026 0.13231 0.77768 -0.18875 0.58488
1403715538962142976 0.97177 -2.43245 0.62371 0.15396 0.77750 -0.22072 0.56839
1403715539062142976 0.84930 -2.37920 0.59769 0.17855 0.77043 -0.25520 0.55627
1403715539162142976 0.72440 -2.32316 0.55940 0.20324 0.75939 -0.29134 0.54511
1403715539262142976 0.60084 -2.26527 0.50937 0.22565 0.74756 -0.32731 0.53208
1403715539362142976 0.47683 -2.20510 0.44760 0.24493 0.73845 -0.36048 0.51454
1403715539462142976 0.35535 -2.14607 0.38480 0.26263 0.72823 -0.38636 0.50143
1403715539562142976 0.24234 -2.08793 0.33681 0.26870 0.71878 -0.40985 0.49313
1403715539662142976 0.13733 -2.03293 0.30847 0.26872 0.70801 -0.42851 0.49284
1403715539762142976 0.03358 -1.98036 0.29827 0.27249 0.69879 -0.43783 0.49572
1403715539862142976 -0.06653 -1.93463 0.30316 0.27551 0.69744 -0.43912 0.49482
1403715539962142976 -0.16513 -1.89540 0.32163 0.26641 0.70412 -0.44150 0.48818
1403715540062142976 -0.25834 -1.86825 0.34947 0.25075 0.71395 -0.44629 0.47774
1403715540162142976 -0.34565 -1.85571 0.38188 0.23093 0.72120 -0.45289 0.47056
1403715540262142976 -0.43339 -1.85771 0.41832 0.22282 0.72282 -0.45392 0.47100
1403715540362142976 -0.52157 -1.87558 0.45599 0.23012 0.72617 -0.44458 0.47124
1403715540462142976 -0.60885 -1.90296 0.49132 0.23942 0.73252 -0.43458 0.46609
1403715540562142976 -0.69516 -1.93928 0.52170 0.24450 0.74207 -0.43028 0.45211
1403715540662142976 -0.77674 -1.98639 0.54776 0.24258 0.74736 -0.43313 0.44160
1403715540762142976 -0.84898 -2.04718 0.57039 0.23160 0.74348 -0.44508 0.44216
1403715540862142976 -0.91336 -2.12374 0.59287 0.23156 0.73523 -0.44974 0.45117
1403715540962142976 -0.97004 -2.21557 0.61270 0.23739 0.72793 -0.44882 0.46079
1403715541062142976 -1.02255 -2.31868 0.63048 0.24632 0.72455 -0.44373 0.46632
1403715541162142976 -1.07249 -2.42901 0.64556 0.24899 0.72348 -0.44164 0.46854
1403715541262142976 -1.12098 -2.54930 0.65955 0.24154 0.71194 -0.44664 0.48509
1403715541362142976 -1.16772 -2.67606 0.67171 0.24838 0.70336 -0.44550 0.49510
1403715541462142976 -1.21980 -2.80718 0.68010 0.25839 0.70657 -0.44134 0.48910
1403715541562142976 -1.27106 -2.94255 0.68333 0.26094 0.71664 -0.44100 0.47313
1403715541662142976 -1.31804 -3.08287 0.68853 0.26225 0.72491 -0.44044 0.46015
1403715541762142976 -1.35791 -3.22814 0.69470 0.27745 0.73118 -0.42900 0.45205
1403715541862142976 -1.38911 -3.37728 0.70389 0.30138 0.73363 -0.41063 0.44983
1403715541962142976 -1.40929 -3.52571 0.71335 0.31912 0.73643 -0.39243 0.44926
1403715542062142976 -1.41198 -3.66910 0.72020 0.32905 0.74091 -0.37263 0.45157
1403715542162142976 -1.39870 -3.80327 0.72751 0.33115 0.74052 -0.35224 0.46679
1403715542262142976 -1.36781 -3.92731 0.73640 0.32469 0.73742 -0.33242 0.49019
1403715542362142976 -1.32442 -4.03321 0.74807 0.30609 0.73432 -0.31719 0.51622
1403715542462142976 -1.27342 -4.12702 0.76169 0.27772 0.72796 -0.30504 0.54763
1403715542562142976 -1.21944 -4.19879 0.77567 0.25446 0.72412 -0.29412 0.56955
1403715542662142976 -1.17651 -4.26966 0.78485 0.23550 0.73276 -0.28634 0.57062
1403715542762142976 -1.13860 -4.32153 0.78958 0.22267 0.74004 -0.28062 0.56922
1403715542862142976 -1.10644 -4.36423 0.79048 0.21347 0.74892 -0.27740 0.56267
1403715542962142976 -1.07794 -4.40073 0.78567 0.20196 0.75290 -0.27922 0.56071
1403715543062142976 -1.05443 -4.43125 0.77379 0.19200 0.75160 -0.28284 0.56413
1403715543162142976 -1.03538 -4.45803 0.75736 0.18816 0.74921 -0.28531 0.56734
1403715543262142976 -1.02240 -4.48266 0.74134 0.18757 0.74426 -0.28781 0.57277
1403715543362142976 -1.01589 -4.50587 0.72400 0.18831 0.74180 -0.29012 0.57455
1403715543462142976 -1.01797 -4.52659 0.70816 0.19432 0.74139 -0.28871 0.57378
1403715543562142976 -1.02406 -4.54570 0.69209 0.20301 0.74049 -0.28556 0.57351
1403715543662142976 -1.03977 -4.55700 0.67752 0.21411 0.73527 -0.27943 0.57918
1403715543762142976 -1.05982 -4.56412 0.65985 0.23339 0.73049 -0.27400 0.58038
1403715543862142976 -1.08880 -4.55970 0.64005 0.25834 0.72714 -0.27379 0.57407
1403715543962142976 -1.12315 -4.54035 0.61659 0.28136 0.72486 -0.28372 0.56117
1403715544062142976 -1.15961 -4.50440 0.58925 0.30284 0.72210 -0.30240 0.54352
1403715544162142976 -1.19612 -4.45182 0.55202 0.31016 0.71333 -0.34014 0.52846
1403715544262142976 -1.23346 -4.38714 0.50236 0.31919 0.69821 -0.38374 0.51319
1403715544362142976 -1.26960 -4.31419 0.43837 0.32959 0.67806 -0.42981 0.49686
1403715544462142976 -1.30485 -4.23436 0.36404 0.34114 0.65425 -0.47211 0.48238
1403715544562142976 -1.33701 -4.14942 0.29016 0.35553 0.63199 -0.50493 0.46822
1403715544662142976 -1.36556 -4.06023 0.23196 0.36789 0.61524 -0.52630 0.45733
1403715544762142976 -1.39189 -3.96806 0.19989 0.38356 0.60204 -0.53251 0.45482
1403715544862142976 -1.41634 -3.87230 0.19445 0.39405 0.59488 -0.53289 0.45483
1403715544962142976 -1.44164 -3.76559 0.21064 0.39467 0.59535 -0.53510 0.45107
1403715545062142976 -1.46360 -3.65715 0.23283 0.39231 0.59821 -0.54050 0.44282
1403715545162142976 -1.48462 -3.54608 0.25171 0.39376 0.59739 -0.54818 0.43311
1403715545262142976 -1.50404 -3.43523 0.25992 0.39706 0.59204 -0.55927 0.42314
1403715545362142976 -1.52397 -3.32154 0.25584 0.39989 0.58284 -0.57224 0.41584
1403715545462142976 -1.54249 -3.20716 0.24878 -0.39514 -0.56881 0.58695 -0.41929
1403715545562142976 -1.56459 -3.09096 0.24736 -0.38718 -0.55529 0.60031 -0.42588
1403715545662142976 -1.59197 -2.97811 0.25360 -0.38100 -0.54571 0.60883 -0.43169
1403715545762142976 -1.62575 -2.86953 0.26094 -0.37791 -0.54527 0.60964 -0.43382
1403715545862142976 -1.66674 -2.75985 0.26622 -0.37822 -0.55333 0.60235 -0.43353
1403715545962142976 -1.71262 -2.65095 0.27245 -0.37980 -0.57019 0.58600 -0.43271
1403715546062142976 -1.76196 -2.54156 0.27930 0.37733 0.59236 -0.56282 0.43585
1403715546162142976 -1.80948 -2.43453 0.28799 0.36571 0.61615 -0.53634 0.44604
1403715546262142976 -1.85606 -2.32667 0.29801 0.34731 0.64099 -0.50645 0.46046
1403715546362142976 -1.90037 -2.21937 0.30959 0.32449 0.66483 -0.47489 0.47664
1403715546462142976 -1.94501 -2.10998 0.32226 0.29845 0.68855 -0.44228 0.49114
1403715546562142976 -1.99004 -2.00106 0.33619 0.27191 0.71105 -0.40735 0.50452
1403715546662142976 -2.03375 -1.89605 0.34961 0.24654 0.73564 -0.36931 0.51152
1403715546762142976 -2.07585 -1.79081 0.36029 0.21733 0.76378 -0.33190 0.50916
1403715546862142976 -2.11532 -1.68821 0.37038 0.18294 0.78902 -0.29852 0.50484
1403715546962142976 -2.14767 -1.59616 0.38279 0.15623 0.80700 -0.26052 0.50644
1403715547062142976 -2.17340 -1.51027 0.39697 0.13878 0.82176 -0.21640 0.50854
1403715547162142976 -2.18899 -1.42734 0.41076 0.11861 0.83222 -0.17456 0.51270
1403715547262142976 -2.19231 -1.35190 0.42561 0.09907 0.83971 -0.13279 0.51715
1403715547362142976 -2.18541 -1.27877 0.44051 0.08029 0.84580 -0.09513 0.51878
1403715547462142976 -2.16624 -1.20609 0.45201 0.05848 0.85290 -0.06447 0.51477
1403715547562142976 -2.13488 -1.13050 0.45948 0.03681 0.85882 -0.03365 0.50985
1403715547662142976 -2.08769 -1.05451 0.46560 0.01614 0.86183 0.00095 0.50694
1403715547762142976 -2.02754 -0.97121 0.47220 -0.00272 0.86255 0.03662 0.50464
1403715547862142976 -1.95220 -0.88580 0.47851 -0.02360 0.86089 0.06923 0.50351
1403715547962142976 -1.86593 -0.79332 0.48673 -0.04440 0.85296 0.09822 0.51073
1403715548062142976 -1.76715 -0.70046 0.49524 -0.06376 0.84004 0.11652 0.52602
1403715548162142976 -1.66208 -0.60668 0.50179 -0.07362 0.82569 0.12996 0.54399
1403715548262142976 -1.55253 -0.51751 0.50468 -0.07627 0.81520 0.13892 0.55708
1403715548362142976 -1.44482 -0.41989 0.50288 -0.07681 0.81017 0.14210 0.56350
1403715548462142976 -1.33854 -0.31752 0.48974 -0.07475 0.80945 0.14201 0.56483
1403715548562142976 -1.23446 -0.21171 0.47021 -0.07697 0.81086 0.13636 0.56390
1403715548662142976 -1.13375 -0.10425 0.44888 -0.07954 0.81275 0.12896 0.56257
1403715548762142976 -1.03513 0.00322 0.42877 -0.08081 0.81321 0.12226 0.56322
1403715548862142976 -0.93643 0.11106 0.41071 -0.07978 0.81392 0.11696 0.56347
1403715548962142976 -0.84093 0.21688 0.39401 -0.08077 0.81326 0.11366 0.56495
1403715549062142976 -0.74482 0.32564 0.37621 -0.08499 0.81061 0.11790 0.56726
1403715549162142976 -0.65313 0.43419 0.36364 -0.09321 0.80203 0.12510 0.57655
1403715549262142976 -0.56210 0.54510 0.35186 -0.10064 0.79111 0.13118 0.58891
1403715549362142976 -0.47566 0.65556 0.33849 -0.11085 0.78362 0.13327 0.59657
1403715549462142976 -0.39768 0.76014 0.32272 -0.12731 0.78460 0.12941 0.59283
1403715549562142976 -0.32126 0.86148 0.30505 -0.13949 0.79163 0.12630 0.58130
1403715549662142976 -0.24900 0.95245 0.28826 -0.14772 0.80161 0.11823 0.56711
1403715549762142976 -0.17400 1.03427 0.27314 -0.14983 0.80674 0.10189 0.56244
1403715549862142976 -0.10131 1.09802 0.26292 -0.14509 0.80747 0.07994 0.56617
1403715549962142976 -0.03069 1.14558 0.25538 -0.14147 0.80984 0.04852 0.56726
1403715550062142976 0.03893 1.17297 0.24857 -0.13206 0.81454 0.01287 0.56473
1403715550162142976 0.10714 1.17716 0.24645 -0.10474 0.81976 -0.01567 0.56282
1403715550262142976 0.17946 1.16553 0.25699 -0.07221 0.82332 -0.04086 0.56148
1403715550362142976 0.25102 1.13451 0.28241 -0.04158 0.82451 -0.06562 0.56049
1403715550462142976 0.32429 1.09128 0.31777 -0.00756 0.82181 -0.08921 0.56268
1403715550562142976 0.39816 1.03904 0.35275 0.02374 0.81774 -0.11603 0.56326
1403715550662142976 0.46980 0.97953 0.37687 0.04517 0.81195 -0.14956 0.56243
1403715550762142976 0.54144 0.91384 0.38714 0.06008 0.80373 -0.18753 0.56146
1403715550862142976 0.60853 0.84029 0.38436 0.07017 0.79389 -0.22730 0.55960
1403715550962142976 0.67160 0.75749 0.37251 0.08225 0.78272 -0.26522 0.55700
1403715551062142976 0.72961 0.66201 0.36212 0.10479 0.77242 -0.29515 0.55252
1403715551162142976 0.77772 0.55273 0.36482 0.13218 0.76119 -0.32112 0.54773
1403715551262142976 0.81523 0.43238 0.38020 0.15244 0.74625 -0.35136 0.54444
1403715551362142976 0.84550 0.30047 0.40268 0.16768 0.72920 -0.38536 0.54005
1403715551462142976 0.86421 0.16012 0.42518 0.18611 0.71017 -0.41723 0.53568
1403715551562142976 0.86799 0.01282 0.44764 0.21197 0.69100 -0.44367 0.52985
1403715551662142976 0.85824 -0.14218 0.47047 0.24809 0.67267 -0.46204 0.52200
1403715551762142976 0.83535 -0.29869 0.49320 0.28491 0.65074 -0.47849 0.51615
1403715551862142976 0.80271 -0.45437 0.51451 0.31550 0.62361 -0.49720 0.51416
1403715551962142976 0.75884 -0.60303 0.53504 0.34542 0.59465 -0.51429 0.51242
1403715552062142976 0.70481 -0.74193 0.55244 0.37783 0.57701 -0.52888 0.49456
1403715552162142976 0.64415 -0.86803 0.56740 0.40055 0.56150 -0.54782 0.47347
1403715552262142976 0.57744 -0.97635 0.58239 -0.42801 -0.54066 0.56222 -0.45651
1403715552362142976 0.50763 -1.06959 0.59627 -0.45529 -0.51522 0.57647 -0.44151
1403715552462142976 0.43861 -1.14590 0.60739 -0.47790 -0.48956 0.59536 -0.42128
1403715552562142976 0.37117 -1.19934 0.61855 -0.49711 -0.45762 0.61639 -0.40439
1403715552662142976 0.30757 -1.23256 0.62606 0.51343 0.41978 -0.63887 0.38991
1403715552762142976 0.24457 -1.25187 0.62929 0.52422 0.38121 -0.66486 0.37126
1403715552862142976 0.18347 -1.24811 0.63174 0.53291 0.34213 -0.69114 0.34826
1403715552962142976 0.12222 -1.22868 0.63063 0.53368 0.30095 -0.71923 0.32760
1403715553062142976 0.05881 -1.19420 0.62569 0.53227 0.25775 -0.74469 0.30935
1403715553162142976 -0.00660 -1.13738 0.61929 0.53838 0.21878 -0.76209 0.28548
1403715553262142976 -0.07706 -1.06278 0.61243 0.55237 0.18068 -0.77038 0.26221
1403715553362142976 -0.14910 -0.96779 0.60536 0.57530 0.14461 -0.76974 0.23584
1403715553462142976 -0.21679 -0.85143 0.59785 0.60488 0.11508 -0.76244 0.19890
1403715553562142976 -0.27495 -0.71976 0.58591 0.62992 0.08826 -0.75480 0.16029
1403715553662142976 -0.31831 -0.57589 0.56918 0.64222 0.06855 -0.75322 0.12453
1403715553762142976 -0.34310 -0.42398 0.54771 0.63463 0.05897 -0.76460 0.09570
