1403715529762142976 0.03758 0.05339 0.22337 -0.02748 0.81433 0.04374 0.57809
1403715529862142976 0.07627 0.08431 0.27618 -0.02797 0.81428 0.04418 0.57812
1403715529962142976 0.11353 0.11697 0.30588 -0.02901 0.81241 0.04247 0.58081
1403715530062142976 0.14117 0.13920 0.33010 -0.02620 0.80695 0.04492 0.58833
1403715530162142976 0.16802 0.16579 0.35491 -0.01768 0.80291 0.04862 0.59385
1403715530262142976 0.18600 0.19507 0.38542 -0.00862 0.80585 0.05185 0.58979
1403715530362142976 0.19340 0.22288 0.42940 -0.00811 0.80846 0.05102 0.58627
1403715530462142976 0.20036 0.26050 0.48173 -0.01462 0.80994 0.04751 0.58440
1403715530562142976 0.21402 0.31122 0.54114 -0.01983 0.81035 0.05060 0.58341
1403715530662142976 0.22301 0.35758 0.59061 -0.02665 0.80930 0.05462 0.58424
1403715530762142976 0.24274 0.41933 0.63564 -0.03123 0.80914 0.05956 0.58375
1403715530862142976 0.25932 0.48263 0.67888 -0.03979 0.80879 0.07008 0.58256
1403715530962142976 0.27360 0.54287 0.72048 -0.04667 0.80874 0.08189 0.58057
1403715531062142976 0.28965 0.60466 0.75783 -0.05142 0.81661 0.09014 0.56779
1403715531162142976 0.30837 0.66633 0.79096 -0.05560 0.82855 0.09515 0.54896
1403715531262142976 0.33780 0.72776 0.82059 -0.07134 0.83258 0.08927 0.54199
1403715531362142976 0.36969 0.78014 0.84943 -0.08616 0.82332 0.08414 0.55465
1403715531462142976 0.40448 0.82703 0.87544 -0.09097 0.81464 0.08431 0.56655
1403715531562142976 0.44670 0.86850 0.88677 -0.09238 0.80995 0.08553 0.57283
1403715531662142976 0.48844 0.90790 0.88810 -0.09586 0.81022 0.08419 0.57207
1403715531762142976 0.53522 0.94487 0.88754 -0.08768 0.80914 0.08892 0.57419
1403715531862142976 0.57852 0.97206 0.88635 -0.07794 0.80213 0.09447 0.58446
1403715531962142976 0.62027 0.99726 0.88702 -0.07202 0.79526 0.09665 0.59417
1403715532062142976 0.65770 1.02088 0.88673 -0.06819 0.79202 0.09774 0.59874
1403715532162142976 0.68957 1.04241 0.88562 -0.06488 0.79030 0.09918 0.60115
1403715532262142976 0.71793 1.06476 0.88433 -0.06697 0.78901 0.10002 0.60248
1403715532362142976 0.73913 1.08631 0.88102 -0.07497 0.79127 0.10050 0.59847
1403715532462142976 0.76102 1.10913 0.87958 -0.08350 0.79451 0.09821 0.59340
1403715532562142976 0.77160 1.12406 0.87362 -0.09500 0.79599 0.09418 0.59034
1403715532662142976 0.77948 1.13291 0.86699 -0.11062 0.79442 0.08660 0.59089
1403715532762142976 0.78339 1.13156 0.85974 -0.12334 0.79129 0.08070 0.59342
1403715532862142976 0.78428 1.11772 0.84999 -0.12825 0.78971 0.07571 0.59513
1403715532962142976 0.78970 1.09565 0.83488 -0.12605 0.79191 0.06492 0.59395
1403715533062142976 0.78927 1.05822 0.81136 -0.11906 0.79554 0.04811 0.59213
1403715533162142976 0.78637 1.00463 0.77789 -0.10384 0.79621 0.02842 0.59537
1403715533262142976 0.78012 0.93720 0.75283 -0.08213 0.78978 0.01160 0.60776
1403715533362142976 0.76491 0.85626 0.74058 -0.06088 0.78812 -0.00207 0.61250
1403715533462142976 0.74394 0.76665 0.74258 -0.04711 0.79262 -0.01196 0.60777
1403715533562142976 0.71481 0.66756 0.75959 -0.04751 0.79838 -0.02745 0.59966
1403715533662142976 0.67928 0.55706 0.78668 -0.05530 0.80382 -0.04233 0.59078
1403715533762142976 0.64130 0.43422 0.83157 -0.06066 0.80722 -0.05323 0.58471
1403715533862142976 0.60256 0.29734 0.88464 -0.05361 0.81014 -0.05316 0.58136
1403715533962142976 0.56976 0.14733 0.92791 -0.03952 0.81265 -0.04627 0.57956
1403715534062142976 0.53486 -0.00748 0.95995 -0.02732 0.81430 -0.03910 0.57848
1403715534162142976 0.50003 -0.16756 0.97899 -0.01368 0.81476 -0.02935 0.57889
1403715534262142976 0.46471 -0.32875 0.98513 -0.00073 0.81585 -0.01979 0.57793
1403715534362142976 0.42997 -0.48678 0.97984 0.00619 0.81665 -0.01498 0.57690
1403715534462142976 0.39914 -0.64831 0.96275 0.01156 0.81730 -0.01667 0.57586
1403715534562142976 0.36893 -0.80369 0.93735 0.01982 0.81719 -0.02483 0.57549
1403715534662142976 0.34112 -0.95567 0.91084 0.02901 0.81769 -0.03958 0.57356
1403715534762142976 0.31445 -1.10291 0.88203 0.04209 0.82010 -0.05926 0.56759
1403715534862142976 0.29137 -1.24501 0.85081 0.05968 0.82433 -0.08264 0.55685
1403715534962142976 0.27223 -1.38613 0.81963 0.07819 0.82652 -0.10699 0.54709
1403715535062142976 0.26607 -1.52191 0.78843 0.09401 0.82701 -0.12777 0.53934
1403715535162142976 0.27074 -1.65270 0.75742 0.10313 0.83040 -0.14462 0.52810
1403715535262142976 0.28641 -1.77812 0.72670 0.10684 0.83454 -0.15754 0.51703
1403715535362142976 0.31273 -1.90167 0.69986 0.10773 0.83596 -0.16834 0.51110
1403715535462142976 0.34992 -2.02702 0.67573 0.09691 0.83041 -0.18402 0.51688
1403715535562142976 0.40266 -2.15288 0.65151 0.09156 0.82027 -0.19040 0.53152
1403715535662142976 0.46555 -2.29044 0.62707 0.09118 0.81176 -0.18496 0.54637
1403715535762142976 0.53226 -2.42659 0.60078 0.08958 0.81059 -0.17101 0.55288
1403715535862142976 0.59172 -2.56335 0.57824 0.09287 0.81263 -0.14794 0.55599
1403715535962142976 0.65290 -2.69870 0.55396 0.08993 0.81991 -0.12425 0.55156
1403715536062142976 0.71845 -2.82823 0.52931 0.08224 0.82858 -0.10700 0.54336
1403715536162142976 0.79072 -2.95611 0.50749 0.07462 0.83575 -0.09356 0.53592
1403715536262142976 0.87035 -3.07927 0.48870 0.07349 0.84115 -0.07918 0.52990
1403715536362142976 0.95754 -3.19611 0.47579 0.07537 0.84183 -0.06467 0.53052
1403715536462142976 1.05378 -3.30483 0.46567 0.08409 0.83834 -0.04787 0.53649
1403715536562142976 1.15846 -3.40452 0.45964 0.09207 0.83315 -0.03533 0.54418
1403715536662142976 1.26819 -3.48765 0.45615 0.09679 0.82617 -0.02745 0.55437
1403715536762142976 1.38100 -3.55536 0.45590 0.09671 0.81448 -0.02332 0.57160
1403715536862142976 1.49216 -3.60329 0.45629 0.09698 0.80194 -0.01571 0.58928
1403715536962142976 1.59864 -3.63940 0.46025 0.10599 0.78950 -0.00398 0.60452
1403715537062142976 1.69371 -3.65462 0.46732 0.11592 0.77547 0.00550 0.62063
1403715537162142976 1.77402 -3.64502 0.47904 0.12271 0.75641 0.01166 0.64238
1403715537262142976 1.83543 -3.61024 0.49427 0.12208 0.73876 0.01157 0.66272
1403715537362142976 1.87615 -3.55289 0.51118 0.09656 0.73525 -0.00517 0.67086
1403715537462142976 1.89143 -3.47706 0.52666 0.06644 0.75306 -0.02743 0.65402
1403715537562142976 1.88272 -3.39143 0.54272 0.04236 0.78009 -0.04737 0.62243
1403715537662142976 1.85945 -3.30303 0.56185 0.02778 0.79963 -0.06120 0.59672
1403715537762142976 1.82996 -3.21679 0.58682 0.02242 0.79809 -0.06877 0.59819
1403715537862142976 1.79294 -3.13304 0.61444 0.02301 0.78765 -0.07137 0.61154
1403715537962142976 1.74674 -3.05222 0.63796 0.02420 0.78575 -0.07167 0.61390
1403715538062142976 1.69011 -2.97463 0.65808 0.02059 0.79197 -0.07547 0.60552
1403715538162142976 1.62548 -2.90208 0.67653 0.01670 0.79841 -0.08512 0.59583
1403715538262142976 1.55494 -2.83625 0.68697 0.02056 0.80223 -0.09679 0.58876
1403715538362142976 1.48004 -2.77825 0.68589 0.03028 0.79981 -0.10989 0.58933
1403715538462142976 1.40083 -2.72761 0.67912 0.05186 0.78891 -0.11853 0.60074
1403715538562142976 1.31360 -2.67835 0.67301 0.07881 0.77693 -0.12748 0.61149
1403715538662142976 1.21487 -2.62896 0.66743 0.10046 0.77031 -0.14324 0.61320
1403715538762142976 1.10627 -2.57739 0.65978 0.11884 0.77111 -0.16654 0.60294
1403715538862142976 0.98958 -2.52338 0.65035 0.13751 0.77613 -0.19497 0.58370
1403715538962142976 0.87683 -2.47239 0.63383 0.15871 0.77578 -0.22669 0.56709
1403715539062142976 0.75488 -2.41751 0.60802 0.18308 0.76848 -0.26102 0.55479
1403715539162142976 0.63115 -2.36005 0.56981 0.20759 0.75721 -0.29699 0.54344
1403715539262142976 0.50798 -2.30061 0.52021 0.22976 0.74519 -0.33278 0.53025
1403715539362142976 0.38535 -2.23896 0.45849 0.24887 0.73587 -0.36584 0.51256
1403715539462142976 0.26478 -2.17813 0.39573 0.26650 0.72542 -0.39166 0.49934
1403715539562142976 0.15279 -2.11839 0.34782 0.27252 0.71576 -0.41510 0.49103
1403715539662142976 0.04703 -2.06308 0.31941 0.27238 0.70484 -0.43357 0.49095
1403715539762142976 -0.05439 -2.00785 0.30922 0.27636 0.69550 -0.44295 0.49367
1403715539862142976 -0.15403 -1.96016 0.31392 0.27946 0.69402 -0.44430 0.49278
1403715539962142976 -0.25222 -1.91875 0.33216 0.27049 0.70055 -0.44685 0.48619
1403715540062142976 -0.34773 -1.88626 0.35968 0.25531 0.70994 -0.45210 0.47582
1403715540162142976 -0.44107 -1.86509 0.39070 0.23620 0.71665 -0.45931 0.46869
1403715540262142976 -0.52062 -1.87426 0.42911 0.22707 0.71899 -0.45975 0.46918
1403715540362142976 -0.60871 -1.89085 0.46690 0.23434 0.72246 -0.45046 0.46928
1403715540462142976 -0.69649 -1.91759 0.50212 0.24335 0.72902 -0.44035 0.46412
1403715540562142976 -0.78526 -1.95240 0.53278 0.24828 0.73862 -0.43605 0.45017
1403715540662142976 -0.86559 -1.99859 0.55852 0.24623 0.74392 -0.43898 0.43961
1403715540762142976 -0.93873 -2.05834 0.58114 0.23522 0.73995 -0.45089 0.44027
1403715540862142976 -1.00433 -2.13393 0.60364 0.23524 0.73168 -0.45547 0.44928
1403715540962142976 -1.06221 -2.22452 0.62361 0.24115 0.72439 -0.45454 0.45880
1403715541062142976 -1.11637 -2.32707 0.64131 0.25011 0.72106 -0.44942 0.46426
1403715541162142976 -1.16829 -2.43699 0.65692 0.25272 0.72004 -0.44731 0.46647
1403715541262142976 -1.21841 -2.55603 0.67049 0.24550 0.70842 -0.45220 0.48310
1403715541362142976 -1.26752 -2.68217 0.68253 0.25237 0.69987 -0.45097 0.49307
1403715541462142976 -1.32234 -2.81235 0.69084 0.26229 0.70311 -0.44679 0.48704
1403715541562142976 -1.37418 -2.94667 0.69488 0.26478 0.71321 -0.44663 0.47090
1403715541662142976 -1.42401 -3.08654 0.69903 0.26595 0.72145 -0.44605 0.45806
1403715541762142976 -1.46716 -3.23073 0.70619 0.28112 0.72779 -0.43465 0.44986
1403715541862142976 -1.50000 -3.38000 0.71484 0.30501 0.73040 -0.41630 0.44741
1403715541962142976 -1.52256 -3.52825 0.72435 0.32269 0.73337 -0.39811 0.44671
1403715542062142976 -1.52739 -3.67117 0.73130 0.33267 0.73799 -0.37837 0.44893
1403715542162142976 -1.51629 -3.80517 0.73872 0.33490 0.73776 -0.35797 0.46412
1403715542262142976 -1.48733 -3.92882 0.74772 0.32868 0.73480 -0.33815 0.48754
1403715542362142976 -1.44563 -4.03538 0.75937 0.31028 0.73183 -0.32289 0.51371
1403715542462142976 -1.39606 -4.12916 0.77298 0.28220 0.72557 -0.31071 0.54532
1403715542562142976 -1.34580 -4.21214 0.78798 0.25853 0.72193 -0.29951 0.56769
1403715542662142976 -1.30192 -4.27575 0.79626 0.24009 0.73054 -0.29200 0.56868
1403715542762142976 -1.26508 -4.32814 0.80266 0.22728 0.73786 -0.28633 0.56738
1403715542862142976 -1.23353 -4.37128 0.80296 0.21807 0.74675 -0.28319 0.56091
1403715542962142976 -1.20555 -4.40832 0.79760 0.20653 0.75070 -0.28504 0.55906
1403715543062142976 -1.18331 -4.43829 0.78682 0.19658 0.74934 -0.28861 0.56263
1403715543162142976 -1.16350 -4.46644 0.76886 0.19266 0.74702 -0.29103 0.56580
1403715543262142976 -1.15086 -4.49132 0.75277 0.19208 0.74207 -0.29348 0.57123
1403715543362142976 -1.14483 -4.51454 0.73543 0.19286 0.73958 -0.29578 0.57301
1403715543462142976 -1.14722 -4.53523 0.71959 0.19884 0.73919 -0.29435 0.57220
1403715543562142976 -1.15376 -4.55421 0.70354 0.20753 0.73831 -0.29119 0.57187
1403715543662142976 -1.16963 -4.56529 0.68897 0.21864 0.73315 -0.28500 0.57746
1403715543762142976 -1.18978 -4.57214 0.67133 0.23795 0.72840 -0.27954 0.57851
1403715543862142976 -1.21870 -4.56720 0.65155 0.26278 0.72507 -0.27925 0.57205
1403715543962142976 -1.25276 -4.54731 0.62811 0.28560 0.72278 -0.28910 0.55896
1403715544062142976 -1.28886 -4.51046 0.60105 0.30697 0.71987 -0.30778 0.54113
1403715544162142976 -1.32434 -4.45785 0.56397 0.31421 0.71079 -0.34548 0.52602
1403715544262142976 -1.36068 -4.39278 0.51449 0.32315 0.69534 -0.38898 0.51066
1403715544362142976 -1.39572 -4.31945 0.45064 0.33344 0.67484 -0.43490 0.49424
1403715544462142976 -1.42975 -4.23923 0.37639 0.34489 0.65070 -0.47702 0.47968
1403715544562142976 -1.46061 -4.15402 0.30263 0.35916 0.62821 -0.50966 0.46541
1403715544662142976 -1.48776 -4.06465 0.24461 0.37143 0.61129 -0.53089 0.45443
1403715544762142976 -1.51271 -3.97218 0.21265 0.38708 0.59805 -0.53701 0.45181
1403715544862142976 -1.53570 -3.87626 0.20735 0.39757 0.59089 -0.53732 0.45174
1403715544962142976 -1.55958 -3.76900 0.22326 0.39814 0.59135 -0.53953 0.44799
1403715545062142976 -1.58017 -3.66025 0.24542 0.39570 0.59418 -0.54495 0.43978
1403715545162142976 -1.59940 -3.54876 0.26421 0.39709 0.59329 -0.55262 0.43004
1403715545262142976 -1.61734 -3.43761 0.27240 0.40026 0.58792 -0.56363 0.42008
1403715545362142976 -1.63551 -3.32347 0.26817 0.40300 0.57867 -0.57653 0.41273
1403715545462142976 -1.65256 -3.20880 0.26123 -0.39833 -0.56448 0.59113 -0.41625
1403715545562142976 -1.67297 -3.09205 0.25985 -0.39042 -0.55086 0.60441 -0.42287
1403715545662142976 -1.69864 -2.97886 0.26612 -0.38429 -0.54122 0.61287 -0.42872
1403715545762142976 -1.73078 -2.87007 0.27348 -0.38120 -0.54078 0.61367 -0.43087
1403715545862142976 -1.77016 -2.75993 0.27872 -0.38153 -0.54889 0.60643 -0.43059
1403715545962142976 -1.81443 -2.65044 0.28496 -0.38310 -0.56586 0.59020 -0.42977
1403715546062142976 -1.86212 -2.54028 0.29180 0.38066 0.58820 -0.56719 0.43292
1403715546162142976 -1.90803 -2.43258 0.30051 0.36912 0.61219 -0.54089 0.44318
1403715546262142976 -1.95302 -2.32400 0.31054 0.35082 0.63725 -0.51119 0.45774
1403715546362142976 -1.99594 -2.21515 0.32163 0.32814 0.66132 -0.47982 0.47409
1403715546462142976 -2.03889 -2.10550 0.33479 0.30217 0.68530 -0.44738 0.48878
1403715546562142976 -2.08211 -1.99648 0.34874 0.27573 0.70806 -0.41263 0.50235
1403715546662142976 -2.12411 -1.89108 0.36217 0.25042 0.73294 -0.37479 0.50953
1403715546762142976 -2.16460 -1.78536 0.37285 0.22118 0.76136 -0.33759 0.50739
1403715546862142976 -2.20267 -1.68207 0.38297 0.18674 0.78686 -0.30439 0.50332
1403715546962142976 -2.23357 -1.58983 0.39537 0.16002 0.80511 -0.26652 0.50512
1403715547062142976 -2.25806 -1.50361 0.40956 0.14257 0.82021 -0.22250 0.50736
1403715547162142976 -2.27254 -1.42035 0.42337 0.12242 0.83098 -0.18072 0.51168
1403715547262142976 -2.27469 -1.34503 0.43821 0.10289 0.83878 -0.13900 0.51628
1403715547362142976 -2.26671 -1.27210 0.45308 0.08410 0.84515 -0.10136 0.51805
1403715547462142976 -2.24648 -1.19976 0.46454 0.06224 0.85247 -0.07074 0.51421
1403715547562142976 -2.21400 -1.12462 0.47198 0.04054 0.85861 -0.03996 0.50946
1403715547662142976 -2.16572 -1.04929 0.47807 0.01984 0.86187 -0.00537 0.50671
1403715547762142976 -2.09221 -0.98095 0.47600 0.00119 0.86294 0.02998 0.50441
1403715547862142976 -2.01912 -0.88943 0.48436 -0.01963 0.86149 0.06264 0.50351
1403715547962142976 -1.93154 -0.79800 0.49254 -0.04041 0.85376 0.09173 0.51093
1403715548062142976 -1.83144 -0.70577 0.50120 -0.05963 0.84097 0.11014 0.52639
1403715548162142976 -1.72533 -0.61152 0.50830 -0.06932 0.82669 0.12372 0.54449
1403715548262142976 -1.61475 -0.52189 0.51190 -0.07184 0.81624 0.13276 0.55764
1403715548362142976 -1.50551 -0.42506 0.51045 -0.07234 0.81122 0.13600 0.56409
1403715548462142976 -1.39729 -0.32360 0.49756 -0.07026 0.81051 0.13591 0.56539
1403715548562142976 -1.29139 -0.21886 0.47820 -0.07250 0.81186 0.13025 0.56450
1403715548662142976 -1.18876 -0.11240 0.45696 -0.07510 0.81369 0.12285 0.56319
1403715548762142976 -1.08831 -0.00608 0.43690 -0.07639 0.81410 0.11616 0.56385
1403715548862142976 -0.98786 0.10047 0.41885 -0.07538 0.81475 0.11086 0.56409
1403715548962142976 -0.89047 0.20511 0.40212 -0.07636 0.81407 0.10757 0.56559
1403715549062142976 -0.79223 0.31295 0.38424 -0.08058 0.81145 0.11184 0.56793
1403715549162142976 -0.69874 0.42031 0.37163 -0.08875 0.80293 0.11911 0.57727
1403715549262142976 -0.60523 0.53070 0.35967 -0.09608 0.79206 0.12528 0.58968
1403715549362142976 -0.51654 0.64053 0.34616 -0.10623 0.78459 0.12742 0.59741
1403715549462142976 -0.43719 0.74387 0.33045 -0.12274 0.78553 0.12358 0.59380
1403715549562142976 -0.35890 0.84458 0.31273 -0.13501 0.79255 0.12041 0.58236
1403715549662142976 -0.28559 0.93429 0.29601 -0.14339 0.80246 0.11229 0.56824
1403715549762142976 -0.20906 1.01543 0.28083 -0.14554 0.80746 0.09592 0.56358
1403715549862142976 -0.13577 1.07772 0.27070 -0.14080 0.80802 0.07399 0.56728
1403715549962142976 -0.06439 1.12433 0.26319 -0.13720 0.81015 0.04255 0.56835
1403715550062142976 0.00575 1.15075 0.25637 -0.12783 0.81459 0.00689 0.56574
1403715550162142976 0.07382 1.15356 0.25431 -0.10056 0.81960 -0.02167 0.56363
1403715550262142976 0.14570 1.14051 0.26491 -0.06807 0.82297 -0.04687 0.56204
1403715550362142976 0.21656 1.10813 0.29039 -0.03746 0.82398 -0.07163 0.56083
1403715550462142976 0.28936 1.06386 0.32579 -0.00343 0.82111 -0.09519 0.56277
1403715550562142976 0.36249 1.01042 0.36082 0.02787 0.81685 -0.12199 0.56312
1403715550662142976 0.43311 0.94971 0.38500 0.04929 0.81081 -0.15547 0.56213
1403715550762142976 0.50377 0.88290 0.39531 0.06419 0.80231 -0.19338 0.56106
1403715550862142976 0.56978 0.80828 0.39256 0.07428 0.79217 -0.23309 0.55913
1403715550962142976 0.63178 0.72442 0.38072 0.08633 0.78072 -0.27092 0.55644
1403715551062142976 0.68887 0.62773 0.37048 0.10883 0.77021 -0.30078 0.55179
1403715551162142976 0.73558 0.51745 0.37319 0.13617 0.75879 -0.32666 0.54680
1403715551262142976 0.77103 0.39659 0.38855 0.15642 0.74363 -0.35679 0.54337
1403715551362142976 0.79964 0.26383 0.41103 0.17161 0.72633 -0.39067 0.53886
1403715551462142976 0.81623 0.12310 0.43352 0.19001 0.70707 -0.42240 0.53436
1403715551562142976 0.81765 -0.02420 0.45598 0.21583 0.68771 -0.44870 0.52834
1403715551662142976 0.80566 -0.17935 0.47882 0.25188 0.66924 -0.46694 0.52023
1403715551762142976 0.78049 -0.33580 0.50153 0.28866 0.64719 -0.48323 0.51411
1403715551862142976 0.74552 -0.49124 0.52288 0.31923 0.61993 -0.50174 0.51190
1403715551962142976 0.69938 -0.63939 0.54344 0.34914 0.59085 -0.51862 0.50994
1403715552062142976 0.64313 -0.77767 0.56092 0.38141 0.57309 -0.53308 0.49185
1403715552162142976 0.58059 -0.90336 0.57587 0.40397 0.55745 -0.55191 0.47059
1403715552262142976 0.51212 -1.01051 0.59086 -0.43132 -0.53650 0.56616 -0.45342
1403715552362142976 0.44074 -1.10339 0.60478 -0.45849 -0.51096 0.58023 -0.43823
1403715552462142976 0.36992 -1.17701 0.61646 -0.48103 -0.48512 0.59891 -0.41782
1403715552562142976 0.30156 -1.23250 0.62716 -0.49999 -0.45310 0.61972 -0.40082
1403715552662142976 0.23735 -1.26428 0.63466 0.51623 0.41507 -0.64193 0.38620
1403715552762142976 0.17395 -1.28240 0.63791 0.52690 0.37630 -0.66764 0.36746
1403715552862142976 0.11278 -1.27753 0.64048 0.53543 0.33703 -0.69364 0.34438
1403715552962142976 0.05167 -1.25715 0.63917 0.53606 0.29562 -0.72143 0.32371
1403715553062142976 -0.01132 -1.22152 0.63425 0.53452 0.25222 -0.74657 0.30545
1403715553162142976 -0.07601 -1.16369 0.62770 0.54046 0.21312 -0.76369 0.28153
1403715553262142976 -0.14572 -1.08839 0.62092 0.55427 0.17498 -0.77169 0.25819
1403715553362142976 -0.21619 -0.99162 0.61372 0.57702 0.13887 -0.77080 0.23159
1403715553462142976 -0.28225 -0.87403 0.60617 0.60634 0.10938 -0.76328 0.19443
1403715553562142976 -0.33854 -0.74124 0.59418 0.63109 0.08261 -0.75543 0.15563
1403715553662142976 -0.37988 -0.59647 0.57740 0.64313 0.06291 -0.75371 0.11978
1403715553762142976 -0.40247 -0.44390 0.55589 0.63532 0.05324 -0.76502 0.09100
1403715553862142976 -0.40964 -0.28812 0.53248 0.61195 0.05282 -0.78641 0.06544
1403715553962142976 -0.40888 -0.13316 0.51264 0.58879 0.05581 -0.80494 0.04764
1403715554062142976 -0.40411 0.01945 0.49343 0.55926 0.05572 -0.82603 0.04251
1403715554162142976 -0.39693 0.16694 0.47425 0.52762 0.05716 -0.84660 0.04018
1403715554262142976 -0.40049 0.30975 0.45865 0.50523 0.06053 -0.86001 0.03833
1403715554362142976 -0.42339 0.44842 0.44314 -0.49517 -0.07497 0.86519 -0.02512
1403715554462142976 -0.46163 0.57687 0.42455 0.51242 0.11642 -0.85075 -0.00970
1403715554562142976 -0.50985 0.68397 0.39503 0.54387 0.17366 -0.81896 -0.05786
1403715554662142976 -0.55691 0.75725 0.35467 0.57017 0.21984 -0.78514 -0.10068
1403715554762142976 -0.59373 0.79242 0.30704 0.58672 0.24611 -0.76102 -0.12663
1403715554862142976 -0.60990 0.77764 0.26458 0.60368 0.25636 -0.74270 -0.13510
1403715554962142976 -0.59848 0.69249 0.24480 0.62041 0.24549 -0.73482 -0.12191
1403715555062142976 -0.55385 0.55189 0.24869 0.62296 0.20259 -0.75211 -0.07210
1403715555162142976 -0.48432 0.37616 0.27001 0.60425 0.14168 -0.78409 0.00151
1403715555262142976 -0.40503 0.18272 0.29082 0.57090 0.07930 -0.81312 0.08140
1403715555362142976 -0.32836 -0.00875 0.30049 0.54249 0.03210 -0.82731 0.14222
1403715555462142976 -0.26548 -0.18302 0.30846 0.54208 0.01969 -0.82546 0.15614
1403715555562142976 -0.21196 -0.32941 0.33052 0.55587 0.02968 -0.81851 0.14203
1403715555662142976 -0.16374 -0.45268 0.36387 0.56496 0.04479 -0.81434 0.12518
1403715555762142976 -0.11564 -0.55776 0.40668 0.56062 0.05343 -0.81741 0.12119
1403715555862142976 -0.06952 -0.64717 0.45940 0.54930 0.05031 -0.82320 0.13446
1403715555962142976 -0.03061 -0.71645 0.52354 0.54188 0.04927 -0.82665 0.14348
1403715556062142976 -0.00073 -0.76818 0.58336 0.52929 0.04040 -0.83207 0.16088
1403715556162142976 0.02020 -0.79773 0.63496 0.52757 0.03526 -0.83138 0.17099
1403715556262142976 0.03056 -0.80116 0.68416 0.53819 0.03628 -0.82424 0.17225
1403715556362142976 0.02369 -0.78325 0.73066 0.54649 0.04345 -0.81921 0.16837
1403715556462142976 0.00899 -0.74676 0.77136 0.55162 0.05617 -0.81702 0.15824
1403715556562142976 -0.01197 -0.69793 0.79925 0.55448 0.08133 -0.81782 0.13077
1403715556662142976 -0.03568 -0.64176 0.81232 0.55196 0.10048 -0.82036 0.11069
1403715556762142976 -0.06458 -0.58207 0.81013 0.54348 0.11403 -0.82586 0.09787
1403715556862142976 -0.09727 -0.52216 0.80037 0.54628 0.12684 -0.82357 0.08497
1403715556962142976 -0.13371 -0.46393 0.78856 0.54973 0.13704 -0.82063 0.07470
1403715557062142976 -0.17326 -0.41125 0.77278 0.53878 0.13677 -0.82777 0.07624
1403715557162142976 -0.21815 -0.36549 0.75672 0.52050 0.13151 -0.83960 0.08274
1403715557262142976 -0.27223 -0.32403 0.74311 0.50437 0.12649 -0.84964 0.08783
1403715557362142976 -0.33899 -0.28596 0.73104 -0.49596 -0.12373 0.85489 -0.08870
1403715557462142976 -0.42257 -0.25149 0.72049 0.50154 0.12180 -0.85195 0.08831
1403715557562142976 -0.51917 -0.22086 0.71038 0.52169 0.12346 -0.84000 0.08362
1403715557662142976 -0.62462 -0.19409 0.69889 0.54003 0.12715 -0.82853 0.07580
1403715557762142976 -0.73557 -0.17406 0.68522 0.55293 0.12820 -0.82036 0.06957
1403715557862142976 -0.84812 -0.16092 0.67588 0.55517 0.12135 -0.81976 0.07109
1403715557962142976 -0.96028 -0.15245 0.67914 0.55473 0.11344 -0.82112 0.07193
1403715558062142976 -1.07307 -0.14798 0.69438 0.55553 0.10744 -0.82146 0.07110
1403715558162142976 -1.18784 -0.14640 0.72098 0.55293 0.10356 -0.82386 0.06930
1403715558262142976 -1.30539 -0.14854 0.75091 0.55146 0.10615 -0.82520 0.06061
1403715558362142976 -1.42555 -0.15510 0.78031 0.55894 0.11284 -0.82007 0.04829
1403715558462142976 -1.54511 -0.16850 0.80668 0.57381 0.11262 -0.80976 0.04850
1403715558562142976 -1.66104 -0.18670 0.82508 0.59380 0.10577 -0.79542 0.05934
1403715558662142976 -1.76902 -0.20542 0.82956 0.60611 0.09990 -0.78615 0.06792
1403715558762142976 -1.86896 -0.22357 0.82144 0.60942 0.10110 -0.78300 0.07282
1403715558862142976 -1.96133 -0.24277 0.81211 0.60972 0.11340 -0.78086 0.07509
1403715558962142976 -2.04404 -0.26352 0.80610 0.61019 0.13324 -0.77721 0.07656
1403715559062142976 -2.10916 -0.28600 0.80294 0.60952 0.15568 -0.77311 0.08097
1403715559162142976 -2.15941 -0.31227 0.80354 0.60827 0.17579 -0.76816 0.09506
1403715559262142976 -2.19407 -0.34107 0.80684 0.60733 0.19854 -0.76152 0.10870
1403715559362142976 -2.21264 -0.37161 0.80966 0.60435 0.22383 -0.75509 0.12039
1403715559462142976 -2.21737 -0.40405 0.80981 0.59230 0.24910 -0.75526 0.12928
1403715559562142976 -2.21386 -0.44129 0.79897 0.57039 0.26270 -0.76474 0.14428
1403715559662142976 -2.20070 -0.47858 0.77655 0.55466 0.27028 -0.77062 0.15950
1403715559762142976 -2.18491 -0.51999 0.74489 0.54871 0.28421 -0.76886 0.16429
1403715559862142976 -2.16587 -0.56563 0.71117 0.54452 0.30021 -0.76443 0.17034
1403715559962142976 -2.14230 -0.61627 0.67758 0.54123 0.32180 -0.75697 0.17466
1403715560062142976 -2.11638 -0.67532 0.64558 0.53676 0.34420 -0.74858 0.18177
1403715560162142976 -2.08432 -0.74448 0.62111 0.52947 0.36438 -0.74128 0.19336
1403715560262142976 -2.04614 -0.82190 0.60977 0.51777 0.37634 -0.73701 0.21702
1403715560362142976 -2.00531 -0.90594 0.61035 0.50559 0.38913 -0.73210 0.23872
1403715560462142976 -1.96245 -0.99343 0.61487 -0.49637 -0.40502 0.72409 -0.25547
1403715560562142976 -1.92004 -1.08530 0.61888 -0.48847 -0.42059 0.71482 -0.27117
1403715560662142976 -1.87742 -1.17907 0.62238 -0.48111 -0.43897 0.70331 -0.28493
1403715560762142976 -1.83354 -1.27746 0.62716 -0.47412 -0.45903 0.68976 -0.29789
1403715560862142976 -1.78853 -1.37816 0.63176 -0.46911 -0.48229 0.67305 -0.30714
1403715560962142976 -1.74053 -1.48274 0.63551 -0.46161 -0.50625 0.65587 -0.31696
1403715561062142976 -1.68726 -1.58882 0.64018 -0.45077 -0.52827 0.63862 -0.33152
1403715561162142976 -1.63024 -1.69894 0.64208 -0.43542 -0.54661 0.62361 -0.35035
1403715561262142976 -1.57129 -1.81054 0.64306 -0.41837 -0.55805 0.61310 -0.37103
1403715561362142976 -1.51382 -1.92221 0.64369 -0.39817 -0.56148 0.60919 -0.39382
1403715561462142976 -1.45757 -2.03683 0.64502 -0.38515 -0.56837 0.60049 -0.40992
1403715561562142976 -1.40951 -2.14868 0.64886 -0.38470 -0.58182 0.58269 -0.41708
1403715561662142976 -1.36489 -2.26131 0.65327 0.38844 0.59776 -0.56185 0.41967
1403715561762142976 -1.31984 -2.37294 0.65778 0.39188 0.60947 -0.53924 0.42918
1403715561862142976 -1.27259 -2.47902 0.66351 0.39015 0.61991 -0.51707 0.44286
1403715561962142976 -1.22144 -2.57903 0.67248 0.38692 0.62871 -0.49301 0.46039
1403715562062142976 -1.16865 -2.66896 0.68185 0.38468 0.63318 -0.46968 0.48010
1403715562162142976 -1.11561 -2.74741 0.69316 0.38744 0.63527 -0.44964 0.49411
1403715562262142976 -1.06250 -2.81108 0.70398 0.39147 0.64109 -0.43539 0.49617
1403715562362142976 -1.00895 -2.85676 0.71086 0.39253 0.65304 -0.42954 0.48472
1403715562462142976 -0.94705 -2.89060 0.71593 0.38902 0.67007 -0.42920 0.46417
1403715562562142976 -0.87789 -2.90869 0.72217 0.38737 0.68496 -0.42164 0.45055
1403715562662142976 -0.79403 -2.91828 0.72890 0.37673 0.69363 -0.41485 0.45261
1403715562762142976 -0.69883 -2.91854 0.73411 0.34707 0.69508 -0.42448 0.46500
1403715562862142976 -0.59670 -2.91504 0.73931 0.32103 0.69578 -0.43048 0.47699
1403715562962142976 -0.49215 -2.90733 0.74439 0.29924 0.69920 -0.42758 0.48861
1403715563062142976 -0.38582 -2.90025 0.74918 0.28392 0.70464 -0.41525 0.50043
1403715563162142976 -0.28040 -2.89210 0.75523 0.27773 0.71168 -0.38983 0.51421
1403715563262142976 -0.17448 -2.88168 0.76180 0.26836 0.71812 -0.35701 0.53369
1403715563362142976 -0.07074 -2.86341 0.76793 0.25165 0.72804 -0.31942 0.55191
1403715563462142976 0.02709 -2.83698 0.77249 0.23073 0.74142 -0.27890 0.56504
1403715563562142976 0.11959 -2.80305 0.76753 0.21085 0.75403 -0.23810 0.57471
1403715563662142976 0.20350 -2.76137 0.74980 0.19356 0.76321 -0.19876 0.58356
1403715563762142976 0.27942 -2.71012 0.72216 0.17753 0.76841 -0.16138 0.59329
1403715563862142976 0.35014 -2.65101 0.68437 0.14815 0.77034 -0.13240 0.60588
1403715563962142976 0.41170 -2.57999 0.63759 0.11043 0.77377 -0.10727 0.61447
1403715564062142976 0.46266 -2.49924 0.58334 0.06491 0.77978 -0.08507 0.61684
1403715564162142976 0.50137 -2.41645 0.53154 0.02321 0.78333 -0.05907 0.61835
1403715564262142976 0.52878 -2.33429 0.48267 -0.01276 0.78718 -0.02784 0.61597
1403715564362142976 0.54425 -2.25704 0.44642 -0.04070 0.78919 0.01334 0.61265
1403715564462142976 0.54646 -2.18539 0.42251 -0.06702 0.79822 0.06030 0.59559
1403715564562142976 0.54417 -2.11898 0.41358 -0.09183 0.80315 0.10785 0.57870
1403715564662142976 0.53748 -2.05413 0.41977 -0.11454 0.80054 0.15538 0.56734
1403715564762142976 0.52744 -1.99434 0.44258 -0.13508 0.79230 0.20232 0.55954
1403715564862142976 0.51594 -1.93564 0.47940 -0.15620 0.77982 0.24607 0.55402
1403715564962142976 0.50222 -1.87634 0.52959 -0.17826 0.76191 0.28551 0.55335
1403715565062142976 0.48638 -1.81398 0.58983 -0.20114 0.74454 0.32226 0.54895
1403715565162142976 0.46282 -1.74991 0.65233 -0.23107 0.72932 0.35461 0.53754
1403715565262142976 0.43303 -1.68510 0.70351 -0.26159 0.71454 0.38348 0.52340
1403715565362142976 0.40003 -1.62141 0.74449 -0.29215 0.69490 0.40709 0.51579
1403715565462142976 0.36421 -1.56447 0.77513 -0.32326 0.67263 0.42816 0.50965
1403715565562142976 0.32512 -1.51244 0.79614 -0.34991 0.64938 0.45295 0.50071
1403715565662142976 0.28013 -1.47199 0.81867 -0.37584 0.62534 0.48110 0.48604
1403715565762142976 0.23136 -1.43864 0.84466 -0.39951 0.59969 0.51392 0.46545
1403715565862142976 0.18057 -1.42161 0.87182 -0.42101 0.57224 0.55120 0.43758
1403715565962142976 0.12639 -1.41542 0.90238 -0.44438 0.53724 0.58831 0.40962
1403715566062142976 0.07351 -1.41854 0.93219 -0.46915 0.49886 0.62171 0.38015
1403715566162142976 0.02062 -1.42672 0.96297 -0.48966 0.45864 0.65262 0.35209
1403715566262142976 -0.03094 -1.44322 0.99225 0.50900 -0.41786 -0.67972 -0.32293
1403715566362142976 -0.07882 -1.46808 1.01810 0.52647 -0.37650 -0.70374 -0.29297
1403715566462142976 -0.12126 -1.49815 1.03915 0.54138 -0.33541 -0.72432 -0.26415
1403715566562142976 -0.16155 -1.53514 1.04691 0.55689 -0.29552 -0.73913 -0.23713
1403715566662142976 -0.19887 -1.57813 1.04332 0.56973 -0.25595 -0.75173 -0.21168
1403715566762142976 -0.23356 -1.63087 1.03490 0.57969 -0.21359 -0.76458 -0.18373
1403715566862142976 -0.26437 -1.69294 1.02708 0.58831 -0.17043 -0.77634 -0.14880
1403715566962142976 -0.28635 -1.76626 1.02164 0.59792 -0.12277 -0.78426 -0.11113
1403715567062142976 -0.30205 -1.84278 1.01472 0.60037 -0.07363 -0.79345 -0.06761
1403715567162142976 -0.30784 -1.92462 1.00792 0.60044 -0.02285 -0.79913 -0.01853
1403715567262142976 -0.30415 -2.00755 1.00060 0.59300 0.03293 -0.80403 0.02836
1403715567362142976 -0.29466 -2.08962 0.99110 0.58162 0.09423 -0.80488 0.07079
1403715567462142976 -0.28043 -2.17089 0.97416 0.56747 0.15827 -0.80084 0.10767
1403715567562142976 -0.26415 -2.25350 0.94380 0.55368 0.21877 -0.79089 0.14168
1403715567662142976 -0.24426 -2.34139 0.90295 0.54242 0.27241 -0.77475 0.17704
1403715567762142976 -0.21935 -2.43285 0.85757 0.53394 0.32236 -0.75178 0.21403
1403715567862142976 -0.18643 -2.52735 0.81276 0.52402 0.36947 -0.72551 0.25007
1403715567962142976 -0.14102 -2.62012 0.77218 0.51029 0.41696 -0.69743 0.28167
1403715568062142976 -0.09505 -2.70776 0.73393 -0.49848 -0.45954 0.66547 -0.31224
1403715568162142976 -0.04548 -2.79052 0.69825 -0.48508 -0.49671 0.63200 -0.34433
1403715568262142976 0.01096 -2.86574 0.66411 -0.46600 -0.53180 0.60001 -0.37419
1403715568362142976 0.07278 -2.93180 0.63182 -0.44333 -0.56387 0.56863 -0.40271
1403715568462142976 0.13871 -2.98966 0.60211 0.42025 0.59430 -0.53564 0.42812
1403715568562142976 0.20757 -3.03890 0.57730 0.39568 0.62355 -0.50144 0.45075
1403715568662142976 0.27979 -3.07840 0.55770 0.37157 0.65210 -0.46493 0.46961
1403715568762142976 0.35558 -3.10379 0.54373 0.34400 0.67767 -0.42858 0.48862
1403715568862142976 0.43214 -3.11948 0.53303 0.31590 0.70218 -0.39213 0.50337
1403715568962142976 0.50840 -3.12560 0.52441 0.28605 0.72458 -0.35934 0.51384
1403715569062142976 0.58411 -3.12596 0.51477 0.25883 0.74435 -0.32824 0.52078
1403715569162142976 0.65892 -3.11940 0.50507 0.23116 0.76039 -0.29822 0.52861
1403715569262142976 0.73636 -3.11219 0.49508 0.20538 0.76971 -0.27193 0.53984
1403715569362142976 0.81600 -3.10594 0.48756 0.18954 0.76948 -0.24536 0.55836
1403715569462142976 0.88962 -3.09328 0.48290 0.17629 0.76838 -0.22074 0.57427
1403715569562142976 0.95877 -3.07250 0.47918 0.16556 0.77172 -0.19434 0.58247
1403715569662142976 1.02096 -3.04298 0.47506 0.15222 0.77852 -0.16778 0.58531
1403715569762142976 1.07803 -3.00504 0.47115 0.13237 0.78722 -0.14168 0.58540
1403715569862142976 1.12781 -2.95912 0.46876 0.10549 0.79458 -0.11352 0.58705
1403715569962142976 1.17485 -2.90707 0.46878 0.08130 0.79614 -0.08001 0.59427
1403715570062142976 1.21648 -2.84760 0.46870 0.05585 0.79652 -0.04562 0.60029
1403715570162142976 1.25326 -2.78280 0.46676 0.02947 0.79632 -0.00992 0.60407
1403715570262142976 1.28220 -2.71410 0.46357 0.00141 0.79521 0.02701 0.60574
1403715570362142976 1.29928 -2.64104 0.45939 -0.02766 0.79044 0.06615 0.60832
1403715570462142976 1.30544 -2.56692 0.45341 -0.05950 0.78344 0.10609 0.60945
1403715570562142976 1.30380 -2.48891 0.44676 -0.09032 0.77390 0.14812 0.60909
1403715570662142976 1.28757 -2.40906 0.43582 -0.12113 0.76664 0.19067 0.60103
1403715570762142976 1.25987 -2.32928 0.42262 -0.15214 0.76062 0.23318 0.58645
1403715570862142976 1.21950 -2.24920 0.40998 -0.18286 0.75018 0.27613 0.57231
1403715570962142976 1.17323 -2.16665 0.39771 -0.21118 0.73948 0.31607 0.55558
1403715571062142976 1.12069 -2.08602 0.38398 -0.23683 0.73015 0.34734 0.53865
1403715571162142976 1.06458 -2.00902 0.36969 -0.26036 0.72160 0.36469 0.52773
1403715571262142976 1.00717 -1.93603 0.35880 -0.27870 0.70717 0.37336 0.53182
1403715571362142976 0.94636 -1.87107 0.35019 -0.28801 0.69432 0.37821 0.54030
1403715571462142976 0.88014 -1.81673 0.34103 -0.28766 0.69481 0.38415 0.53565
1403715571562142976 0.81158 -1.77392 0.33046 -0.28850 0.70565 0.38653 0.51905
1403715571662142976 0.74062 -1.73226 0.30914 -0.30059 0.72560 0.37824 0.48998
1403715571762142976 0.67151 -1.69349 0.27474 -0.31724 0.75069 0.36350 0.45132
1403715571862142976 0.62158 -1.66341 0.23335 -0.32507 0.77262 0.35379 0.41500
1403715571962142976 0.59816 -1.63760 0.19388 -0.32322 0.78991 0.34990 0.38618
1403715572062142976 0.60256 -1.60785 0.15897 -0.30851 0.80038 0.35714 0.36967
1403715572162142976 0.63607 -1.57058 0.13071 -0.28004 0.79627 0.38159 0.37672
1403715572262142976 0.69502 -1.51680 0.10921 -0.25947 0.77150 0.41171 0.40982
1403715572362142976 0.76662 -1.44434 0.08911 -0.25369 0.72990 0.44109 0.45642
1403715572462142976 0.83662 -1.36066 0.06955 -0.26380 0.68917 0.46194 0.49200
1403715572562142976 0.89658 -1.27227 0.04804 -0.28410 0.66290 0.47669 0.50261
1403715572662142976 0.94463 -1.17997 0.02520 -0.30370 0.64242 0.49374 0.50128
1403715572762142976 0.97733 -1.08794 0.00376 -0.31876 0.62602 0.51553 0.49063
1403715572862142976 0.99592 -0.99585 -0.00942 -0.33769 0.61451 0.53475 0.47157
1403715572962142976 1.00266 -0.90608 -0.00836 -0.36114 0.60045 0.55004 0.45441
1403715573062142976 1.00084 -0.81756 0.00373 -0.38409 0.58304 0.56506 0.43959
1403715573162142976 0.99121 -0.73311 0.02590 -0.40651 0.56635 0.58006 0.42134
1403715573262142976 0.97678 -0.65445 0.05148 -0.42444 0.54890 0.59739 0.40210
1403715573362142976 0.95973 -0.57709 0.07246 -0.43950 0.53232 0.61577 0.37988
1403715573462142976 0.94297 -0.50491 0.09127 -0.45557 0.51750 0.63219 0.35354
1403715573562142976 0.92874 -0.43443 0.10929 -0.47101 0.50299 0.64693 0.32654
1403715573662142976 0.91712 -0.36626 0.12939 -0.47816 0.48178 0.66583 0.30970
1403715573762142976 0.90838 -0.29637 0.14923 -0.47590 0.45665 0.69023 0.29761
1403715573862142976 0.89863 -0.22130 0.16752 -0.47155 0.42988 0.71567 0.28401
1403715573962142976 0.88505 -0.14521 0.18600 -0.47261 0.40352 0.73782 0.26351
1403715574062142976 0.86573 -0.06633 0.20417 -0.47658 0.37546 0.75869 0.23726
1403715574162142976 0.83882 0.01769 0.22473 -0.48699 0.34359 0.77470 0.21125
1403715574262142976 0.80585 0.10728 0.24793 0.50426 -0.30322 -0.78470 -0.19502
1403715574362142976 0.76806 0.20250 0.27112 0.52081 -0.25636 -0.79113 -0.19275
1403715574462142976 0.72477 0.29581 0.29136 0.52867 -0.21629 -0.79713 -0.19571
1403715574562142976 0.67545 0.38151 0.30617 0.53173 -0.18978 -0.80198 -0.19514
1403715574662142976 0.61987 0.45470 0.31533 0.52906 -0.17025 -0.80927 -0.19024
1403715574762142976 0.55512 0.51930 0.32421 0.52854 -0.15702 -0.81496 -0.17841
1403715574862142976 0.48045 0.57082 0.32972 0.53216 -0.15735 -0.81706 -0.15641
1403715574962142976 0.39949 0.62231 0.34380 0.54157 -0.16061 -0.81333 -0.13929
1403715575062142976 0.31292 0.66941 0.36072 0.55263 -0.16153 -0.80669 -0.13325
1403715575162142976 0.22797 0.71122 0.38190 0.56789 -0.15944 -0.79577 -0.13723
1403715575262142976 0.14512 0.74535 0.40554 0.58684 -0.15556 -0.78064 -0.14841
1403715575362142976 0.07202 0.76622 0.42386 0.58454 -0.15876 -0.78033 -0.15555
1403715575462142976 0.00424 0.77747 0.43982 0.57098 -0.16759 -0.78827 -0.15658
1403715575562142976 -0.06248 0.78186 0.45879 0.56297 -0.16737 -0.79107 -0.17103
1403715575662142976 -0.12840 0.77469 0.48497 0.56275 -0.15972 -0.78743 -0.19431
1403715575762142976 -0.19859 0.75309 0.50915 0.56107 -0.15490 -0.78499 -0.21214
1403715575862142976 -0.27311 0.71469 0.52972 0.55660 -0.15921 -0.78640 -0.21546
1403715575962142976 -0.35160 0.65842 0.54809 0.55670 -0.17173 -0.78677 -0.20394
1403715576062142976 -0.43252 0.58926 0.56515 0.55836 -0.18696 -0.78656 -0.18604
1403715576162142976 -0.51172 0.51020 0.58083 0.56160 -0.19651 -0.78465 -0.17409
1403715576262142976 -0.59465 0.42556 0.59578 0.56423 -0.20216 -0.78320 -0.16544
1403715576362142976 -0.67641 0.33864 0.61416 0.57231 -0.20008 -0.77769 -0.16621
1403715576462142976 -0.75340 0.24610 0.63690 0.58832 -0.19561 -0.76627 -0.16870
1403715576562142976 -0.82382 0.14753 0.66162 0.60146 -0.19230 -0.75561 -0.17411
1403715576662142976 -0.88209 0.04063 0.68587 0.60818 -0.19155 -0.74854 -0.18197
1403715576762142976 -0.92838 -0.07556 0.70891 0.60349 -0.19749 -0.74927 -0.18814
1403715576862142976 -0.96408 -0.20218 0.72991 0.58760 -0.20983 -0.75793 -0.19037
1403715576962142976 -0.99010 -0.33455 0.75188 0.57092 -0.22246 -0.76684 -0.19109
1403715577062142976 -1.01209 -0.47261 0.77369 0.56471 -0.23986 -0.76746 -0.18593
1403715577162142976 -1.02947 -0.61288 0.79320 0.56187 -0.26090 -0.76421 -0.17952
1403715577262142976 -1.04355 -0.75240 0.80233 0.56113 -0.27696 -0.75954 -0.17756
1403715577362142976 -1.05669 -0.88818 0.78831 0.55903 -0.28268 -0.75742 -0.18410
1403715577462142976 -1.06595 -1.02455 0.76086 0.55634 -0.28380 -0.75700 -0.19206
1403715577562142976 -1.07096 -1.16272 0.73490 0.55471 -0.28449 -0.75672 -0.19681
1403715577662142976 -1.07078 -1.29671 0.71826 0.55367 -0.28606 -0.75672 -0.19747
1403715577762142976 -1.06615 -1.43116 0.71509 0.55388 -0.29073 -0.75635 -0.19140
1403715577862142976 -1.05731 -1.56246 0.71351 0.55626 -0.30097 -0.75242 -0.18398
1403715577962142976 -1.04155 -1.68799 0.69970 0.55555 -0.31629 -0.74761 -0.18000
1403715578062142976 -1.01997 -1.80726 0.66926 0.55005 -0.33896 -0.74284 -0.17532
1403715578162142976 -0.99171 -1.91856 0.62441 0.53698 -0.37368 -0.73899 -0.16098
1403715578262142976 -0.95579 -2.01371 0.57496 0.52599 -0.40285 -0.73032 -0.16635
1403715578362142976 -0.91032 -2.09317 0.52800 0.51653 -0.42379 -0.71923 -0.19053
1403715578462142976 -0.85591 -2.16137 0.48171 0.50155 -0.44226 -0.71024 -0.22002
1403715578562142976 -0.79518 -2.21618 0.43457 -0.47153 0.45921 0.71107 0.24732
1403715578662142976 -0.73397 -2.26046 0.38460 -0.43001 0.47613 0.72146 0.26055
1403715578762142976 -0.68086 -2.28862 0.33772 -0.39749 0.49115 0.72839 0.26500
1403715578862142976 -0.63993 -2.29766 0.29363 -0.38337 0.50168 0.72764 0.26811
1403715578962142976 -0.61482 -2.28032 0.25598 -0.38442 0.49708 0.72339 0.28607
1403715579062142976 -0.60715 -2.23974 0.22729 -0.39168 0.47882 0.71866 0.31757
1403715579162142976 -0.61735 -2.18645 0.21271 -0.39657 0.45222 0.71543 0.35552
1403715579262142976 -0.64171 -2.13375 0.20321 -0.40527 0.42702 0.70931 0.38768
1403715579362142976 -0.69347 -2.08310 0.19648 -0.41092 0.41946 0.70461 0.39840
1403715579462142976 -0.76685 -2.04033 0.18757 -0.41339 0.42427 0.70262 0.39425
1403715579562142976 -0.85806 -2.00404 0.17663 -0.41689 0.43957 0.70139 0.37554
1403715579662142976 -0.96399 -1.96885 0.16880 -0.42452 0.44435 0.69853 0.36658
1403715579762142976 -1.08335 -1.93497 0.16717 -0.43766 0.44541 0.69273 0.36080
1403715579862142976 -1.21491 -1.90467 0.17755 -0.44274 0.44025 0.69091 0.36443
1403715579962142976 -1.35628 -1.88170 0.19577 -0.44706 0.44405 0.68552 0.36472
1403715580062142976 -1.50428 -1.86264 0.21133 -0.45119 0.45831 0.67333 0.36469
1403715580162142976 -1.65418 -1.84771 0.21572 -0.45090 0.47762 0.65767 0.36883
1403715580262142976 -1.80672 -1.83791 0.20803 -0.44625 0.49939 0.64016 0.37638
1403715580362142976 -1.95935 -1.83289 0.19742 -0.44382 0.52493 0.61773 0.38193
1403715580462142976 -2.10955 -1.83233 0.18844 -0.44063 0.55196 0.59344 0.38603
1403715580562142976 -2.25588 -1.83330 0.18049 -0.43691 0.57623 0.57253 0.38637
1403715580662142976 -2.39580 -1.83769 0.17173 -0.43551 0.59911 0.55562 0.37773
1403715580762142976 -2.52577 -1.84299 0.16314 -0.43521 0.61902 0.54175 0.36594
1403715580862142976 -2.64081 -1.84555 0.15638 -0.43936 0.63678 0.52751 0.35101
1403715580962142976 -2.73650 -1.84562 0.15114 -0.44518 0.65458 0.51452 0.32955
1403715581062142976 -2.80640 -1.84180 0.15008 -0.43633 0.66230 0.51706 0.32191
1403715581162142976 -2.84799 -1.82904 0.15329 -0.42146 0.66364 0.52599 0.32447
1403715581262142976 -2.86702 -1.80623 0.16179 -0.41212 0.65597 0.53285 0.34050
1403715581362142976 -2.87096 -1.77270 0.17008 -0.41629 0.64623 0.53587 0.34920
1403715581462142976 -2.85969 -1.73273 0.17721 -0.41924 0.63010 0.54847 0.35551
1403715581562142976 -2.83798 -1.68708 0.18117 -0.41700 0.60131 0.57220 0.37031
1403715581662142976 -2.81213 -1.63630 0.17366 -0.41634 0.56934 0.59864 0.37966
1403715581762142976 -2.78751 -1.58242 0.15652 -0.41628 0.53558 0.62725 0.38265
1403715581862142976 -2.76910 -1.52824 0.14343 -0.41872 0.50043 0.65499 0.38109
1403715581962142976 -2.76136 -1.47604 0.13964 -0.43365 0.47659 0.67274 0.36364
1403715582062142976 -2.76265 -1.42670 0.14966 -0.46232 0.45373 0.67778 0.34784
1403715582162142976 -2.76877 -1.38169 0.16477 -0.48909 0.43001 0.67868 0.33952
1403715582262142976 -2.77538 -1.34499 0.17201 0.50385 -0.41440 -0.68151 -0.33159
1403715582362142976 -2.78047 -1.31627 0.16388 -0.49848 0.40994 0.69316 0.32093
1403715582462142976 -2.78694 -1.29169 0.15234 -0.48690 0.41064 0.70501 0.31188
1403715582562142976 -2.79585 -1.27216 0.14626 -0.47471 0.41485 0.71416 0.30416
1403715582662142976 -2.81120 -1.25110 0.15236 -0.46547 0.42006 0.71884 0.30026
1403715582762142976 -2.83368 -1.22876 0.16481 -0.45820 0.42695 0.72005 0.29882
1403715582862142976 -2.86215 -1.20477 0.16804 -0.44816 0.43596 0.72190 0.29656
1403715582962142976 -2.89665 -1.17617 0.15735 -0.43521 0.44521 0.72537 0.29363
1403715583062142976 -2.93851 -1.13938 0.13455 -0.42592 0.45291 0.72686 0.29178
1403715583162142976 -2.99005 -1.09057 0.10867 -0.43458 0.45441 0.71804 0.29845
1403715583262142976 -3.04911 -1.03303 0.08600 -0.46086 0.45075 0.69857 0.31054
1403715583362142976 -3.11021 -0.97387 0.06324 -0.49058 0.44607 0.67669 0.32008
1403715583462142976 -3.16974 -0.91765 0.03922 0.51696 -0.44051 -0.65709 -0.32702
1403715583562142976 -3.22356 -0.86860 0.01447 0.53895 -0.43163 -0.64085 -0.33547
1403715583662142976 -3.26703 -0.83437 -0.00716 0.56786 -0.41443 -0.61774 -0.35239
1403715583762142976 -3.29757 -0.82219 -0.02877 0.59336 -0.39487 -0.59572 -0.37031
1403715583862142976 -3.31185 -0.84210 -0.04620 0.61075 -0.38097 -0.58042 -0.38075
1403715583962142976 -3.30548 -0.90270 -0.04771 0.61604 -0.38218 -0.57765 -0.37517
1403715584062142976 -3.27563 -1.00244 -0.03132 0.61215 -0.39529 -0.58486 -0.35633
1403715584162142976 -3.22401 -1.13414 -0.00155 0.59432 -0.41675 -0.60358 -0.32983
1403715584262142976 -3.14908 -1.28881 0.04281 0.56327 -0.44110 -0.63134 -0.29928
1403715584362142976 -3.05758 -1.45027 0.08401 0.53027 -0.45948 -0.65806 -0.27322
1403715584462142976 -2.95635 -1.60948 0.10705 0.50394 -0.46813 -0.67752 -0.26052
1403715584562142976 -2.84824 -1.76158 0.11792 -0.48859 0.47138 0.68848 0.25509
1403715584662142976 -2.73637 -1.90112 0.12890 -0.47566 0.46932 0.69767 0.25834
1403715584762142976 -2.62403 -2.02753 0.14219 -0.45782 0.46133 0.71022 0.27049
1403715584862142976 -2.51302 -2.13892 0.15896 -0.44655 0.45588 0.71730 0.27973
1403715584962142976 -2.40792 -2.23955 0.17631 -0.42996 0.45098 0.72757 0.28705
1403715585062142976 -2.31641 -2.32963 0.19149 -0.41090 0.45432 0.73760 0.28406
1403715585162142976 -2.24070 -2.40560 0.20618 -0.39686 0.46232 0.74347 0.27570
1403715585262142976 -2.18052 -2.46194 0.22334 -0.39573 0.46459 0.74351 0.27340
1403715585362142976 -2.13751 -2.49738 0.24456 -0.40871 0.45821 0.73739 0.28151
1403715585462142976 -2.10768 -2.51682 0.26671 -0.42163 0.45019 0.73164 0.29027
1403715585562142976 -2.08454 -2.53062 0.28837 -0.43503 0.43994 0.72573 0.30086
1403715585662142976 -2.07432 -2.53586 0.30497 -0.44408 0.43262 0.72192 0.30735
1403715585762142976 -2.07344 -2.53631 0.31323 -0.44588 0.43060 0.72183 0.30780
1403715585862142976 -2.08194 -2.53320 0.30143 -0.44999 0.43516 0.71970 0.30030
1403715585962142976 -2.09800 -2.52633 0.27174 -0.45912 0.44807 0.71299 0.28301
1403715586062142976 -2.11822 -2.51107 0.24160 -0.47487 0.46341 0.70021 0.26353
1403715586162142976 -2.13382 -2.48595 0.22678 -0.49794 0.46249 0.68295 0.26782
1403715586262142976 -2.14046 -2.45719 0.22476 0.50750 -0.44902 -0.67631 -0.28883
1403715586362142976 -2.14202 -2.43021 0.22788 0.50579 -0.43055 -0.67760 -0.31570
1403715586462142976 -2.14152 -2.40871 0.22862 0.50628 -0.41498 -0.67679 -0.33679
1403715586562142976 -2.14181 -2.39670 0.22859 0.50895 -0.40748 -0.67468 -0.34603
1403715586662142976 -2.14703 -2.39576 0.23250 0.50884 -0.40728 -0.67442 -0.34693
1403715586762142976 -2.15032 -2.40596 0.23009 0.50491 -0.41690 -0.67717 -0.33570
1403715586862142976 -2.15167 -2.42382 0.23057 -0.49460 0.43298 0.68417 0.31593
1403715586962142976 -2.15430 -2.44559 0.23065 -0.48325 0.44456 0.69062 0.30313
1403715587062142976 -2.15581 -2.46813 0.23237 -0.47900 0.44997 0.69201 0.29869
1403715587162142976 -2.15814 -2.48517 0.24096 -0.48173 0.44686 0.68954 0.30460
1403715587262142976 -2.16189 -2.50228 0.25573 -0.48899 0.43733 0.68559 0.31558
1403715587362142976 -2.16720 -2.52326 0.27072 -0.49673 0.43285 0.68271 0.31592
1403715587462142976 -2.17206 -2.54717 0.28649 0.50657 -0.43641 -0.67792 -0.30554
1403715587562142976 -2.17149 -2.57436 0.30116 0.51129 -0.44799 -0.67219 -0.29335
