1403715529012142848 -0.00215 0.03210 0.08661 0.03036 0.80260 -0.03052 0.59497
1403715529112143104 0.03931 0.04446 0.12309 0.03405 0.81528 -0.03551 0.57698
1403715529212142848 0.05149 0.06237 0.16029 0.02715 0.81975 -0.02644 0.57147
1403715529312143104 0.06271 0.07921 0.19789 0.01779 0.82510 -0.01187 0.56458
1403715529412143104 0.07626 0.09717 0.23011 0.00909 0.82894 0.00597 0.55923
1403715529512142848 0.09278 0.11514 0.25457 0.00181 0.82916 0.02055 0.55863
1403715529612143104 0.11198 0.13315 0.27115 -0.00338 0.82898 0.03066 0.55843
1403715529712142848 0.13392 0.15268 0.28352 -0.00551 0.82772 0.03905 0.55976
1403715529812143104 0.15771 0.17406 0.29707 -0.00791 0.82764 0.04439 0.55945
1403715529912143104 0.18229 0.19740 0.31611 -0.01089 0.82704 0.04624 0.56013
1403715530012142848 0.20786 0.22175 0.33955 -0.01143 0.82421 0.04780 0.56414
1403715530112143104 0.23272 0.24798 0.36706 -0.00562 0.81863 0.05245 0.57190
1403715530212142848 0.25477 0.27799 0.39872 0.00175 0.81937 0.05619 0.57050
1403715530312143104 0.27386 0.31394 0.44085 0.00863 0.82353 0.05862 0.56417
1403715530412143104 0.29185 0.35518 0.49478 0.00472 0.82655 0.05396 0.56026
1403715530512142848 0.30761 0.40406 0.55722 -0.00314 0.82796 0.05357 0.55821
1403715530612143104 0.32245 0.45505 0.61314 -0.01043 0.82852 0.05753 0.55689
1403715530712142848 0.33588 0.50686 0.65622 -0.01747 0.82787 0.06134 0.55728
1403715530812143104 0.34837 0.56050 0.69175 -0.02720 0.82779 0.06992 0.55601
1403715530912143104 0.36095 0.61551 0.72643 -0.03849 0.82721 0.08150 0.55462
1403715531012142848 0.37468 0.67047 0.75905 -0.04488 0.83008 0.09207 0.54815
1403715531112143104 0.38952 0.72625 0.78683 -0.04959 0.84081 0.09910 0.52987
1403715531212142848 0.40889 0.78301 0.81116 -0.05914 0.85004 0.09902 0.51394
1403715531312143104 0.43775 0.83984 0.83745 -0.07596 0.84548 0.09183 0.52055
1403715531412143104 0.47396 0.89233 0.86413 -0.08520 0.83616 0.08858 0.53454
1403715531512142848 0.51392 0.93770 0.88021 -0.08624 0.82957 0.08997 0.54432
1403715531612143104 0.55479 0.97939 0.88363 -0.08806 0.82752 0.08970 0.54718
1403715531712142848 0.59683 1.02122 0.88067 -0.08657 0.82759 0.09031 0.54722
1403715531812143104 0.64188 1.05821 0.87953 -0.07554 0.82355 0.09664 0.55383
1403715531912143104 0.68697 1.08824 0.87826 -0.06783 0.81628 0.10038 0.56480
1403715532012142848 0.72661 1.12860 0.88590 -0.06239 0.81147 0.10133 0.57215
1403715532112143104 0.76221 1.15823 0.88571 -0.05727 0.80905 0.10340 0.57574
1403715532212142848 0.79261 1.18492 0.88282 -0.05639 0.80771 0.10353 0.57768
1403715532312143104 0.81625 1.20957 0.87837 -0.06189 0.80724 0.10509 0.57749
1403715532412143104 0.83281 1.23518 0.87388 -0.07195 0.81007 0.10319 0.57268
1403715532512142848 0.84434 1.25563 0.86828 -0.08118 0.81213 0.10157 0.56881
1403715532612143104 0.85324 1.26894 0.86203 -0.09565 0.81224 0.09510 0.56752
1403715532712142848 0.85978 1.27381 0.85529 -0.11054 0.80963 0.08725 0.56980
1403715532812143104 0.86151 1.26794 0.84784 -0.12006 0.80726 0.08281 0.57189
1403715532912143104 0.86231 1.25005 0.83798 -0.12122 0.80727 0.07612 0.57257
1403715533012142848 0.86403 1.21941 0.81739 -0.11689 0.80967 0.06203 0.57177
1403715533112143104 0.86322 1.17303 0.78541 -0.10584 0.81269 0.04351 0.57135
1403715533212142848 0.85850 1.11230 0.75565 -0.08479 0.80839 0.02610 0.58192
1403715533312143104 0.84854 1.03853 0.73757 -0.06240 0.80317 0.01037 0.59238
1403715533412143104 0.83316 0.95467 0.73458 -0.04411 0.80460 -0.00035 0.59218
1403715533512142848 0.81135 0.86447 0.74465 -0.03547 0.81034 -0.01253 0.58475
1403715533612143104 0.78396 0.76800 0.76895 -0.03978 0.81546 -0.02884 0.57673
1403715533712142848 0.75303 0.66004 0.81151 -0.04773 0.82035 -0.04218 0.56830
1403715533812143104 0.72313 0.53964 0.86438 -0.04826 0.82335 -0.04748 0.56348
1403715533912143104 0.69490 0.40591 0.91758 -0.03700 0.82590 -0.04177 0.56105
1403715534012142848 0.66534 0.26373 0.96055 -0.02518 0.82696 -0.03357 0.56070
1403715534112143104 0.63496 0.11661 0.98930 -0.01271 0.82713 -0.02440 0.56133
1403715534212142848 0.60444 -0.03310 1.00400 0.00008 0.82771 -0.01355 0.56099
1403715534312143104 0.58001 -0.18789 1.00562 0.00723 0.82798 -0.00416 0.56070
1403715534412143104 0.55859 -0.34225 0.99606 0.01153 0.82827 -0.00052 0.56021
1403715534512142848 0.53998 -0.49755 0.97558 0.01666 0.82838 -0.00379 0.55990
1403715534612143104 0.52497 -0.65137 0.95067 0.02285 0.82834 -0.01426 0.55958
1403715534712142848 0.51082 -0.80270 0.92475 0.03282 0.82908 -0.02941 0.55739
1403715534812143104 0.49753 -0.95006 0.89606 0.04724 0.83288 -0.04938 0.54922
1403715534912143104 0.48841 -1.09310 0.86587 0.06456 0.83644 -0.07256 0.53938
1403715535012142848 0.48405 -1.23393 0.83756 0.08214 0.83723 -0.09410 0.53240
1403715535112143104 0.48872 -1.36781 0.80816 0.09466 0.83907 -0.11203 0.52387
1403715535212142848 0.50415 -1.49542 0.77763 0.10041 0.84293 -0.12670 0.51316
1403715535312143104 0.53264 -1.61780 0.74887 0.10262 0.84577 -0.13753 0.50519
1403715535412143104 0.57552 -1.73912 0.72207 0.09557 0.84476 -0.15052 0.50456
1403715535512142848 0.63011 -1.86387 0.69639 0.08453 0.83628 -0.16225 0.51688
1403715535612143104 0.69309 -1.99405 0.67318 0.08232 0.82537 -0.16219 0.53449
1403715535712142848 0.76112 -2.12571 0.64941 0.08269 0.81997 -0.15297 0.54535
1403715535812143104 0.83207 -2.25693 0.62543 0.08193 0.81954 -0.13489 0.55087
1403715535912143104 0.90167 -2.38437 0.60074 0.08210 0.82392 -0.10980 0.54987
1403715536012142848 0.97263 -2.51008 0.57585 0.07514 0.83123 -0.08847 0.54367
1403715536112143104 1.04721 -2.63258 0.55327 0.06698 0.83877 -0.07291 0.53540
1403715536212142848 1.12766 -2.75044 0.53396 0.06263 0.84458 -0.05866 0.52851
1403715536312143104 1.21702 -2.86382 0.51815 0.06269 0.84744 -0.04440 0.52530
1403715536412143104 1.31622 -2.97177 0.50642 0.06794 0.84490 -0.02816 0.52984
1403715536512142848 1.42464 -3.07179 0.49833 0.07683 0.83971 -0.01278 0.53742
1403715536612143104 1.53758 -3.15593 0.49256 0.08215 0.83340 -0.00291 0.54653
1403715536712142848 1.65509 -3.22694 0.48928 0.08444 0.82447 0.00292 0.55956
1403715536812143104 1.77150 -3.27935 0.48928 0.08197 0.81101 0.00789 0.57921
1403715536912143104 1.88573 -3.31670 0.49059 0.08517 0.79841 0.01781 0.59579
1403715537012142848 1.98894 -3.33515 0.49415 0.09616 0.78551 0.02941 0.61062
1403715537112143104 2.08064 -3.33302 0.50237 0.10355 0.76848 0.03656 0.63037
1403715537212142848 2.15195 -3.30613 0.51522 0.10674 0.74913 0.03951 0.65257
1403715537312143104 2.20130 -3.25597 0.53117 0.09398 0.73676 0.03104 0.66887
1403715537412143104 2.22167 -3.18471 0.54737 0.06543 0.74533 0.01036 0.66340
1403715537512142848 2.21849 -3.10208 0.56252 0.03784 0.77005 -0.01187 0.63675
1403715537612143104 2.19653 -3.01404 0.57887 0.01949 0.79558 -0.02844 0.60487
1403715537712142848 2.16523 -2.92595 0.60091 0.01058 0.80509 -0.03930 0.59176
1403715537812143104 2.12710 -2.84057 0.62819 0.00816 0.79680 -0.04476 0.60252
1403715537912143104 2.07918 -2.75964 0.65475 0.00949 0.78893 -0.04640 0.61266
1403715538012142848 2.02266 -2.68171 0.67591 0.00878 0.79314 -0.04769 0.60710
1403715538112143104 1.95670 -2.60679 0.69560 0.00546 0.79966 -0.05422 0.59798
1403715538212142848 1.88526 -2.54028 0.71091 0.00580 0.80541 -0.06570 0.58904
1403715538312143104 1.80806 -2.47919 0.71547 0.01321 0.80634 -0.07860 0.58605
1403715538412143104 1.72651 -2.42581 0.71111 0.02770 0.79970 -0.09076 0.59286
1403715538512142848 1.63911 -2.37787 0.70511 0.05339 0.78730 -0.09879 0.60626
1403715538612143104 1.54450 -2.33303 0.69961 0.07848 0.77799 -0.11047 0.61349
1403715538712142848 1.44049 -2.28796 0.69283 0.09813 0.77524 -0.13005 0.61030
1403715538812143104 1.32561 -2.24146 0.68307 0.11616 0.78063 -0.15630 0.59388
1403715538912143104 1.20207 -2.19338 0.67164 0.13711 0.78387 -0.18623 0.57625
1403715539012142848 1.07504 -2.14538 0.65171 0.16120 0.78016 -0.21896 0.56340
1403715539112143104 0.94668 -2.09537 0.61914 0.18576 0.77188 -0.25469 0.55211
1403715539212142848 0.81657 -2.04346 0.57495 0.20931 0.75982 -0.29139 0.54218
1403715539312143104 0.68530 -1.98755 0.51950 0.23081 0.75032 -0.32591 0.52681
1403715539412143104 0.55638 -1.93067 0.45469 0.24908 0.74189 -0.35639 0.51043
1403715539512142848 0.43150 -1.87479 0.39823 0.26335 0.73216 -0.37924 0.50076
1403715539612143104 0.31632 -1.82224 0.35867 0.26341 0.72256 -0.40158 0.49725
1403715539712142848 0.20733 -1.77583 0.33769 0.26400 0.71240 -0.41514 0.50044
1403715539812143104 0.10131 -1.73284 0.33367 0.26765 0.70699 -0.41944 0.50260
1403715539912143104 -0.00147 -1.69614 0.34415 0.26498 0.71209 -0.41950 0.49673
1403715540012142848 -0.09146 -1.67383 0.37280 0.25194 0.72108 -0.42202 0.48834
1403715540112143104 -0.17882 -1.65934 0.40464 0.23225 0.73076 -0.42869 0.47778
1403715540212142848 -0.25976 -1.66072 0.44185 0.21598 0.73550 -0.43320 0.47406
1403715540312143104 -0.33747 -1.68013 0.48157 0.21575 0.73647 -0.42843 0.47697
1403715540412143104 -0.41460 -1.71162 0.51989 0.22509 0.74183 -0.41737 0.47416
1403715540512142848 -0.49346 -1.74881 0.55340 0.23374 0.75042 -0.40848 0.46410
1403715540612143104 -0.57031 -1.79420 0.58126 0.23629 0.75817 -0.40748 0.45089
1403715540712142848 -0.63944 -1.85087 0.60537 0.22764 0.75845 -0.41683 0.44630
1403715540812143104 -0.69895 -1.92137 0.62717 0.22119 0.75211 -0.42618 0.45142
1403715540912143104 -0.75134 -2.00609 0.64767 0.22382 0.74415 -0.42838 0.46112
1403715541012142848 -0.79912 -2.10347 0.66675 0.23287 0.73877 -0.42434 0.46896
1403715541112143104 -0.84452 -2.21061 0.68356 0.24012 0.73754 -0.41949 0.47160
1403715541212142848 -0.88609 -2.32579 0.69755 0.23503 0.73132 -0.42259 0.48098
1403715541312143104 -0.92634 -2.44972 0.71190 0.23216 0.71888 -0.42631 0.49757
1403715541412143104 -0.96910 -2.57834 0.72359 0.24401 0.71555 -0.42169 0.50062
1403715541512142848 -1.01326 -2.71076 0.72955 0.24993 0.72387 -0.41968 0.48724
1403715541612143104 -1.05488 -2.84773 0.73442 0.25015 0.73328 -0.42049 0.47214
1403715541712142848 -1.09151 -2.98944 0.74158 0.25774 0.74094 -0.41501 0.46081
1403715541812143104 -1.11922 -3.13581 0.75120 0.27975 0.74511 -0.39826 0.45600
1403715541912143104 -1.13514 -3.28253 0.76149 0.30227 0.74596 -0.37918 0.45651
1403715542012142848 -1.13642 -3.42530 0.76869 0.31514 0.74999 -0.36104 0.45591
1403715542112143104 -1.12055 -3.56096 0.77568 0.32046 0.75099 -0.34067 0.46612
1403715542212142848 -1.08879 -3.68560 0.78391 0.31861 0.74855 -0.31970 0.48576
1403715542312143104 -1.04228 -3.79944 0.79400 0.30426 0.74500 -0.30301 0.51047
1403715542412143104 -0.98789 -3.89575 0.80559 0.27982 0.74087 -0.28870 0.53802
1403715542512142848 -0.93021 -3.98268 0.81839 0.25111 0.73382 -0.27711 0.56715
1403715542612143104 -0.87668 -4.05539 0.82856 0.23001 0.73630 -0.26726 0.57752
1403715542712142848 -0.83074 -4.11494 0.83381 0.21346 0.74444 -0.26092 0.57634
1403715542812143104 -0.79056 -4.16477 0.83531 0.20425 0.75298 -0.25503 0.57120
1403715542912143104 -0.75669 -4.20361 0.83236 0.19413 0.75995 -0.25410 0.56588
1403715543012142848 -0.72780 -4.23550 0.82363 0.18195 0.76107 -0.25774 0.56678
1403715543112143104 -0.70450 -4.26254 0.80906 0.17449 0.75902 -0.26113 0.57032
1403715543212142848 -0.68564 -4.28965 0.79128 0.17346 0.75560 -0.26295 0.57432
1403715543312143104 -0.67248 -4.31452 0.77460 0.17202 0.75091 -0.26641 0.57928
1403715543412143104 -0.67101 -4.33403 0.75762 0.17523 0.74945 -0.26689 0.57999
1403715543512142848 -0.66715 -4.36031 0.74227 0.18356 0.75049 -0.26377 0.57749
1403715543612143104 -0.67478 -4.37845 0.72628 0.19193 0.74670 -0.25993 0.58141
1403715543712142848 -0.69162 -4.38898 0.71009 0.20627 0.74120 -0.25315 0.58650
1403715543812143104 -0.71857 -4.38982 0.69195 0.23002 0.73677 -0.24898 0.58504
1403715543912143104 -0.75302 -4.37766 0.67036 0.25444 0.73386 -0.25367 0.57651
1403715544012142848 -0.79169 -4.35018 0.64557 0.27712 0.73257 -0.26798 0.56100
1403715544112143104 -0.83246 -4.30627 0.61489 0.29211 0.72788 -0.29631 0.54504
1403715544212142848 -0.87321 -4.24872 0.57130 0.29952 0.71716 -0.33865 0.53036
1403715544312143104 -0.91363 -4.18146 0.51372 0.31069 0.70062 -0.38447 0.51457
1403715544412143104 -0.95321 -4.10620 0.44266 0.32122 0.67966 -0.43081 0.49928
1403715544512142848 -0.99116 -4.02435 0.36588 0.33614 0.65706 -0.46899 0.48511
1403715544612143104 -1.02686 -3.93779 0.29750 0.35011 0.63762 -0.49703 0.47310
1403715544712142848 -1.05937 -3.84810 0.24996 0.36429 0.62363 -0.51097 0.46614
1403715544812143104 -1.09071 -3.75368 0.22958 0.37767 0.61305 -0.51394 0.46625
1403715544912143104 -1.12047 -3.65245 0.23590 0.38367 0.60958 -0.51442 0.46538
1403715545012142848 -1.14920 -3.54531 0.25631 0.38156 0.61309 -0.51842 0.45800
1403715545112143104 -1.17693 -3.43535 0.27826 0.38124 0.61397 -0.52491 0.44963
1403715545212142848 -1.20472 -3.32222 0.29331 0.38425 0.61059 -0.53455 0.44021
1403715545312143104 -1.23278 -3.20874 0.29793 0.38830 0.60412 -0.54709 0.43007
1403715545412143104 -1.25936 -3.09136 0.29138 0.38793 0.59230 -0.56127 0.42856
1403715545512142848 -1.28469 -2.97453 0.28622 0.38042 0.57847 -0.57646 0.43398
1403715545612143104 -1.31466 -2.85895 0.28874 -0.37302 -0.56669 0.58836 -0.43994
1403715545712142848 -1.35152 -2.74534 0.29547 -0.36829 -0.56144 0.59319 -0.44416
1403715545812143104 -1.39586 -2.63494 0.30138 -0.36716 -0.56589 0.59010 -0.44355
1403715545912143104 -1.44645 -2.52725 0.30815 -0.36803 -0.57793 0.57810 -0.44312
1403715546012142848 -1.50216 -2.41861 0.31545 0.36817 0.59755 -0.55721 0.44374
1403715546112143104 -1.55853 -2.31078 0.32423 0.36188 0.62013 -0.53112 0.44988
1403715546212142848 -1.61221 -2.20541 0.33394 0.34614 0.64348 -0.50217 0.46255
1403715546312143104 -1.66442 -2.10052 0.34428 0.32365 0.66714 -0.47144 0.47740
1403715546412143104 -1.71513 -1.99492 0.35603 0.29868 0.69035 -0.43866 0.49172
1403715546512142848 -1.76497 -1.89017 0.36986 0.27205 0.71262 -0.40435 0.50463
1403715546612143104 -1.81501 -1.78485 0.38386 0.24632 0.73429 -0.36701 0.51522
1403715546712142848 -1.86407 -1.68056 0.39537 0.21932 0.75920 -0.32822 0.51749
1403715546812143104 -1.91053 -1.57840 0.40256 0.18681 0.78686 -0.29239 0.51036
1403715546912143104 -1.95162 -1.48151 0.41056 0.15332 0.80618 -0.25861 0.50959
1403715547012142848 -1.98580 -1.39380 0.42140 0.13465 0.82185 -0.21440 0.51036
1403715547112143104 -2.00991 -1.31304 0.43373 0.11503 0.83336 -0.17162 0.51266
1403715547212142848 -2.02179 -1.23883 0.45039 0.09447 0.84097 -0.12969 0.51674
1403715547312143104 -2.02011 -1.16987 0.46887 0.07610 0.84653 -0.08888 0.51931
1403715547412143104 -2.01036 -1.09594 0.48026 0.05554 0.85172 -0.05491 0.51814
1403715547512142848 -1.98920 -1.02069 0.48926 0.03326 0.85792 -0.02531 0.51209
1403715547612143104 -1.95047 -0.94839 0.49530 0.01213 0.86142 0.00797 0.50768
1403715547712142848 -1.90221 -0.86589 0.50164 -0.00707 0.86238 0.04363 0.50433
1403715547812143104 -1.84163 -0.77619 0.50868 -0.02682 0.86084 0.07802 0.50214
1403715547912143104 -1.76642 -0.68237 0.51556 -0.04767 0.85540 0.10951 0.50401
1403715548012142848 -1.67831 -0.58377 0.52269 -0.07017 0.84428 0.13193 0.51464
1403715548112143104 -1.58056 -0.48207 0.53018 -0.08425 0.82890 0.14794 0.53286
1403715548212142848 -1.47821 -0.37966 0.53551 -0.09071 0.81639 0.15841 0.54790
1403715548312143104 -1.37429 -0.27407 0.53861 -0.09193 0.80777 0.16431 0.55863
1403715548412143104 -1.27114 -0.16518 0.52996 -0.09010 0.80526 0.16594 0.56205
1403715548512142848 -1.17011 -0.05267 0.51130 -0.08989 0.80624 0.16301 0.56154
1403715548612143104 -1.07022 0.06299 0.48974 -0.09340 0.80851 0.15538 0.55987
1403715548712142848 -0.97244 0.17932 0.46806 -0.09504 0.81000 0.14797 0.55944
1403715548812143104 -0.87713 0.29528 0.44818 -0.09529 0.81106 0.14190 0.55943
1403715548912143104 -0.78516 0.40858 0.43030 -0.09481 0.81090 0.13660 0.56106
1403715549012142848 -0.69375 0.52351 0.41263 -0.09710 0.80945 0.13715 0.56263
1403715549112143104 -0.60227 0.64162 0.39601 -0.10436 0.80410 0.14319 0.56748
1403715549212142848 -0.51658 0.75739 0.38323 -0.11188 0.79332 0.15038 0.57923
1403715549312143104 -0.43483 0.87231 0.37114 -0.11885 0.78308 0.15574 0.59026
1403715549412143104 -0.36086 0.98390 0.35747 -0.13460 0.77972 0.15326 0.59198
1403715549512142848 -0.29303 1.08982 0.34193 -0.14952 0.78354 0.14943 0.58428
1403715549612143104 -0.22839 1.18843 0.32500 -0.15986 0.79279 0.14514 0.56997
1403715549712142848 -0.16355 1.27717 0.30883 -0.16492 0.80166 0.13306 0.55896
1403715549812143104 -0.09457 1.35463 0.29586 -0.16314 0.80450 0.11407 0.55959
1403715549912143104 -0.02638 1.41373 0.28600 -0.15838 0.80685 0.08810 0.56228
1403715550012142848 0.04408 1.45710 0.27864 -0.15359 0.81081 0.05307 0.56230
1403715550112143104 0.11323 1.47754 0.27253 -0.13532 0.81723 0.02031 0.55983
1403715550212142848 0.18044 1.47201 0.27771 -0.10372 0.82218 -0.00535 0.55968
1403715550312143104 0.25340 1.45455 0.29534 -0.07195 0.82617 -0.02993 0.55800
1403715550412143104 0.32788 1.42255 0.32786 -0.04003 0.82549 -0.05418 0.56038
1403715550512142848 0.40525 1.37947 0.36393 -0.00625 0.82240 -0.07898 0.56337
1403715550612143104 0.48122 1.32768 0.39398 0.02046 0.81877 -0.10907 0.56330
1403715550712142848 0.55664 1.26961 0.41029 0.03885 0.81269 -0.14515 0.56299
1403715550812143104 0.63081 1.20595 0.41352 0.05011 0.80446 -0.18529 0.56213
1403715550912143104 0.70159 1.13373 0.40434 0.06073 0.79513 -0.22481 0.55994
1403715551012142848 0.76630 1.04942 0.39020 0.07672 0.78506 -0.25995 0.55698
1403715551112143104 0.82565 0.95043 0.38583 0.10424 0.77526 -0.28664 0.55312
1403715551212142848 0.87595 0.83797 0.39501 0.12843 0.76360 -0.31479 0.54894
1403715551312143104 0.91816 0.71460 0.41486 0.14580 0.74774 -0.34782 0.54649
1403715551412143104 0.94909 0.58125 0.43675 0.16195 0.73078 -0.38170 0.54225
1403715551512142848 0.96782 0.43922 0.45942 0.18350 0.71239 -0.41179 0.53783
1403715551612143104 0.97428 0.28738 0.48247 0.21501 0.69472 -0.43466 0.53123
1403715551712142848 0.96715 0.13035 0.50667 0.25388 0.67444 -0.45125 0.52636
1403715551812143104 0.94716 -0.02530 0.52980 0.28749 0.65079 -0.46965 0.52273
1403715551912143104 0.91743 -0.17838 0.55195 0.31671 0.62160 -0.48889 0.52373
1403715552012142848 0.87675 -0.32365 0.57279 0.34879 0.59789 -0.50494 0.51567
1403715552112143104 0.82558 -0.45590 0.58695 0.37697 0.58317 -0.52206 0.49523
1403715552212142848 0.76978 -0.57750 0.60020 0.40104 0.56629 -0.54009 0.47622
1403715552312143104 0.70918 -0.68372 0.61528 -0.43065 -0.54286 0.55364 -0.46187
1403715552412143104 0.64722 -0.77572 0.62696 -0.45580 -0.51851 0.57128 -0.44388
1403715552512142848 0.58402 -0.84681 0.63799 -0.47733 -0.49050 0.59202 -0.42553
1403715552612143104 0.52226 -0.89541 0.64785 -0.49589 -0.45594 0.61451 -0.41059
1403715552712142848 0.46234 -0.92969 0.65448 0.50952 0.41794 -0.64003 0.39507
1403715552812143104 0.40378 -0.94075 0.65781 0.51992 0.37959 -0.66748 0.37425
1403715552912143104 0.34646 -0.92998 0.65748 0.52607 0.34012 -0.69572 0.35149
1403715553012142848 0.28605 -0.90097 0.65427 0.52494 0.29836 -0.72462 0.33220
1403715553112143104 0.22091 -0.85676 0.64831 0.52630 0.25707 -0.74791 0.31234
1403715553212142848 0.14938 -0.79607 0.64268 0.53868 0.22058 -0.76086 0.28682
1403715553312143104 0.07423 -0.71535 0.63625 0.55597 0.18250 -0.76652 0.26466
1403715553412143104 -0.00620 -0.61564 0.62977 0.58309 0.14916 -0.76315 0.23529
1403715553512142848 -0.07864 -0.49472 0.62050 0.61388 0.12145 -0.75473 0.19691
1403715553612143104 -0.13977 -0.35892 0.60615 0.63338 0.09767 -0.75085 0.15976
1403715553712142848 -0.18327 -0.21066 0.58767 0.63878 0.08265 -0.75406 0.12856
1403715553812143104 -0.20974 -0.05568 0.56407 0.62100 0.07941 -0.77337 0.09981
1403715553912143104 -0.22357 0.10153 0.54218 0.59909 0.08245 -0.79276 0.07627
1403715554012142848 -0.22850 0.25688 0.52261 0.57346 0.08438 -0.81234 0.06419
1403715554112143104 -0.23267 0.40926 0.50273 0.54194 0.08488 -0.83388 0.06113
1403715554212142848 -0.24094 0.55757 0.48536 0.51379 0.08757 -0.85143 0.05847
1403715554312143104 -0.26561 0.70018 0.47092 -0.49693 -0.09532 0.86098 -0.05194
1403715554412143104 -0.30407 0.83288 0.45435 -0.49858 -0.12046 0.85793 -0.02935
1403715554512142848 -0.35752 0.94896 0.43127 0.52943 0.17340 -0.83032 -0.01426
1403715554612143104 -0.41110 1.03996 0.39596 0.56183 0.22648 -0.79325 -0.06172
1403715554712142848 -0.45832 1.09403 0.34960 0.58310 0.26116 -0.76337 -0.09519
1403715554812143104 -0.48722 1.10111 0.29912 0.59976 0.27959 -0.74093 -0.11466
1403715554912143104 -0.49039 1.05419 0.26266 0.61518 0.27764 -0.72967 -0.10979
1403715555012142848 -0.45495 0.93473 0.25380 0.62806 0.25250 -0.73164 -0.08059
1403715555112143104 -0.38896 0.77106 0.26560 0.61750 0.19828 -0.76101 -0.01556
1403715555212142848 -0.30423 0.58320 0.28726 0.58843 0.13846 -0.79445 0.05858
1403715555312143104 -0.21431 0.38914 0.29969 0.54888 0.07715 -0.82087 0.13768
1403715555412143104 -0.13257 0.20726 0.30399 0.53237 0.04844 -0.82715 0.17339
1403715555512142848 -0.06494 0.05157 0.32117 0.54309 0.04974 -0.82089 0.16946
1403715555612143104 -0.00751 -0.07845 0.35318 0.55718 0.06377 -0.81381 0.15229
1403715555712142848 0.04537 -0.18775 0.39588 0.56047 0.07865 -0.81286 0.13765
1403715555812143104 0.09680 -0.28116 0.44650 0.55058 0.08013 -0.81816 0.14511
1403715555912143104 0.14196 -0.35863 0.50770 0.54118 0.07720 -0.82247 0.15720
1403715556012142848 0.18156 -0.41886 0.57205 0.53146 0.07391 -0.82695 0.16802
1403715556112143104 0.20974 -0.46025 0.62801 0.51988 0.06444 -0.83149 0.18493
1403715556212142848 0.22306 -0.47846 0.67621 0.52626 0.06215 -0.82645 0.19019
1403715556312143104 0.22001 -0.46903 0.72144 0.53742 0.06692 -0.81938 0.18795
1403715556412143104 0.20684 -0.44413 0.76349 0.54365 0.07541 -0.81560 0.18317
1403715556512142848 0.18836 -0.40392 0.79659 0.54834 0.09585 -0.81469 0.16252
1403715556612143104 0.16534 -0.35351 0.81732 0.55068 0.11923 -0.81467 0.13730
1403715556712142848 0.13972 -0.29593 0.82326 0.54369 0.13477 -0.81938 0.12187
1403715556812143104 0.10837 -0.23701 0.81680 0.54171 0.14883 -0.82017 0.10823
1403715556912143104 0.07162 -0.17989 0.80564 0.54598 0.16029 -0.81660 0.09682
1403715557012142848 0.03209 -0.12730 0.79181 0.54344 0.16520 -0.81787 0.09201
1403715557112143104 -0.01101 -0.08141 0.77630 0.52767 0.16235 -0.82821 0.09633
1403715557212142848 -0.06076 -0.04116 0.76266 0.50948 0.15686 -0.83986 0.10226
1403715557312143104 -0.12296 -0.00570 0.75101 -0.49719 -0.15327 0.84759 -0.10435
1403715557412143104 -0.19996 0.02532 0.74059 -0.49407 -0.15046 0.84984 -0.10499
1403715557512142848 -0.29248 0.05088 0.73145 0.50846 0.15041 -0.84160 0.10269
1403715557612143104 -0.39575 0.07014 0.72080 0.52840 0.15297 -0.82953 0.09633
1403715557712142848 -0.50611 0.08425 0.70840 0.54579 0.15597 -0.81852 0.08844
1403715557812143104 -0.61848 0.09226 0.69521 0.55278 0.15234 -0.81458 0.08769
1403715557912143104 -0.73143 0.09564 0.69115 0.55239 0.14463 -0.81609 0.08916
1403715558012142848 -0.84391 0.09447 0.70061 0.55293 0.13695 -0.81696 0.08995
1403715558112143104 -0.95700 0.08958 0.72170 0.55204 0.13228 -0.81854 0.08805
1403715558212142848 -1.07221 0.08118 0.75109 0.54955 0.13211 -0.82083 0.08240
1403715558312143104 -1.18988 0.06916 0.78101 0.55221 0.13756 -0.81921 0.07091
1403715558412143104 -1.30801 0.05172 0.80978 0.56428 0.14207 -0.81083 0.06291
1403715558512142848 -1.42422 0.02736 0.83264 0.58266 0.13596 -0.79801 0.07213
1403715558612143104 -1.53459 0.00104 0.84439 0.60035 0.12886 -0.78490 0.08309
1403715558712142848 -1.63864 -0.02502 0.84111 0.60684 0.12469 -0.77976 0.09033
1403715558812143104 -1.73324 -0.05173 0.83119 0.60759 0.13183 -0.77765 0.09331
1403715558912143104 -1.81841 -0.07906 0.82209 0.60727 0.14886 -0.77472 0.09417
1403715559012142848 -1.89109 -0.10633 0.81661 0.60800 0.17027 -0.76944 0.09648
1403715559112143104 -1.94862 -0.13533 0.81493 0.60633 0.19085 -0.76452 0.10698
1403715559212142848 -1.99170 -0.16714 0.81672 0.60449 0.21199 -0.75825 0.12126
1403715559312143104 -2.01876 -0.20007 0.81929 0.60257 0.23575 -0.75060 0.13392
1403715559412143104 -2.03076 -0.23348 0.82064 0.59560 0.26091 -0.74576 0.14500
1403715559512142848 -2.03074 -0.26900 0.81568 0.57685 0.28249 -0.75089 0.15362
1403715559612143104 -2.02112 -0.30708 0.79951 0.55589 0.29111 -0.75961 0.17099
1403715559712142848 -2.00413 -0.34597 0.77141 0.54520 0.30172 -0.76125 0.17950
1403715559812143104 -1.98251 -0.38795 0.73871 0.54131 0.31700 -0.75675 0.18389
1403715559912143104 -1.95647 -0.43351 0.70519 0.53736 0.33552 -0.75021 0.18937
1403715560012142848 -1.92832 -0.48640 0.67168 0.53350 0.35842 -0.74122 0.19367
1403715560112143104 -1.89459 -0.54856 0.64121 0.52749 0.37983 -0.73255 0.20211
1403715560212142848 -1.85352 -0.62011 0.62179 0.51689 0.39515 -0.72660 0.22075
1403715560312143104 -1.80762 -0.69969 0.61534 0.50390 0.40680 -0.72191 0.24382
1403715560412143104 -1.75957 -0.78367 0.61686 -0.49329 -0.42027 0.71437 -0.26402
1403715560512142848 -1.71293 -0.87150 0.62089 -0.48416 -0.43681 0.70512 -0.27854
1403715560612143104 -1.66519 -0.96163 0.62260 -0.47571 -0.45349 0.69451 -0.29274
1403715560712142848 -1.61602 -1.05631 0.62595 -0.46757 -0.47175 0.68169 -0.30681
1403715560812143104 -1.56553 -1.15417 0.63026 -0.46118 -0.49248 0.66590 -0.31838
1403715560912143104 -1.51245 -1.25445 0.63412 -0.45516 -0.51661 0.64782 -0.32599
1403715561012142848 -1.45425 -1.35810 0.63779 -0.44610 -0.53919 0.62927 -0.33805
1403715561112143104 -1.39180 -1.46393 0.64048 -0.43226 -0.55918 0.61237 -0.35423
1403715561212142848 -1.32553 -1.57108 0.64153 -0.41576 -0.57527 0.59794 -0.37240
1403715561312143104 -1.25875 -1.67927 0.64215 -0.39538 -0.58038 0.59183 -0.39570
1403715561412143104 -1.19315 -1.78987 0.64203 -0.37678 -0.58416 0.58658 -0.41560
1403715561512142848 -1.13321 -1.90022 0.64410 0.37084 0.59498 -0.57220 0.42551
1403715561612143104 -1.07629 -2.01215 0.64846 0.37252 0.60870 -0.55251 0.43064
1403715561712142848 -1.02213 -2.12135 0.65448 0.37629 0.62150 -0.53033 0.43693
1403715561812143104 -0.96846 -2.22536 0.66070 0.37695 0.63199 -0.50731 0.44849
1403715561912143104 -0.91086 -2.32630 0.66797 0.37264 0.64180 -0.48431 0.46333
1403715562012142848 -0.85131 -2.41929 0.67738 0.37028 0.64792 -0.45907 0.48203
1403715562112143104 -0.79121 -2.50280 0.68796 0.36969 0.65013 -0.43710 0.49961
1403715562212142848 -0.73290 -2.57017 0.69933 0.37294 0.65201 -0.41963 0.50961
1403715562312143104 -0.67398 -2.62242 0.70839 0.37632 0.66097 -0.40899 0.50422
1403715562412143104 -0.61203 -2.65842 0.71463 0.37504 0.67617 -0.40673 0.48654
1403715562512142848 -0.54370 -2.67988 0.71979 0.37158 0.69293 -0.40419 0.46734
1403715562612143104 -0.46375 -2.68983 0.72745 0.37118 0.70404 -0.39148 0.46184
1403715562712142848 -0.37239 -2.68813 0.73300 0.34631 0.70926 -0.39553 0.46965
1403715562812143104 -0.27042 -2.68080 0.73808 0.31842 0.70973 -0.40403 0.48130
1403715562912143104 -0.16233 -2.66975 0.74297 0.29307 0.71175 -0.40637 0.49231
1403715563012142848 -0.05364 -2.65565 0.74795 0.27399 0.71651 -0.39884 0.50246
1403715563112143104 0.05435 -2.64006 0.75375 0.26444 0.72217 -0.37882 0.51482
1403715563212142848 0.16041 -2.62210 0.76024 0.25705 0.72798 -0.34928 0.53101
1403715563312143104 0.26712 -2.59955 0.76627 0.24339 0.73428 -0.31374 0.55060
1403715563412143104 0.36956 -2.56889 0.77071 0.22208 0.74449 -0.27460 0.56657
1403715563512142848 0.46645 -2.53136 0.77067 0.20163 0.75720 -0.23308 0.57591
1403715563612143104 0.55493 -2.48538 0.75926 0.18320 0.76676 -0.19193 0.58453
1403715563712142848 0.63277 -2.43092 0.73579 0.16659 0.77249 -0.15330 0.59330
1403715563812143104 0.69924 -2.36751 0.70291 0.14584 0.77475 -0.11877 0.60364
1403715563912143104 0.75670 -2.29417 0.65902 0.11010 0.77603 -0.09265 0.61406
1403715564012142848 0.80397 -2.21221 0.60646 0.06716 0.77973 -0.06943 0.61862
1403715564112143104 0.84075 -2.12541 0.55219 0.02237 0.78441 -0.04534 0.61818
1403715564212142848 0.86545 -2.03890 0.50073 -0.01693 0.78678 -0.01712 0.61677
1403715564312143104 0.88034 -1.95714 0.45692 -0.04729 0.78836 0.01994 0.61306
1403715564412143104 0.88504 -1.88115 0.42599 -0.07509 0.79175 0.06379 0.60285
1403715564512142848 0.88189 -1.81072 0.40843 -0.10022 0.79817 0.11150 0.58348
1403715564612143104 0.87283 -1.74554 0.40613 -0.12320 0.79775 0.15968 0.56825
1403715564712142848 0.86105 -1.68294 0.41877 -0.14355 0.79031 0.20698 0.55854
1403715564812143104 0.85091 -1.61941 0.44445 -0.16390 0.77816 0.25203 0.55144
1403715564912143104 0.83450 -1.56178 0.48898 -0.18597 0.76202 0.29272 0.54686
1403715565012142848 0.81616 -1.50029 0.54360 -0.20832 0.74234 0.32977 0.54478
1403715565112143104 0.79050 -1.43863 0.60748 -0.23374 0.72454 0.36454 0.53621
1403715565212142848 0.75757 -1.37793 0.66715 -0.26447 0.70903 0.39475 0.52106
1403715565312143104 0.72192 -1.31773 0.71329 -0.29531 0.69134 0.41988 0.50847
1403715565412143104 0.68310 -1.26106 0.74898 -0.32521 0.66864 0.44182 0.50195
1403715565512142848 0.64133 -1.21044 0.77454 -0.35474 0.64535 0.46284 0.49341
1403715565612143104 0.59623 -1.16498 0.79516 -0.37989 0.62080 0.48883 0.48097
1403715565712142848 0.54756 -1.13056 0.81981 -0.40463 0.59510 0.51791 0.46249
1403715565812143104 0.49466 -1.10715 0.84795 -0.42468 0.56719 0.55299 0.43835
1403715565912143104 0.43923 -1.09550 0.87887 -0.44649 0.53536 0.58915 0.40859
1403715566012142848 0.38343 -1.09589 0.90965 -0.47051 0.49667 0.62285 0.37947
1403715566112143104 0.32899 -1.10413 0.94035 -0.49140 0.45694 0.65408 0.34917
1403715566212142848 0.27775 -1.12035 0.97037 0.51040 -0.41527 -0.68151 -0.32029
1403715566312143104 0.22975 -1.14568 0.99839 0.52873 -0.37325 -0.70517 -0.28960
1403715566412143104 0.18758 -1.17857 1.02157 0.54285 -0.33087 -0.72675 -0.26017
1403715566512142848 0.14833 -1.21645 1.03419 0.55783 -0.28931 -0.74251 -0.23195
1403715566612143104 0.11197 -1.26024 1.03629 0.57134 -0.25010 -0.75439 -0.20473
1403715566712142848 0.07900 -1.31262 1.02891 0.58149 -0.20852 -0.76583 -0.17860
1403715566812143104 0.05214 -1.37619 1.01928 0.58905 -0.16534 -0.77728 -0.14671
1403715566912143104 0.03205 -1.44799 1.01239 0.59787 -0.11976 -0.78494 -0.10993
1403715567012142848 0.01811 -1.52469 1.00546 0.60260 -0.07074 -0.79180 -0.07013
1403715567112143104 0.01290 -1.60642 0.99788 0.60193 -0.02162 -0.79796 -0.02172
1403715567212142848 0.01725 -1.69058 0.99075 0.59830 0.03204 -0.80021 0.02600
1403715567312143104 0.02877 -1.77484 0.98174 0.58559 0.09017 -0.80247 0.07070
1403715567412143104 0.04514 -1.85792 0.96881 0.57132 0.15402 -0.79881 0.10850
1403715567512142848 0.06606 -1.94008 0.94498 0.55548 0.21669 -0.78996 0.14303
1403715567612143104 0.09005 -2.02442 0.90817 0.54169 0.27288 -0.77497 0.17755
1403715567712142848 0.11920 -2.11252 0.86253 0.53045 0.32431 -0.75374 0.21286
1403715567812143104 0.15448 -2.20669 0.81572 0.52112 0.37102 -0.72675 0.25021
1403715567912143104 0.19660 -2.29986 0.76967 0.50782 0.41733 -0.69822 0.28362
1403715568012142848 0.24899 -2.39103 0.72741 -0.49413 -0.46244 0.66652 -0.31263
1403715568112143104 0.30600 -2.47791 0.68793 -0.48109 -0.50023 0.63239 -0.34410
1403715568212142848 0.36816 -2.55648 0.64982 -0.46499 -0.53566 0.59756 -0.37387
1403715568312143104 0.43587 -2.62818 0.61220 0.44158 0.56780 -0.56600 0.40281
1403715568412143104 0.51022 -2.69045 0.57833 0.41767 0.59765 -0.53331 0.42889
1403715568512142848 0.58927 -2.74371 0.55008 0.39412 0.62656 -0.49809 0.45166
1403715568612143104 0.66890 -2.78893 0.52716 0.36901 0.65393 -0.46210 0.47188
1403715568712142848 0.75073 -2.82040 0.51067 0.34228 0.67974 -0.42511 0.48998
1403715568812143104 0.83176 -2.83253 0.49981 0.31345 0.70371 -0.38763 0.50625
1403715568912143104 0.91327 -2.84156 0.49031 0.28551 0.72559 -0.35095 0.51849
1403715569012142848 0.99099 -2.83702 0.48171 0.25537 0.74651 -0.31949 0.52482
1403715569112143104 1.06907 -2.82859 0.47148 0.22844 0.76343 -0.28767 0.53125
1403715569212142848 1.14783 -2.81471 0.46018 0.20002 0.77585 -0.25937 0.53924
1403715569312143104 1.22504 -2.79770 0.45185 0.17892 0.77866 -0.23246 0.55466
1403715569412143104 1.30014 -2.77822 0.44614 0.16416 0.77625 -0.20691 0.57243
1403715569512142848 1.37072 -2.75264 0.44217 0.15264 0.77641 -0.18110 0.58403
1403715569612143104 1.43129 -2.72043 0.43983 0.14041 0.78049 -0.15430 0.58933
1403715569712142848 1.48993 -2.68082 0.43591 0.12411 0.78814 -0.12789 0.58913
1403715569812143104 1.53927 -2.63279 0.43360 0.10077 0.79538 -0.10027 0.58921
1403715569912143104 1.58487 -2.57820 0.43283 0.07401 0.79878 -0.06939 0.59301
1403715570012142848 1.62682 -2.51724 0.43297 0.04851 0.79842 -0.03572 0.59908
1403715570112143104 1.66246 -2.45093 0.43198 0.02265 0.79723 -0.00052 0.60325
1403715570212142848 1.69079 -2.38030 0.42971 -0.00461 0.79532 0.03562 0.60513
1403715570312143104 1.70904 -2.30640 0.42629 -0.03327 0.79128 0.07345 0.60611
1403715570412143104 1.71876 -2.22909 0.41996 -0.06289 0.78415 0.11340 0.60687
1403715570512142848 1.71783 -2.14976 0.41183 -0.09567 0.77464 0.15313 0.60608
1403715570612143104 1.70410 -2.07011 0.40169 -0.12546 0.76318 0.19592 0.60286
1403715570712142848 1.67723 -1.99045 0.38799 -0.15688 0.75715 0.23762 0.58791
1403715570812143104 1.64204 -1.91001 0.37377 -0.18699 0.74669 0.28071 0.57331
1403715570912143104 1.59477 -1.83034 0.35961 -0.21721 0.73387 0.32171 0.55746
1403715571012142848 1.53886 -1.75363 0.34425 -0.24296 0.72305 0.35855 0.53815
1403715571112143104 1.47830 -1.67886 0.32855 -0.26693 0.71362 0.38257 0.52262
1403715571212142848 1.41573 -1.60674 0.31475 -0.28889 0.70192 0.39407 0.51822
1403715571312143104 1.35056 -1.54159 0.30493 -0.30200 0.68672 0.40059 0.52607
1403715571412143104 1.28122 -1.48552 0.29561 -0.30757 0.67920 0.40449 0.52959
1403715571512142848 1.20714 -1.43923 0.28585 -0.30409 0.68498 0.41054 0.51942
1403715571612143104 1.13048 -1.39920 0.27038 -0.30898 0.70122 0.40855 0.49589
1403715571712142848 1.05498 -1.36351 0.24264 -0.32481 0.72478 0.39611 0.46076
1403715571812143104 0.99003 -1.33076 0.20394 -0.33627 0.74998 0.38407 0.42065
1403715571912143104 0.94909 -1.30489 0.16515 -0.33902 0.76925 0.37721 0.38862
1403715572012142848 0.93788 -1.27864 0.12888 -0.32996 0.78384 0.37891 0.36488
1403715572112143104 0.95749 -1.24852 0.09824 -0.30704 0.78767 0.39504 0.35951
1403715572212142848 1.00128 -1.20106 0.07208 -0.28161 0.77331 0.42253 0.37969
1403715572312143104 1.06522 -1.13373 0.05174 -0.26817 0.73581 0.45376 0.42517
1403715572412143104 1.13302 -1.05088 0.03164 -0.27337 0.69177 0.47700 0.46818
1403715572512142848 1.19249 -0.95966 0.00895 -0.29043 0.65775 0.49269 0.49018
1403715572612143104 1.24075 -0.86467 -0.01723 -0.31084 0.63540 0.50724 0.49229
1403715572712142848 1.27641 -0.76932 -0.04061 -0.32888 0.61584 0.52593 0.48577
1403715572812143104 1.29617 -0.67463 -0.06058 -0.34402 0.60178 0.54682 0.46958
1403715572912143104 1.30284 -0.58231 -0.06874 -0.36525 0.58918 0.56313 0.44982
1403715573012142848 1.29984 -0.49146 -0.06172 -0.38754 0.57203 0.57782 0.43441
1403715573112143104 1.28758 -0.40301 -0.04418 -0.40948 0.55404 0.59245 0.41757
1403715573212142848 1.26926 -0.32034 -0.01900 -0.42860 0.53641 0.60817 0.39837
1403715573312143104 1.24790 -0.24401 0.00505 -0.44495 0.51924 0.62522 0.37618
1403715573412143104 1.22620 -0.17059 0.02545 -0.45889 0.50201 0.64273 0.35257
1403715573512142848 1.20357 -0.10060 0.04422 -0.47468 0.48803 0.65706 0.32371
1403715573612143104 1.18403 -0.03245 0.06321 -0.48602 0.47015 0.67259 0.30059
1403715573712142848 1.16878 0.03830 0.08232 -0.48721 0.44487 0.69414 0.28789
1403715573812143104 1.15414 0.11149 0.10000 -0.48273 0.41814 0.71856 0.27531
1403715573912143104 1.13690 0.18564 0.11882 -0.47981 0.39109 0.74181 0.25795
1403715574012142848 1.11496 0.25992 0.13787 -0.48266 0.36345 0.76167 0.23410
1403715574112143104 1.08618 0.33978 0.15775 -0.48789 0.33273 0.78001 0.20699
1403715574212142848 1.04818 0.42556 0.18019 0.50048 -0.29692 -0.79215 -0.18401
1403715574312143104 1.00655 0.51288 0.20410 0.51922 -0.25163 -0.79781 -0.17490
1403715574412143104 0.95900 0.60335 0.22740 0.53231 -0.20601 -0.80207 -0.17578
1403715574512142848 0.90861 0.68514 0.24444 0.53712 -0.17263 -0.80623 -0.17804
1403715574612143104 0.84822 0.76525 0.25826 0.53642 -0.15050 -0.81192 -0.17434
1403715574712142848 0.78299 0.83048 0.26824 0.53454 -0.13340 -0.81772 -0.16675
1403715574812143104 0.71039 0.88363 0.27656 0.53516 -0.12601 -0.82177 -0.14971
1403715574912143104 0.62863 0.93240 0.28768 0.54043 -0.12988 -0.82154 -0.12702
1403715575012142848 0.54083 0.97611 0.30370 0.55075 -0.13260 -0.81606 -0.11460
1403715575112143104 0.45132 1.01387 0.32211 0.56244 -0.13161 -0.80821 -0.11457
1403715575212142848 0.36292 1.04662 0.34446 0.58335 -0.12932 -0.79262 -0.12139
1403715575312143104 0.28044 1.06897 0.36487 0.59415 -0.12708 -0.78296 -0.13348
1403715575412143104 0.20599 1.08050 0.38045 0.58295 -0.13581 -0.78972 -0.13441
1403715575512142848 0.13797 1.08352 0.39709 0.57055 -0.14133 -0.79662 -0.14105
1403715575612143104 0.06781 1.07875 0.42098 0.56894 -0.13508 -0.79454 -0.16362
1403715575712142848 -0.00054 1.06043 0.44419 0.56901 -0.12829 -0.79088 -0.18513
1403715575812143104 -0.07006 1.02415 0.46790 0.56537 -0.12855 -0.79096 -0.19548
1403715575912143104 -0.14148 0.97007 0.48912 0.56345 -0.13564 -0.79175 -0.19306
1403715576012142848 -0.21713 0.90041 0.50768 0.56404 -0.15217 -0.79257 -0.17477
1403715576112143104 -0.29425 0.81824 0.52486 0.56550 -0.16386 -0.79218 -0.16066
1403715576212142848 -0.36907 0.72885 0.53912 0.56850 -0.17251 -0.79050 -0.14888
1403715576312143104 -0.44401 0.63619 0.55469 0.57299 -0.17410 -0.78762 -0.14499
1403715576412143104 -0.51634 0.53997 0.57408 0.58604 -0.17019 -0.77845 -0.14701
1403715576512142848 -0.58599 0.43775 0.59726 0.60091 -0.16619 -0.76727 -0.15031
1403715576612143104 -0.64499 0.32855 0.62156 0.61320 -0.16400 -0.75646 -0.15764
1403715576712142848 -0.69174 0.21118 0.64466 0.61333 -0.16635 -0.75422 -0.16522
1403715576812143104 -0.72386 0.08522 0.66705 0.60296 -0.17642 -0.75941 -0.16913
1403715576912143104 -0.74457 -0.04922 0.68927 0.58514 -0.18883 -0.76989 -0.17096
1403715577012142848 -0.75786 -0.19006 0.71240 0.57342 -0.20284 -0.77533 -0.17002
1403715577112143104 -0.76624 -0.33471 0.73453 0.56939 -0.22316 -0.77422 -0.16303
1403715577212142848 -0.77074 -0.47977 0.75136 0.56757 -0.24292 -0.77054 -0.15849
1403715577312143104 -0.77217 -0.62205 0.74950 0.56671 -0.25410 -0.76711 -0.16067
1403715577412143104 -0.77085 -0.76179 0.72667 0.56464 -0.25631 -0.76599 -0.16958
1403715577512142848 -0.76649 -0.90219 0.69705 0.56268 -0.25725 -0.76570 -0.17584
1403715577612143104 -0.75992 -1.04177 0.67224 0.56119 -0.25845 -0.76578 -0.17847
1403715577712142848 -0.74909 -1.18010 0.66133 0.56028 -0.26101 -0.76604 -0.17649
1403715577812143104 -0.73393 -1.31579 0.66070 0.56228 -0.26829 -0.76381 -0.16871
1403715577912143104 -0.71352 -1.44543 0.65298 0.56314 -0.28119 -0.75980 -0.16281
1403715578012142848 -0.68715 -1.56798 0.62932 0.55993 -0.30050 -0.75565 -0.15866
1403715578112143104 -0.65426 -1.68187 0.59030 0.55059 -0.32837 -0.75257 -0.15053
1403715578212142848 -0.61442 -1.78566 0.54041 0.53695 -0.36450 -0.74768 -0.14072
1403715578312143104 -0.56767 -1.86645 0.49113 0.52793 -0.38845 -0.73843 -0.15849
1403715578412143104 -0.51227 -1.93521 0.44321 0.51785 -0.40792 -0.72833 -0.18704
1403715578512142848 -0.44955 -1.99118 0.39517 -0.49740 0.42622 0.72391 0.21654
1403715578612143104 -0.38423 -2.03505 0.34442 -0.45989 0.44292 0.73159 0.23896
1403715578712142848 -0.32358 -2.06600 0.29348 -0.42116 0.45866 0.74204 0.24824
1403715578812143104 -0.27449 -2.07912 0.24552 -0.39799 0.47185 0.74547 0.25148
1403715578912143104 -0.24041 -2.07070 0.20152 -0.39196 0.47636 0.74274 0.26034
1403715579012142848 -0.22344 -2.03840 0.16633 -0.39976 0.46398 0.73673 0.28660
1403715579112143104 -0.22529 -1.98846 0.14327 -0.40559 0.44051 0.73314 0.32241
1403715579212142848 -0.24824 -1.93299 0.13492 -0.41316 0.41130 0.72788 0.36100
1403715579312143104 -0.29365 -1.88095 0.13262 -0.42285 0.39691 0.72029 0.38058
1403715579412143104 -0.35922 -1.83724 0.12697 -0.42545 0.39657 0.71774 0.38285
1403715579512142848 -0.44452 -1.80169 0.11852 -0.42707 0.40628 0.71714 0.37184
1403715579612143104 -0.54693 -1.77317 0.11023 -0.43187 0.41867 0.71556 0.35521
1403715579712142848 -0.66499 -1.74754 0.10710 -0.44284 0.42149 0.71076 0.34792
1403715579812143104 -0.79470 -1.72548 0.11087 -0.45265 0.41926 0.70680 0.34608
1403715579912143104 -0.93415 -1.70816 0.12560 -0.45564 0.41630 0.70452 0.35034
1403715580012142848 -1.08233 -1.69610 0.14423 -0.46145 0.42687 0.69530 0.34843
1403715580112143104 -1.23405 -1.68877 0.15455 -0.46362 0.44447 0.68156 0.35068
1403715580212142848 -1.38709 -1.68638 0.15138 -0.46135 0.46586 0.66549 0.35673
1403715580312143104 -1.54277 -1.68719 0.14010 -0.45675 0.48959 0.64726 0.36433
1403715580412143104 -1.69702 -1.69259 0.12886 -0.45436 0.51724 0.62429 0.36917
1403715580512142848 -1.84875 -1.70196 0.11914 -0.45127 0.54433 0.60150 0.37182
1403715580612143104 -1.99572 -1.71428 0.10991 -0.44829 0.56807 0.58391 0.36794
1403715580712142848 -2.13263 -1.72906 0.10084 -0.44759 0.59066 0.56877 0.35677
1403715580812143104 -2.25669 -1.74189 0.09311 -0.44893 0.60910 0.55569 0.34448
1403715580912143104 -2.36348 -1.75130 0.08717 -0.45421 0.62802 0.54194 0.32493
1403715581012142848 -2.44672 -1.75442 0.08406 -0.45287 0.64085 0.53658 0.31034
1403715581112143104 -2.50219 -1.74867 0.08458 -0.43935 0.64582 0.54416 0.30624
1403715581212142848 -2.53241 -1.73072 0.09005 -0.42542 0.64139 0.55348 0.31826
1403715581312143104 -2.54350 -1.70096 0.09852 -0.42536 0.63275 0.55595 0.33108
1403715581412143104 -2.54092 -1.66336 0.10697 -0.43066 0.62012 0.56247 0.33706
1403715581512142848 -2.52775 -1.61873 0.11340 -0.43044 0.59699 0.58068 0.34805
1403715581612143104 -2.50763 -1.56784 0.11140 -0.42882 0.56464 0.60561 0.36131
1403715581712142848 -2.48534 -1.51394 0.09767 -0.42919 0.53125 0.63166 0.36685
1403715581812143104 -2.46646 -1.45903 0.08067 -0.43001 0.49452 0.65937 0.36847
1403715581912143104 -2.45570 -1.40541 0.07252 -0.43749 0.46299 0.68194 0.35945
1403715582012142848 -2.45528 -1.35484 0.07573 -0.45873 0.44081 0.69272 0.33970
1403715582112143104 -2.46206 -1.30762 0.09029 -0.48839 0.41699 0.69350 0.32659
1403715582212142848 -2.47107 -1.26676 0.10305 0.51125 -0.39674 -0.69295 -0.31787
1403715582312143104 -2.48003 -1.23284 0.10082 0.51344 -0.38704 -0.70105 -0.30841
1403715582412143104 -2.48905 -1.20572 0.08975 0.50396 -0.38496 -0.71286 -0.29944
1403715582512142848 -2.49912 -1.18407 0.07936 -0.49003 0.38761 0.72454 0.29098
1403715582612143104 -2.51362 -1.16373 0.07903 -0.47954 0.39213 0.73125 0.28557
1403715582712142848 -2.53432 -1.14315 0.09049 -0.47147 0.39835 0.73417 0.28289
1403715582812143104 -2.56114 -1.12177 0.10000 -0.46357 0.40595 0.73532 0.28217
1403715582912143104 -2.59366 -1.09720 0.09604 -0.45132 0.41520 0.73865 0.27984
1403715583012142848 -2.63309 -1.06853 0.08007 -0.43948 0.42431 0.74168 0.27700
1403715583112143104 -2.68253 -1.02909 0.05437 -0.43628 0.43020 0.73992 0.27767
1403715583212142848 -2.74237 -0.97849 0.03107 -0.45621 0.42804 0.72463 0.28908
1403715583312143104 -2.80669 -0.92455 0.00875 -0.48595 0.42465 0.70297 0.29895
1403715583412143104 -2.87260 -0.87078 -0.01463 0.51553 -0.42029 -0.68106 -0.30618
1403715583512142848 -2.93611 -0.82219 -0.04011 0.53859 -0.41370 -0.66386 -0.31317
1403715583612143104 -2.99016 -0.78360 -0.06373 0.56481 -0.40216 -0.64384 -0.32363
1403715583712142848 -3.03175 -0.76188 -0.08646 0.59358 -0.38330 -0.61953 -0.34195
1403715583812143104 -3.05688 -0.76507 -0.10910 0.61538 -0.36599 -0.60002 -0.35683
1403715583912143104 -3.06056 -0.80215 -0.12012 0.62672 -0.35967 -0.59081 -0.35889
1403715584012142848 -3.03944 -0.87845 -0.11424 0.62790 -0.36719 -0.59298 -0.34538
1403715584112143104 -2.99089 -0.98998 -0.09053 0.61642 -0.38476 -0.60677 -0.32220
1403715584212142848 -2.91517 -1.12844 -0.05117 0.59182 -0.40718 -0.63048 -0.29401
1403715584312143104 -2.81741 -1.28164 -0.00454 0.55492 -0.42809 -0.66166 -0.26648
1403715584412143104 -2.70896 -1.43374 0.03069 0.52485 -0.44087 -0.68487 -0.24722
1403715584512142848 -2.59217 -1.58143 0.04668 0.50439 -0.44545 -0.69971 -0.23995
1403715584612143104 -2.47119 -1.71831 0.05748 -0.49139 0.44666 0.70879 0.23802
1403715584712142848 -2.34787 -1.84213 0.07042 -0.47565 0.43952 0.72050 0.24790
1403715584812143104 -2.22590 -1.95093 0.08542 -0.46122 0.43203 0.73026 0.25950
1403715584912143104 -2.11060 -2.04882 0.10288 -0.44925 0.42819 0.73722 0.26708
1403715585012142848 -2.00480 -2.13625 0.11902 -0.42955 0.42520 0.74867 0.27236
1403715585112143104 -1.91442 -2.21363 0.13258 -0.41294 0.43261 0.75634 0.26513
1403715585212142848 -1.84119 -2.27733 0.14785 -0.40383 0.43884 0.75995 0.25849
1403715585312143104 -1.78687 -2.32108 0.16694 -0.41137 0.43660 0.75594 0.26212
1403715585412143104 -1.74776 -2.34680 0.18905 -0.42540 0.42799 0.74955 0.27211
1403715585512142848 -1.72129 -2.36181 0.21089 -0.43794 0.41949 0.74398 0.28059
1403715585612143104 -1.70535 -2.37033 0.23114 -0.45028 0.41023 0.73832 0.28956
1403715585712142848 -1.70076 -2.37301 0.24544 -0.45536 0.40559 0.73647 0.29284
1403715585812143104 -1.70575 -2.37206 0.24611 -0.45813 0.40679 0.73542 0.28948
1403715585912143104 -1.71877 -2.36838 0.22249 -0.46390 0.41573 0.73178 0.27652
1403715586012142848 -1.73772 -2.35894 0.18880 -0.47492 0.43146 0.72305 0.25591
1403715586112143104 -1.75645 -2.34023 0.16539 -0.49629 0.44041 0.70644 0.24633
1403715586212142848 -1.76930 -2.31318 0.15766 0.51390 -0.43287 -0.69380 -0.25917
1403715586312143104 -1.77399 -2.28449 0.15788 0.51704 -0.41600 -0.69195 -0.28429
1403715586412143104 -1.77785 -2.26012 0.16058 0.51620 -0.39770 -0.69208 -0.31048
1403715586512142848 -1.77929 -2.24212 0.16149 0.51862 -0.38581 -0.69007 -0.32556
1403715586612143104 -1.78301 -2.23560 0.16321 0.52147 -0.38226 -0.68779 -0.32997
1403715586712142848 -1.78663 -2.24079 0.16406 0.51907 -0.38651 -0.68939 -0.32545
1403715586812143104 -1.78830 -2.25607 0.16142 0.51119 -0.40051 -0.69495 -0.30873
1403715586912143104 -1.78911 -2.27711 0.16028 -0.49857 0.41524 0.70295 0.29132
1403715587012142848 -1.79037 -2.29893 0.16481 -0.49022 0.42306 0.70725 0.28375
1403715587112143104 -1.79198 -2.31913 0.16979 -0.48942 0.42569 0.70648 0.28311
1403715587212142848 -1.79302 -2.33704 0.18151 -0.49590 0.41729 0.70241 0.29424
1403715587312143104 -1.79571 -2.35668 0.19593 0.50291 -0.40919 -0.69917 -0.30134
1403715587412143104 -1.79917 -2.37895 0.21144 0.51270 -0.40937 -0.69499 -0.29419
1403715587512142848 -1.79961 -2.40372 0.22547 0.51897 -0.41693 -0.69094 -0.28183
1403715587612143104 -1.79273 -2.42947 0.24076 0.52166 -0.43287 -0.68378 -0.27007
1403715587712142848 -1.77580 -2.45494 0.25628 0.51641 -0.45325 -0.67653 -0.26495
1403715587812143104 -1.74737 -2.47740 0.27271 0.50698 -0.47578 -0.66563 -0.27117
1403715587912143104 -1.70789 -2.49442 0.29083 -0.49556 0.49724 0.64991 0.29118
1403715588012142848 -1.65798 -2.50937 0.31025 -0.48345 0.51450 0.62970 0.32411
1403715588112143104 -1.60021 -2.52500 0.32623 -0.47182 0.52996 0.60643 0.35885
1403715588212142848 -1.53677 -2.54576 0.32609 -0.46004 0.54617 0.58079 0.39083
1403715588312143104 -1.47200 -2.57234 0.30283 -0.44779 0.56653 0.55410 0.41413
1403715588412143104 -1.40751 -2.60723 0.26552 -0.43304 0.58720 0.52926 0.43308
1403715588512142848 -1.34179 -2.65211 0.22803 -0.41626 0.60682 0.50727 0.44853
1403715588612143104 -1.27480 -2.70660 0.19214 -0.39829 0.62719 0.48646 0.45973
1403715588712142848 -1.20620 -2.76992 0.15615 -0.37529 0.65062 0.47041 0.46321
1403715588812143104 -1.13592 -2.83976 0.11993 -0.34608 0.67507 0.45822 0.46318
1403715588912143104 -1.06414 -2.91001 0.08163 -0.30975 0.70124 0.44981 0.45824
1403715589012142848 -0.99075 -2.97468 0.04377 -0.27473 0.72601 0.43995 0.45152
1403715589112143104 -0.91405 -3.02788 0.01368 -0.24923 0.74560 0.42463 0.44906
1403715589212142848 -0.83205 -3.06361 -0.00267 -0.23196 0.75930 0.40821 0.45059
1403715589312143104 -0.74414 -3.07744 -0.00550 -0.21658 0.77144 0.39223 0.45181
1403715589412143104 -0.64973 -3.07476 0.00228 -0.20063 0.78557 0.37638 0.44830
1403715589512142848 -0.54737 -3.05389 0.01331 -0.18635 0.79862 0.35995 0.44488
1403715589612143104 -0.43469 -3.01490 0.02789 -0.17362 0.80698 0.34954 0.44324
1403715589712142848 -0.31014 -2.95463 0.05761 -0.16956 0.80819 0.34134 0.44896
1403715589812143104 -0.17372 -2.87388 0.10946 -0.17640 0.79287 0.33360 0.47849
1403715589912143104 -0.03063 -2.77871 0.17228 -0.19188 0.77171 0.32399 0.51252
1403715590012142848 0.11043 -2.67794 0.23063 -0.20508 0.75779 0.31692 0.53222
1403715590112143104 0.24685 -2.57505 0.28266 -0.20932 0.75073 0.31699 0.54047
1403715590212142848 0.37608 -2.47352 0.32883 -0.20748 0.75037 0.32302 0.53810
1403715590312143104 0.50102 -2.36961 0.37210 -0.20451 0.74770 0.33745 0.53408
1403715590412143104 0.61783 -2.26081 0.41420 -0.20056 0.73896 0.36135 0.53211
1403715590512142848 0.72610 -2.14321 0.45446 -0.20353 0.72557 0.38943 0.52960
1403715590612143104 0.82296 -2.01578 0.49271 -0.21057 0.71107 0.42067 0.52256
1403715590712142848 0.90792 -1.88016 0.52790 -0.23378 0.70424 0.44402 0.50224
1403715590812143104 0.98292 -1.73439 0.56285 -0.26728 0.69341 0.46220 0.48385
1403715590912143104 1.04885 -1.58505 0.59947 -0.30011 0.67361 0.48233 0.47280
1403715591012142848 1.10493 -1.43507 0.63463 -0.32420 0.65157 0.50938 0.45922
1403715591112143104 1.15347 -1.28436 0.66702 -0.34355 0.62838 0.54040 0.44167
1403715591212142848 1.19480 -1.13439 0.69653 -0.35658 0.59927 0.57614 0.42637
1403715591312143104 1.22744 -0.98462 0.72367 -0.36673 0.56503 0.61223 0.41403
1403715591412143104 1.24896 -0.83256 0.74815 -0.38079 0.53190 0.64278 0.39864
1403715591512142848 1.25848 -0.67857 0.76881 -0.39629 0.50119 0.66914 0.37950
1403715591612143104 1.25555 -0.52648 0.77996 -0.41347 0.47395 0.69168 0.35496
1403715591712142848 1.24243 -0.36974 0.77941 -0.43154 0.44452 0.70985 0.33509
1403715591812143104 1.21997 -0.21389 0.76737 -0.44584 0.41383 0.72617 0.32039
1403715591912143104 1.18736 -0.05644 0.74538 -0.45711 0.38445 0.74144 0.30581
1403715592012142848 1.14349 0.09446 0.71311 -0.46400 0.34971 0.75784 0.29679
1403715592112143104 1.08737 0.24276 0.67233 -0.47100 0.31339 0.77303 0.28701
1403715592212142848 1.01413 0.37780 0.63728 -0.48815 0.27423 0.78134 0.27569
1403715592312143104 0.92493 0.49627 0.61438 0.50487 -0.23440 -0.78845 -0.26175
1403715592412143104 0.82242 0.59310 0.60516 0.51605 -0.19514 -0.79711 -0.24543
1403715592512142848 0.70798 0.66940 0.60324 0.52396 -0.15651 -0.80550 -0.22832
1403715592612143104 0.58523 0.72387 0.60163 0.53279 -0.11711 -0.81082 -0.21211
1403715592712142848 0.45330 0.75375 0.59837 0.53978 -0.07637 -0.81521 -0.19553
1403715592812143104 0.31615 0.75970 0.59667 0.54667 -0.04515 -0.81981 -0.16439
1403715592912143104 0.17559 0.74237 0.59423 0.55311 -0.03105 -0.82507 -0.11118
1403715593012142848 0.03278 0.70928 0.59124 0.55880 -0.01729 -0.82724 -0.05580
1403715593112143104 -0.11069 0.66925 0.58768 0.56430 0.00536 -0.82550 -0.00861
1403715593212142848 -0.25482 0.62804 0.58322 0.56853 0.03839 -0.82138 0.02499
1403715593312143104 -0.39683 0.58738 0.57855 0.56930 0.07602 -0.81724 0.04736
1403715593412143104 -0.53617 0.54575 0.57487 0.56905 0.12088 -0.81153 0.05464
1403715593512142848 -0.66953 0.49860 0.57131 0.56753 0.16496 -0.80427 0.06206
1403715593612143104 -0.79731 0.44219 0.56856 0.56982 0.20182 -0.79271 0.07867
1403715593712142848 -0.91678 0.37678 0.56731 0.57805 0.23219 -0.77547 0.10289
1403715593812143104 -1.02506 0.30340 0.56642 0.58237 0.26223 -0.75873 0.12807
1403715593912143104 -1.11970 0.22371 0.56339 0.57778 0.29657 -0.74532 0.15070
1403715594012142848 -1.19866 0.13977 0.55866 0.56403 0.33256 -0.73567 0.17339
1403715594112143104 -1.26739 0.04896 0.55314 0.54515 0.36469 -0.72840 0.19809
1403715594212142848 -1.32536 -0.04613 0.54864 0.52881 0.39382 -0.71838 0.22180
1403715594312143104 -1.37840 -0.14759 0.54696 0.51551 0.42161 -0.70547 0.24250
1403715594412143104 -1.42096 -0.25281 0.54696 0.50659 0.45085 -0.68739 0.25999
1403715594512142848 -1.45228 -0.36219 0.54761 -0.49812 -0.48373 0.66530 -0.27432
1403715594612143104 -1.47191 -0.47544 0.54787 -0.48713 -0.51754 0.64135 -0.28901
1403715594712142848 -1.47773 -0.59477 0.54548 -0.46504 -0.55101 0.62306 -0.30319
1403715594812143104 -1.46934 -0.71920 0.54033 -0.42896 -0.57808 0.61332 -0.32504
1403715594912143104 -1.45037 -0.84910 0.53501 0.39581 0.60205 -0.59946 0.34859
1403715595012142848 -1.42511 -0.98597 0.52894 0.36951 0.62615 -0.57951 0.36820
1403715595112143104 -1.39435 -1.13300 0.52301 0.34775 0.64859 -0.55570 0.38678
1403715595212142848 -1.35968 -1.28898 0.51884 0.32738 0.66472 -0.53006 0.41232
1403715595312143104 -1.32287 -1.45405 0.51419 0.30985 0.68045 -0.50005 0.43696
1403715595412143104 -1.28393 -1.62536 0.50733 0.29337 0.69495 -0.46718 0.46122
1403715595512142848 -1.24401 -1.79794 0.50106 0.27987 0.70817 -0.42977 0.48525
1403715595612143104 -1.20508 -1.97169 0.49633 0.27679 0.72320 -0.38334 0.50341
1403715595712142848 -1.16351 -2.13801 0.49291 0.28600 0.73505 -0.32613 0.52110
1403715595812143104 -1.11962 -2.28766 0.49070 0.29674 0.74148 -0.26733 0.53916
1403715595912143104 -1.07189 -2.41625 0.49352 0.30148 0.73900 -0.21789 0.56170
1403715596012142848 -1.02410 -2.51062 0.50270 0.29713 0.72479 -0.18128 0.59459
1403715596112143104 -0.98463 -2.56535 0.51877 0.27866 0.70552 -0.16124 0.63134
1403715596212142848 -0.95881 -2.58444 0.54234 0.26177 0.70607 -0.15317 0.63991
1403715596312143104 -0.94852 -2.57432 0.56928 0.23986 0.73807 -0.15843 0.61043
1403715596412143104 -0.94727 -2.53636 0.59686 0.20827 0.77902 -0.16915 0.56669
1403715596512142848 -0.94374 -2.48326 0.62576 0.17354 0.81156 -0.17679 0.52915
1403715596612143104 -0.93108 -2.42119 0.65632 0.14317 0.83518 -0.17678 0.50072
1403715596712142848 -0.90228 -2.35986 0.68767 0.11813 0.85274 -0.16959 0.47971
1403715596812143104 -0.85807 -2.30106 0.71827 0.09715 0.86545 -0.15698 0.46575
1403715596912143104 -0.79235 -2.24917 0.74594 0.07748 0.87623 -0.14725 0.45225
1403715597012142848 -0.70332 -2.20384 0.77065 0.06585 0.88399 -0.13785 0.44185
1403715597112143104 -0.58736 -2.16867 0.79645 0.05997 0.88402 -0.13059 0.44481
1403715597212142848 -0.44367 -2.14244 0.82329 0.05323 0.87230 -0.12537 0.46962
1403715597312143104 -0.28060 -2.12438 0.85066 0.04328 0.85394 -0.11882 0.50477
1403715597412143104 -0.10766 -2.11307 0.87625 0.03025 0.83563 -0.10870 0.53758
1403715597512142848 0.06889 -2.10846 0.90112 0.02267 0.81724 -0.08828 0.56904
1403715597612143104 0.23988 -2.10914 0.92155 0.01292 0.80848 -0.06278 0.58502
1403715597712142848 0.40924 -2.10978 0.93466 0.00097 0.80836 -0.03641 0.58756
1403715597812143104 0.56949 -2.11564 0.94518 -0.01124 0.81071 -0.01513 0.58515
1403715597912143104 0.72509 -2.12497 0.95544 -0.01889 0.80789 0.00112 0.58903
1403715598012142848 0.87574 -2.13697 0.96651 -0.02361 0.80083 0.01139 0.59831
1403715598112143104 1.01791 -2.15086 0.97535 -0.02155 0.79716 0.02005 0.60305
1403715598212142848 1.15128 -2.16551 0.97735 -0.02011 0.79013 0.02455 0.61211
1403715598312143104 1.27418 -2.17956 0.96818 -0.02061 0.77746 0.02442 0.62812
1403715598412143104 1.38384 -2.19304 0.95107 -0.02403 0.75889 0.02047 0.65045
1403715598512142848 1.46817 -2.20654 0.93419 -0.02945 0.74111 0.01424 0.67058
1403715598612143104 1.52626 -2.22411 0.91735 -0.03144 0.73394 0.00973 0.67842
1403715598712142848 1.56105 -2.24381 0.89810 -0.02565 0.74734 0.00931 0.66388
1403715598812143104 1.57609 -2.26422 0.87338 -0.01918 0.77047 0.01024 0.63710
1403715598912143104 1.57566 -2.28497 0.84465 -0.01313 0.78831 0.01197 0.61503
1403715599012142848 1.56284 -2.30484 0.81228 -0.00832 0.79810 0.01378 0.60231
1403715599112143104 1.54882 -2.32373 0.77750 -0.00581 0.80054 0.01507 0.59906
1403715599212142848 1.52668 -2.34022 0.73880 -0.00946 0.80370 0.01239 0.59482
1403715599312143104 1.49897 -2.35541 0.69611 -0.01831 0.80952 0.00621 0.58678
1403715599412143104 1.46923 -2.37173 0.65042 -0.03201 0.81219 -0.00346 0.58250
1403715599512142848 1.43815 -2.39190 0.60199 -0.04592 0.81115 -0.01303 0.58289
1403715599612143104 1.40518 -2.42074 0.55555 -0.05520 0.80821 -0.01894 0.58600
1403715599712142848 1.36822 -2.45974 0.51288 -0.05875 0.80256 -0.02140 0.59328
1403715599812143104 1.32709 -2.50844 0.47217 -0.05085 0.79734 -0.01701 0.60114
1403715599912143104 1.28062 -2.56406 0.42987 -0.03292 0.79933 -0.00589 0.59996
1403715600012142848 1.22915 -2.62485 0.38650 -0.01761 0.80745 0.00324 0.58966
1403715600112143104 1.17551 -2.68450 0.34361 -0.00003 0.81232 0.02034 0.58286
1403715600212142848 1.12113 -2.73725 0.30026 0.01852 0.81360 0.05015 0.57896
1403715600312143104 1.06677 -2.77733 0.25670 0.02268 0.81324 0.08162 0.57573
1403715600412143104 1.01072 -2.80056 0.21376 0.01051 0.81285 0.11198 0.57152
1403715600512142848 0.95393 -2.80351 0.17252 -0.01990 0.81858 0.13563 0.55780
1403715600612143104 0.89855 -2.79056 0.13573 -0.06070 0.82470 0.15485 0.54057
1403715600712142848 0.85050 -2.76541 0.10893 -0.09398 0.82337 0.18087 0.52964
1403715600812143104 0.80670 -2.73410 0.09447 -0.12108 0.81515 0.21211 0.52525
1403715600912143104 0.76909 -2.69707 0.09329 -0.14301 0.80348 0.24417 0.52378
1403715601012142848 0.73847 -2.65346 0.10579 -0.16059 0.79185 0.27077 0.52333
1403715601112143104 0.71162 -2.60465 0.12948 -0.17339 0.78128 0.28939 0.52516
1403715601212142848 0.68751 -2.55168 0.16492 -0.17775 0.77357 0.30248 0.52774
1403715601312143104 0.66354 -2.49316 0.20995 -0.17615 0.76762 0.31266 0.53101
1403715601412143104 0.63876 -2.42868 0.25465 -0.17712 0.76373 0.31921 0.53241
1403715601512142848 0.61241 -2.35853 0.29424 -0.18173 0.76328 0.31929 0.53145
1403715601612143104 0.58449 -2.28245 0.33028 -0.18689 0.76342 0.31654 0.53110
1403715601712142848 0.55683 -2.20117 0.36318 -0.19224 0.76374 0.31252 0.53111
1403715601812143104 0.52805 -2.11614 0.39589 -0.19632 0.76020 0.30959 0.53638
1403715601912143104 0.49712 -2.02862 0.42667 -0.19726 0.75696 0.30216 0.54480
1403715602012142848 0.46308 -1.94162 0.45738 -0.19753 0.74802 0.28663 0.56506
1403715602112143104 0.42369 -1.85763 0.48466 -0.19586 0.73955 0.26694 0.58605
1403715602212142848 0.37558 -1.78180 0.50611 -0.18995 0.74209 0.24492 0.59433
1403715602312143104 0.31746 -1.71438 0.52323 -0.17870 0.75188 0.22305 0.59413
1403715602412143104 0.25160 -1.65428 0.53569 -0.15741 0.77081 0.20577 0.58201
1403715602512142848 0.18114 -1.60042 0.54766 -0.13680 0.78839 0.18706 0.56986
1403715602612143104 0.10928 -1.55288 0.55744 -0.11583 0.79911 0.16869 0.56529
1403715602712142848 0.03645 -1.50768 0.55911 -0.09207 0.80294 0.15033 0.56939
1403715602812143104 -0.03736 -1.45914 0.54550 -0.07036 0.80900 0.13005 0.56891
1403715602912143104 -0.11174 -1.40633 0.51920 -0.05457 0.81426 0.10673 0.56799
1403715603012142848 -0.18347 -1.34917 0.48173 -0.03826 0.81895 0.08511 0.56622
1403715603112143104 -0.25644 -1.28564 0.43708 -0.02331 0.81915 0.06190 0.56975
1403715603212142848 -0.32632 -1.22159 0.39181 -0.00777 0.82175 0.03966 0.56842
1403715603312143104 -0.39439 -1.15264 0.34665 0.00660 0.82724 0.02034 0.56145
1403715603412143104 -0.45789 -1.08025 0.30539 0.01423 0.83054 0.00388 0.55676
1403715603512142848 -0.51422 -1.00349 0.26970 0.01238 0.82970 -0.01250 0.55793
1403715603612143104 -0.56591 -0.92569 0.23775 0.00528 0.82907 -0.02807 0.55842
1403715603712142848 -0.61285 -0.85155 0.20775 -0.00610 0.82719 -0.04443 0.56013
1403715603812143104 -0.65527 -0.78472 0.18364 -0.01628 0.82318 -0.05657 0.56472
1403715603912143104 -0.69315 -0.73013 0.17040 -0.02552 0.82921 -0.06444 0.55463
1403715604012142848 -0.72594 -0.68776 0.16581 -0.02741 0.84038 -0.06520 0.53736
1403715604112143104 -0.74865 -0.65901 0.16712 -0.01105 0.84467 -0.05293 0.53254
1403715604212142848 -0.75990 -0.63823 0.16977 0.00486 0.84200 -0.04179 0.53784
1403715604312143104 -0.76500 -0.62016 0.16724 0.01326 0.83772 -0.03587 0.54477
1403715604412143104 -0.76495 -0.60150 0.15990 0.01639 0.83751 -0.03412 0.54511
1403715604512142848 -0.75797 -0.58382 0.15286 0.01751 0.83538 -0.03362 0.54837
1403715604612143104 -0.74513 -0.56738 0.14512 0.01831 0.82787 -0.03290 0.55966
1403715604712142848 -0.73053 -0.54824 0.13651 0.02102 0.82251 -0.03147 0.56749
1403715604812143104 -0.71532 -0.52803 0.12722 0.02259 0.82132 -0.03042 0.56921
1403715604912143104 -0.69942 -0.50659 0.11916 0.02316 0.82137 -0.02962 0.56915
1403715605012142848 -0.68228 -0.48548 0.11193 0.02319 0.82442 -0.02891 0.56477
1403715605112143104 -0.66264 -0.46306 0.10815 0.02250 0.82450 -0.02854 0.56469
1403715605212142848 -0.64070 -0.44000 0.10747 0.02178 0.82242 -0.02683 0.56783
1403715605312143104 -0.61749 -0.41593 0.10941 0.01651 0.82056 -0.02794 0.57064
1403715605412143104 -0.59384 -0.39126 0.10968 0.00816 0.81851 -0.03096 0.57360
1403715605512142848 -0.56973 -0.36766 0.10064 0.00209 0.81958 -0.03258 0.57203
1403715605612143104 -0.54600 -0.34592 0.08199 -0.00303 0.82212 -0.03399 0.56829
1403715605712142848 -0.52105 -0.32694 0.05955 0.00039 0.82199 -0.02984 0.56872
1403715605812143104 -0.49573 -0.31325 0.04065 0.00813 0.82054 -0.02362 0.57105
1403715605912143104 -0.46886 -0.29952 0.02449 0.01167 0.81949 -0.02007 0.57263
1403715606012142848 -0.44178 -0.28484 0.00780 0.01371 0.81780 -0.01760 0.57506
1403715606112143104 -0.41560 -0.26981 -0.01545 0.01444 0.81691 -0.01521 0.57638
1403715606212142848 -0.39004 -0.25206 -0.04375 0.01256 0.81721 -0.01473 0.57601
1403715606312143104 -0.36542 -0.23281 -0.06894 0.00451 0.81722 -0.01772 0.57604
1403715606412143104 -0.34202 -0.21522 -0.08358 -0.00202 0.81769 -0.01972 0.57531
1403715606512142848 -0.31817 -0.19973 -0.08782 -0.00571 0.81607 -0.01996 0.57758
1403715606612143104 -0.29397 -0.18428 -0.09143 -0.01188 0.81513 -0.02093 0.57878
1403715606712142848 -0.27156 -0.17148 -0.09816 -0.01973 0.81389 -0.02285 0.58024
1403715606812143104 -0.25107 -0.16372 -0.10811 -0.02682 0.81138 -0.02469 0.58338
1403715606912143104 -0.23343 -0.16163 -0.11909 -0.02249 0.80615 -0.01962 0.59096
1403715607012142848 -0.22113 -0.16363 -0.13129 -0.01146 0.80475 -0.01045 0.59341
1403715607112143104 -0.21416 -0.16668 -0.14621 -0.00244 0.80806 -0.00320 0.58908
1403715607212142848 -0.20965 -0.16806 -0.16104 0.00092 0.81103 0.00048 0.58500
1403715607312143104 -0.20711 -0.16658 -0.17393 0.00176 0.81271 0.00142 0.58267
1403715607412143104 -0.20827 -0.16401 -0.18232 0.00156 0.81179 0.00103 0.58394
1403715607512142848 -0.21141 -0.15905 -0.18917 0.00314 0.81208 0.00112 0.58353
1403715607612143104 -0.21718 -0.15208 -0.19341 0.00420 0.81274 0.00028 0.58260
1403715607712142848 -0.22431 -0.14245 -0.19654 0.00577 0.81304 -0.00021 0.58217
1403715607812143104 -0.23340 -0.13101 -0.20415 0.00498 0.81390 -0.00244 0.58098
1403715607912143104 -0.24274 -0.11800 -0.22026 0.00553 0.81544 0.00040 0.57881
1403715608012142848 -0.24234 -0.11769 -0.21715 0.00853 0.81522 0.00472 0.57906
1403715608112143104 -0.24138 -0.11839 -0.22022 0.00793 0.81644 0.00407 0.57737
1403715608212142848 -0.24182 -0.11736 -0.21983 0.00835 0.81624 0.00424 0.57763
1403715608312143104 -0.24155 -0.11742 -0.22050 0.00788 0.81632 0.00358 0.57753
1403715608412143104 -0.24148 -0.11787 -0.22067 0.00793 0.81612 0.00348 0.57781
1403715608512142848 -0.24174 -0.11724 -0.22096 0.00766 0.81596 0.00332 0.57805
1403715608612143104 -0.24139 -0.11760 -0.22090 0.00751 0.81639 0.00296 0.57745
1403715608712142848 -0.24163 -0.11739 -0.22122 0.00731 0.81634 0.00291 0.57752
1403715608812143104 -0.24162 -0.11749 -0.22123 0.00734 0.81620 0.00280 0.57771
1403715608912143104 -0.24157 -0.11759 -0.22122 0.00738 0.81638 0.00270 0.57747
1403715609012142848 -0.24173 -0.11743 -0.22130 0.00733 0.81619 0.00265 0.57773
1403715609112143104 -0.24159 -0.11761 -0.22122 0.00737 0.81637 0.00248 0.57748
1403715609212142848 -0.24171 -0.11751 -0.22124 0.00729 0.81634 0.00241 0.57752
1403715609312143104 -0.24163 -0.11756 -0.22126 0.00732 0.81640 0.00224 0.57743
