1403715529862142976 -0.03398 0.00856 0.06692 -0.05817 0.80663 0.07646 0.58320
1403715529962142976 -0.03916 0.01645 0.11266 -0.06483 0.80319 0.07625 0.58725
1403715530062142976 -0.01983 0.02981 0.11619 -0.06053 0.79619 0.07648 0.59714
1403715530162142976 0.03110 0.06699 0.11368 -0.04962 0.79306 0.07664 0.60226
1403715530262142976 0.03569 0.08527 0.13124 -0.04302 0.79343 0.07983 0.60187
1403715530362142976 0.02237 0.09742 0.16157 -0.04405 0.79351 0.07973 0.60170
1403715530462142976 0.00730 0.10972 0.20355 -0.05462 0.79328 0.07676 0.60152
1403715530562142976 -0.00546 0.13640 0.24413 -0.06100 0.79169 0.08011 0.60257
1403715530662142976 -0.00527 0.17691 0.28262 -0.06534 0.78959 0.08363 0.60439
1403715530762142976 0.00223 0.22727 0.31776 -0.06957 0.78792 0.08829 0.60544
1403715530862142976 0.00779 0.28449 0.35780 -0.07625 0.78561 0.09814 0.60611
1403715530962142976 0.01322 0.34508 0.39957 -0.07898 0.78409 0.10838 0.60598
1403715531062142976 0.01754 0.40621 0.43662 -0.07988 0.79079 0.11532 0.59579
1403715531162142976 0.00326 0.44879 0.45823 -0.08502 0.80135 0.12158 0.57951
1403715531262142976 0.03956 0.52556 0.49244 -0.09503 0.80537 0.11238 0.57421
1403715531362142976 0.07512 0.58009 0.51796 -0.10521 0.79568 0.10372 0.58743
1403715531462142976 0.11479 0.62073 0.53537 -0.10551 0.78663 0.10027 0.60003
1403715531562142976 0.15713 0.65230 0.53904 -0.10232 0.78153 0.09792 0.60758
1403715531662142976 0.20049 0.67987 0.53229 -0.10082 0.78181 0.09294 0.60826
1403715531762142976 0.24951 0.70281 0.52542 -0.08735 0.78058 0.09336 0.61184
1403715531862142976 0.30033 0.72086 0.52170 -0.07096 0.77354 0.09381 0.62274
1403715531962142976 0.34863 0.73631 0.52098 -0.05799 0.76658 0.09113 0.63300
1403715532062142976 0.39239 0.74944 0.52066 -0.04770 0.76342 0.08817 0.63807
1403715532162142976 0.42869 0.76057 0.51940 -0.03856 0.76168 0.08627 0.64103
1403715532262142976 0.45994 0.77081 0.51587 -0.03486 0.76023 0.08402 0.64325
1403715532362142976 0.47291 0.77733 0.51114 -0.03744 0.76226 0.08161 0.64101
1403715532462142976 0.49836 0.78689 0.50446 -0.04061 0.76501 0.07601 0.63822
1403715532562142976 0.51179 0.79052 0.49623 -0.04560 0.76666 0.06786 0.63682
1403715532662142976 0.51952 0.78816 0.48767 -0.05507 0.76485 0.05652 0.63935
1403715532762142976 0.52397 0.77874 0.47824 -0.06162 0.76153 0.04689 0.64349
1403715532862142976 0.52596 0.75829 0.46578 -0.06056 0.75979 0.03788 0.64623
1403715532962142976 0.52461 0.72705 0.44872 -0.05335 0.76082 0.02276 0.64637
1403715533062142976 0.50422 0.68166 0.42238 -0.04113 0.76175 0.00093 0.64656
1403715533162142976 0.49882 0.62310 0.38809 -0.02101 0.75997 -0.02366 0.64919
1403715533262142976 0.48011 0.54869 0.36156 0.00635 0.75007 -0.04465 0.65982
1403715533362142976 0.44393 0.45561 0.34199 0.02968 0.74626 -0.06035 0.66224
1403715533462142976 0.38968 0.35043 0.33751 0.04346 0.74901 -0.07204 0.65719
1403715533562142976 0.32029 0.23789 0.35011 0.04403 0.75387 -0.08926 0.64944
1403715533662142976 0.23894 0.11375 0.37797 0.03671 0.75872 -0.10514 0.64182
1403715533762142976 0.14589 -0.02163 0.42470 0.03172 0.76170 -0.11697 0.63650
1403715533862142976 0.04730 -0.17191 0.48242 0.03934 0.76490 -0.11825 0.63197
1403715533962142976 -0.05171 -0.33603 0.53725 0.05401 0.76783 -0.11265 0.62836
1403715534062142976 -0.14311 -0.51330 0.58089 0.06442 0.77035 -0.10477 0.62565
1403715534162142976 -0.22535 -0.69657 0.61365 0.07543 0.77242 -0.09357 0.62363
1403715534262142976 -0.30101 -0.89007 0.63301 0.08361 0.77549 -0.08081 0.62057
1403715534362142976 -0.36701 -1.09447 0.63973 0.08325 0.77800 -0.07009 0.61876
1403715534462142976 -0.42455 -1.29117 0.63368 0.08279 0.78023 -0.06763 0.61628
1403715534562142976 -0.48523 -1.48921 0.61764 0.08540 0.78121 -0.07282 0.61410
1403715534662142976 -0.55095 -1.68781 0.59603 0.08925 0.78220 -0.08590 0.61058
1403715534762142976 -0.63619 -1.88813 0.57194 0.09936 0.78323 -0.10551 0.60461
1403715534862142976 -0.69362 -2.06546 0.54257 0.11331 0.78778 -0.13004 0.59132
1403715534962142976 -0.73669 -2.23352 0.51135 0.12740 0.79066 -0.15433 0.57862
1403715535062142976 -0.76271 -2.38302 0.48199 0.13993 0.79195 -0.17470 0.56808
1403715535162142976 -0.76696 -2.51676 0.45554 0.14669 0.79664 -0.19116 0.55435
1403715535262142976 -0.74994 -2.63917 0.42940 0.14783 0.80286 -0.20263 0.54083
1403715535362142976 -0.70351 -2.74120 0.40770 0.14632 0.80709 -0.21097 0.53169
1403715535462142976 -0.62662 -2.82022 0.39123 0.13407 0.80448 -0.22340 0.53378
1403715535562142976 -0.52814 -2.87947 0.37286 0.12885 0.79735 -0.22718 0.54408
1403715535662142976 -0.44047 -2.96624 0.35021 0.12856 0.79162 -0.21970 0.55547
1403715535762142976 -0.41219 -3.11321 0.33795 0.12949 0.79026 -0.20671 0.56214
1403715535862142976 -0.32683 -3.20551 0.30793 0.13074 0.79660 -0.18198 0.56145
1403715535962142976 -0.25884 -3.33261 0.27822 0.12331 0.80764 -0.15591 0.55517
1403715536062142976 -0.18743 -3.45810 0.24759 0.11130 0.81913 -0.13667 0.54585
1403715536162142976 -0.11171 -3.58617 0.21980 0.10006 0.82823 -0.12165 0.53780
1403715536262142976 -0.03175 -3.71247 0.19595 0.09581 0.83508 -0.10599 0.53125
1403715536362142976 0.05196 -3.83199 0.17969 0.09551 0.83676 -0.09040 0.53154
1403715536462142976 0.14620 -3.94929 0.16822 0.10297 0.83392 -0.07260 0.53731
1403715536562142976 0.24808 -4.05559 0.16087 0.10994 0.82916 -0.05912 0.54489
1403715536662142976 0.35614 -4.14563 0.15536 0.11371 0.82253 -0.05031 0.55496
1403715536762142976 0.46777 -4.21917 0.15291 0.11303 0.81099 -0.04515 0.57226
1403715536862142976 0.57870 -4.27442 0.15311 0.11285 0.79856 -0.03646 0.59012
1403715536962142976 0.68216 -4.31379 0.15674 0.12149 0.78629 -0.02380 0.60533
1403715537062142976 0.77642 -4.33554 0.16342 0.13172 0.77246 -0.01376 0.62110
1403715537162142976 0.85831 -4.33086 0.17481 0.13827 0.75342 -0.00659 0.64280
1403715537262142976 0.92637 -4.30225 0.18928 0.13740 0.73578 -0.00576 0.66311
1403715537362142976 0.97268 -4.24883 0.20599 0.11138 0.73190 -0.02186 0.67189
1403715537462142976 0.99271 -4.17514 0.22173 0.08099 0.74925 -0.04428 0.65583
1403715537562142976 0.99051 -4.09031 0.23739 0.05567 0.77609 -0.06429 0.62487
1403715537662142976 0.97144 -4.00025 0.25616 0.03964 0.79554 -0.07780 0.59957
1403715537762142976 0.94595 -3.91224 0.28091 0.03392 0.79387 -0.08494 0.60117
1403715537862142976 0.91273 -3.82590 0.30781 0.03415 0.78347 -0.08671 0.61440
1403715537962142976 0.86770 -3.74264 0.33144 0.03472 0.78162 -0.08639 0.61676
1403715538062142976 0.81196 -3.66269 0.35160 0.03030 0.78791 -0.08965 0.60847
1403715538162142976 0.74700 -3.58724 0.37005 0.02531 0.79440 -0.09849 0.59883
1403715538262142976 0.67503 -3.51925 0.37955 0.02840 0.79819 -0.10953 0.59169
1403715538362142976 0.59886 -3.45986 0.37787 0.03723 0.79578 -0.12163 0.59208
1403715538462142976 0.51923 -3.40693 0.37015 0.05907 0.78478 -0.13018 0.60307
1403715538562142976 0.43226 -3.35545 0.36271 0.08646 0.77261 -0.13924 0.61336
1403715538662142976 0.33565 -3.30335 0.35462 0.10838 0.76574 -0.15507 0.61470
1403715538762142976 0.23213 -3.25017 0.34593 0.12690 0.76633 -0.17865 0.60392
1403715538862142976 0.11858 -3.19334 0.33447 0.14564 0.77093 -0.20752 0.58429
1403715538962142976 -0.00113 -3.13471 0.31846 0.16721 0.76983 -0.23970 0.56741
1403715539062142976 -0.12299 -3.07644 0.29154 0.19130 0.76204 -0.27390 0.55469
1403715539162142976 -0.24631 -3.01417 0.25203 0.21599 0.75004 -0.31001 0.54284
1403715539262142976 -0.36699 -2.95077 0.20108 0.23825 0.73730 -0.34585 0.52917
1403715539362142976 -0.48702 -2.88482 0.13879 0.25728 0.72737 -0.37894 0.51102
1403715539462142976 -0.60503 -2.81972 0.07573 0.27483 0.71650 -0.40470 0.49730
1403715539562142976 -0.71452 -2.75629 0.02772 0.28077 0.70651 -0.42798 0.48871
1403715539662142976 -0.81625 -2.69652 -0.00081 0.28083 0.69523 -0.44634 0.48843
1403715539762142976 -0.91764 -2.63845 -0.01117 0.28476 0.68587 -0.45542 0.49100
1403715539862142976 -1.01752 -2.58734 -0.00711 0.28774 0.68460 -0.45657 0.48998
1403715539962142976 -1.11837 -2.54174 0.00969 0.27841 0.69133 -0.45898 0.48362
1403715540062142976 -1.21539 -2.50875 0.03636 0.26234 0.70119 -0.46379 0.47372
1403715540162142976 -1.30665 -2.49082 0.06768 0.24217 0.70845 -0.47033 0.46716
1403715540262142976 -1.40002 -2.48464 0.10354 0.23447 0.70984 -0.47158 0.46772
1403715540362142976 -1.49079 -2.50180 0.14098 0.24114 0.71380 -0.46188 0.46797
1403715540462142976 -1.58419 -2.52622 0.17678 0.24994 0.72064 -0.45165 0.46283
1403715540562142976 -1.67391 -2.56128 0.20669 0.25437 0.73055 -0.44726 0.44895
1403715540662142976 -1.76029 -2.60669 0.23214 0.25193 0.73596 -0.45010 0.43852
1403715540762142976 -1.83844 -2.66659 0.25484 0.24068 0.73197 -0.46175 0.43942
1403715540862142976 -1.90884 -2.74297 0.27749 0.24062 0.72372 -0.46605 0.44848
1403715540962142976 -1.97021 -2.83470 0.29715 0.24659 0.71649 -0.46489 0.45795
1403715541062142976 -2.02706 -2.93758 0.31438 0.25564 0.71324 -0.45970 0.46326
1403715541162142976 -2.08135 -3.04756 0.32894 0.25840 0.71225 -0.45754 0.46539
1403715541262142976 -2.13526 -3.16716 0.34225 0.25134 0.70057 -0.46221 0.48206
1403715541362142976 -2.18870 -3.29356 0.35407 0.25844 0.69201 -0.46082 0.49191
1403715541462142976 -2.24716 -3.42330 0.36206 0.26841 0.69533 -0.45670 0.48570
1403715541562142976 -2.30556 -3.55775 0.36493 0.27066 0.70547 -0.45652 0.46973
1403715541662142976 -2.36036 -3.69843 0.36929 0.27163 0.71382 -0.45602 0.45686
1403715541762142976 -2.40782 -3.84347 0.37517 0.28672 0.72037 -0.44471 0.44843
1403715541862142976 -2.44761 -3.99225 0.38476 0.31068 0.72321 -0.42636 0.44571
1403715541962142976 -2.47558 -4.14081 0.39451 0.32848 0.72641 -0.40820 0.44475
1403715542062142976 -2.48574 -4.28554 0.40164 0.33853 0.73134 -0.38845 0.44682
1403715542162142976 -2.47929 -4.42033 0.40969 0.34105 0.73137 -0.36796 0.46193
1403715542262142976 -2.45441 -4.54607 0.41924 0.33518 0.72869 -0.34796 0.48538
1403715542362142976 -2.41549 -4.65247 0.43098 0.31726 0.72591 -0.33253 0.51169
1403715542462142976 -2.36861 -4.74803 0.44515 0.28961 0.71983 -0.32005 0.54364
1403715542562142976 -2.31998 -4.83190 0.46049 0.26629 0.71637 -0.30861 0.56627
1403715542662142976 -2.27755 -4.89580 0.46906 0.24790 0.72515 -0.30107 0.56750
1403715542762142976 -2.24123 -4.94966 0.47402 0.23505 0.73262 -0.29536 0.56638
1403715542862142976 -2.21026 -4.99479 0.47491 0.22569 0.74164 -0.29219 0.56005
1403715542962142976 -2.18287 -5.03323 0.46988 0.21403 0.74567 -0.29392 0.55837
1403715543062142976 -2.16099 -5.06437 0.45779 0.20407 0.74437 -0.29738 0.56199
1403715543162142976 -2.14255 -5.09326 0.44148 0.20020 0.74201 -0.29966 0.56528
1403715543262142976 -2.13149 -5.11789 0.42560 0.19954 0.73708 -0.30183 0.57079
1403715543362142976 -2.12726 -5.14054 0.40809 0.20035 0.73461 -0.30407 0.57249
1403715543462142976 -2.13153 -5.16066 0.39242 0.20634 0.73427 -0.30255 0.57160
1403715543562142976 -2.13892 -5.17996 0.37566 0.21499 0.73349 -0.29934 0.57111
1403715543662142976 -2.15591 -5.19049 0.36134 0.22615 0.72843 -0.29297 0.57655
1403715543762142976 -2.17627 -5.19793 0.34297 0.24540 0.72376 -0.28744 0.57734
1403715543862142976 -2.20592 -5.19240 0.32277 0.27009 0.72042 -0.28718 0.57058
1403715543962142976 -2.23988 -5.17240 0.29913 0.29264 0.71804 -0.29704 0.55727
1403715544062142976 -2.27483 -5.13568 0.27158 0.31388 0.71486 -0.31591 0.53913
1403715544162142976 -2.30895 -5.08278 0.23427 0.32082 0.70542 -0.35353 0.52391
1403715544262142976 -2.34350 -5.01774 0.18464 0.32943 0.68954 -0.39684 0.50846
1403715544362142976 -2.37658 -4.94451 0.12056 0.33940 0.66859 -0.44251 0.49192
1403715544462142976 -2.40873 -4.86437 0.04625 0.35055 0.64404 -0.48431 0.47725
1403715544562142976 -2.43767 -4.77960 -0.02743 0.36454 0.62128 -0.51662 0.46284
1403715544662142976 -2.46306 -4.69083 -0.08522 0.37658 0.60424 -0.53757 0.45177
1403715544762142976 -2.48684 -4.59839 -0.11754 0.39211 0.59104 -0.54340 0.44903
1403715544862142976 -2.51069 -4.49868 -0.12411 0.40262 0.58386 -0.54357 0.44894
1403715544962142976 -2.53272 -4.39212 -0.10950 0.40295 0.58459 -0.54553 0.44529
1403715545062142976 -2.55224 -4.28154 -0.08890 0.40035 0.58752 -0.55083 0.43719
1403715545162142976 -2.57081 -4.16825 -0.07127 0.40148 0.58674 -0.55832 0.42759
1403715545262142976 -2.58766 -4.05517 -0.06401 0.40450 0.58135 -0.56918 0.41767
1403715545362142976 -2.60488 -3.93914 -0.06878 -0.40711 -0.57206 0.58187 -0.41041
1403715545462142976 -2.62032 -3.82334 -0.07636 -0.40233 -0.55790 0.59623 -0.41400
1403715545562142976 -2.63941 -3.70498 -0.07824 -0.39442 -0.54424 0.60926 -0.42076
1403715545662142976 -2.66353 -3.59062 -0.07256 -0.38831 -0.53459 0.61754 -0.42670
1403715545762142976 -2.69437 -3.48126 -0.06562 -0.38521 -0.53422 0.61826 -0.42892
1403715545862142976 -2.73272 -3.36995 -0.06093 -0.38553 -0.54245 0.61102 -0.42867
1403715545962142976 -2.77612 -3.25828 -0.05492 -0.38714 -0.55965 0.59484 -0.42789
1403715546062142976 -2.82319 -3.14653 -0.04905 0.38474 0.58226 -0.57191 0.43112
1403715546162142976 -2.86837 -3.03730 -0.04119 0.37333 0.60654 -0.54570 0.44153
1403715546262142976 -2.91265 -2.92699 -0.03187 0.35520 0.63192 -0.51606 0.45628
1403715546362142976 -2.95433 -2.81682 -0.02152 0.33272 0.65632 -0.48475 0.47282
1403715546462142976 -2.99612 -2.70627 -0.00910 0.30690 0.68066 -0.45235 0.48774
1403715546562142976 -3.03930 -2.59397 0.00414 0.28060 0.70378 -0.41759 0.50158
1403715546662142976 -3.08078 -2.48656 0.01687 0.25536 0.72904 -0.37978 0.50898
1403715546762142976 -3.12104 -2.37839 0.02697 0.22612 0.75783 -0.34267 0.50709
1403715546862142976 -3.15966 -2.27133 0.03661 0.19167 0.78367 -0.30951 0.50331
1403715546962142976 -3.19042 -2.17718 0.04867 0.16496 0.80228 -0.27166 0.50530
1403715547062142976 -3.21561 -2.08767 0.06272 0.14751 0.81775 -0.22764 0.50765
1403715547162142976 -3.23113 -2.00036 0.07661 0.12737 0.82886 -0.18583 0.51208
1403715547262142976 -3.23418 -1.92175 0.09188 0.10784 0.83700 -0.14408 0.51676
1403715547362142976 -3.22634 -1.84665 0.10735 0.08902 0.84368 -0.10645 0.51860
1403715547462142976 -3.20607 -1.77243 0.11975 0.06708 0.85128 -0.07583 0.51485
1403715547562142976 -3.17318 -1.69567 0.12816 0.04530 0.85771 -0.04507 0.51015
1403715547662142976 -3.12405 -1.61948 0.13518 0.02452 0.86126 -0.01044 0.50746
1403715547762142976 -3.04856 -1.55038 0.13380 0.00587 0.86264 0.02494 0.50517
1403715547862142976 -2.97424 -1.45679 0.14326 -0.01502 0.86145 0.05770 0.50432
1403715547962142976 -2.88467 -1.36450 0.15233 -0.03582 0.85395 0.08694 0.51178
1403715548062142976 -2.78196 -1.27285 0.16093 -0.05513 0.84123 0.10567 0.52737
1403715548162142976 -2.67141 -1.18326 0.16780 -0.06494 0.82713 0.11943 0.54533
1403715548262142976 -2.55481 -1.10241 0.16913 -0.06766 0.81682 0.12865 0.55828
1403715548362142976 -2.44152 -1.00897 0.16660 -0.06824 0.81182 0.13205 0.56467
1403715548462142976 -2.32939 -0.90893 0.15249 -0.06622 0.81115 0.13205 0.56588
1403715548562142976 -2.21949 -0.80423 0.13274 -0.06858 0.81244 0.12653 0.56500
1403715548662142976 -2.11504 -0.69994 0.10958 -0.07137 0.81414 0.11929 0.56379
1403715548762142976 -2.01298 -0.59499 0.08901 -0.07284 0.81444 0.11276 0.56450
1403715548862142976 -1.91187 -0.49033 0.07062 -0.07211 0.81499 0.10764 0.56481
1403715548962142976 -1.81265 -0.38687 0.05352 -0.07327 0.81424 0.10450 0.56632
1403715549062142976 -1.71078 -0.27838 0.03521 -0.07756 0.81163 0.10886 0.56867
1403715549162142976 -1.61423 -0.17072 0.02158 -0.08579 0.80311 0.11626 0.57804
1403715549262142976 -1.51571 -0.05789 0.00851 -0.09307 0.79227 0.12250 0.59046
1403715549362142976 -1.42294 0.05362 -0.00585 -0.10324 0.78480 0.12475 0.59823
1403715549462142976 -1.34189 0.15681 -0.02186 -0.11992 0.78568 0.12102 0.59472
1403715549562142976 -1.26186 0.25792 -0.03995 -0.13236 0.79264 0.11794 0.58335
1403715549662142976 -1.18891 0.34592 -0.05672 -0.14100 0.80246 0.10993 0.56929
1403715549762142976 -1.11165 0.42689 -0.07215 -0.14333 0.80735 0.09366 0.56468
1403715549862142976 -1.03924 0.48700 -0.08222 -0.13882 0.80777 0.07187 0.56839
1403715549962142976 -0.96779 0.53281 -0.08974 -0.13540 0.80976 0.04055 0.56948
1403715550062142976 -0.89664 0.55936 -0.09672 -0.12620 0.81406 0.00497 0.56688
1403715550162142976 -0.82899 0.56046 -0.09875 -0.09911 0.81896 -0.02351 0.56473
1403715550262142976 -0.75790 0.54552 -0.08807 -0.06677 0.82225 -0.04863 0.56309
1403715550362142976 -0.68791 0.51120 -0.06235 -0.03628 0.82319 -0.07334 0.56185
1403715550462142976 -0.61502 0.46606 -0.02661 -0.00232 0.82026 -0.09685 0.56373
1403715550562142976 -0.54214 0.41137 0.00892 0.02891 0.81594 -0.12359 0.56403
1403715550662142976 -0.47234 0.34922 0.03368 0.05027 0.80982 -0.15701 0.56304
1403715550762142976 -0.40221 0.28113 0.04459 0.06510 0.80124 -0.19485 0.56197
1403715550862142976 -0.33671 0.20516 0.04232 0.07513 0.79102 -0.23449 0.56005
1403715550962142976 -0.27471 0.11972 0.03071 0.08713 0.77950 -0.27226 0.55736
1403715551062142976 -0.21659 0.02083 0.02056 0.10957 0.76896 -0.30207 0.55267
1403715551162142976 -0.16961 -0.09171 0.02340 0.13685 0.75752 -0.32790 0.54765
1403715551262142976 -0.13562 -0.21391 0.03886 0.15704 0.74231 -0.35796 0.54422
1403715551362142976 -0.10691 -0.34926 0.06146 0.17213 0.72501 -0.39173 0.53970
1403715551462142976 -0.09115 -0.49183 0.08407 0.19047 0.70573 -0.42338 0.53518
1403715551562142976 -0.09142 -0.64036 0.10691 0.21626 0.68635 -0.44961 0.52915
1403715551662142976 -0.10471 -0.79759 0.13033 0.25223 0.66791 -0.46778 0.52101
1403715551762142976 -0.13130 -0.95623 0.15366 0.28894 0.64589 -0.48401 0.51486
1403715551862142976 -0.16776 -1.11422 0.17553 0.31944 0.61865 -0.50244 0.51263
1403715551962142976 -0.21591 -1.26474 0.19656 0.34930 0.58959 -0.51925 0.51064
1403715552062142976 -0.27408 -1.40598 0.21415 0.38152 0.57190 -0.53367 0.49252
1403715552162142976 -0.33884 -1.53520 0.22918 0.40401 0.55632 -0.55244 0.47126
1403715552262142976 -0.41074 -1.64527 0.24400 -0.43136 -0.53541 0.56666 -0.45405
1403715552362142976 -0.48399 -1.74144 0.25783 -0.45845 -0.50995 0.58068 -0.43886
1403715552462142976 -0.55807 -1.81868 0.26963 -0.48093 -0.48417 0.59931 -0.41846
1403715552562142976 -0.62958 -1.87709 0.28030 -0.49987 -0.45220 0.62008 -0.40144
1403715552662142976 -0.69613 -1.90909 0.28814 0.51610 0.41425 -0.64225 0.38673
1403715552762142976 -0.76324 -1.92681 0.29065 0.52680 0.37544 -0.66790 0.36802
1403715552862142976 -0.82553 -1.91738 0.29240 0.53551 0.33598 -0.69389 0.34477
1403715552962142976 -0.88817 -1.89454 0.29059 0.53623 0.29446 -0.72166 0.32398
1403715553062142976 -0.95253 -1.85601 0.28486 0.53477 0.25093 -0.74679 0.30555
1403715553162142976 -1.01701 -1.79528 0.27776 0.54082 0.21162 -0.76386 0.28150
1403715553262142976 -1.08691 -1.71698 0.27027 0.55469 0.17335 -0.77181 0.25803
1403715553362142976 -1.15753 -1.61721 0.26250 0.57747 0.13714 -0.77086 0.23129
1403715553462142976 -1.22369 -1.49682 0.25431 0.60677 0.10759 -0.76330 0.19398
1403715553562142976 -1.27980 -1.36116 0.24146 0.63150 0.08075 -0.75541 0.15504
1403715553662142976 -1.32118 -1.21366 0.22391 0.64350 0.06103 -0.75365 0.11911
1403715553762142976 -1.34360 -1.05831 0.20182 0.63567 0.05136 -0.76493 0.09032
1403715553862142976 -1.35035 -0.89990 0.17782 0.61230 0.05091 -0.78632 0.06476
1403715553962142976 -1.34884 -0.74232 0.15755 0.58914 0.05390 -0.80486 0.04698
1403715554062142976 -1.34332 -0.58725 0.13794 0.55963 0.05382 -0.82593 0.04190
1403715554162142976 -1.33550 -0.43728 0.11846 0.52802 0.05528 -0.84651 0.03962
1403715554262142976 -1.33834 -0.29190 0.10257 0.50565 0.05870 -0.85991 0.03784
1403715554362142976 -1.36039 -0.15046 0.08674 -0.49560 -0.07318 0.86511 -0.02465
1403715554462142976 -1.39804 -0.01949 0.06802 0.51279 0.11465 -0.85076 -0.01022
1403715554562142976 -1.44611 0.09250 0.03920 0.54413 0.17203 -0.81910 -0.05834
1403715554662142976 -1.49204 0.16508 -0.00208 0.57032 0.21806 -0.78542 -0.10149
1403715554762142976 -1.52849 0.19959 -0.04957 0.58672 0.24423 -0.76145 -0.12767
1403715554862142976 -1.54558 0.18148 -0.09125 0.60352 0.25444 -0.74326 -0.13639
1403715554962142976 -1.53575 0.09316 -0.11031 0.62017 0.24359 -0.73541 -0.12335
1403715555062142976 -1.49287 -0.04693 -0.10620 0.62283 0.20076 -0.75258 -0.07350
1403715555162142976 -1.42509 -0.22240 -0.08462 0.60430 0.13989 -0.78438 0.00023
1403715555262142976 -1.34740 -0.41560 -0.06344 0.57114 0.07754 -0.81323 0.08025
1403715555362142976 -1.27144 -0.60678 -0.05325 0.54289 0.03040 -0.82729 0.14119
1403715555462142976 -1.20688 -0.78296 -0.04497 0.54251 0.01818 -0.82535 0.15540
1403715555562142976 -1.15648 -0.92705 -0.02303 0.55633 0.02818 -0.81841 0.14113
1403715555662142976 -1.10877 -1.05068 0.01011 0.56540 0.04337 -0.81424 0.12431
1403715555762142976 -1.06073 -1.15605 0.05270 0.56108 0.05208 -0.81731 0.12040
1403715555862142976 -1.01403 -1.24609 0.10523 0.54981 0.04902 -0.82305 0.13376
1403715555962142976 -0.97412 -1.31608 0.16936 0.54242 0.04806 -0.82647 0.14289
1403715556062142976 -0.94329 -1.36794 0.22926 0.52985 0.03929 -0.83186 0.16042
1403715556162142976 -0.92194 -1.39676 0.28079 0.52813 0.03427 -0.83113 0.17066
1403715556262142976 -0.91128 -1.39899 0.32990 0.53874 0.03543 -0.82395 0.17205
1403715556362142976 -0.91845 -1.37952 0.37604 0.54705 0.04271 -0.81890 0.16826
1403715556462142976 -0.93333 -1.34123 0.41634 0.55218 0.05551 -0.81669 0.15820
1403715556562142976 -0.95443 -1.29062 0.44377 0.55505 0.08074 -0.81749 0.13077
1403715556662142976 -0.97805 -1.23285 0.45641 0.55255 0.09993 -0.82003 0.11072
1403715556762142976 -1.00679 -1.17186 0.45383 0.54407 0.11351 -0.82554 0.09792
1403715556862142976 -1.03931 -1.11088 0.44387 0.54687 0.12634 -0.82325 0.08499
1403715556962142976 -1.07537 -1.05160 0.43208 0.55032 0.13655 -0.82032 0.07470
1403715557062142976 -1.11465 -0.99765 0.41656 0.53936 0.13632 -0.82746 0.07626
1403715557162142976 -1.15974 -0.95048 0.40078 0.52105 0.13110 -0.83932 0.08281
1403715557262142976 -1.21420 -0.90759 0.38737 0.50489 0.12610 -0.84938 0.08795
1403715557362142976 -1.28158 -0.86831 0.37533 -0.49646 -0.12337 0.85465 -0.08884
1403715557462142976 -1.36611 -0.83267 0.36470 0.50199 0.12146 -0.85172 0.08849
1403715557562142976 -1.46363 -0.80109 0.35448 0.52211 0.12315 -0.83977 0.08382
1403715557662142976 -1.56987 -0.77340 0.34291 0.54042 0.12688 -0.82829 0.07602
1403715557762142976 -1.68152 -0.75244 0.32923 0.55331 0.12797 -0.82012 0.06982
1403715557862142976 -1.79465 -0.73850 0.31986 0.55554 0.12118 -0.81951 0.07137
1403715557962142976 -1.90708 -0.72903 0.32338 0.55509 0.11333 -0.82086 0.07225
1403715558062142976 -2.02024 -0.72383 0.33879 0.55588 0.10739 -0.82120 0.07145
1403715558162142976 -2.13539 -0.72131 0.36573 0.55328 0.10356 -0.82359 0.06970
1403715558262142976 -2.25381 -0.72253 0.39603 0.55180 0.10621 -0.82493 0.06104
1403715558362142976 -2.37527 -0.72843 0.42578 0.55927 0.11295 -0.81980 0.04875
1403715558462142976 -2.49561 -0.74125 0.45263 0.57413 0.11278 -0.80948 0.04898
1403715558562142976 -2.61271 -0.75904 0.47146 0.59410 0.10599 -0.79513 0.05984
1403715558662142976 -2.72103 -0.77748 0.47620 0.60640 0.10017 -0.78585 0.06843
1403715558762142976 -2.82059 -0.79546 0.46809 0.60972 0.10142 -0.78268 0.07332
1403715558862142976 -2.91234 -0.81451 0.45852 0.61002 0.11378 -0.78052 0.07559
1403715558962142976 -2.99572 -0.83535 0.45227 0.61048 0.13368 -0.77686 0.07707
1403715559062142976 -3.06079 -0.85758 0.44900 0.60981 0.15618 -0.77272 0.08148
1403715559162142976 -3.11123 -0.88363 0.44949 0.60855 0.17636 -0.76774 0.09559
1403715559262142976 -3.14660 -0.91237 0.45267 0.60758 0.19919 -0.76108 0.10925
1403715559362142976 -3.16544 -0.94273 0.45542 0.60458 0.22455 -0.75461 0.12097
1403715559462142976 -3.17068 -0.97511 0.45552 0.59250 0.24990 -0.75473 0.12988
1403715559562142976 -3.16843 -1.01265 0.44450 0.57056 0.26357 -0.76420 0.14490
1403715559662142976 -3.15508 -1.04949 0.42191 0.55479 0.27122 -0.77007 0.16016
1403715559762142976 -3.13984 -1.09079 0.39001 0.54880 0.28519 -0.76828 0.16500
1403715559862142976 -3.12082 -1.13592 0.35619 0.54458 0.30124 -0.76381 0.17112
1403715559962142976 -3.09711 -1.18562 0.32274 0.54125 0.32290 -0.75629 0.17554
1403715560062142976 -3.07055 -1.24434 0.29097 0.53677 0.34532 -0.74784 0.18265
1403715560162142976 -3.03847 -1.31313 0.26671 0.52943 0.36556 -0.74049 0.19428
1403715560262142976 -3.00008 -1.39052 0.25555 0.51766 0.37758 -0.73617 0.21797
1403715560362142976 -2.95899 -1.47475 0.25613 0.50541 0.39041 -0.73123 0.23968
1403715560462142976 -2.91671 -1.56307 0.26040 -0.49608 -0.40636 0.72320 -0.25646
1403715560562142976 -2.87331 -1.65431 0.26388 -0.48824 -0.42196 0.71378 -0.27220
1403715560662142976 -2.83049 -1.74900 0.26721 -0.48080 -0.44037 0.70222 -0.28598
1403715560762142976 -2.78625 -1.84809 0.27200 -0.47376 -0.46044 0.68860 -0.29896
1403715560862142976 -2.74094 -1.94929 0.27658 -0.46871 -0.48373 0.67179 -0.30824
1403715560962142976 -2.69258 -2.05445 0.28030 -0.46116 -0.50771 0.65451 -0.31809
1403715561062142976 -2.63872 -2.16119 0.28498 -0.45025 -0.52974 0.63716 -0.33268
1403715561162142976 -2.58122 -2.27188 0.28703 -0.43482 -0.54812 0.62204 -0.35152
1403715561262142976 -2.52167 -2.38393 0.28811 -0.41769 -0.55959 0.61144 -0.37221
1403715561362142976 -2.46434 -2.49504 0.28867 -0.39738 -0.56309 0.60743 -0.39503
1403715561462142976 -2.40712 -2.61112 0.28986 -0.38430 -0.56999 0.59868 -0.41109
1403715561562142976 -2.35943 -2.72260 0.29346 0.38379 0.58345 -0.58077 0.41833
1403715561662142976 -2.31481 -2.83507 0.29768 0.38748 0.59938 -0.55980 0.42099
1403715561762142976 -2.26978 -2.94662 0.30192 0.39086 0.61107 -0.53708 0.43055
1403715561862142976 -2.22238 -3.05263 0.30745 0.38906 0.62148 -0.51480 0.44427
1403715561962142976 -2.17071 -3.15311 0.31629 0.38574 0.63023 -0.49066 0.46181
1403715562062142976 -2.11719 -3.24373 0.32553 0.38343 0.63466 -0.46725 0.48152
1403715562162142976 -2.06333 -3.32297 0.33674 0.38611 0.63671 -0.44715 0.49556
1403715562262142976 -2.00952 -3.38729 0.34749 0.39012 0.64250 -0.43284 0.49764
1403715562362142976 -1.95577 -3.43279 0.35423 0.39121 0.65445 -0.42690 0.48622
1403715562462142976 -1.89285 -3.46766 0.35923 0.38777 0.67150 -0.42649 0.46565
1403715562562142976 -1.82376 -3.48542 0.36529 0.38614 0.68639 -0.41884 0.45203
1403715562662142976 -1.73970 -3.49462 0.37190 0.37547 0.69507 -0.41197 0.45407
1403715562762142976 -1.64411 -3.49442 0.37706 0.34574 0.69660 -0.42154 0.46638
1403715562862142976 -1.54223 -3.48945 0.38220 0.31961 0.69736 -0.42747 0.47833
1403715562962142976 -1.43733 -3.48081 0.38723 0.29775 0.70082 -0.42450 0.48990
1403715563062142976 -1.32955 -3.47324 0.39191 0.28238 0.70623 -0.41211 0.50167
1403715563162142976 -1.22164 -3.46401 0.39775 0.27608 0.71320 -0.38659 0.51543
1403715563262142976 -1.11503 -3.45337 0.40453 0.26667 0.71951 -0.35373 0.53486
1403715563362142976 -1.00967 -3.43414 0.41087 0.24985 0.72932 -0.31602 0.55299
1403715563462142976 -0.90930 -3.40599 0.41603 0.22877 0.74258 -0.27533 0.56606
1403715563562142976 -0.81497 -3.37168 0.41086 0.20885 0.75506 -0.23444 0.57560
1403715563662142976 -0.73020 -3.32905 0.39290 0.19141 0.76410 -0.19493 0.58439
1403715563762142976 -0.65408 -3.27708 0.36463 0.17521 0.76917 -0.15739 0.59406
1403715563862142976 -0.58446 -3.21783 0.32609 0.14563 0.77100 -0.12825 0.60654
1403715563962142976 -0.52348 -3.14465 0.27902 0.10790 0.77430 -0.10306 0.61497
1403715564062142976 -0.47384 -3.06449 0.22408 0.06213 0.78025 -0.08063 0.61713
1403715564162142976 -0.43749 -2.98179 0.17191 0.02025 0.78368 -0.05445 0.61845
1403715564262142976 -0.41233 -2.90000 0.12290 -0.01588 0.78734 -0.02302 0.61588
1403715564362142976 -0.39851 -2.82307 0.08660 -0.04395 0.78911 0.01832 0.61240
1403715564462142976 -0.39723 -2.75149 0.06246 -0.07029 0.79784 0.06547 0.59516
1403715564562142976 -0.40051 -2.68540 0.05384 -0.09512 0.80246 0.11318 0.57810
1403715564662142976 -0.40816 -2.62023 0.05999 -0.11786 0.79952 0.16081 0.56658
1403715564762142976 -0.41907 -2.56018 0.08288 -0.13845 0.79094 0.20779 0.55863
1403715564862142976 -0.43142 -2.50092 0.11989 -0.15961 0.77814 0.25155 0.55294
1403715564962142976 -0.44580 -2.44076 0.17038 -0.18170 0.75996 0.29092 0.55209
1403715565062142976 -0.46218 -2.37782 0.23110 -0.20459 0.74234 0.32760 0.54750
1403715565162142976 -0.48635 -2.31337 0.29416 -0.23448 0.72689 0.35988 0.53585
1403715565262142976 -0.51700 -2.24834 0.34593 -0.26493 0.71191 0.38868 0.52146
1403715565362142976 -0.55081 -2.18393 0.38733 -0.29546 0.69209 0.41219 0.51362
1403715565462142976 -0.58744 -2.12710 0.41824 -0.32660 0.66963 0.43317 0.50724
1403715565562142976 -0.62750 -2.07573 0.43934 -0.35327 0.64612 0.45788 0.49806
1403715565662142976 -0.67332 -2.03635 0.46179 -0.37919 0.62179 0.48594 0.48317
1403715565762142976 -0.72289 -2.00267 0.48774 -0.40275 0.59584 0.51863 0.46237
