1403715530562142976 0.09507 0.13807 0.17859 -0.01358 0.80575 0.03517 0.59106
1403715530662142976 0.12214 0.19226 0.22729 -0.02046 0.80515 0.03955 0.59140
1403715530762142976 0.13244 0.24136 0.26969 -0.02749 0.80393 0.04523 0.59236
1403715530862142976 0.14029 0.30115 0.31813 -0.03671 0.80253 0.05596 0.59284
1403715530962142976 0.14968 0.36490 0.36775 -0.04239 0.80206 0.06749 0.59190
1403715531062142976 0.15812 0.42888 0.41254 -0.04710 0.80946 0.07567 0.58038
1403715531162142976 0.17165 0.49065 0.44719 -0.05106 0.82146 0.08037 0.56226
1403715531262142976 0.19606 0.55006 0.47761 -0.06739 0.82492 0.07482 0.55621
1403715531362142976 0.23294 0.59857 0.50360 -0.08138 0.81585 0.06958 0.56826
1403715531462142976 0.27607 0.63546 0.52040 -0.08509 0.80780 0.06931 0.57915
1403715531562142976 0.32222 0.66755 0.52642 -0.08484 0.80374 0.06948 0.58479
1403715531662142976 0.37223 0.69823 0.52271 -0.08617 0.80493 0.06664 0.58329
1403715531762142976 0.42668 0.72618 0.51747 -0.07547 0.80486 0.06954 0.58452
1403715531862142976 0.48153 0.75550 0.52045 -0.06152 0.79927 0.07259 0.59339
1403715531962142976 0.53440 0.78138 0.52416 -0.05147 0.79374 0.07259 0.60172
1403715532062142976 0.58204 0.80556 0.52459 -0.04391 0.79177 0.07176 0.60500
1403715532162142976 0.62302 0.82729 0.52502 -0.03751 0.79123 0.07168 0.60614
1403715532262142976 0.65562 0.84877 0.52476 -0.03688 0.79088 0.07114 0.60670
1403715532362142976 0.67882 0.86862 0.52311 -0.04272 0.79393 0.07010 0.60244
1403715532462142976 0.69760 0.88755 0.52055 -0.05056 0.79697 0.06678 0.59818
1403715532562142976 0.71236 0.90310 0.51580 -0.06028 0.79894 0.06135 0.59523
1403715532662142976 0.71828 0.91037 0.50989 -0.07589 0.79700 0.05384 0.59677
1403715532762142976 0.72885 0.91080 0.50069 -0.08667 0.79443 0.04691 0.59930
1403715532862142976 0.73402 0.89943 0.49045 -0.08981 0.79330 0.04089 0.60079
1403715532962142976 0.73509 0.87577 0.47623 -0.08650 0.79492 0.02916 0.59981
1403715533062142976 0.73200 0.83753 0.45237 -0.07811 0.79744 0.01110 0.59821
1403715533162142976 0.72493 0.78550 0.42029 -0.06172 0.79690 -0.00915 0.60088
1403715533262142976 0.71273 0.71968 0.39600 -0.03723 0.78916 -0.02691 0.61247
1403715533362142976 0.68826 0.64282 0.38589 -0.01482 0.78653 -0.04091 0.61602
1403715533462142976 0.65578 0.55597 0.38954 0.00006 0.79003 -0.05215 0.61084
1403715533562142976 0.61298 0.46283 0.40883 -0.00030 0.79495 -0.06843 0.60280
1403715533662142976 0.56196 0.36081 0.44160 -0.00784 0.79953 -0.08417 0.59465
1403715533762142976 0.50630 0.24584 0.49014 -0.01307 0.80246 -0.09576 0.58883
1403715533862142976 0.44920 0.11796 0.54716 -0.00572 0.80552 -0.09636 0.58466
1403715533962142976 0.39281 -0.02122 0.59819 0.00863 0.80814 -0.08978 0.58205
1403715534062142976 0.33498 -0.16866 0.63607 0.02051 0.80999 -0.08252 0.58025
1403715534162142976 0.27888 -0.32184 0.66017 0.03381 0.81104 -0.07267 0.57948
1403715534262142976 0.22502 -0.47815 0.67150 0.04595 0.81275 -0.06272 0.57741
1403715534362142976 0.17516 -0.63429 0.67112 0.05150 0.81386 -0.05684 0.57598
1403715534462142976 0.13016 -0.78790 0.65704 0.05612 0.81482 -0.05819 0.57405
1403715534562142976 0.08794 -0.93726 0.63368 0.06340 0.81470 -0.06586 0.57263
1403715534662142976 0.05000 -1.08253 0.60769 0.07160 0.81473 -0.08035 0.56976
1403715534762142976 0.00940 -1.22358 0.58176 0.08405 0.81585 -0.09998 0.56333
1403715534862142976 -0.02611 -1.35974 0.55340 0.10037 0.81878 -0.12319 0.55168
1403715534962142976 -0.05385 -1.49361 0.52503 0.11741 0.82006 -0.14724 0.54041
1403715535062142976 -0.07038 -1.62378 0.49705 0.13171 0.81971 -0.16722 0.53175
1403715535162142976 -0.07594 -1.74894 0.46802 0.13982 0.82219 -0.18395 0.52020
1403715535262142976 -0.07007 -1.87394 0.43955 0.14213 0.82584 -0.19648 0.50910
1403715535362142976 -0.05011 -1.99767 0.41457 0.14116 0.82732 -0.20611 0.50313
1403715535462142976 -0.01535 -2.12243 0.39022 0.12879 0.82194 -0.21999 0.50935
1403715535562142976 0.02601 -2.25563 0.36811 0.12226 0.81200 -0.22444 0.52472
1403715535662142976 0.07101 -2.39414 0.34807 0.12322 0.80328 -0.21913 0.53995
1403715535762142976 0.11985 -2.53356 0.32580 0.12269 0.80231 -0.20568 0.54676
1403715535862142976 0.16841 -2.67115 0.30410 0.12520 0.80570 -0.18219 0.54953
1403715535962142976 0.21961 -2.80702 0.27992 0.12118 0.81433 -0.15840 0.54506
1403715536062142976 0.27172 -2.93940 0.25770 0.11238 0.82393 -0.14122 0.53719
1403715536162142976 0.33171 -3.06913 0.23751 0.10414 0.83169 -0.12799 0.53016
1403715536262142976 0.40007 -3.19611 0.22047 0.10228 0.83781 -0.11372 0.52410
1403715536362142976 0.47550 -3.31909 0.20993 0.10388 0.83919 -0.09918 0.52453
1403715536462142976 0.56194 -3.43613 0.20176 0.11249 0.83628 -0.08188 0.53035
1403715536562142976 0.65806 -3.54443 0.19695 0.12037 0.83156 -0.06871 0.53787
1403715536662142976 0.76095 -3.63632 0.19266 0.12499 0.82499 -0.06027 0.54785
1403715536762142976 0.87118 -3.71309 0.18982 0.12512 0.81363 -0.05536 0.56506
1403715536862142976 0.98063 -3.77276 0.19072 0.12577 0.80150 -0.04700 0.58273
1403715536962142976 1.08781 -3.81761 0.19323 0.13469 0.78960 -0.03434 0.59767
1403715537062142976 1.18325 -3.83984 0.19882 0.14483 0.77597 -0.02401 0.61345
1403715537162142976 1.26876 -3.83857 0.20931 0.15185 0.75724 -0.01675 0.63502
1403715537262142976 1.33404 -3.80883 0.22277 0.15151 0.73961 -0.01594 0.65557
1403715537362142976 1.37738 -3.75336 0.23980 0.12618 0.73541 -0.03255 0.66498
1403715537462142976 1.39753 -3.67790 0.25457 0.09564 0.75221 -0.05580 0.64955
1403715537562142976 1.39253 -3.59087 0.26969 0.07013 0.77835 -0.07692 0.61914
1403715537662142976 1.37358 -3.50044 0.28770 0.05428 0.79731 -0.09152 0.59411
1403715537762142976 1.34795 -3.41129 0.31219 0.04891 0.79548 -0.09898 0.59584
1403715537862142976 1.31614 -3.32399 0.33922 0.04988 0.78500 -0.10104 0.60917
1403715537962142976 1.27561 -3.23860 0.36272 0.05148 0.78297 -0.10163 0.61154
1403715538062142976 1.22723 -3.15290 0.38346 0.04806 0.78898 -0.10603 0.60329
1403715538162142976 1.16863 -3.07315 0.40214 0.04404 0.79492 -0.11631 0.59383
1403715538262142976 1.10461 -3.00056 0.41263 0.04788 0.79817 -0.12845 0.58663
1403715538362142976 1.03655 -2.93542 0.41187 0.05769 0.79515 -0.14161 0.58682
1403715538462142976 0.96249 -2.87780 0.40504 0.07995 0.78380 -0.15002 0.59729
1403715538562142976 0.88099 -2.82263 0.39991 0.10725 0.77142 -0.15844 0.60688
1403715538662142976 0.78895 -2.76608 0.39451 0.12901 0.76411 -0.17394 0.60765
1403715538762142976 0.68681 -2.70650 0.38691 0.14708 0.76386 -0.19738 0.59660
1403715538862142976 0.57552 -2.64356 0.37764 0.16510 0.76753 -0.22619 0.57661
1403715538962142976 0.45986 -2.57858 0.36287 0.18616 0.76548 -0.25826 0.55919
1403715539062142976 0.34216 -2.51101 0.33715 0.21041 0.75647 -0.29254 0.54580
1403715539162142976 0.22310 -2.44276 0.29982 0.23451 0.74353 -0.32807 0.53342
1403715539262142976 0.10424 -2.37268 0.25119 0.25608 0.72988 -0.36332 0.51933
1403715539362142976 -0.01343 -2.30034 0.19120 0.27439 0.71911 -0.39595 0.50081
1403715539462142976 -0.12628 -2.23094 0.13034 0.29138 0.70768 -0.42126 0.48665
1403715539562142976 -0.23251 -2.16336 0.08480 0.29689 0.69715 -0.44417 0.47807
1403715539662142976 -0.33121 -2.10097 0.05853 0.29667 0.68560 -0.46214 0.47787
1403715539762142976 -0.42468 -2.04212 0.04930 0.30038 0.67609 -0.47090 0.48055
1403715539862142976 -0.51970 -1.98505 0.05387 0.30341 0.67461 -0.47224 0.47940
1403715539962142976 -0.61391 -1.93494 0.07376 0.29396 0.68126 -0.47507 0.47305
1403715540062142976 -0.70752 -1.89536 0.10294 0.27789 0.69077 -0.48059 0.46330
1403715540162142976 -0.79121 -1.87307 0.13741 0.25810 0.69755 -0.48799 0.45681
1403715540262142976 -0.87611 -1.86498 0.17490 0.25028 0.69905 -0.48941 0.45735
1403715540362142976 -0.96213 -1.87346 0.21465 0.25763 0.70292 -0.48040 0.45689
1403715540462142976 -1.05082 -1.89303 0.25084 0.26579 0.71022 -0.47019 0.45151
1403715540562142976 -1.14045 -1.92045 0.28193 0.26958 0.72025 -0.46611 0.43738
1403715540662142976 -1.22480 -1.95932 0.30880 0.26698 0.72542 -0.46930 0.42690
1403715540762142976 -1.30259 -2.01279 0.33273 0.25581 0.72108 -0.48094 0.42814
1403715540862142976 -1.37181 -2.08195 0.35505 0.25620 0.71267 -0.48518 0.43711
1403715540962142976 -1.43768 -2.16429 0.37645 0.26255 0.70539 -0.48392 0.44644
1403715541062142976 -1.50028 -2.26017 0.39605 0.27171 0.70229 -0.47867 0.45148
1403715541162142976 -1.56264 -2.36418 0.41171 0.27435 0.70132 -0.47649 0.45369
1403715541262142976 -1.62168 -2.47794 0.42592 0.26769 0.68955 -0.48105 0.47059
1403715541362142976 -1.68276 -2.59881 0.43881 0.27484 0.68108 -0.47941 0.48038
1403715541462142976 -1.74584 -2.72334 0.44618 0.28447 0.68444 -0.47540 0.47393
1403715541562142976 -1.80833 -2.85263 0.44947 0.28617 0.69448 -0.47570 0.45772
1403715541662142976 -1.86933 -2.98660 0.45476 0.28674 0.70274 -0.47558 0.44470
1403715541762142976 -1.92404 -3.12589 0.46166 0.30150 0.70954 -0.46449 0.43577
1403715541862142976 -1.96976 -3.27075 0.47027 0.32514 0.71289 -0.44621 0.43240
1403715541962142976 -2.00121 -3.41450 0.47620 0.34279 0.71656 -0.42831 0.43081
1403715542062142976 -2.01600 -3.55544 0.48065 0.35277 0.72203 -0.40881 0.43255
1403715542162142976 -2.01595 -3.68947 0.48877 0.35560 0.72270 -0.38845 0.44762
1403715542262142976 -1.99746 -3.81494 0.49756 0.35030 0.72065 -0.36856 0.47128
1403715542362142976 -1.96458 -3.92296 0.50979 0.33310 0.71837 -0.35331 0.49817
1403715542462142976 -1.92296 -4.01717 0.52450 0.30653 0.71268 -0.34098 0.53090
1403715542562142976 -1.88018 -4.09871 0.54058 0.28407 0.70954 -0.32971 0.55421
1403715542662142976 -1.84273 -4.16395 0.54955 0.26572 0.71844 -0.32260 0.55603
1403715542762142976 -1.80976 -4.22029 0.55605 0.25285 0.72601 -0.31733 0.55522
1403715542862142976 -1.78136 -4.26623 0.55394 0.24324 0.73504 -0.31446 0.54923
1403715542962142976 -1.75792 -4.30207 0.54939 0.23173 0.73886 -0.31647 0.54794
1403715543062142976 -1.73834 -4.33295 0.53630 0.22177 0.73739 -0.31987 0.55205
1403715543162142976 -1.72438 -4.35992 0.52002 0.21794 0.73489 -0.32213 0.55558
1403715543262142976 -1.71521 -4.38482 0.50418 0.21745 0.72988 -0.32428 0.56110
1403715543362142976 -1.71198 -4.41031 0.48636 0.21810 0.72734 -0.32639 0.56292
1403715543462142976 -1.71488 -4.43275 0.47164 0.22412 0.72703 -0.32505 0.56174
1403715543562142976 -1.72245 -4.45360 0.45589 0.23275 0.72628 -0.32181 0.56105
1403715543662142976 -1.73847 -4.46425 0.44201 0.24426 0.72138 -0.31550 0.56604
1403715543762142976 -1.75993 -4.46878 0.42488 0.26361 0.71685 -0.30979 0.56627
1403715543862142976 -1.78797 -4.46119 0.40399 0.28834 0.71341 -0.30939 0.55873
1403715543962142976 -1.81878 -4.43946 0.37979 0.31080 0.71060 -0.31917 0.54459
1403715544062142976 -1.85201 -4.39811 0.35370 0.33156 0.70681 -0.33765 0.52580
1403715544162142976 -1.88243 -4.34391 0.31677 0.33815 0.69614 -0.37492 0.51037
1403715544262142976 -1.91198 -4.27812 0.26672 0.34643 0.67887 -0.41772 0.49461
1403715544362142976 -1.94072 -4.20293 0.20305 0.35604 0.65640 -0.46272 0.47778
1403715544462142976 -1.96724 -4.11947 0.13019 0.36702 0.63030 -0.50389 0.46272
1403715544562142976 -1.99084 -4.03178 0.05799 0.38070 0.60633 -0.53558 0.44787
1403715544662142976 -2.00994 -3.94124 0.00044 0.39246 0.58855 -0.55602 0.43638
1403715544762142976 -2.02646 -3.84848 -0.03190 0.40790 0.57514 -0.56145 0.43313
1403715544862142976 -2.04091 -3.74930 -0.03726 0.41843 0.56792 -0.56148 0.43258
1403715544962142976 -2.05373 -3.64221 -0.02116 0.41874 0.56837 -0.56368 0.42880
1403715545062142976 -2.06434 -3.53180 0.00003 0.41591 0.57094 -0.56926 0.42070
1403715545162142976 -2.07536 -3.41852 0.02017 -0.41676 -0.56972 0.57686 -0.41106
1403715545262142976 -2.08463 -3.30334 0.02844 -0.41949 -0.56383 0.58762 -0.40103
1403715545362142976 -2.09366 -3.18729 0.02558 -0.42191 -0.55403 0.60008 -0.39363
1403715545462142976 -2.09956 -3.07190 0.01913 -0.41743 -0.53924 0.61408 -0.39735
1403715545562142976 -2.10917 -2.95443 0.01770 -0.40983 -0.52508 0.62677 -0.40434
1403715545662142976 -2.12247 -2.84005 0.02342 -0.40404 -0.51503 0.63496 -0.41026
1403715545762142976 -2.14622 -2.72532 0.03108 -0.40089 -0.51465 0.63570 -0.41268
1403715545862142976 -2.17667 -2.61219 0.03756 -0.40100 -0.52322 0.62868 -0.41255
1403715545962142976 -2.21140 -2.49878 0.04454 -0.40243 -0.54091 0.61319 -0.41165
1403715546062142976 -2.25044 -2.38427 0.05205 -0.39996 -0.56430 0.59110 -0.41498
1403715546162142976 -2.28731 -2.27215 0.06178 0.38877 0.58946 -0.56585 0.42568
1403715546262142976 -2.32290 -2.16122 0.07220 0.37097 0.61582 -0.53727 0.44101
1403715546362142976 -2.35768 -2.05206 0.08366 0.34877 0.64132 -0.50696 0.45831
1403715546462142976 -2.39087 -1.94003 0.09638 0.32340 0.66666 -0.47569 0.47402
1403715546562142976 -2.42488 -1.82848 0.11078 0.29748 0.69088 -0.44205 0.48866
1403715546662142976 -2.45793 -1.72017 0.12466 0.27243 0.71731 -0.40545 0.49684
1403715546762142976 -2.48932 -1.61495 0.13600 0.24300 0.74727 -0.36961 0.49590
1403715546862142976 -2.51695 -1.51375 0.14605 0.20831 0.77413 -0.33762 0.49329
1403715546962142976 -2.53904 -1.41920 0.15848 0.18165 0.79397 -0.30064 0.49622
1403715547062142976 -2.55500 -1.33235 0.17330 0.16423 0.81091 -0.25739 0.49920
1403715547162142976 -2.56213 -1.25117 0.18538 0.14412 0.82347 -0.21608 0.50441
1403715547262142976 -2.55447 -1.17523 0.20175 0.12494 0.83303 -0.17498 0.50973
1403715547362142976 -2.53993 -1.10147 0.21410 0.10618 0.84100 -0.13760 0.51235
1403715547462142976 -2.50920 -1.03008 0.22516 0.08442 0.84963 -0.10754 0.50936
1403715547562142976 -2.46875 -0.95817 0.23238 0.06247 0.85706 -0.07707 0.50557
1403715547662142976 -2.41470 -0.88282 0.23840 0.04167 0.86176 -0.04262 0.50380
1403715547762142976 -2.34635 -0.80517 0.24427 0.02269 0.86424 -0.00703 0.50252
1403715547862142976 -2.26404 -0.72199 0.25110 0.00169 0.86407 0.02589 0.50270
1403715547962142976 -2.16702 -0.63790 0.25860 -0.01874 0.85756 0.05529 0.51106
1403715548062142976 -2.05729 -0.55386 0.26605 -0.03720 0.84558 0.07420 0.52736
1403715548162142976 -1.93962 -0.47133 0.27125 -0.04611 0.83197 0.08831 0.54580
1403715548262142976 -1.82034 -0.38500 0.27603 -0.04779 0.82189 0.09770 0.55917
1403715548362142976 -1.69969 -0.29662 0.27358 -0.04788 0.81705 0.10108 0.56562
1403715548462142976 -1.58069 -0.20452 0.26023 -0.04576 0.81634 0.10099 0.56683
1403715548562142976 -1.46273 -0.10859 0.23957 -0.04801 0.81749 0.09527 0.56598
1403715548662142976 -1.34744 -0.01109 0.21845 -0.05065 0.81902 0.08776 0.56474
1403715548762142976 -1.23377 0.08940 0.19812 -0.05172 0.81916 0.08099 0.56546
1403715548862142976 -1.12493 0.18874 0.17946 -0.05077 0.81948 0.07564 0.56583
1403715548962142976 -1.02000 0.28468 0.16185 -0.05175 0.81851 0.07240 0.56756
1403715549062142976 -0.91458 0.38384 0.14541 -0.05598 0.81595 0.07678 0.57026
1403715549162142976 -0.80989 0.48657 0.13245 -0.06357 0.80772 0.08439 0.58003
1403715549262142976 -0.71007 0.58801 0.12215 -0.07045 0.79703 0.09106 0.59287
1403715549362142976 -0.61502 0.69005 0.10990 -0.08033 0.78956 0.09362 0.60114
1403715549462142976 -0.53532 0.78529 0.09343 -0.09693 0.79005 0.08968 0.59865
1403715549562142976 -0.45575 0.87493 0.07677 -0.10995 0.79682 0.08637 0.58782
1403715549662142976 -0.37439 0.95941 0.06019 -0.11884 0.80641 0.07772 0.57405
1403715549762142976 -0.29028 1.03444 0.04509 -0.12113 0.81076 0.06111 0.56944
1403715549862142976 -0.21139 1.09030 0.03604 -0.11621 0.81046 0.03914 0.57282
1403715549962142976 -0.13241 1.13327 0.02763 -0.11246 0.81129 0.00754 0.57367
1403715550062142976 -0.05956 1.15281 0.02150 -0.10326 0.81424 -0.02824 0.57057
1403715550162142976 0.00936 1.14977 0.01985 -0.07613 0.81806 -0.05685 0.56723
1403715550262142976 0.07714 1.12853 0.03090 -0.04380 0.82030 -0.08216 0.56430
1403715550362142976 0.14569 1.09098 0.05645 -0.01324 0.82025 -0.10701 0.56175
1403715550462142976 0.21424 1.04014 0.09231 0.02083 0.81638 -0.13040 0.56221
1403715550562142976 0.28399 0.98112 0.12670 0.05213 0.81096 -0.15701 0.56123
1403715550662142976 0.34889 0.91473 0.15108 0.07348 0.80346 -0.19020 0.55935
1403715550762142976 0.41320 0.84276 0.16228 0.08832 0.79334 -0.22771 0.55764
1403715550862142976 0.47199 0.76338 0.16029 0.09833 0.78152 -0.26693 0.55526
1403715550962142976 0.52595 0.67440 0.14745 0.11027 0.76847 -0.30424 0.55203
1403715551062142976 0.57464 0.57286 0.13530 0.13253 0.75670 -0.33363 0.54638
1403715551162142976 0.61141 0.45924 0.13759 0.15968 0.74416 -0.35903 0.54021
1403715551262142976 0.63651 0.33543 0.15408 0.17977 0.72771 -0.38847 0.53592
1403715551362142976 0.65257 0.20106 0.17699 0.19475 0.70895 -0.42155 0.53081
1403715551462142976 0.65558 0.05941 0.19978 0.21289 0.68831 -0.45242 0.52557
1403715551562142976 0.64217 -0.08751 0.22241 0.23841 0.66780 -0.47789 0.51848
1403715551662142976 0.61487 -0.24097 0.24551 0.27405 0.64854 -0.49538 0.50881
1403715551762142976 0.57478 -0.39490 0.26873 0.31051 0.62579 -0.51077 0.50108
1403715551862142976 0.52678 -0.54811 0.28993 0.34098 0.59775 -0.52815 0.49748
1403715551962142976 0.46839 -0.69356 0.30862 0.37081 0.56793 -0.54385 0.49415
1403715552062142976 0.40056 -0.82804 0.32553 -0.40232 -0.54954 0.55758 -0.47461
1403715552162142976 0.32703 -0.94819 0.33987 -0.42396 -0.53304 0.57574 -0.45237
1403715552262142976 0.24935 -1.05071 0.35393 -0.45055 -0.51147 0.58910 -0.43401
1403715552362142976 0.17047 -1.13540 0.36775 -0.47706 -0.48530 0.60206 -0.41764
1403715552462142976 0.09290 -1.20337 0.37845 -0.49866 -0.45867 0.61963 -0.39626
1403715552562142976 0.01962 -1.25232 0.38836 0.51689 0.42574 -0.63904 0.37842
1403715552662142976 -0.04803 -1.28005 0.39683 0.53248 0.38681 -0.65956 0.36308
1403715552762142976 -0.11196 -1.29033 0.40265 0.54249 0.34685 -0.68356 0.34372
1403715552862142976 -0.17202 -1.27800 0.40696 0.55008 0.30639 -0.70780 0.32023
1403715552962142976 -0.23105 -1.25220 0.40520 0.54981 0.26376 -0.73375 0.29958
1403715553062142976 -0.29108 -1.21075 0.40023 0.54747 0.21932 -0.75693 0.28148
1403715553162142976 -0.35066 -1.14891 0.39415 0.55238 0.17949 -0.77231 0.25730
1403715553262142976 -0.41201 -1.06782 0.38747 0.56527 0.14092 -0.77859 0.23326
1403715553362142976 -0.47404 -0.96702 0.38082 0.58682 0.10487 -0.77612 0.20562
1403715553462142976 -0.52910 -0.84503 0.37262 0.61449 0.07565 -0.76730 0.16715
1403715553562142976 -0.57159 -0.70630 0.36107 0.63755 0.04917 -0.75822 0.12729
1403715553662142976 -0.59896 -0.55836 0.34430 0.64800 0.02952 -0.75562 0.09093
1403715553762142976 -0.60861 -0.40462 0.32329 0.63890 0.01941 -0.76649 0.06262
1403715553862142976 -0.60238 -0.24792 0.30034 0.61441 0.01807 -0.78786 0.03824
1403715553962142976 -0.58604 -0.09269 0.28043 0.59053 0.02021 -0.80648 0.02153
1403715554162142976 -0.54579 0.20635 0.24249 0.52913 0.01962 -0.84815 0.01679
1403715554262142976 -0.53962 0.35009 0.22735 0.50660 0.02243 -0.86174 0.01598
1403715554362142976 -0.54910 0.48896 0.21277 -0.49597 -0.03647 0.86757 -0.00310
1403715554462142976 -0.57712 0.61924 0.19470 0.51158 0.07833 -0.85504 -0.03253
1403715554562142976 -0.61751 0.73116 0.16696 0.54079 0.13690 -0.82588 -0.08205
1403715554662142976 -0.65967 0.81071 0.12704 0.56514 0.18463 -0.79416 -0.12587
1403715554762142976 -0.69304 0.85121 0.07864 0.58059 0.21208 -0.77117 -0.15240
1403715554962142976 -0.70669 0.75197 0.01165 0.61449 0.21255 -0.74496 -0.14916
1403715555062142976 -0.67417 0.60577 0.01558 0.61918 0.16888 -0.76038 -0.09961
1403715555212142848 -0.58785 0.31949 0.04884 0.59107 0.07615 -0.80292 0.01269
1403715555312143104 -0.52496 0.11889 0.06571 0.55780 0.01303 -0.82445 0.09473
1403715555612143104 -0.38354 -0.36763 0.11490 0.56722 0.00031 -0.81635 0.10874
1403715555712142848 -0.34642 -0.48433 0.15348 0.56936 0.01520 -0.81657 0.09384
1403715555812143104 -0.30941 -0.58423 0.20183 0.56003 0.01625 -0.82200 0.10204
1403715555912143104 -0.27337 -0.66909 0.26098 0.55167 0.01290 -0.82604 0.11470
1403715556012142848 -0.24313 -0.73317 0.32605 0.54277 0.00932 -0.83028 0.12633
1403715556112143104 -0.22300 -0.77886 0.38138 0.53246 -0.00044 -0.83409 0.14417
1403715556212142848 -0.21121 -0.80039 0.43174 0.53927 -0.00254 -0.82887 0.14887
1403715556312143104 -0.20770 -0.79603 0.48023 0.55035 0.00243 -0.82216 0.14547
1403715556412143104 -0.21088 -0.76808 0.52403 0.55622 0.01123 -0.81901 0.14040
1403715556662142976 -0.24400 -0.63830 0.58181 0.55645 0.06357 -0.82398 0.08591
1403715556762142976 -0.26656 -0.57701 0.58061 0.54741 0.07684 -0.83009 0.07345
1403715556862142976 -0.29711 -0.51411 0.57119 0.54958 0.08962 -0.82842 0.06046
1403715556962142976 -0.32868 -0.45368 0.55957 0.55257 0.09980 -0.82596 0.04995
1403715557062142976 -0.36180 -0.39885 0.54413 0.54168 0.09906 -0.83311 0.05186
1403715557212142848 -0.42575 -0.32567 0.52093 0.51540 0.09030 -0.84988 0.06261
1403715557312143104 -0.48323 -0.28161 0.50762 0.50326 0.08606 -0.85733 0.06566
1403715557412143104 -0.55571 -0.24013 0.49603 0.50020 0.08306 -0.85935 0.06650
1403715557512142848 -0.64497 -0.20064 0.48568 0.51437 0.08358 -0.85115 0.06313
1403715557612143104 -0.74493 -0.16576 0.47470 0.53377 0.08704 -0.83933 0.05522
1403715557812143104 -0.96276 -0.10748 0.44890 0.55743 0.08766 -0.82437 0.04475
1403715557912143104 -1.07292 -0.08566 0.44403 0.55717 0.07987 -0.82526 0.04625
1403715558062142976 -1.23977 -0.06086 0.46187 0.55807 0.06992 -0.82558 0.04574
1403715558162142976 -1.35294 -0.04807 0.48869 0.55540 0.06591 -0.82779 0.04404
1403715558312143104 -1.52881 -0.03528 0.53370 0.55557 0.07256 -0.82783 0.02803
1403715558412143104 -1.64717 -0.03345 0.56390 0.56698 0.07770 -0.81984 0.01904
1403715558512142848 -1.76661 -0.03935 0.58777 0.58600 0.07263 -0.80660 0.02673
1403715558662142976 -1.93576 -0.05265 0.60106 0.60850 0.06383 -0.78997 0.04005
1403715558762142976 -2.04004 -0.06270 0.59387 0.61198 0.06514 -0.78692 0.04469
1403715559012142848 -2.24760 -0.09653 0.57640 0.61328 0.10906 -0.78077 0.04888
1403715559112143104 -2.30599 -0.11496 0.57602 0.61247 0.12996 -0.77746 0.05947
1403715559262142976 -2.37041 -0.15291 0.57855 0.61151 0.16324 -0.77003 0.08039
1403715559362142976 -2.39149 -0.18302 0.58105 0.60904 0.18881 -0.76482 0.09207
1403715559562142976 -2.40152 -0.25319 0.56743 0.57612 0.22728 -0.77629 0.11751
1403715559662142976 -2.39235 -0.29201 0.54400 0.56110 0.23456 -0.78253 0.13339
1403715559762142976 -2.38037 -0.33426 0.51279 0.55538 0.24860 -0.78140 0.13845
1403715559912143104 -2.35726 -0.40884 0.46273 0.55005 0.27527 -0.77467 0.14683
1403715560012142848 -2.33497 -0.46712 0.43082 0.54656 0.29864 -0.76759 0.15130
1403715560162142976 -2.29369 -0.57216 0.38984 0.53776 0.32960 -0.75757 0.16815
1403715560262142976 -2.26158 -0.65355 0.37706 0.52724 0.34171 -0.75383 0.19229
1403715560412143104 -2.21146 -0.78818 0.37817 0.51218 0.36202 -0.74583 0.22441
1403715560512142848 -2.17823 -0.88223 0.38181 0.50431 0.37907 -0.73796 0.23957
1403715560662142976 -2.12940 -1.03006 0.38449 -0.49386 -0.40584 0.72307 -0.26184
1403715560762142976 -2.09579 -1.13442 0.38867 -0.48747 -0.42644 0.71053 -0.27506
1403715560912143104 -2.04208 -1.29608 0.39378 -0.47924 -0.46305 0.68731 -0.28898
1403715561012142848 -2.00090 -1.40817 0.39759 -0.47118 -0.48706 0.67063 -0.30170
1403715561162142976 -1.93370 -1.58160 0.40200 -0.45102 -0.51729 0.64860 -0.32910
1403715561262142976 -1.88327 -1.70046 0.40322 -0.43498 -0.52920 0.63867 -0.35048
1403715561412143104 -1.81064 -1.87925 0.40453 -0.40835 -0.53527 0.63176 -0.38421
1403715561512142848 -1.76791 -1.99972 0.40775 -0.40330 -0.54714 0.61835 -0.39450
1403715561662142976 -1.71103 -2.17974 0.41475 -0.40761 -0.57116 0.58949 -0.40017
1403715561762142976 -1.67497 -2.29653 0.42015 0.41144 0.58394 -0.56746 0.40954
1403715561862142976 -1.63559 -2.40966 0.42550 0.41035 0.59544 -0.54581 0.42327
1403715561962142976 -1.59329 -2.51560 0.43425 0.40784 0.60542 -0.52213 0.44104
1403715562062142976 -1.54799 -2.61455 0.44291 0.40646 0.61108 -0.49900 0.46084
1403715562162142976 -1.50301 -2.69613 0.45378 0.40989 0.61412 -0.47898 0.47479
1403715562462142976 -1.34484 -2.85354 0.47899 0.41022 0.64983 -0.45993 0.44486
1403715562562142976 -1.27630 -2.87855 0.48374 0.40794 0.66506 -0.45300 0.43136
1403715562662142976 -1.19036 -2.90072 0.48930 0.39741 0.67403 -0.44665 0.43388
1403715562762142976 -1.09521 -2.91018 0.49361 0.36825 0.67512 -0.45623 0.44772
1403715562862142976 -0.99188 -2.91703 0.49815 0.34275 0.67558 -0.46220 0.46095
1403715563062142976 -0.77885 -2.92124 0.50629 0.30662 0.68524 -0.44725 0.48621
1403715563162142976 -0.67236 -2.92253 0.51202 0.30101 0.69349 -0.42211 0.50028
1403715563312143104 -0.51359 -2.91730 0.52122 0.28577 0.70683 -0.37127 0.52999
1403715563412143104 -0.41472 -2.89917 0.52737 0.26561 0.72013 -0.33290 0.54776
1403715563562142976 -0.27148 -2.86378 0.52582 0.23648 0.74274 -0.27219 0.56420
1403715563662142976 -0.18421 -2.82956 0.50842 0.21954 0.75369 -0.23326 0.57388
1403715563812143104 -0.06554 -2.76042 0.46375 0.19255 0.76274 -0.18004 0.59054
1403715563912143104 0.00091 -2.69964 0.41960 0.15778 0.76610 -0.15419 0.60367
1403715564062142976 0.08571 -2.59125 0.34079 0.09220 0.77526 -0.12021 0.61320
1403715564162142976 0.13165 -2.51183 0.28958 0.05064 0.77998 -0.09442 0.61657
1403715564262142976 0.16917 -2.43300 0.24079 0.01464 0.78524 -0.06343 0.61576
1403715564512142848 0.20027 -2.25365 0.17563 -0.05426 0.80440 0.04762 0.58968
1403715564612143104 0.19786 -2.18554 0.17454 -0.07833 0.80777 0.09581 0.57636
1403715564712142848 0.19289 -2.12225 0.19018 -0.09941 0.80407 0.14359 0.56831
1403715564812143104 0.18915 -2.06256 0.21912 -0.12033 0.79550 0.18950 0.56284
1403715564912143104 0.18505 -2.00193 0.26168 -0.14233 0.78279 0.23097 0.56003
1403715565112143104 0.15861 -1.87056 0.38204 -0.19055 0.75121 0.30540 0.55327
1403715565212142848 0.13775 -1.79872 0.44210 -0.22199 0.73838 0.33644 0.54067
1403715565312143104 0.11153 -1.72982 0.49227 -0.25355 0.72289 0.36274 0.53063
1403715565412143104 0.08258 -1.66527 0.53012 -0.28377 0.70214 0.38629 0.52655
1403715565512142848 0.04937 -1.60704 0.55534 -0.31389 0.68064 0.40911 0.52041
1403715565612143104 0.01328 -1.55211 0.57680 -0.33984 0.65838 0.43690 0.51006
1403715565712142848 -0.02796 -1.50679 0.59993 -0.36594 0.63517 0.46794 0.49365
1403715565812143104 -0.07646 -1.47879 0.62703 -0.38806 0.61004 0.50526 0.47113
1403715565912143104 -0.12990 -1.45924 0.65860 -0.41230 0.58117 0.54390 0.44319
1403715566062142976 -0.21461 -1.44813 0.70626 -0.45109 0.52729 0.59780 0.40140
1403715566162142976 -0.26912 -1.45116 0.73632 -0.47290 0.48853 0.63052 0.37435
1403715566312143104 -0.35046 -1.47301 0.78058 0.50372 -0.42899 -0.67263 -0.33137
1403715566412143104 -0.39970 -1.49792 0.80502 0.52012 -0.38851 -0.69756 -0.30323
1403715566662142976 -0.50743 -1.59132 0.81812 0.55967 -0.29008 -0.73893 -0.23792
1403715566762142976 -0.54331 -1.64091 0.80504 0.57101 -0.24819 -0.75374 -0.21029
1403715566862142976 -0.57785 -1.70374 0.79656 0.58132 -0.20542 -0.76747 -0.17569
1403715566962142976 -0.60438 -1.77368 0.79060 0.59263 -0.15812 -0.77758 -0.13842
1403715567112143104 -0.63113 -1.89098 0.78026 0.59854 -0.08520 -0.79351 -0.06959
1403715567212142848 -0.63821 -1.97346 0.77396 0.59875 -0.03184 -0.80001 -0.02165
1403715567362142976 -0.64125 -2.10160 0.75924 0.58453 0.05753 -0.80815 0.04375
1403715567462142976 -0.63548 -2.18354 0.74211 0.57204 0.12163 -0.80708 0.08120
1403715567562142976 -0.62602 -2.26802 0.71206 0.55981 0.18258 -0.79991 0.11586
1403715567712142848 -0.60348 -2.40341 0.64877 0.54590 0.26344 -0.77696 0.17007
1403715567812143104 -0.58230 -2.49907 0.60342 0.53950 0.31239 -0.75364 0.20829
1403715567962142976 -0.54155 -2.64088 0.53539 0.52248 0.38533 -0.71540 0.25833
1403715568062142976 -0.50492 -2.73678 0.49417 0.51208 0.42922 -0.68547 0.28926
1403715568362142976 -0.35588 -2.98004 0.37881 -0.46118 -0.53783 0.59344 -0.38194
1403715568462142976 -0.28585 -3.05228 0.35007 0.43936 0.56969 -0.56203 0.40809
1403715568562142976 -0.21401 -3.11146 0.32821 0.41585 0.60050 -0.52923 0.43172
1403715568662142976 -0.14309 -3.15385 0.30908 0.39255 0.63078 -0.49383 0.45183
1403715568762142976 -0.06993 -3.18892 0.29395 0.36580 0.65798 -0.45872 0.47205
1403715568862142976 0.00689 -3.21205 0.28282 0.33836 0.68412 -0.42341 0.48807
1403715568962142976 0.08331 -3.21855 0.27486 0.30893 0.70807 -0.39135 0.50005
1403715569212142848 0.27815 -3.22515 0.24898 0.24093 0.75323 -0.31880 0.52246
1403715569312143104 0.36001 -3.22653 0.23997 0.22112 0.75809 -0.29247 0.53932
1403715569412143104 0.43510 -3.22103 0.23686 0.20769 0.75769 -0.26680 0.55820
1403715569512142848 0.50606 -3.20744 0.23453 0.19699 0.75989 -0.24098 0.57070
1403715569612143104 0.57267 -3.18728 0.23167 0.18522 0.76605 -0.21467 0.57687
1403715569712142848 0.63482 -3.16017 0.22691 0.16888 0.77574 -0.18889 0.57795
1403715569812143104 0.68535 -3.11975 0.22489 0.14556 0.78509 -0.16176 0.57989
1403715569912143104 0.73833 -3.07368 0.22326 0.11919 0.79088 -0.13121 0.58573
1403715570012142848 0.78660 -3.02273 0.22369 0.09416 0.79314 -0.09755 0.59376
1403715570162142976 0.84903 -2.93488 0.22188 0.05536 0.79525 -0.04435 0.60212
1403715570262142976 0.88166 -2.86925 0.21798 0.02737 0.79569 -0.00735 0.60504
1403715570362142976 0.90643 -2.79820 0.21299 -0.00157 0.79261 0.03189 0.60889
1403715570462142976 0.91724 -2.72265 0.20634 -0.03308 0.78735 0.07199 0.61140
1403715570662142976 0.90794 -2.56396 0.18934 -0.09517 0.77418 0.15733 0.60567
1403715570762142976 0.88642 -2.48197 0.17686 -0.12672 0.77004 0.20001 0.59244
1403715570862142976 0.85714 -2.39622 0.16539 -0.15784 0.76157 0.24324 0.57960
1403715570962142976 0.81989 -2.30871 0.15477 -0.18683 0.75263 0.28359 0.56411
1403715571062142976 0.77334 -2.22420 0.14013 -0.21324 0.74459 0.31536 0.54833
1403715571212142848 0.69086 -2.10701 0.11863 -0.24803 0.73013 0.33842 0.53932
1403715571312143104 0.63485 -2.03291 0.10759 -0.26041 0.71552 0.34606 0.54814
1403715571412143104 0.57311 -1.96720 0.09828 -0.26564 0.70838 0.35052 0.55206
1403715571512142848 0.50822 -1.90682 0.08696 -0.26276 0.71478 0.35596 0.54162
1403715571712142848 0.36673 -1.80774 0.04214 -0.28786 0.75343 0.33841 0.48473
1403715571812143104 0.30567 -1.76903 0.00494 -0.30259 0.77755 0.32462 0.44551
1403715571912143104 0.27003 -1.73510 -0.03411 -0.30779 0.79629 0.31629 0.41370
1403715572012142848 0.26704 -1.70867 -0.07165 -0.30075 0.81091 0.31711 0.38911
1403715572112143104 0.29518 -1.67934 -0.10292 -0.27825 0.81603 0.33303 0.38178
1403715572212142848 0.35052 -1.63843 -0.12833 -0.25135 0.80387 0.36166 0.39979
1403715572312143104 0.42536 -1.58043 -0.14835 -0.23441 0.76892 0.39573 0.44409
1403715572512142848 0.57833 -1.42298 -0.19284 -0.25151 0.69418 0.44054 0.51067
1403715572612143104 0.64134 -1.33877 -0.21591 -0.27193 0.67289 0.45694 0.51428
1403715572712142848 0.68894 -1.25206 -0.23744 -0.29058 0.65472 0.47713 0.50917
1403715572862142976 0.73611 -1.11723 -0.26112 -0.31740 0.63674 0.50851 0.48501
1403715572962142976 0.75041 -1.02783 -0.26214 -0.34161 0.62334 0.52434 0.46885
1403715573262142976 0.74723 -0.76619 -0.20332 -0.40689 0.57396 0.57382 0.41921
1403715573362142976 0.73636 -0.68736 -0.18039 -0.42294 0.55811 0.59285 0.39770
1403715573462142976 0.72445 -0.61287 -0.16021 -0.44006 0.54396 0.60989 0.37214
1403715573562142976 0.71456 -0.54315 -0.13975 -0.45663 0.53002 0.62523 0.34592
1403715573662142976 0.70907 -0.47346 -0.11913 -0.46453 0.50946 0.64517 0.32928
1403715573912143104 0.70114 -0.28660 -0.07189 -0.45893 0.44694 0.70954 0.29357
1403715574012142848 0.69073 -0.20713 -0.05342 -0.46352 0.42100 0.73141 0.27008
1403715574112143104 0.67428 -0.12221 -0.03409 -0.47076 0.39188 0.75201 0.24351
1403715574212142848 0.65088 -0.02774 -0.01161 -0.48504 0.35720 0.76684 0.22159
1403715574312143104 0.62204 0.07158 0.01323 0.50431 -0.31269 -0.77595 -0.21398
1403715574662142976 0.47803 0.38717 0.07250 0.52042 -0.20406 -0.80164 -0.21190
1403715574762142976 0.41865 0.45554 0.07914 0.52043 -0.19104 -0.80785 -0.20011
1403715574862142976 0.35046 0.51571 0.08728 0.52510 -0.19127 -0.80993 -0.17807
1403715574962142976 0.27405 0.57121 0.10029 0.53518 -0.19449 -0.80601 -0.16154
1403715575062142976 0.19476 0.61950 0.11745 0.54653 -0.19512 -0.79930 -0.15604
1403715575162142976 0.11240 0.66699 0.13687 0.56155 -0.19268 -0.78846 -0.16079
1403715575262142976 0.03586 0.70408 0.15942 0.58003 -0.18824 -0.77348 -0.17278
1403715575512142848 -0.14180 0.75875 0.20023 0.55797 -0.20280 -0.78327 -0.18449
1403715575612143104 -0.20909 0.76286 0.22475 0.55464 -0.19634 -0.78170 -0.20681
1403715575712142848 -0.28179 0.75796 0.25042 0.55300 -0.18927 -0.77863 -0.22825
1403715575812143104 -0.35327 0.73199 0.27260 0.54859 -0.18949 -0.77871 -0.23821
1403715575962142976 -0.47290 0.66409 0.30223 0.54749 -0.20471 -0.77901 -0.22690
1403715576062142976 -0.55967 0.60227 0.31946 0.54987 -0.21987 -0.77819 -0.20910
1403715576162142976 -0.64759 0.53045 0.33576 0.55355 -0.22932 -0.77592 -0.19735
1403715576262142976 -0.73434 0.45358 0.35131 0.55658 -0.23478 -0.77427 -0.18869
1403715576362142976 -0.82268 0.37362 0.37000 0.56462 -0.23250 -0.76884 -0.18983
1403715576512142848 -0.94528 0.24261 0.40389 0.58743 -0.22529 -0.75231 -0.19547
1403715576612143104 -1.01594 0.14419 0.42863 0.59916 -0.22235 -0.74165 -0.20377
1403715576812143104 -1.12489 -0.08351 0.47407 0.58800 -0.23511 -0.74358 -0.21464
1403715576912143104 -1.16348 -0.21173 0.49611 0.57009 -0.24835 -0.75302 -0.21512
1403715577012142848 -1.19853 -0.34729 0.51941 0.55841 -0.26281 -0.75735 -0.21338
1403715577112143104 -1.23099 -0.48918 0.54150 0.55486 -0.28307 -0.75462 -0.20628
1403715577212142848 -1.26012 -0.63046 0.55820 0.55330 -0.30247 -0.74946 -0.20168
1403715577312143104 -1.28553 -0.76944 0.55628 0.55221 -0.31338 -0.74519 -0.20384
1403715577562142976 -1.33359 -1.11344 0.49177 0.54598 -0.31676 -0.74354 -0.22073
1403715577662142976 -1.34533 -1.24778 0.47325 0.54487 -0.31841 -0.74345 -0.22139
1403715577762142976 -1.35297 -1.38322 0.46929 0.54534 -0.32311 -0.74287 -0.21528
1403715577912143104 -1.35349 -1.58184 0.46315 0.54839 -0.33994 -0.73573 -0.20595
1403715578012142848 -1.34491 -1.70760 0.44005 0.54554 -0.35882 -0.73006 -0.20161
1403715578262142976 -1.28995 -1.98547 0.32872 0.51871 -0.43419 -0.71184 -0.18896
1403715578362142976 -1.24843 -2.06267 0.28148 0.50819 -0.45458 -0.69999 -0.21241
1403715578462142976 -1.19779 -2.12684 0.23562 -0.49190 0.47251 0.69044 0.24096
1403715578562142976 -1.14492 -2.18364 0.18812 -0.46058 0.48957 0.69058 0.26701
1403715578662142976 -1.08900 -2.23119 0.13792 -0.41839 0.50700 0.70026 0.27846
1403715578912143104 -0.98171 -2.26937 0.02478 -0.37000 0.53298 0.70354 0.28993
1403715579012142848 -0.96201 -2.24158 -0.01064 -0.37577 0.52014 0.69855 0.31666
1403715579112143104 -0.95918 -2.19165 -0.03572 -0.37886 0.49641 0.69687 0.35272
1403715579212142848 -0.97053 -2.14076 -0.05023 -0.38364 0.46682 0.69386 0.39173
1403715579312143104 -1.00560 -2.08529 -0.05413 -0.39187 0.45187 0.68740 0.41198
1403715579562142976 -1.18701 -1.97000 -0.07472 -0.40010 0.46979 0.68178 0.39293
1403715579662142976 -1.29105 -1.92763 -0.08048 -0.40798 0.47453 0.67863 0.38450
1403715579762142976 -1.40750 -1.88511 -0.08008 -0.42132 0.47538 0.67270 0.37945
1403715579862142976 -1.53274 -1.84471 -0.07079 -0.42633 0.47007 0.67110 0.38327
1403715579962142976 -1.67135 -1.80909 -0.05422 -0.43062 0.47363 0.66561 0.38368
1403715580062142976 -1.81583 -1.77624 -0.03879 -0.43472 0.48735 0.65287 0.38374
1403715580162142976 -1.96520 -1.74770 -0.03595 -0.43415 0.50596 0.63642 0.38793
1403715580362142976 -2.26947 -1.70214 -0.05425 -0.42638 0.55153 0.59455 0.40066
1403715580462142976 -2.41980 -1.68541 -0.06281 -0.42298 0.57751 0.56914 0.40453
1403715580612143104 -2.63888 -1.66728 -0.07198 -0.41824 0.61193 0.53814 0.40127
1403715580712142848 -2.77627 -1.66003 -0.08213 -0.41836 0.63333 0.52127 0.39005
1403715580812143104 -2.89982 -1.65477 -0.08993 -0.42062 0.65072 0.50676 0.37795
1403715580962142976 -3.04921 -1.64565 -0.09860 -0.42997 0.67665 0.48556 0.34856
1403715581062142976 -3.12059 -1.63521 -0.10047 -0.42145 0.68455 0.48765 0.34053
1403715581162142976 -3.16189 -1.61821 -0.09653 -0.40651 0.68632 0.49648 0.34238
1403715581262142976 -3.17988 -1.59220 -0.08914 -0.39642 0.67900 0.50367 0.35794
1403715581462142976 -3.16726 -1.52015 -0.07303 -0.40295 0.65367 0.52058 0.37329
1403715581562142976 -3.14272 -1.47685 -0.06908 -0.40009 0.62592 0.54561 0.38790
1403715581662142976 -3.11183 -1.42876 -0.07678 -0.39912 0.59506 0.57352 0.39709
1403715581762142976 -3.08242 -1.37703 -0.09380 -0.39896 0.56255 0.60366 0.39996
1403715581862142976 -3.05886 -1.32422 -0.10663 -0.40151 0.52860 0.63297 0.39840
1403715582012142848 -3.04361 -1.24932 -0.10562 -0.43038 0.49408 0.65631 0.37405
1403715582112143104 -3.04335 -1.20177 -0.09131 -0.46102 0.47040 0.65894 0.36329
1403715582262142976 -3.04846 -1.14118 -0.07706 -0.48870 0.44393 0.66316 0.35259
1403715582362142976 -3.05225 -1.11025 -0.08607 -0.48371 0.44009 0.67497 0.34170
1403715582512142848 -3.05990 -1.07251 -0.10271 -0.46563 0.44345 0.69222 0.32768
1403715582612143104 -3.07123 -1.04968 -0.10314 -0.45559 0.44844 0.69856 0.32148
1403715582712142848 -3.08922 -1.02661 -0.09274 -0.44775 0.45481 0.70102 0.31818
1403715582812143104 -3.11315 -0.99962 -0.08384 -0.43991 0.46246 0.70160 0.31680
1403715583062142976 -3.19634 -0.91025 -0.11722 -0.41253 0.48456 0.70671 0.30916
1403715583162142976 -3.24514 -0.85656 -0.14384 -0.42083 0.48572 0.69779 0.31633
1403715583262142976 -3.29965 -0.79388 -0.16655 -0.44654 0.48123 0.67848 0.32966
1403715583362142976 -3.35637 -0.72835 -0.18909 -0.47580 0.47565 0.65679 0.34060
1403715583462142976 -3.41324 -0.66500 -0.21370 0.50177 -0.46926 -0.63746 -0.34881
1403715583662142976 -3.50830 -0.57297 -0.26191 0.55135 -0.44151 -0.59928 -0.37675
1403715583762142976 -3.53884 -0.55810 -0.28361 0.57607 -0.42092 -0.57824 -0.39573
1403715583862142976 -3.55720 -0.57538 -0.30187 0.59297 -0.40630 -0.56364 -0.40695
1403715584012142848 -3.54447 -0.68689 -0.29721 0.59890 -0.41273 -0.56260 -0.39301
1403715584112143104 -3.51171 -0.80791 -0.27148 0.58928 -0.43132 -0.57492 -0.36902
1403715584212142848 -3.45963 -0.95852 -0.23213 0.56688 -0.45558 -0.59674 -0.33912
1403715584312143104 -3.38809 -1.12524 -0.18547 0.53217 -0.47896 -0.62611 -0.30883
1403715584462142976 -3.26048 -1.37792 -0.14204 -0.49193 0.49732 0.65663 0.28198
1403715584562142976 -3.16410 -1.53953 -0.13136 -0.47688 0.50100 0.66745 0.27585
1403715584662142976 -3.06447 -1.68735 -0.12125 -0.46383 0.49934 0.67673 0.27851
1403715584762142976 -2.96292 -1.82270 -0.10832 -0.44551 0.49189 0.68961 0.28981
1403715584862142976 -2.86451 -1.94421 -0.09188 -0.43354 0.48751 0.69641 0.29899
1403715584962142976 -2.76850 -2.05256 -0.07443 -0.41665 0.48300 0.70693 0.30555
1403715585062142976 -2.68281 -2.15015 -0.05923 -0.39794 0.48633 0.71710 0.30150
1403715585162142976 -2.61281 -2.23280 -0.04450 -0.38438 0.49438 0.72273 0.29241
1403715585262142976 -2.56018 -2.29553 -0.02669 -0.38325 0.49685 0.72253 0.29019
1403715585462142976 -2.48950 -2.36233 0.01744 -0.40850 0.48191 0.71127 0.30821
1403715585562142976 -2.46947 -2.37578 0.03826 -0.42143 0.47134 0.70585 0.31940
1403715585712142848 -2.46004 -2.38395 0.06161 -0.43101 0.46251 0.70239 0.32707
1403715585812143104 -2.46432 -2.38245 0.06118 -0.43405 0.46361 0.70125 0.32390
1403715585912143104 -2.47522 -2.37680 0.03835 -0.44083 0.47219 0.69695 0.31139
1403715586012142848 -2.49307 -2.36415 0.00622 -0.45339 0.48727 0.68694 0.29176
1403715586112143104 -2.51012 -2.34146 -0.01660 -0.47538 0.49496 0.66963 0.28397
1403715586212142848 -2.51839 -2.31273 -0.02356 -0.49199 0.48645 0.65758 0.29816
1403715586312143104 -2.51972 -2.28316 -0.02136 -0.49302 0.46960 0.65708 0.32350
1403715586512142848 -2.51553 -2.23873 -0.01931 -0.49154 0.43935 0.65758 0.36463
1403715586612143104 -2.51817 -2.23160 -0.01832 -0.49408 0.43563 0.65555 0.36928
1403715586762142976 -2.52336 -2.24342 -0.02000 -0.48973 0.44611 0.65843 0.35723
1403715586862142976 -2.52620 -2.26321 -0.02192 -0.48022 0.46260 0.66462 0.33715
1403715587062142976 -2.53546 -2.30649 -0.01833 -0.46525 0.48003 0.67170 0.31927
1403715587162142976 -2.53865 -2.32609 -0.01124 -0.46781 0.47675 0.66932 0.32537
1403715587262142976 -2.54541 -2.34276 0.00408 -0.47464 0.46699 0.66576 0.33676
1403715587362142976 -2.55310 -2.36337 0.01929 -0.48231 0.46243 0.66308 0.33744
1403715587462142976 -2.56000 -2.38733 0.03483 -0.49267 0.46573 0.65811 0.32751
1403715587562142976 -2.56119 -2.41450 0.05009 -0.49799 0.47696 0.65193 0.31545
1403715587662142976 -2.55455 -2.44335 0.06478 -0.49812 0.49523 0.64251 0.30628
1403715587812143104 -2.52315 -2.48466 0.08927 -0.48421 0.52703 0.62578 0.31011
1403715587912143104 -2.48682 -2.50721 0.10821 -0.47123 0.54722 0.60840 0.32916
1403715588212142848 -2.32429 -2.58737 0.14589 -0.42797 0.59057 0.53564 0.42562
1403715588312143104 -2.26286 -2.62418 0.12359 -0.41391 0.60872 0.50756 0.44781
1403715588412143104 -2.20374 -2.66987 0.08764 -0.39771 0.62736 0.48123 0.46546
1403715588512142848 -2.14496 -2.72387 0.05090 -0.37977 0.64517 0.45786 0.47948
1403715588612143104 -2.08637 -2.78509 0.01541 -0.36099 0.66383 0.43568 0.48908
1403715588762142976 -1.99873 -2.89381 -0.03726 -0.32455 0.69740 0.41016 0.48996
1403715588862142976 -1.94119 -2.96984 -0.07519 -0.29114 0.72194 0.39844 0.48507
1403715589012142848 -1.85006 -3.08257 -0.13150 -0.23831 0.75868 0.38173 0.47106
1403715589112143104 -1.78314 -3.14220 -0.16297 -0.21300 0.77703 0.36490 0.46659
1403715589212142848 -1.70801 -3.18778 -0.18008 -0.19562 0.78940 0.34740 0.46680
1403715589312143104 -1.62318 -3.21882 -0.18374 -0.18026 0.80020 0.33045 0.46690
1403715589562142976 -1.36959 -3.22602 -0.15446 -0.14400 0.82870 0.29013 0.45646
1403715589662142976 -1.24192 -3.19688 -0.13327 -0.13570 0.83377 0.28043 0.45582
1403715589762142976 -1.10066 -3.14808 -0.09180 -0.13517 0.82716 0.27369 0.47183
1403715589862142976 -0.94714 -3.08245 -0.03015 -0.14465 0.80469 0.26679 0.51027
1403715589962142976 -0.79043 -3.00745 0.03094 -0.15748 0.78666 0.25916 0.53777
1403715590262142976 -0.34164 -2.76455 0.17511 -0.16354 0.77352 0.26932 0.54990
1403715590362142976 -0.20309 -2.67643 0.21470 -0.15967 0.76922 0.28923 0.54694
1403715590462142976 -0.07003 -2.58153 0.25358 -0.15921 0.75974 0.31656 0.54520
1403715590562142976 0.05029 -2.47661 0.29296 -0.16430 0.74758 0.34768 0.54153
1403715590762142976 0.26103 -2.23351 0.36199 -0.21060 0.73373 0.39710 0.50951
1403715590862142976 0.35224 -2.09843 0.39797 -0.24580 0.71958 0.41667 0.49816
1403715590962142976 0.43816 -1.95874 0.43561 -0.27600 0.69955 0.44178 0.48917
1403715591062142976 0.51417 -1.81878 0.47317 -0.29830 0.67991 0.47278 0.47458
1403715591162142976 0.58422 -1.67760 0.50551 -0.31582 0.65624 0.50826 0.45965
1403715591262142976 0.64587 -1.53419 0.53316 -0.32793 0.62753 0.54696 0.44666
1403715591362142976 0.69784 -1.38867 0.56139 -0.34126 0.59640 0.58271 0.43393
1403715591562142976 0.76449 -1.09199 0.60165 -0.37493 0.53891 0.64063 0.39823
1403715591662142976 0.77995 -0.93950 0.60952 -0.39534 0.51411 0.66252 0.37478
1403715591762142976 0.78552 -0.78616 0.60685 -0.41258 0.48420 0.68193 0.36098
1403715591912143104 0.77907 -0.55338 0.57965 -0.43225 0.44143 0.70878 0.34049
1403715592012142848 0.76275 -0.39369 0.54980 -0.43982 0.40812 0.72783 0.33204
1403715592112143104 0.73049 -0.24482 0.50813 -0.44761 0.37309 0.74576 0.32294
1403715592212142848 0.68028 -0.10499 0.47060 -0.46562 0.33471 0.75706 0.31309
1403715592512142848 0.42622 0.22498 0.43072 0.50485 -0.21942 -0.79042 -0.26873
1403715592612143104 0.31312 0.29584 0.42973 0.51486 -0.18064 -0.79883 -0.25328
1403715592712142848 0.18825 0.34289 0.42815 0.52316 -0.14037 -0.80641 -0.23726
1403715592812143104 0.05424 0.36728 0.42518 0.53245 -0.10953 -0.81349 -0.20671
1403715592912143104 -0.08641 0.37263 0.42101 0.54305 -0.09580 -0.81987 -0.15404
1403715593212142848 -0.52792 0.33305 0.40952 0.56898 -0.02620 -0.82171 -0.01928
1403715593312143104 -0.67135 0.31589 0.40581 0.57150 0.01169 -0.82051 0.00300
1403715593412143104 -0.81087 0.29560 0.40261 0.57186 0.05696 -0.81831 0.01029
1403715593512142848 -0.94741 0.26928 0.39732 0.57093 0.10151 -0.81451 0.01778
1403715593612143104 -1.08141 0.23476 0.39328 0.57451 0.13917 -0.80586 0.03422
1403715593762142976 -1.26435 0.16370 0.39130 0.58853 0.18609 -0.78362 0.07032
1403715593862142976 -1.37602 0.10427 0.39145 0.59065 0.22010 -0.77078 0.09260
1403715594012142848 -1.51610 0.00234 0.38620 0.57615 0.27388 -0.75918 0.12918
1403715594112143104 -1.59944 -0.07475 0.38299 0.55923 0.30651 -0.75443 0.15539
1403715594262142976 -1.71161 -0.20385 0.37900 0.53849 0.35032 -0.74198 0.19176
1403715594362142976 -1.77635 -0.29909 0.37834 0.52937 0.37973 -0.72858 0.21152
1403715594562142976 -1.87414 -0.50519 0.37736 0.51407 0.44773 -0.69043 0.24203
1403715594662142976 -1.91252 -0.62144 0.37577 0.50030 0.48293 -0.67098 0.25742
1403715594812143104 -1.93367 -0.80242 0.36870 -0.45331 -0.52783 0.65696 -0.29036
1403715594912143104 -1.94094 -0.93822 0.36314 -0.42205 -0.55275 0.64515 -0.31641
1403715595012142848 -1.94037 -1.07798 0.35806 -0.39744 -0.57826 0.62723 -0.33800
1403715595112143104 -1.93321 -1.22455 0.35430 -0.37722 -0.60255 0.60517 -0.35834
1403715595212142848 -1.92484 -1.38624 0.35165 0.35899 0.62061 -0.58097 0.38529
1403715595362142976 -1.90857 -1.63706 0.34420 0.33723 0.64754 -0.53586 0.42405
1403715595462142976 -1.89477 -1.80890 0.33822 0.32247 0.66325 -0.50346 0.45016
1403715595662142976 -1.86967 -2.15315 0.32772 0.31982 0.69916 -0.41229 0.48879
1403715595762142976 -1.85054 -2.31582 0.32508 0.33231 0.71287 -0.35416 0.50591
1403715595862142976 -1.82489 -2.45566 0.32357 0.34143 0.71993 -0.29991 0.52458
1403715595962142976 -1.79239 -2.57285 0.32862 0.34613 0.71543 -0.25464 0.55092
1403715596062142976 -1.75804 -2.65101 0.34126 0.33707 0.69907 -0.22490 0.58916
1403715596262142976 -1.71211 -2.70402 0.38399 0.30169 0.70422 -0.21039 0.60728
1403715596362142976 -1.70402 -2.68526 0.40817 0.27158 0.74418 -0.22261 0.56823
1403715596662142976 -1.65222 -2.53025 0.49261 0.16760 0.82879 -0.24038 0.47670
1403715596762142976 -1.60797 -2.47707 0.52537 0.14487 0.84387 -0.23036 0.46242
1403715596862142976 -1.54339 -2.43256 0.55498 0.12213 0.85648 -0.22075 0.45033
1403715596962142976 -1.46100 -2.38942 0.58187 0.10548 0.86695 -0.21203 0.43854
1403715597112143104 -1.29113 -2.35971 0.62035 0.09469 0.87101 -0.20015 0.43853
1403715597212142848 -1.14613 -2.35782 0.64801 0.08990 0.85972 -0.19405 0.46384
1403715597312143104 -0.98105 -2.36732 0.67591 0.08275 0.84194 -0.18607 0.49967
1403715597412143104 -0.80517 -2.38471 0.70106 0.07230 0.82454 -0.17446 0.53336
1403715597512142848 -0.62897 -2.40924 0.72556 0.06692 0.80791 -0.15240 0.56531
1403715597662142976 -0.37336 -2.44911 0.75582 0.05279 0.80080 -0.11305 0.58579
1403715597762142976 -0.21123 -2.47876 0.76876 0.04087 0.80521 -0.08818 0.58497
1403715597912143104 0.01878 -2.52759 0.78640 0.02706 0.80560 -0.06257 0.58853
1403715598012142848 0.16773 -2.56097 0.79906 0.02316 0.79940 -0.05181 0.59811
1403715598112143104 0.30606 -2.59752 0.80848 0.02558 0.79643 -0.04290 0.60266
1403715598212142848 0.43784 -2.63345 0.81086 0.02775 0.78982 -0.03790 0.61153
1403715598312143104 0.55859 -2.66723 0.80262 0.02848 0.77721 -0.03706 0.62750
1403715598462142976 0.71107 -2.71189 0.77940 0.02529 0.74874 -0.04167 0.66107
1403715598562142976 0.77612 -2.73725 0.76524 0.02141 0.73472 -0.04690 0.67640
1403715598762142976 0.83662 -2.78710 0.72473 0.02842 0.75725 -0.05020 0.65057
1403715598862142976 0.83721 -2.80776 0.69772 0.03240 0.77875 -0.05090 0.62442
1403715598962142976 0.82502 -2.82582 0.66762 0.03689 0.79265 -0.05015 0.60649
1403715599062142976 0.80840 -2.84144 0.63359 0.03950 0.79884 -0.04929 0.59822
1403715599162142976 0.78633 -2.85583 0.59823 0.04033 0.79982 -0.04894 0.59688
1403715599362142976 0.73140 -2.87864 0.51221 0.02122 0.80941 -0.06245 0.58353
1403715599462142976 0.70094 -2.89354 0.46512 0.00593 0.80913 -0.07296 0.58305
1403715599562142976 0.66641 -2.91373 0.41650 -0.00508 0.80709 -0.08037 0.58491
1403715599662142976 0.62941 -2.94233 0.37279 -0.01295 0.80153 -0.08575 0.59163
1403715599762142976 0.58461 -2.97834 0.33203 -0.00873 0.79550 -0.08364 0.60009
1403715599962142976 0.47548 -3.07157 0.24851 0.02245 0.80114 -0.06503 0.59451
1403715600062142976 0.41291 -3.12131 0.20536 0.03718 0.80883 -0.05491 0.58429
1403715600212142848 0.31674 -3.18706 0.14406 0.06464 0.81514 -0.01508 0.57544
1403715600312143104 0.25683 -3.21655 0.10277 0.06856 0.81732 0.01632 0.57186
1403715600562142976 0.10955 -3.21377 -0.00183 0.00283 0.83126 0.07829 0.55033
1403715600662142976 0.06306 -3.18698 -0.03734 -0.03560 0.83607 0.10064 0.53814
1403715600762142976 0.02313 -3.15341 -0.06199 -0.06567 0.83250 0.13080 0.53435
1403715600862142976 -0.00815 -3.11269 -0.06937 -0.08967 0.82470 0.16408 0.53376
1403715600962142976 -0.03415 -3.06697 -0.06518 -0.11024 0.81572 0.19431 0.53356
1403715601062142976 -0.05508 -3.01600 -0.04734 -0.12601 0.80583 0.21750 0.53615
1403715601162142976 -0.07230 -2.96226 -0.01722 -0.13398 0.79863 0.23402 0.53802
1403715601362142976 -0.10258 -2.83940 0.07059 -0.13266 0.78811 0.25542 0.54411
1403715601462142976 -0.11774 -2.76878 0.11318 -0.13645 0.78633 0.25805 0.54450
1403715601562142976 -0.13533 -2.69276 0.15216 -0.14153 0.78606 0.25646 0.54434
1403715601662142976 -0.15193 -2.61034 0.18559 -0.14651 0.78711 0.25296 0.54315
1403715601812143104 -0.17543 -2.47928 0.23507 -0.15312 0.78261 0.24807 0.55003
1403715601912143104 -0.19031 -2.38968 0.26538 -0.15351 0.77877 0.24091 0.55849
1403715602062142976 -0.22003 -2.25513 0.31114 -0.15087 0.76308 0.21718 0.58973
1403715602162142976 -0.24877 -2.17008 0.33539 -0.14626 0.75739 0.19641 0.60530
1403715602262142976 -0.28813 -2.09119 0.35362 -0.13864 0.76253 0.17276 0.60785
1403715602362142976 -0.33740 -2.01878 0.36644 -0.12165 0.77608 0.15294 0.59959
1403715602462142976 -0.39552 -1.95448 0.37752 -0.10150 0.79390 0.13331 0.58451
1403715602612143104 -0.48763 -1.86341 0.39347 -0.07080 0.81026 0.10447 0.57232
1403715602712142848 -0.54998 -1.80667 0.39281 -0.04673 0.81265 0.08585 0.57449
1403715602912143104 -0.67707 -1.68607 0.35220 -0.00952 0.82049 0.04154 0.57006
1403715603012142848 -0.73999 -1.61782 0.31447 0.00669 0.82342 0.01954 0.56705
1403715603212142848 -0.86203 -1.47067 0.22691 0.03718 0.82256 -0.02592 0.56687
1403715603312143104 -0.91819 -1.39242 0.18235 0.05096 0.82647 -0.04555 0.55882
1403715603562142976 -1.03431 -1.18783 0.08741 0.05295 0.82529 -0.08638 0.55555
1403715603662142976 -1.06966 -1.10713 0.05558 0.04244 0.82343 -0.10280 0.55641
1403715603762142976 -1.10080 -1.03234 0.02822 0.03262 0.81873 -0.11633 0.56133
1403715603912143104 -1.14744 -0.93992 0.00489 0.01803 0.82169 -0.12985 0.55466
1403715604012142848 -1.17208 -0.89618 0.00302 0.01475 0.83277 -0.13144 0.53758
1403715604262142976 -1.20330 -0.82640 0.00102 0.05257 0.83390 -0.10460 0.53935
1403715604362142976 -1.20154 -0.80675 -0.00338 0.05844 0.83183 -0.10063 0.54270
1403715604462142976 -1.19487 -0.78812 -0.01158 0.06052 0.83225 -0.09963 0.54201
1403715604562142976 -1.18273 -0.77162 -0.01958 0.06191 0.82663 -0.09885 0.55052
1403715604662142976 -1.16563 -0.75622 -0.02866 0.06469 0.81949 -0.09702 0.56110
1403715604762142976 -1.14699 -0.73936 -0.03791 0.06768 0.81640 -0.09518 0.56556
1403715604862142976 -1.12882 -0.72129 -0.04648 0.06732 0.81632 -0.09545 0.56567
1403715604962142976 -1.10929 -0.70190 -0.05400 0.06860 0.81792 -0.09406 0.56343
1403715605062142976 -1.08863 -0.68213 -0.06034 0.06753 0.81998 -0.09398 0.56057
1403715605162142976 -1.06578 -0.66151 -0.06156 0.06732 0.81862 -0.09246 0.56284
1403715605262142976 -1.04090 -0.63974 -0.06085 0.06475 0.81680 -0.09200 0.56584
1403715605362142976 -1.01443 -0.61929 -0.05638 0.05722 0.81458 -0.09454 0.56943
1403715605462142976 -0.98659 -0.60031 -0.05940 0.05059 0.81384 -0.09626 0.57082
1403715605562142976 -0.95990 -0.58364 -0.07190 0.04431 0.81602 -0.09821 0.56790
1403715605662142976 -0.93329 -0.56744 -0.09410 0.04187 0.81708 -0.09793 0.56659
1403715605762142976 -0.90757 -0.55579 -0.11497 0.04989 0.81613 -0.09125 0.56844
1403715605862142976 -0.87979 -0.54645 -0.13369 0.05538 0.81574 -0.08667 0.56920
1403715605962142976 -0.85123 -0.54034 -0.14993 0.05815 0.81429 -0.08333 0.57150
1403715606062142976 -0.82365 -0.53062 -0.17112 0.05911 0.81340 -0.08125 0.57295
1403715606162142976 -0.79541 -0.51782 -0.19742 0.05843 0.81318 -0.07932 0.57362
1403715606262142976 -0.76399 -0.50415 -0.22474 0.05354 0.81330 -0.08096 0.57370
1403715606362142976 -0.73715 -0.48858 -0.24638 0.04633 0.81347 -0.08330 0.57374
