1403638138.245096922 -0.01388 0.07482 -0.03145 0.84311 -0.06247 0.53188 0.04868 
1403638138.895097017 -0.01484 0.07550 -0.03157 0.83593 -0.06472 0.54294 0.04742 
1403638147.845097065 -0.00968 0.07422 -0.02787 0.82992 -0.06249 0.55254 0.04502 
1403638147.945096970 -0.00244 0.07266 -0.02069 0.82171 -0.06446 0.56428 0.04714 
1403638148.045097113 0.00741 0.07129 -0.00620 0.81597 -0.06465 0.57246 0.04805 
1403638148.145097017 0.01791 0.06957 0.01569 0.81202 -0.06281 0.57822 0.04834 
1403638148.345097065 0.03568 0.06706 0.09867 0.80990 -0.05723 0.58201 0.04539 
1403638148.645097017 0.05403 0.06698 0.16495 0.82040 -0.04894 0.56796 0.04443 
1403638148.945096970 0.09022 0.07209 0.15846 0.82465 -0.04514 0.56245 0.03955 
1403638149.145097017 0.13021 0.07757 0.22148 0.81842 -0.04218 0.57176 0.03883 
1403638149.345097065 0.17400 0.08708 0.28348 0.81560 -0.04377 0.57586 0.03561 
1403638149.745096922 0.25976 0.11220 0.35343 0.81448 -0.03357 0.57827 0.03307 
1403638149.945096970 0.30632 0.13005 0.36527 0.81518 -0.02594 0.57795 0.02803 
1403638150.245096922 0.38183 0.17149 0.35494 0.81525 -0.00909 0.57724 0.04557 
1403638150.445096970 0.43363 0.22052 0.32548 0.82423 -0.01119 0.56491 0.03732 
1403638150.545097113 0.46128 0.25351 0.31912 0.82872 -0.00862 0.55893 0.02745 
1403638150.645097017 0.49261 0.28971 0.32118 0.83074 -0.00458 0.55628 0.02003 
1403638150.745096922 0.52568 0.32578 0.32929 0.83001 0.00040 0.55753 0.01533 
1403638150.845097065 0.56794 0.36575 0.34351 0.82821 0.00908 0.56024 0.01134 
1403638150.945096970 0.61080 0.40647 0.35665 0.82508 0.01787 0.56468 0.00772 
1403638151.045097113 0.65598 0.45043 0.36399 0.82197 0.02759 0.56885 0.00257 
1403638151.145097017 0.69996 0.49587 0.36706 0.81881 0.04311 0.57243 -0.00438 
1403638151.245096922 0.74346 0.54343 0.36317 0.81815 0.06149 0.57144 -0.01724 
1403638151.345097065 0.78727 0.59429 0.35539 0.81768 0.08144 0.56902 -0.03147 
1403638151.445096970 0.83043 0.64797 0.34914 0.81586 0.10083 0.56730 -0.04868 
1403638151.545097113 0.87245 0.70455 0.34894 0.81329 0.11970 0.56592 -0.06305 
1403638151.645097017 0.91493 0.76181 0.35430 0.81105 0.13439 0.56452 -0.07393 
1403638151.745096922 0.95689 0.81983 0.36713 0.80944 0.14515 0.56319 -0.08096 
1403638151.845097065 0.99952 0.88071 0.38760 0.80903 0.15208 0.56127 -0.08556 
1403638152.045097113 1.08607 1.00882 0.44194 0.80914 0.15857 0.55899 -0.08767 
1403638152.345097065 1.21177 1.21812 0.49195 0.80812 0.16202 0.56014 -0.08324 
1403638152.745096922 1.36631 1.53852 0.47196 0.80979 0.16399 0.55640 -0.08815 
1403638152.845097065 1.39857 1.62429 0.47478 0.80703 0.16886 0.55708 -0.09922 
1403638152.945096970 1.43264 1.71271 0.48747 0.80145 0.17787 0.55999 -0.11157 
1403638153.045097113 1.46400 1.80033 0.50579 0.79968 0.19080 0.55604 -0.12216 
1403638153.145097017 1.49799 1.88690 0.52704 0.80058 0.20221 0.54894 -0.12977 
1403638153.245096922 1.53327 1.97318 0.54610 0.80037 0.21080 0.54488 -0.13443 
1403638153.345097065 1.56985 2.06025 0.55980 0.79891 0.22049 0.54191 -0.13952 
1403638153.445096970 1.60939 2.15245 0.57191 0.79588 0.23380 0.53934 -0.14503 
1403638153.545097113 1.64948 2.24437 0.58580 0.79150 0.25275 0.53703 -0.14578 
1403638153.645097017 1.69017 2.34191 0.60622 0.78627 0.27076 0.53441 -0.15123 
1403638153.745096922 1.72690 2.44341 0.63014 0.77966 0.28515 0.53243 -0.16534 
1403638153.845097065 1.76732 2.54939 0.64767 0.77344 0.29735 0.53117 -0.17672 
1403638153.945096970 1.81021 2.66014 0.65776 0.76715 0.30364 0.53321 -0.18701 
1403638154.045097113 1.85158 2.77410 0.66276 0.76364 0.30648 0.53383 -0.19479 
1403638154.145097017 1.89145 2.88796 0.66193 0.75895 0.30893 0.53780 -0.19830 
1403638154.245096922 1.93109 3.00762 0.66119 0.75401 0.31035 0.54352 -0.19932 
1403638154.445096970 2.00212 3.24416 0.64355 0.74520 0.30624 0.55616 -0.20391 
1403638154.645097017 2.04851 3.47047 0.62479 0.74612 0.30633 0.55341 -0.20785 
1403638154.745096922 2.06111 3.57884 0.62624 0.74836 0.31408 0.54537 -0.20947 
1403638154.845097065 2.06777 3.68265 0.63430 0.74803 0.32404 0.54041 -0.20835 
1403638154.945096970 2.07154 3.78839 0.64894 0.74559 0.33352 0.53804 -0.20827 
1403638155.045097113 2.07046 3.89735 0.67149 0.74070 0.34262 0.53722 -0.21303 
1403638155.145097017 2.06383 4.00701 0.69707 0.73495 0.35191 0.53616 -0.22029 
1403638155.245096922 2.04812 4.11206 0.71815 0.72935 0.35787 0.53613 -0.22922 
1403638155.345097065 2.03010 4.21869 0.73253 0.72278 0.36369 0.53868 -0.23483 
1403638155.445096970 2.00766 4.32790 0.73996 0.71521 0.37215 0.54068 -0.24008 
1403638155.545097113 1.97908 4.43640 0.74088 0.70956 0.38047 0.53783 -0.25000 
1403638155.645097017 1.94445 4.54385 0.73718 0.70306 0.38745 0.53344 -0.26652 
1403638155.745096922 1.90482 4.64521 0.72829 0.69423 0.39789 0.52842 -0.28373 
1403638155.845097065 1.86036 4.74240 0.71581 0.68663 0.41217 0.51949 -0.29797 
1403638155.945096970 1.81158 4.83245 0.70093 0.68169 0.43126 0.50379 -0.30906 
1403638156.045097113 1.75974 4.91697 0.69136 0.67679 0.45378 0.48471 -0.31795 
1403638156.145097017 1.70640 4.99515 0.69092 0.66962 0.47405 0.46778 -0.32874 
1403638156.245096922 1.65408 5.07289 0.69905 0.66167 0.48954 0.45504 -0.33983 
1403638156.345097065 1.60481 5.15541 0.71003 0.65600 0.50431 0.44219 -0.34613 
1403638156.445096970 1.55813 5.23538 0.71685 0.65213 0.51366 0.43284 -0.35147 
1403638156.745096922 1.43718 5.48999 0.69978 0.64633 0.52341 0.42492 -0.35742 
1403638157.045097113 1.33945 5.78192 0.65735 0.65003 0.52160 0.42506 -0.35315 
1403638157.345097065 1.26987 6.11711 0.66694 0.65323 0.52139 0.42440 -0.34834 
1403638157.545097113 1.23289 6.35845 0.68140 0.64143 0.52756 0.43165 -0.35203 
1403638157.645097017 1.21163 6.48539 0.68153 0.63018 0.53399 0.43435 -0.35926 
1403638157.745096922 1.19104 6.61326 0.68220 0.61538 0.54535 0.43535 -0.36657 
1403638157.845097065 1.16875 6.74050 0.68946 0.60182 0.55818 0.42906 -0.37704 
1403638157.945096970 1.14390 6.86406 0.70534 0.58943 0.57011 0.41940 -0.38943 
1403638158.045097113 1.11787 6.98680 0.72414 0.58103 0.58054 0.40855 -0.39807 
1403638158.145097017 1.09220 7.10099 0.73797 0.57612 0.58619 0.39764 -0.40784 
1403638158.245096922 1.06806 7.21940 0.74558 0.57257 0.58975 0.39051 -0.41456 
1403638158.445096970 1.02511 7.45230 0.74784 0.56380 0.59768 0.39223 -0.41361 
1403638158.645097017 0.98080 7.68071 0.73494 0.55858 0.59952 0.39945 -0.41111 
1403638158.845097065 0.92895 7.90711 0.72113 0.56743 0.59549 0.39089 -0.41307 
1403638159.045097113 0.87709 8.13242 0.73430 0.57856 0.59649 0.37904 -0.40718 
1403638159.145097017 0.85319 8.24568 0.75004 0.58577 0.60049 0.37045 -0.39881 
1403638159.345097065 0.81096 8.48978 0.77191 0.58659 0.59657 0.37301 -0.40109 
1403638159.445096970 0.79303 8.62090 0.77937 0.57836 0.58480 0.38652 -0.41727 
1403638159.545097113 0.78032 8.75056 0.79016 0.57240 0.57034 0.39498 -0.43711 
1403638159.645097017 0.77267 8.87618 0.80815 0.57202 0.55752 0.39392 -0.45474 
1403638159.745096922 0.77516 8.99040 0.83289 0.57301 0.55088 0.39068 -0.46429 
1403638159.845097065 0.78692 9.09646 0.86704 0.56831 0.55248 0.39722 -0.46261 
1403638159.945096970 0.80738 9.18411 0.90906 0.56155 0.56133 0.40703 -0.45155 
1403638160.145097017 0.85690 9.33237 1.01808 0.55835 0.57438 0.40938 -0.43675 
1403638160.245096922 0.88358 9.39996 1.08359 0.56493 0.58447 0.39899 -0.42435 
1403638160.345097065 0.91138 9.46631 1.15736 0.57024 0.59244 0.38996 -0.41444 
1403638160.645097017 0.99659 9.66615 1.37450 0.57528 0.59757 0.38193 -0.40754 
1403638160.745096922 1.02420 9.73025 1.43548 0.57421 0.59484 0.38321 -0.41183 
1403638160.845097065 1.05293 9.80309 1.49570 0.57463 0.58395 0.38770 -0.42249 
1403638160.945096970 1.08617 9.86698 1.55021 0.57727 0.56832 0.39738 -0.43111 
1403638161.045097113 1.12446 9.93324 1.60235 0.58368 0.55474 0.40843 -0.42984 
1403638161.145097017 1.16693 9.99534 1.65229 0.59408 0.54304 0.41816 -0.42110 
1403638161.245096922 1.21268 10.05225 1.69830 0.60881 0.53113 0.42710 -0.40600 
1403638161.345097065 1.26174 10.10957 1.74563 0.62506 0.51684 0.43573 -0.39027 
1403638161.445096970 1.31100 10.16137 1.79037 0.64089 0.50782 0.43796 -0.37358 
1403638161.545097113 1.36114 10.21111 1.83183 0.65235 0.50239 0.43876 -0.35991 
1403638161.645097017 1.41271 10.26112 1.86805 0.66061 0.49588 0.43930 -0.35314 
1403638161.845097065 1.52118 10.36228 1.92259 0.66781 0.48107 0.44503 -0.35290 
1403638161.945096970 1.57858 10.41302 1.94290 0.67025 0.47230 0.45247 -0.35067 
1403638162.045097113 1.63856 10.46174 1.96185 0.67396 0.46571 0.45641 -0.34724 
1403638162.245096922 1.76731 10.55554 2.01920 0.68336 0.45841 0.45298 -0.34304 
1403638162.445096970 1.91174 10.64458 2.07098 0.68720 0.45182 0.45123 -0.34643 
1403638162.645097017 2.07364 10.72867 2.11574 0.68313 0.45597 0.45724 -0.34111 
1403638162.845097065 2.24929 10.80524 2.18441 0.68536 0.45759 0.45580 -0.33635 
1403638162.945096970 2.34172 10.84222 2.22787 0.68794 0.44842 0.45726 -0.34142 
1403638163.045097113 2.43870 10.87891 2.27435 0.68510 0.43962 0.46651 -0.34603 
1403638163.145097017 2.54073 10.91382 2.30707 0.68634 0.43137 0.47245 -0.34591 
1403638163.245096922 2.64630 10.94421 2.32217 0.69114 0.42630 0.47731 -0.33583 
1403638163.345097065 2.75763 10.97260 2.32903 0.69672 0.41928 0.48413 -0.32311 
1403638163.445096970 2.87049 10.99799 2.33274 0.70271 0.40900 0.49199 -0.31123 
1403638163.545097113 2.98025 11.01949 2.33703 0.70851 0.39935 0.49685 -0.30277 
1403638163.645097017 3.08753 11.03786 2.34822 0.71307 0.39342 0.49868 -0.29677 
1403638163.845097065 3.29914 11.06503 2.39987 0.71601 0.38618 0.50283 -0.29215 
1403638164.045097113 3.50819 11.08214 2.47868 0.72030 0.38135 0.49719 -0.29755 
1403638164.245096922 3.72154 11.08289 2.57712 0.71933 0.37840 0.49546 -0.30641 
1403638164.445096970 3.94201 11.06549 2.65876 0.71610 0.37824 0.49656 -0.31235 
1403638164.645097017 4.17218 11.02736 2.71821 0.71832 0.37470 0.49309 -0.31700 
1403638164.745096922 4.29196 10.99782 2.74133 0.71922 0.37179 0.49783 -0.31089 
1403638164.845097065 4.41655 10.96457 2.76254 0.71445 0.37468 0.51063 -0.29737 
1403638164.945096970 4.53905 10.92688 2.77928 0.71054 0.37619 0.52098 -0.28668 
1403638165.045097113 4.65690 10.88548 2.79131 0.71012 0.36632 0.52598 -0.29135 
1403638165.145097017 4.77055 10.83861 2.79707 0.71600 0.35474 0.52419 -0.29450 
1403638165.245096922 4.88103 10.78468 2.79739 0.72567 0.35227 0.51658 -0.28714 
1403638165.345097065 4.98916 10.72752 2.79088 0.73613 0.34871 0.50650 -0.28282 
1403638165.445096970 5.09964 10.66918 2.78123 0.73921 0.34408 0.50559 -0.28207 
1403638165.545097113 5.21256 10.60858 2.76930 0.73311 0.34028 0.51740 -0.28116 
1403638165.645097017 5.32538 10.54207 2.75439 0.72350 0.33804 0.53280 -0.27999 
1403638165.745096922 5.43359 10.47270 2.73010 0.71635 0.33738 0.54384 -0.27794 
1403638165.845097065 5.53790 10.39633 2.70185 0.71876 0.34083 0.54116 -0.27271 
1403638165.945096970 5.63747 10.31480 2.67711 0.72485 0.34519 0.53294 -0.26724 
1403638166.045097113 5.73381 10.22977 2.66095 0.73204 0.34919 0.52246 -0.26311 
1403638166.145097017 5.82630 10.14320 2.65587 0.73456 0.35579 0.51809 -0.25576 
1403638166.245096922 5.91667 10.05986 2.66757 0.73495 0.36002 0.51569 -0.25357 
1403638166.345097065 6.00171 9.98086 2.70065 0.73384 0.36385 0.51550 -0.25170 
1403638166.445096970 6.07730 9.90683 2.75066 0.73360 0.36648 0.51483 -0.24995 
1403638166.545097113 6.14773 9.83488 2.80129 0.73318 0.36719 0.51437 -0.25109 
1403638166.645097017 6.21493 9.76718 2.84559 0.73299 0.36740 0.51395 -0.25217 
1403638166.845097065 6.35887 9.63007 2.90339 0.74298 0.36028 0.49780 -0.26528 
1403638166.945096970 6.43150 9.56647 2.91945 0.75374 0.35878 0.48102 -0.26792 
1403638167.045097113 6.51018 9.50503 2.93168 0.75930 0.36190 0.47252 -0.26308 
1403638167.145097017 6.59572 9.44926 2.94841 0.75958 0.36629 0.47209 -0.25691 
1403638167.245096922 6.68908 9.40022 2.97372 0.75705 0.37011 0.47600 -0.25163 
1403638167.345097065 6.79086 9.35887 3.00613 0.75435 0.37143 0.48026 -0.24968 
1403638167.445096970 6.89650 9.32258 3.04076 0.75297 0.36986 0.48308 -0.25077 
1403638167.545097113 7.00687 9.28958 3.07102 0.75004 0.36617 0.48821 -0.25498 
1403638167.745096922 7.23598 9.23195 3.10985 0.75068 0.34543 0.49487 -0.26882 
1403638167.845097065 7.35760 9.20307 3.12073 0.75571 0.33101 0.49633 -0.27017 
1403638167.945096970 7.48510 9.17144 3.12822 0.76027 0.31672 0.50087 -0.26610 
1403638168.045097113 7.61738 9.13650 3.13322 0.76474 0.30388 0.50598 -0.25850 
1403638168.145097017 7.75312 9.09949 3.14446 0.76827 0.29331 0.51035 -0.25156 
1403638168.245096922 7.89069 9.05663 3.16353 0.77180 0.28370 0.51577 -0.24047 
1403638168.345097065 8.03191 9.00833 3.18939 0.77561 0.27317 0.52161 -0.22746 
1403638168.445096970 8.17568 8.95811 3.22164 0.77861 0.26306 0.52803 -0.21391 
1403638168.545097113 8.32006 8.90760 3.25068 0.78355 0.26170 0.52857 -0.19539 
1403638168.645097017 8.46493 8.85929 3.27174 0.78861 0.26356 0.52624 -0.17807 
1403638168.745096922 8.61051 8.81671 3.28479 0.79146 0.26489 0.52489 -0.16708 
1403638168.845097065 8.75673 8.77895 3.29355 0.79346 0.26512 0.52316 -0.16260 
1403638169.045097113 9.04872 8.72878 3.29184 0.79111 0.26736 0.52568 -0.16223 
1403638169.145097017 9.19768 8.71679 3.28635 0.78568 0.26408 0.53223 -0.17233 
1403638169.245096922 9.34446 8.70662 3.27384 0.78329 0.25775 0.53451 -0.18527 
1403638169.345097065 9.49372 8.69726 3.25659 0.78155 0.24207 0.53863 -0.20115 
1403638169.445096970 9.64393 8.68406 3.23575 0.78002 0.22270 0.54526 -0.21136 
1403638169.545097113 9.79557 8.66207 3.21739 0.78000 0.20585 0.55248 -0.20974 
1403638169.645097017 9.94152 8.62984 3.20425 0.78255 0.19228 0.55854 -0.19670 
1403638169.745096922 10.08708 8.58615 3.19796 0.78728 0.18110 0.56259 -0.17572 
1403638169.845097065 10.22931 8.53437 3.20121 0.79095 0.17217 0.56847 -0.14695 
1403638169.945096970 10.36769 8.48016 3.21307 0.79127 0.16070 0.57780 -0.11922 
1403638170.045097113 10.50194 8.42738 3.23057 0.78794 0.14255 0.59045 -0.10099 
1403638170.145097017 10.63121 8.37726 3.24457 0.78867 0.11925 0.59636 -0.09014 
1403638170.245096922 10.75176 8.32632 3.25131 0.79212 0.09377 0.59758 -0.08152 
1403638170.345097065 10.85664 8.27165 3.25196 0.79675 0.06785 0.59595 -0.07364 
1403638170.445096970 10.96970 8.22003 3.24298 0.80248 0.04436 0.59176 -0.06235 
1403638170.545097113 11.06769 8.16264 3.23465 0.80435 0.01841 0.59109 -0.05747 
1403638170.645097017 11.16209 8.09962 3.23527 0.80178 -0.00514 0.59551 -0.04993 
1403638170.745096922 11.24411 8.02965 3.24361 0.79994 -0.02521 0.59828 -0.03897 
1403638170.845097065 11.31713 7.95290 3.25748 0.79898 -0.04326 0.59923 -0.02601 
1403638170.945096970 11.37933 7.86983 3.26843 0.79882 -0.05981 0.59849 -0.01078 
1403638171.045097113 11.43185 7.78121 3.27435 0.79643 -0.07674 0.59984 0.00300 
1403638171.145097017 11.47390 7.68950 3.27515 0.79388 -0.09083 0.60111 0.01285 
1403638171.245096922 11.50936 7.59333 3.27363 0.79144 -0.10224 0.60237 0.01788 
1403638171.345097065 11.53796 7.49275 3.27021 0.78966 -0.10914 0.60336 0.02182 
1403638171.445096970 11.55656 7.38747 3.26532 0.78728 -0.11581 0.60509 0.02539 
1403638171.545097113 11.56730 7.27752 3.25783 0.78423 -0.12320 0.60755 0.02603 
1403638171.645097017 11.57005 7.16203 3.24924 0.78113 -0.13103 0.60979 0.02859 
1403638171.745096922 11.56184 7.04008 3.23675 0.77777 -0.14210 0.61148 0.03120 
1403638171.845097065 11.54400 6.91223 3.22546 0.77429 -0.15241 0.61328 0.03369 
1403638171.945096970 11.51325 6.77787 3.22039 0.76901 -0.15966 0.61778 0.03840 
1403638172.045097113 11.46904 6.63591 3.22164 0.76734 -0.16225 0.61861 0.04670 
1403638172.145097017 11.41071 6.48978 3.22674 0.76731 -0.16318 0.61788 0.05318 
1403638172.245096922 11.34012 6.34120 3.22587 0.76835 -0.16401 0.61608 0.05646 
1403638172.345097065 11.25740 6.19110 3.21480 0.76883 -0.16342 0.61539 0.05909 
1403638172.445096970 11.16572 6.03751 3.19432 0.76790 -0.16285 0.61673 0.05875 
1403638172.545097113 11.06688 5.88241 3.16275 0.76557 -0.16307 0.61982 0.05595 
1403638172.745096922 10.83752 5.56072 3.07887 0.76453 -0.16144 0.62213 0.04889 
1403638172.845097065 10.70193 5.39872 3.03081 0.76422 -0.16098 0.62297 0.04432 
1403638172.945096970 10.55413 5.23314 2.97882 0.76609 -0.16001 0.62122 0.03982 
1403638173.045097113 10.39506 5.06293 2.92187 0.76993 -0.15980 0.61686 0.03390 
1403638173.145097017 10.22691 4.88467 2.85826 0.77511 -0.15952 0.61070 0.02834 
1403638173.245096922 10.05079 4.69764 2.78813 0.77948 -0.15491 0.60619 0.03095 
1403638173.345097065 9.86820 4.50436 2.71279 0.78407 -0.14867 0.60142 0.03777 
1403638173.445096970 9.68171 4.30773 2.63018 0.78690 -0.13815 0.59904 0.05349 
1403638173.545097113 9.49131 4.10926 2.53794 0.79011 -0.13093 0.59531 0.06469 
1403638173.645097017 9.30449 3.91158 2.44138 0.79108 -0.12864 0.59402 0.06908 
1403638173.745096922 9.11523 3.71812 2.34072 0.79155 -0.12879 0.59326 0.07009 
1403638173.845097065 8.92584 3.52627 2.23977 0.79249 -0.13067 0.59163 0.06971 
1403638173.945096970 8.73298 3.33828 2.14576 0.79231 -0.13045 0.59175 0.07114 
1403638174.045097113 8.53622 3.15614 2.05776 0.79383 -0.13107 0.58955 0.07132 
1403638174.145097017 8.33691 2.97724 1.97543 0.79414 -0.13070 0.58908 0.07238 
1403638174.245096922 8.13728 2.80313 1.89178 0.79868 -0.13046 0.58291 0.07285 
1403638174.345097065 7.93872 2.63226 1.80145 0.80380 -0.13061 0.57590 0.07199 
1403638174.445096970 7.74566 2.46541 1.70717 0.80759 -0.13043 0.57067 0.07151 
1403638174.545097113 7.55469 2.30104 1.61666 0.81038 -0.13155 0.56679 0.06878 
1403638174.645097017 7.37054 2.13539 1.53284 0.81485 -0.12880 0.56056 0.07211 
1403638174.745096922 7.18672 1.97122 1.45602 0.81925 -0.12705 0.55424 0.07418 
1403638174.845097065 7.00883 1.80944 1.38750 0.82239 -0.12622 0.54966 0.07495 
1403638174.945096970 6.84113 1.65121 1.32522 0.82373 -0.12555 0.54757 0.07662 
1403638175.045097113 6.68108 1.49529 1.26894 0.82298 -0.12490 0.54858 0.07850 
1403638175.145097017 6.52763 1.34035 1.21746 0.82243 -0.12540 0.54897 0.08066 
1403638175.345097065 6.23674 1.02772 1.13112 0.82690 -0.12623 0.54155 0.08382 
1403638175.445096970 6.10279 0.87477 1.09810 0.83243 -0.12470 0.53276 0.08758 
1403638175.545097113 5.98144 0.72446 1.07387 0.83953 -0.12248 0.52138 0.09140 
1403638175.645097017 5.86998 0.57693 1.05699 0.84680 -0.12407 0.50947 0.08929 
1403638175.745096922 5.77675 0.43672 1.04759 0.85203 -0.12499 0.50091 0.08669 
1403638175.845097065 5.70114 0.30123 1.03580 0.85556 -0.12387 0.49503 0.08729 
1403638175.945096970 5.64336 0.16861 1.01437 0.85597 -0.11973 0.49458 0.09153 
1403638176.045097113 5.60332 0.03879 0.98834 0.85105 -0.11283 0.50316 0.09904 
1403638176.145097017 5.57939 -0.08773 0.96355 0.83884 -0.10548 0.52321 0.10710 
1403638176.245096922 5.56752 -0.20777 0.94356 0.82357 -0.10771 0.54721 0.10344 
1403638176.345097065 5.56385 -0.31854 0.92919 0.81460 -0.10767 0.56043 0.10366 
1403638176.545097113 5.56629 -0.51737 0.91358 0.81245 -0.10747 0.56302 0.10673 
1403638176.745096922 5.58104 -0.68710 0.91923 0.81427 -0.10772 0.56013 0.10777 
1403638177.045097113 5.62092 -0.89791 0.95754 0.81611 -0.11116 0.55766 0.10306 
1403638177.245096922 5.66202 -1.01226 0.95630 0.81691 -0.10767 0.55606 0.10896 
1403638177.645097017 5.78202 -1.16401 0.88528 0.81486 -0.12469 0.55906 0.08890 
1403638177.845097065 5.85544 -1.22270 0.82692 0.80605 -0.14203 0.56976 0.07400 
1403638177.945096970 5.89116 -1.25465 0.79894 0.79902 -0.14606 0.57872 0.07290 
1403638178.045097113 5.92371 -1.29001 0.77792 0.79434 -0.14682 0.58436 0.07739 
1403638178.245096922 5.97001 -1.36850 0.76061 0.78710 -0.16230 0.58730 0.09597 
1403638178.345097065 5.97923 -1.41134 0.76604 0.78227 -0.17816 0.58743 0.10604 
1403638178.445096970 5.98388 -1.45208 0.77375 0.77816 -0.19836 0.58421 0.11755 
1403638178.545097113 5.98135 -1.49304 0.77642 0.77676 -0.22156 0.57527 0.12894 
1403638178.645097017 5.97268 -1.53418 0.77339 0.77478 -0.24572 0.56586 0.13836 
1403638178.745096922 5.95986 -1.57822 0.76784 0.76960 -0.26752 0.56013 0.14968 
1403638178.845097065 5.94134 -1.62409 0.75737 0.76585 -0.28605 0.55247 0.16255 
1403638178.945096970 5.92215 -1.67489 0.74523 0.76522 -0.30006 0.54308 0.17166 
1403638179.045097113 5.90035 -1.72619 0.72812 0.76759 -0.30954 0.53216 0.17832 
1403638179.145097017 5.87945 -1.78250 0.70704 0.76960 -0.31516 0.52333 0.18578 
1403638179.245096922 5.86042 -1.84409 0.68233 0.77072 -0.32013 0.51508 0.19544 
1403638179.345097065 5.84485 -1.91055 0.65394 0.77010 -0.32791 0.50733 0.20502 
1403638179.445096970 5.83260 -1.98052 0.62508 0.76040 -0.34023 0.50963 0.21522 
1403638179.545097113 5.82277 -2.05343 0.59389 0.74575 -0.35551 0.51576 0.22683 
1403638179.645097017 5.81290 -2.12725 0.56162 0.73341 -0.37273 0.51577 0.23907 
1403638179.745096922 5.80036 -2.19935 0.53422 0.72179 -0.39000 0.51265 0.25321 
1403638179.845097065 5.78451 -2.27233 0.51530 0.71084 -0.40706 0.50760 0.26713 
1403638179.945096970 5.76843 -2.34640 0.50151 0.70373 -0.42437 0.49820 0.27655 
1403638180.045097113 5.75349 -2.42092 0.49199 0.70110 -0.43931 0.48669 0.28037 
1403638180.145097017 5.73820 -2.49785 0.48664 0.69673 -0.44984 0.48167 0.28320 
1403638180.245096922 5.72094 -2.57808 0.48201 0.69404 -0.45433 0.47873 0.28760 
1403638180.445096970 5.68730 -2.74700 0.45636 0.69456 -0.45806 0.47283 0.29018 
1403638180.645097017 5.65298 -2.92835 0.41694 0.69848 -0.45273 0.46880 0.29561 
1403638180.845097065 5.62411 -3.12187 0.39679 0.70613 -0.45119 0.46268 0.28937 
1403638181.045097113 5.60606 -3.33356 0.39140 0.70552 -0.44855 0.46978 0.28345 
1403638181.245096922 5.59448 -3.56151 0.36584 0.70001 -0.44732 0.48139 0.27957 
1403638181.345097065 5.58812 -3.68034 0.34527 0.69000 -0.45170 0.49038 0.28176 
1403638181.445096970 5.57561 -3.80454 0.32220 0.67758 -0.46321 0.49532 0.28457 
1403638181.545097113 5.55744 -3.93110 0.29489 0.65857 -0.47661 0.50264 0.29409 
1403638181.645097017 5.53076 -4.05458 0.27061 0.64182 -0.48823 0.50298 0.31097 
1403638181.745096922 5.49459 -4.17240 0.24988 0.63385 -0.50106 0.49019 0.32694 
1403638181.845097065 5.45277 -4.29623 0.24072 0.62789 -0.51409 0.47328 0.34273 
1403638181.945096970 5.40511 -4.40853 0.23769 0.62289 -0.52757 0.45594 0.35469 
1403638182.045097113 5.35639 -4.51596 0.23976 0.61926 -0.54073 0.44262 0.35807 
1403638182.145097017 5.30846 -4.62583 0.25587 0.61638 -0.55102 0.43286 0.35929 
1403638182.245096922 5.25920 -4.73358 0.26761 0.61308 -0.56023 0.42764 0.35693 
1403638182.345097065 5.21047 -4.84279 0.27645 0.60997 -0.56748 0.42645 0.35222 
1403638182.445096970 5.15897 -4.95234 0.28472 0.61146 -0.56975 0.42219 0.35108 
1403638182.545097113 5.10538 -5.06326 0.30083 0.61770 -0.56622 0.41382 0.35580 
1403638182.645097017 5.05141 -5.18063 0.32397 0.62321 -0.56199 0.40806 0.35953 
1403638182.745096922 4.99905 -5.30231 0.35243 0.62535 -0.55976 0.40833 0.35900 
1403638182.845097065 4.94923 -5.42833 0.37926 0.62559 -0.55752 0.41101 0.35899 
1403638182.945096970 4.90101 -5.55977 0.40040 0.62362 -0.55464 0.41689 0.36010 
1403638183.045097113 4.85397 -5.69390 0.41708 0.62029 -0.54985 0.42454 0.36423 
1403638183.145097017 4.80650 -5.83037 0.42930 0.62001 -0.54351 0.42727 0.37098 
1403638183.245096922 4.76068 -5.96648 0.43579 0.62287 -0.54059 0.42496 0.37311 
1403638183.345097065 4.71705 -6.10128 0.43593 0.62730 -0.54276 0.41919 0.36905 
1403638183.445096970 4.67607 -6.23772 0.43318 0.63229 -0.54572 0.41209 0.36412 
1403638183.545097113 4.63847 -6.37554 0.42692 0.63660 -0.54620 0.40590 0.36284 
1403638183.645097017 4.60390 -6.51777 0.41921 0.63551 -0.54620 0.40753 0.36292 
1403638183.745096922 4.57439 -6.66312 0.41713 0.63068 -0.54074 0.41517 0.37077 
1403638183.845097065 4.54877 -6.80818 0.42187 0.62672 -0.53396 0.42128 0.38032 
1403638183.945096970 4.52702 -6.94900 0.43209 0.62366 -0.53184 0.42521 0.38390 
1403638184.145097017 4.49814 -7.21353 0.47160 0.62790 -0.53778 0.41737 0.37727 
1403638184.245096922 4.48845 -7.34540 0.48768 0.63060 -0.54282 0.41217 0.37123 
1403638184.445096970 4.48129 -7.60865 0.51046 0.62740 -0.54134 0.41539 0.37520 
1403638184.545097113 4.48289 -7.74318 0.51815 0.62546 -0.53957 0.41769 0.37842 
1403638184.645097017 4.48840 -7.87761 0.52652 0.62353 -0.53898 0.42001 0.37986 
1403638184.845097065 4.50743 -8.14684 0.54007 0.62268 -0.54037 0.42013 0.37915 
1403638184.945096970 4.52110 -8.28227 0.55054 0.62217 -0.53846 0.42064 0.38215 
1403638185.145097017 4.55524 -8.54609 0.57261 0.62325 -0.53908 0.41922 0.38106 
1403638185.345097065 4.60156 -8.80386 0.59804 0.62669 -0.53424 0.41482 0.38701 
1403638185.445096970 4.63139 -8.93087 0.61276 0.62851 -0.52728 0.41763 0.39055 
1403638185.545097113 4.66726 -9.05504 0.62947 0.63383 -0.51588 0.42292 0.39149 
1403638185.645097017 4.70943 -9.17800 0.64529 0.64039 -0.50431 0.42949 0.38873 
1403638185.745096922 4.75768 -9.29698 0.66110 0.64278 -0.49816 0.43989 0.38100 
1403638185.845097065 4.80946 -9.41141 0.67523 0.64255 -0.50345 0.45077 0.36121 
1403638185.945096970 4.86173 -9.52400 0.68433 0.64202 -0.51134 0.45860 0.34061 
1403638186.145097017 4.95731 -9.74067 0.68847 0.64940 -0.50776 0.45420 0.33788 
1403638186.345097065 5.04536 -9.96086 0.69290 0.65486 -0.50222 0.44754 0.34444 
1403638186.545097113 5.13293 -10.17821 0.71994 0.65537 -0.50084 0.44538 0.34826 
1403638186.745096922 5.22620 -10.39256 0.73979 0.65907 -0.49537 0.43923 0.35681 
1403638186.845097065 5.27976 -10.50294 0.74277 0.66443 -0.48689 0.43779 0.36028 
1403638186.945096970 5.33888 -10.61177 0.74100 0.67249 -0.47740 0.43907 0.35645 
1403638187.045097113 5.40562 -10.71458 0.74235 0.68014 -0.46573 0.44922 0.34452 
1403638187.145097017 5.47934 -10.81854 0.75217 0.68638 -0.44903 0.46740 0.32984 
1403638187.345097065 5.63189 -11.01271 0.79141 0.69955 -0.40758 0.50353 0.30160 
1403638187.445096970 5.70569 -11.10535 0.82359 0.70436 -0.38891 0.51644 0.29312 
1403638187.545097113 5.77614 -11.18995 0.85439 0.71090 -0.37778 0.52063 0.28434 
1403638187.645097017 5.84288 -11.27123 0.88340 0.71928 -0.37354 0.51709 0.27518 
1403638187.845097065 5.97166 -11.41633 0.92831 0.72787 -0.36605 0.51078 0.27442 
1403638188.045097113 6.10290 -11.54166 0.95852 0.72657 -0.35657 0.51071 0.29006 
1403638188.245096922 6.24095 -11.63268 0.97169 0.71841 -0.35166 0.51794 0.30324 
1403638188.345097065 6.31307 -11.66184 0.97335 0.70527 -0.35383 0.53529 0.30143 
1403638188.445096970 6.39072 -11.69264 0.97508 0.69354 -0.35506 0.54952 0.30160 
1403638188.645097017 6.50602 -11.68701 0.96046 0.68503 -0.35510 0.56203 0.29792 
1403638188.745096922 6.55516 -11.66505 0.96527 0.69188 -0.35275 0.55911 0.29027 
1403638188.945096970 6.63043 -11.58791 0.99973 0.70814 -0.34820 0.54854 0.27639 
1403638189.045097113 6.66047 -11.53849 1.03109 0.71346 -0.34491 0.54676 0.27030 
1403638189.245096922 6.70760 -11.41621 1.09345 0.72435 -0.32778 0.55304 0.24906 
1403638189.345097065 6.72313 -11.34535 1.11531 0.73484 -0.31569 0.55247 0.23480 
1403638189.445096970 6.73386 -11.27135 1.13426 0.75040 -0.30654 0.54240 0.22077 
1403638189.545097113 6.73953 -11.19315 1.15361 0.76225 -0.29979 0.53418 0.20917 
1403638189.645097017 6.74760 -11.11959 1.18563 0.76886 -0.29522 0.53032 0.20113 
1403638189.745096922 6.75212 -11.04321 1.21275 0.77506 -0.29557 0.52459 0.19164 
1403638189.845097065 6.76085 -10.97488 1.23587 0.78009 -0.29633 0.51863 0.18622 
1403638190.145097017 6.80782 -10.80656 1.27673 0.77498 -0.29181 0.52619 0.19333 
1403638190.245096922 6.82763 -10.75510 1.27523 0.76718 -0.28633 0.53693 0.20288 
1403638190.345097065 6.84815 -10.70616 1.26856 0.76346 -0.27147 0.54436 0.21704 
1403638190.445096970 6.87016 -10.65406 1.25683 0.76352 -0.25473 0.54844 0.22663 
1403638190.545097113 6.89308 -10.59393 1.24183 0.76588 -0.24692 0.54960 0.22447 
1403638190.645097017 6.91745 -10.52554 1.22519 0.76877 -0.24345 0.54963 0.21825 
1403638190.845097065 6.96115 -10.37200 1.18866 0.77004 -0.24584 0.55378 0.19984 
1403638190.945096970 6.98549 -10.28657 1.18442 0.77094 -0.24801 0.55420 0.19237 
1403638191.145097017 7.02315 -10.10411 1.19844 0.76823 -0.24889 0.55921 0.18753 
1403638191.245096922 7.03567 -10.01074 1.21291 0.77451 -0.25117 0.55051 0.18436 
1403638191.345097065 7.06001 -9.92435 1.23771 0.78092 -0.25373 0.54105 0.18178 
1403638191.545097113 7.08931 -9.74751 1.27730 0.78429 -0.25607 0.53497 0.18197 
1403638191.745096922 7.13054 -9.58296 1.29804 0.78598 -0.25216 0.53153 0.19009 
1403638191.945096970 7.19037 -9.42088 1.29874 0.78698 -0.24983 0.52935 0.19504 
1403638192.145097017 7.26175 -9.26071 1.31242 0.78634 -0.24961 0.53058 0.19455 
1403638192.245096922 7.30619 -9.17653 1.33325 0.78368 -0.25022 0.53474 0.19313 
1403638192.345097065 7.35574 -9.09939 1.36654 0.77800 -0.25085 0.54330 0.19136 
1403638192.445096970 7.41112 -9.01885 1.40819 0.77547 -0.25119 0.54702 0.19060 
1403638192.645097017 7.51719 -8.82126 1.49656 0.76645 -0.24911 0.55922 0.19436 
1403638192.745096922 7.56921 -8.71637 1.53630 0.75952 -0.24935 0.56823 0.19510 
1403638192.845097065 7.61276 -8.61531 1.57079 0.75270 -0.25024 0.57733 0.19369 
1403638192.945096970 7.65135 -8.50504 1.60094 0.74042 -0.25375 0.59346 0.18762 
1403638193.045097113 7.67554 -8.39401 1.62958 0.73168 -0.25630 0.60582 0.17871 
1403638193.145097017 7.68600 -8.27892 1.65979 0.73696 -0.25175 0.60322 0.17216 
1403638193.245096922 7.68290 -8.16586 1.69780 0.74732 -0.24394 0.59439 0.16941 
1403638193.345097065 7.66377 -8.04653 1.74418 0.75544 -0.23564 0.58736 0.16971 
1403638193.445096970 7.63709 -7.93032 1.79958 0.75872 -0.22705 0.58550 0.17315 
1403638193.545097113 7.59845 -7.81397 1.85105 0.75903 -0.22222 0.58699 0.17302 
1403638193.645097017 7.55338 -7.69527 1.89490 0.76390 -0.22112 0.58181 0.17049 
1403638193.745096922 7.50290 -7.57418 1.93128 0.77223 -0.22354 0.57152 0.16449 
1403638193.845097065 7.44925 -7.45113 1.96171 0.77799 -0.22472 0.56384 0.16220 
1403638194.045097113 7.33934 -7.20691 2.00806 0.78224 -0.22704 0.55777 0.15950 
1403638194.145097017 7.28278 -7.08815 2.02339 0.77739 -0.22584 0.56412 0.16257 
1403638194.245096922 7.22316 -6.97199 2.03057 0.77216 -0.22477 0.57093 0.16522 
1403638194.445096970 7.09923 -6.73432 2.03795 0.77704 -0.22867 0.56385 0.16124 
1403638194.545097113 7.03405 -6.61605 2.04752 0.78093 -0.23045 0.55804 0.16011 
1403638194.645097017 6.96752 -6.49562 2.06478 0.78518 -0.23233 0.55167 0.15869 
1403638194.745096922 6.90200 -6.38078 2.08093 0.79017 -0.23414 0.54407 0.15749 
1403638194.845097065 6.83992 -6.26759 2.09406 0.79392 -0.23534 0.53811 0.15728 
1403638195.045097113 6.72950 -6.04999 2.10377 0.79747 -0.23569 0.53226 0.15872 
1403638195.245096922 6.63868 -5.85050 2.08821 0.80528 -0.23910 0.52023 0.15399 
1403638195.345097065 6.60669 -5.76186 2.07178 0.81173 -0.24213 0.50999 0.14960 
1403638195.545097113 6.56680 -5.60506 2.03833 0.79798 -0.23883 0.53134 0.15447 
1403638195.645097017 6.55779 -5.53882 2.01625 0.79108 -0.23602 0.54183 0.15782 
1403638195.845097065 6.53479 -5.40358 1.98002 0.79474 -0.23683 0.53684 0.15522 
1403638195.945096970 6.52920 -5.34382 1.97182 0.80009 -0.23738 0.52918 0.15321 
1403638196.245096922 6.55089 -5.18499 1.99809 0.79469 -0.23425 0.53767 0.15654 
1403638196.445096970 6.58310 -5.10131 2.03040 0.79113 -0.23371 0.54294 0.15720 
1403638196.645097017 6.62246 -5.02678 2.03425 0.79805 -0.23818 0.53205 0.15268 
1403638196.845097065 6.67564 -4.96669 2.01668 0.80297 -0.24141 0.52407 0.14937 
1403638197.045097113 6.74634 -4.92450 2.00133 0.79328 -0.23814 0.53864 0.15449 
1403638197.245096922 6.82307 -4.89278 2.01078 0.78990 -0.23386 0.54365 0.16069 
1403638197.445096970 6.90177 -4.86231 2.04921 0.78481 -0.22193 0.55061 0.17793 
1403638197.645097017 6.98087 -4.81937 2.11120 0.78227 -0.22116 0.55455 0.17783 
1403638197.845097065 7.05931 -4.76176 2.17845 0.78116 -0.22223 0.55663 0.17484 
1403638197.945096970 7.09900 -4.72961 2.20250 0.77463 -0.22340 0.56613 0.17185 
1403638198.045097113 7.13796 -4.69678 2.21550 0.76684 -0.22339 0.57683 0.17122 
1403638198.245096922 7.20303 -4.61704 2.17856 0.77216 -0.22660 0.56970 0.16693 
1403638198.445096970 7.25953 -4.52100 2.10778 0.77982 -0.22366 0.55906 0.17118 
1403638198.645097017 7.31285 -4.41467 2.02405 0.78322 -0.20584 0.55289 0.19622 
1403638198.845097065 7.36939 -4.27452 1.94976 0.78072 -0.18780 0.55401 0.21970 
1403638199.045097113 7.43131 -4.07960 1.90691 0.78214 -0.19052 0.55239 0.21638 
1403638199.145097017 7.47282 -3.96228 1.90011 0.78205 -0.19317 0.55252 0.21400 
1403638199.245096922 7.51533 -3.83245 1.90310 0.77973 -0.19592 0.55610 0.21067 
1403638199.345097065 7.55975 -3.69163 1.91572 0.77672 -0.19633 0.56019 0.21059 
1403638199.445096970 7.60047 -3.53971 1.93469 0.77735 -0.19376 0.55839 0.21534 
1403638199.545097113 7.64178 -3.37750 1.96144 0.78142 -0.19128 0.55210 0.21905 
1403638199.645097017 7.68582 -3.20281 1.99302 0.78470 -0.18696 0.55057 0.21488 
1403638199.745096922 7.73118 -3.02194 2.03420 0.78670 -0.18565 0.55369 0.20017 
1403638199.845097065 7.77699 -2.83143 2.07143 0.78959 -0.18995 0.55468 0.18109 
1403638199.945096970 7.82154 -2.63708 2.10432 0.79165 -0.19135 0.55528 0.16837 
1403638200.045097113 7.86758 -2.44024 2.13308 0.79300 -0.18742 0.55712 0.16017 
1403638200.145097017 7.91315 -2.24189 2.15899 0.79542 -0.17364 0.55862 0.15846 
1403638200.245096922 7.95868 -2.04012 2.18831 0.79327 -0.15668 0.56765 0.15472 
1403638200.345097065 8.00516 -1.83256 2.22117 0.79154 -0.14020 0.57651 0.14640 
1403638200.445096970 8.04362 -1.62085 2.26402 0.79284 -0.12233 0.57984 0.14222 
1403638200.545097113 8.08152 -1.40255 2.31123 0.79558 -0.10609 0.57940 0.14176 
1403638200.645097017 8.11595 -1.17543 2.36360 0.79854 -0.08960 0.57880 0.13892 
1403638200.745096922 8.14914 -0.93994 2.41996 0.80218 -0.07362 0.57660 0.13644 
1403638200.845097065 8.17858 -0.69543 2.47223 0.80614 -0.06523 0.57346 0.13046 
1403638200.945096970 8.20750 -0.44241 2.51746 0.80832 -0.06666 0.57310 0.11717 
1403638201.045097113 8.23652 -0.18382 2.55575 0.80794 -0.07281 0.57580 0.10190 
1403638201.145097017 8.26321 0.07740 2.58545 0.80799 -0.07636 0.57654 0.09447 
1403638201.245096922 8.28667 0.33910 2.60786 0.80590 -0.08081 0.57966 0.08939 
1403638201.345097065 8.30804 0.60025 2.62293 0.80679 -0.08197 0.57811 0.09028 
1403638201.445096970 8.32611 0.86066 2.63162 0.80599 -0.08249 0.57878 0.09269 
1403638201.545097113 8.34258 1.11937 2.63238 0.80441 -0.08353 0.58055 0.09438 
1403638201.645097017 8.35742 1.37844 2.62665 0.80241 -0.08442 0.58290 0.09610 
1403638201.745096922 8.37289 1.64087 2.61263 0.80187 -0.08649 0.58333 0.09621 
1403638201.845097065 8.38255 1.90048 2.58814 0.80090 -0.08812 0.58454 0.09544 
1403638201.945096970 8.39237 2.16493 2.56197 0.80225 -0.08638 0.58308 0.09464 
1403638202.045097113 8.39614 2.43160 2.53954 0.80341 -0.08107 0.58326 0.08816 
1403638202.145097017 8.39679 2.70024 2.52225 0.80689 -0.08056 0.58024 0.07586 
1403638202.245096922 8.39307 2.96784 2.51186 0.81085 -0.08120 0.57593 0.06504 
1403638202.345097065 8.39088 3.23204 2.50898 0.81402 -0.08042 0.57228 0.05833 
1403638202.445096970 8.39134 3.49036 2.50785 0.81575 -0.07818 0.57029 0.05660 
1403638202.545097113 8.39197 3.74394 2.49997 0.81670 -0.07835 0.56920 0.05358 
1403638202.645097017 8.39690 3.99254 2.48352 0.81817 -0.07942 0.56714 0.05133 
1403638202.745096922 8.40334 4.23298 2.46157 0.81829 -0.07968 0.56693 0.05133 
1403638202.845097065 8.41145 4.46606 2.43387 0.81729 -0.07916 0.56829 0.05304 
1403638202.945096970 8.41952 4.69169 2.40397 0.81656 -0.07966 0.56923 0.05349 
1403638203.045097113 8.42873 4.91090 2.37576 0.81529 -0.08076 0.57100 0.05241 
1403638203.145097017 8.43749 5.12467 2.35538 0.81441 -0.07999 0.57220 0.05418 
1403638203.245096922 8.44553 5.33395 2.34351 0.81129 -0.07741 0.57659 0.05795 
1403638203.345097065 8.45130 5.54027 2.33714 0.80967 -0.07845 0.57888 0.05639 
1403638203.445096970 8.41892 5.30851 2.37939 0.80807 -0.07954 0.58114 0.05448 
1403638203.545097113 8.42081 5.50752 2.36444 0.80883 -0.08081 0.58006 0.05284 
1403638203.645097017 8.42125 5.70152 2.34858 0.81045 -0.08186 0.57777 0.05149 
1403638203.745096922 8.41907 5.89207 2.33982 0.80992 -0.08239 0.57851 0.05071 
1403638203.845097065 8.41369 6.07834 2.33813 0.80991 -0.08119 0.57858 0.05188 
1403638203.945096970 8.40545 6.25975 2.34302 0.81031 -0.08023 0.57815 0.05201 
1403638204.045097113 8.39383 6.43536 2.35432 0.81156 -0.08033 0.57658 0.04979 
1403638204.145097017 8.37869 6.60684 2.37277 0.81406 -0.08094 0.57321 0.04677 
1403638204.245096922 8.36323 6.77166 2.39861 0.81668 -0.08510 0.56937 0.04010 
1403638204.345097065 8.34485 6.93190 2.42797 0.82040 -0.09393 0.56331 0.02816 
1403638204.445096970 8.32888 7.08030 2.45846 0.82347 -0.10045 0.55802 0.02061 
1403638204.545097113 8.31735 7.21948 2.48564 0.82341 -0.10303 0.55770 0.01872 
1403638204.645097017 8.29998 7.35182 2.50473 0.82184 -0.10003 0.56060 0.01716 
1403638204.745096922 8.28885 7.47268 2.51675 0.82266 -0.08726 0.56149 0.01872 
1403638204.845097065 8.28107 7.58718 2.52274 0.82316 -0.06520 0.56360 0.02244 
1403638204.945096970 8.27525 7.69360 2.51883 0.82269 -0.03634 0.56693 0.02116 
1403638205.045097113 8.27158 7.80181 2.51176 0.82221 -0.00409 0.56907 0.01078 
1403638205.145097017 8.26838 7.90603 2.49838 0.82170 0.03155 0.56897 -0.00955 
1403638205.245096922 8.26573 8.01588 2.49174 0.81809 0.07087 0.56958 -0.03584 
1403638205.345097065 8.26302 8.12624 2.49255 0.81135 0.11074 0.57027 -0.06513 
1403638205.445096970 8.26006 8.23680 2.50143 0.80158 0.15050 0.57160 -0.08999 
1403638205.545097113 8.25486 8.34735 2.51760 0.79099 0.18674 0.57371 -0.10160 
1403638205.645097017 8.24379 8.45655 2.53959 0.77935 0.21434 0.57930 -0.10525 
1403638205.745096922 8.22641 8.57049 2.56899 0.76926 0.23385 0.58464 -0.10843 
1403638205.845097065 8.19847 8.68835 2.60196 0.76370 0.25000 0.58337 -0.11810 
1403638205.945096970 8.15931 8.81024 2.63922 0.75985 0.26664 0.57796 -0.13226 
1403638206.045097113 8.11127 8.93750 2.68190 0.75603 0.28310 0.57057 -0.15072 
1403638206.145097017 8.05208 9.06479 2.73082 0.74904 0.30007 0.56620 -0.16827 
1403638206.245096922 7.98497 9.19246 2.77921 0.74147 0.31641 0.56237 -0.18399 
1403638206.345097065 7.90992 9.31797 2.82209 0.73571 0.32615 0.55695 -0.20534 
1403638206.445096970 7.83048 9.44175 2.85919 0.73221 0.33072 0.55251 -0.22186 
1403638206.545097113 7.74580 9.55925 2.89032 0.72875 0.33286 0.55118 -0.23308 
1403638206.645097017 7.65671 9.67358 2.91512 0.72582 0.33480 0.55127 -0.23917 
1403638206.745096922 7.56286 9.78509 2.93300 0.72316 0.34064 0.54838 -0.24554 
1403638206.845097065 7.46579 9.89247 2.94381 0.72065 0.34695 0.54520 -0.25108 
1403638206.945096970 7.36618 9.99595 2.94971 0.71705 0.34984 0.54528 -0.25714 
1403638207.045097113 7.26424 10.09079 2.94831 0.71383 0.35090 0.54628 -0.26246 
1403638207.145097017 7.16088 10.18002 2.93914 0.71148 0.35199 0.54752 -0.26481 
1403638207.245096922 7.04855 10.26430 2.92468 0.70897 0.35431 0.54737 -0.26874 
1403638207.345097065 6.93323 10.34014 2.90225 0.70353 0.36047 0.54660 -0.27628 
1403638207.445096970 6.81349 10.41088 2.87726 0.69507 0.37144 0.54501 -0.28612 
1403638207.545097113 6.68822 10.47109 2.85805 0.68758 0.38600 0.53814 -0.29775 
1403638207.645097017 6.55885 10.51948 2.84345 0.68617 0.40040 0.52511 -0.30514 
1403638207.745096922 6.42797 10.55789 2.83565 0.68801 0.41094 0.51120 -0.31056 
1403638207.845097065 6.30048 10.59024 2.83645 0.69030 0.41808 0.50019 -0.31385 
1403638207.945096970 6.17291 10.61741 2.84426 0.69396 0.42322 0.49075 -0.31380 
1403638208.145097017 5.92747 10.66306 2.86382 0.69241 0.42248 0.49164 -0.31681 
1403638208.245096922 5.81006 10.68061 2.86519 0.68912 0.41980 0.49748 -0.31844 
1403638208.445096970 5.38406 10.75315 2.86477 0.69367 0.42082 0.49432 -0.31207 
1403638208.545097113 5.27040 10.76235 2.85231 0.69361 0.42510 0.48964 -0.31376 
1403638208.645097017 5.15959 10.76728 2.84667 0.68869 0.43439 0.48546 -0.31835 
1403638208.745096922 5.05179 10.77023 2.84847 0.68444 0.44079 0.48071 -0.32584 
1403638208.845097065 4.94975 10.76931 2.85654 0.67943 0.44642 0.47854 -0.33179 
1403638208.945096970 4.85085 10.76674 2.86199 0.67449 0.45221 0.47833 -0.33433 
1403638209.045097113 4.75469 10.75968 2.85984 0.67182 0.45553 0.47730 -0.33666 
1403638209.145097017 4.66162 10.75213 2.85139 0.67058 0.45762 0.47578 -0.33843 
1403638209.345097065 4.47906 10.72635 2.81486 0.67104 0.45845 0.47270 -0.34071 
1403638209.545097113 4.30452 10.69319 2.75350 0.66924 0.45606 0.47491 -0.34437 
1403638209.745096922 4.13828 10.65120 2.63191 0.67085 0.45422 0.47483 -0.34378 
1403638209.945096970 3.97728 10.60009 2.44657 0.66579 0.45512 0.48351 -0.34030 
1403638210.145097017 3.75389 10.50660 2.23443 0.65799 0.44996 0.49431 -0.34675 
1403638210.345097065 3.60100 10.40838 2.05957 0.65577 0.44878 0.49743 -0.34803 
1403638210.445096970 3.52132 10.34480 1.97364 0.65689 0.44873 0.49615 -0.34781 
1403638210.645097017 3.36374 10.20122 1.78812 0.65614 0.44596 0.49796 -0.35019 
1403638210.845097065 3.20610 10.02808 1.60183 0.65807 0.44456 0.49604 -0.35109 
1403638210.945096970 3.12846 9.93157 1.51808 0.66180 0.44624 0.49093 -0.34912 
1403638211.145097017 2.97653 9.71774 1.38459 0.66789 0.44888 0.48171 -0.34696 
1403638211.245096922 2.90618 9.60978 1.32878 0.66995 0.44957 0.47852 -0.34651 
1403638211.445096970 2.77591 9.38902 1.22501 0.67703 0.44177 0.48081 -0.33955 
1403638211.645097017 2.65744 9.15472 1.10524 0.69305 0.41532 0.49012 -0.32705 
1403638211.845097065 2.55421 8.90373 0.96763 0.71860 0.37228 0.50021 -0.30793 
1403638212.045097113 2.46814 8.63632 0.84998 0.74103 0.32819 0.51354 -0.28184 
1403638212.145097017 2.35241 8.50249 0.78310 0.74907 0.31032 0.52159 -0.26558 
1403638212.345097065 2.29023 8.21392 0.71588 0.76411 0.27226 0.53667 -0.23235 
1403638212.445096970 2.25694 8.06199 0.69108 0.77048 0.25331 0.54399 -0.21512 
1403638212.645097017 2.19507 7.74165 0.66248 0.78346 0.20976 0.55375 -0.18855 
1403638212.745096922 2.16450 7.57439 0.65696 0.79015 0.19020 0.55709 -0.17069 
1403638212.845097065 2.13607 7.40540 0.65910 0.79499 0.16718 0.56206 -0.15534 
1403638212.945096970 2.10828 7.23481 0.66523 0.80053 0.14259 0.56513 -0.13950 
1403638213.045097113 2.08207 7.06398 0.67923 0.80580 0.11726 0.56756 -0.12172 
1403638213.145097017 2.06049 6.89149 0.69385 0.81130 0.08971 0.56783 -0.10642 
1403638213.345097065 2.02149 6.54230 0.71040 0.82840 0.02907 0.55323 -0.08269 
1403638213.445096970 2.00949 6.36298 0.71095 0.83435 -0.00303 0.54626 -0.07385 
1403638213.545097113 2.00458 6.17658 0.70731 0.83536 -0.03110 0.54530 -0.06204 
1403638213.645097017 2.00809 5.98344 0.70399 0.82844 -0.04287 0.55708 -0.03883 
1403638213.745096922 2.01430 5.78665 0.70437 0.81986 -0.04576 0.57048 -0.01676 
1403638213.845097065 2.02213 5.58819 0.71026 0.81510 -0.04581 0.57750 -0.00054 
1403638213.945096970 2.03078 5.39016 0.72145 0.81429 -0.04542 0.57862 0.00797 
1403638214.045097113 2.03640 5.19300 0.73684 0.81703 -0.04531 0.57474 0.00941 
1403638214.145097017 2.04216 4.99652 0.75536 0.82357 -0.04340 0.56547 0.00977 
1403638214.245096922 2.05189 4.80178 0.77658 0.83020 -0.04019 0.55594 0.00853 
1403638214.345097065 2.06322 4.60677 0.79300 0.83490 -0.03707 0.54912 0.00607 
1403638214.445096970 2.08194 4.41375 0.80179 0.83648 -0.03255 0.54701 0.00481 
1403638214.545097113 2.10627 4.22144 0.80617 0.83129 -0.02831 0.55511 0.00353 
1403638214.645097017 2.13332 4.03210 0.80514 0.82486 -0.02455 0.56480 0.00242 
1403638214.745096922 2.16096 3.84444 0.79883 0.81853 -0.02083 0.57409 0.00127 
1403638214.845097065 2.18544 3.66093 0.78764 0.81450 -0.01779 0.57989 -0.00010 
1403638214.945096970 2.20967 3.47861 0.77052 0.81204 -0.01540 0.58340 -0.00097 
1403638215.045097113 2.23312 3.30127 0.74769 0.81130 -0.01424 0.58446 -0.00206 
1403638215.145097017 2.25675 3.12434 0.72120 0.81163 -0.01243 0.58404 -0.00152 
1403638215.245096922 2.27841 2.95151 0.69053 0.81375 -0.01107 0.58111 0.00013 
1403638215.345097065 2.29990 2.78220 0.65847 0.81550 -0.00854 0.57869 0.00417 
1403638215.445096970 2.32121 2.61819 0.62968 0.81510 -0.00481 0.57923 0.00960 
1403638215.545097113 2.34167 2.45810 0.60934 0.81540 -0.00424 0.57879 0.01063 
1403638215.645097017 2.36015 2.30452 0.59716 0.81340 -0.00427 0.58160 0.01024 
1403638215.845097065 2.38869 2.01364 0.57903 0.81288 -0.01308 0.58226 0.00533 
1403638215.945096970 2.39855 1.87474 0.56331 0.81264 -0.01768 0.58245 0.00781 
1403638216.045097113 2.40499 1.74013 0.54187 0.81252 -0.02172 0.58245 0.00939 
1403638216.145097017 2.40965 1.60893 0.52110 0.81248 -0.02346 0.58237 0.01281 
1403638216.245096922 2.41106 1.48237 0.50657 0.81122 -0.02434 0.58402 0.01591 
1403638216.345097065 2.41131 1.35894 0.49876 0.81031 -0.02493 0.58519 0.01821 
1403638216.445096970 2.40871 1.23978 0.49826 0.80915 -0.02548 0.58672 0.01977 
1403638216.645097017 2.39576 1.01545 0.49219 0.81096 -0.02420 0.58410 0.02399 
1403638216.845097065 2.37686 0.80634 0.45913 0.80872 -0.02379 0.58693 0.03024 
1403638216.945096970 2.36509 0.70890 0.43690 0.80626 -0.03094 0.58974 0.03469 
1403638217.045097113 2.34930 0.61642 0.41160 0.80647 -0.04446 0.58840 0.03758 
1403638217.145097017 2.32904 0.52818 0.38333 0.80841 -0.05989 0.58397 0.04312 
1403638217.245096922 2.30689 0.44439 0.35378 0.80982 -0.07140 0.58013 0.05031 
1403638217.345097065 2.28348 0.36562 0.33001 0.81051 -0.07913 0.57761 0.05636 
1403638217.445096970 2.25820 0.29238 0.31472 0.81128 -0.08467 0.57531 0.06058 
1403638217.545097113 2.23199 0.22157 0.30887 0.81208 -0.08540 0.57329 0.06760 
1403638217.645097017 2.20568 0.15514 0.31082 0.81287 -0.08280 0.57164 0.07495 
1403638217.845097065 2.12538 -0.04051 0.36163 0.81521 -0.07554 0.56737 0.08838 
1403638218.145097017 2.06383 -0.16403 0.39423 0.81066 -0.07007 0.57465 0.08774 
1403638218.345097065 2.02745 -0.21268 0.39045 0.80424 -0.06888 0.58464 0.08157 
1403638218.745096922 1.92826 -0.22456 0.42908 0.81147 -0.07561 0.57530 0.06955 
1403638218.845097065 1.90237 -0.21930 0.43701 0.81478 -0.08277 0.56909 0.07361 
1403638219.045097113 1.85125 -0.19466 0.43967 0.81305 -0.10885 0.56868 0.06088 
1403638219.245096922 1.80473 -0.17163 0.42892 0.80639 -0.11447 0.57633 0.06690 
1403638219.445096970 1.75788 -0.15194 0.41137 0.79266 -0.10878 0.59450 0.08017 
1403638219.745096922 1.64433 -0.10892 0.41504 0.79573 -0.11490 0.59047 0.07045 
1403638219.945096970 1.54704 -0.07847 0.40503 0.80113 -0.12639 0.58256 0.05338 
1403638220.145097017 1.43200 -0.02998 0.37188 0.80555 -0.12944 0.57593 0.05134 
1403638220.245096922 1.37591 -0.03239 0.36787 0.80766 -0.12024 0.57357 0.06516 
1403638220.445096970 1.26278 -0.03996 0.37806 0.81032 -0.10879 0.56990 0.08219 
1403638220.945096970 0.99021 -0.02475 0.40726 0.80953 -0.11365 0.56973 0.08459 
1403638221.245096922 0.82917 0.00353 0.36644 0.81222 -0.11606 0.56538 0.08466 
1403638221.545097113 0.68278 0.03714 0.36541 0.81410 -0.12261 0.56229 0.07767 
1403638222.245096922 0.40389 0.08748 0.37385 0.81531 -0.11821 0.56067 0.08336 
1403638222.445096970 0.27316 0.10832 0.36162 0.82120 -0.12107 0.55150 0.08262 
1403638222.745096922 0.20933 0.12565 0.32788 0.81150 -0.12066 0.56572 0.08289 
1403638222.945096970 0.17410 0.13601 0.29460 0.80136 -0.11918 0.58014 0.08395 
1403638223.145097017 0.12720 0.15097 0.26845 0.80683 -0.11906 0.57258 0.08367 
1403638223.245096922 0.09774 0.15948 0.26195 0.81676 -0.12408 0.55818 0.07713 
1403638223.545097113 0.02421 0.17959 0.24598 0.81073 -0.13701 0.56609 0.05911 
1403638223.745096922 -0.01828 0.17389 0.22643 0.81051 -0.12415 0.56707 0.07808 
1403638223.945096970 -0.05763 0.16673 0.20003 0.81184 -0.11533 0.56513 0.09077 
1403638224.145097017 -0.09030 0.16152 0.16759 0.81971 -0.11568 0.55381 0.08935 
1403638224.245096922 -0.12477 0.19933 0.12338 0.82302 -0.11737 0.54878 0.08772 
1403638224.445096970 -0.13278 0.20717 0.09965 0.81248 -0.12195 0.56419 0.08181 
1403638224.545097113 -0.13392 0.21171 0.08774 0.80522 -0.12162 0.57454 0.08207 
1403638224.745096922 -0.14042 0.22288 0.05952 0.81778 -0.12126 0.55655 0.08240 
1403638224.945096970 -0.13529 0.23423 0.05230 0.81330 -0.12610 0.56312 0.07447 
1403638225.045097113 -0.12995 0.23878 0.05411 0.80676 -0.12922 0.57251 0.06836 
1403638225.345097065 -0.12142 0.23932 0.06793 0.81653 -0.11915 0.55923 0.07960 
1403638225.445096970 -0.11608 0.23840 0.07085 0.81251 -0.11768 0.56510 0.08151 
1403638225.545097113 -0.10980 0.23729 0.06788 0.80215 -0.11555 0.57969 0.08458 
1403638225.645097017 -0.10599 0.23753 0.05926 0.79176 -0.11368 0.59381 0.08711 
1403638225.745096922 -0.10758 0.24058 0.03849 0.79403 -0.11307 0.59077 0.08788 
1403638225.845097065 -0.11349 0.24631 0.00783 0.80538 -0.11434 0.57519 0.08627 
1403638225.945096970 -0.11994 0.25351 -0.02766 0.81558 -0.11551 0.56065 0.08458 
1403638226.045097113 -0.12156 0.26434 -0.05312 0.82581 -0.11584 0.54610 0.07995 
1403638226.145097017 -0.12292 0.17873 0.03918 0.82354 -0.13018 0.54916 0.05702 
1403638226.245096922 -0.11577 0.19105 0.01744 0.82847 -0.11482 0.54168 0.08387 
1403638226.345097065 -0.11364 0.19693 0.01217 0.82456 -0.11549 0.54782 0.08156 
