1413393891.355760574 0.14134 0.27850 0.26158 0.78504 -0.10755 0.60487 0.07925
1413393891.455760479 0.13612 0.31168 0.26404 0.74745 -0.10338 0.65121 0.08096
1413393891.555760384 0.12300 0.35156 0.25976 0.72409 -0.09516 0.67855 0.07884
1413393891.655760527 0.08191 0.38793 0.24655 0.72107 -0.09003 0.68221 0.08088
1413393891.755760431 0.02075 0.43502 0.23820 0.72301 -0.08752 0.68038 0.08175
1413393891.855760574 -0.05496 0.48925 0.23189 0.72957 -0.08598 0.67334 0.08335
1413393891.955760479 -0.16755 0.54904 0.23874 0.75128 -0.08900 0.64874 0.08242
1413393892.055760384 -0.28908 0.61633 0.24003 0.78085 -0.09261 0.61256 0.08040
1413393892.155760527 -0.42612 0.68464 0.25223 0.79960 -0.09539 0.58745 0.08026
1413393892.255760431 -0.56761 0.75269 0.26847 0.80787 -0.09635 0.57562 0.08204
1413393892.355760574 -0.70496 0.82009 0.28101 0.81165 -0.09855 0.56977 0.08291
1413393892.455760479 -0.83898 0.88542 0.28209 0.81515 -0.10049 0.56431 0.08358
1413393892.555760384 -0.97184 0.94920 0.27199 0.81724 -0.10146 0.56101 0.08425
1413393892.655760527 -1.09903 1.00999 0.25121 0.82370 -0.10180 0.55152 0.08351
1413393892.755760431 -1.21421 1.07101 0.22717 0.83684 -0.10344 0.53124 0.08233
1413393892.855760574 -1.31497 1.13291 0.20527 0.85089 -0.10461 0.50833 0.08154
1413393892.955760479 -1.39163 1.19346 0.18939 0.86230 -0.10546 0.48894 0.07907
1413393893.055760384 -1.44015 1.24965 0.18074 0.86860 -0.10448 0.47799 0.07837
1413393893.155760527 -1.46268 1.30002 0.17896 0.86785 -0.10360 0.47979 0.07688
1413393893.255760431 -1.45877 1.34512 0.18472 0.86200 -0.10110 0.49061 0.07768
1413393893.355760574 -1.42916 1.38539 0.19735 0.85688 -0.10644 0.49935 0.07130
1413393893.455760479 -1.38583 1.42314 0.21038 0.85196 -0.11395 0.50715 0.06308
1413393893.555760384 -1.32499 1.45494 0.22580 0.84952 -0.11875 0.51105 0.05513
1413393893.655760527 -1.24982 1.47866 0.24051 0.84767 -0.12302 0.51388 0.04741
1413393893.755760431 -1.15938 1.49243 0.25831 0.84466 -0.12766 0.51825 0.04080
1413393893.855760574 -1.05698 1.49531 0.27867 0.83764 -0.12814 0.52938 0.04123
1413393893.955760479 -0.94396 1.48781 0.30189 0.82611 -0.12404 0.54774 0.04621
1413393894.055760384 -0.82584 1.47096 0.32502 0.81839 -0.12112 0.55958 0.04937
1413393894.155760527 -0.70571 1.44838 0.34831 0.81515 -0.12065 0.56443 0.04891
1413393894.255760431 -0.58151 1.42102 0.37207 0.81410 -0.12160 0.56589 0.04714
1413393894.355760574 -0.45992 1.38565 0.39060 0.81318 -0.12317 0.56702 0.04528
1413393894.455760479 -0.33719 1.34465 0.39232 0.81311 -0.12080 0.56741 0.04814
1413393894.555760384 -0.21337 1.29854 0.37903 0.81146 -0.11750 0.56999 0.05321
1413393894.655760527 -0.08833 1.24797 0.35773 0.81006 -0.11408 0.57217 0.05842
1413393894.755760431 0.03605 1.19346 0.33691 0.80864 -0.11135 0.57442 0.06123
1413393894.855760574 0.15882 1.13740 0.31861 0.80757 -0.11053 0.57612 0.06074
1413393894.955760479 0.28017 1.08003 0.30526 0.80309 -0.10743 0.58273 0.06275
1413393895.055760384 0.39902 1.02146 0.29573 0.79633 -0.10453 0.59228 0.06435
1413393895.155760527 0.51457 0.96389 0.28723 0.79629 -0.10204 0.59252 0.06654
1413393895.255760431 0.62540 0.90523 0.28199 0.79940 -0.10128 0.58846 0.06644
1413393895.355760574 0.73396 0.84773 0.27409 0.79761 -0.10004 0.59098 0.06740
1413393895.455760479 0.83497 0.79091 0.25800 0.79502 -0.09964 0.59435 0.06902
1413393895.555760384 0.93732 0.73068 0.23238 0.79384 -0.10490 0.59459 0.07268
1413393895.655760527 1.03115 0.67190 0.21085 0.79295 -0.11466 0.59313 0.07920
1413393895.755760431 1.12053 0.61287 0.19575 0.78782 -0.12630 0.59569 0.09244
1413393895.855760574 1.19925 0.55599 0.18522 0.78164 -0.14445 0.59707 0.10808
1413393895.955760479 1.26997 0.50065 0.17716 0.77621 -0.16932 0.59379 0.12749
1413393896.055760384 1.33181 0.44844 0.17108 0.77136 -0.19735 0.58543 0.15276
1413393896.155760527 1.38967 0.39976 0.16666 0.76166 -0.22867 0.57894 0.18001
1413393896.255760431 1.44077 0.35633 0.16628 0.74573 -0.25873 0.57678 0.21041
1413393896.355760574 1.48392 0.32117 0.16850 0.72722 -0.28841 0.57470 0.24016
1413393896.455760479 1.52485 0.29363 0.17238 0.70483 -0.32750 0.57390 0.25805
1413393896.555760384 1.55209 0.27836 0.18052 0.68678 -0.37270 0.56422 0.26663
1413393896.655760527 1.57886 0.26394 0.18853 0.67220 -0.41612 0.54759 0.27411
1413393896.755760431 1.59455 0.24926 0.20011 0.65504 -0.45850 0.53199 0.27870
1413393896.855760574 1.59099 0.23737 0.21493 0.63697 -0.49857 0.51619 0.28149
1413393896.955760479 1.57452 0.22032 0.22958 0.62518 -0.53634 0.49098 0.28359
1413393897.055760384 1.56165 0.18689 0.24024 0.63321 -0.55987 0.44765 0.29189
1413393897.155760527 1.52700 0.14617 0.24768 0.64692 -0.56194 0.40628 0.31726
1413393897.255760431 1.50051 0.08551 0.25101 0.65570 -0.54388 0.38320 0.35694
1413393897.355760574 1.48140 0.01714 0.25750 0.65537 -0.51686 0.38119 0.39755
1413393897.455760479 1.47670 -0.05848 0.26183 0.64465 -0.50962 0.39705 0.40874
1413393897.555760384 1.49345 -0.13700 0.26295 0.63445 -0.51139 0.41487 0.40477
1413393897.655760527 1.52632 -0.21349 0.26061 0.63296 -0.51555 0.42313 0.39310
1413393897.755760431 1.55675 -0.28730 0.26554 0.63399 -0.51732 0.42450 0.38760
1413393897.855760574 1.60047 -0.36560 0.27136 0.63683 -0.51564 0.42261 0.38724
1413393897.955760479 1.64374 -0.44010 0.28121 0.63619 -0.51696 0.41521 0.39448
1413393898.055760384 1.69279 -0.51488 0.29349 0.63025 -0.52029 0.40312 0.41181
1413393898.155760527 1.75065 -0.58575 0.31096 0.60954 -0.52262 0.40335 0.43890
1413393898.255760431 1.81849 -0.64385 0.33182 0.57384 -0.52787 0.41887 0.46541
1413393898.355760574 1.89508 -0.68907 0.35641 0.53565 -0.53246 0.44375 0.48233
1413393898.455760479 1.97940 -0.71754 0.38064 -0.49703 0.53357 -0.47566 -0.49195
1413393898.555760384 2.05904 -0.71495 0.39919 -0.47695 0.54958 -0.49288 -0.47703
1413393898.655760527 2.13805 -0.69532 0.39947 -0.49042 0.58569 -0.47521 -0.43662
1413393898.755760431 2.20593 -0.65488 0.38998 -0.51403 0.62330 -0.44051 -0.39144
1413393898.855760574 2.25410 -0.60559 0.37390 -0.54001 0.65776 -0.39493 -0.34608
1413393898.955760479 2.28287 -0.56936 0.36601 -0.55859 0.68021 -0.35413 -0.31603
1413393899.055760384 2.30119 -0.56653 0.37212 -0.57671 0.68459 -0.31816 -0.31227
1413393899.155760527 2.30504 -0.60434 0.39751 -0.58319 0.66012 -0.31343 -0.35481
1413393899.255760431 2.30968 -0.66808 0.43580 -0.56177 0.61686 -0.35210 -0.42417
1413393899.355760574 2.31961 -0.73366 0.47883 -0.52302 0.57067 -0.40769 -0.48433
1413393899.455760479 2.33583 -0.78611 0.52000 0.48856 -0.53642 0.45305 0.51798
1413393899.555760384 2.35776 -0.80933 0.56126 0.45572 -0.51214 0.49712 0.53189
1413393899.655760527 2.38035 -0.79225 0.59658 0.44039 -0.50913 0.52444 0.52134
1413393899.755760431 2.40023 -0.73511 0.61729 -0.45771 0.53835 -0.52085 -0.47896
1413393899.855760574 2.40830 -0.63992 0.63067 -0.48923 0.58410 -0.49465 -0.41809
1413393899.955760479 2.40300 -0.53104 0.63388 -0.52468 0.63433 -0.44898 -0.34749
1413393900.055760384 2.38207 -0.42415 0.63539 -0.54755 0.67010 -0.40297 -0.29792
1413393900.155760527 2.34054 -0.33414 0.63654 -0.56262 0.68557 -0.36538 -0.28275
1413393900.255760431 2.27863 -0.27627 0.63625 -0.57887 0.68459 -0.33239 -0.29284
1413393900.355760574 2.21071 -0.24023 0.63213 -0.59197 0.66659 -0.31130 -0.32912
1413393900.455760479 2.13870 -0.24105 0.62652 -0.58803 0.63793 -0.31884 -0.38158
1413393900.555760384 2.06898 -0.24995 0.61085 -0.57290 0.60140 -0.35028 -0.43291
1413393900.655760527 2.00993 -0.27219 0.59143 -0.54152 0.56436 -0.39444 -0.48235
1413393900.755760431 1.96003 -0.28319 0.56194 0.50940 -0.53626 0.43522 0.51334
1413393900.855760574 1.92073 -0.27460 0.52807 0.48938 -0.53101 0.46164 0.51519
1413393900.955760479 1.88993 -0.23534 0.49127 -0.49134 0.55274 -0.46529 -0.48638
1413393901.055760384 1.85514 -0.17178 0.45472 -0.50472 0.58739 -0.45366 -0.44094
1413393901.155760527 1.81348 -0.09331 0.42244 -0.53373 0.61826 -0.41487 -0.40095
1413393901.255760431 1.76456 -0.02036 0.39497 -0.56476 0.63523 -0.36778 -0.37718
1413393901.355760574 1.71542 0.03948 0.37866 -0.58378 0.64322 -0.33472 -0.36527
1413393901.455760479 1.66432 0.07798 0.36624 -0.59392 0.64874 -0.31452 -0.35702
1413393901.555760384 1.61601 0.09149 0.35925 -0.60189 0.64854 -0.29980 -0.35672
1413393901.655760527 1.57316 0.07418 0.35842 -0.60600 0.63653 -0.29594 -0.37419
1413393901.755760431 1.53675 0.02624 0.36461 -0.59907 0.61067 -0.31370 -0.41206
1413393901.855760574 1.51592 -0.04247 0.37554 -0.58140 0.59257 -0.34275 -0.43973
1413393901.955760479 1.50381 -0.11216 0.38068 -0.56960 0.59194 -0.35866 -0.44330
1413393902.055760384 1.49990 -0.18430 0.38604 -0.56550 0.59533 -0.36300 -0.44047
1413393902.155760527 1.50240 -0.25855 0.39337 -0.56472 0.59587 -0.36304 -0.44073
1413393902.255760431 1.51253 -0.33511 0.40180 -0.56495 0.59549 -0.36181 -0.44194
1413393902.355760574 1.52429 -0.41422 0.41077 -0.56539 0.59490 -0.36111 -0.44276
1413393902.455760479 1.54783 -0.49689 0.41264 -0.56360 0.59201 -0.36338 -0.44703
1413393902.555760384 1.57844 -0.57821 0.40953 -0.56123 0.58963 -0.36637 -0.45070
1413393902.655760527 1.61777 -0.65886 0.41336 -0.56125 0.59091 -0.36583 -0.44944
1413393902.755760431 1.66682 -0.73933 0.43063 -0.56130 0.59302 -0.36525 -0.44706
1413393902.855760574 1.72257 -0.82382 0.45655 -0.55684 0.60475 -0.37096 -0.43196
1413393902.955760479 1.78317 -0.91453 0.48635 -0.55184 0.62398 -0.37571 -0.40615
1413393903.055760384 1.83988 -1.00578 0.51855 -0.54623 0.63748 -0.38075 -0.38765
1413393903.155760527 1.89008 -1.10420 0.55433 -0.54358 0.63444 -0.38360 -0.39353
1413393903.255760431 1.92959 -1.21317 0.58717 -0.54153 0.62621 -0.38410 -0.40875
1413393903.355760574 1.96599 -1.32244 0.61726 -0.53548 0.62438 -0.37891 -0.42406
1413393903.455760479 1.99846 -1.43254 0.63382 -0.51860 0.63410 -0.37122 -0.43722
1413393903.555760384 2.02644 -1.53781 0.62907 -0.49240 0.65044 -0.36552 -0.44817
1413393903.655760527 2.05373 -1.64164 0.61665 -0.45911 0.66246 -0.36796 -0.46365
1413393903.755760431 2.07438 -1.73510 0.60490 -0.42927 0.67437 -0.36794 -0.47494
1413393903.855760574 2.09161 -1.82420 0.59568 -0.40698 0.68930 -0.36565 -0.47491
1413393903.955760479 2.10070 -1.90243 0.59022 -0.38937 0.70277 -0.36602 -0.46960
1413393904.055760384 2.09895 -1.96954 0.58921 -0.38002 0.71040 -0.36348 -0.46777
1413393904.155760527 2.08662 -2.02805 0.58248 -0.38086 0.71218 -0.35390 -0.47170
1413393904.255760431 2.06545 -2.07908 0.57102 -0.38760 0.71316 -0.34103 -0.47420
1413393904.355760574 2.03498 -2.12313 0.57247 -0.39140 0.71097 -0.33451 -0.47899
1413393904.455760479 1.99405 -2.15563 0.59224 -0.38975 0.71182 -0.33012 -0.48211
1413393904.555760384 1.94359 -2.18822 0.62735 -0.38508 0.71403 -0.32008 -0.48931
1413393904.655760527 1.88737 -2.21458 0.66115 -0.39087 0.72322 -0.28394 -0.49351
1413393904.755760431 1.82950 -2.23854 0.68477 -0.39124 0.73907 -0.24473 -0.49072
1413393904.855760574 1.76994 -2.26582 0.70067 -0.38205 0.75229 -0.21436 -0.49208
1413393904.955760479 1.70966 -2.30653 0.71107 0.36243 -0.75626 0.19674 0.50795
1413393905.055760384 1.64911 -2.35858 0.71503 0.33440 -0.75304 0.18830 0.53447
1413393905.155760527 1.59371 -2.41413 0.70617 0.30522 -0.75348 0.17896 0.55415
1413393905.255760431 1.54463 -2.47291 0.68314 0.27318 -0.75914 0.17265 0.56504
1413393905.355760574 1.49946 -2.53564 0.65632 0.24062 -0.76730 0.16614 0.57074
1413393905.455760479 1.45997 -2.59834 0.63129 0.21139 -0.77531 0.15567 0.57444
1413393905.555760384 1.42489 -2.66003 0.61224 0.18091 -0.78481 0.14541 0.57463
1413393905.655760527 1.39319 -2.71660 0.59407 0.14595 -0.79601 0.13920 0.57069
1413393905.755760431 1.36224 -2.76654 0.57954 0.10996 -0.80238 0.13388 0.57112
1413393905.855760574 1.32983 -2.80925 0.56984 0.07445 -0.81099 0.13107 0.56531
1413393905.955760479 1.29342 -2.83904 0.56148 0.04486 -0.82468 0.12363 0.55010
1413393906.055760384 1.24802 -2.85542 0.56071 0.02679 -0.83395 0.10219 0.54163
1413393906.155760527 1.19318 -2.86030 0.56529 0.02337 -0.83378 0.06463 0.54780
1413393906.255760431 1.13327 -2.85895 0.56541 0.02241 -0.82338 0.02866 0.56632
1413393906.355760574 1.06902 -2.85757 0.55558 0.01816 -0.81247 0.00242 0.58272
1413393906.455760479 1.00679 -2.85655 0.53349 0.00909 -0.80621 -0.01223 0.59143
1413393906.555760384 0.94911 -2.85850 0.49753 -0.00568 -0.80246 -0.01878 0.59638
1413393906.655760527 0.89712 -2.86143 0.44877 -0.02818 -0.79978 -0.01492 0.59944
1413393906.755760431 0.84862 -2.86631 0.39826 -0.05407 -0.79799 0.00081 0.60024
1413393906.855760574 0.80697 -2.86519 0.35137 -0.07063 -0.79307 0.00970 0.60495
1413393906.955760479 0.77060 -2.85734 0.30753 -0.07568 -0.78785 0.00812 0.61114
1413393907.055760384 0.74048 -2.84320 0.26590 -0.07001 -0.78773 -0.00378 0.61202
1413393907.155760527 0.71782 -2.82323 0.22442 -0.05857 -0.79199 -0.02212 0.60731
1413393907.255760431 0.69989 -2.80328 0.18355 -0.04298 -0.79613 -0.04613 0.60183
1413393907.355760574 0.69055 -2.78574 0.14694 -0.02186 -0.79909 -0.07768 0.59577
1413393907.455760479 0.68311 -2.78120 0.11573 -0.02033 -0.80316 -0.08263 0.58965
1413393907.555760384 0.68025 -2.79012 0.10139 -0.03633 -0.80451 -0.06103 0.58967
1413393907.655760527 0.67695 -2.80512 0.10086 -0.04929 -0.80368 -0.04236 0.59150
1413393907.755760431 0.67603 -2.82117 0.09296 -0.05642 -0.80623 -0.03242 0.58801
1413393907.855760574 0.67473 -2.83586 0.06594 -0.05989 -0.80381 -0.02832 0.59119
1413393907.955760479 0.67995 -2.84986 0.01949 -0.05978 -0.79912 -0.02948 0.59747
1413393908.055760384 0.68793 -2.86233 -0.03512 -0.05570 -0.79661 -0.03784 0.60073
1413393908.155760527 0.70289 -2.87583 -0.08509 -0.05388 -0.80122 -0.04331 0.59436
1413393908.255760431 0.72213 -2.89115 -0.12134 -0.05311 -0.80434 -0.04675 0.58994
1413393908.355760574 0.74791 -2.90982 -0.14553 -0.05344 -0.79649 -0.04774 0.60040
1413393908.455760479 0.77528 -2.93040 -0.16668 -0.05568 -0.79482 -0.04673 0.60248
1413393908.555760384 0.80413 -2.95186 -0.18982 -0.05816 -0.79929 -0.04632 0.59632
1413393908.655760527 0.83486 -2.97407 -0.20921 -0.06549 -0.80462 -0.03943 0.58886
1413393908.755760431 0.86722 -2.99466 -0.22701 -0.08892 -0.80367 -0.00914 0.58832
1413393908.855760574 0.90115 -3.00545 -0.22682 -0.10266 -0.79328 0.00692 0.60010
1413393908.955760479 0.93912 -3.00285 -0.21320 -0.09018 -0.78976 -0.01443 0.60658
1413393909.055760384 0.98319 -2.99382 -0.19279 -0.07481 -0.79602 -0.04082 0.59924
1413393909.155760527 1.03321 -2.98427 -0.16854 -0.06663 -0.80112 -0.05833 0.59192
1413393909.255760431 1.08565 -2.97829 -0.14559 -0.06526 -0.80149 -0.06699 0.59065
1413393909.355760574 1.14022 -2.97642 -0.13131 -0.06510 -0.80055 -0.07382 0.59113
1413393909.455760479 1.19445 -2.97735 -0.12805 -0.06734 -0.80109 -0.07673 0.58977
1413393909.555760384 1.25115 -2.98359 -0.13612 -0.07036 -0.80322 -0.07694 0.58648
1413393909.655760527 1.31294 -2.99559 -0.15734 -0.07448 -0.81281 -0.07760 0.57251
1413393909.755760431 1.37263 -3.01078 -0.18713 -0.07989 -0.82552 -0.07913 0.55306
1413393909.855760574 1.42480 -3.02807 -0.22418 -0.08576 -0.83451 -0.08060 0.53828
1413393909.955760479 1.46545 -3.04854 -0.26852 -0.09140 -0.84132 -0.08284 0.52627
1413393910.055760384 1.49698 -3.07215 -0.31627 -0.09621 -0.84652 -0.08488 0.51667
1413393910.155760527 1.50871 -3.09761 -0.35202 -0.10409 -0.85034 -0.08296 0.50912
1413393910.255760431 1.50204 -3.12305 -0.37173 -0.10911 -0.85296 -0.08259 0.50372
1413393910.355760574 1.45898 -3.14182 -0.36938 0.11622 0.85768 0.07822 -0.49473
1413393910.455760479 1.40415 -3.15978 -0.35853 0.13010 0.86235 0.06309 -0.48524
1413393910.555760384 1.31866 -3.16322 -0.34395 0.13698 0.86486 0.05006 -0.48037
1413393910.655760527 1.22229 -3.16039 -0.33891 0.13410 0.86086 0.04481 -0.48880
1413393910.755760431 1.11111 -3.14922 -0.34406 -0.13036 -0.85224 -0.03832 0.50520
1413393910.855760574 0.98609 -3.12978 -0.35962 -0.11968 -0.84501 -0.03713 0.51986
1413393910.955760479 0.85149 -3.10434 -0.38195 -0.10463 -0.83454 -0.03856 0.53954
1413393911.055760384 0.71112 -3.07450 -0.41118 -0.08896 -0.82325 -0.03754 0.55940
1413393911.155760527 0.56967 -3.04296 -0.44460 -0.07651 -0.81641 -0.03252 0.57145
1413393911.255760431 0.42928 -3.00948 -0.47792 -0.06591 -0.81271 -0.03084 0.57811
1413393911.355760574 0.29187 -2.97427 -0.51006 -0.05842 -0.80556 -0.03208 0.58875
1413393911.455760479 0.16002 -2.93939 -0.53806 -0.05190 -0.79333 -0.03897 0.60532
1413393911.555760384 0.03841 -2.90767 -0.56198 -0.04836 -0.78671 -0.04679 0.61365
1413393911.655760527 -0.07555 -2.88233 -0.56435 -0.04843 -0.78034 -0.05195 0.62131
1413393911.755760431 -0.16907 -2.86254 -0.55668 -0.05155 -0.78279 -0.05656 0.61756
1413393911.855760574 -0.24864 -2.85040 -0.53632 -0.05646 -0.79718 -0.05813 0.59828
1413393911.955760479 -0.32275 -2.84427 -0.50457 -0.07496 -0.81469 -0.04018 0.57363
1413393912.055760384 -0.40301 -2.83588 -0.45796 -0.09447 -0.83594 -0.02141 0.54020
1413393912.155760527 -0.49548 -2.82068 -0.39968 -0.10672 -0.85000 -0.01270 0.51571
1413393912.255760431 -0.60386 -2.79362 -0.33890 -0.11315 -0.85784 -0.01159 0.50118
1413393912.355760574 -0.72558 -2.75612 -0.27627 0.11690 0.85837 0.01369 -0.49935
1413393912.455760479 -0.86429 -2.70775 -0.20844 -0.11730 -0.84655 -0.01894 0.51888
1413393912.555760384 -1.01439 -2.65055 -0.14238 -0.11454 -0.82983 -0.02463 0.54558
1413393912.655760527 -1.16799 -2.58740 -0.08884 -0.10936 -0.81838 -0.02973 0.56339
1413393912.755760431 -1.31741 -2.52107 -0.04724 -0.10178 -0.80847 -0.03670 0.57850
1413393912.855760574 -1.47046 -2.45073 -0.01918 -0.09780 -0.80113 -0.04727 0.58855
1413393912.955760479 -1.61274 -2.37839 -0.00275 -0.10363 -0.79742 -0.05844 0.59157
1413393913.055760384 -1.74771 -2.30495 0.00407 -0.12431 -0.79370 -0.06231 0.59221
1413393913.155760527 -1.87583 -2.22819 0.00296 -0.15261 -0.78401 -0.06598 0.59806
1413393913.255760431 -1.99318 -2.14861 -0.00496 -0.18517 -0.77257 -0.07181 0.60306
1413393913.355760574 -2.09841 -2.06405 -0.02142 -0.21893 -0.76559 -0.08327 0.59917
1413393913.455760479 -2.19052 -1.97214 -0.04066 -0.25586 -0.75543 -0.09524 0.59565
1413393913.555760384 -2.27029 -1.86994 -0.05208 -0.28940 -0.73916 -0.11690 0.59685
1413393913.655760527 -2.33022 -1.75974 -0.05435 -0.31759 -0.72009 -0.14747 0.59905
1413393913.755760431 -2.37639 -1.64115 -0.04567 -0.34337 -0.70093 -0.18000 0.59867
1413393913.855760574 -2.40141 -1.52211 -0.03525 -0.36990 -0.68303 -0.20867 0.59422
1413393913.955760479 -2.40720 -1.40547 -0.01778 -0.39609 -0.66795 -0.23374 0.58507
1413393914.055760384 -2.39466 -1.29134 -0.00461 -0.41432 -0.65169 -0.27111 0.57458
1413393914.155760527 -2.36266 -1.18870 0.01811 -0.43108 -0.64255 -0.31095 0.55191
1413393914.255760431 -2.31756 -1.09811 0.03902 -0.45548 -0.64226 -0.33873 0.51507
1413393914.355760574 -2.25725 -1.02653 0.05682 0.48237 0.63485 0.35845 -0.48559
1413393914.455760479 -2.20244 -0.95519 0.08103 0.51122 0.62120 0.37082 -0.46396
1413393914.555760384 -2.14928 -0.88652 0.10782 0.53891 0.60263 0.37855 -0.45069
1413393914.655760527 -2.09590 -0.81917 0.13605 0.56240 0.58133 0.38711 -0.44261
1413393914.755760431 -2.04045 -0.75484 0.16648 0.58804 0.55841 0.39138 -0.43499
1413393914.855760574 -1.98003 -0.69224 0.19483 0.61274 0.53867 0.39429 -0.42299
1413393914.955760479 -1.91343 -0.63136 0.22342 0.62668 0.53174 0.40387 -0.40176
1413393915.055760384 -1.84238 -0.56786 0.25234 0.63532 0.53300 0.41122 -0.37839
1413393915.155760527 -1.77054 -0.50079 0.28195 0.64044 0.53469 0.41518 -0.36272
1413393915.255760431 -1.70018 -0.42573 0.30854 0.64237 0.53559 0.41793 -0.35474
1413393915.355760574 -1.63103 -0.34653 0.32655 0.63643 0.53841 0.42311 -0.35503
1413393915.455760479 -1.56622 -0.26147 0.33941 0.61577 0.54897 0.43709 -0.35834
1413393915.555760384 -1.50674 -0.17005 0.35180 0.59550 0.55916 0.44781 -0.36356
1413393915.655760527 -1.45665 -0.07863 0.36295 0.58609 0.56266 0.44625 -0.37520
1413393915.755760431 -1.41786 0.01113 0.37258 0.57866 0.56712 0.44513 -0.38130
1413393915.855760574 -1.38455 0.09814 0.38415 0.57185 0.57347 0.44550 -0.38163
1413393915.955760479 -1.36088 0.18241 0.39592 0.56732 0.57824 0.44511 -0.38165
1413393916.055760384 -1.34725 0.26475 0.40967 0.56068 0.58115 0.44923 -0.38222
1413393916.155760527 -1.34390 0.34501 0.42507 0.55451 0.58248 0.45528 -0.38203
1413393916.255760431 -1.35384 0.41913 0.44109 0.55747 0.57481 0.45753 -0.38663
1413393916.355760574 -1.37613 0.48760 0.45514 0.57310 0.55943 0.45451 -0.38989
1413393916.455760479 -1.39929 0.55536 0.47419 0.59423 0.54211 0.45359 -0.38375
1413393916.555760384 -1.42522 0.61628 0.49532 0.61696 0.52093 0.45846 -0.37122
1413393916.655760527 -1.45203 0.67334 0.51638 0.64367 0.49849 0.46457 -0.34838
1413393916.755760431 -1.48095 0.73021 0.54029 0.67219 0.47166 0.47071 -0.32268
1413393916.855760574 -1.51026 0.78173 0.55974 0.69393 0.43884 0.48508 -0.30096
1413393916.955760479 -1.53901 0.83507 0.58021 0.71395 0.39983 0.49875 -0.28575
1413393917.055760384 -1.56408 0.88715 0.60392 0.73231 0.35240 0.51154 -0.27904
1413393917.155760527 -1.58921 0.93899 0.63042 0.74784 0.30804 0.52414 -0.26671
1413393917.255760431 -1.61041 0.98261 0.65583 0.76359 0.26703 0.53212 -0.24997
1413393917.355760574 -1.62807 1.01958 0.68152 0.78222 0.23192 0.53285 -0.22455
1413393917.455760479 -1.64024 1.05200 0.70274 0.79914 0.19305 0.53337 -0.19904
1413393917.555760384 -1.64409 1.07536 0.71334 0.81398 0.15297 0.53379 -0.17062
1413393917.655760527 -1.64047 1.08704 0.71267 0.82568 0.11569 0.53587 -0.13308
1413393917.755760431 -1.62779 1.09055 0.70554 0.82929 0.07900 0.54544 -0.09237
1413393917.855760574 -1.61180 1.09028 0.69860 0.82370 0.03941 0.56285 -0.05626
1413393917.955760479 -1.59413 1.08778 0.69216 0.81996 -0.00601 0.57159 -0.03031
1413393918.055760384 -1.57432 1.08368 0.68548 0.81677 -0.05190 0.57457 -0.00824
1413393918.155760527 -1.55351 1.07416 0.68118 0.81419 -0.09558 0.57252 0.01351
1413393918.255760431 -1.53075 1.05727 0.67835 0.81164 -0.13850 0.56649 0.03378
1413393918.355760574 -1.50475 1.02941 0.67651 0.80626 -0.17982 0.56086 0.05521
1413393918.455760479 -1.47969 0.99165 0.67767 0.79923 -0.21921 0.55381 0.08044
1413393918.555760384 -1.45588 0.94209 0.68104 0.78925 -0.26064 0.54577 0.10624
1413393918.655760527 -1.43292 0.88019 0.68839 0.77202 -0.30072 0.54250 0.13875
1413393918.755760431 -1.41392 0.80679 0.69749 0.74841 -0.34589 0.54041 0.16792
1413393918.855760574 -1.40405 0.72493 0.70414 0.71600 -0.39612 0.54081 0.19483
1413393918.955760479 -1.40436 0.63591 0.71607 0.67814 -0.43803 0.54019 0.23761
1413393919.055760384 -1.41849 0.54467 0.72455 0.64184 -0.47426 0.53016 0.28646
1413393919.155760527 -1.44355 0.45461 0.73458 0.60635 -0.50979 0.51379 0.32935
1413393919.255760431 -1.48051 0.37212 0.74830 0.56597 -0.54233 0.50045 0.36757
1413393919.355760574 -1.52845 0.29895 0.75873 -0.52054 0.56867 -0.49307 -0.40315
1413393919.455760479 -1.58387 0.23926 0.75959 -0.47933 0.59446 -0.48714 -0.42374
1413393919.555760384 -1.65014 0.19414 0.74869 -0.45034 0.62130 -0.47378 -0.43210
1413393919.655760527 -1.72851 0.16518 0.72858 -0.42829 0.64198 -0.45738 -0.44185
1413393919.755760431 -1.81674 0.13873 0.70824 -0.41655 0.64714 -0.44079 -0.46195
1413393919.855760574 -1.91264 0.13733 0.67535 -0.41663 0.63820 -0.42019 -0.49250
1413393919.955760479 -2.01000 0.15541 0.63289 0.42529 -0.63039 0.39865 0.51266
1413393920.055760384 -2.10312 0.18817 0.57823 0.43619 -0.63062 0.38265 0.51540
1413393920.155760527 -2.18798 0.23159 0.51381 0.44463 -0.63190 0.37413 0.51286
1413393920.255760431 -2.26828 0.28782 0.44523 0.45072 -0.63267 0.37028 0.50938
1413393920.355760574 -2.34342 0.35612 0.37738 0.45685 -0.63334 0.36764 0.50498
1413393920.455760479 -2.41237 0.43288 0.31118 -0.46681 0.64073 -0.35965 -0.49215
1413393920.555760384 -2.47706 0.51430 0.24960 -0.47664 0.64680 -0.35156 -0.48050
1413393920.655760527 -2.53753 0.59570 0.19268 -0.48426 0.64822 -0.34674 -0.47441
1413393920.755760431 -2.59438 0.67718 0.14062 -0.48930 0.64645 -0.34480 -0.47308
1413393920.855760574 -2.64587 0.75539 0.08997 -0.49311 0.64540 -0.34287 -0.47196
1413393920.955760479 -2.69083 0.83076 0.04000 -0.50119 0.64789 -0.33419 -0.46622
1413393921.055760384 -2.73267 0.90169 -0.01100 -0.51108 0.65590 -0.32069 -0.45360
1413393921.155760527 -2.77011 0.96434 -0.05901 -0.51874 0.66220 -0.31010 -0.44298
1413393921.255760431 -2.80367 1.01352 -0.10221 -0.52425 0.66412 -0.30253 -0.43885
1413393921.355760574 -2.83230 1.04771 -0.14054 -0.52489 0.66606 -0.30142 -0.43589
1413393921.455760479 -2.85732 1.06649 -0.17271 -0.51937 0.66400 -0.30952 -0.43994
1413393921.555760384 -2.87885 1.07258 -0.19974 -0.51005 0.65510 -0.32447 -0.45323
1413393921.655760527 -2.89743 1.07038 -0.22760 -0.50271 0.64816 -0.33396 -0.46437
1413393921.755760431 -2.91179 1.06630 -0.26601 -0.49803 0.64520 -0.33834 -0.47033
1413393921.855760574 -2.92214 1.06153 -0.31469 -0.49410 0.64110 -0.34236 -0.47712
1413393921.955760479 -2.92884 1.05617 -0.36779 -0.48631 0.63321 -0.35082 -0.48936
1413393922.055760384 -2.93155 1.05352 -0.42267 -0.48379 0.63252 -0.35212 -0.49181
1413393922.155760527 -2.92776 1.05408 -0.47855 -0.48832 0.64071 -0.34324 -0.48292
1413393922.255760431 -2.91959 1.05633 -0.53701 -0.49825 0.65760 -0.32525 -0.46208
1413393922.355760574 -2.90889 1.05374 -0.59517 -0.50592 0.67376 -0.30986 -0.44054
1413393922.455760479 -2.89785 1.03958 -0.64819 -0.50642 0.68587 -0.30441 -0.42479
1413393922.555760384 -2.89222 1.00846 -0.69773 -0.49370 0.69135 -0.31975 -0.41960
1413393922.655760527 -2.89164 0.96335 -0.73873 -0.47744 0.69096 -0.34141 -0.42198
1413393922.755760431 -2.89918 0.91083 -0.77661 -0.46915 0.68862 -0.35348 -0.42515
1413393922.855760574 -2.91662 0.85151 -0.81281 -0.47306 0.68775 -0.34919 -0.42578
1413393922.955760479 -2.94178 0.78662 -0.84221 -0.48473 0.68777 -0.33301 -0.42557
1413393923.055760384 -2.97339 0.71526 -0.85648 -0.49923 0.68512 -0.31082 -0.42985
1413393923.155760527 -3.00803 0.63210 -0.85674 -0.50627 0.68438 -0.29790 -0.43195
1413393923.255760431 -3.04350 0.53426 -0.84557 -0.50709 0.68322 -0.29478 -0.43493
1413393923.355760574 -3.07823 0.42146 -0.83148 -0.49528 0.68467 -0.31261 -0.43383
1413393923.455760479 -3.11559 0.29650 -0.81647 -0.48239 0.68483 -0.34518 -0.42327
1413393923.555760384 -3.15892 0.16461 -0.80031 -0.48224 0.67228 -0.37850 -0.41499
1413393923.655760527 -3.21054 0.03222 -0.78257 -0.50293 0.64855 -0.40099 -0.40700
1413393923.755760431 -3.27092 -0.09973 -0.76480 -0.54175 0.61598 -0.40806 -0.40070
1413393923.855760574 -3.33558 -0.22970 -0.75020 -0.58187 0.58412 -0.41369 -0.38612
1413393923.955760479 -3.40205 -0.35719 -0.73479 0.61606 -0.55303 0.42357 0.36771
1413393924.055760384 -3.46852 -0.48427 -0.71975 0.64566 -0.52536 0.43247 0.34653
1413393924.155760527 -3.53376 -0.61672 -0.70396 0.67531 -0.49247 0.43437 0.33578
1413393924.255760431 -3.59242 -0.75341 -0.68552 0.70305 -0.44861 0.43325 0.34170
1413393924.355760574 -3.63960 -0.88886 -0.66595 0.72538 -0.40720 0.43012 0.35074
1413393924.455760479 -3.66875 -1.02075 -0.64468 0.74169 -0.37185 0.42362 0.36355
1413393924.555760384 -3.67140 -1.14474 -0.62055 0.75047 -0.34579 0.42008 0.37518
1413393924.655760527 -3.64805 -1.25396 -0.59008 0.74987 -0.32344 0.42493 0.39054
1413393924.755760431 -3.59147 -1.34422 -0.54832 0.74350 -0.30662 0.43361 0.40643
1413393924.855760574 -3.50436 -1.41149 -0.49128 0.73681 -0.31100 0.44109 0.40722
1413393924.955760479 -3.38494 -1.45397 -0.41850 0.73104 -0.34401 0.45321 0.37662
1413393925.055760384 -3.24155 -1.47593 -0.32883 0.72615 -0.37559 0.46692 0.33708
1413393925.155760527 -3.08246 -1.49110 -0.22850 0.72485 -0.39602 0.47875 0.29759
1413393925.255760431 -2.91620 -1.50346 -0.12462 0.72922 -0.40826 0.48843 0.25097
1413393925.355760574 -2.74918 -1.52415 -0.01909 0.73772 -0.40404 0.49479 0.21841
1413393925.455760479 -2.58631 -1.55524 0.08848 0.74471 -0.38706 0.50076 0.21173
1413393925.555760384 -2.42625 -1.59626 0.19484 0.74801 -0.37093 0.50774 0.21236
1413393925.655760527 -2.26723 -1.64640 0.29247 0.74905 -0.36161 0.51389 0.20995
1413393925.755760431 -2.10822 -1.70481 0.36520 0.75078 -0.35325 0.51654 0.21148
1413393925.855760574 -1.95064 -1.76803 0.40686 0.74942 -0.34697 0.52150 0.21450
1413393925.955760479 -1.79259 -1.83832 0.41738 0.74392 -0.34047 0.53109 0.22045
1413393926.055760384 -1.64096 -1.90823 0.41225 0.73247 -0.33562 0.54734 0.22642
1413393926.155760527 -1.49730 -1.97489 0.40467 0.72123 -0.33393 0.56240 0.22809
1413393926.255760431 -1.36865 -2.03632 0.39191 0.71772 -0.33674 0.56636 0.22522
1413393926.355760574 -1.25120 -2.09409 0.38373 0.72177 -0.34231 0.56019 0.21922
1413393926.455760479 -1.14078 -2.15010 0.38356 0.72836 -0.34108 0.55388 0.21534
1413393926.555760384 -1.03881 -2.20259 0.38183 0.72860 -0.33054 0.55978 0.21571
1413393926.655760527 -0.94561 -2.25286 0.36300 0.73016 -0.31434 0.56723 0.21519
1413393926.755760431 -0.85555 -2.30159 0.34408 0.73704 -0.29616 0.57023 0.20953
1413393926.855760574 -0.77420 -2.34388 0.33638 0.74685 -0.27864 0.57079 0.19689
1413393926.955760479 -0.69931 -2.38173 0.34454 0.76142 -0.26291 0.56508 0.17835
1413393927.055760384 -0.62927 -2.41870 0.36826 0.77732 -0.25297 0.55405 0.15749
1413393927.155760527 -0.56413 -2.45729 0.40303 0.78625 -0.25007 0.54872 0.13483
1413393927.255760431 -0.50266 -2.50225 0.44141 0.79123 -0.25130 0.54576 0.11380
1413393927.355760574 -0.43869 -2.55769 0.47936 0.80205 -0.24593 0.53452 0.10255
1413393927.455760479 -0.37573 -2.62278 0.52243 0.81083 -0.22432 0.52903 0.11114
1413393927.555760384 -0.30374 -2.69721 0.56863 0.81374 -0.19542 0.53144 0.13119
1413393927.655760527 -0.22561 -2.76976 0.61817 0.81474 -0.16365 0.53605 0.14857
1413393927.755760431 -0.14198 -2.83248 0.67250 0.81031 -0.13063 0.54697 0.16480
1413393927.855760574 -0.05180 -2.88189 0.72962 0.80309 -0.10560 0.55876 0.17799
1413393927.955760479 0.04490 -2.91652 0.78785 0.79804 -0.09540 0.56737 0.17922
1413393928.055760384 0.14179 -2.93178 0.84164 0.79472 -0.08982 0.57230 0.18118
1413393928.155760527 0.24169 -2.93125 0.88737 0.79180 -0.08707 0.57610 0.18325
1413393928.255760431 0.34354 -2.91376 0.92485 0.79278 -0.09115 0.57530 0.17949
1413393928.355760574 0.44504 -2.87866 0.95298 0.79401 -0.11158 0.57749 0.15360
1413393928.455760479 0.54395 -2.83022 0.97218 0.78912 -0.13295 0.58614 0.12671
1413393928.555760384 0.63997 -2.77920 0.98347 0.78128 -0.14800 0.59649 0.10911
1413393928.655760527 0.72752 -2.72469 0.98993 0.76920 -0.15511 0.61131 0.10281
1413393928.755760431 0.80306 -2.66845 0.99659 0.76567 -0.15720 0.61474 0.10548
1413393928.855760574 0.86711 -2.61059 1.00540 0.76675 -0.15262 0.61184 0.12024
1413393928.955760479 0.91905 -2.54845 1.01593 0.76749 -0.14843 0.60735 0.14159
1413393929.055760384 0.95970 -2.47710 1.02698 0.76787 -0.15548 0.59997 0.16196
1413393929.155760527 0.99537 -2.39865 1.04212 0.76582 -0.17010 0.59306 0.18129
1413393929.255760431 1.02411 -2.31222 1.05863 0.76471 -0.19400 0.58199 0.19715
1413393929.355760574 1.04876 -2.21707 1.07636 0.76186 -0.22787 0.57010 0.20647
1413393929.455760479 1.06875 -2.11539 1.09728 0.75500 -0.26498 0.55957 0.21597
1413393929.555760384 1.08695 -2.00974 1.12047 0.74754 -0.30004 0.54552 0.23145
1413393929.655760527 1.10392 -1.90147 1.14593 0.73769 -0.33236 0.53113 0.25151
1413393929.755760431 1.12130 -1.79159 1.17305 0.72476 -0.36371 0.51887 0.27056
1413393929.855760574 1.13783 -1.68144 1.20089 0.70712 -0.40047 0.51134 0.27954
1413393929.955760479 1.15424 -1.57357 1.23019 0.68435 -0.43975 0.50970 0.28017
1413393930.055760384 1.16570 -1.46900 1.25702 0.66291 -0.47380 0.50579 0.28327
1413393930.155760527 1.17116 -1.36915 1.27519 0.64574 -0.49864 0.50034 0.28989
1413393930.255760431 1.16940 -1.27566 1.28496 0.63567 -0.51175 0.49466 0.29890
1413393930.355760574 1.15975 -1.18781 1.28555 0.63669 -0.51085 0.48282 0.31710
1413393930.455760479 1.14248 -1.10243 1.27414 0.64449 -0.50194 0.46803 0.33711
1413393930.555760384 1.12626 -1.01985 1.24353 0.64899 -0.49574 0.46064 0.34765
1413393930.655760527 1.11085 -0.93889 1.19086 0.64486 -0.49579 0.46808 0.34533
1413393930.755760431 1.09488 -0.85655 1.12187 0.63830 -0.49571 0.48027 0.34086
1413393930.855760574 1.07560 -0.77754 1.05184 0.63486 -0.49327 0.48948 0.33771
1413393930.955760479 1.05284 -0.70084 0.99241 0.63844 -0.48978 0.48941 0.33614
1413393931.055760384 1.02455 -0.62285 0.94997 0.64252 -0.48797 0.48780 0.33333
1413393931.155760527 0.99209 -0.54445 0.92443 0.64558 -0.48775 0.48723 0.32853
1413393931.255760431 0.95571 -0.46706 0.90994 0.64935 -0.48948 0.48504 0.32170
1413393931.355760574 0.91706 -0.39411 0.89190 0.65069 -0.49315 0.48499 0.31337
1413393931.455760479 0.87500 -0.32681 0.86305 0.65005 -0.49794 0.48759 0.30291
1413393931.555760384 0.82402 -0.26260 0.82053 0.64887 -0.50078 0.49093 0.29527
1413393931.655760527 0.76982 -0.20510 0.77215 0.64923 -0.50133 0.49224 0.29133
1413393931.755760431 0.70957 -0.15806 0.71616 0.65022 -0.49993 0.49296 0.29030
1413393931.855760574 0.64289 -0.11675 0.65538 0.65189 -0.49781 0.49245 0.29106
1413393931.955760479 0.56928 -0.08393 0.59666 0.65360 -0.49557 0.49181 0.29213
1413393932.055760384 0.48841 -0.05947 0.54491 0.65706 -0.49205 0.48878 0.29540
1413393932.155760527 0.40298 -0.04100 0.49788 0.66319 -0.48678 0.48179 0.30183
1413393932.255760431 0.31321 -0.02590 0.45580 0.67045 -0.47850 0.47270 0.31319
1413393932.355760574 0.22466 -0.01640 0.41741 0.67643 -0.47162 0.46430 0.32318
1413393932.455760479 0.13899 -0.01007 0.38134 0.68002 -0.46818 0.45837 0.32905
1413393932.555760384 0.05676 -0.00588 0.34719 0.68108 -0.46593 0.45519 0.33443
1413393932.655760527 -0.01740 -0.00480 0.31709 0.67778 -0.46357 0.45787 0.34069
1413393932.755760431 -0.08530 -0.00532 0.28987 0.67402 -0.46304 0.46114 0.34445
1413393932.855760574 -0.14471 -0.00778 0.26692 0.67159 -0.46198 0.46198 0.34947
1413393932.955760479 -0.20113 -0.00914 0.24797 0.66726 -0.45848 0.46558 0.35749
1413393933.055760384 -0.24675 -0.00902 0.23427 0.65781 -0.44977 0.47907 0.36809
1413393933.155760527 -0.28665 -0.00196 0.22315 0.64929 -0.44342 0.49186 0.37399
1413393933.255760431 -0.32366 0.01462 0.21450 0.64333 -0.44638 0.50134 0.36815
1413393933.355760574 -0.35931 0.03991 0.20976 0.63602 -0.45604 0.51254 0.35328
1413393933.455760479 -0.39942 0.07610 0.20895 0.63182 -0.47078 0.51867 0.33188
1413393933.555760384 -0.44613 0.11298 0.20774 0.63297 -0.48769 0.51723 0.30657
1413393933.655760527 -0.50150 0.15016 0.20073 0.63644 -0.49755 0.51088 0.29393
1413393933.755760431 -0.56686 0.18497 0.18922 0.64608 -0.49323 0.49770 0.30265
1413393933.855760574 -0.63764 0.21875 0.16979 0.65615 -0.48514 0.48390 0.31615
1413393933.955760479 -0.70854 0.24923 0.14508 0.66012 -0.47891 0.47803 0.32615
1413393934.055760384 -0.77893 0.27929 0.12936 0.65562 -0.46433 0.48465 0.34594
1413393934.155760527 -0.84781 0.31280 0.12684 0.65211 -0.45351 0.49036 0.35865
1413393934.255760431 -0.91359 0.35399 0.13220 0.65250 -0.45152 0.49188 0.35837
1413393934.355760574 -0.97670 0.40098 0.13425 0.65470 -0.45865 0.49176 0.34522
1413393934.455760479 -1.04097 0.44966 0.12253 0.65678 -0.46989 0.49101 0.32672
1413393934.555760384 -1.10525 0.49986 0.09761 0.65706 -0.47917 0.49150 0.31159
1413393934.655760527 -1.17222 0.54792 0.06383 0.65430 -0.48704 0.49502 0.29940
1413393934.755760431 -1.24858 0.59099 0.02090 0.65075 -0.49479 0.50132 0.28352
1413393934.855760574 -1.32870 0.62972 -0.02920 0.65282 -0.50001 0.50716 0.25807
1413393934.955760479 -1.41688 0.66078 -0.08605 0.67053 -0.49116 0.50242 0.23815
1413393935.055760384 -1.51055 0.67980 -0.14699 0.70383 -0.45658 0.48767 0.24152
1413393935.155760527 -1.60427 0.68633 -0.20647 0.73617 -0.41369 0.47727 0.24316
1413393935.255760431 -1.68771 0.68282 -0.25272 0.76111 -0.37325 0.47690 0.23232
1413393935.355760574 -1.76192 0.67130 -0.28397 0.77889 -0.33770 0.48391 0.21239
1413393935.455760479 -1.82279 0.65131 -0.29727 0.79280 -0.29805 0.49391 0.19668
1413393935.555760384 -1.87392 0.62787 -0.29988 0.80428 -0.25568 0.50404 0.18361
1413393935.655760527 -1.91036 0.60022 -0.29410 0.81540 -0.21498 0.50723 0.17781
1413393935.755760431 -1.92883 0.57252 -0.28228 0.82334 -0.17736 0.50744 0.18208
1413393935.855760574 -1.93017 0.55252 -0.26904 0.82756 -0.13956 0.50908 0.19108
1413393935.955760479 -1.91618 0.54653 -0.25602 0.82918 -0.11760 0.51734 0.17604
1413393936.055760384 -1.88530 0.55687 -0.24237 0.82878 -0.10968 0.53224 0.13350
1413393936.155760527 -1.84479 0.57758 -0.22633 0.82683 -0.09769 0.54737 0.08479
1413393936.255760431 -1.79555 0.60084 -0.20845 0.82629 -0.08078 0.55640 0.03383
1413393936.355760574 -1.74048 0.62011 -0.18938 0.82732 -0.05538 0.55888 -0.01132
1413393936.455760479 -1.68210 0.63537 -0.16969 0.82716 -0.02157 0.55968 -0.04584
1413393936.555760384 -1.61967 0.64274 -0.14572 0.82039 0.02263 0.56759 -0.06554
1413393936.655760527 -1.55237 0.64223 -0.12181 0.80678 0.06376 0.58153 -0.08289
1413393936.755760431 -1.48902 0.63828 -0.09468 0.79189 0.09826 0.59429 -0.10042
1413393936.855760574 -1.43267 0.63065 -0.06650 0.78022 0.13045 0.60040 -0.11730
1413393936.955760479 -1.38554 0.61993 -0.03501 0.76860 0.16437 0.60375 -0.13314
1413393937.055760384 -1.35099 0.60850 -0.00021 0.75518 0.20178 0.60604 -0.14732
1413393937.155760527 -1.32817 0.59483 0.03573 0.74289 0.23675 0.60393 -0.16533
1413393937.255760431 -1.32614 0.58126 0.07620 0.73067 0.26838 0.59969 -0.18564
1413393937.355760574 -1.33329 0.56252 0.11638 0.72138 0.29529 0.59176 -0.20551
1413393937.455760479 -1.34970 0.54061 0.15696 0.71814 0.31551 0.58052 -0.21848
1413393937.555760384 -1.37225 0.51532 0.18468 0.72838 0.32818 0.55713 -0.22667
1413393937.655760527 -1.40020 0.48982 0.19123 0.73879 0.33265 0.53674 -0.23546
1413393937.755760431 -1.42930 0.46372 0.18490 0.74987 0.33501 0.51813 -0.23875
1413393937.855760574 -1.45554 0.43849 0.18227 0.75999 0.33588 0.50238 -0.23920
1413393937.955760479 -1.47588 0.41729 0.18632 0.75773 0.33810 0.50568 -0.23625
1413393938.055760384 -1.49332 0.40017 0.19449 0.74923 0.34263 0.51895 -0.22794
1413393938.155760527 -1.51169 0.38996 0.20702 0.73286 0.35392 0.53982 -0.21505
1413393938.255760431 -1.53705 0.38668 0.22244 0.71193 0.37046 0.56008 -0.20551
1413393938.355760574 -1.57428 0.39107 0.23937 0.69932 0.38010 0.56559 -0.21583
1413393938.455760479 -1.62739 0.40121 0.25772 0.69605 0.38185 0.55528 -0.24772
1413393938.555760384 -1.69065 0.41217 0.27662 0.69406 0.38751 0.53805 -0.28039
1413393938.655760527 -1.75936 0.42089 0.28980 0.68957 0.39945 0.52077 -0.30616
1413393938.755760431 -1.83212 0.42230 0.29183 0.68419 0.41332 0.50420 -0.32684
1413393938.855760574 -1.90365 0.41845 0.28435 0.66967 0.42917 0.49982 -0.34283
1413393938.955760479 -1.97540 0.40797 0.27636 0.65473 0.44830 0.49566 -0.35310
1413393939.055760384 -2.05417 0.38340 0.28071 0.64113 0.46666 0.48971 -0.36245
1413393939.155760527 -2.13041 0.35672 0.29070 0.61487 0.47354 0.49944 -0.38504
1413393939.255760431 -2.20717 0.32049 0.29499 0.60696 0.48952 0.48890 -0.39109
1413393939.355760574 -2.28391 0.27095 0.29330 0.62063 0.51352 0.45768 -0.37635
1413393939.455760479 -2.35949 0.21706 0.28265 0.65025 0.53498 0.40725 -0.35372
1413393939.555760384 -2.43045 0.17937 0.26276 0.68043 0.54524 0.35724 -0.33483
1413393939.655760527 -2.49227 0.15266 0.23703 0.70239 0.54937 0.32100 -0.31905
1413393939.755760431 -2.53976 0.15481 0.20986 0.70563 0.55627 0.31670 -0.30391
1413393939.855760574 -2.57317 0.19025 0.18858 0.68534 0.54896 0.35740 -0.31815
1413393939.955760479 -2.59759 0.24793 0.17704 0.64717 0.51698 0.42557 -0.36440
1413393940.055760384 -2.61879 0.30573 0.16950 0.60671 0.47734 0.48275 -0.41353
1413393940.155760527 -2.63899 0.34566 0.16274 0.57767 0.44345 0.51454 -0.45265
1413393940.255760431 -2.65786 0.35776 0.15634 0.56386 0.42616 0.52655 -0.47244
1413393940.355760574 -2.67852 0.33753 0.14510 0.58241 0.44197 0.50758 -0.45588
1413393940.455760479 -2.69772 0.28812 0.13793 0.61997 0.47571 0.46713 -0.41367
1413393940.555760384 -2.71206 0.22448 0.12443 0.66603 0.50634 0.40620 -0.36747
1413393940.655760527 -2.72054 0.17087 0.12000 0.70069 0.51638 0.35570 -0.34038
1413393940.755760431 -2.71352 0.14065 0.12598 0.72378 0.50954 0.32308 -0.33485
1413393940.855760574 -2.68078 0.13650 0.14377 0.72290 0.49758 0.33261 -0.34524
1413393940.955760479 -2.62560 0.15502 0.17156 0.69514 0.49066 0.38294 -0.35972
1413393941.055760384 -2.55734 0.18455 0.20590 0.65575 0.47312 0.44260 -0.38763
1413393941.155760527 -2.48648 0.20747 0.24109 0.61674 0.45259 0.49161 -0.41607
1413393941.255760431 -2.41642 0.21313 0.27329 0.59388 0.44251 0.51534 -0.43119
1413393941.355760574 -2.34740 0.19762 0.29553 0.60452 0.45839 0.49938 -0.41839
1413393941.455760479 -2.28142 0.16467 0.31137 0.63163 0.48471 0.46171 -0.39105
1413393941.555760384 -2.21535 0.12372 0.32591 0.66053 0.51231 0.41718 -0.35666
1413393941.655760527 -2.14610 0.08935 0.34435 0.68031 0.53157 0.38207 -0.32960
1413393941.755760431 -2.07208 0.07070 0.36060 0.69305 0.54059 0.36256 -0.30982
1413393941.855760574 -1.99259 0.07367 0.36794 0.69710 0.54147 0.36138 -0.30045
1413393941.955760479 -1.90450 0.10307 0.37737 0.68300 0.52673 0.39283 -0.31898
1413393942.055760384 -1.81497 0.14999 0.38895 0.65479 0.50074 0.44286 -0.35268
1413393942.155760527 -1.72375 0.19612 0.40322 0.62163 0.47302 0.49187 -0.38457
1413393942.255760431 -1.63735 0.23124 0.41877 0.59679 0.45452 0.52460 -0.40256
1413393942.355760574 -1.56109 0.24336 0.43446 0.58687 0.44710 0.53770 -0.40813
1413393942.455760479 -1.49474 0.23161 0.44941 0.59611 0.45545 0.52891 -0.39684
1413393942.555760384 -1.43896 0.20411 0.46280 0.61901 0.47509 0.50192 -0.37307
1413393942.655760527 -1.39066 0.16648 0.46965 0.65050 0.49779 0.46049 -0.34207
1413393942.755760431 -1.34592 0.12954 0.47264 0.67441 0.51602 0.42394 -0.31491
1413393942.855760574 -1.30634 0.10391 0.46339 0.68786 0.52846 0.39975 -0.29627
1413393942.955760479 -1.26491 0.09608 0.44333 0.69474 0.53510 0.38548 -0.28707
1413393943.055760384 -1.21600 0.10857 0.42612 0.68532 0.53087 0.39918 -0.29861
1413393943.155760527 -1.16474 0.14556 0.41455 0.65754 0.51278 0.44102 -0.33195
1413393943.255760431 -1.11630 0.19026 0.40671 0.62399 0.49016 0.48572 -0.36668
1413393943.355760574 -1.07385 0.22728 0.40156 0.59787 0.46867 0.51648 -0.39517
1413393943.455760479 -1.03888 0.24534 0.39756 0.58365 0.45535 0.53229 -0.41070
1413393943.555760384 -1.01312 0.24274 0.38969 0.59664 0.46574 0.51978 -0.39615
1413393943.655760527 -0.99515 0.22181 0.37893 0.62447 0.48782 0.48832 -0.36552
1413393943.755760431 -0.98225 0.19532 0.36894 0.65530 0.50879 0.44879 -0.33211
1413393943.855760574 -0.97036 0.17477 0.36406 0.67866 0.52102 0.41844 -0.30475
1413393943.955760479 -0.95464 0.17243 0.36665 0.69240 0.51887 0.41000 -0.28853
1413393944.055760384 -0.93649 0.19108 0.37805 0.69355 0.49739 0.42923 -0.29556
1413393944.155760527 -0.91557 0.22210 0.39431 0.69056 0.46036 0.45716 -0.31968
1413393944.255760431 -0.89116 0.25563 0.41296 0.68221 0.41789 0.49009 -0.34608
1413393944.355760574 -0.86598 0.28211 0.43385 0.67072 0.38077 0.52408 -0.36125
1413393944.455760479 -0.84213 0.29278 0.45099 0.66561 0.35719 0.54686 -0.36100
1413393944.555760384 -0.82188 0.28703 0.46572 0.67557 0.35872 0.54992 -0.33543
1413393944.655760527 -0.80793 0.26516 0.47646 0.70144 0.37414 0.52901 -0.29689
1413393944.755760431 -0.79816 0.23803 0.48693 0.73086 0.38939 0.49514 -0.26279
1413393944.855760574 -0.79032 0.21707 0.50108 0.75302 0.39851 0.46554 -0.23964
1413393944.955760479 -0.77567 0.20693 0.52054 0.76657 0.40095 0.44696 -0.22768
1413393945.055760384 -0.74947 0.21519 0.54933 0.76382 0.39213 0.45850 -0.22931
1413393945.155760527 -0.71545 0.23966 0.58007 0.74085 0.37011 0.50477 -0.24363
1413393945.255760431 -0.68109 0.26618 0.60226 0.71078 0.33954 0.55929 -0.25827
1413393945.355760574 -0.65471 0.28364 0.60881 0.69162 0.31041 0.59701 -0.26246
1413393945.455760479 -0.63992 0.28961 0.59783 0.69556 0.28821 0.60755 -0.25302
1413393945.555760384 -0.63751 0.28478 0.57140 0.72221 0.27091 0.59118 -0.23562
1413393945.655760527 -0.64440 0.26788 0.54439 0.75122 0.25957 0.56983 -0.20879
1413393945.755760431 -0.65805 0.24543 0.51947 0.77977 0.24912 0.54620 -0.17765
1413393945.855760574 -0.67155 0.22385 0.49730 0.80652 0.23616 0.52158 -0.14736
1413393945.955760479 -0.67660 0.21149 0.48196 0.81807 0.21810 0.51701 -0.12608
1413393946.055760384 -0.67112 0.20816 0.47815 0.80489 0.19406 0.54868 -0.11598
1413393946.155760527 -0.66421 0.20930 0.47726 0.78034 0.16666 0.59264 -0.10989
1413393946.255760431 -0.66423 0.21300 0.47620 0.75867 0.13778 0.62859 -0.10155
1413393946.355760574 -0.67634 0.21514 0.46900 0.75945 0.10866 0.63507 -0.09012
1413393946.455760479 -0.70352 0.21334 0.45670 0.77952 0.07564 0.61658 -0.08037
1413393946.555760384 -0.73640 0.20564 0.44728 0.80433 0.04459 0.58921 -0.06242
1413393946.655760527 -0.77193 0.19406 0.43735 0.83146 0.01785 0.55431 -0.03306
1413393946.755760431 -0.80035 0.17905 0.43192 0.85143 -0.00701 0.52441 0.00399
1413393946.855760574 -0.81491 0.16729 0.43577 0.85435 -0.03524 0.51723 0.03622
1413393946.955760479 -0.81952 0.16004 0.44674 0.83572 -0.06214 0.54202 0.06259
1413393947.055760384 -0.81669 0.15448 0.45788 0.79989 -0.08735 0.58754 0.08570
1413393947.155760527 -0.81450 0.15317 0.45558 0.77074 -0.11329 0.61771 0.10748
1413393947.255760431 -0.82039 0.15815 0.43650 0.75923 -0.14203 0.62227 0.12720
1413393947.355760574 -0.83417 0.17117 0.40561 0.75329 -0.17281 0.61764 0.14565
1413393947.455760479 -0.85937 0.18957 0.36218 0.75078 -0.21294 0.60671 0.15131
1413393947.555760384 -0.89438 0.21124 0.31124 0.74980 -0.26054 0.59035 0.14630
1413393947.655760527 -0.93598 0.23058 0.26179 0.74858 -0.30745 0.56993 0.14245
1413393947.755760431 -0.98635 0.24015 0.21696 0.75571 -0.34288 0.53646 0.15347
1413393947.855760574 -1.04032 0.23482 0.18207 0.76197 -0.36059 0.50409 0.18781
1413393947.955760479 -1.08813 0.21985 0.15650 0.75675 -0.37076 0.48804 0.22735
1413393948.055760384 -1.12722 0.19823 0.13881 0.74234 -0.36451 0.48811 0.27895
1413393948.155760527 -1.15402 0.17625 0.12642 0.72565 -0.36422 0.49213 0.31400
1413393948.255760431 -1.17339 0.16213 0.11527 0.70369 -0.37246 0.50593 0.33186
1413393948.355760574 -1.18550 0.15951 0.10894 0.67783 -0.38417 0.52660 0.34007
1413393948.455760479 -1.19682 0.16899 0.10449 0.65511 -0.39400 0.54182 0.34931
1413393948.555760384 -1.21012 0.19338 0.09841 0.64606 -0.41112 0.53971 0.34972
1413393948.655760527 -1.22540 0.22782 0.08827 0.65803 -0.43661 0.50970 0.34143
1413393948.755760431 -1.24337 0.27166 0.07929 0.67295 -0.46355 0.47109 0.33218
1413393948.855760574 -1.25926 0.31475 0.07358 0.67941 -0.49128 0.43899 0.32300
1413393948.955760479 -1.27117 0.34785 0.07620 0.67206 -0.51491 0.42322 0.32262
1413393949.055760384 -1.27922 0.37198 0.08501 0.65043 -0.52594 0.42641 0.34423
1413393949.155760527 -1.28435 0.38722 0.10035 0.62334 -0.52970 0.43503 0.37630
1413393949.255760431 -1.28687 0.40585 0.11753 0.59491 -0.53234 0.44409 0.40679
1413393949.355760574 -1.28734 0.42754 0.13632 0.56706 -0.53359 0.45206 0.43516
1413393949.455760479 -1.28677 0.46001 0.15419 0.53900 -0.53749 0.46096 0.45618
1413393949.555760384 -1.28473 0.50764 0.16561 -0.52202 0.55859 -0.46251 -0.44895
1413393949.655760527 -1.28474 0.56985 0.17137 -0.51799 0.58762 -0.45501 -0.42351
1413393949.755760431 -1.29269 0.64139 0.17665 -0.51092 0.61534 -0.45172 -0.39529
1413393949.855760574 -1.31562 0.71101 0.18530 -0.49515 0.64108 -0.45421 -0.37086
1413393949.955760479 -1.35846 0.78337 0.19660 -0.48017 0.66175 -0.45627 -0.35120
1413393950.055760384 -1.42827 0.85413 0.21409 -0.48227 0.66918 -0.44319 -0.35098
1413393950.155760527 -1.52255 0.92302 0.23621 -0.50995 0.66078 -0.40488 -0.37335
1413393950.255760431 -1.63019 0.97101 0.26287 -0.53934 0.65043 -0.36440 -0.39150
1413393950.355760574 -1.74217 1.02181 0.28671 -0.55410 0.64689 -0.34049 -0.39821
1413393950.455760479 -1.85194 1.05851 0.30302 -0.55539 0.64909 -0.33498 -0.39750
1413393950.555760384 -1.96054 1.08126 0.31226 -0.54701 0.64778 -0.34366 -0.40379
1413393950.655760527 -2.06769 1.08640 0.31302 -0.53516 0.64024 -0.35814 -0.41885
1413393950.755760431 -2.17429 1.08674 0.30554 -0.52573 0.63163 -0.36927 -0.43392
1413393950.855760574 -2.27851 1.08328 0.28471 -0.52109 0.62621 -0.37301 -0.44406
1413393950.955760479 -2.37858 1.07465 0.25026 -0.52488 0.62082 -0.36452 -0.45410
1413393951.055760384 -2.47167 1.06579 0.21504 -0.53303 0.61665 -0.35049 -0.46128
1413393951.155760527 -2.55318 1.05138 0.18219 -0.53099 0.62047 -0.35151 -0.45772
1413393951.255760431 -2.62477 1.03098 0.15493 -0.52478 0.62448 -0.35770 -0.45461
1413393951.355760574 -2.69161 1.01160 0.13379 -0.52036 0.62855 -0.35970 -0.45251
1413393951.455760479 -2.74889 0.98461 0.11397 -0.52059 0.63460 -0.35374 -0.44849
1413393951.555760384 -2.80561 0.96055 0.09250 -0.52322 0.64034 -0.34538 -0.44376
1413393951.655760527 -2.85554 0.92693 0.06251 -0.52321 0.64230 -0.34038 -0.44480
1413393951.755760431 -2.90379 0.89038 0.02829 -0.52131 0.63973 -0.33849 -0.45211
1413393951.855760574 -2.94689 0.85135 -0.00873 -0.51504 0.63912 -0.34153 -0.45784
1413393951.955760479 -2.98209 0.80394 -0.04200 -0.50895 0.64081 -0.34311 -0.46110
1413393952.055760384 -3.01457 0.75600 -0.07119 -0.50373 0.64227 -0.34355 -0.46445
1413393952.155760527 -3.04245 0.70569 -0.09124 -0.49863 0.64380 -0.34473 -0.46695
1413393952.255760431 -3.06563 0.65501 -0.09800 -0.49279 0.64701 -0.34744 -0.46672
1413393952.355760574 -3.08430 0.60452 -0.09201 -0.49132 0.64745 -0.35113 -0.46489
1413393952.455760479 -3.09827 0.55459 -0.08225 -0.49797 0.64113 -0.35541 -0.46332
1413393952.555760384 -3.10909 0.50421 -0.06828 -0.51106 0.63148 -0.36017 -0.45861
1413393952.655760527 -3.11634 0.45406 -0.05623 -0.52650 0.61918 -0.36676 -0.45266
1413393952.755760431 -3.11846 0.40434 -0.04448 -0.54177 0.60686 -0.37600 -0.44365
1413393952.855760574 -3.11788 0.35505 -0.03352 -0.55372 0.59735 -0.38486 -0.43412
1413393952.955760479 -3.11590 0.30630 -0.02320 -0.55709 0.59524 -0.39841 -0.42025
1413393953.055760384 -3.11323 0.25768 -0.00934 -0.55734 0.59644 -0.40995 -0.40690
1413393953.155760527 -3.11355 0.20826 -0.00250 -0.55680 0.59792 -0.41750 -0.39770
1413393953.255760431 -3.11749 0.15829 -0.01315 -0.55541 0.59906 -0.42318 -0.39187
1413393953.355760574 -3.12767 0.10623 -0.03116 -0.55054 0.60197 -0.43121 -0.38548
1413393953.455760479 -3.14638 0.05419 -0.03839 -0.54472 0.60105 -0.43835 -0.38712
1413393953.555760384 -3.17477 0.00563 -0.02952 -0.54427 0.59271 -0.43708 -0.40178
1413393953.655760527 -3.20920 -0.04000 -0.01191 -0.54947 0.58046 -0.42684 -0.42304
1413393953.755760431 -3.24485 -0.07998 0.00637 -0.55109 0.57096 -0.42082 -0.43956
1413393953.855760574 -3.27723 -0.11253 0.01444 -0.55284 0.56481 -0.42008 -0.44598
1413393953.955760479 -3.30456 -0.13479 0.00986 -0.55874 0.55976 -0.42228 -0.44289
1413393954.055760384 -3.32849 -0.15168 0.00107 0.57416 -0.55951 0.41697 0.42828
1413393954.155760527 -3.34812 -0.16475 -0.00568 0.59237 -0.56147 0.41022 0.40690
1413393954.255760431 -3.36424 -0.17836 -0.00789 0.61327 -0.56193 0.40287 0.38188
1413393954.355760574 -3.37656 -0.19775 -0.00347 0.63325 -0.55584 0.40088 0.35963
1413393954.455760479 -3.38437 -0.22756 0.00338 0.65245 -0.54228 0.40422 0.34184
1413393954.555760384 -3.38687 -0.26811 0.01257 0.67135 -0.52359 0.41026 0.32685
1413393954.655760527 -3.38355 -0.31961 0.02407 0.68701 -0.50491 0.41791 0.31375
1413393954.755760431 -3.37558 -0.38440 0.03576 0.69962 -0.49021 0.42212 0.30338
1413393954.855760574 -3.36231 -0.46106 0.04704 0.70822 -0.48006 0.42475 0.29589
1413393954.955760479 -3.34235 -0.55004 0.05828 0.71274 -0.47176 0.42785 0.29392
1413393955.055760384 -3.31526 -0.64987 0.07448 0.70871 -0.45950 0.44235 0.30154
1413393955.155760527 -3.28065 -0.75634 0.08977 0.70525 -0.44496 0.45773 0.30840
1413393955.255760431 -3.23892 -0.86723 0.10170 0.70190 -0.43662 0.47419 0.30306
1413393955.355760574 -3.19479 -0.97752 0.11473 0.70185 -0.42898 0.48807 0.29184
1413393955.455760479 -3.14862 -1.08746 0.12954 0.70709 -0.41184 0.50026 0.28312
1413393955.555760384 -3.10129 -1.19526 0.14549 0.71174 -0.38239 0.52055 0.27609
1413393955.655760527 -3.05535 -1.29801 0.15534 0.71961 -0.34196 0.53898 0.27336
1413393955.755760431 -3.01153 -1.39334 0.15366 0.73553 -0.30062 0.53939 0.27872
1413393955.855760574 -2.96776 -1.47682 0.13944 0.75306 -0.26792 0.52939 0.28437
1413393955.955760479 -2.91778 -1.54750 0.11990 0.76807 -0.26185 0.52123 0.26424
1413393956.055760384 -2.85737 -1.60927 0.10410 0.77544 -0.26985 0.52287 0.22907
1413393956.155760527 -2.78968 -1.66604 0.09455 0.77836 -0.27197 0.52964 0.19918
1413393956.255760431 -2.71724 -1.71911 0.09031 0.77938 -0.26033 0.54100 0.17920
1413393956.355760574 -2.64222 -1.76886 0.09081 0.77660 -0.23584 0.55960 0.16772
1413393956.455760479 -2.56724 -1.81503 0.09348 0.77443 -0.20666 0.57740 0.15541
1413393956.555760384 -2.49647 -1.85384 0.09481 0.77960 -0.17757 0.58509 0.13553
1413393956.655760527 -2.42881 -1.88731 0.09313 0.79067 -0.14876 0.58361 0.11002
1413393956.755760431 -2.36306 -1.91787 0.08934 0.80513 -0.12045 0.57475 0.08320
1413393956.855760574 -2.29972 -1.94517 0.08684 0.81490 -0.09357 0.56935 0.05496
1413393956.955760479 -2.24319 -1.96839 0.08781 0.81906 -0.06908 0.56900 0.02472
1413393957.055760384 -2.18273 -1.99447 0.09023 0.82170 -0.04177 0.56839 -0.00026
1413393957.155760527 -2.12068 -2.02185 0.09505 0.82337 -0.00654 0.56717 -0.01846
1413393957.255760431 -2.05561 -2.04977 0.10093 0.82243 0.03114 0.56665 -0.03938
1413393957.355760574 -1.99058 -2.07769 0.10792 0.81979 0.06916 0.56497 -0.06301
1413393957.455760479 -1.92385 -2.10699 0.11471 0.81355 0.10467 0.56548 -0.08606
1413393957.555760384 -1.85513 -2.13639 0.11570 0.80478 0.13675 0.56745 -0.10786
1413393957.655760527 -1.78677 -2.16519 0.10536 0.79244 0.16723 0.57155 -0.13196
1413393957.755760431 -1.72406 -2.19368 0.08365 0.77528 0.19842 0.57895 -0.15616
1413393957.855760574 -1.66576 -2.22270 0.05016 0.76070 0.23563 0.58049 -0.16984
1413393957.955760479 -1.61558 -2.25302 0.01490 0.75033 0.27484 0.57577 -0.17307
1413393958.055760384 -1.57160 -2.28369 -0.01198 0.74702 0.30698 0.56401 -0.17208
1413393958.155760527 -1.53778 -2.30634 -0.02256 0.74679 0.32396 0.55283 -0.17815
1413393958.255760431 -1.50941 -2.31852 -0.01632 0.74650 0.32946 0.54595 -0.19012
1413393958.355760574 -1.48683 -2.32250 0.00198 0.75081 0.32343 0.53659 -0.20918
1413393958.455760479 -1.46444 -2.32219 0.01888 0.75687 0.31794 0.52665 -0.22068
1413393958.555760384 -1.45152 -2.32335 0.02829 0.76512 0.31691 0.51430 -0.22283
1413393958.655760527 -1.43218 -2.32030 0.02358 0.77361 0.31791 0.50236 -0.21931
1413393958.755760431 -1.41175 -2.31692 0.01120 0.77621 0.31726 0.49981 -0.21688
1413393958.855760574 -1.38252 -2.30681 -0.00827 0.76925 0.31301 0.51257 -0.21805
1413393958.955760479 -1.34817 -2.29003 -0.03785 0.76224 0.30806 0.52530 -0.21943
1413393959.055760384 -1.31400 -2.27291 -0.07587 0.75812 0.29728 0.53340 -0.22884
1413393959.155760527 -1.28041 -2.25662 -0.11878 0.75415 0.28291 0.54021 -0.24368
1413393959.255760431 -1.24737 -2.24417 -0.15737 0.74779 0.27950 0.55071 -0.24373
1413393959.355760574 -1.21364 -2.23326 -0.19645 0.74974 0.28388 0.55044 -0.23307
1413393959.455760479 -1.18018 -2.22642 -0.22894 0.75327 0.28829 0.54703 -0.22412
1413393959.555760384 -1.15021 -2.22292 -0.25673 0.75134 0.28995 0.55057 -0.21976
1413393959.655760527 -1.12007 -2.21613 -0.27336 0.73378 0.28533 0.57423 -0.22454
1413393959.755760431 -1.10240 -2.21931 -0.28683 0.71873 0.27963 0.59329 -0.23073
1413393959.855760574 -1.09601 -2.23201 -0.30473 0.72752 0.28250 0.58307 -0.22569
1413393959.955760479 -1.09919 -2.25116 -0.32096 0.74476 0.28942 0.56169 -0.21462
1413393960.055760384 -1.10831 -2.27281 -0.33253 0.75910 0.29445 0.54269 -0.20629
1413393960.155760527 -1.11953 -2.29184 -0.34000 0.77010 0.29885 0.52717 -0.19931
1413393960.255760431 -1.12943 -2.30595 -0.34665 0.78294 0.30318 0.50819 -0.19193
1413393960.355760574 -1.13461 -2.31206 -0.35028 0.78826 0.30530 0.49962 -0.18924
1413393960.455760479 -1.13318 -2.30738 -0.34815 0.77725 0.30687 0.51262 -0.19731
1413393960.555760384 -1.12958 -2.29387 -0.35479 0.76305 0.31533 0.52360 -0.21016
1413393960.655760527 -1.12669 -2.27553 -0.38162 0.74904 0.33251 0.52620 -0.22690
1413393960.755760431 -1.12310 -2.25476 -0.42940 0.73673 0.35588 0.52060 -0.24404
1413393960.855760574 -1.12392 -2.23271 -0.49443 0.72976 0.38083 0.50592 -0.25778
1413393960.955760479 -1.12265 -2.20694 -0.55944 0.73158 0.40057 0.48313 -0.26630
1413393961.055760384 -1.11936 -2.17705 -0.61226 0.73215 0.41141 0.46849 -0.27425
1413393961.155760527 -1.10833 -2.13988 -0.64866 0.72176 0.41534 0.47637 -0.28218
1413393961.255760431 -1.09100 -2.09771 -0.66106 0.70396 0.40273 0.49894 -0.30548
1413393961.355760574 -1.07478 -2.06048 -0.65212 0.67915 0.37601 0.52923 -0.34247
1413393961.455760479 -1.05872 -2.03634 -0.62775 0.65950 0.36175 0.55156 -0.36052
1413393961.555760384 -1.04766 -2.03212 -0.59352 0.66482 0.37428 0.54809 -0.34283
1413393961.655760527 -1.04496 -2.04574 -0.55494 0.68179 0.39372 0.52968 -0.31557
1413393961.755760431 -1.04653 -2.06628 -0.49944 0.68809 0.40287 0.52261 -0.30183
1413393961.855760574 -1.05690 -2.09188 -0.42638 0.69428 0.40688 0.51538 -0.29461
1413393961.955760479 -1.06876 -2.11885 -0.34537 0.70095 0.41098 0.50647 -0.28854
1413393962.055760384 -1.08482 -2.14791 -0.25314 0.70790 0.41435 0.49657 -0.28392
1413393962.155760527 -1.09828 -2.16726 -0.14433 0.71410 0.41796 0.48711 -0.27947
1413393962.255760431 -1.11432 -2.18589 -0.02368 0.71836 0.42077 0.47960 -0.27730
1413393962.355760574 -1.12653 -2.19108 0.09984 0.72422 0.42453 0.47045 -0.27195
1413393962.455760479 -1.14071 -2.19936 0.20790 0.73507 0.43018 0.45490 -0.26017
1413393962.555760384 -1.14914 -2.19687 0.29174 0.74963 0.43027 0.43982 -0.24388
1413393962.655760527 -1.14984 -2.17890 0.35706 0.75898 0.42218 0.44130 -0.22576
1413393962.755760431 -1.14338 -2.14952 0.41372 0.76047 0.40572 0.46275 -0.20723
1413393962.855760574 -1.13038 -2.10161 0.46512 0.75713 0.38251 0.49611 -0.18525
1413393962.955760479 -1.12011 -2.04350 0.51182 0.75385 0.35348 0.52983 -0.16137
1413393963.055760384 -1.11548 -1.97434 0.54878 0.75616 0.31790 0.55495 -0.13857
1413393963.155760527 -1.11790 -1.89288 0.57823 0.75923 0.27867 0.57616 -0.11817
1413393963.255760431 -1.13180 -1.80667 0.61599 0.76533 0.23228 0.59011 -0.10997
1413393963.355760574 -1.15292 -1.70985 0.63475 0.77194 0.18829 0.59893 -0.09967
1413393963.455760479 -1.18244 -1.60721 0.63348 0.77971 0.15016 0.60233 -0.08189
1413393963.555760384 -1.21735 -1.50281 0.62130 0.78582 0.11488 0.60417 -0.06529
1413393963.655760527 -1.26023 -1.39988 0.60075 0.78791 0.08400 0.60812 -0.04823
1413393963.755760431 -1.30834 -1.29564 0.56949 0.78841 0.05749 0.61177 -0.02903
1413393963.855760574 -1.36415 -1.19066 0.53012 0.78995 0.03433 0.61217 -0.00697
1413393963.955760479 -1.42419 -1.08266 0.48173 0.79446 0.01224 0.60698 0.01613
1413393964.055760384 -1.48849 -0.97011 0.42505 0.79879 -0.01062 0.60034 0.03745
1413393964.155760527 -1.55565 -0.85115 0.36144 0.79973 -0.03803 0.59681 0.05297
1413393964.255760431 -1.62458 -0.72985 0.29452 0.79842 -0.07079 0.59483 0.06074
1413393964.355760574 -1.69668 -0.60824 0.23096 0.79817 -0.10270 0.58979 0.06720
1413393964.455760479 -1.77112 -0.48633 0.17501 0.79655 -0.13243 0.58512 0.07492
1413393964.555760384 -1.84601 -0.36938 0.12430 0.79318 -0.15968 0.58186 0.08250
1413393964.655760527 -1.92225 -0.25804 0.07813 0.78787 -0.18693 0.58022 0.08757
1413393964.755760431 -2.00448 -0.15090 0.03579 0.78121 -0.21260 0.57924 0.09485
1413393964.855760574 -2.08950 -0.05302 -0.00328 0.77936 -0.23845 0.57076 0.09984
1413393964.955760479 -2.17890 0.03363 -0.03991 0.78278 -0.26679 0.55295 0.10159
1413393965.055760384 -2.27125 0.10436 -0.07325 0.78547 -0.30141 0.53259 0.09246
1413393965.155760527 -2.36133 0.15439 -0.10102 0.78494 -0.33716 0.51339 0.08138
1413393965.255760431 -2.45242 0.17799 -0.12278 0.78768 -0.36205 0.49123 0.08468
1413393965.355760574 -2.54178 0.17009 -0.13400 0.79767 -0.36708 0.46672 0.10563
1413393965.455760479 -2.62452 0.13662 -0.13701 0.81028 -0.34747 0.44799 0.14841
1413393965.555760384 -2.68168 0.07118 -0.12819 0.81947 -0.30852 0.43789 0.20379
1413393965.655760527 -2.71328 -0.00351 -0.11656 0.82069 -0.27746 0.43660 0.24263
1413393965.755760431 -2.72314 -0.06096 -0.10366 0.81019 -0.27206 0.45452 0.25098
1413393965.855760574 -2.70189 -0.12834 -0.08623 0.78948 -0.27519 0.48992 0.24691
1413393965.955760479 -2.67029 -0.19310 -0.07607 0.77807 -0.27002 0.50768 0.25291
1413393966.055760384 -2.62421 -0.25229 -0.07397 0.77530 -0.26025 0.51079 0.26508
1413393966.155760527 -2.56634 -0.30074 -0.06593 0.77372 -0.26488 0.51410 0.25864
1413393966.255760431 -2.49603 -0.33931 -0.04542 0.77340 -0.26883 0.51520 0.25329
1413393966.355760574 -2.41439 -0.36860 -0.01038 0.77503 -0.25964 0.51188 0.26438
1413393966.455760479 -2.31933 -0.38523 0.03896 0.76775 -0.24628 0.52174 0.27873
1413393966.555760384 -2.21647 -0.38582 0.09224 0.75253 -0.24358 0.54536 0.27741
1413393966.655760527 -2.11233 -0.37185 0.13304 0.73917 -0.24430 0.56551 0.27229
1413393966.755760431 -2.01047 -0.34169 0.16227 0.72979 -0.24604 0.57871 0.26827
1413393966.855760574 -1.91179 -0.29633 0.17998 0.72680 -0.24957 0.58294 0.26392
1413393966.955760479 -1.81879 -0.23620 0.18697 0.73307 -0.26634 0.57534 0.24629
1413393967.055760384 -1.73057 -0.16727 0.18453 0.73819 -0.29271 0.56520 0.22350
1413393967.155760527 -1.64788 -0.09579 0.17642 0.73941 -0.31186 0.55784 0.21174
1413393967.255760431 -1.57244 -0.02432 0.16441 0.73595 -0.32535 0.55488 0.21127
1413393967.355760574 -1.50500 0.04376 0.14560 0.72827 -0.33691 0.55371 0.22253
1413393967.455760479 -1.44514 0.10841 0.11860 0.71541 -0.35246 0.55381 0.23927
1413393967.555760384 -1.39053 0.17331 0.08754 0.70187 -0.37417 0.55069 0.25320
1413393967.655760527 -1.34380 0.23779 0.05765 0.68986 -0.39919 0.54244 0.26553
1413393967.755760431 -1.30598 0.30138 0.03317 0.67882 -0.42193 0.53022 0.28295
1413393967.855760574 -1.27733 0.36332 0.01519 0.66975 -0.44370 0.51567 0.29774
1413393967.955760479 -1.25599 0.42883 0.01118 0.67144 -0.46862 0.48998 0.29914
1413393968.055760384 -1.23832 0.48676 0.02578 0.67548 -0.48622 0.46661 0.29932
1413393968.155760527 -1.22111 0.53573 0.05981 0.67340 -0.49410 0.45796 0.30442
1413393968.255760431 -1.20207 0.57679 0.10080 0.66782 -0.50304 0.45824 0.30164
1413393968.355760574 -1.18336 0.60981 0.13611 0.67126 -0.50376 0.45095 0.30377
1413393968.455760479 -1.16392 0.63278 0.16477 0.68130 -0.49370 0.43776 0.31694
1413393968.555760384 -1.14082 0.65546 0.18403 0.68347 -0.48128 0.43716 0.33185
1413393968.655760527 -1.11073 0.66477 0.19145 0.68474 -0.47692 0.43446 0.33902
1413393968.755760431 -1.07588 0.67020 0.18849 0.68243 -0.48237 0.43144 0.33979
1413393968.855760574 -1.03512 0.66907 0.17715 0.67043 -0.48773 0.43688 0.34897
1413393968.955760479 -0.99082 0.66345 0.15652 0.64751 -0.49787 0.45032 0.36066
1413393969.055760384 -0.94586 0.65819 0.12417 0.62136 -0.51519 0.46091 0.36886
1413393969.155760527 -0.90266 0.65643 0.08939 0.59895 -0.53007 0.46039 0.38513
1413393969.255760431 -0.86089 0.65708 0.05503 0.58138 -0.54557 0.44861 0.40385
1413393969.355760574 -0.82066 0.66139 0.02302 -0.56447 0.56680 -0.43377 -0.41467
1413393969.455760479 -0.78162 0.66954 -0.00506 -0.54183 0.59152 -0.42778 -0.41658
1413393969.555760384 -0.74880 0.68526 -0.02722 -0.51398 0.61663 -0.42996 -0.41319
1413393969.655760527 -0.72426 0.70304 -0.04899 -0.49367 0.64012 -0.42199 -0.41044
1413393969.755760431 -0.71201 0.72158 -0.05935 -0.47931 0.65870 -0.41022 -0.41000
1413393969.855760574 -0.71260 0.74242 -0.05205 -0.46821 0.67150 -0.40235 -0.40985
1413393969.955760479 -0.72880 0.76362 -0.02620 -0.46366 0.67427 -0.39368 -0.41880
1413393970.055760384 -0.75613 0.78852 0.01448 -0.47505 0.66817 -0.37034 -0.43671
1413393970.155760527 -0.79083 0.81246 0.05906 -0.49196 0.66054 -0.34275 -0.45186
1413393970.255760431 -0.82591 0.83314 0.09539 -0.50130 0.65771 -0.32838 -0.45638
1413393970.355760574 -0.85839 0.84782 0.12034 -0.50502 0.65667 -0.32415 -0.45680
1413393970.455760479 -0.88751 0.85484 0.14144 -0.50767 0.65441 -0.32324 -0.45775
1413393970.555760384 -0.91236 0.85290 0.16418 -0.50469 0.64660 -0.33063 -0.46677
1413393970.655760527 -0.93374 0.84573 0.18731 -0.50373 0.63604 -0.33494 -0.47908
1413393970.755760431 -0.95020 0.83589 0.20014 -0.50845 0.62302 -0.32801 -0.49572
1413393970.855760574 -0.95600 0.82667 0.19829 0.52050 -0.61167 0.30750 0.51027
1413393970.955760479 -0.94694 0.81250 0.18813 0.52729 -0.60507 0.29502 0.51848
1413393971.055760384 -0.91701 0.79412 0.17939 0.52162 -0.60545 0.30555 0.51767
1413393971.155760527 -0.86694 0.77528 0.17855 0.50700 -0.60326 0.33281 0.51795
1413393971.255760431 -0.80058 0.75874 0.19208 0.49029 -0.59151 0.36270 0.52743
1413393971.355760574 -0.72185 0.75440 0.21187 0.47711 -0.57517 0.38504 0.54156
1413393971.455760479 -0.63264 0.76706 0.21921 0.47147 -0.57086 0.39633 0.54292
1413393971.555760384 -0.53431 0.79821 0.20968 0.47496 -0.59134 0.39755 0.51641
1413393971.655760527 -0.43135 0.84524 0.19545 -0.46817 0.62309 -0.41056 -0.47329
1413393971.755760431 -0.33381 0.90438 0.18782 -0.44766 0.64930 -0.43369 -0.43580
1413393971.855760574 -0.25268 0.97388 0.18875 -0.42962 0.66816 -0.44832 -0.40987
1413393971.955760479 -0.19552 1.05456 0.19879 -0.43069 0.67417 -0.43929 -0.40868
1413393972.055760384 -0.16028 1.14081 0.21623 -0.44180 0.67359 -0.41796 -0.41999
1413393972.155760527 -0.13894 1.23129 0.22806 -0.44886 0.67979 -0.40188 -0.41821
1413393972.255760431 -0.12991 1.32346 0.22124 -0.45758 0.68917 -0.38584 -0.40839
1413393972.355760574 -0.13435 1.40958 0.20796 -0.47321 0.67749 -0.36395 -0.42967
1413393972.455760479 -0.14542 1.49044 0.19583 -0.48740 0.66210 -0.34593 -0.45210
1413393972.555760384 -0.15446 1.56749 0.18442 -0.50300 0.65858 -0.32485 -0.45579
1413393972.655760527 -0.16166 1.63493 0.17475 -0.51080 0.66046 -0.31238 -0.45309
1413393972.755760431 -0.16426 1.69241 0.16533 -0.51189 0.66044 -0.30846 -0.45458
1413393972.855760574 -0.16385 1.73792 0.15067 -0.50900 0.65853 -0.30885 -0.46028
1413393972.955760479 -0.15678 1.77504 0.13836 -0.50722 0.65616 -0.30636 -0.46725
1413393973.055760384 -0.14511 1.79736 0.12609 -0.50594 0.65119 -0.30471 -0.47658
1413393973.155760527 -0.12298 1.81571 0.11422 -0.50047 0.64333 -0.31193 -0.48821
1413393973.255760431 -0.09065 1.82660 0.10381 0.49299 -0.63140 0.32456 0.50295
1413393973.355760574 -0.04757 1.84055 0.09280 0.48330 -0.61694 0.34110 0.51909
1413393973.455760479 0.00394 1.85398 0.08195 0.47518 -0.60302 0.35647 0.53245
1413393973.555760384 0.07010 1.88345 0.07088 0.46904 -0.59128 0.36788 0.54319
1413393973.655760527 0.14839 1.92780 0.05783 0.46336 -0.59133 0.38075 0.53912
1413393973.755760431 0.23550 1.98930 0.04073 0.45675 -0.61280 0.39838 0.50710
1413393973.855760574 0.32668 2.06437 0.02408 -0.44779 0.64459 -0.41676 -0.45858
1413393973.955760479 0.40603 2.15142 0.01065 -0.43829 0.67757 -0.43095 -0.40382
1413393974.055760384 0.46015 2.24478 0.00115 -0.45129 0.70931 -0.41161 -0.35183
1413393974.155760527 0.47846 2.33712 -0.00039 -0.47506 0.73500 -0.37343 -0.30764
1413393974.255760431 0.46270 2.40909 0.01100 -0.51266 0.73964 -0.31972 -0.29647
1413393974.355760574 0.41394 2.44392 0.03907 -0.54798 0.72933 -0.27091 -0.30725
1413393974.455760479 0.35274 2.43275 0.07592 -0.57493 0.71217 -0.23558 -0.32675
1413393974.555760384 0.28942 2.37295 0.12259 -0.59591 0.68374 -0.21733 -0.36078
1413393974.655760527 0.23982 2.27527 0.17391 -0.60162 0.65272 -0.22420 -0.40219
1413393974.755760431 0.20485 2.14476 0.22408 -0.59422 0.62173 -0.24972 -0.44497
1413393974.855760574 0.18909 1.99321 0.26602 -0.57794 0.60159 -0.28175 -0.47401
1413393974.955760479 0.19128 1.83543 0.29215 -0.55356 0.59668 -0.32019 -0.48479
1413393975.055760384 0.20837 1.68074 0.30179 -0.53063 0.59682 -0.35260 -0.48776
1413393975.155760527 0.23003 1.52630 0.29798 -0.51340 0.60197 -0.37525 -0.48294
1413393975.255760431 0.25884 1.38247 0.28752 -0.50560 0.61009 -0.38418 -0.47389
1413393975.355760574 0.29114 1.24868 0.28014 -0.50426 0.61173 -0.38502 -0.47251
1413393975.455760479 0.32806 1.12600 0.27730 -0.50573 0.60352 -0.38260 -0.48334
1413393975.555760384 0.37209 1.01618 0.27666 -0.50655 0.59443 -0.38155 -0.49445
1413393975.655760527 0.42331 0.91853 0.27714 -0.50538 0.59039 -0.38375 -0.49876
1413393975.755760431 0.48261 0.83190 0.27645 -0.49809 0.59880 -0.39346 -0.48840
1413393975.855760574 0.54650 0.75845 0.27834 -0.48743 0.60908 -0.40385 -0.47785
1413393975.955760479 0.61095 0.69763 0.28222 -0.47826 0.61857 -0.40953 -0.47002
1413393976.055760384 0.67132 0.64760 0.28434 -0.48047 0.62704 -0.39864 -0.46588
1413393976.155760527 0.72825 0.60525 0.27618 -0.48324 0.63343 -0.38709 -0.46412
1413393976.255760431 0.78485 0.56792 0.25825 -0.48001 0.64039 -0.38515 -0.45951
1413393976.355760574 0.83708 0.53723 0.23642 -0.47093 0.64363 -0.39354 -0.45727
1413393976.455760479 0.88411 0.51421 0.22127 -0.46539 0.64181 -0.40460 -0.45583
1413393976.555760384 0.92573 0.49882 0.21585 -0.47282 0.64044 -0.40911 -0.44599
1413393976.655760527 0.95811 0.49018 0.21295 -0.48425 0.63824 -0.41029 -0.43567
1413393976.755760431 0.98435 0.48633 0.20294 -0.48965 0.63625 -0.41791 -0.42519
1413393976.855760574 1.00134 0.48764 0.18436 -0.49830 0.63815 -0.41733 -0.41266
1413393976.955760479 1.00582 0.49274 0.16586 -0.51460 0.64229 -0.40285 -0.40044
1413393977.055760384 1.00206 0.49590 0.15100 -0.53203 0.63992 -0.38263 -0.40129
1413393977.155760527 0.99465 0.49081 0.14530 -0.54184 0.63211 -0.37049 -0.41181
1413393977.255760431 0.98729 0.47647 0.15595 -0.54370 0.62311 -0.36800 -0.42510
1413393977.355760574 0.98247 0.45845 0.17690 -0.54220 0.61629 -0.36974 -0.43532
1413393977.455760479 0.98060 0.43734 0.20882 -0.54032 0.61320 -0.36979 -0.44192
1413393977.555760384 0.98134 0.41207 0.24585 -0.54044 0.61247 -0.36537 -0.44644
1413393977.655760527 0.98680 0.38900 0.27167 -0.53956 0.61363 -0.36271 -0.44807
1413393977.755760431 0.99274 0.36370 0.28582 -0.53798 0.61544 -0.36074 -0.44908
1413393977.855760574 1.00716 0.33260 0.29760 -0.53539 0.61712 -0.35961 -0.45079
1413393977.955760479 1.02622 0.30036 0.30808 -0.53219 0.61941 -0.35875 -0.45210
1413393978.055760384 1.05113 0.26606 0.32134 -0.52748 0.62440 -0.35877 -0.45074
1413393978.155760527 1.08092 0.23051 0.33577 -0.52116 0.63037 -0.36121 -0.44783
1413393978.255760431 1.11213 0.19433 0.35134 -0.51211 0.63603 -0.36521 -0.44702
1413393978.355760574 1.14285 0.15816 0.36907 -0.49807 0.64273 -0.36896 -0.45021
1413393978.455760479 1.17056 0.12502 0.38764 -0.47984 0.65094 -0.37058 -0.45683
1413393978.555760384 1.19410 0.09198 0.40720 -0.45833 0.66051 -0.36823 -0.46697
1413393978.655760527 1.21299 0.06753 0.42621 -0.43725 0.67466 -0.35706 -0.47555
1413393978.755760431 1.22741 0.04941 0.44450 -0.41668 0.69215 -0.34045 -0.48104
1413393978.855760574 1.23848 0.03204 0.46425 -0.39440 0.70903 -0.32488 -0.48598
1413393978.955760479 1.24383 0.01920 0.48609 -0.36960 0.72276 -0.31096 -0.49428
1413393979.055760384 1.24242 0.01408 0.50672 0.34210 -0.73665 0.29917 0.50081
1413393979.155760527 1.23360 0.01551 0.52675 0.31358 -0.74933 0.28513 0.50880
1413393979.255760431 1.21815 0.02376 0.54091 0.28647 -0.76012 0.26617 0.51895
1413393979.355760574 1.19918 0.04093 0.54249 0.25629 -0.76997 0.25020 0.52807
1413393979.455760479 1.17751 0.06180 0.53294 0.22427 -0.77943 0.23667 0.53496
1413393979.555760384 1.15166 0.09626 0.51348 0.19125 -0.78808 0.22473 0.54024
1413393979.655760527 1.11834 0.13683 0.48980 0.16178 -0.79563 0.20606 0.54621
1413393979.755760431 1.07855 0.18800 0.46867 0.13673 -0.80088 0.18167 0.55397
1413393979.855760574 1.03593 0.25187 0.45377 0.11721 -0.80602 0.15088 0.56021
1413393979.955760479 0.99018 0.32341 0.44355 0.09696 -0.81256 0.12204 0.56165
1413393980.055760384 0.94282 0.40051 0.43495 0.07626 -0.82036 0.09387 0.55891
1413393980.155760527 0.89164 0.47963 0.42677 0.06182 -0.82960 0.05999 0.55167
1413393980.255760431 0.83521 0.55646 0.42090 0.05184 -0.83864 0.02873 0.54144
1413393980.355760574 0.77113 0.62722 0.41467 0.04468 -0.84389 0.00894 0.53457
1413393980.455760479 0.69688 0.68927 0.40944 0.04037 -0.84258 -0.00145 0.53706
1413393980.555760384 0.61268 0.74023 0.40015 0.03787 -0.83327 -0.00553 0.55154
1413393980.655760527 0.52461 0.78102 0.39586 0.03793 -0.82149 -0.00839 0.56889
1413393980.755760431 0.43399 0.81337 0.39237 0.03802 -0.81793 -0.00858 0.57400
1413393980.855760574 0.34273 0.83783 0.38953 0.03499 -0.82448 -0.00354 0.56479
1413393980.955760479 0.25074 0.85546 0.38871 0.02843 -0.83403 0.00630 0.55095
1413393981.055760384 0.14990 0.87020 0.39159 0.01881 -0.83834 0.02035 0.54445
1413393981.155760527 0.04279 0.88497 0.40367 0.01060 -0.83556 0.03241 0.54835
1413393981.255760431 -0.07108 0.90211 0.42859 0.00583 -0.83075 0.04079 0.55513
1413393981.355760574 -0.18958 0.92360 0.46544 0.00536 -0.83155 0.04527 0.55358
1413393981.455760479 -0.31063 0.95221 0.50306 0.01153 -0.83401 0.04184 0.55003
1413393981.555760384 -0.43472 0.98404 0.53287 0.02343 -0.83421 0.03088 0.55008
1413393981.655760527 -0.56436 1.01534 0.54950 0.03269 -0.83398 0.02338 0.55032
1413393981.755760431 -0.69993 1.04354 0.55491 0.04032 -0.83348 0.01763 0.55080
1413393981.855760574 -0.83860 1.06476 0.54994 0.04969 -0.83006 0.01300 0.55531
1413393981.955760479 -0.97916 1.07698 0.53644 0.06503 -0.82463 0.01343 0.56176
1413393982.055760384 -1.11502 1.07902 0.52176 0.08349 -0.81884 0.02204 0.56749
1413393982.155760527 -1.25372 1.07116 0.50925 0.10704 -0.81230 0.03758 0.57210
1413393982.255760431 -1.39047 1.05374 0.49955 0.13457 -0.80601 0.06044 0.57322
1413393982.355760574 -1.52527 1.02795 0.49238 0.16761 -0.79994 0.08666 0.56964
1413393982.455760479 -1.65501 0.99558 0.48729 0.20659 -0.79385 0.11371 0.56054
1413393982.555760384 -1.78142 0.95739 0.48369 0.24959 -0.78433 0.14326 0.54955
1413393982.655760527 -1.90014 0.91016 0.48193 0.29682 -0.76880 0.17323 0.53929
1413393982.755760431 -2.01827 0.85574 0.48034 0.34790 -0.74737 0.20185 0.52883
1413393982.855760574 -2.12543 0.79336 0.48139 0.39925 -0.71990 0.22944 0.51933
1413393982.955760479 -2.22416 0.72339 0.47882 0.44906 -0.68990 0.25636 0.50662
1413393983.055760384 -2.31097 0.64919 0.47368 -0.49474 0.65947 -0.28301 -0.49014
1413393983.155760527 -2.38519 0.56950 0.46981 -0.53845 0.62549 -0.30615 -0.47446
1413393983.255760431 -2.44632 0.48478 0.46603 -0.57924 0.58905 -0.32694 -0.45893
1413393983.355760574 -2.48926 0.39763 0.46394 0.61618 -0.55052 0.34762 0.44319
1413393983.455760479 -2.51117 0.30865 0.46204 0.64704 -0.51008 0.37124 0.42818
1413393983.555760384 -2.51490 0.21621 0.46601 0.67195 -0.46920 0.39746 0.41274
1413393983.655760527 -2.49335 0.13501 0.47248 0.69408 -0.42818 0.42235 0.39564
1413393983.755760431 -2.45476 0.05906 0.48010 0.71258 -0.39086 0.44668 0.37408
1413393983.855760574 -2.39889 -0.00687 0.48912 0.72871 -0.35855 0.46822 0.34813
1413393983.955760479 -2.32581 -0.06021 0.50108 0.74248 -0.32580 0.48655 0.32534
1413393984.055760384 -2.23766 -0.10448 0.51262 0.75516 -0.29141 0.50162 0.30528
1413393984.155760527 -2.13669 -0.13237 0.52748 0.76647 -0.25445 0.51575 0.28598
1413393984.255760431 -2.02506 -0.14399 0.54593 0.77610 -0.21776 0.52899 0.26536
1413393984.355760574 -1.90251 -0.14097 0.56347 0.78309 -0.18791 0.54200 0.24019
1413393984.455760479 -1.77563 -0.11806 0.58458 0.78712 -0.16053 0.55383 0.21895
1413393984.555760384 -1.64620 -0.07705 0.60872 0.78836 -0.13647 0.56491 0.20182
1413393984.655760527 -1.51466 -0.02092 0.62852 0.79226 -0.12416 0.57048 0.17737
1413393984.755760431 -1.38842 0.05338 0.64505 0.79447 -0.12826 0.57593 0.14380
1413393984.855760574 -1.25927 0.12885 0.64501 0.79653 -0.13946 0.57686 0.11538
1413393984.955760479 -1.13254 0.20353 0.63444 0.79944 -0.16459 0.57046 0.09152
1413393985.055760384 -1.00987 0.27313 0.61553 0.79833 -0.19194 0.56417 0.08689
1413393985.155760527 -0.88747 0.33235 0.58875 0.79119 -0.21354 0.56304 0.10682
1413393985.255760431 -0.76934 0.38492 0.55652 0.78047 -0.23296 0.56336 0.13864
1413393985.355760574 -0.65594 0.43407 0.52154 0.76991 -0.25322 0.55918 0.17447
1413393985.455760479 -0.54532 0.48313 0.48843 0.75878 -0.27764 0.55188 0.20640
1413393985.555760384 -0.43839 0.53547 0.45779 0.74671 -0.30653 0.54321 0.23104
1413393985.655760527 -0.33230 0.59429 0.42896 0.73745 -0.34328 0.52883 0.24222
1413393985.755760431 -0.23083 0.65141 0.40007 0.72955 -0.38219 0.51091 0.24631
1413393985.855760574 -0.12950 0.70373 0.37727 0.72033 -0.41765 0.49357 0.25117
1413393985.955760479 -0.02757 0.74681 0.36045 0.70659 -0.45159 0.48051 0.25673
1413393986.055760384 0.07442 0.77885 0.35068 0.68922 -0.48096 0.47153 0.26706
1413393986.155760527 0.17125 0.79920 0.34466 0.66824 -0.50962 0.46585 0.27700
1413393986.255760431 0.26441 0.81033 0.34016 0.64209 -0.53950 0.46448 0.28446
1413393986.355760574 0.34383 0.80774 0.34123 0.61546 -0.56783 0.46101 0.29366
1413393986.455760479 0.42303 0.79968 0.33405 -0.58868 0.59398 -0.45428 -0.30705
1413393986.555760384 0.47588 0.77930 0.33711 -0.56904 0.60738 -0.43985 -0.33736
1413393986.655760527 0.51184 0.74930 0.34667 -0.55722 0.60877 -0.41594 -0.38197
1413393986.755760431 0.53913 0.71357 0.35990 -0.54029 0.60926 -0.39691 -0.42350
1413393986.855760574 0.56588 0.67911 0.37382 -0.52223 0.60982 -0.37946 -0.45978
1413393986.955760479 0.59365 0.64724 0.38616 -0.50797 0.61496 -0.36558 -0.47974
1413393987.055760384 0.62669 0.61692 0.39188 -0.49904 0.62851 -0.35375 -0.48041
1413393987.155760527 0.66568 0.58800 0.38989 -0.49397 0.63949 -0.34509 -0.47744
1413393987.255760431 0.70921 0.56081 0.38228 -0.49122 0.64735 -0.33919 -0.47391
1413393987.355760574 0.75567 0.53114 0.37776 -0.49017 0.65206 -0.33604 -0.47078
1413393987.455760479 0.80772 0.49999 0.38090 -0.49058 0.65382 -0.33555 -0.46825
1413393987.555760384 0.86217 0.46760 0.38746 -0.48979 0.65322 -0.33533 -0.47008
1413393987.655760527 0.91951 0.43494 0.39485 -0.48598 0.65333 -0.33249 -0.47586
1413393987.755760431 0.98063 0.40237 0.40246 -0.47732 0.65765 -0.32946 -0.48075
1413393987.855760574 1.04174 0.36851 0.40841 -0.46801 0.66465 -0.32888 -0.48067
1413393987.955760479 1.10501 0.33321 0.40491 -0.46074 0.67113 -0.32874 -0.47878
1413393988.055760384 1.17037 0.29861 0.38940 -0.45544 0.67454 -0.32775 -0.47974
1413393988.155760527 1.23522 0.26337 0.36344 -0.45227 0.67381 -0.32532 -0.48539
1413393988.255760431 1.30069 0.22815 0.32633 -0.45128 0.67017 -0.32125 -0.49398
1413393988.355760574 1.37103 0.19405 0.28507 0.45175 -0.66589 0.31730 0.50183
1413393988.455760479 1.44445 0.15958 0.24505 0.45708 -0.66083 0.30714 0.50994
1413393988.555760384 1.52656 0.12448 0.20860 0.46725 -0.65545 0.28910 0.51815
1413393988.655760527 1.61960 0.08775 0.17624 0.46872 -0.65438 0.28430 0.52083
1413393988.755760431 1.72396 0.04931 0.14556 0.45945 -0.66530 0.29451 0.50945
1413393988.855760574 1.83513 0.00638 0.11758 -0.44123 0.68841 -0.30800 -0.48636
1413393988.955760479 1.94387 -0.03618 0.10518 -0.41672 0.71675 -0.31891 -0.45925
1413393989.055760384 2.04361 -0.07796 0.10936 -0.39318 0.74134 -0.32250 -0.43796
1413393989.155760527 2.12408 -0.12131 0.13148 -0.37314 0.76296 -0.32137 -0.41878
1413393989.255760431 2.17411 -0.16719 0.17228 -0.36424 0.77523 -0.30952 -0.41298
1413393989.355760574 2.19659 -0.21892 0.23200 -0.37349 0.75594 -0.28351 -0.45681
1413393989.455760479 2.20535 -0.27397 0.29595 0.37642 -0.72612 0.26772 0.50929
1413393989.555760384 2.21811 -0.33273 0.34787 0.37439 -0.70363 0.26228 0.54400
1413393989.655760527 2.23462 -0.38889 0.38205 0.37302 -0.69682 0.25898 0.55518
1413393989.755760431 2.25851 -0.44374 0.40163 0.36914 -0.70264 0.25430 0.55260
1413393989.855760574 2.28955 -0.49666 0.40964 0.35554 -0.71330 0.25560 0.54723
1413393989.955760479 2.32551 -0.54486 0.40819 0.33154 -0.72550 0.26218 0.54313
1413393990.055760384 2.36366 -0.58580 0.39673 0.30031 -0.73664 0.26401 0.54541
1413393990.155760527 2.39894 -0.61617 0.37760 0.27003 -0.74668 0.25090 0.55371
1413393990.255760431 2.43402 -0.63586 0.34820 0.23781 -0.75871 0.23120 0.56068
1413393990.355760574 2.46999 -0.64610 0.31281 0.20288 -0.77523 0.21009 0.56011
1413393990.455760479 2.50508 -0.64718 0.28221 0.16484 -0.79049 0.19091 0.55813
1413393990.555760384 2.53690 -0.63293 0.25322 0.12739 -0.80626 0.17454 0.55068
1413393990.655760527 2.56145 -0.60790 0.22838 0.09878 -0.82996 0.15252 0.52739
1413393990.755760431 2.57216 -0.57855 0.20850 -0.09395 0.85645 -0.11153 -0.49521
1413393990.855760574 2.56375 -0.54770 0.19678 -0.10225 0.87308 -0.06748 -0.47193
1413393990.955760479 2.53077 -0.52495 0.19465 -0.11331 0.87228 -0.03395 -0.47448
1413393991.055760384 2.47154 -0.51765 0.20386 0.12447 -0.84857 0.01560 0.51399
1413393991.155760527 2.39573 -0.52680 0.21940 0.12624 -0.81063 0.01799 0.57151
1413393991.255760431 2.32532 -0.55078 0.23436 0.11922 -0.76807 0.03531 0.62818
1413393991.355760574 2.27262 -0.58039 0.24481 0.10992 -0.73503 0.05812 0.66654
1413393991.455760479 2.24275 -0.61216 0.25001 0.09978 -0.73525 0.08270 0.66529
1413393991.555760384 2.23141 -0.63936 0.24715 0.08909 -0.76533 0.10773 0.62827
1413393991.655760527 2.23783 -0.65931 0.24846 0.07809 -0.79921 0.13030 0.58154
1413393991.755760431 2.24511 -0.66777 0.25525 0.07246 -0.82469 0.13882 0.54348
1413393991.855760574 2.24133 -0.66088 0.27261 0.07446 -0.83103 0.13180 0.53523
1413393991.955760479 2.22497 -0.64362 0.30158 0.09232 -0.80997 0.10285 0.56996
1413393992.055760384 2.20538 -0.62285 0.33365 0.10570 -0.77934 0.08315 0.61200
1413393992.155760527 2.19645 -0.60254 0.35864 0.11190 -0.76573 0.07331 0.62909
1413393992.255760431 2.20087 -0.58297 0.37485 0.11607 -0.78724 0.06554 0.60206
1413393992.355760574 2.21363 -0.56638 0.38827 0.10917 -0.81496 0.07217 0.56455
1413393992.455760479 2.22364 -0.55289 0.40112 0.09145 -0.83415 0.09474 0.53559
1413393992.555760384 2.22795 -0.53779 0.41134 0.07872 -0.83402 0.11022 0.53486
1413393992.655760527 2.21501 -0.51699 0.42026 0.08075 -0.81525 0.10648 0.56347
1413393992.755760431 2.20232 -0.49298 0.42437 0.09307 -0.78277 0.09058 0.60861
1413393992.855760574 2.19352 -0.46254 0.42636 0.10515 -0.75996 0.07541 0.63695
1413393992.955760479 2.20137 -0.43280 0.42397 0.11242 -0.76520 0.06535 0.63052
1413393993.055760384 2.22650 -0.40556 0.42139 0.11747 -0.78802 0.05700 0.60165
1413393993.155760527 2.26095 -0.38460 0.42243 0.11548 -0.81131 0.05721 0.57024
1413393993.255760431 2.28885 -0.36473 0.42015 0.11029 -0.84047 0.06175 0.52691
1413393993.355760574 2.30814 -0.35290 0.41966 -0.10837 0.86359 -0.06133 -0.48858
1413393993.455760479 2.30526 -0.34921 0.42964 -0.11408 0.86987 -0.05222 -0.47707
1413393993.555760384 2.27751 -0.35563 0.44976 0.11818 -0.85453 0.04849 0.50345
1413393993.655760527 2.23242 -0.37420 0.47815 0.11839 -0.82138 0.05216 0.55551
1413393993.755760431 2.18497 -0.39886 0.50836 0.11652 -0.78117 0.05740 0.61066
1413393993.855760574 2.14732 -0.42681 0.51781 0.11457 -0.74924 0.06064 0.64948
1413393993.955760479 2.12728 -0.45432 0.50522 0.11167 -0.72601 0.06389 0.67555
1413393994.055760384 2.12983 -0.48213 0.48501 0.10408 -0.71204 0.07526 0.69029
1413393994.155760527 2.16784 -0.50710 0.47690 0.09267 -0.71403 0.09250 0.68776
1413393994.255760431 2.24080 -0.52187 0.48508 0.08244 -0.72903 0.10915 0.67067
1413393994.355760574 2.33553 -0.52447 0.50848 0.07939 -0.76266 0.11544 0.63144
1413393994.455760479 2.44475 -0.51203 0.52487 0.08276 -0.80643 0.11043 0.57499
1413393994.555760384 2.55485 -0.49612 0.52128 0.08731 -0.84844 0.09955 0.51247
1413393994.655760527 2.65385 -0.47807 0.49801 -0.08802 0.88028 -0.08853 -0.45775
1413393994.755760431 2.72519 -0.46302 0.46530 -0.08854 0.89827 -0.07549 -0.42377
1413393994.855760574 2.75402 -0.45531 0.44152 -0.09723 0.89067 -0.05660 -0.44050
1413393994.955760479 2.74947 -0.45716 0.42673 -0.10136 0.86468 -0.04803 -0.48964
1413393995.055760384 2.72895 -0.46677 0.40850 0.09280 -0.84032 0.05423 0.53133
1413393995.155760527 2.70462 -0.47741 0.38555 0.08253 -0.82193 0.07334 0.55878
1413393995.255760431 2.67373 -0.49096 0.35665 0.07427 -0.81234 0.10416 0.56898
1413393995.355760574 2.64346 -0.49977 0.32221 0.08078 -0.80839 0.13160 0.56804
1413393995.455760479 2.60994 -0.50120 0.29127 0.10057 -0.80437 0.15450 0.56480
1413393995.555760384 2.57280 -0.49199 0.26630 0.13122 -0.79789 0.17217 0.56260
1413393995.655760527 2.53226 -0.47398 0.24692 0.17070 -0.78641 0.18618 0.56370
1413393995.755760431 2.49244 -0.45020 0.23051 0.21619 -0.76795 0.19879 0.56921
1413393995.855760574 2.45477 -0.42482 0.21686 0.25914 -0.74764 0.21899 0.57089
1413393995.955760479 2.42381 -0.39168 0.20348 0.29708 -0.72756 0.24452 0.56799
1413393996.055760384 2.39774 -0.35122 0.18863 0.32782 -0.71004 0.26753 0.56285
1413393996.155760527 2.37640 -0.30226 0.17251 0.34648 -0.69843 0.28839 0.55586
1413393996.255760431 2.36049 -0.24331 0.15448 0.35983 -0.69955 0.30327 0.53775
1413393996.355760574 2.34913 -0.17435 0.13361 0.37476 -0.70534 0.30338 0.51963
1413393996.455760479 2.33536 -0.09895 0.10468 0.38759 -0.70985 0.29664 0.50783
1413393996.555760384 2.32253 -0.02424 0.06609 -0.39575 0.71581 -0.28925 -0.49732
1413393996.655760527 2.30020 0.05050 0.01946 -0.40218 0.72085 -0.28288 -0.48848
1413393996.755760431 2.27849 0.11897 -0.02234 -0.40895 0.72114 -0.28178 -0.48303
1413393996.855760574 2.25618 0.17958 -0.05620 -0.41900 0.71425 -0.28370 -0.48353
1413393996.955760479 2.23702 0.23215 -0.08465 -0.43158 0.70600 -0.28688 -0.48270
1413393997.055760384 2.21876 0.27846 -0.10880 -0.44337 0.69921 -0.29151 -0.47911
1413393997.155760527 2.19844 0.31878 -0.12765 -0.45233 0.69347 -0.29538 -0.47671
1413393997.255760431 2.18111 0.34977 -0.14190 -0.45561 0.68605 -0.30291 -0.47958
1413393997.355760574 2.16390 0.37652 -0.15747 -0.45833 0.67889 -0.30903 -0.48327
1413393997.455760479 2.14883 0.40185 -0.18656 -0.45981 0.67472 -0.31341 -0.48487
1413393997.555760384 2.13733 0.42433 -0.22888 -0.46040 0.67192 -0.31624 -0.48636
1413393997.655760527 2.12768 0.44596 -0.27028 -0.45982 0.66884 -0.31938 -0.48910
1413393997.755760431 2.12131 0.46555 -0.30570 -0.46007 0.66918 -0.31974 -0.48816
1413393997.855760574 2.11918 0.48310 -0.33323 -0.46086 0.67110 -0.31686 -0.48665
1413393997.955760479 2.12126 0.49799 -0.35536 -0.46099 0.67311 -0.31386 -0.48570
1413393998.055760384 2.12569 0.50806 -0.37482 -0.46096 0.67491 -0.31072 -0.48524
1413393998.155760527 2.13438 0.51575 -0.39143 -0.45934 0.67686 -0.30785 -0.48591
1413393998.255760431 2.14752 0.51908 -0.40547 -0.45600 0.67821 -0.30561 -0.48856
1413393998.355760574 2.16448 0.52086 -0.41579 -0.45181 0.67985 -0.30557 -0.49020
1413393998.455760479 2.18478 0.51745 -0.42146 -0.44914 0.68694 -0.30397 -0.48373
1413393998.555760384 2.20537 0.51231 -0.42372 -0.44212 0.69401 -0.30901 -0.47686
1413393998.655760527 2.22597 0.50367 -0.42528 -0.43107 0.69799 -0.32131 -0.47302
1413393998.755760431 2.24378 0.49434 -0.42960 -0.42113 0.70064 -0.33400 -0.46925
1413393998.855760574 2.25574 0.48654 -0.43506 -0.41740 0.69974 -0.33965 -0.46986
1413393998.955760479 2.26149 0.48114 -0.44325 -0.42276 0.69583 -0.33332 -0.47538
1413393999.055760384 2.26523 0.47789 -0.45318 -0.43123 0.68714 -0.32201 -0.48804
1413393999.155760527 2.26957 0.47490 -0.46616 -0.44149 0.68320 -0.30756 -0.49369
1413393999.255760431 2.27678 0.47254 -0.48221 -0.44647 0.68654 -0.29980 -0.48934
1413393999.355760574 2.28667 0.46750 -0.50030 -0.44170 0.69509 -0.30581 -0.47773
1413393999.455760479 2.29595 0.45480 -0.51666 -0.43504 0.70172 -0.31448 -0.46844
1413393999.555760384 2.30031 0.44146 -0.53084 -0.42847 0.70467 -0.32238 -0.46468
1413393999.655760527 2.29823 0.42376 -0.54158 -0.42214 0.70493 -0.33014 -0.46462
1413393999.755760431 2.29283 0.40847 -0.55530 -0.41854 0.70498 -0.33494 -0.46437
1413393999.855760574 2.28000 0.39411 -0.57673 -0.41684 0.70499 -0.33817 -0.46355
1413393999.955760479 2.25892 0.38116 -0.60465 -0.41884 0.70290 -0.33761 -0.46532
1413394000.055760384 2.24013 0.37321 -0.62373 -0.43106 0.68716 -0.31782 -0.49090
1413394000.155760527 2.24358 0.37431 -0.60806 -0.42949 0.68306 -0.31815 -0.49775
1413394000.255760431 2.24904 0.37737 -0.60792 0.43668 -0.67561 0.30149 0.51183
1413394000.355760574 2.24657 0.38261 -0.62898 -0.41256 0.69051 -0.32297 -0.49869
1413394000.455760479 2.24529 0.38437 -0.62406 0.42056 -0.68646 0.31384 0.50340
1413394000.555760384 2.24368 0.38432 -0.62682 0.41960 -0.68689 0.31505 0.50286
1413394000.655760527 2.24498 0.38401 -0.62754 0.42021 -0.68614 0.31417 0.50391
1413394000.755760431 2.24504 0.38414 -0.62698 0.41959 -0.68698 0.31508 0.50271
1413394000.855760574 2.24522 0.38370 -0.62686 0.41920 -0.68658 0.31560 0.50326
1413394000.955760479 2.24452 0.38368 -0.62692 0.41892 -0.68693 0.31597 0.50279
1413394001.055760384 2.24436 0.38374 -0.62696 0.41866 -0.68696 0.31625 0.50278
1413394001.155760527 2.24456 0.38406 -0.62641 0.41858 -0.68690 0.31645 0.50281
1413394001.255760431 2.24460 0.38391 -0.62598 0.41859 -0.68711 0.31649 0.50249
1413394001.355760574 2.24477 0.38358 -0.62603 0.41841 -0.68709 0.31653 0.50264
1413394001.455760479 2.24788 0.38330 -0.62644 0.41833 -0.68717 0.31649 0.50263
1413394001.555760384 2.24835 0.38342 -0.62634 0.41828 -0.68724 0.31652 0.50255
1413394001.655760527 2.24901 0.38410 -0.62638 0.41815 -0.68724 0.31667 0.50257
1413394001.755760431 2.25019 0.38540 -0.62626 0.41815 -0.68724 0.31680 0.50248
1413394001.855760574 2.25010 0.38569 -0.62609 0.41817 -0.68725 0.31691 0.50238
1413394001.955760479 2.24941 0.38581 -0.62611 0.41811 -0.68730 0.31700 0.50231
1413394002.055760384 2.24890 0.38537 -0.62602 0.41799 -0.68736 0.31692 0.50238
1413394002.155760527 2.24810 0.38499 -0.62599 0.41796 -0.68738 0.31700 0.50232
1413394002.255760431 2.24736 0.38451 -0.62613 0.41794 -0.68734 0.31706 0.50237
1413394002.355760574 2.24695 0.38401 -0.62608 0.41789 -0.68737 0.31711 0.50233
1413394002.455760479 2.24700 0.38384 -0.62608 0.41789 -0.68738 0.31714 0.50230
1413394002.555760384 2.24699 0.38400 -0.62578 0.41790 -0.68737 0.31712 0.50231
1413394002.655760527 2.24931 0.38514 -0.62592 0.41783 -0.68741 0.31711 0.50231
1413394002.755760431 2.24906 0.38514 -0.62562 0.41780 -0.68747 0.31711 0.50226
1413394002.855760574 2.24875 0.38499 -0.62551 0.41780 -0.68752 0.31714 0.50218
1413394002.955760479 2.25015 0.38591 -0.62551 0.41769 -0.68749 0.31720 0.50228
1413394003.055760384 2.24975 0.38582 -0.62549 0.41765 -0.68754 0.31726 0.50220
1413394003.155760527 2.25157 0.38693 -0.62570 0.41764 -0.68759 0.31725 0.50214
1413394003.255760431 2.25045 0.38661 -0.62540 0.41764 -0.68762 0.31727 0.50209
1413394003.355760574 2.25012 0.38649 -0.62533 0.41756 -0.68758 0.31738 0.50214
