1413393890105760512 0.03064 0.00667 0.18973 0.02731 0.81901 0.02232 0.57269
1413393890205760512 0.04993 0.02637 0.24863 0.01859 0.81492 0.01659 0.57903
1413393890305760256 0.07091 0.04924 0.28778 0.01124 0.81256 0.01101 0.58267
1413393890405760512 0.09277 0.07354 0.30609 0.00595 0.81200 0.00682 0.58358
1413393890505760512 0.11520 0.09840 0.30772 0.00064 0.80548 0.00300 0.59261
1413393890605760512 0.13494 0.12399 0.30888 -0.00204 0.79319 0.00145 0.60898
1413393890705760512 0.14917 0.14811 0.30616 0.00006 0.79474 0.00304 0.60694
1413393890805760256 0.15549 0.17118 0.30612 0.00218 0.80229 0.00484 0.59690
1413393890905760512 0.15825 0.19579 0.31246 0.00380 0.80775 0.00567 0.58948
1413393891005760512 0.15828 0.21952 0.31964 0.00520 0.81050 0.00692 0.58567
1413393891105760512 0.16047 0.24642 0.33332 0.00560 0.81090 0.00799 0.58511
1413393891205760512 0.16067 0.27230 0.34830 0.00370 0.81063 0.00785 0.58549
1413393891305760256 0.16292 0.30124 0.35664 0.00234 0.80436 0.00803 0.59408
1413393891405760512 0.16154 0.33033 0.35441 -0.00084 0.77262 0.00792 0.63481
1413393891505760512 0.14690 0.36067 0.34473 -0.00591 0.73798 0.00706 0.67476
1413393891605760512 0.10985 0.39294 0.33431 -0.00548 0.72508 0.00879 0.68859
1413393891705760512 0.04612 0.42803 0.32763 -0.00530 0.72473 0.00892 0.68895
1413393891805760256 -0.04408 0.45905 0.32749 -0.00423 0.72760 0.00943 0.68593
1413393891905760512 -0.16232 0.48736 0.33097 -0.00215 0.74060 0.00950 0.67188
1413393892005760512 -0.30284 0.51109 0.34228 -0.00149 0.76982 0.00934 0.63819
1413393892105760512 -0.45604 0.54036 0.35784 0.00043 0.79555 0.00910 0.60582
1413393892205760512 -0.61268 0.56982 0.37749 0.00311 0.80922 0.00917 0.58743
1413393892305760256 -0.76518 0.59821 0.39291 0.00606 0.81422 0.00822 0.58047
1413393892405760512 -0.91605 0.62917 0.39954 0.00755 0.81849 0.00710 0.57442
1413393892505760512 -1.05891 0.65894 0.39376 0.01013 0.82074 0.00622 0.57118
1413393892605760512 -1.19373 0.69277 0.37668 0.01164 0.82453 0.00369 0.56568
1413393892705760512 -1.31774 0.73651 0.35315 0.01616 0.83443 0.00009 0.55088
1413393892805760256 -1.43577 0.77687 0.32839 0.01852 0.84943 -0.00063 0.52738
1413393892905760512 -1.53967 0.81687 0.30887 0.01936 0.86193 -0.00086 0.50665
1413393893005760512 -1.62083 0.85941 0.29503 0.02007 0.87108 0.00080 0.49073
1413393893105760512 -1.67460 0.90426 0.28882 0.01925 0.87382 0.00229 0.48587
1413393893205760512 -1.69343 0.95006 0.29322 0.01841 0.86908 0.00407 0.49431
1413393893305760256 -1.67756 0.99270 0.30640 0.01494 0.86324 0.00216 0.50456
1413393893405760512 -1.64761 1.03668 0.32053 0.00561 0.85940 -0.00558 0.51125
1413393893505760512 -1.60295 1.08064 0.33479 -0.00382 0.85715 -0.01203 0.51492
1413393893605760512 -1.54272 1.12174 0.35040 -0.01155 0.85476 -0.01626 0.51865
1413393893705760512 -1.46625 1.15751 0.36506 -0.01977 0.85436 -0.02121 0.51887
1413393893805760256 -1.37497 1.18777 0.38287 -0.02402 0.85037 -0.02393 0.52509
1413393893905760512 -1.27107 1.21156 0.40472 -0.02253 0.84024 -0.02311 0.54126
1413393894005760512 -1.15762 1.22861 0.42774 -0.01999 0.82891 -0.02147 0.55861
1413393894105760512 -1.03818 1.24023 0.45041 -0.01901 0.82336 -0.01970 0.56685
1413393894205760512 -0.91529 1.24714 0.47390 -0.02139 0.82214 -0.02028 0.56852
1413393894305760256 -0.78993 1.24696 0.49637 -0.02364 0.82155 -0.02229 0.56922
1413393894405760512 -0.66296 1.24142 0.50845 -0.02280 0.82122 -0.02160 0.56975
1413393894505760512 -0.53368 1.23117 0.50231 -0.01928 0.82024 -0.01855 0.57140
1413393894605760512 -0.40172 1.21622 0.48497 -0.01371 0.81866 -0.01515 0.57392
1413393894705760512 -0.26813 1.19685 0.46365 -0.00983 0.81655 -0.01260 0.57706
1413393894805760256 -0.13529 1.17404 0.44387 -0.00968 0.81575 -0.01087 0.57822
1413393894905760512 -0.00519 1.14866 0.42757 -0.00933 0.81295 -0.00893 0.58219
1413393895005760512 0.12443 1.12211 0.41598 -0.00798 0.80652 -0.00659 0.59111
1413393895105760512 0.25135 1.09471 0.40726 -0.00712 0.80200 -0.00423 0.59727
1413393895205760512 0.37376 1.06604 0.40002 -0.00658 0.80461 -0.00240 0.59376
1413393895305760256 0.49215 1.03697 0.39404 -0.00621 0.80515 -0.00140 0.59304
1413393895405760512 0.60428 1.00853 0.38267 -0.00556 0.80185 -0.00087 0.59750
1413393895505760512 0.71265 0.97845 0.36134 -0.00305 0.80014 -0.00239 0.59980
1413393895605760512 0.81924 0.94604 0.33772 0.00052 0.80083 -0.01120 0.59878
1413393895705760512 0.92287 0.91183 0.31968 0.01214 0.79871 -0.02050 0.60124
1413393895805760256 1.02022 0.87674 0.30541 0.02471 0.79517 -0.03619 0.60480
1413393895905760512 1.11525 0.83880 0.29474 0.04328 0.79251 -0.05749 0.60560
1413393896005760512 1.19721 0.80101 0.28720 0.06536 0.79148 -0.08452 0.60178
1413393896105760512 1.26886 0.76562 0.28029 0.09325 0.78806 -0.11537 0.59745
1413393896205760512 1.33299 0.73407 0.27696 0.12084 0.78003 -0.14793 0.59588
1413393896305760256 1.38694 0.70820 0.27713 0.15181 0.76548 -0.17916 0.59908
1413393896405760512 1.43183 0.68986 0.28057 0.17820 0.74949 -0.21449 0.60042
1413393896505760512 1.47024 0.67949 0.28707 0.19015 0.73403 -0.25946 0.59810
1413393896605760512 1.49452 0.67577 0.29567 0.19877 0.72376 -0.30692 0.58520
1413393896705760512 1.51067 0.67243 0.30723 0.20720 0.71366 -0.35065 0.56992
1413393896805760256 1.50948 0.67285 0.32253 0.21287 0.70079 -0.39356 0.55560
1413393896905760512 1.51119 0.65987 0.33597 0.21565 0.69113 -0.43448 0.53578
1413393897005760512 1.50065 0.63736 0.35041 0.22305 0.69307 -0.46551 0.50319
1413393897105760512 1.48524 0.59831 0.35982 0.24431 0.70941 -0.47517 0.45963
1413393897205760512 1.47025 0.54465 0.36758 0.27936 0.72142 -0.46438 0.43112
1413393897305760256 1.46612 0.47823 0.37411 0.32400 0.72296 -0.43691 0.42599
1413393897405760512 1.47621 0.40868 0.38078 0.34871 0.71562 -0.41836 0.43733
1413393897505760512 1.50392 0.33984 0.38522 0.34551 0.70411 -0.41878 0.45769
1413393897605760512 1.54435 0.27356 0.38714 0.33533 0.69833 -0.42288 0.47017
1413393897705760512 1.59423 0.20914 0.38939 0.32546 0.69899 -0.42532 0.47390
1413393897805760256 1.64982 0.14610 0.39459 0.32205 0.70169 -0.42354 0.47385
1413393897905760512 1.70991 0.08503 0.40190 0.32576 0.70241 -0.42299 0.47073
1413393898005760512 1.77496 0.02657 0.41355 0.33924 0.70009 -0.42518 0.46262
1413393898105760512 1.84823 -0.03063 0.42604 0.36326 0.68922 -0.42923 0.45692
1413393898205760512 1.92739 -0.07889 0.44356 0.38850 0.66044 -0.43816 0.47000
1413393898305760256 2.01187 -0.11422 0.46822 0.40841 0.62438 -0.44700 0.49349
1413393898405760512 2.10155 -0.13106 0.49327 0.41691 0.58610 -0.45617 0.52400
1413393898505760512 2.18678 -0.12524 0.51624 0.41516 0.55304 -0.46450 0.55320
1413393898605760512 2.26256 -0.09577 0.52287 0.38298 0.55782 -0.49359 0.54639
1413393898705760512 2.32215 -0.04414 0.51821 0.34389 0.58177 -0.52822 0.51407
1413393898805760256 2.36278 0.02064 0.50522 0.30357 0.61241 -0.56141 0.46651
1413393898905760512 2.38723 0.07726 0.49615 0.27153 0.63790 -0.58747 0.41741
1413393899005760512 2.40304 0.10609 0.49877 0.25755 0.65826 -0.59982 0.37494
1413393899105760512 2.41549 0.09699 0.51595 0.28048 0.67181 -0.58801 0.35248
1413393899205760512 2.43133 0.05069 0.55070 0.33909 0.65843 -0.55359 0.38082
1413393899305760256 2.45542 -0.00960 0.59500 0.39929 0.61962 -0.51176 0.44129
1413393899405760512 2.48508 -0.06270 0.63806 0.43830 0.57634 -0.47617 0.49899
1413393899505760512 2.51310 -0.09206 0.68037 0.45475 0.53862 -0.45225 0.54640
1413393899605760512 2.53568 -0.08510 0.71976 0.45342 0.51043 -0.43948 0.58372
1413393899705760512 2.54580 -0.03775 0.74805 0.42561 0.51264 -0.45137 0.59357
1413393899805760256 2.54183 0.03970 0.76262 0.37504 0.54596 -0.48792 0.56851
1413393899905760512 2.52038 0.13837 0.76860 0.31289 0.58680 -0.53230 0.52386
1413393900005760512 2.47925 0.24382 0.76790 0.25563 0.62406 -0.57293 0.46579
1413393900105760512 2.42055 0.33432 0.76782 0.22914 0.64422 -0.59602 0.42099
1413393900205760512 2.34803 0.39454 0.76535 0.23245 0.66054 -0.60079 0.38563
1413393900305760256 2.26787 0.41925 0.75917 0.26066 0.67576 -0.58788 0.36029
1413393900405760512 2.19571 0.41385 0.75474 0.30741 0.67728 -0.56302 0.36027
1413393900505760512 2.13134 0.37932 0.74684 0.35695 0.66207 -0.53345 0.38689
1413393900605760512 2.07799 0.33693 0.73170 0.40405 0.63140 -0.50122 0.43226
1413393900705760512 2.03219 0.30030 0.70630 0.43956 0.59331 -0.47190 0.48174
1413393900805760256 1.99049 0.28433 0.67081 0.45185 0.56435 -0.45736 0.51784
1413393900905760512 1.94850 0.29662 0.63417 0.43615 0.55609 -0.46669 0.53174
1413393901005760512 1.90155 0.33728 0.59573 0.39692 0.56968 -0.49621 0.52124
1413393901105760512 1.84624 0.39737 0.56059 0.35699 0.59494 -0.52625 0.49160
1413393901205760512 1.78259 0.46259 0.53027 0.33009 0.63074 -0.54685 0.44063
1413393901305760256 1.71656 0.51644 0.50830 0.31869 0.65770 -0.55499 0.39731
1413393901405760512 1.65483 0.55105 0.49457 0.31327 0.67209 -0.55877 0.37139
1413393901505760512 1.60272 0.56225 0.48355 0.31096 0.68086 -0.56095 0.35364
1413393901605760512 1.55830 0.54688 0.47823 0.31775 0.68694 -0.55600 0.34353
1413393901705760512 1.52790 0.50375 0.48084 0.34792 0.68317 -0.53473 0.35538
1413393901805760256 1.51564 0.43816 0.48905 0.37984 0.66675 -0.51182 0.38628
1413393901905760512 1.51723 0.36863 0.49497 0.39028 0.64959 -0.50558 0.41243
1413393902005760512 1.53112 0.30180 0.50118 0.38833 0.64278 -0.50902 0.42064
1413393902105760512 1.55240 0.23293 0.50820 0.38556 0.64137 -0.51235 0.42129
1413393902205760512 1.57698 0.16183 0.51793 0.38681 0.64142 -0.51170 0.42085
1413393902305760256 1.61172 0.09228 0.52593 0.38824 0.64124 -0.51135 0.42024
1413393902405760512 1.65011 0.01668 0.53023 0.39059 0.64042 -0.50989 0.42108
1413393902505760512 1.69716 -0.05355 0.52787 0.39534 0.63732 -0.50641 0.42554
1413393902605760512 1.74998 -0.12406 0.52813 0.39532 0.63658 -0.50638 0.42670
1413393902705760512 1.81261 -0.19180 0.53940 0.39417 0.63712 -0.50792 0.42513
1413393902805760256 1.88638 -0.25755 0.56226 0.38581 0.63629 -0.51464 0.42595
1413393902905760512 1.96473 -0.32543 0.59074 0.36293 0.63321 -0.53167 0.42971
1413393903005760512 2.04320 -0.39393 0.62304 0.33892 0.63083 -0.54928 0.43066
1413393903105760512 2.12183 -0.47254 0.65702 0.33124 0.62764 -0.55583 0.43290
1413393903205760512 2.19489 -0.55879 0.69246 0.34387 0.62441 -0.54822 0.43740
1413393903305760256 2.26260 -0.65032 0.72483 0.36002 0.61948 -0.54249 0.43855
1413393903405760512 2.32511 -0.74410 0.74952 0.37521 0.60963 -0.54783 0.43296
1413393903505760512 2.38412 -0.83779 0.75674 0.38709 0.58984 -0.56507 0.42772
1413393903605760512 2.43941 -0.92880 0.74604 -0.40023 -0.56194 0.58379 -0.42805
1413393903705760512 2.48869 -1.01413 0.73328 -0.41346 -0.53166 0.59982 -0.43198
1413393903805760256 2.53283 -1.09669 0.72250 -0.42071 -0.50779 0.61601 -0.43091
1413393903905760512 2.56798 -1.17075 0.71473 -0.41618 -0.49025 0.63395 -0.42961
1413393904005760512 2.59215 -1.23760 0.71294 -0.41299 -0.47727 0.64613 -0.42915
1413393904105760512 2.60216 -1.29717 0.71027 -0.41511 -0.47345 0.65104 -0.42387
1413393904205760512 2.60193 -1.35401 0.70006 -0.41989 -0.47900 0.65175 -0.41168
1413393904305760256 2.59051 -1.40404 0.69296 -0.42514 -0.48512 0.65019 -0.40145
1413393904405760512 2.56849 -1.45247 0.70270 -0.42909 -0.48613 0.64900 -0.39794
1413393904505760512 2.53384 -1.49589 0.73081 -0.43406 -0.48247 0.65142 -0.39302
1413393904605760512 2.49063 -1.53833 0.76789 -0.44477 -0.48277 0.65609 -0.37237
1413393904705760512 2.44168 -1.57735 0.79624 -0.45014 -0.48978 0.66865 -0.33226
1413393904805760256 2.39269 -1.61891 0.81497 -0.45319 -0.48781 0.68461 -0.29660
1413393904905760512 2.34536 -1.66832 0.82807 -0.46345 -0.47514 0.69625 -0.27329
1413393905005760512 2.30024 -1.72920 0.83626 -0.48913 -0.45013 0.69834 -0.26543
1413393905105760512 2.25944 -1.79850 0.83400 0.51395 0.42188 -0.70025 0.25987
1413393905205760512 2.22485 -1.87051 0.81647 0.52974 0.39177 -0.70791 0.25447
1413393905305760256 2.19676 -1.94310 0.78882 0.53876 0.36033 -0.71947 0.24953
1413393905405760512 2.17342 -2.01499 0.76326 0.54392 0.33147 -0.73208 0.24153
1413393905505760512 2.15402 -2.08675 0.74163 0.54839 0.30394 -0.74419 0.23036
1413393905605760512 2.13795 -2.15395 0.72192 0.54608 0.27221 -0.76027 0.22293
1413393905705760512 2.12182 -2.21533 0.70484 0.54501 0.23865 -0.77394 0.21685
1413393905805760256 2.10298 -2.26895 0.69263 0.54536 0.20368 -0.78477 0.21266
1413393905905760512 2.07860 -2.31342 0.68299 0.53400 0.17226 -0.80136 0.20734
1413393906005760512 2.04457 -2.34791 0.67725 0.52221 0.14846 -0.81714 0.19372
1413393906105760512 1.99617 -2.37292 0.67885 0.52509 0.14131 -0.82375 0.16045
1413393906205760512 1.93848 -2.39078 0.68103 0.54349 0.13908 -0.81834 0.12486
1413393906305760256 1.87503 -2.40575 0.67638 0.56748 0.13501 -0.80644 0.09689
1413393906405760512 1.80907 -2.42269 0.66020 0.58127 0.12723 -0.79982 0.07891
1413393906505760512 1.74843 -2.44143 0.63138 0.58982 0.11506 -0.79632 0.06884
1413393906605760512 1.69893 -2.46319 0.58538 0.59406 0.09587 -0.79581 0.06774
1413393906705760512 1.65196 -2.48189 0.53338 0.59450 0.07001 -0.79725 0.07790
1413393906805760256 1.61055 -2.49709 0.48290 0.59550 0.04680 -0.79657 0.09314
1413393906905760512 1.57261 -2.50447 0.43660 0.60064 0.03659 -0.79292 0.09574
1413393907005760512 1.53709 -2.50277 0.39272 0.60597 0.03448 -0.78936 0.09231
1413393907105760512 1.50790 -2.49201 0.34953 0.60618 0.04631 -0.79060 0.07312
1413393907205760512 1.48495 -2.47569 0.30729 0.60352 0.05878 -0.79337 0.05354
1413393907305760256 1.46792 -2.45891 0.26825 0.60131 0.07910 -0.79476 0.02312
1413393907405760512 1.46107 -2.44964 0.23533 0.59863 0.09377 -0.79552 -0.00154
1413393907505760512 1.45745 -2.45248 0.21115 0.59381 0.08586 -0.79996 0.00872
1413393907605760512 1.45724 -2.46574 0.20643 0.59335 0.06848 -0.80133 0.03332
1413393907705760512 1.45974 -2.48193 0.20423 0.58904 0.05839 -0.80461 0.04708
1413393907805760256 1.46343 -2.49774 0.18923 0.58792 0.05384 -0.80537 0.05317
1413393907905760512 1.47030 -2.51107 0.15274 0.59280 0.05043 -0.80175 0.05695
1413393908005760512 1.47931 -2.52226 0.09928 0.59860 0.05279 -0.79766 0.05127
1413393908105760512 1.49365 -2.53218 0.04673 0.59912 0.05675 -0.79748 0.04312
1413393908205760512 1.51413 -2.54166 0.00277 0.59203 0.05885 -0.80289 0.03740
1413393908305760256 1.54225 -2.55122 -0.02819 0.59448 0.05887 -0.80115 0.03587
1413393908405760512 1.57251 -2.56257 -0.05052 0.60399 0.05645 -0.79411 0.03734
1413393908505760512 1.60389 -2.57549 -0.07373 0.60083 0.05370 -0.79663 0.03863
1413393908605760512 1.63955 -2.58892 -0.09567 0.59371 0.05060 -0.80210 0.03986
1413393908705760512 1.67810 -2.60160 -0.11609 0.58548 0.03530 -0.80784 0.05792
1413393908805760256 1.71539 -2.60893 -0.12684 0.58695 0.01318 -0.80496 0.08575
1413393908905760512 1.75139 -2.60191 -0.11917 0.60092 0.01116 -0.79471 0.08488
1413393909005760512 1.78957 -2.58319 -0.10224 0.60183 0.02830 -0.79606 0.05738
1413393909105760512 1.83281 -2.56037 -0.07949 0.59688 0.04162 -0.80056 0.03325
1413393909205760512 1.87931 -2.53859 -0.05403 0.59388 0.04644 -0.80297 0.01985
1413393909305760256 1.92974 -2.52047 -0.03500 0.59584 0.04671 -0.80164 0.01295
1413393909405760512 1.98455 -2.50561 -0.02612 0.59611 0.04557 -0.80157 0.00772
1413393909505760512 2.04017 -2.49379 -0.02895 0.59491 0.04285 -0.80263 0.00653
1413393909605760512 2.10227 -2.48632 -0.04324 0.58679 0.04026 -0.80872 0.00504
1413393909705760512 2.16168 -2.48277 -0.07003 0.56926 0.03720 -0.82132 0.00163
1413393909805760256 2.21887 -2.48369 -0.10366 0.55177 0.03285 -0.83335 -0.00211
1413393909905760512 2.26946 -2.48918 -0.14508 0.53822 0.02833 -0.84230 -0.00612
1413393910005760512 2.31199 -2.49979 -0.19357 0.52872 0.02407 -0.84840 -0.00991
1413393910105760512 2.34015 -2.51759 -0.23831 0.52044 0.01869 -0.85362 -0.01119
1413393910205760512 2.34457 -2.54223 -0.26698 0.51385 0.01215 -0.85773 -0.01037
1413393910305760256 2.32329 -2.57105 -0.27653 0.50780 0.00781 -0.86138 -0.01056
1413393910405760512 2.27010 -2.60154 -0.26850 -0.49407 0.00223 0.86942 0.00186
1413393910505760512 2.20341 -2.63155 -0.25298 -0.48520 0.01329 0.87421 -0.01270
1413393910605760512 2.11857 -2.65686 -0.24352 -0.48513 0.01539 0.87403 -0.02196
1413393910705760512 2.01892 -2.67883 -0.24321 -0.49758 0.01296 0.86682 -0.02945
1413393910805760256 1.90379 -2.69647 -0.25332 0.51353 -0.00688 -0.85732 0.03512
1413393910905760512 1.77464 -2.71126 -0.27184 0.52872 0.00476 -0.84796 0.03744
1413393911005760512 1.63524 -2.72219 -0.29701 0.55086 0.01884 -0.83346 0.03930
1413393911105760512 1.49176 -2.73146 -0.32962 0.56687 0.03173 -0.82197 0.04489
1413393911205760512 1.34789 -2.73887 -0.36318 0.57508 0.04275 -0.81547 0.04964
1413393911305760256 1.20526 -2.74412 -0.39758 0.58031 0.05038 -0.81119 0.05171
1413393911405760512 1.06481 -2.74808 -0.42716 0.59660 0.05608 -0.79910 0.04854
1413393911505760512 0.93319 -2.75178 -0.45158 0.61152 0.05971 -0.78778 0.04335
1413393911605760512 0.81366 -2.75599 -0.46758 0.61826 0.06040 -0.78276 0.03731
1413393911705760512 0.70882 -2.76205 -0.46612 0.62535 0.05908 -0.77742 0.03259
1413393911805760256 0.62444 -2.77017 -0.45212 0.61185 0.05600 -0.78848 0.02830
1413393911905760512 0.55209 -2.78183 -0.42553 0.58930 0.04758 -0.80588 0.03190
1413393912005760512 0.47866 -2.79639 -0.38746 0.55676 0.02952 -0.82870 0.04904
1413393912105760512 0.38874 -2.80860 -0.33481 0.52496 0.01657 -0.84895 0.05856
1413393912205760512 0.28694 -2.81564 -0.27397 0.50417 0.00852 -0.86144 0.06042
1413393912305760256 0.16938 -2.81702 -0.21048 -0.49547 -0.00422 0.86667 -0.05815
1413393912405760512 0.03436 -2.81208 -0.14337 0.50464 0.00131 -0.86154 0.05558
1413393912505760512 -0.11699 -2.80083 -0.07302 0.53206 0.00082 -0.84509 0.05225
1413393912605760512 -0.27860 -2.78432 -0.01170 0.55398 0.00164 -0.83095 0.05112
1413393912705760512 -0.44188 -2.76334 0.03561 0.57089 0.00707 -0.81965 0.04702
1413393912805760256 -0.60622 -2.73858 0.07045 0.58512 0.01262 -0.80984 0.04040
1413393912905760512 -0.76674 -2.70916 0.09290 0.59335 0.01143 -0.80431 0.02980
1413393913005760512 -0.92044 -2.67688 0.10260 0.59535 -0.00248 -0.80316 0.02212
1413393913105760512 -1.06721 -2.64142 0.10405 0.59767 -0.02783 -0.80103 0.01933
1413393913205760512 -1.20692 -2.60057 0.09910 0.60563 -0.05968 -0.79336 0.01518
1413393913305760256 -1.33678 -2.55263 0.08621 0.60788 -0.09479 -0.78832 0.00763
1413393913405760512 -1.45637 -2.49553 0.06695 0.60393 -0.13035 -0.78629 -0.00516
1413393913505760512 -1.56756 -2.42633 0.05122 0.60487 -0.16806 -0.77811 -0.02071
1413393913605760512 -1.66677 -2.34351 0.04437 0.61042 -0.20098 -0.76470 -0.04724
1413393913705760512 -1.75032 -2.24913 0.04596 0.61609 -0.22968 -0.74920 -0.07982
1413393913805760256 -1.81984 -2.14434 0.05682 0.61843 -0.25856 -0.73385 -0.11026
1413393913905760512 -1.87030 -2.03515 0.07033 0.61566 -0.28781 -0.72075 -0.13657
1413393914005760512 -1.90083 -1.92367 0.08650 0.60925 -0.31127 -0.70930 -0.16976
1413393914105760512 -1.91090 -1.81283 0.10363 0.60033 -0.32976 -0.69746 -0.21074
1413393914205760512 -1.89836 -1.70952 0.12052 0.57267 -0.35037 -0.69776 -0.24984
1413393914305760256 -1.87255 -1.61636 0.14045 0.54272 -0.37696 -0.69755 -0.27708
1413393914405760512 -1.83981 -1.53201 0.16321 0.51947 -0.40496 -0.69098 -0.29784
1413393914505760512 -1.80454 -1.45452 0.18805 0.50280 -0.43648 -0.67942 -0.30833
1413393914605760512 -1.76736 -1.38154 0.21646 -0.49557 0.46478 0.66142 0.31766
1413393914705760512 -1.73254 -1.30640 0.24545 -0.48833 0.49119 0.64341 0.32602
1413393914805760256 -1.69306 -1.23399 0.27513 -0.48025 0.51959 0.62504 0.32971
1413393914905760512 -1.64791 -1.16101 0.30508 -0.46537 0.54195 0.61292 0.33772
1413393915005760512 -1.59861 -1.08466 0.33592 -0.44197 0.55272 0.61365 0.35014
1413393915105760512 -1.54759 -1.00370 0.36695 -0.42409 0.55869 0.61605 0.35847
1413393915205760512 -1.49734 -0.91744 0.39742 -0.41278 0.56226 0.61800 0.36270
1413393915305760256 -1.45260 -0.82300 0.41940 -0.40923 0.56152 0.61882 0.36646
1413393915405760512 -1.41175 -0.72416 0.43278 -0.41332 0.54707 0.62365 0.37544
1413393915505760512 -1.37788 -0.62240 0.44310 -0.41913 0.52198 0.63213 0.39023
1413393915605760512 -1.35244 -0.52137 0.45289 -0.42837 0.50650 0.63665 0.39323
1413393915705760512 -1.33577 -0.42406 0.46173 -0.43707 0.49936 0.63901 0.38894
1413393915805760256 -1.32611 -0.33014 0.47106 -0.44043 0.49091 0.64322 0.38898
1413393915905760512 -1.32398 -0.24092 0.47994 -0.43955 0.48511 0.64879 0.38800
1413393916005760512 -1.33012 -0.15691 0.49085 -0.44059 0.47856 0.65133 0.39067
1413393916105760512 -1.34495 -0.07837 0.50426 -0.44122 0.47188 0.65286 0.39551
1413393916205760512 -1.37011 -0.00608 0.51918 -0.44255 0.46818 0.65098 0.40147
1413393916305760256 -1.40273 0.06088 0.53419 -0.44947 0.48042 0.63917 0.39830
1413393916405760512 -1.44070 0.12358 0.55101 -0.44792 0.50202 0.62565 0.39484
1413393916505760512 -1.48134 0.17946 0.57138 -0.43914 0.52634 0.60958 0.39815
1413393916605760512 -1.52200 0.22636 0.59240 -0.42169 0.55331 0.59156 0.40752
1413393916705760512 -1.56355 0.26812 0.61448 -0.39805 0.58509 0.57094 0.41623
1413393916805760256 -1.60579 0.30695 0.63455 -0.37608 0.61450 0.54488 0.42903
1413393916905760512 -1.64799 0.34847 0.65492 -0.35906 0.63918 0.51226 0.44734
1413393917005760512 -1.69109 0.39243 0.67764 -0.35082 0.66453 0.47131 0.46172
1413393917105760512 -1.73206 0.43556 0.70261 -0.34395 0.68795 0.42775 0.47481
1413393917205760512 -1.76811 0.47529 0.72977 -0.33009 0.70830 0.38778 0.48885
1413393917305760256 -1.79934 0.51035 0.75651 -0.31014 0.73108 0.35306 0.49466
1413393917405760512 -1.82359 0.53943 0.77987 -0.28567 0.75401 0.31898 0.49811
1413393917505760512 -1.83823 0.56289 0.79479 -0.25772 0.77478 0.28298 0.50321
1413393917605760512 -1.84386 0.58017 0.79972 -0.22626 0.79398 0.24535 0.50814
1413393917705760512 -1.83860 0.59260 0.79659 -0.18687 0.80756 0.21069 0.51820
1413393917805760256 -1.82591 0.60079 0.78825 -0.14964 0.81085 0.17355 0.53852
1413393917905760512 -1.80848 0.60643 0.78122 -0.12201 0.81126 0.12946 0.55697
1413393918005760512 -1.78859 0.60946 0.77498 -0.09918 0.81484 0.08376 0.56497
1413393918105760512 -1.76627 0.60712 0.77021 -0.07788 0.81802 0.03882 0.56857
1413393918205760512 -1.74015 0.59984 0.76533 -0.05812 0.82213 -0.00544 0.56630
1413393918305760256 -1.70959 0.58498 0.76219 -0.03538 0.82405 -0.04667 0.56349
1413393918405760512 -1.67522 0.55902 0.76123 -0.01134 0.82326 -0.08711 0.56083
1413393918505760512 -1.63891 0.52319 0.76275 0.01566 0.82059 -0.12788 0.55681
1413393918605760512 -1.59999 0.47517 0.76737 0.04410 0.81343 -0.17092 0.55423
1413393918705760512 -1.56158 0.41472 0.77471 0.07703 0.79808 -0.21449 0.55779
1413393918805760256 -1.52640 0.34321 0.78195 0.10480 0.77811 -0.26597 0.55930
1413393918905760512 -1.49461 0.26084 0.78963 0.13742 0.74845 -0.31827 0.56536
1413393919005760512 -1.47455 0.17009 0.79823 0.18535 0.71735 -0.36088 0.56641
1413393919105760512 -1.46748 0.07555 0.80782 0.23419 0.68675 -0.40087 0.55931
1413393919205760512 -1.47036 -0.01860 0.81684 0.27525 0.65407 -0.44090 0.54958
1413393919305760256 -1.48728 -0.10706 0.82656 0.31409 0.61517 -0.47605 0.54433
1413393919405760512 -1.51632 -0.18530 0.83055 0.34471 0.57403 -0.50684 0.54294
1413393919505760512 -1.55768 -0.25264 0.82265 0.35851 0.54404 -0.53841 0.53441
1413393919605760512 -1.61210 -0.30752 0.80807 -0.36755 -0.52204 0.56709 -0.52038
1413393919705760512 -1.68340 -0.34994 0.78608 -0.38353 -0.50580 0.58334 -0.50674
1413393919805760256 -1.76902 -0.38124 0.76226 -0.41385 -0.49987 0.58045 -0.49187
1413393919905760512 -1.86494 -0.39846 0.72948 -0.44406 -0.50333 0.56959 -0.47438
1413393920005760512 -1.96322 -0.39703 0.68261 -0.45726 -0.51376 0.56481 -0.45602
1413393920105760512 -2.05994 -0.38106 0.62615 -0.45792 -0.52288 0.56460 -0.44512
1413393920205760512 -2.15484 -0.35369 0.56156 -0.45485 -0.53079 0.56478 -0.43863
1413393920305760256 -2.24689 -0.31549 0.49359 -0.45132 -0.53646 0.56443 -0.43583
1413393920405760512 -2.33610 -0.26669 0.42709 -0.44478 -0.54491 0.56649 -0.42935
1413393920505760512 -2.42202 -0.20917 0.36336 -0.43229 -0.55681 0.57278 -0.41835
1413393920605760512 -2.50471 -0.14937 0.30467 -0.42442 -0.56561 0.57524 -0.41116
1413393920705760512 -2.58327 -0.08807 0.24947 -0.42109 -0.57168 0.57452 -0.40718
1413393920805760256 -2.65684 -0.02715 0.19663 0.41955 0.57515 -0.57274 0.40639
1413393920905760512 -2.72604 0.03291 0.14474 0.41830 0.58124 -0.57171 0.40042
1413393921005760512 -2.78869 0.09247 0.09318 0.41058 0.59055 -0.57599 0.38847
1413393921105760512 -2.84405 0.14645 0.04250 0.39950 0.60160 -0.58224 0.37345
1413393921205760512 -2.89288 0.19098 -0.00333 0.39437 0.60832 -0.58512 0.36338
1413393921305760256 -2.93328 0.22353 -0.04442 0.39238 0.61120 -0.58625 0.35885
1413393921405760512 -2.96619 0.24356 -0.08114 0.39033 0.60964 -0.58756 0.36160
1413393921505760512 -2.99222 0.24964 -0.11065 0.39831 0.60095 -0.58255 0.37530
1413393921605760512 -3.01185 0.24615 -0.13688 0.41085 0.59033 -0.57473 0.39039
1413393921705760512 -3.02718 0.23808 -0.16897 0.41713 0.58414 -0.57120 0.39814
1413393921805760256 -3.03814 0.23025 -0.21331 0.42207 0.57965 -0.56891 0.40276
1413393921905760512 -3.04525 0.22162 -0.26500 0.43052 0.57264 -0.56403 0.41062
1413393922005760512 -3.04805 0.21560 -0.31861 0.43974 0.56513 -0.55831 0.41898
1413393922105760512 -3.04702 0.21502 -0.37477 0.43632 0.56737 -0.56275 0.41357
1413393922205760512 -3.04189 0.21800 -0.43308 0.42149 0.57762 -0.57562 0.39669
1413393922305760256 -3.03296 0.22081 -0.49215 -0.40291 -0.58869 0.59080 -0.37691
1413393922405760512 -3.02039 0.21501 -0.54821 -0.38656 -0.59644 0.60348 -0.36144
1413393922505760512 -3.00514 0.19534 -0.59815 -0.37370 -0.59111 0.61421 -0.36562
1413393922605760512 -2.98969 0.15935 -0.64070 -0.37160 -0.57468 0.61800 -0.38696
1413393922705760512 -2.97891 0.11201 -0.67954 -0.37275 -0.56150 0.61807 -0.40468
1413393922805760256 -2.97571 0.05545 -0.71616 -0.37329 -0.55869 0.61681 -0.40996
1413393922905760512 -2.98026 -0.00934 -0.75010 -0.37402 -0.56758 0.61592 -0.39824
1413393923005760512 -2.99065 -0.08095 -0.77147 -0.37950 -0.58188 0.61222 -0.37760
1413393923105760512 -3.00217 -0.16336 -0.77771 -0.38568 -0.59193 0.60871 -0.36103
1413393923205760512 -3.01103 -0.26110 -0.77136 -0.38848 -0.59640 0.60774 -0.35220
1413393923305760256 -3.01651 -0.37229 -0.75744 -0.39017 -0.59146 0.60810 -0.35797
1413393923405760512 -3.01841 -0.49697 -0.74237 -0.37961 -0.57670 0.61282 -0.38440
1413393923505760512 -3.02142 -0.63173 -0.72673 -0.36514 -0.56867 0.60781 -0.41695
1413393923605760512 -3.03090 -0.77129 -0.70929 -0.35207 -0.57521 0.58861 -0.44577
1413393923705760512 -3.04982 -0.91439 -0.69163 0.34548 0.60176 -0.55481 0.45904
1413393923805760256 -3.07510 -1.05673 -0.67539 0.33408 0.63918 -0.51700 0.46102
1413393923905760512 -3.10348 -1.19926 -0.66030 0.31724 0.67182 -0.48006 0.46643
1413393924005760512 -3.13302 -1.34078 -0.64565 0.29498 0.69912 -0.44699 0.47373
1413393924105760512 -3.16065 -1.48501 -0.63099 0.27650 0.72386 -0.41451 0.47725
1413393924205760512 -3.18308 -1.63189 -0.61427 0.27495 0.74738 -0.37252 0.47650
1413393924305760256 -3.19622 -1.77778 -0.59596 0.28407 0.76622 -0.32486 0.47610
1413393924405760512 -3.19557 -1.91757 -0.57708 0.29542 0.78002 -0.28392 0.47296
1413393924505760512 -3.17705 -2.04681 -0.55516 0.30910 0.78845 -0.25171 0.46845
1413393924605760512 -3.13659 -2.15640 -0.52800 0.32176 0.78912 -0.22752 0.47116
1413393924705760512 -3.07135 -2.24093 -0.49371 0.33733 0.78258 -0.20751 0.48033
1413393924805760256 -2.98100 -2.29655 -0.44561 0.34816 0.77447 -0.19940 0.48911
1413393924905760512 -2.86607 -2.32142 -0.38264 0.33179 0.77054 -0.22027 0.49766
1413393925005760512 -2.72817 -2.31853 -0.30274 0.29043 0.77037 -0.25738 0.50590
1413393925105760512 -2.57559 -2.29517 -0.20915 0.25084 0.77059 -0.28310 0.51296
1413393925205760512 -2.41361 -2.26447 -0.10667 0.20536 0.77426 -0.29996 0.51805
1413393925305760256 -2.24841 -2.23427 -0.00123 0.16183 0.78161 -0.30354 0.52035
1413393925405760512 -2.08153 -2.21482 0.10549 0.14413 0.78919 -0.28921 0.52227
1413393925505760512 -1.91663 -2.20538 0.21399 0.14169 0.79099 -0.27130 0.52976
1413393925605760512 -1.75089 -2.20760 0.31822 0.13862 0.79132 -0.25920 0.53611
1413393925705760512 -1.58349 -2.21821 0.40643 0.13746 0.79197 -0.25005 0.53978
1413393925805760256 -1.41517 -2.23577 0.46500 0.13944 0.79106 -0.24261 0.54399
1413393925905760512 -1.24764 -2.25720 0.49512 0.14351 0.78736 -0.23658 0.55090
1413393926005760512 -1.08211 -2.27978 0.50458 0.14802 0.77823 -0.23197 0.56448
1413393926105760512 -0.92145 -2.30275 0.49908 0.14943 0.76436 -0.23045 0.58337
1413393926205760512 -0.77078 -2.32456 0.49221 0.14722 0.75725 -0.23231 0.59239
1413393926305760256 -0.63257 -2.34642 0.48420 0.14327 0.75823 -0.23675 0.59035
1413393926405760512 -0.50955 -2.37088 0.47359 0.13871 0.76587 -0.23926 0.58049
1413393926505760512 -0.39432 -2.39666 0.46996 0.13657 0.76753 -0.23298 0.58136
1413393926605760512 -0.28523 -2.42157 0.45684 0.13693 0.76571 -0.21859 0.58920
1413393926705760512 -0.18364 -2.44557 0.43331 0.13388 0.76781 -0.20013 0.59371
1413393926805760256 -0.09124 -2.46657 0.41886 0.12344 0.77360 -0.18195 0.59430
1413393926905760512 -0.00688 -2.48465 0.41979 0.10821 0.78382 -0.16295 0.58937
1413393927005760512 0.07145 -2.50064 0.43623 0.08982 0.79735 -0.14691 0.57843
1413393927105760512 0.14613 -2.51823 0.46623 0.06924 0.80948 -0.13931 0.56616
1413393927205760512 0.21917 -2.54108 0.50262 0.04759 0.81493 -0.13809 0.56085
1413393927305760256 0.29271 -2.57162 0.53915 0.03027 0.82266 -0.13755 0.55081
1413393927405760512 0.36901 -2.61226 0.57816 0.02954 0.83205 -0.12295 0.54010
1413393927505760512 0.45460 -2.66144 0.62218 0.04693 0.83323 -0.09475 0.54272
1413393927605760512 0.54774 -2.71231 0.66914 0.06550 0.83139 -0.06480 0.54800
1413393927705760512 0.64126 -2.75670 0.72002 0.07960 0.82508 -0.03248 0.55844
1413393927805760256 0.74319 -2.79026 0.77439 0.09449 0.81454 -0.00268 0.57236
1413393927905760512 0.84610 -2.80692 0.83198 0.09840 0.80581 0.01270 0.58380
1413393928005760512 0.94551 -2.80506 0.88933 0.09850 0.80066 0.01920 0.59065
1413393928105760512 1.04254 -2.78598 0.93847 0.10087 0.79717 0.02330 0.59481
1413393928205760512 1.13636 -2.74897 0.97950 0.10163 0.79559 0.02373 0.59679
1413393928305760256 1.22768 -2.69445 1.01090 0.08718 0.80036 0.01150 0.59304
1413393928405760512 1.31393 -2.62466 1.03524 0.05730 0.80042 -0.01138 0.59659
1413393928505760512 1.39527 -2.54811 1.04882 0.03311 0.79739 -0.03094 0.60176
1413393928605760512 1.47035 -2.46992 1.05601 0.02057 0.78769 -0.04267 0.61425
1413393928705760512 1.53394 -2.39259 1.06180 0.01773 0.78024 -0.04816 0.62337
1413393928805760256 1.58433 -2.31682 1.06822 0.02701 0.77937 -0.04690 0.62422
1413393928905760512 1.62149 -2.24187 1.07758 0.04471 0.77986 -0.04171 0.62296
1413393929005760512 1.64883 -2.16597 1.08859 0.06764 0.78066 -0.04177 0.61988
1413393929105760512 1.66682 -2.08499 1.10274 0.08728 0.78188 -0.05376 0.61495
1413393929205760512 1.67427 -1.99694 1.11896 0.10621 0.78278 -0.07234 0.60888
1413393929305760256 1.67464 -1.90205 1.13679 0.11987 0.78510 -0.10165 0.59910
1413393929405760512 1.66993 -1.79987 1.15650 0.12955 0.78541 -0.13908 0.58907
1413393929505760512 1.66164 -1.69248 1.17926 0.14446 0.78318 -0.17557 0.57874
1413393929605760512 1.64771 -1.58278 1.20428 0.16385 0.77915 -0.21032 0.56731
1413393929705760512 1.63249 -1.47189 1.23158 0.18608 0.77229 -0.24291 0.55671
1413393929805760256 1.61765 -1.36077 1.26048 0.20235 0.76228 -0.27831 0.54820
1413393929905760512 1.60265 -1.25090 1.28983 0.20617 0.74698 -0.32025 0.54493
1413393930005760512 1.58587 -1.14490 1.31941 0.20769 0.73000 -0.35990 0.54262
1413393930105760512 1.56461 -1.04537 1.34323 0.21272 0.71478 -0.39281 0.53809
1413393930205760512 1.53820 -0.95288 1.35903 0.22126 0.70338 -0.41345 0.53419
1413393930305760256 1.50620 -0.86809 1.36529 0.23372 0.69907 -0.42109 0.52854
1413393930405760512 1.46927 -0.78974 1.36163 0.25756 0.70440 -0.41314 0.51652
1413393930505760512 1.43062 -0.71531 1.34298 0.27620 0.71076 -0.40344 0.50574
1413393930605760512 1.39281 -0.64323 1.30235 0.27884 0.71003 -0.40107 0.50720
1413393930705760512 1.35698 -0.57270 1.23956 0.27310 0.70452 -0.40229 0.51694
1413393930805760256 1.32037 -0.50456 1.16870 0.26805 0.69892 -0.40140 0.52776
1413393930905760512 1.28065 -0.44015 1.10175 0.26467 0.69789 -0.39916 0.53252
1413393931005760512 1.23643 -0.37710 1.05004 0.26186 0.70176 -0.39578 0.53134
1413393931105760512 1.18813 -0.31667 1.01634 0.25926 0.70496 -0.39357 0.53001
1413393931205760512 1.13616 -0.25652 0.99658 0.25462 0.70924 -0.39424 0.52605
1413393931305760256 1.08258 -0.19714 0.98180 0.24667 0.71241 -0.39661 0.52375
1413393931405760512 1.02579 -0.14010 0.95790 0.23647 0.71345 -0.40090 0.52378
1413393931505760512 0.96640 -0.09027 0.92379 0.22709 0.71242 -0.40534 0.52592
1413393931605760512 0.90241 -0.04763 0.88120 0.22098 0.71271 -0.40720 0.52669
1413393931705760512 0.83211 -0.01134 0.82881 0.21914 0.71279 -0.40632 0.52802
1413393931805760256 0.76030 0.01377 0.77119 0.21909 0.71393 -0.40401 0.52829
1413393931905760512 0.68405 0.02931 0.71114 0.21975 0.71550 -0.40178 0.52758
1413393932005760512 0.60333 0.03547 0.65614 0.22215 0.71706 -0.39865 0.52684
1413393932105760512 0.51443 0.03723 0.60671 0.22711 0.72134 -0.39363 0.52264
1413393932205760512 0.42560 0.02951 0.56195 0.23716 0.72733 -0.38599 0.51552
1413393932305760256 0.33757 0.01697 0.52139 0.24989 0.73327 -0.37668 0.50792
1413393932405760512 0.25298 0.00066 0.48388 0.25874 0.73705 -0.37111 0.50209
1413393932505760512 0.17397 -0.01848 0.44804 0.26484 0.73915 -0.36855 0.49768
1413393932605760512 0.10206 -0.03907 0.41519 0.27083 0.73768 -0.36628 0.49832
1413393932705760512 0.03455 -0.05825 0.38784 0.27542 0.73365 -0.36528 0.50246
1413393932805760256 -0.02598 -0.07648 0.36352 0.27904 0.72962 -0.36548 0.50618
1413393932905760512 -0.08105 -0.09307 0.34244 0.28498 0.72798 -0.36388 0.50638
1413393933005760512 -0.13015 -0.10726 0.32724 0.29395 0.71849 -0.35854 0.51847
1413393933105760512 -0.17437 -0.11435 0.31519 0.30103 0.70805 -0.35093 0.53375
1413393933205760512 -0.21615 -0.11205 0.30530 0.30020 0.70096 -0.35018 0.54398
1413393933305760256 -0.25747 -0.10029 0.29980 0.28654 0.69522 -0.35880 0.55302
1413393933405760512 -0.30187 -0.07910 0.29880 0.26802 0.69060 -0.37095 0.56002
1413393933505760512 -0.35466 -0.05477 0.29912 0.24312 0.69192 -0.38789 0.55828
1413393933605760512 -0.41520 -0.03159 0.29664 0.22282 0.69617 -0.40220 0.55131
1413393933705760512 -0.48389 -0.01256 0.28973 0.22250 0.70283 -0.40389 0.54166
1413393933805760256 -0.55959 0.00085 0.27675 0.23908 0.71254 -0.39438 0.52876
1413393933905760512 -0.63614 0.01137 0.25385 0.25043 0.71910 -0.38721 0.51986
1413393934005760512 -0.71073 0.01945 0.23274 0.26567 0.71686 -0.37649 0.52324
1413393934105760512 -0.78409 0.02881 0.22458 0.28215 0.70959 -0.36386 0.53337
1413393934205760512 -0.85812 0.04443 0.22782 0.28931 0.70786 -0.35711 0.53638
1413393934305760256 -0.93150 0.06944 0.23325 0.28154 0.70956 -0.35990 0.53641
1413393934405760512 -1.00516 0.09804 0.22905 0.26349 0.71376 -0.37039 0.53285
1413393934505760512 -1.08005 0.12878 0.21107 0.24742 0.71645 -0.38018 0.53005
1413393934605760512 -1.15623 0.15831 0.18170 0.23387 0.71673 -0.38853 0.52977
1413393934705760512 -1.23670 0.18449 0.14517 0.22116 0.71371 -0.39661 0.53329
1413393934805760256 -1.32182 0.20397 0.09892 0.19769 0.71278 -0.40507 0.53739
1413393934905760512 -1.41028 0.21463 0.04604 0.17314 0.72175 -0.40310 0.53536
1413393935005760512 -1.50140 0.21025 -0.01266 0.16641 0.74498 -0.37811 0.52378
1413393935105760512 -1.59071 0.19241 -0.07464 0.17431 0.77406 -0.33226 0.50995
1413393935205760512 -1.67517 0.16772 -0.12939 0.17055 0.79673 -0.28645 0.50406
1413393935305760256 -1.74672 0.13615 -0.16777 0.15446 0.81262 -0.24562 0.50544
1413393935405760512 -1.81068 0.10225 -0.19364 0.13396 0.82268 -0.20733 0.51211
1413393935505760512 -1.86219 0.06553 -0.20388 0.11914 0.82869 -0.16423 0.52165
1413393935605760512 -1.89533 0.02850 -0.19871 0.10792 0.83447 -0.12058 0.52676
1413393935705760512 -1.91454 -0.00592 -0.18957 0.10695 0.83896 -0.08080 0.52742
1413393935805760256 -1.91830 -0.03180 -0.17744 0.11446 0.83985 -0.04312 0.52886
1413393935905760512 -1.90853 -0.04322 -0.16433 0.11673 0.83792 -0.00895 0.53310
1413393936005760512 -1.88694 -0.03432 -0.15142 0.08084 0.83672 0.00136 0.54164
1413393936105760512 -1.85541 -0.00813 -0.13649 0.03331 0.83431 0.01091 0.55017
1413393936205760512 -1.81765 0.02858 -0.11917 -0.01901 0.83091 0.02420 0.55555
1413393936305760256 -1.77267 0.06653 -0.10024 -0.06720 0.82831 0.04523 0.55439
1413393936405760512 -1.72026 0.10098 -0.08141 -0.10742 0.82487 0.07465 0.54997
1413393936505760512 -1.66416 0.12975 -0.05954 -0.13420 0.81654 0.11361 0.54986
1413393936605760512 -1.60377 0.15172 -0.03419 -0.15291 0.80040 0.15547 0.55839
1413393936705760512 -1.54175 0.16894 -0.00677 -0.17220 0.77971 0.19076 0.57098
1413393936805760256 -1.48273 0.18140 0.02181 -0.19053 0.76237 0.22119 0.57756
1413393936905760512 -1.42924 0.18845 0.05277 -0.20700 0.74618 0.25206 0.58037
1413393937005760512 -1.38407 0.19076 0.08621 -0.22219 0.72906 0.28586 0.58085
1413393937105760512 -1.35079 0.18732 0.12200 -0.23788 0.71134 0.32066 0.57844
1413393937205760512 -1.33077 0.17875 0.15986 -0.25711 0.69443 0.35165 0.57272
1413393937305760256 -1.32395 0.16478 0.19999 -0.27669 0.67971 0.37897 0.56375
1413393937405760512 -1.33003 0.14480 0.24168 -0.29212 0.66935 0.40140 0.55273
1413393937505760512 -1.34351 0.11849 0.27685 -0.29792 0.67132 0.41960 0.53339
1413393937605760512 -1.36326 0.08706 0.29258 -0.30378 0.68068 0.42885 0.51037
1413393937705760512 -1.38522 0.05345 0.29088 -0.30886 0.69090 0.43263 0.49001
1413393937805760256 -1.40546 0.02109 0.28432 -0.30705 0.70166 0.43666 0.47193
1413393937905760512 -1.42223 -0.00683 0.28313 -0.30514 0.70681 0.43811 0.46407
1413393938005760512 -1.43582 -0.03006 0.28869 -0.30150 0.69984 0.44017 0.47495
1413393938105760512 -1.44842 -0.04754 0.29804 -0.29286 0.68690 0.44615 0.49330
1413393938205760512 -1.46591 -0.05835 0.31224 -0.28317 0.66469 0.45833 0.51763
1413393938305760256 -1.49596 -0.06628 0.32840 -0.28363 0.64540 0.46983 0.53129
1413393938405760512 -1.54184 -0.07276 0.34654 -0.30487 0.63705 0.47419 0.52571
1413393938505760512 -1.60133 -0.08084 0.36672 -0.33846 0.63517 0.47599 0.50541
1413393938605760512 -1.66889 -0.09245 0.38562 -0.36469 0.63023 0.48472 0.48463
1413393938705760512 -1.73862 -0.10789 0.39291 -0.38462 0.62467 0.49738 0.46311
1413393938805760256 -1.80782 -0.12939 0.38926 -0.40240 0.61284 0.51014 0.44973
1413393938905760512 -1.87636 -0.15801 0.38296 -0.41449 0.59433 0.52557 0.44581
1413393939005760512 -1.94391 -0.19336 0.37986 -0.42255 0.57842 0.54319 0.43799
1413393939105760512 -2.01081 -0.23540 0.38481 -0.43843 0.55702 0.55271 0.43821
1413393939205760512 -2.07616 -0.28682 0.39361 -0.45655 0.53515 0.55928 0.43861
1413393939305760256 -2.13923 -0.35010 0.39523 -0.44880 0.53598 0.58007 0.41813
1413393939405760512 -2.19935 -0.42148 0.38830 -0.42172 0.55544 0.60792 0.37957
1413393939505760512 -2.25772 -0.48981 0.37175 -0.39293 0.58464 0.62838 0.33007
1413393939605760512 -2.31266 -0.54297 0.34807 -0.37067 0.60952 0.63828 0.28929
1413393939705760512 -2.36188 -0.57042 0.32032 -0.35057 0.62274 0.64589 0.26856
1413393939805760256 -2.40550 -0.56311 0.29517 -0.34880 0.61414 0.64745 0.28631
1413393939905760512 -2.44599 -0.52286 0.27822 -0.39062 0.58739 0.62222 0.33944
1413393940005760512 -2.48331 -0.46944 0.26941 -0.44841 0.55059 0.58008 0.39912
1413393940105760512 -2.51823 -0.42490 0.26340 0.50019 -0.52003 -0.53645 -0.43771
1413393940205760512 -2.54557 -0.40370 0.25630 0.53418 -0.50166 -0.50628 -0.45460
1413393940305760256 -2.56530 -0.41437 0.24706 0.53742 -0.50405 -0.50422 -0.45042
1413393940405760512 -2.57445 -0.45469 0.23589 -0.49996 0.52965 0.53725 0.42530
1413393940505760512 -2.57656 -0.51756 0.22169 -0.44590 0.56850 0.57777 0.37970
1413393940605760512 -2.57172 -0.58088 0.21262 -0.40069 0.60753 0.60356 0.32569
1413393940705760512 -2.56028 -0.62706 0.21261 -0.37888 0.63435 0.60909 0.28821
1413393940805760256 -2.53409 -0.64169 0.22258 -0.38026 0.65113 0.59910 0.26929
1413393940905760512 -2.49158 -0.62067 0.24728 -0.39717 0.63515 0.58876 0.30364
1413393941005760512 -2.43880 -0.57759 0.27919 -0.42545 0.60216 0.57307 0.35774
1413393941105760512 -2.37788 -0.53168 0.31598 -0.46422 0.56434 0.54607 0.40966
1413393941205760512 -2.31236 -0.49670 0.35064 -0.49337 0.53394 0.52451 0.44315
1413393941305760256 -2.24488 -0.48185 0.37788 -0.49426 0.52764 0.52667 0.44713
1413393941405760512 -2.17384 -0.49016 0.39662 -0.46892 0.54568 0.55241 0.42093
1413393941505760512 -2.10033 -0.51008 0.41169 -0.43119 0.57093 0.58432 0.38300
1413393941605760512 -2.02486 -0.52978 0.42836 -0.39381 0.59260 0.61149 0.34615
1413393941705760512 -1.94859 -0.53581 0.44833 -0.36815 0.60568 0.62721 0.32283
1413393941805760256 -1.87200 -0.52084 0.46270 -0.34931 0.61452 0.63437 0.31291
1413393941905760512 -1.80295 -0.48373 0.46923 -0.35684 0.61047 0.62626 0.32831
1413393942005760512 -1.72798 -0.42154 0.47928 -0.38914 0.59244 0.60322 0.36567
1413393942105760512 -1.65411 -0.34822 0.49256 -0.43156 0.56383 0.57011 0.41332
1413393942205760512 -1.58215 -0.28113 0.50658 -0.46351 0.53716 0.54128 0.45126
1413393942305760256 -1.51172 -0.23137 0.51978 -0.47733 0.52164 0.52653 0.47203
1413393942405760512 -1.44335 -0.20908 0.53504 -0.47519 0.52055 0.52698 0.47488
1413393942505760512 -1.37810 -0.21200 0.54799 -0.45499 0.53528 0.54372 0.45916
1413393942605760512 -1.31844 -0.23024 0.55625 -0.42091 0.56087 0.57053 0.42749
1413393942705760512 -1.26415 -0.25706 0.55816 -0.38550 0.58614 0.59535 0.39164
1413393942805760256 -1.21592 -0.27702 0.55460 -0.35846 0.60261 0.61302 0.36411
1413393942905760512 -1.17251 -0.28360 0.54066 -0.34212 0.61082 0.62368 0.34767
1413393943005760512 -1.13090 -0.26844 0.52056 -0.33939 0.61191 0.62653 0.34328
1413393943105760512 -1.09136 -0.22936 0.50607 -0.36835 0.59326 0.61208 0.37110
1413393943205760512 -1.05566 -0.17703 0.49947 -0.41167 0.56455 0.58568 0.41084
1413393943305760256 -1.02345 -0.12598 0.49224 -0.44818 0.53791 0.55874 0.44452
1413393943405760512 -0.99389 -0.08959 0.48780 -0.47473 0.51873 0.53789 0.46500
1413393943505760512 -0.96687 -0.07261 0.48197 -0.47835 0.51582 0.53458 0.46834
1413393943605760512 -0.94128 -0.07889 0.47140 -0.45032 0.53564 0.55581 0.44876
1413393943705760512 -0.91936 -0.09827 0.45980 -0.41063 0.56360 0.58384 0.41579
1413393943805760256 -0.89984 -0.12117 0.45179 -0.37481 0.58892 0.60543 0.38228
1413393943905760512 -0.88182 -0.13325 0.45038 -0.35051 0.60725 0.61223 0.36546
1413393944005760512 -0.86594 -0.12250 0.45986 -0.34614 0.61556 0.60211 0.37247
1413393944105760512 -0.85120 -0.09604 0.47467 -0.36545 0.61763 0.57293 0.39589
1413393944205760512 -0.83905 -0.05839 0.49333 -0.39756 0.61921 0.53032 0.42105
1413393944305760256 -0.82383 -0.02129 0.51473 -0.42384 0.61367 0.48855 0.45287
1413393944405760512 -0.80435 0.00491 0.53421 -0.43421 0.60826 0.45712 0.48221
1413393944505760512 -0.78371 0.01657 0.55046 -0.42576 0.61126 0.44448 0.49751
1413393944605760512 -0.76185 0.00683 0.56305 -0.38903 0.62870 0.45870 0.49293
1413393944705760512 -0.74174 -0.01420 0.57314 -0.34836 0.65600 0.47912 0.46771
1413393944805760256 -0.72492 -0.03433 0.58498 -0.31525 0.68043 0.49493 0.43895
1413393944905760512 -0.70713 -0.04460 0.60203 -0.29413 0.69658 0.50370 0.41779
1413393945005760512 -0.68780 -0.03815 0.62552 -0.28712 0.70507 0.50202 0.41038
1413393945105760512 -0.66377 -0.01154 0.65765 -0.30107 0.69256 0.48447 0.44160
1413393945205760512 -0.63733 0.02268 0.68626 -0.32415 0.66859 0.45356 0.49214
1413393945305760256 -0.61358 0.05312 0.70217 -0.34205 0.64612 0.41854 0.53885
1413393945405760512 -0.59611 0.07248 0.69978 -0.34143 0.64221 0.39214 0.56323
1413393945505760512 -0.58860 0.07628 0.67931 -0.32791 0.66112 0.37463 0.56130
1413393945605760512 -0.59034 0.06374 0.64922 -0.30239 0.69266 0.36515 0.54354
1413393945705760512 -0.59798 0.04070 0.62094 -0.26991 0.72227 0.35869 0.52613
1413393945805760256 -0.60646 0.01490 0.59586 -0.23524 0.75184 0.35149 0.50582
1413393945905760512 -0.61345 -0.00640 0.57631 -0.20431 0.77571 0.34032 0.49062
1413393946005760512 -0.61313 -0.01578 0.56765 -0.19288 0.77683 0.31780 0.50826
1413393946105760512 -0.60805 -0.01633 0.56516 -0.19161 0.76030 0.28918 0.54919
1413393946205760512 -0.60681 -0.01331 0.56462 -0.19123 0.73866 0.25713 0.59304
1413393946305760256 -0.61634 -0.01289 0.56207 -0.18180 0.73154 0.22817 0.61623
1413393946405760512 -0.63677 -0.01840 0.55305 -0.17165 0.74815 0.19830 0.60949
1413393946505760512 -0.66783 -0.03200 0.54135 -0.15613 0.77504 0.16884 0.58859
1413393946605760512 -0.70331 -0.05211 0.53113 -0.12811 0.80560 0.14407 0.56022
1413393946705760512 -0.73579 -0.07507 0.52418 -0.08936 0.83409 0.12183 0.53053
1413393946805760256 -0.75723 -0.09475 0.52518 -0.05119 0.84941 0.09734 0.51614
1413393946905760512 -0.76430 -0.10601 0.53592 -0.02324 0.84645 0.06876 0.52749
1413393947005760512 -0.75847 -0.11141 0.55257 -0.00497 0.82062 0.03902 0.57012
1413393947105760512 -0.75416 -0.11462 0.55928 0.01185 0.78948 0.00962 0.61358
1413393947205760512 -0.75895 -0.11836 0.54905 0.02978 0.77407 -0.02061 0.63206
1413393947305760256 -0.76915 -0.10917 0.52259 0.04926 0.77092 -0.05100 0.63297
1413393947405760512 -0.79177 -0.09819 0.48605 0.06530 0.77041 -0.08485 0.62849
1413393947505760512 -0.82429 -0.08450 0.43776 0.06465 0.77647 -0.13101 0.61298
1413393947605760512 -0.86489 -0.07388 0.38895 0.06242 0.78074 -0.17829 0.59561
1413393947705760512 -0.91386 -0.07254 0.34330 0.06654 0.78987 -0.22047 0.56839
1413393947805760256 -0.96313 -0.08302 0.30469 0.09527 0.80173 -0.24526 0.53665
1413393947905760512 -1.00770 -0.10569 0.27626 0.13739 0.80455 -0.25793 0.51701
1413393948005760512 -1.04314 -0.13637 0.25688 0.18411 0.79409 -0.26086 0.51718
1413393948105760512 -1.06615 -0.16733 0.24289 0.22916 0.77800 -0.25742 0.52530
1413393948205760512 -1.08409 -0.19010 0.22995 0.25259 0.75929 -0.26562 0.53771
1413393948305760256 -1.09430 -0.20287 0.22122 0.26141 0.73712 -0.27966 0.55687
1413393948405760512 -1.10393 -0.20386 0.21535 0.26821 0.71280 -0.29294 0.57807
1413393948505760512 -1.11846 -0.19234 0.20999 0.27332 0.69753 -0.30729 0.58678
1413393948605760512 -1.13995 -0.16763 0.20191 0.26996 0.70262 -0.32889 0.57034
1413393948705760512 -1.16752 -0.13457 0.19227 0.26526 0.72213 -0.35366 0.53207
1413393948805760256 -1.19558 -0.09713 0.18404 0.26169 0.73740 -0.37884 0.49421
1413393948905760512 -1.21746 -0.06588 0.18126 0.25852 0.74098 -0.40534 0.46886
1413393949005760512 -1.23547 -0.04082 0.18621 0.26866 0.72790 -0.42573 0.46555
1413393949105760512 -1.24751 -0.02636 0.19758 0.29604 0.70441 -0.43532 0.47609
1413393949205760512 -1.25640 -0.01502 0.21442 0.32698 0.67705 -0.44122 0.48991
1413393949305760256 -1.26321 -0.00106 0.23236 0.35508 0.64956 -0.44654 0.50259
1413393949405760512 -1.27130 0.02333 0.25045 0.37887 0.62231 -0.45277 0.51399
1413393949505760512 -1.28004 0.05970 0.26558 0.38778 0.59888 -0.46641 0.52290
1413393949605760512 -1.29258 0.11011 0.27253 0.36817 0.59447 -0.49596 0.51486
1413393949705760512 -1.31299 0.17112 0.27745 0.34127 0.59481 -0.52434 0.50477
1413393949805760256 -1.34530 0.23561 0.28434 0.31578 0.58741 -0.55221 0.50031
1413393949905760512 -1.39423 0.29714 0.29474 -0.29314 -0.57342 0.57868 -0.50039
1413393950005760512 -1.46502 0.34950 0.30924 -0.28027 -0.56566 0.59554 -0.49681
1413393950105760512 -1.56094 0.38961 0.33046 -0.30075 -0.58310 0.58942 -0.47130
1413393950205760512 -1.67445 0.42061 0.35325 0.32581 0.61160 -0.57641 0.43308
1413393950305760256 -1.79357 0.44047 0.37761 0.34509 0.63439 -0.56403 0.40042
1413393950405760512 -1.90918 0.44670 0.39658 0.34692 0.64109 -0.56428 0.38761
1413393950505760512 -2.01852 0.43982 0.40846 0.34861 0.63736 -0.56579 0.39003
1413393950605760512 -2.12260 0.41833 0.41228 0.35802 0.62657 -0.56256 0.40344
1413393950705760512 -2.22437 0.38699 0.40820 0.37220 0.61347 -0.55530 0.42043
1413393950805760256 -2.32242 0.35232 0.39219 0.38381 0.60615 -0.54914 0.42862
1413393950905760512 -2.41633 0.31713 0.36342 0.39232 0.60443 -0.54466 0.42906
1413393951005760512 -2.50405 0.28182 0.32752 0.40455 0.61125 -0.53763 0.41674
1413393951105760512 -2.58044 0.24517 0.29195 0.40677 0.61505 -0.53757 0.40899
1413393951205760512 -2.64818 0.20645 0.26161 0.40224 0.61037 -0.54222 0.41430
1413393951305760256 -2.70956 0.16662 0.23573 0.39916 0.60525 -0.54672 0.41885
1413393951405760512 -2.76576 0.12768 0.21526 0.39653 0.60351 -0.55183 0.41716
1413393951505760512 -2.81776 0.08871 0.19597 0.39252 0.60676 -0.55773 0.40830
1413393951605760512 -2.86429 0.04690 0.17060 0.39107 0.60933 -0.56149 0.40064
1413393951705760512 -2.90484 0.00035 0.13876 0.39618 0.60777 -0.56074 0.39903
1413393951805760256 -2.93930 -0.04826 0.10252 0.40305 0.60381 -0.55936 0.40009
1413393951905760512 -2.96704 -0.10024 0.06778 0.40719 0.59733 -0.56068 0.40377
1413393952005760512 -2.98766 -0.15445 0.03677 0.40988 0.59200 -0.56328 0.40527
1413393952105760512 -3.00276 -0.20993 0.01190 0.41199 0.58665 -0.56596 0.40717
1413393952205760512 -3.01320 -0.26608 -0.00162 0.41358 0.58218 -0.56872 0.40814
1413393952305760256 -3.01916 -0.32059 -0.00182 0.41235 0.57810 -0.57185 0.41079
1413393952405760512 -3.02004 -0.37213 0.00834 0.40927 0.58006 -0.56886 0.41524
1413393952505760512 -3.01772 -0.42334 0.02069 0.40632 0.58907 -0.55879 0.41911
1413393952605760512 -3.01245 -0.47314 0.03366 0.40079 0.60190 -0.54546 0.42373
1413393952705760512 -3.00333 -0.52361 0.04329 0.39209 0.61571 -0.53083 0.43056
1413393952805760256 -2.99030 -0.57255 0.05123 0.38094 0.62797 -0.51778 0.43868
1413393952905760512 -2.97585 -0.61864 0.06625 0.36813 0.63467 -0.51090 0.44794
1413393953005760512 -2.95959 -0.66452 0.07853 0.35189 0.63601 -0.51098 0.45888
1413393953105760512 -2.94455 -0.71139 0.09078 0.33915 0.63600 -0.51238 0.46684
1413393953205760512 -2.93274 -0.75935 0.08967 0.33115 0.63549 -0.51369 0.47182
1413393953305760256 -2.92536 -0.81163 0.07285 0.32338 0.63273 -0.51673 0.47757
1413393953405760512 -2.92479 -0.86705 0.06008 0.32024 0.62700 -0.51846 0.48530
1413393953505760512 -2.93254 -0.91958 0.06068 0.32719 0.62267 -0.51475 0.49016
1413393953605760512 -2.95094 -0.97498 0.07594 0.34823 0.62443 -0.50295 0.48566
1413393953705760512 -2.97354 -1.02495 0.09485 0.36806 0.62667 -0.49163 0.47971
1413393953805760256 -2.99659 -1.06939 0.10841 0.37988 0.62633 -0.48447 0.47822
1413393953905760512 -3.01782 -1.10383 0.10973 0.38171 0.62821 -0.47793 0.48087
1413393954005760512 -3.03725 -1.13080 0.10158 0.37212 0.63958 -0.47474 0.47653
1413393954105760512 -3.05400 -1.15144 0.09348 0.35511 0.65565 -0.47300 0.46935
1413393954205760512 -3.06704 -1.16974 0.08743 0.33333 0.67598 -0.47165 0.45770
1413393954305760256 -3.07563 -1.18989 0.08739 0.31005 0.69609 -0.46628 0.44935
1413393954405760512 -3.07842 -1.21675 0.09239 0.29008 0.71403 -0.45399 0.44711
1413393954505760512 -3.07380 -1.25276 0.10024 0.27368 0.73019 -0.43478 0.45042
1413393954605760512 -3.06027 -1.29730 0.11053 0.25782 0.74531 -0.41380 0.45476
1413393954705760512 -3.03857 -1.35281 0.12170 0.24577 0.75700 -0.39431 0.45941
1413393954805760256 -3.00853 -1.41881 0.13318 0.23628 0.76547 -0.38096 0.46162
1413393954905760512 -2.96965 -1.49466 0.14487 0.23086 0.77125 -0.37134 0.46259
1413393955005760512 -2.92058 -1.57908 0.15875 0.23258 0.76994 -0.36220 0.47109
1413393955105760512 -2.86097 -1.67044 0.17455 0.23878 0.76316 -0.34881 0.48877
1413393955205760512 -2.79403 -1.76477 0.18885 0.23875 0.75800 -0.33712 0.50476
1413393955305760256 -2.72162 -1.85900 0.20266 0.22692 0.75445 -0.33097 0.51939
1413393955405760512 -2.64599 -1.95198 0.21526 0.21439 0.75686 -0.31948 0.52833
1413393955505760512 -2.56808 -2.04394 0.22916 0.20549 0.75824 -0.29490 0.54395
1413393955605760512 -2.49278 -2.13272 0.24320 0.19731 0.75871 -0.25897 0.56424
1413393955705760512 -2.42111 -2.21551 0.24651 0.19628 0.76492 -0.21599 0.57421
1413393955805760256 -2.35465 -2.28900 0.23886 0.20488 0.77618 -0.17489 0.57008
1413393955905760512 -2.29009 -2.34888 0.22080 0.20292 0.79074 -0.15141 0.55734
1413393956005760512 -2.22068 -2.39414 0.20259 0.17135 0.80227 -0.15470 0.55052
1413393956105760512 -2.14376 -2.43219 0.18998 0.13742 0.80724 -0.16026 0.55118
1413393956205760512 -2.06092 -2.46554 0.18279 0.11057 0.80976 -0.15581 0.55478
1413393956305760256 -1.97452 -2.49573 0.18144 0.09478 0.80547 -0.13668 0.56882
1413393956405760512 -1.88885 -2.52140 0.18388 0.08044 0.79855 -0.10994 0.58631
1413393956505760512 -1.80726 -2.54213 0.18631 0.06317 0.79509 -0.08025 0.59783
1413393956605760512 -1.73035 -2.55846 0.18682 0.03957 0.79953 -0.05094 0.59715
1413393956705760512 -1.65787 -2.57066 0.18514 0.01410 0.80867 -0.02033 0.58775
1413393956805760256 -1.59040 -2.57969 0.18285 -0.01137 0.81750 0.00950 0.57574
1413393956905760512 -1.52311 -2.58741 0.18294 -0.04054 0.82065 0.03534 0.56889
1413393957005760512 -1.45908 -2.59482 0.18616 -0.06809 0.82004 0.06077 0.56498
1413393957105760512 -1.39283 -2.60314 0.19045 -0.08922 0.81809 0.09197 0.56063
1413393957205760512 -1.32210 -2.61171 0.19527 -0.10788 0.81312 0.12831 0.55743
1413393957305760256 -1.24849 -2.62046 0.20052 -0.13008 0.80642 0.16576 0.55253
1413393957405760512 -1.17313 -2.62987 0.20648 -0.15292 0.79712 0.20186 0.54816
1413393957505760512 -1.09534 -2.63878 0.20999 -0.17531 0.78434 0.23428 0.54699
1413393957605760512 -1.01870 -2.64777 0.20433 -0.19812 0.77010 0.26387 0.54596
1413393957705760512 -0.94620 -2.65648 0.18747 -0.22386 0.75004 0.29165 0.54979
1413393957805760256 -0.88175 -2.66612 0.15892 -0.24408 0.72920 0.32300 0.55169
1413393957905760512 -0.82084 -2.67811 0.12376 -0.25233 0.71158 0.35926 0.54856
1413393958005760512 -0.77702 -2.69223 0.08906 -0.25064 0.69913 0.39538 0.54044
1413393958105760512 -0.73552 -2.70535 0.06822 -0.25049 0.69420 0.41972 0.52837
1413393958205760512 -0.69936 -2.71152 0.06543 -0.25737 0.69256 0.43109 0.51796
1413393958305760256 -0.66893 -2.70841 0.07740 -0.27265 0.69459 0.43026 0.50801
1413393958405760512 -0.64466 -2.70136 0.09573 -0.28833 0.70143 0.42359 0.49542
1413393958505760512 -0.62906 -2.69321 0.10906 -0.29335 0.70842 0.42126 0.48438
1413393958605760512 -0.61269 -2.68660 0.11047 -0.29016 0.71728 0.42309 0.47151
1413393958705760512 -0.59035 -2.67156 0.09739 -0.28457 0.72392 0.42499 0.46297
1413393958805760256 -0.56975 -2.66146 0.08238 -0.28596 0.72087 0.42188 0.46967
1413393958905760512 -0.54437 -2.64431 0.05882 -0.28956 0.71315 0.41654 0.48380
1413393959005760512 -0.51673 -2.62063 0.02363 -0.29517 0.70862 0.40905 0.49337
1413393959105760512 -0.48882 -2.59515 -0.01845 -0.31026 0.70746 0.39456 0.49755
1413393959205760512 -0.45840 -2.57240 -0.05738 -0.32153 0.70333 0.38354 0.50482
1413393959305760256 -0.42686 -2.55361 -0.09372 -0.31497 0.70013 0.38514 0.51213
1413393959405760512 -0.39504 -2.53699 -0.12859 -0.30396 0.70291 0.39102 0.51051
1413393959505760512 -0.36414 -2.52260 -0.15939 -0.29677 0.70383 0.39436 0.51091
1413393959605760512 -0.33506 -2.50878 -0.18285 -0.29931 0.69537 0.39170 0.52292
1413393959705760512 -0.31237 -2.50154 -0.19870 -0.30982 0.67753 0.38301 0.54614
1413393959805760256 -0.29793 -2.50482 -0.21432 -0.31177 0.67187 0.38037 0.55381
1413393959905760512 -0.29146 -2.51866 -0.23258 -0.30005 0.68777 0.38819 0.53502
1413393960005760512 -0.29189 -2.54046 -0.24728 -0.28691 0.70303 0.39690 0.51566
1413393960105760512 -0.29616 -2.56293 -0.25623 -0.27709 0.71418 0.40311 0.50067
1413393960205760512 -0.30158 -2.58210 -0.26246 -0.26791 0.72495 0.40875 0.48538
1413393960305760256 -0.30632 -2.59430 -0.26822 -0.25911 0.73564 0.41435 0.46905
1413393960405760512 -0.30774 -2.59542 -0.26765 -0.26252 0.73203 0.41478 0.47242
1413393960505760512 -0.30730 -2.58567 -0.26572 -0.27583 0.71754 0.41684 0.48506
1413393960605760512 -0.30769 -2.56801 -0.28232 -0.29106 0.70207 0.42807 0.48901
1413393960705760512 -0.31100 -2.54766 -0.32020 -0.30807 0.68590 0.44645 0.48510
1413393960805760256 -0.31739 -2.52601 -0.37848 -0.32345 0.67138 0.46920 0.47380
1413393960905760512 -0.32545 -2.50425 -0.44633 -0.32862 0.66693 0.49303 0.45181
1413393961005760512 -0.33095 -2.47557 -0.50561 -0.33524 0.66767 0.50725 0.42958
1413393961105760512 -0.33312 -2.44088 -0.55035 -0.34251 0.66111 0.51408 0.42584
1413393961205760512 -0.33133 -2.39784 -0.57697 -0.35591 0.64847 0.51077 0.43810
1413393961305760256 -0.33003 -2.35656 -0.58627 -0.39330 0.62932 0.48515 0.46250
1413393961405760512 -0.32002 -2.32020 -0.56198 -0.42961 0.60795 0.45740 0.48643
1413393961505760512 -0.30961 -2.30539 -0.52924 -0.43056 0.60144 0.45634 0.49461
1413393961605760512 -0.30184 -2.31409 -0.49230 -0.40406 0.61092 0.47582 0.48694
1413393961705760512 -0.29622 -2.33173 -0.44524 -0.37837 0.62307 0.49403 0.47387
1413393961805760256 -0.29378 -2.35608 -0.37883 -0.36933 0.62632 0.49974 0.47072
1413393961905760512 -0.29615 -2.38550 -0.30150 -0.36158 0.63237 0.50465 0.46336
1413393962005760512 -0.30115 -2.41316 -0.21525 -0.35457 0.63816 0.50953 0.45542
1413393962105760512 -0.30977 -2.44098 -0.11461 -0.34894 0.64376 0.51408 0.44670
1413393962205760512 -0.31896 -2.46052 -0.00063 -0.34449 0.64936 0.51765 0.43783
1413393962305760256 -0.32985 -2.47732 0.12233 -0.34075 0.65300 0.52082 0.43155
1413393962405760512 -0.34075 -2.48868 0.24027 -0.33099 0.65981 0.52727 0.42082
1413393962505760512 -0.35041 -2.49257 0.33694 -0.31371 0.67279 0.53332 0.40561
1413393962605760512 -0.35695 -2.48108 0.41092 -0.29552 0.68628 0.53113 0.39948
1413393962705760512 -0.36048 -2.45908 0.47036 -0.27844 0.69312 0.52025 0.41400
1413393962805760256 -0.36082 -2.42017 0.52438 -0.26398 0.69395 0.49998 0.44584
1413393962905760512 -0.36384 -2.36652 0.57046 -0.24583 0.69367 0.47382 0.48363
1413393963005760512 -0.37258 -2.30228 0.60757 -0.22635 0.69819 0.44176 0.51589
1413393963105760512 -0.39111 -2.23155 0.64341 -0.20765 0.70611 0.40533 0.54221
1413393963205760512 -0.42003 -2.15126 0.67042 -0.19643 0.71748 0.36341 0.56087
1413393963305760256 -0.46170 -2.06564 0.68871 -0.19063 0.73039 0.31862 0.57330
1413393963405760512 -0.51204 -1.97608 0.69881 -0.17762 0.74344 0.27886 0.58136
1413393963505760512 -0.57114 -1.88714 0.69715 -0.16001 0.75579 0.24367 0.58635
1413393963605760512 -0.63792 -1.79871 0.68295 -0.14404 0.76477 0.21128 0.59139
1413393963705760512 -0.71033 -1.71011 0.65780 -0.12688 0.76989 0.18332 0.59797
1413393963805760256 -0.78859 -1.62366 0.62328 -0.10637 0.77390 0.15917 0.60368
1413393963905760512 -0.87575 -1.53942 0.58190 -0.08390 0.78029 0.13730 0.60437
1413393964005760512 -0.96913 -1.45253 0.53106 -0.06033 0.78868 0.11602 0.60074
1413393964105760512 -1.06678 -1.36132 0.47287 -0.04023 0.79445 0.09203 0.59896
1413393964205760512 -1.16775 -1.26581 0.40793 -0.02925 0.79840 0.06166 0.59824
1413393964305760256 -1.27082 -1.16778 0.34220 -0.02302 0.80266 0.02785 0.59534
1413393964405760512 -1.37552 -1.06975 0.28131 -0.01458 0.80623 -0.00250 0.59141
1413393964505760512 -1.48140 -0.97499 0.22656 -0.00559 0.80825 -0.03024 0.58804
1413393964605760512 -1.58610 -0.88582 0.17727 0.00075 0.80766 -0.05818 0.58677
1413393964705760512 -1.69172 -0.80422 0.13295 0.00754 0.80455 -0.08478 0.58775
1413393964805760256 -1.79826 -0.73174 0.09284 0.01286 0.80416 -0.11179 0.58366
1413393964905760512 -1.90646 -0.66877 0.05603 0.01973 0.80862 -0.13747 0.57171
1413393965005760512 -2.01444 -0.61859 0.02119 0.01830 0.81750 -0.16808 0.55055
1413393965105760512 -2.11749 -0.58594 -0.01033 0.00982 0.82374 -0.20372 0.52901
1413393965205760512 -2.21567 -0.57285 -0.03713 0.00747 0.82738 -0.23549 0.50984
1413393965305760256 -2.30659 -0.58751 -0.05668 0.02280 0.83627 -0.25048 0.48723
1413393965405760512 -2.38496 -0.62982 -0.06763 0.05868 0.84753 -0.24095 0.46925
1413393965505760512 -2.44233 -0.69541 -0.06772 0.11107 0.85408 -0.20893 0.46320
1413393965605760512 -2.46739 -0.77368 -0.05961 0.16101 0.85411 -0.17116 0.46398
1413393965705760512 -2.46257 -0.84916 -0.04821 0.18554 0.84740 -0.15101 0.47401
1413393965805760256 -2.43258 -0.91354 -0.03295 0.17860 0.83181 -0.15634 0.50176
1413393965905760512 -2.38668 -0.96949 -0.01859 0.17243 0.81368 -0.15998 0.53160
1413393966005760512 -2.33060 -1.01746 -0.01491 0.18396 0.80622 -0.15074 0.54171
1413393966105760512 -2.26691 -1.05543 -0.01163 0.18677 0.80387 -0.14783 0.54503
1413393966205760512 -2.19552 -1.07958 0.00265 0.17886 0.80378 -0.15395 0.54612
1413393966305760256 -2.11295 -1.09114 0.03157 0.18074 0.80515 -0.15217 0.54398
1413393966405760512 -2.02041 -1.08920 0.07611 0.19679 0.80085 -0.13817 0.54847
1413393966505760512 -1.92233 -1.06920 0.13022 0.20021 0.78800 -0.13266 0.56690
1413393966605760512 -1.82523 -1.03350 0.17876 0.19204 0.77267 -0.13449 0.58992
1413393966705760512 -1.73041 -0.98323 0.21430 0.18516 0.76169 -0.13748 0.60551
1413393966805760256 -1.64354 -0.91767 0.23736 0.18111 0.75515 -0.14003 0.61428
1413393966905760512 -1.56493 -0.84066 0.24917 0.17127 0.75940 -0.14907 0.60972
1413393967005760512 -1.49426 -0.75323 0.24946 0.14987 0.76904 -0.17181 0.59716
1413393967105760512 -1.42995 -0.66183 0.24299 0.13320 0.77532 -0.19448 0.58593
1413393967205760512 -1.37228 -0.57104 0.23104 0.12770 0.77702 -0.21046 0.57934
1413393967305760256 -1.32306 -0.48428 0.21314 0.13371 0.77257 -0.22306 0.57922
1413393967405760512 -1.28062 -0.40271 0.18865 0.14976 0.76430 -0.23667 0.58086
1413393967505760512 -1.24290 -0.32363 0.15859 0.16373 0.75273 -0.25833 0.58297
1413393967605760512 -1.21298 -0.24684 0.12695 0.17850 0.74382 -0.28317 0.57852
1413393967705760512 -1.19141 -0.17232 0.09919 0.19532 0.73569 -0.30839 0.57053
1413393967805760256 -1.17930 -0.10024 0.07737 0.21367 0.72815 -0.33232 0.56009
1413393967905760512 -1.17539 -0.02616 0.06716 0.22531 0.72722 -0.35668 0.54145
1413393968005760512 -1.17447 0.04291 0.07198 0.22628 0.73513 -0.37930 0.51431
1413393968105760512 -1.17326 0.10129 0.09748 0.23387 0.73773 -0.38987 0.49906
1413393968205760512 -1.16904 0.14908 0.13796 0.23619 0.73396 -0.39826 0.49689
1413393968305760256 -1.16253 0.19020 0.17751 0.23219 0.73257 -0.40553 0.49495
1413393968405760512 -1.15328 0.22399 0.20990 0.24414 0.74056 -0.39774 0.48350
1413393968505760512 -1.13867 0.25014 0.23531 0.25962 0.74515 -0.38498 0.47868
1413393968605760512 -1.11653 0.27059 0.25116 0.27103 0.74529 -0.37552 0.47965
1413393968705760512 -1.08670 0.28701 0.25527 0.27430 0.74514 -0.37727 0.47665
1413393968805760256 -1.05037 0.29860 0.24502 0.27784 0.73988 -0.38396 0.47746
1413393968905760512 -1.00778 0.30756 0.22945 0.28937 0.72308 -0.39244 0.48930
1413393969005760512 -0.96250 0.31459 0.20214 0.29526 0.69979 -0.41140 0.50385
1413393969105760512 -0.91864 0.32089 0.16474 0.30574 0.67728 -0.43144 0.51154
1413393969205760512 -0.87633 0.33116 0.12769 0.32576 0.66070 -0.44833 0.50631
1413393969305760256 -0.83750 0.34490 0.09437 0.34310 0.64655 -0.46884 0.49441
1413393969405760512 -0.79978 0.36169 0.06436 0.35143 0.63092 -0.49419 0.48396
1413393969505760512 -0.76600 0.38266 0.03777 0.34841 0.60786 -0.52382 0.48450
1413393969605760512 -0.74052 0.40619 0.01352 0.34579 0.58762 -0.55119 0.48096
1413393969705760512 -0.72689 0.42824 -0.00384 -0.34744 -0.57311 0.57433 -0.47009
1413393969805760256 -0.72640 0.44829 -0.00701 -0.34742 -0.56315 0.59207 -0.46002
1413393969905760512 -0.74106 0.46762 0.00968 -0.35141 -0.55553 0.60155 -0.45391
1413393970005760512 -0.77007 0.48553 0.04412 -0.36687 -0.55796 0.59972 -0.44093
1413393970105760512 -0.80980 0.50031 0.09007 -0.39050 -0.57348 0.58802 -0.41577
1413393970205760512 -0.85127 0.51120 0.13155 0.40242 0.58626 -0.58120 0.39568
1413393970305760256 -0.88924 0.51870 0.16190 0.40610 0.59157 -0.57844 0.38799
1413393970405760512 -0.92179 0.52001 0.18336 0.40597 0.59450 -0.57722 0.38545
1413393970505760512 -0.94804 0.51367 0.20476 0.41097 0.59383 -0.57201 0.38893
1413393970605760512 -0.96834 0.50172 0.22751 0.41966 0.58989 -0.56382 0.39752
1413393970705760512 -0.98246 0.48787 0.24611 0.43463 0.58876 -0.55165 0.40018
1413393970805760256 -0.98955 0.47423 0.24986 0.45368 0.59663 -0.53725 0.38675
1413393970905760512 -0.98383 0.46275 0.24102 0.46776 0.60582 -0.52702 0.36937
1413393971005760512 -0.96015 0.45280 0.23054 0.47224 0.60658 -0.52348 0.36745
1413393971105760512 -0.91636 0.44484 0.22425 0.46490 0.59529 -0.52763 0.38872
1413393971205760512 -0.85664 0.44800 0.23150 0.46715 0.57763 -0.52147 0.41974
1413393971305760256 -0.78379 0.45844 0.25168 0.47604 0.56059 -0.50875 0.44754
1413393971405760512 -0.70529 0.48584 0.26771 0.48484 0.54859 -0.49694 0.46586
1413393971505760512 -0.62254 0.53298 0.26728 0.47078 0.55001 -0.50568 0.46919
1413393971605760512 -0.53701 0.59872 0.25481 0.43311 0.55423 -0.53407 0.46906
1413393971705760512 -0.45376 0.67713 0.24403 -0.38967 -0.54459 0.56519 -0.48181
1413393971805760256 -0.38428 0.76420 0.24146 -0.35368 -0.52615 0.59131 -0.49843
1413393971905760512 -0.33627 0.85249 0.24751 -0.33895 -0.51819 0.60516 -0.50038
1413393972005760512 -0.31488 0.94216 0.26225 -0.34846 -0.52633 0.60609 -0.48395
1413393972105760512 -0.31280 1.03158 0.28002 -0.35987 -0.53684 0.60492 -0.46515
1413393972205760512 -0.32330 1.11995 0.28179 -0.35177 -0.54519 0.61440 -0.44894
1413393972305760256 -0.34593 1.20342 0.26894 -0.35863 -0.55791 0.61279 -0.42967
1413393972405760512 -0.37836 1.27885 0.25669 -0.38636 -0.57088 0.59484 -0.41351
1413393972505760512 -0.41102 1.34920 0.24495 0.40445 0.58369 -0.58116 0.39747
1413393972605760512 -0.44035 1.41396 0.23326 0.40427 0.59699 -0.58068 0.37813
1413393972705760512 -0.46292 1.46901 0.22303 0.40486 0.60052 -0.58100 0.37136
1413393972805760256 -0.47776 1.51545 0.21160 0.40871 0.59924 -0.58012 0.37058
1413393972905760512 -0.48507 1.55417 0.19859 0.41478 0.59655 -0.57854 0.37065
1413393973005760512 -0.48406 1.58503 0.18650 0.42332 0.59507 -0.57561 0.36792
1413393973105760512 -0.47402 1.60661 0.17389 0.43343 0.59043 -0.56960 0.37295
1413393973205760512 -0.45239 1.62861 0.16245 0.44459 0.58281 -0.56084 0.38488
1413393973305760256 -0.42059 1.64782 0.15092 0.45886 0.57164 -0.54820 0.40268
1413393973405760512 -0.37956 1.67317 0.13958 0.47093 0.56039 -0.53559 0.42111
1413393973505760512 -0.32938 1.71083 0.12930 0.48224 0.55153 -0.52258 0.43609
1413393973605760512 -0.27163 1.76649 0.11700 0.48513 0.54588 -0.51672 0.44684
1413393973705760512 -0.20632 1.84085 0.10332 0.46522 0.54042 -0.52834 0.46084
1413393973805760256 -0.13907 1.93360 0.08785 -0.42227 -0.53775 0.55638 -0.47218
1413393973905760512 -0.07861 2.03832 0.07441 -0.36572 -0.53099 0.59146 -0.48423
1413393974005760512 -0.03805 2.14657 0.06436 -0.31282 -0.53720 0.62330 -0.47440
1413393974105760512 -0.02564 2.25078 0.05879 -0.26855 -0.56060 0.65005 -0.43708
1413393974205760512 -0.04617 2.33455 0.06303 -0.24490 -0.59245 0.66269 -0.38713
1413393974305760256 -0.09425 2.38082 0.08284 -0.25705 -0.63080 0.65160 -0.33382
1413393974405760512 -0.15349 2.37833 0.11418 0.27613 0.65908 -0.63456 0.29443
1413393974505760512 -0.20675 2.32525 0.15423 0.30697 0.68050 -0.60762 0.27108
1413393974605760512 -0.23981 2.22808 0.20141 0.34595 0.69010 -0.57525 0.27049
1413393974705760512 -0.24711 2.09980 0.25105 0.38717 0.68419 -0.54333 0.29457
1413393974805760256 -0.23116 1.95575 0.29604 0.42013 0.66933 -0.51800 0.32735
1413393974905760512 -0.19345 1.80757 0.32760 0.43194 0.64571 -0.51090 0.36805
1413393975005760512 -0.14031 1.65720 0.34517 0.43447 0.62126 -0.51145 0.40459
1413393975105760512 -0.07741 1.51481 0.34586 0.42966 0.60183 -0.51699 0.43119
1413393975205760512 -0.00987 1.38239 0.33567 0.41943 0.59029 -0.52615 0.44588
1413393975305760256 0.05917 1.25833 0.32436 0.41019 0.58703 -0.53406 0.44936
1413393975405760512 0.13254 1.14870 0.32245 0.41733 0.58633 -0.52947 0.44913
1413393975505760512 0.20005 1.04069 0.32202 0.42940 0.58681 -0.51950 0.44877
1413393975605760512 0.27485 0.95268 0.32279 0.43791 0.58608 -0.51230 0.44977
1413393975705760512 0.35424 0.88071 0.32287 0.43368 0.58231 -0.51507 0.45556
1413393975805760256 0.43650 0.82204 0.32341 0.42052 0.57537 -0.52680 0.46325
1413393975905760512 0.51821 0.77535 0.32676 0.40932 0.56405 -0.53861 0.47351
1413393976005760512 0.59490 0.73865 0.33058 0.40413 0.56278 -0.54780 0.46891
1413393976105760512 0.66544 0.70798 0.32700 0.40378 0.56831 -0.55446 0.45449
1413393976205760512 0.73171 0.68292 0.31408 0.40176 0.56923 -0.56101 0.44703
1413393976305760256 0.79406 0.66352 0.29185 -0.39679 -0.56382 0.56748 -0.45015
1413393976405760512 0.84987 0.64978 0.27195 -0.39521 -0.55489 0.56857 -0.46111
1413393976505760512 0.89779 0.64282 0.26141 -0.38718 -0.55553 0.56732 -0.46864
1413393976605760512 0.93676 0.64076 0.25892 0.37677 0.56617 -0.56340 0.46913
1413393976705760512 0.96782 0.64243 0.25193 0.36588 0.57393 -0.55999 0.47238
1413393976805760256 0.98898 0.64758 0.23605 0.35418 0.57945 -0.55848 0.47634
1413393976905760512 0.99699 0.65567 0.21483 0.34212 0.59397 -0.56018 0.46514
1413393977005760512 0.99501 0.66258 0.19810 0.33777 0.61126 -0.55937 0.44653
1413393977105760512 0.98841 0.66165 0.18681 0.34752 0.62473 -0.55162 0.42972
1413393977205760512 0.98264 0.65097 0.19078 0.36137 0.62860 -0.54158 0.42540
1413393977305760256 0.98060 0.63278 0.20856 0.37298 0.62680 -0.53341 0.42835
1413393977405760512 0.98222 0.61155 0.23763 0.38169 0.62428 -0.52879 0.43008
1413393977505760512 0.98807 0.58960 0.27194 0.38722 0.62351 -0.52703 0.42841
1413393977605760512 0.99817 0.56748 0.30354 0.39006 0.62301 -0.52790 0.42549
1413393977705760512 1.01158 0.54432 0.32493 0.39218 0.62204 -0.52926 0.42326
1413393977805760256 1.03202 0.51782 0.34012 0.39314 0.61970 -0.53221 0.42210
1413393977905760512 1.05693 0.49223 0.34918 0.39530 0.61742 -0.53393 0.42124
1413393978005760512 1.08973 0.46530 0.36147 0.39543 0.61422 -0.53811 0.42047
1413393978105760512 1.12745 0.43878 0.37512 0.39297 0.60951 -0.54487 0.42093
1413393978205760512 1.16831 0.41226 0.39018 0.39008 0.60303 -0.55148 0.42434
1413393978305760256 1.20934 0.38604 0.40577 0.39068 0.59317 -0.55908 0.42772
1413393978405760512 1.24909 0.35803 0.42347 0.39498 0.57820 -0.56892 0.43128
1413393978505760512 1.28400 0.33430 0.44349 -0.40287 -0.55894 0.58110 -0.43314
1413393978605760512 1.31242 0.31374 0.46420 -0.41403 -0.53944 0.59553 -0.42771
1413393978705760512 1.33439 0.29738 0.48350 -0.42347 -0.52115 0.61376 -0.41518
1413393978805760256 1.35198 0.28398 0.50303 -0.43023 -0.50312 0.63437 -0.39918
1413393978905760512 1.36300 0.27402 0.52462 -0.43934 -0.48162 0.65295 -0.38559
1413393979005760512 1.36658 0.26715 0.54613 -0.44800 -0.45747 0.67053 -0.37471
1413393979105760512 1.36250 0.26333 0.56688 -0.45683 -0.43144 0.68758 -0.36387
1413393979205760512 1.34807 0.26444 0.58588 -0.46873 -0.40613 0.70319 -0.34767
1413393979305760256 1.32470 0.27225 0.59402 -0.48059 -0.37987 0.71751 -0.33154
1413393979405760512 1.29690 0.28704 0.58922 -0.49014 -0.35034 0.73173 -0.31876
1413393979505760512 1.26496 0.30781 0.57469 -0.49796 -0.31952 0.74521 -0.30756
1413393979605760512 1.22406 0.33527 0.55330 0.50500 0.28917 -0.75815 0.29422
1413393979705760512 1.17442 0.37096 0.52919 0.51578 0.26342 -0.76802 0.27335
1413393979805760256 1.11707 0.41487 0.51016 0.52727 0.24259 -0.77589 0.24725
1413393979905760512 1.05391 0.46684 0.49735 0.53504 0.22415 -0.78491 0.21772
1413393980005760512 0.98621 0.52456 0.48877 0.53900 0.20388 -0.79468 0.19078
1413393980105760512 0.91396 0.58385 0.47611 0.53754 0.18771 -0.80659 0.15884
1413393980205760512 0.83772 0.64350 0.46842 0.53361 0.17748 -0.81765 0.12332
1413393980305760256 0.75607 0.69647 0.46088 0.52857 0.17027 -0.82602 0.09648
1413393980405760512 0.66915 0.73939 0.45402 0.52821 0.16533 -0.82890 0.08116
1413393980505760512 0.57688 0.76991 0.44882 0.53740 0.16096 -0.82437 0.07549
1413393980605760512 0.48092 0.78851 0.44446 0.55587 0.15769 -0.81268 0.07549
1413393980705760512 0.38316 0.79819 0.44051 0.56847 0.15677 -0.80404 0.07605
1413393980805760256 0.28703 0.79980 0.43674 0.56474 0.15610 -0.80669 0.07715
1413393980905760512 0.19240 0.79412 0.43287 0.55045 0.15280 -0.81664 0.08220
1413393981005760512 0.09537 0.78379 0.43424 0.53802 0.14499 -0.82508 0.09353
1413393981105760512 -0.00855 0.76830 0.43968 0.53464 0.13598 -0.82719 0.10692
1413393981205760512 -0.11843 0.75179 0.45924 0.54115 0.12835 -0.82267 0.11790
1413393981305760256 -0.23613 0.73624 0.49149 0.54266 0.12626 -0.82112 0.12382
1413393981405760512 -0.35835 0.72395 0.52990 0.53866 0.12814 -0.82324 0.12533
1413393981505760512 -0.48512 0.71542 0.56549 0.53822 0.13781 -0.82323 0.11674
1413393981605760512 -0.61524 0.70659 0.58912 0.54052 0.14915 -0.82113 0.10648
1413393981705760512 -0.75084 0.69459 0.59958 0.54102 0.15688 -0.82011 0.10056
1413393981805760256 -0.88946 0.67788 0.59925 0.54473 0.16397 -0.81690 0.09523
1413393981905760512 -1.02762 0.65455 0.58877 0.55023 0.17603 -0.81090 0.09331
1413393982005760512 -1.16216 0.62171 0.57319 0.55675 0.19195 -0.80211 0.09897
1413393982105760512 -1.29258 0.58074 0.55937 0.55928 0.21197 -0.79362 0.11150
1413393982205760512 -1.41916 0.53041 0.54934 0.55946 0.23597 -0.78371 0.13085
1413393982305760256 -1.54403 0.47106 0.54035 0.55617 0.26479 -0.77221 0.15575
1413393982405760512 -1.66537 0.40495 0.53299 0.54467 0.29977 -0.76199 0.18125
1413393982505760512 -1.78002 0.33356 0.52694 0.53058 0.33932 -0.74857 0.20732
1413393982605760512 -1.88531 0.25685 0.52392 0.51554 0.38182 -0.72996 0.23580
1413393982705760512 -1.97939 0.17526 0.52107 0.50141 0.42769 -0.70462 0.26302
1413393982805760256 -2.06890 0.08725 0.51898 -0.48755 -0.47549 0.67263 -0.28942
1413393982905760512 -2.15112 -0.00557 0.51807 -0.47348 -0.52167 0.63584 -0.31523
1413393983005760512 -2.22170 -0.10039 0.51452 -0.45438 -0.56398 0.59990 -0.33998
1413393983105760512 -2.27755 -0.19659 0.51063 0.43477 0.60353 -0.56145 0.36262
1413393983205760512 -2.31827 -0.29335 0.50665 0.41618 0.64091 -0.52034 0.38114
1413393983305760256 -2.34315 -0.38938 0.50133 0.39717 0.67422 -0.47788 0.39914
1413393983405760512 -2.34689 -0.48083 0.49857 0.38010 0.70195 -0.43293 0.41877
1413393983505760512 -2.33105 -0.56668 0.49818 0.36147 0.72327 -0.38861 0.44182
1413393983605760512 -2.29475 -0.64320 0.50302 0.34171 0.74059 -0.34432 0.46498
1413393983705760512 -2.24379 -0.70930 0.50933 0.31907 0.75478 -0.30252 0.48681
1413393983805760256 -2.17926 -0.76489 0.51704 0.29167 0.76736 -0.26607 0.50526
1413393983905760512 -2.10134 -0.80539 0.52913 0.26297 0.77744 -0.23289 0.52173
1413393984005760512 -2.01151 -0.83216 0.54366 0.24009 0.78572 -0.19726 0.53487
1413393984105760512 -1.91165 -0.84139 0.55975 0.21889 0.79232 -0.15963 0.54666
1413393984205760512 -1.80352 -0.83151 0.57716 0.19733 0.79743 -0.12126 0.55718
1413393984305760256 -1.69012 -0.80208 0.59692 0.17251 0.80090 -0.08659 0.56684
1413393984405760512 -1.57590 -0.75263 0.61969 0.14686 0.80195 -0.05793 0.57615
1413393984505760512 -1.46227 -0.68401 0.64352 0.12650 0.80118 -0.03225 0.58401
1413393984605760512 -1.35150 -0.59930 0.66774 0.10725 0.80011 -0.01155 0.59007
1413393984705760512 -1.24479 -0.50075 0.68442 0.07417 0.80366 -0.00899 0.59038
1413393984805760256 -1.13996 -0.39409 0.69029 0.04463 0.80577 -0.01497 0.59035
1413393984905760512 -1.03856 -0.28493 0.68315 0.01760 0.81193 -0.03325 0.58255
1413393985005760512 -0.93928 -0.17968 0.66553 0.00226 0.81685 -0.06076 0.57364
1413393985105760512 -0.84274 -0.08237 0.64133 0.01075 0.81679 -0.08604 0.57038
1413393985205760512 -0.74748 0.00522 0.61214 0.03872 0.81006 -0.10648 0.57530
1413393985305760256 -0.65429 0.08640 0.57815 0.07296 0.80197 -0.12752 0.57902
1413393985405760512 -0.56137 0.16451 0.54519 0.10823 0.79471 -0.15046 0.57800
1413393985505760512 -0.47204 0.24487 0.51445 0.13858 0.78683 -0.17814 0.57443
1413393985605760512 -0.38455 0.32830 0.48496 0.15734 0.78090 -0.21272 0.56585
1413393985705760512 -0.29932 0.41343 0.45587 0.16560 0.77854 -0.25219 0.55032
1413393985805760256 -0.21502 0.49600 0.42905 0.17316 0.77592 -0.29006 0.53275
1413393985905760512 -0.13037 0.57237 0.40876 0.17969 0.76949 -0.32666 0.51855
1413393986005760512 -0.04384 0.63709 0.39715 0.18929 0.75858 -0.36032 0.50882
1413393986105760512 0.04272 0.69153 0.38986 0.20081 0.74400 -0.39152 0.50285
1413393986205760512 0.12729 0.73410 0.38692 0.20966 0.72518 -0.42346 0.50084
1413393986305760256 0.21070 0.77567 0.38394 0.21849 0.70223 -0.45693 0.50035
1413393986405760512 0.28661 0.79815 0.38464 0.23062 0.67896 -0.48795 0.49773
1413393986505760512 0.35535 0.80905 0.38683 0.25101 0.65865 -0.51261 0.49031
1413393986605760512 0.40910 0.79998 0.39662 0.29417 0.64444 -0.52053 0.47666
1413393986705760512 0.45533 0.77793 0.40977 0.34098 0.63091 -0.52292 0.46069
1413393986805760256 0.49699 0.75103 0.42460 0.38227 0.61338 -0.52613 0.44814
1413393986905760512 0.53482 0.72518 0.44035 0.41448 0.59726 -0.52983 0.43677
1413393987005760512 0.57614 0.70384 0.45135 0.42399 0.58756 -0.54238 0.42525
1413393987105760512 0.62177 0.68520 0.45480 0.42368 0.58274 -0.55583 0.41469
1413393987205760512 0.67254 0.66992 0.44775 0.42173 0.57969 -0.56561 0.40766
1413393987305760256 0.72435 0.65185 0.43725 0.41880 0.57921 -0.57216 0.40219
1413393987405760512 0.77958 0.63395 0.43172 0.41624 0.57980 -0.57525 0.39959
1413393987505760512 0.84246 0.61984 0.43698 0.41466 0.57982 -0.57609 0.39998
1413393987605760512 0.90556 0.60115 0.44066 0.41960 0.57773 -0.57527 0.39905
1413393987705760512 0.97153 0.58211 0.44574 -0.42545 -0.57215 0.57836 -0.39642
1413393987805760256 1.04157 0.56489 0.45414 -0.42847 -0.56383 0.58545 -0.39465
1413393987905760512 1.11263 0.54671 0.45372 -0.42631 -0.55603 0.59424 -0.39492
1413393988005760512 1.18562 0.52969 0.44329 -0.42652 -0.55037 0.59948 -0.39471
1413393988105760512 1.25968 0.51162 0.42064 -0.42926 -0.54665 0.60201 -0.39306
1413393988205760512 1.33408 0.49540 0.38784 -0.43729 -0.54429 0.59983 -0.39081
1413393988305760256 1.41104 0.47969 0.34684 -0.44595 -0.54347 0.59589 -0.38819
1413393988405760512 1.48917 0.46576 0.30437 -0.45477 -0.54491 0.59074 -0.38377
1413393988505760512 1.57386 0.45706 0.26534 -0.46536 -0.55305 0.58422 -0.36914
1413393988605760512 1.66684 0.44788 0.23011 -0.47555 -0.56020 0.57735 -0.35595
1413393988705760512 1.77365 0.44080 0.19771 -0.46990 -0.55660 0.58355 -0.35898
1413393988805760256 1.89108 0.43399 0.16841 -0.45130 -0.54457 0.60206 -0.37053
1413393988905760512 2.01182 0.42625 0.14733 -0.42092 -0.52629 0.63336 -0.38040
1413393989005760512 2.12615 0.41288 0.14248 -0.39676 -0.50586 0.66308 -0.38342
1413393989105760512 2.22471 0.39553 0.15514 -0.37617 -0.48735 0.68929 -0.38192
1413393989205760512 2.29897 0.37041 0.18751 -0.36254 -0.47485 0.70946 -0.37383
1413393989305760256 2.34670 0.33261 0.23900 -0.38416 -0.47631 0.70642 -0.35571
1413393989405760512 2.37392 0.28506 0.30235 -0.43870 -0.47944 0.67883 -0.34186
1413393989505760512 2.39864 0.23221 0.36063 -0.48542 -0.47551 0.65096 -0.33841
1413393989605760512 2.42569 0.18107 0.40410 0.50763 0.47108 -0.63698 0.33859
1413393989705760512 2.45881 0.13443 0.43127 0.51125 0.46954 -0.63717 0.33492
1413393989805760256 2.50104 0.09108 0.44388 0.50703 0.46340 -0.64686 0.33130
1413393989905760512 2.54952 0.05219 0.44711 0.50104 0.44598 -0.66152 0.33535
1413393990005760512 2.59940 0.01739 0.44079 -0.49814 -0.41856 0.67774 -0.34253
1413393990105760512 2.64433 -0.00821 0.42468 0.50561 0.39030 -0.69197 0.33645
1413393990205760512 2.68322 -0.02078 0.39984 0.51659 0.36090 -0.70703 0.32091
1413393990305760256 2.71983 -0.02273 0.36728 0.52308 0.32975 -0.72604 0.30086
1413393990405760512 2.75460 -0.01666 0.33243 0.52398 0.29676 -0.74785 0.27945
1413393990505760512 2.78323 -0.00007 0.30314 0.52279 0.26023 -0.76820 0.26235
1413393990605760512 2.80588 0.02323 0.27690 0.51076 0.22895 -0.79240 0.24251
1413393990705760512 2.81574 0.05864 0.25310 -0.48457 -0.21531 0.82203 -0.20762
1413393990805760256 2.80786 0.09513 0.23582 -0.46429 -0.22223 0.84253 -0.15871
1413393990905760512 2.77989 0.11988 0.22646 -0.45529 -0.23314 0.85107 -0.11848
1413393991005760512 2.73112 0.12302 0.22922 -0.48260 -0.24372 0.83588 -0.09490
1413393991105760512 2.66487 0.09916 0.24080 0.53345 0.24561 -0.80394 0.09375
1413393991205760512 2.59969 0.05946 0.25660 0.59049 0.23572 -0.76344 0.11365
1413393991305760256 2.54712 0.01313 0.27127 0.63879 0.22261 -0.72315 0.13946
1413393991405760512 2.51557 -0.02983 0.28106 0.65556 0.20874 -0.70597 0.16818
1413393991505760512 2.50638 -0.06515 0.28274 0.62708 0.20222 -0.72835 0.18810
1413393991605760512 2.51392 -0.09015 0.28398 0.58164 0.19546 -0.76205 0.20679
1413393991705760512 2.52613 -0.10149 0.28821 0.53432 0.19156 -0.79441 0.21615
1413393991805760256 2.52957 -0.10216 0.29805 0.50691 0.19133 -0.81282 0.21391
1413393991905760512 2.51690 -0.09151 0.32320 0.52541 0.20063 -0.80300 0.19720
1413393992005760512 2.49374 -0.07699 0.35679 0.57273 0.21317 -0.77137 0.17756
1413393992105760512 2.47555 -0.06033 0.38886 0.60826 0.21939 -0.74423 0.16737
1413393992205760512 2.46890 -0.04048 0.40972 0.60165 0.22491 -0.74986 0.15858
1413393992305760256 2.47223 -0.01932 0.42484 0.56808 0.23031 -0.77590 0.14908
1413393992405760512 2.48165 -0.00167 0.43864 0.52975 0.21900 -0.80331 0.16153
1413393992505760512 2.48443 0.01566 0.45040 0.51016 0.20324 -0.81592 0.18085
1413393992605760512 2.47336 0.03252 0.45918 0.52299 0.19556 -0.80750 0.19023
1413393992705760512 2.45361 0.05244 0.46603 0.56555 0.20074 -0.77859 0.18345
1413393992805760256 2.43518 0.07625 0.47065 0.60778 0.20881 -0.74634 0.17315
1413393992905760512 2.42759 0.10460 0.47189 0.62162 0.21733 -0.73489 0.16214
1413393993005760512 2.43378 0.13578 0.46727 0.60138 0.22543 -0.75173 0.14977
1413393993105760512 2.45266 0.16800 0.46485 0.57350 0.23096 -0.77332 0.14047
1413393993205760512 2.47747 0.19504 0.46137 0.53488 0.22994 -0.80097 0.13957
1413393993305760256 2.49850 0.21572 0.45730 -0.48991 -0.22973 0.83006 -0.13493
1413393993405760512 2.50292 0.22484 0.46319 -0.46495 -0.23388 0.84460 -0.12559
1413393993505760512 2.48685 0.21653 0.47801 -0.47285 -0.23952 0.83961 -0.11869
1413393993605760512 2.45320 0.19229 0.50201 0.51402 0.23738 -0.81472 0.12515
1413393993705760512 2.41270 0.15707 0.53138 0.56933 0.23084 -0.77687 0.13804
1413393993805760256 2.37906 0.11964 0.55263 0.61647 0.22365 -0.74004 0.14931
1413393993905760512 2.35899 0.08489 0.55075 0.64691 0.21762 -0.71392 0.15642
1413393994005760512 2.35665 0.05537 0.53099 0.66730 0.21032 -0.69510 0.16528
1413393994105760512 2.38041 0.03629 0.51470 0.67105 0.19919 -0.69068 0.18159
1413393994205760512 2.43733 0.03401 0.51520 0.65941 0.18875 -0.69988 0.19929
1413393994305760256 2.51710 0.04844 0.53155 0.62952 0.18432 -0.72523 0.20923
1413393994405760512 2.61049 0.08011 0.55614 0.58251 0.19182 -0.76413 0.20000
1413393994505760512 2.70688 0.12164 0.56272 0.52185 0.20303 -0.80827 0.18207
1413393994605760512 2.79728 0.16501 0.54784 -0.46392 -0.21142 0.84484 -0.16225
1413393994705760512 2.87044 0.20483 0.51586 -0.41890 -0.21414 0.87041 -0.14510
1413393994805760256 2.91016 0.23134 0.48443 -0.40970 -0.22065 0.87619 -0.12553
1413393994905760512 2.91584 0.23725 0.46623 -0.45193 -0.22542 0.85525 -0.11622
1413393995005760512 2.90454 0.22649 0.45190 -0.49915 -0.21818 0.82972 -0.12175
1413393995105760512 2.89276 0.20442 0.43064 0.53365 0.19930 -0.81031 0.13746
1413393995205760512 2.87351 0.18623 0.40260 0.54739 0.18764 -0.79845 0.16620
1413393995305760256 2.85009 0.16746 0.36804 0.54725 0.18654 -0.79220 0.19528
1413393995405760512 2.82131 0.15388 0.33479 0.54104 0.19957 -0.78675 0.22015
1413393995505760512 2.78701 0.14874 0.30757 0.53501 0.22414 -0.77842 0.23998
1413393995605760512 2.74647 0.15164 0.28568 0.53283 0.25734 -0.76463 0.25537
1413393995705760512 2.70487 0.16149 0.26814 0.53479 0.29840 -0.74364 0.26825
1413393995805760256 2.65987 0.17532 0.25257 0.53659 0.34050 -0.71784 0.28432
1413393995905760512 2.61796 0.19493 0.23966 0.53211 0.37736 -0.69233 0.30845
1413393996005760512 2.58029 0.22261 0.22409 0.52502 0.40950 -0.66803 0.33227
1413393996105760512 2.54551 0.25943 0.20909 0.51656 0.43268 -0.64969 0.35193
1413393996205760512 2.51502 0.30692 0.19316 0.50237 0.44538 -0.64165 0.37088
1413393996305760256 2.48041 0.36167 0.17366 -0.48141 -0.46040 0.64499 -0.37453
1413393996405760512 2.44793 0.42555 0.15021 -0.46722 -0.47548 0.64834 -0.36781
1413393996505760512 2.41252 0.49192 0.11634 -0.45705 -0.48653 0.65202 -0.35954
1413393996605760512 2.37040 0.55691 0.07164 -0.44839 -0.49420 0.65724 -0.35036
1413393996705760512 2.33264 0.61954 0.02664 -0.44143 -0.50129 0.65907 -0.34564
1413393996805760256 2.29479 0.67508 -0.01280 -0.43936 -0.50890 0.65437 -0.34610
1413393996905760512 2.25859 0.72364 -0.04511 -0.43921 -0.51891 0.64491 -0.34915
1413393997005760512 2.22778 0.76622 -0.07229 -0.43652 -0.53093 0.63510 -0.35243
1413393997105760512 2.19598 0.80259 -0.09402 -0.43226 -0.54084 0.62771 -0.35584
1413393997205760512 2.16610 0.83050 -0.11143 -0.43137 -0.54542 0.62067 -0.36222
1413393997305760256 2.14068 0.85357 -0.12606 -0.43397 -0.54739 0.61266 -0.36971
1413393997405760512 2.11534 0.87132 -0.14663 -0.43577 -0.54844 0.60670 -0.37581
1413393997505760512 2.09462 0.88901 -0.18429 -0.43595 -0.54950 0.60362 -0.37900
1413393997605760512 2.07526 0.90503 -0.22844 -0.43770 -0.54906 0.60046 -0.38262
1413393997705760512 2.06212 0.92202 -0.26812 -0.43907 -0.54822 0.59893 -0.38464
1413393997805760256 2.05290 0.93808 -0.30002 -0.43807 -0.54917 0.60012 -0.38258
1413393997905760512 2.04761 0.95267 -0.32524 -0.43705 -0.55006 0.60188 -0.37969
1413393998005760512 2.04583 0.96722 -0.34598 -0.43709 -0.55024 0.60344 -0.37691
1413393998105760512 2.05031 0.98014 -0.36394 -0.43714 -0.55007 0.60561 -0.37360
1413393998205760512 2.05909 0.98809 -0.37836 -0.43970 -0.54751 0.60734 -0.37152
1413393998305760256 2.07077 0.99472 -0.39048 -0.44193 -0.54382 0.60941 -0.37091
1413393998405760512 2.08813 0.99908 -0.39742 -0.44024 -0.54168 0.61366 -0.36905
1413393998505760512 2.10933 1.00149 -0.40000 -0.43187 -0.53771 0.62244 -0.37003
1413393998605760512 2.13266 1.00073 -0.39889 -0.42540 -0.52945 0.62915 -0.37802
1413393998705760512 2.15526 0.99798 -0.40037 -0.42045 -0.51903 0.63348 -0.39055
1413393998805760256 2.17355 0.99409 -0.40502 -0.41703 -0.51186 0.63556 -0.40018
1413393998905760512 2.18589 0.99091 -0.41266 -0.41926 -0.51244 0.63360 -0.40022
1413393999005760512 2.19195 0.98840 -0.42131 -0.43072 -0.51949 0.62553 -0.39157
1413393999105760512 2.19449 0.98486 -0.43247 -0.44367 -0.52804 0.61628 -0.38018
1413393999205760512 2.19835 0.98297 -0.44708 -0.44483 -0.53635 0.61552 -0.36824
1413393999305760256 2.20598 0.97900 -0.46341 -0.43594 -0.53798 0.62202 -0.36554
1413393999405760512 2.21617 0.97183 -0.47884 -0.42369 -0.53160 0.63099 -0.37382
1413393999505760512 2.22548 0.96159 -0.49333 -0.41640 -0.52620 0.63645 -0.38033
1413393999605760512 2.23171 0.94742 -0.50602 -0.41367 -0.51916 0.63903 -0.38858
1413393999705760512 2.23266 0.93060 -0.51763 -0.41302 -0.51460 0.63955 -0.39444
1413393999805760256 2.22743 0.91458 -0.53476 -0.41262 -0.51196 0.63927 -0.39871
1413393999905760512 2.21702 0.89827 -0.56069 -0.41091 -0.51120 0.63963 -0.40086
1413394000005760512 2.20107 0.88197 -0.59043 -0.42378 -0.51681 0.63072 -0.39435
1413394000105760512 2.19925 0.87808 -0.58890 -0.43629 -0.52015 0.62352 -0.38771
1413394000205760512 2.20226 0.88109 -0.57439 -0.45832 -0.52295 0.61089 -0.37852
1413394000305760256 2.20564 0.88645 -0.59191 -0.46428 -0.52304 0.61288 -0.36776
1413394000405760512 2.19760 0.88974 -0.59211 -0.45533 -0.51044 0.62040 -0.38370
1413394000505760512 2.19901 0.88816 -0.59856 -0.45228 -0.51267 0.62288 -0.38030
1413394000605760512 2.19775 0.88862 -0.59670 -0.45273 -0.50874 0.62240 -0.38578
1413394000705760512 2.19811 0.88775 -0.59802 -0.45248 -0.51031 0.62255 -0.38376
1413394000805760256 2.19787 0.88785 -0.59843 -0.45330 -0.50983 0.62192 -0.38447
1413394000905760512 2.19757 0.88779 -0.59871 -0.45286 -0.51015 0.62230 -0.38395
1413394001005760512 2.19770 0.88788 -0.59870 -0.45322 -0.51005 0.62201 -0.38410
1413394001105760512 2.19769 0.88777 -0.59881 -0.45288 -0.51021 0.62229 -0.38386
1413394001205760512 2.19756 0.88787 -0.59882 -0.45307 -0.51006 0.62220 -0.38398
1413394001305760256 2.19754 0.88783 -0.59888 -0.45305 -0.51016 0.62211 -0.38401
1413394001405760512 2.19757 0.88783 -0.59891 -0.45305 -0.51019 0.62207 -0.38403
1413394001505760512 2.19752 0.88785 -0.59894 -0.45315 -0.51010 0.62208 -0.38402
1413394001605760512 2.19748 0.88786 -0.59901 -0.45299 -0.51012 0.62220 -0.38398
1413394001705760512 2.19748 0.88787 -0.59904 -0.45290 -0.51016 0.62219 -0.38406
1413394001805760256 2.19747 0.88787 -0.59909 -0.45283 -0.51016 0.62217 -0.38417
1413394001905760512 2.19744 0.88786 -0.59914 -0.45272 -0.51013 0.62223 -0.38424
1413394002005760512 2.19739 0.88781 -0.59924 -0.45275 -0.51002 0.62226 -0.38430
1413394002105760512 2.19738 0.88784 -0.59925 -0.45289 -0.50992 0.62225 -0.38429
1413394002205760512 2.19735 0.88782 -0.59930 -0.45277 -0.50992 0.62231 -0.38433
1413394002305760256 2.19734 0.88782 -0.59933 -0.45280 -0.50992 0.62225 -0.38439
1413394002405760512 2.19734 0.88784 -0.59936 -0.45280 -0.50987 0.62225 -0.38445
1413394002505760512 2.19733 0.88783 -0.59938 -0.45275 -0.50986 0.62227 -0.38449
1413394002605760512 2.19732 0.88784 -0.59939 -0.45272 -0.50982 0.62230 -0.38453
1413394002705760512 2.19732 0.88785 -0.59940 -0.45269 -0.50980 0.62233 -0.38456
1413394002805760256 2.19729 0.88786 -0.59940 -0.45268 -0.50977 0.62232 -0.38462
1413394002905760512 2.19728 0.88782 -0.59943 -0.45258 -0.50985 0.62241 -0.38448
1413394003005760512 2.19727 0.88782 -0.59946 -0.45251 -0.50983 0.62246 -0.38451
1413394003105760512 2.19727 0.88782 -0.59947 -0.45254 -0.50981 0.62243 -0.38455
1413394003205760512 2.19726 0.88783 -0.59948 -0.45253 -0.50978 0.62243 -0.38460
1413394003305760256 2.19724 0.88782 -0.59950 -0.45245 -0.50978 0.62247 -0.38463
