1413393890355760640 -0.03206 0.01324 0.02779 0.02167 0.80241 -0.04506 0.59468
1413393890455760384 -0.05056 0.02691 0.09565 0.00997 0.80156 -0.02130 0.59745
1413393890555760384 -0.03729 0.05184 0.09681 0.00417 0.79020 -0.01689 0.61261
1413393890655760640 -0.01515 0.07441 0.10300 0.00858 0.78301 -0.01785 0.62169
1413393890755760384 0.00224 0.08920 0.10927 0.01339 0.78878 -0.01748 0.61429
1413393890855760640 0.02420 0.10187 0.12049 0.01826 0.79548 -0.01847 0.60542
1413393890955760384 0.03971 0.11291 0.14125 0.02331 0.79873 -0.02029 0.60089
1413393891055760384 0.04955 0.12593 0.16456 0.02941 0.79992 -0.02254 0.59896
1413393891155760640 0.05103 0.14027 0.18478 0.03332 0.79864 -0.02692 0.60028
1413393891255760384 0.04531 0.15436 0.19544 0.03762 0.79519 -0.03138 0.60437
1413393891355760640 0.04549 0.17337 0.19560 0.03905 0.77629 -0.03063 0.62842
1413393891455760384 0.04171 0.19364 0.18382 0.04266 0.73606 -0.03335 0.67474
1413393891555760384 0.01509 0.21645 0.16613 0.04700 0.70932 -0.03598 0.70239
1413393891655760640 -0.03659 0.24797 0.14889 0.05772 0.70358 -0.03907 0.70719
1413393891755760384 -0.11376 0.28763 0.13773 0.06783 0.70306 -0.04447 0.70649
1413393891855760640 -0.22225 0.32804 0.13246 0.07816 0.70752 -0.05095 0.70051
1413393891955760384 -0.33711 0.40151 0.13526 0.08910 0.72813 -0.06146 0.67683
1413393892055760384 -0.47132 0.47989 0.14125 0.09643 0.75762 -0.07287 0.64141
1413393892155760640 -0.63325 0.53953 0.15124 0.09609 0.77776 -0.07603 0.61651
1413393892255760384 -0.76012 0.64408 0.16869 0.10721 0.78532 -0.08404 0.60391
1413393892355760640 -0.91428 0.71223 0.17473 0.10804 0.78914 -0.08632 0.59844
1413393892455760384 -1.06381 0.77910 0.17032 0.10884 0.79274 -0.08856 0.59320
1413393892555760384 -1.20787 0.84511 0.15562 0.11003 0.79486 -0.09039 0.58985
1413393892655760640 -1.34707 0.91060 0.13215 0.11033 0.80151 -0.09233 0.58042
1413393892755760384 -1.47736 0.97800 0.10649 0.11038 0.81515 -0.09610 0.56046
1413393892855760640 -1.56371 1.05775 0.02643 0.10616 0.83182 -0.08702 0.53781
1413393892955760384 -1.63713 1.14001 -0.00255 0.10879 0.84323 -0.09429 0.51791
1413393893055760384 -1.68928 1.22296 -0.02304 0.11228 0.84924 -0.09805 0.50652
1413393893155760640 -1.72479 1.28947 -0.03946 0.11312 0.84801 -0.09929 0.50815
1413393893255760384 -1.72552 1.34946 -0.04108 0.11623 0.84164 -0.09821 0.51816
1413393893355760640 -1.64638 1.36003 -0.01508 0.10985 0.83768 -0.10261 0.52507
1413393893455760384 -1.56663 1.36473 0.00766 0.10093 0.83385 -0.10893 0.53164
1413393893555760384 -1.49592 1.38263 0.02262 0.09354 0.83193 -0.11386 0.53496
1413393893655760640 -1.41736 1.39465 0.03826 0.08667 0.83048 -0.11850 0.53735
1413393893755760384 -1.32456 1.40083 0.05259 0.08130 0.82771 -0.12360 0.54130
1413393893855760640 -1.22540 1.39968 0.07235 0.08314 0.82050 -0.12428 0.55175
1413393893955760384 -1.11507 1.38055 0.09251 0.08915 0.80868 -0.11976 0.56898
1413393894055760384 -1.00196 1.35648 0.11479 0.09360 0.80082 -0.11672 0.57991
1413393894155760640 -0.88540 1.32718 0.13828 0.09448 0.79764 -0.11644 0.58420
1413393894255760384 -0.76325 1.29555 0.16322 0.09437 0.79688 -0.11790 0.58496
1413393894355760640 -0.64329 1.25544 0.18325 0.09292 0.79590 -0.11946 0.58621
1413393894455760384 -0.51947 1.21278 0.19329 0.09771 0.79604 -0.11796 0.58554
1413393894555760384 -0.39556 1.15777 0.18253 0.10422 0.79468 -0.11523 0.58681
1413393894655760640 -0.26783 1.09809 0.17168 0.11104 0.79354 -0.11250 0.58763
1413393894755760384 -0.13886 1.03151 0.15601 0.11403 0.79215 -0.10962 0.58947
1413393894855760640 -0.01651 0.96625 0.15096 0.11514 0.79162 -0.10951 0.58999
1413393894955760384 0.10518 0.89700 0.14346 0.11727 0.78719 -0.10593 0.59612
1413393895055760384 0.21831 0.82834 0.14524 0.12043 0.78071 -0.10322 0.60442
1413393895155760640 0.32703 0.75894 0.14638 0.12403 0.78103 -0.10164 0.60356
1413393895255760384 0.43931 0.68652 0.14697 0.12561 0.78452 -0.10223 0.59858
1413393895355760640 0.55272 0.61045 0.14628 0.12774 0.78310 -0.10161 0.60009
1413393895455760384 0.66094 0.53424 0.13579 0.13055 0.78076 -0.10177 0.60250
1413393895555760384 0.75813 0.46056 0.11955 0.13527 0.77932 -0.10776 0.60228
1413393895655760640 0.85647 0.38260 0.10313 0.14263 0.77793 -0.11826 0.60042
1413393895755760384 0.93772 0.31144 0.09385 0.15631 0.77163 -0.13002 0.60270
1413393895855760640 1.02521 0.23296 0.08846 0.17200 0.76409 -0.14814 0.60385
1413393895955760384 1.09295 0.16505 0.08553 0.19139 0.75665 -0.17323 0.60071
1413393896055760384 1.14971 0.10253 0.08498 0.21636 0.74939 -0.20172 0.59237
1413393896155760640 1.19742 0.05008 0.08630 0.24275 0.73700 -0.23292 0.58622
1413393896255760384 1.23592 0.00580 0.09009 0.27253 0.71810 -0.26261 0.58404
1413393896355760640 1.26731 -0.02600 0.09465 0.30141 0.69713 -0.29133 0.58162
1413393896455760384 1.29152 -0.04862 0.10267 0.31773 0.67255 -0.32885 0.58187
1413393896555760384 1.31157 -0.06033 0.11184 0.32374 0.65359 -0.37221 0.57400
1413393896655760640 1.33795 -0.09438 0.12198 0.32832 0.63828 -0.41427 0.55963
1413393896755760384 1.33256 -0.07452 0.13251 0.32891 0.62254 -0.45386 0.54614
1413393896855760640 1.32895 -0.06469 0.14999 0.32613 0.60874 -0.48958 0.53234
1413393896955760384 1.31183 -0.06174 0.16528 0.32167 0.60315 -0.52282 0.50931
1413393897055760384 1.28744 -0.07346 0.18025 0.32444 0.61750 -0.54292 0.46762
1413393897155760640 1.26217 -0.11565 0.19128 0.34403 0.63842 -0.54017 0.42695
1413393897255760384 1.23919 -0.17576 0.20248 0.37806 0.65323 -0.51594 0.40517
1413393897355760640 1.21576 -0.23712 0.21381 0.41232 0.65809 -0.48184 0.40588
1413393897455760384 1.20181 -0.30212 0.22745 0.41571 0.65396 -0.46722 0.42570
1413393897555760384 1.21347 -0.37180 0.24710 0.40520 0.64921 -0.46427 0.44586
1413393897655760640 1.23298 -0.43473 0.26317 0.39098 0.65023 -0.46661 0.45455
1413393897755760384 1.26132 -0.49508 0.27952 0.38275 0.65363 -0.46794 0.45531
1413393897855760640 1.37985 -0.57340 0.26625 0.38399 0.65620 -0.47110 0.44723
1413393897955760384 1.43746 -0.62228 0.26810 0.39278 0.65498 -0.47388 0.43836
1413393898055760384 1.50661 -0.66775 0.27218 0.41107 0.64876 -0.47860 0.42553
1413393898155760640 1.59498 -0.73347 0.27473 0.43251 0.63103 -0.48237 0.42669
1413393898255760384 1.68576 -0.79170 0.28887 0.45288 0.59859 -0.48852 0.44490
1413393898355760640 1.77407 -0.83186 0.31083 0.46397 0.56342 -0.49401 0.47249
1413393898455760384 1.86464 -0.84167 0.33335 0.46867 0.52690 -0.49629 0.50638
1413393898555760384 1.94872 -0.82818 0.34740 0.44979 0.51004 -0.51260 0.52420
1413393898655760640 2.02235 -0.78430 0.34405 -0.40964 -0.52691 0.54753 -0.50474
1413393898755760384 2.08185 -0.72464 0.33230 -0.36629 -0.55386 0.58348 -0.46757
1413393898855760640 2.13214 -0.67088 0.32091 -0.32386 -0.58294 0.61634 -0.41884
1413393898955760384 2.18883 -0.64717 0.32723 -0.29536 -0.60466 0.63703 -0.37595
1413393899055760384 2.21356 -0.62755 0.33997 -0.29368 -0.62356 0.63977 -0.34001
1413393899155760640 2.23790 -0.65356 0.37383 0.33589 0.62884 -0.61427 0.33825
1413393899255760384 2.23972 -0.68838 0.41910 0.40188 0.60448 -0.57177 0.38232
1413393899355760640 2.26711 -0.73227 0.46711 0.45816 0.56200 -0.52845 0.44157
1413393899455760384 2.28980 -0.76714 0.51174 0.48649 0.52679 -0.49477 0.49094
1413393899555760384 2.33854 -0.78209 0.55292 0.49909 0.49070 -0.47470 0.53365
1413393899655760640 2.35735 -0.73418 0.59121 0.48608 0.47567 -0.47214 0.56084
1413393899755760384 2.37501 -0.65902 0.61302 0.44428 0.49521 -0.50026 0.55418
1413393899855760640 2.36925 -0.54586 0.62646 -0.38565 -0.53014 0.54384 -0.52389
1413393899955760384 2.36387 -0.42250 0.63538 -0.31914 -0.56918 0.59200 -0.47299
1413393900055760384 2.33047 -0.30321 0.63805 -0.27314 -0.59463 0.62631 -0.42372
1413393900155760640 2.27450 -0.21034 0.64385 -0.26043 -0.61093 0.64063 -0.38542
1413393900255760384 2.21301 -0.14095 0.64832 -0.27311 -0.62685 0.63856 -0.35313
1413393900355760640 2.12837 -0.10957 0.65637 0.30966 0.63976 -0.61831 0.33541
1413393900455760384 2.03651 -0.14129 0.65524 0.35695 0.64006 -0.58300 0.35076
1413393900555760384 1.97697 -0.15235 0.65137 0.40640 0.61995 -0.54977 0.38504
1413393900655760640 1.92709 -0.17491 0.64144 0.45234 0.58498 -0.51590 0.43247
1413393900755760384 1.88237 -0.17003 0.61456 0.47944 0.55122 -0.48950 0.47612
1413393900855760640 1.84778 -0.17523 0.58393 0.47900 0.53087 -0.48616 0.50239
1413393900955760384 1.81784 -0.11320 0.54319 0.45048 0.53455 -0.50737 0.50388
1413393901055760384 1.75453 -0.02776 0.51340 0.40611 0.55087 -0.54074 0.48909
1413393901155760640 1.70760 0.05586 0.48819 0.36987 0.58235 -0.56938 0.44708
1413393901255760384 1.64872 0.14262 0.47004 0.35033 0.61462 -0.58387 0.39825
1413393901355760640 1.58866 0.21733 0.46511 0.34124 0.63424 -0.59034 0.36440
1413393901455760384 1.53151 0.25389 0.46573 0.33447 0.64499 -0.59504 0.34358
1413393901555760384 1.48739 0.27748 0.47167 0.33548 0.65287 -0.59422 0.32881
1413393901655760640 1.44833 0.23905 0.47757 0.35237 0.65680 -0.58116 0.32665
1413393901755760384 1.41888 0.20753 0.49877 0.38843 0.64778 -0.55553 0.34769
1413393901855760640 1.40051 0.16180 0.51968 0.41306 0.62912 -0.53795 0.37974
1413393901955760384 1.36232 0.13632 0.53617 0.41315 0.61983 -0.53495 0.39868
1413393902055760384 1.38784 0.14127 0.59928 0.41119 0.61510 -0.53970 0.40163
1413393902155760640 1.40566 0.09965 0.62370 0.41158 0.61435 -0.54031 0.40155
1413393902255760384 1.41006 0.01959 0.61946 0.41245 0.61484 -0.53977 0.40063
1413393902355760640 1.44134 -0.06681 0.61922 0.41346 0.61525 -0.53926 0.39964
1413393902455760384 1.48337 -0.12287 0.63144 0.41769 0.61315 -0.53645 0.40225
1413393902555760384 1.53244 -0.21718 0.60659 0.42094 0.61071 -0.53418 0.40558
1413393902655760640 1.59089 -0.31436 0.59857 0.41950 0.61108 -0.53543 0.40488
1413393902755760384 1.65731 -0.41076 0.60417 0.41691 0.61153 -0.53751 0.40411
1413393902855760640 1.72872 -0.46660 0.63950 0.40166 0.60812 -0.54953 0.40851
1413393902955760384 1.80514 -0.57319 0.65712 0.37505 0.60527 -0.56904 0.41132
1413393903055760384 1.88136 -0.68246 0.68105 0.35592 0.60123 -0.58300 0.41466
1413393903155760640 1.95402 -0.80795 0.70640 0.36116 0.59861 -0.58005 0.41807
1413393903255760384 2.02137 -0.91303 0.74101 0.37630 0.59584 -0.57175 0.42010
1413393903355760640 2.08192 -1.01996 0.77177 0.39202 0.58964 -0.57031 0.41639
1413393903455760384 2.13746 -1.11466 0.79262 -0.40584 -0.57367 0.58130 -0.41022
1413393903555760384 2.19100 -1.20852 0.79090 -0.41732 -0.54901 0.59984 -0.40574
1413393903655760640 2.24098 -1.29861 0.78281 -0.43246 -0.51691 0.61467 -0.40983
1413393903755760384 2.28510 -1.38049 0.77603 -0.44363 -0.48832 0.62913 -0.41101
1413393903855760640 2.32182 -1.45573 0.77277 -0.44367 -0.46761 0.64592 -0.40901
1413393903955760384 2.35185 -1.52672 0.77122 -0.43843 -0.45134 0.66102 -0.40882
1413393904055760384 2.36934 -1.59037 0.77334 -0.43691 -0.44273 0.66951 -0.40602
1413393904155760640 2.35874 -1.64120 0.76568 -0.44115 -0.44408 0.67105 -0.39734
1413393904255760384 2.34712 -1.69080 0.75950 -0.44469 -0.45100 0.67142 -0.38476
1413393904355760640 2.32411 -1.73157 0.75908 -0.45003 -0.45460 0.66884 -0.37876
1413393904455760384 2.27617 -1.76788 0.76803 -0.45313 -0.45336 0.66971 -0.37500
1413393904555760384 2.22909 -1.80899 0.79828 -0.46108 -0.44903 0.67233 -0.36573
1413393904655760640 2.17805 -1.84533 0.83011 -0.46862 -0.45563 0.68106 -0.33008
1413393904755760384 2.12577 -1.88141 0.85361 -0.46945 -0.45754 0.69694 -0.29076
1413393904855760640 2.07367 -1.92356 0.87089 -0.47362 -0.44961 0.71110 -0.26053
1413393904955760384 2.02323 -1.97308 0.88470 -0.49101 -0.43041 0.71684 -0.24455
1413393905055760384 1.97515 -2.03713 0.88972 0.51819 0.40205 -0.71620 0.23853
1413393905155760640 1.93207 -2.10769 0.88074 0.53865 0.37287 -0.71937 0.23094
1413393905255760384 1.89044 -2.17635 0.85943 0.54982 0.34172 -0.72787 0.22611
1413393905355760640 1.86248 -2.24371 0.83179 0.55638 0.30969 -0.73905 0.21984
1413393905455760384 1.83533 -2.31174 0.80932 0.56101 0.28134 -0.74971 0.20987
1413393905555760384 1.81372 -2.37354 0.78980 0.56214 0.25181 -0.76203 0.19977
1413393905655760640 1.79392 -2.43176 0.77218 0.55870 0.21808 -0.77647 0.19336
1413393905755760384 1.77326 -2.48572 0.75861 0.55951 0.18291 -0.78619 0.18816
1413393905855760640 1.75266 -2.53697 0.74000 0.55400 0.14841 -0.79804 0.18489
1413393905955760384 1.72901 -2.56492 0.72954 0.53974 0.12020 -0.81434 0.17627
1413393906055760384 1.68978 -2.58824 0.72947 0.53328 0.10321 -0.82533 0.15425
1413393906155760640 1.63502 -2.61036 0.73440 0.54268 0.10005 -0.82565 0.11744
1413393906255760384 1.57113 -2.63103 0.73402 0.56416 0.09836 -0.81554 0.08334
1413393906355760640 1.50588 -2.64639 0.72467 0.58278 0.09322 -0.80512 0.05876
1413393906455760384 1.44476 -2.65900 0.70333 0.59277 0.08360 -0.79976 0.04499
1413393906555760384 1.38971 -2.67185 0.66835 0.59829 0.06858 -0.79739 0.03892
1413393906655760640 1.33888 -2.68554 0.62051 0.60092 0.04596 -0.79683 0.04296
1413393906755760384 1.29398 -2.69844 0.57121 0.60026 0.01985 -0.79743 0.05838
1413393906855760640 1.25442 -2.70398 0.52512 0.60414 0.00286 -0.79401 0.06750
1413393906955760384 1.21911 -2.70289 0.48156 0.61048 -0.00279 -0.78926 0.06619
1413393907055760384 1.18960 -2.69426 0.43960 0.61254 0.00268 -0.78857 0.05415
1413393907155760640 1.16806 -2.67883 0.39937 0.60964 0.01431 -0.79177 0.03509
1413393907255760384 1.15341 -2.66088 0.36057 0.60651 0.03001 -0.79444 0.01032
1413393907355760640 1.14155 -2.64774 0.32380 0.60330 0.05112 -0.79557 -0.02196
1413393907455760384 1.12962 -2.64736 0.28988 0.59746 0.05305 -0.79967 -0.02745
1413393907555760384 1.11672 -2.66216 0.26895 0.59520 0.03755 -0.80268 -0.00578
1413393907655760640 1.12467 -2.67472 0.26452 0.59556 0.02460 -0.80283 0.01295
1413393907755760384 1.13174 -2.69423 0.26415 0.59104 0.01734 -0.80616 0.02190
1413393907855760640 1.13241 -2.71125 0.23527 0.59376 0.01364 -0.80410 0.02616
1413393907955760384 1.13762 -2.72606 0.18889 0.60001 0.01328 -0.79948 0.02545
1413393908055760384 1.14682 -2.73691 0.13455 0.60402 0.01723 -0.79659 0.01752
1413393908155760640 1.16387 -2.74674 0.08614 0.59822 0.01956 -0.80101 0.01157
1413393908255760384 1.18433 -2.75930 0.04739 0.59414 0.02051 -0.80407 0.00763
1413393908355760640 1.20883 -2.77539 0.02134 0.60458 0.01939 -0.79627 0.00744
1413393908455760384 1.23725 -2.79387 -0.00233 0.60654 0.01688 -0.79483 0.00835
1413393908555760384 1.27473 -2.80772 -0.02759 0.60054 0.01507 -0.79941 0.00843
1413393908655760640 1.31485 -2.82787 -0.05159 0.59255 0.00811 -0.80536 0.01429
1413393908755760384 1.35231 -2.84415 -0.07370 0.58932 -0.01520 -0.80653 0.04441
1413393908855760640 1.38978 -2.84985 -0.07971 0.59965 -0.02975 -0.79734 0.06152
1413393908955760384 1.42953 -2.84035 -0.06316 0.60811 -0.01763 -0.79261 0.04083
1413393909055760384 1.47418 -2.82209 -0.04179 0.60329 -0.00166 -0.79740 0.01399
1413393909155760640 1.52021 -2.80227 -0.01178 0.59759 0.00702 -0.80176 -0.00407
1413393909255760384 1.57563 -2.78246 0.01503 0.59717 0.00866 -0.80197 -0.01252
1413393909355760640 1.63003 -2.77121 0.03125 0.59824 0.00866 -0.80104 -0.01939
1413393909455760384 1.68976 -2.76170 0.03555 0.59719 0.00645 -0.80176 -0.02245
1413393909555760384 1.75040 -2.75765 0.02700 0.59401 0.00366 -0.80412 -0.02302
1413393909655760640 1.81491 -2.75850 0.00672 0.58016 0.00044 -0.81412 -0.02501
1413393909755760384 1.87663 -2.76255 -0.02381 0.56096 -0.00376 -0.82735 -0.02832
1413393909855760640 1.93318 -2.77103 -0.06073 0.54637 -0.00889 -0.83691 -0.03128
1413393909955760384 1.98028 -2.78498 -0.10596 0.53465 -0.01400 -0.84425 -0.03471
1413393910055760384 2.01271 -2.80693 -0.15529 0.52521 -0.01873 -0.84992 -0.03803
1413393910155760640 2.03148 -2.83220 -0.19322 0.51753 -0.02635 -0.85446 -0.03693
1413393910255760384 2.03086 -2.86227 -0.20893 0.51200 -0.03125 -0.85761 -0.03728
1413393910355760640 1.99957 -2.89259 -0.20858 0.50276 -0.03821 -0.86291 -0.03408
1413393910455760384 1.93802 -2.92629 -0.18639 -0.49169 0.05183 0.86899 0.02014
1413393910555760384 1.86288 -2.94553 -0.17164 -0.48584 0.05824 0.87207 0.00740
1413393910655760640 1.77324 -2.96325 -0.16414 -0.49381 0.05586 0.86777 0.00162
1413393910755760384 1.66504 -2.97643 -0.16740 0.50966 -0.05293 -0.85872 0.00624
1413393910855760640 1.54219 -2.98101 -0.18114 0.52412 -0.04278 -0.85052 0.00875
1413393910955760384 1.40911 -2.98190 -0.20158 0.54384 -0.02865 -0.83865 0.00905
1413393911055760384 1.26775 -2.97777 -0.23072 0.56348 -0.01396 -0.82593 0.01194
1413393911155760640 1.12458 -2.97145 -0.26427 0.57503 -0.00205 -0.81793 0.01816
1413393911255760384 0.98151 -2.96202 -0.29958 0.58156 0.00829 -0.81320 0.02059
1413393911355760640 0.84191 -2.95134 -0.33191 0.59226 0.01522 -0.80534 0.02042
1413393911455760384 0.70723 -2.94051 -0.35942 0.60934 0.02062 -0.79250 0.01507
1413393911555760384 0.58225 -2.93091 -0.38142 0.61828 0.02355 -0.78557 0.00802
1413393911655760640 0.47186 -2.92540 -0.38777 0.62661 0.02303 -0.77899 0.00365
1413393911755760384 0.37928 -2.92167 -0.37730 0.62328 0.02020 -0.78174 -0.00115
1413393911855760640 0.30087 -2.92706 -0.36075 0.60447 0.01663 -0.79644 -0.00453
1413393911955760384 0.23944 -2.93412 -0.32934 0.57861 -0.00002 -0.81553 0.01132
1413393912055760384 0.17243 -2.93953 -0.28231 0.54383 -0.01721 -0.83857 0.02734
1413393912155760640 0.09274 -2.94122 -0.22305 0.51876 -0.02805 -0.85379 0.03382
1413393912255760384 -0.00908 -2.93422 -0.16032 0.50419 -0.03377 -0.86228 0.03359
1413393912355760640 -0.12637 -2.92034 -0.09645 0.50253 -0.03752 -0.86318 0.03122
1413393912455760384 -0.26394 -2.89872 -0.02732 0.52238 -0.03908 -0.85137 0.02768
1413393912555760384 -0.41731 -2.87147 0.03940 0.54927 -0.03777 -0.83443 0.02446
1413393912655760640 -0.57192 -2.83753 0.09403 0.56741 -0.03375 -0.82248 0.02090
1413393912755760384 -0.73337 -2.80067 0.13259 0.58291 -0.02713 -0.81194 0.01521
1413393912855760640 -0.88948 -2.75924 0.16119 0.59381 -0.02393 -0.80423 0.00555
1413393912955760384 -1.04362 -2.71585 0.17702 0.59769 -0.03029 -0.80114 -0.00560
1413393913055760384 -1.19233 -2.66927 0.18380 0.59857 -0.05133 -0.79937 -0.00951
1413393913155760640 -1.32973 -2.61869 0.18342 0.60474 -0.08045 -0.79225 -0.01271
1413393913255760384 -1.45676 -2.56637 0.17385 0.61026 -0.11404 -0.78374 -0.01840
1413393913355760640 -1.57365 -2.50183 0.16140 0.60748 -0.14826 -0.77980 -0.02982
1413393913455760384 -1.67931 -2.43028 0.14569 0.60507 -0.18602 -0.77299 -0.04202
1413393913555760384 -1.77196 -2.34780 0.13329 0.60827 -0.22097 -0.75970 -0.06352
1413393913655760640 -1.84842 -2.25292 0.13147 0.61314 -0.25090 -0.74318 -0.09370
1413393913755760384 -1.91655 -2.14761 0.14112 0.61555 -0.27855 -0.72632 -0.12637
1413393913855760640 -1.94445 -2.03901 0.14889 0.61391 -0.30650 -0.71076 -0.15489
1413393913955760384 -1.98164 -1.92522 0.17014 0.60673 -0.33399 -0.69834 -0.18070
1413393914055760384 -1.98510 -1.81493 0.19120 0.59966 -0.35358 -0.68385 -0.21850
1413393914155760640 -1.96577 -1.70909 0.21522 0.58067 -0.37133 -0.67617 -0.26023
1413393914255760384 -1.93349 -1.61205 0.23649 0.54647 -0.39589 -0.67810 -0.29125
1413393914355760640 -1.89069 -1.52608 0.26124 0.51861 -0.42353 -0.67335 -0.31347
1413393914455760384 -1.84557 -1.44647 0.28516 -0.49813 0.45366 0.66228 0.32778
1413393914555760384 -1.80253 -1.36923 0.31294 -0.48548 0.48308 0.64617 0.33677
1413393914655760640 -1.77307 -1.28884 0.32878 -0.47770 0.50887 0.62674 0.34648
1413393914755760384 -1.71103 -1.21884 0.36565 -0.47083 0.53613 0.60635 0.35103
1413393914855760640 -1.65682 -1.14279 0.39611 -0.45902 0.56262 0.58892 0.35488
1413393914955760384 -1.59719 -1.06493 0.42656 -0.43850 0.57736 0.58323 0.36636
1413393915055760384 -1.53669 -0.98023 0.45725 -0.41546 0.58624 0.58513 0.37595
1413393915155760640 -1.47357 -0.89125 0.49079 -0.40009 0.59125 0.58741 0.38118
1413393915255760384 -1.41051 -0.80271 0.52154 -0.39228 0.59318 0.58836 0.38483
1413393915355760640 -1.35107 -0.70159 0.54496 -0.39302 0.58689 0.59088 0.38982
1413393915455760384 -1.29613 -0.59516 0.56160 -0.39757 0.56533 0.59967 0.40340
1413393915555760384 -1.25185 -0.48759 0.57589 -0.40337 0.54447 0.60788 0.41392
1413393915655760640 -1.21519 -0.38178 0.58845 -0.41464 0.53489 0.61042 0.41152
1413393915755760384 -1.18709 -0.27951 0.60266 -0.42049 0.52722 0.61407 0.41006
1413393915855760640 -1.17247 -0.18865 0.61468 -0.42026 0.52032 0.61950 0.41094
1413393915955760384 -1.17080 -0.10850 0.62189 -0.41972 0.51574 0.62356 0.41113
1413393916055760384 -1.18078 -0.03102 0.62872 -0.42011 0.50920 0.62564 0.41570
1413393916155760640 -1.19538 0.04167 0.64184 -0.42041 0.50291 0.62630 0.42200
1413393916255760384 -1.22820 0.10393 0.65208 -0.42461 0.50684 0.61862 0.42441
1413393916355760640 -1.26175 0.16587 0.66549 -0.42775 0.52357 0.60457 0.42120
1413393916455760384 -1.29574 0.23217 0.68536 -0.42167 0.54603 0.58913 0.42067
1413393916555760384 -1.33082 0.28697 0.70844 -0.40971 0.57041 0.56991 0.42658
