1413393891055760384 0.31080 0.31034 0.34668 0.06407 0.82125 -0.03755 0.56571
1413393891155760640 0.29430 0.36882 0.42687 0.05172 0.81855 -0.03015 0.57130
1413393891255760384 0.31087 0.40197 0.45572 0.05259 0.81841 -0.03552 0.57112
1413393891355760640 0.32569 0.44021 0.47207 0.05620 0.80210 -0.03811 0.59331
1413393891455760384 0.33310 0.47841 0.47255 0.05627 0.76616 -0.04212 0.63879
1413393891555760384 0.31628 0.51442 0.46131 0.05692 0.74270 -0.04739 0.66551
1413393891655760640 0.26803 0.55600 0.45618 0.06015 0.73872 -0.04960 0.66949
1413393891755760384 0.19030 0.59690 0.45130 0.06041 0.73921 -0.05149 0.66878
1413393891855760640 0.09689 0.63826 0.45282 0.06157 0.74479 -0.05348 0.66230
1413393891955760384 -0.02487 0.68874 0.46717 0.06168 0.76537 -0.05714 0.63808
1413393892055760384 -0.16285 0.74684 0.46740 0.06069 0.79299 -0.06163 0.60307
1413393892155760640 -0.30599 0.81601 0.46919 0.06205 0.80977 -0.06427 0.57991
1413393892255760384 -0.45731 0.87088 0.47944 0.06396 0.81644 -0.06429 0.57026
1413393892355760640 -0.60654 0.91834 0.48241 0.06424 0.81859 -0.06539 0.56702
1413393892455760384 -0.75548 0.96452 0.47568 0.06415 0.82068 -0.06630 0.56390
1413393892555760384 -0.89038 1.01036 0.46844 0.06424 0.82261 -0.06660 0.56102
1413393892655760640 -1.03374 1.05932 0.43778 0.06312 0.82794 -0.06582 0.55336
1413393892755760384 -1.16134 1.12515 0.40665 0.06442 0.84008 -0.06946 0.53412
1413393892855760640 -1.27516 1.18655 0.38078 0.06493 0.85359 -0.07078 0.51201
1413393892955760384 -1.36936 1.24483 0.36166 0.06301 0.86457 -0.07101 0.49346
1413393893055760384 -1.43440 1.30228 0.35046 0.06277 0.87045 -0.06980 0.48322
1413393893155760640 -1.46533 1.35356 0.34861 0.06113 0.86959 -0.06883 0.48512
1413393893255760384 -1.46899 1.40545 0.35423 0.06189 0.86361 -0.06677 0.49587
1413393893355760640 -1.45068 1.45620 0.36411 0.05554 0.85857 -0.07250 0.50449
1413393893455760384 -1.38530 1.48261 0.38610 0.04590 0.85468 -0.07945 0.51098
1413393893555760384 -1.32629 1.51746 0.40275 0.03744 0.85265 -0.08417 0.51430
1413393893655760640 -1.25204 1.54425 0.42040 0.02894 0.85136 -0.08817 0.51631
1413393893755760384 -1.16413 1.56678 0.43898 0.02221 0.84862 -0.09303 0.52028
1413393893855760640 -1.06349 1.58036 0.46079 0.02233 0.84162 -0.09394 0.53137
1413393893955760384 -0.95103 1.58360 0.48507 0.02658 0.82998 -0.09042 0.54977
1413393894055760384 -0.83209 1.58114 0.50859 0.02966 0.82220 -0.08802 0.56157
1413393894155760640 -0.70692 1.56740 0.53261 0.02842 0.81924 -0.08752 0.56603
1413393894255760384 -0.58222 1.54980 0.55574 0.02617 0.81846 -0.08840 0.56712
1413393894355760640 -0.45783 1.52656 0.57483 0.02400 0.81774 -0.08987 0.56802
1413393894455760384 -0.33182 1.49657 0.57606 0.02645 0.81769 -0.08737 0.56837
1413393894555760384 -0.20483 1.46188 0.56197 0.03113 0.81600 -0.08412 0.57105
1413393894655760640 -0.07658 1.42226 0.54009 0.03599 0.81454 -0.08073 0.57333
1413393894755760384 0.05054 1.37834 0.51873 0.03848 0.81305 -0.07808 0.57565
1413393894855760640 0.17595 1.33179 0.50037 0.03765 0.81197 -0.07733 0.57733
1413393894955760384 0.30254 1.28488 0.48621 0.03936 0.80741 -0.07443 0.58396
1413393895055760384 0.42572 1.23716 0.47483 0.04061 0.80056 -0.07178 0.59356
1413393895155760640 0.54463 1.18861 0.46661 0.04255 0.80044 -0.06930 0.59387
1413393895255760384 0.65956 1.14002 0.46131 0.04259 0.80348 -0.06851 0.58984
1413393895355760640 0.77023 1.09241 0.45371 0.04332 0.80158 -0.06732 0.59250
1413393895455760384 0.87241 1.04479 0.43566 0.04500 0.79884 -0.06696 0.59610
1413393895555760384 0.97141 0.99613 0.41147 0.04850 0.79777 -0.07219 0.59666
1413393895655760640 1.07026 0.94614 0.38978 0.05499 0.79735 -0.08207 0.59538
1413393895755760384 1.16159 0.89623 0.37437 0.06797 0.79268 -0.09386 0.59853
1413393895855760640 1.24606 0.84672 0.36318 0.08340 0.78724 -0.11222 0.60059
1413393895955760384 1.32145 0.79767 0.35472 0.10291 0.78282 -0.13734 0.59811
1413393896055760384 1.39185 0.74978 0.34584 0.12857 0.77924 -0.16560 0.59063
1413393896155760640 1.45353 0.70678 0.34011 0.15615 0.77086 -0.19738 0.58518
1413393896255760384 1.50842 0.66878 0.33911 0.18671 0.75617 -0.22812 0.58421
1413393896355760640 1.55653 0.63694 0.33951 0.21646 0.73905 -0.25848 0.58322
1413393896455760384 1.59530 0.61483 0.34479 0.23427 0.71834 -0.29839 0.58315
1413393896555760384 1.62317 0.60291 0.35265 0.24307 0.70228 -0.34419 0.57381
1413393896655760640 1.64424 0.59279 0.36213 0.25107 0.68938 -0.38812 0.55774
1413393896755760384 1.66782 0.57808 0.37321 0.25514 0.67492 -0.43035 0.54239
1413393896855760640 1.67717 0.56127 0.38582 0.25837 0.65902 -0.47092 0.52648
1413393896955760384 1.67571 0.54030 0.39925 0.25947 0.65090 -0.50754 0.50140
1413393897055760384 1.65910 0.51088 0.40932 0.26839 0.66090 -0.52964 0.45897
1413393897155760640 1.63637 0.46549 0.41544 0.29404 0.67638 -0.52953 0.41911
1413393897255760384 1.61099 0.40680 0.42116 0.33584 0.68318 -0.51194 0.39799
1413393897355760640 1.60422 0.33654 0.42742 0.37648 0.68170 -0.48495 0.39796
1413393897455760384 1.61174 0.26259 0.43051 0.38662 0.67098 -0.47807 0.41444
1413393897555760384 1.63406 0.18949 0.43241 0.38162 0.66081 -0.48013 0.43264
1413393897655760640 1.66656 0.11790 0.43230 0.37156 0.65785 -0.48476 0.44067
1413393897755760384 1.70681 0.04579 0.43581 0.36529 0.65938 -0.48603 0.44222
1413393897855760640 1.75283 -0.02744 0.44363 0.36570 0.66170 -0.48364 0.44103
1413393897955760384 1.80302 -0.09786 0.45499 0.37358 0.66096 -0.48488 0.43412
1413393898055760384 1.85828 -0.16643 0.46889 0.39167 0.65508 -0.48837 0.42303
1413393898155760640 1.92271 -0.23172 0.48671 0.41871 0.63450 -0.49173 0.42460
1413393898255760384 1.99727 -0.28864 0.50702 0.44409 0.59926 -0.49858 0.44169
1413393898355760640 2.07919 -0.32985 0.52997 0.45964 0.56139 -0.50511 0.46737
1413393898455760384 2.16679 -0.35006 0.55555 0.46770 0.52280 -0.50820 0.49967
1413393898555760384 2.24612 -0.34220 0.57342 -0.45171 -0.50366 0.52519 -0.51621
1413393898655760640 2.32168 -0.31556 0.57448 -0.41251 -0.51865 0.56074 -0.49639
1413393898755760384 2.38427 -0.27028 0.56619 -0.36930 -0.54394 0.59729 -0.45934
1413393898855760640 2.43331 -0.22322 0.55284 -0.32626 -0.57170 0.63053 -0.41126
1413393898955760384 2.45664 -0.18287 0.54503 -0.29853 -0.59114 0.65219 -0.36889
1413393899055760384 2.46651 -0.17290 0.54998 -0.29684 -0.60911 0.65582 -0.33283
1413393899155760640 2.47662 -0.20646 0.57307 -0.34003 -0.61400 0.63136 -0.32979
1413393899255760384 2.48947 -0.26689 0.61225 0.40766 0.59042 -0.58926 0.37146
1413393899355760640 2.50981 -0.33140 0.65340 0.46537 0.54930 -0.54519 0.42951
1413393899455760384 2.53191 -0.37805 0.69076 0.49699 0.51316 -0.51262 0.47633
1413393899555760384 2.55523 -0.39465 0.72982 0.50853 0.47947 -0.48957 0.52137
1413393899655760640 2.57642 -0.37242 0.75962 0.49668 0.46405 -0.48721 0.54826
1413393899755760384 2.59001 -0.31137 0.77574 0.45457 0.48272 -0.51565 0.54263
1413393899855760640 2.59388 -0.22020 0.78372 -0.39510 -0.51634 0.56014 -0.51336
1413393899955760384 2.58352 -0.11293 0.78556 -0.32689 -0.55401 0.60887 -0.46421
1413393900055760384 2.56063 -0.00731 0.78433 -0.27976 -0.57840 0.64372 -0.41571
1413393900155760640 2.51219 0.07718 0.78284 -0.26629 -0.59416 0.65849 -0.37743
1413393900255760384 2.44706 0.12826 0.77953 -0.27794 -0.61029 0.65678 -0.34486
1413393900355760640 2.37595 0.14581 0.77530 -0.31468 -0.62305 0.63782 -0.32553
1413393900455760384 2.30560 0.13713 0.77123 0.36658 0.61807 -0.60904 0.33568
1413393900555760384 2.24032 0.11420 0.75625 0.41752 0.59913 -0.57558 0.36801
1413393900655760640 2.18629 0.08455 0.73344 0.46501 0.56625 -0.53989 0.41430
1413393900755760384 2.14338 0.06756 0.70154 0.49420 0.53313 -0.51303 0.45644
1413393900855760640 2.10175 0.07275 0.66472 0.49466 0.51309 -0.50835 0.48335
1413393900955760384 2.07160 0.10368 0.62402 -0.46581 -0.51593 0.53009 -0.48563
1413393901055760384 2.02743 0.16687 0.59075 -0.42087 -0.53073 0.56417 -0.47212
1413393901155760640 1.98478 0.23807 0.55705 -0.38281 -0.56097 0.59380 -0.43147
1413393901255760384 1.92892 0.31383 0.53613 -0.36121 -0.59259 0.60940 -0.38341
1413393901355760640 1.88264 0.36715 0.51800 -0.35088 -0.61186 0.61665 -0.34965
1413393901455760384 1.83159 0.40101 0.50409 0.34362 0.62215 -0.62177 0.32902
1413393901555760384 1.78246 0.40288 0.49863 0.34382 0.63017 -0.62122 0.31424
1413393901655760640 1.73966 0.38111 0.49860 0.36139 0.63380 -0.60899 0.31117
1413393901755760384 1.70427 0.33292 0.50258 0.39831 0.62588 -0.58320 0.33093
1413393901855760640 1.68960 0.26524 0.51174 0.42437 0.60786 -0.56527 0.36178
1413393901955760384 1.68297 0.19544 0.51230 0.42689 0.59648 -0.56467 0.37832
1413393902055760384 1.68754 0.12844 0.51439 0.42386 0.59260 -0.56807 0.38271
1413393902155760640 1.69757 0.05967 0.52129 0.42410 0.59180 -0.56864 0.38284
1413393902255760384 1.71330 -0.01517 0.52976 0.42524 0.59203 -0.56829 0.38172
1413393902355760640 1.73641 -0.09146 0.53796 0.42622 0.59234 -0.56790 0.38073
1413393902455760384 1.76706 -0.16919 0.54060 0.43030 0.59036 -0.56512 0.38336
1413393902555760384 1.80532 -0.25064 0.53658 0.43365 0.58792 -0.56294 0.38651
1413393902655760640 1.85020 -0.32757 0.53996 0.43226 0.58800 -0.56420 0.38612
1413393902755760384 1.90402 -0.40499 0.55436 0.42979 0.58810 -0.56630 0.38565
1413393902855760640 1.96723 -0.48236 0.58075 0.41449 0.58411 -0.57832 0.39058
1413393902955760384 2.03266 -0.56476 0.60876 -0.38832 -0.57994 0.59772 -0.39447
1413393903055760384 2.09356 -0.64930 0.63923 -0.36946 -0.57488 0.61154 -0.39879
1413393903155760640 2.15514 -0.75219 0.67389 -0.37530 -0.57196 0.60896 -0.40148
1413393903255760384 2.20500 -0.84879 0.70994 -0.39068 -0.56936 0.60080 -0.40278
1413393903355760640 2.25321 -0.95525 0.74128 -0.40638 -0.56308 0.59944 -0.39807
1413393903455760384 2.29383 -1.05751 0.75780 -0.41992 -0.54659 0.60994 -0.39100
1413393903555760384 2.33200 -1.15887 0.75270 -0.43116 -0.52105 0.62757 -0.38570
1413393903655760640 2.36715 -1.25778 0.73805 -0.44646 -0.48831 0.64112 -0.38883
1413393903755760384 2.39629 -1.34966 0.72466 -0.45775 -0.45903 0.65441 -0.38924
1413393903855760640 2.41983 -1.43498 0.71422 -0.45774 -0.43745 0.67032 -0.38702
1413393903955760384 2.43749 -1.51544 0.70816 -0.45260 -0.42036 0.68468 -0.38686
1413393904055760384 2.44433 -1.58561 0.70673 -0.45104 -0.41124 0.69277 -0.38407
1413393904155760640 2.44054 -1.64690 0.69987 -0.45557 -0.41203 0.69453 -0.37459
1413393904255760384 2.42612 -1.70112 0.68819 -0.45874 -0.41869 0.69531 -0.36167
1413393904355760640 2.39978 -1.74262 0.68983 -0.46388 -0.42232 0.69292 -0.35543
1413393904455760384 2.36528 -1.78378 0.70989 -0.46734 -0.42055 0.69398 -0.35089
1413393904555760384 2.31931 -1.81949 0.74538 -0.47495 -0.41591 0.69641 -0.34125
1413393904655760640 2.26708 -1.85320 0.77964 -0.48066 -0.42209 0.70541 -0.30529
1413393904755760384 2.21213 -1.88348 0.80233 -0.47954 -0.42310 0.72131 -0.26596
1413393904855760640 2.15602 -1.91872 0.81692 -0.48220 -0.41443 0.73499 -0.23561
1413393904955760384 2.09870 -1.96498 0.82640 -0.49876 -0.39494 0.73988 -0.21872
1413393905055760384 2.04241 -2.02329 0.82920 0.52559 0.36680 -0.73788 0.21152
1413393905155760640 1.99147 -2.08558 0.81802 0.54560 0.33758 -0.73970 0.20300
1413393905255760384 1.94607 -2.15141 0.79309 0.55670 0.30578 -0.74682 0.19708
1413393905355760640 1.90594 -2.21818 0.76440 0.56266 0.27355 -0.75643 0.19079
1413393905455760384 1.86947 -2.28743 0.73970 0.56680 0.24467 -0.76574 0.18033
1413393905555760384 1.83891 -2.35304 0.71960 0.56745 0.21455 -0.77656 0.17008
1413393905655760640 1.81176 -2.41238 0.70193 0.56383 0.17996 -0.78927 0.16360
1413393905755760384 1.78473 -2.46708 0.68794 0.56454 0.14415 -0.79719 0.15811
1413393905855760640 1.75586 -2.51278 0.67701 0.55887 0.10895 -0.80733 0.15500
1413393905955760384 1.72257 -2.54554 0.66904 0.54405 0.07988 -0.82223 0.14685
1413393906055760384 1.67867 -2.56547 0.66806 0.53657 0.06225 -0.83220 0.12512
1413393906155760640 1.62490 -2.57470 0.67358 0.54436 0.05876 -0.83217 0.08784
1413393906255760384 1.56637 -2.57857 0.67494 0.56444 0.05712 -0.82182 0.05242
1413393906355760640 1.50201 -2.58303 0.66546 0.58192 0.05227 -0.81113 0.02668
1413393906455760384 1.43939 -2.58862 0.64329 0.59121 0.04278 -0.80529 0.01220
1413393906555760384 1.38312 -2.59648 0.60711 0.59652 0.02770 -0.80210 0.00564
1413393906655760640 1.33201 -2.60539 0.55886 0.59942 0.00500 -0.80037 0.00944
1413393906755760384 1.28540 -2.61223 0.50865 0.59961 -0.02087 -0.79962 0.02530
1413393906855760640 1.24144 -2.61549 0.46156 0.60396 -0.03754 -0.79538 0.03442
1413393906955760384 1.20242 -2.61164 0.41662 0.61019 -0.04274 -0.79041 0.03312
1413393907055760384 1.17083 -2.60034 0.37467 0.61155 -0.03718 -0.79005 0.02121
1413393907155760640 1.14404 -2.58391 0.33250 0.60754 -0.02556 -0.79387 0.00268
1413393907255760384 1.12628 -2.56421 0.29280 0.60309 -0.00993 -0.79732 -0.02161
1413393907355760640 1.11342 -2.54949 0.25689 0.59829 0.01122 -0.79941 -0.05356
1413393907455760384 1.10612 -2.54581 0.22655 0.59233 0.01279 -0.80345 -0.05881
1413393907555760384 1.10328 -2.55515 0.21302 0.59146 -0.00326 -0.80546 -0.03734
1413393907655760640 1.09819 -2.57055 0.21121 0.59251 -0.01625 -0.80518 -0.01864
1413393907755760384 1.09579 -2.58660 0.20210 0.58859 -0.02326 -0.80805 -0.00888
1413393907855760640 1.09630 -2.60171 0.17531 0.59163 -0.02692 -0.80574 -0.00480
1413393907955760384 1.10206 -2.61537 0.12874 0.59795 -0.02699 -0.80106 -0.00576
1413393908055760384 1.11007 -2.62748 0.07453 0.60155 -0.02306 -0.79838 -0.01402
1413393908155760640 1.12712 -2.63995 0.02564 0.59543 -0.02117 -0.80288 -0.01983
1413393908255760384 1.14731 -2.65464 -0.01000 0.59115 -0.02039 -0.80596 -0.02354
1413393908355760640 1.17788 -2.67087 -0.03377 0.60169 -0.02087 -0.79809 -0.02400
1413393908455760384 1.20882 -2.68878 -0.05448 0.60378 -0.02306 -0.79649 -0.02282
1413393908555760384 1.23909 -2.70861 -0.07680 0.59760 -0.02550 -0.80106 -0.02275
1413393908655760640 1.27231 -2.72972 -0.09716 0.58987 -0.03272 -0.80667 -0.01629
1413393908755760384 1.30713 -2.74825 -0.11478 0.58816 -0.05623 -0.80667 0.01389
1413393908855760640 1.34222 -2.75624 -0.11397 0.59928 -0.07029 -0.79686 0.03046
1413393908955760384 1.38099 -2.75008 -0.10030 0.60661 -0.05787 -0.79283 0.00947
1413393909055760384 1.42532 -2.73724 -0.07880 0.60033 -0.04229 -0.79845 -0.01719
1413393909155760640 1.47495 -2.72461 -0.05454 0.59373 -0.03395 -0.80318 -0.03508
1413393909255760384 1.52696 -2.71488 -0.03186 0.59279 -0.03254 -0.80351 -0.04379
1413393909355760640 1.58216 -2.70928 -0.01764 0.59353 -0.03240 -0.80256 -0.05063
1413393909455760384 1.63607 -2.70651 -0.01407 0.59228 -0.03466 -0.80320 -0.05367
1413393909555760384 1.69693 -2.71043 -0.02143 0.58899 -0.03777 -0.80543 -0.05426
1413393909655760640 1.75599 -2.71707 -0.04286 0.57501 -0.04152 -0.81521 -0.05539
1413393909755760384 1.81889 -2.72812 -0.07217 0.55564 -0.04647 -0.82811 -0.05776
1413393909855760640 1.87430 -2.74212 -0.10798 0.54092 -0.05205 -0.83733 -0.05988
1413393909955760384 1.91789 -2.75921 -0.15148 0.52898 -0.05749 -0.84437 -0.06257
1413393910055760384 1.95150 -2.78021 -0.19913 0.51944 -0.06212 -0.84977 -0.06496
1413393910155760640 1.96649 -2.80435 -0.23515 0.51181 -0.06985 -0.85391 -0.06331
1413393910255760384 1.95857 -2.83007 -0.25370 0.50630 -0.07475 -0.85679 -0.06315
1413393910355760640 1.92087 -2.85357 -0.25460 -0.49725 0.08178 0.86171 0.05927
1413393910455760384 1.86077 -2.87417 -0.24242 -0.48701 0.09542 0.86703 0.04445
1413393910555760384 1.77785 -2.88515 -0.22843 -0.48171 0.10221 0.86978 0.03163
1413393910655760640 1.68164 -2.89068 -0.22343 -0.48993 0.09955 0.86567 0.02609
1413393910755760384 1.57321 -2.89015 -0.22725 0.50612 -0.09624 -0.85687 -0.01904
1413393910855760640 1.44292 -2.87818 -0.24593 0.52073 -0.08554 -0.84926 -0.01705
1413393910955760384 1.30459 -2.86405 -0.26953 0.54041 -0.07090 -0.83822 -0.01778
1413393911055760384 1.16159 -2.84588 -0.29882 0.56021 -0.05567 -0.82632 -0.01599
1413393911155760640 1.01690 -2.82584 -0.33293 0.57205 -0.04348 -0.81900 -0.01051
1413393911255760384 0.87255 -2.80366 -0.36686 0.57858 -0.03307 -0.81491 -0.00863
1413393911355760640 0.73003 -2.77956 -0.39903 0.58919 -0.02585 -0.80753 -0.00947
1413393911455760384 0.59294 -2.75609 -0.42479 0.60595 -0.01993 -0.79510 -0.01576
1413393911555760384 0.46758 -2.73483 -0.44714 0.61452 -0.01667 -0.78838 -0.02326
1413393911655760640 0.35429 -2.71752 -0.45280 0.62253 -0.01697 -0.78191 -0.02802
1413393911805760256 0.21898 -2.70199 -0.43949 0.61051 -0.02163 -0.79097 -0.03422
1413393911905760512 0.14486 -2.69832 -0.41365 0.58842 -0.03177 -0.80743 -0.02838
1413393912005760512 0.07320 -2.69759 -0.37592 0.55787 -0.05198 -0.82826 -0.00801
1413393912205760512 -0.10169 -2.68332 -0.26240 0.50708 -0.07625 -0.85848 0.00839
1413393912305760256 -0.21582 -2.66232 -0.19913 -0.49826 0.08111 0.86320 -0.00699
1413393912405760512 -0.34319 -2.63147 -0.13160 0.50719 -0.08341 -0.85778 0.00361
1413393912555760384 -0.56190 -2.56847 -0.02814 0.54643 -0.08133 -0.83354 -0.00369
1413393912655760640 -0.71378 -2.51902 0.02739 0.56443 -0.07659 -0.82188 -0.00802
1413393912755760384 -0.86745 -2.46560 0.06855 0.57976 -0.06949 -0.81169 -0.01447
1413393912855760640 -1.01948 -2.40843 0.09768 0.59023 -0.06588 -0.80416 -0.02461
1413393913105760512 -1.37508 -2.25545 0.11915 0.59612 -0.10637 -0.79474 -0.04155
1413393913205760512 -1.50522 -2.18819 0.11357 0.60360 -0.13736 -0.78399 -0.04652
1413393913305760256 -1.62457 -2.11651 0.10144 0.60507 -0.17186 -0.77550 -0.05431
1413393913405760512 -1.73118 -2.03561 0.08076 0.59986 -0.20709 -0.76997 -0.06652
1413393913505760512 -1.82613 -1.94661 0.06539 0.59926 -0.24387 -0.75807 -0.08208
1413393913605760512 -1.90471 -1.84657 0.06074 0.60220 -0.27529 -0.74142 -0.10896
1413393913755760384 -1.99189 -1.68010 0.06766 0.60508 -0.31586 -0.71362 -0.15764
1413393913905760512 -2.03715 -1.50822 0.09019 0.59860 -0.35740 -0.68901 -0.19803
1413393914055760384 -2.03675 -1.34241 0.11716 0.58447 -0.38856 -0.66720 -0.24951
1413393914155760640 -2.01634 -1.24009 0.13663 0.56323 -0.40583 -0.65854 -0.29052
1413393914305760256 -1.95559 -1.10985 0.16948 0.51173 -0.44422 -0.65666 -0.33106
1413393914405760512 -1.89799 -1.04207 0.19474 -0.48655 0.47166 0.64698 0.34960
1413393914505760512 -1.84508 -0.97643 0.22056 -0.46885 0.50209 0.63212 0.35849
1413393914705760512 -1.75040 -0.83828 0.27950 -0.45233 0.55323 0.59081 0.37454
1413393914805760256 -1.70260 -0.76634 0.30387 -0.44377 0.57970 0.56980 0.37728
1413393914905760512 -1.65021 -0.69013 0.32728 -0.42801 0.60073 0.55575 0.38350
1413393915005760512 -1.58815 -0.62047 0.35303 -0.40348 0.61147 0.55546 0.39342
1413393915105760512 -1.52358 -0.55032 0.38119 -0.38483 0.61760 0.55719 0.40001
1413393915205760512 -1.45754 -0.47501 0.40943 -0.37326 0.62123 0.55882 0.40308
1413393915355760640 -1.36260 -0.35015 0.44127 -0.37065 0.61536 0.56194 0.41009
1413393915455760384 -1.30498 -0.26390 0.45248 -0.37456 0.59425 0.57163 0.42404
1413393915555760384 -1.25338 -0.17465 0.46424 -0.38015 0.57357 0.58100 0.43468
1413393915655760640 -1.21121 -0.08178 0.47594 -0.39178 0.56394 0.58418 0.43267
1413393915805760256 -1.16433 0.05182 0.49260 -0.39876 0.55224 0.59121 0.43185
1413393915905760512 -1.14463 0.13930 0.50197 -0.39796 0.54705 0.59738 0.43071
1413393916005760512 -1.13484 0.22323 0.51259 -0.39869 0.54082 0.60059 0.43342
1413393916105760512 -1.13318 0.30402 0.52700 -0.39882 0.53438 0.60276 0.43825
1413393916305760256 -1.16492 0.44988 0.55555 -0.40664 0.54160 0.58828 0.44185
1413393916405760512 -1.19196 0.51869 0.57174 -0.40538 0.56185 0.57267 0.43824
1413393916505760512 -1.22126 0.58130 0.59130 -0.39633 0.58447 0.55427 0.44057
1413393916705760512 -1.28326 0.69219 0.63608 -0.35365 0.63905 0.51015 0.45419
1413393916805760256 -1.31767 0.74234 0.65550 -0.33046 0.66576 0.48128 0.46468
1413393916905760512 -1.35102 0.79368 0.67624 -0.31166 0.68710 0.44632 0.48121
1413393917055760384 -1.39666 0.86962 0.71034 -0.29880 0.71825 0.37959 0.50075
1413393917155760640 -1.42333 0.91658 0.73544 -0.28706 0.73551 0.33574 0.51371
1413393917355760640 -1.46609 0.98929 0.78552 -0.24530 0.77285 0.26094 0.52388
1413393917455760384 -1.48008 1.01860 0.80368 -0.21990 0.79124 0.22281 0.52530
1413393917555760384 -1.48790 1.04267 0.81306 -0.19127 0.80762 0.18307 0.52693
1413393917655760640 -1.48707 1.06241 0.81318 -0.15370 0.82077 0.14639 0.53036
1413393917755760384 -1.47813 1.07441 0.80638 -0.11315 0.82579 0.10982 0.54149
1413393917905760512 -1.45120 1.08013 0.79456 -0.06454 0.82006 0.04738 0.56664
1413393918005760512 -1.43112 1.08174 0.78944 -0.04106 0.81900 0.00164 0.57233
1413393918105760512 -1.41111 1.07289 0.78629 -0.01964 0.81757 -0.04339 0.57386
1413393918205760512 -1.39082 1.05712 0.78211 -0.00025 0.81709 -0.08800 0.56976
1413393918405760512 -1.34237 1.00890 0.78104 0.04571 0.80990 -0.16938 0.55972
1413393918505760512 -1.31599 0.96897 0.78386 0.07218 0.80309 -0.20975 0.55303
1413393918605760512 -1.28648 0.91532 0.79020 0.10011 0.79170 -0.25179 0.54753
1413393918755760384 -1.24792 0.81068 0.80218 0.14693 0.76102 -0.31766 0.54622
1413393918855760640 -1.22919 0.72933 0.81122 0.17383 0.73059 -0.36903 0.54758
1413393918955760384 -1.22009 0.64007 0.82265 0.21662 0.69440 -0.41230 0.54854
1413393919105760512 -1.23500 0.50135 0.83758 0.28936 0.64263 -0.46773 0.53341
1413393919205760512 -1.25241 0.40974 0.84523 0.32911 0.60622 -0.50419 0.51960
1413393919455760384 -1.36171 0.23048 0.85597 -0.40494 -0.50147 0.57624 -0.50249
1413393919555760384 -1.43423 0.19631 0.84617 -0.41424 -0.47288 0.60430 -0.48950
1413393919655760640 -1.49875 0.14613 0.83202 -0.42434 -0.45213 0.62570 -0.47330
1413393919755760384 -1.58247 0.11544 0.80234 -0.44508 -0.44047 0.63127 -0.45759
1413393919855760640 -1.66522 0.09552 0.76453 -0.47626 -0.44040 0.62227 -0.43819
1413393920005760512 -1.80260 0.10955 0.69452 0.50025 0.45461 -0.61357 0.40819
1413393920105760512 -1.88869 0.13679 0.63797 -0.49997 -0.46360 0.61432 -0.39713
1413393920205760512 -1.97738 0.18839 0.57690 -0.49648 -0.47122 0.61536 -0.39089
1413393920305760256 -2.05987 0.24538 0.50934 -0.49277 -0.47680 0.61561 -0.38841
1413393920455760384 -2.17366 0.34810 0.41080 -0.47839 -0.49028 0.62288 -0.37788
1413393920655760640 -2.30805 0.50018 0.29550 -0.46118 -0.50789 0.62980 -0.36429
1413393920755760384 -2.36792 0.57769 0.24480 -0.45995 -0.51276 0.62790 -0.36232
1413393920855760640 -2.42181 0.65336 0.19485 -0.45893 -0.51646 0.62673 -0.36036
1413393920955760384 -2.47210 0.72735 0.14529 -0.45345 -0.52469 0.62881 -0.35169
1413393921055760384 -2.51846 0.79524 0.09399 -0.44132 -0.53482 0.63648 -0.33778
1413393921155760640 -2.56004 0.85433 0.04647 -0.43110 -0.54266 0.64253 -0.32684
1413393921255760384 -2.59553 0.90184 0.00386 -0.42741 -0.54810 0.64428 -0.31908
1413393921505760512 -2.66230 0.95441 -0.07765 -0.43415 -0.53891 0.64038 -0.33317
1413393921605760512 -2.68127 0.95495 -0.10458 -0.44819 -0.52913 0.63153 -0.34688
1413393921705760512 -2.69853 0.95370 -0.13732 -0.45523 -0.52332 0.62736 -0.35400
1413393921805760256 -2.70946 0.94919 -0.18084 -0.46066 -0.51902 0.62467 -0.35804
1413393921905760512 -2.71681 0.94277 -0.23079 -0.46988 -0.51251 0.61915 -0.36496
1413393922005760512 -2.72150 0.93879 -0.28446 -0.47985 -0.50561 0.61273 -0.37239
1413393922105760512 -2.72079 0.93760 -0.33962 -0.47587 -0.50736 0.61740 -0.36734
1413393922205760512 -2.71416 0.94043 -0.39629 -0.45946 -0.51622 0.63129 -0.35199
1413393922355760640 -2.69882 0.93757 -0.48148 -0.42903 -0.52955 0.65496 -0.32639
1413393922455760384 -2.68720 0.92319 -0.53307 -0.41346 -0.53052 0.66708 -0.32033
1413393922555760384 -2.67762 0.89175 -0.57888 -0.40781 -0.51792 0.67306 -0.33533
1413393922705760512 -2.67349 0.82334 -0.63734 -0.41180 -0.49578 0.67203 -0.36469
1413393922805760256 -2.68236 0.76806 -0.67502 -0.41286 -0.49315 0.67047 -0.36988
1413393922905760512 -2.70006 0.70677 -0.70946 -0.41240 -0.50213 0.67044 -0.35819
1413393923055760384 -2.73845 0.60155 -0.73586 -0.41840 -0.52331 0.66651 -0.32690
1413393923305760256 -2.80967 0.35904 -0.72016 -0.42437 -0.52681 0.66499 -0.31651
1413393923405760512 -2.83501 0.23832 -0.70740 -0.41674 -0.51152 0.66820 -0.34378
1413393923505760512 -2.86361 0.10888 -0.69217 -0.40576 -0.50403 0.66237 -0.37760
1413393923655760640 -2.92066 -0.09016 -0.66647 -0.39294 -0.52541 0.62979 -0.41583
1413393923755760384 -2.96985 -0.22339 -0.64865 -0.38647 -0.56294 0.59589 -0.42267
1413393923855760640 -3.02380 -0.35601 -0.63291 0.37177 0.60178 -0.56275 0.42773
1413393924005760512 -3.10928 -0.55247 -0.60995 0.34189 0.64980 -0.51601 0.44113
1413393924105760512 -3.16504 -0.68942 -0.59599 0.32385 0.67769 -0.48637 0.44643
1413393924205760512 -3.21773 -0.82737 -0.57924 0.32215 0.70538 -0.44702 0.44591
1413393924305760256 -3.26199 -0.96541 -0.56024 0.33112 0.72898 -0.40152 0.44466
1413393924505760512 -3.30082 -1.23145 -0.51734 0.35520 0.75855 -0.33109 0.43453
1413393924605760512 -3.28369 -1.34582 -0.48890 0.36810 0.76165 -0.30721 0.43591
1413393924705760512 -3.23754 -1.43910 -0.45373 0.38451 0.75718 -0.28667 0.44345
1413393924905760512 -3.05541 -1.55518 -0.34184 0.38085 0.74381 -0.29823 0.46126
1413393925005760512 -2.92053 -1.58056 -0.26128 0.34060 0.73978 -0.33526 0.47362
1413393925105760512 -2.76975 -1.58752 -0.16463 0.30191 0.73730 -0.36092 0.48474
1413393925205760512 -2.60583 -1.59330 -0.06147 0.25721 0.73919 -0.37821 0.49436
1413393925355760640 -2.35396 -1.59786 0.09588 0.20159 0.75076 -0.37795 0.50286
1413393925455760384 -2.18714 -1.61577 0.20375 0.19479 0.75716 -0.36083 0.50850
1413393925555760384 -2.02244 -1.64550 0.31092 0.19517 0.75991 -0.34465 0.51542
1413393925755760384 -1.69619 -1.73300 0.48344 0.19392 0.76208 -0.32695 0.52415
1413393925855760640 -1.53413 -1.78612 0.52531 0.19675 0.76049 -0.32075 0.52921
1413393925955760384 -1.37099 -1.84295 0.54026 0.20238 0.75473 -0.31443 0.53903
1413393926155760640 -1.06818 -1.95578 0.52741 0.20895 0.73176 -0.30871 0.57058
1413393926255760384 -0.93065 -2.01218 0.51034 0.20592 0.72837 -0.31174 0.57435
1413393926355760640 -0.80800 -2.06309 0.49914 0.20019 0.73256 -0.31732 0.56797
1413393926455760384 -0.69263 -2.11219 0.49645 0.19654 0.73907 -0.31597 0.56152
1413393926605760512 -0.53751 -2.18178 0.48867 0.19714 0.73878 -0.29763 0.57162
1413393926705760512 -0.44080 -2.22690 0.46530 0.19471 0.74275 -0.27958 0.57641
1413393926805760256 -0.35806 -2.26253 0.45258 0.18446 0.75029 -0.26215 0.57820
1413393926955760384 -0.24041 -2.31395 0.46086 0.15895 0.76943 -0.23684 0.57151
1413393927055760384 -0.16853 -2.34568 0.48291 0.13857 0.78497 -0.22651 0.55975
1413393927155760640 -0.10122 -2.38013 0.51828 0.11618 0.79380 -0.22348 0.55357
1413393927305760256 -0.00125 -2.44541 0.57641 0.08781 0.80358 -0.22393 0.54442
1413393927405760512 0.06841 -2.50240 0.61701 0.08615 0.81443 -0.21068 0.53375
1413393927505760512 0.14106 -2.56783 0.66268 0.10381 0.81856 -0.18288 0.53454
1413393927605760512 0.22095 -2.63619 0.71081 0.12294 0.81986 -0.15300 0.53787
1413393927755760384 0.35686 -2.72967 0.78791 0.14692 0.81383 -0.10413 0.55249
1413393927855760640 0.45391 -2.77562 0.84436 0.15969 0.80585 -0.07946 0.56462
1413393927955760384 0.55504 -2.80287 0.90298 0.16082 0.80044 -0.06953 0.57323
1413393928105760512 0.70532 -2.81134 0.97897 0.16401 0.79524 -0.06239 0.58035
1413393928205760512 0.80169 -2.79368 1.02049 0.16485 0.79365 -0.06173 0.58235
1413393928305760256 0.90170 -2.75965 1.05256 0.15003 0.79706 -0.07440 0.58021
1413393928405760512 1.00054 -2.71125 1.07784 0.12058 0.79467 -0.09718 0.58696
1413393928555760384 1.14174 -2.62410 1.09634 0.08990 0.78520 -0.12295 0.60022
1413393928705760512 1.26441 -2.53228 1.10544 0.08415 0.77063 -0.13171 0.61782
1413393928805760256 1.33032 -2.46993 1.11350 0.09348 0.76991 -0.13039 0.61766
1413393928905760512 1.38322 -2.40407 1.12529 0.11116 0.77093 -0.12532 0.61449
1413393929005760512 1.42426 -2.33287 1.13872 0.13393 0.77164 -0.12558 0.60899
1413393929105760512 1.45789 -2.25714 1.15289 0.15295 0.77154 -0.13768 0.60198
1413393929205760512 1.48403 -2.16941 1.16947 0.17136 0.77039 -0.15627 0.59390
1413393929305760256 1.50405 -2.07314 1.18719 0.18410 0.76947 -0.18573 0.58269
1413393929405760512 1.51983 -1.97045 1.20719 0.19266 0.76571 -0.22294 0.57172
1413393929505760512 1.53377 -1.86330 1.22910 0.20631 0.75956 -0.25887 0.55991
1413393929605760512 1.54504 -1.75313 1.25429 0.22429 0.75185 -0.29289 0.54648
1413393929705760512 1.55517 -1.64185 1.27970 0.24518 0.74154 -0.32451 0.53357
1413393929805760256 1.56565 -1.52903 1.30566 0.26049 0.72769 -0.35872 0.52339
1413393929905760512 1.57290 -1.41708 1.33341 0.26389 0.70787 -0.39877 0.51987
1413393930005760512 1.57941 -1.30757 1.36149 0.26521 0.68660 -0.43641 0.51748
1413393930105760512 1.58055 -1.20323 1.38387 0.26976 0.66781 -0.46756 0.51249
1413393930205760512 1.57649 -1.10497 1.39874 0.27790 0.65422 -0.48693 0.50762
1413393930305760256 1.56155 -1.01412 1.40397 0.28962 0.64908 -0.49403 0.50075
1413393930455760384 1.52997 -0.88352 1.39406 0.32212 0.65913 -0.48197 0.47905
1413393930555760384 1.50990 -0.79779 1.36497 0.33311 0.66334 -0.47574 0.47190
1413393930655760640 1.49070 -0.71487 1.31330 0.33071 0.65914 -0.47599 0.47916
1413393930755760384 1.46974 -0.63324 1.24331 0.32587 0.65257 -0.47615 0.49117
1413393930855760640 1.44608 -0.55521 1.17381 0.32247 0.64904 -0.47388 0.50019
1413393930955760384 1.41810 -0.47635 1.11456 0.32105 0.65240 -0.47040 0.50003
1413393931055760384 1.38454 -0.39609 1.07232 0.31839 0.65633 -0.46859 0.49828
1413393931155760640 1.34547 -0.31523 1.04751 0.31365 0.65935 -0.46828 0.49759
1413393931255760384 1.30398 -0.23607 1.03340 0.30700 0.66311 -0.46998 0.49513
1413393931355760640 1.26002 -0.15944 1.01560 0.29874 0.66448 -0.47368 0.49482
1413393931455760384 1.21081 -0.08780 0.98532 0.28816 0.66397 -0.47846 0.49717
1413393931555760384 1.15923 -0.02723 0.94589 0.28055 0.66283 -0.48156 0.50004
1413393931655760640 1.10111 0.02488 0.89521 0.27643 0.66330 -0.48216 0.50114
1413393931755760384 1.04049 0.06462 0.83997 0.27539 0.66425 -0.48093 0.50163
1413393931855760640 0.97235 0.09932 0.77894 0.27620 0.66585 -0.47889 0.50103
1413393932005760512 0.85447 0.13939 0.69283 0.27861 0.66865 -0.47507 0.49959
1413393932105760512 0.76932 0.15706 0.64274 0.28315 0.67344 -0.47075 0.49467
1413393932205760512 0.67899 0.16930 0.59670 0.29235 0.68024 -0.46387 0.48645
1413393932305760256 0.58751 0.17558 0.55583 0.30406 0.68721 -0.45524 0.47754
1413393932405760512 0.50043 0.17723 0.51851 0.31222 0.69161 -0.45013 0.47073
1413393932505760512 0.41748 0.17623 0.48328 0.31781 0.69399 -0.44781 0.46566
1413393932705760512 0.27275 0.16449 0.42242 0.32899 0.68884 -0.44421 0.46898
1413393932805760256 0.20922 0.16001 0.39770 0.33305 0.68479 -0.44402 0.47221
1413393932905760512 0.15129 0.15666 0.37593 0.33906 0.68333 -0.44231 0.47167
1413393933005760512 0.09903 0.15312 0.36052 0.34936 0.67453 -0.43593 0.48263
1413393933155760640 0.03563 0.15907 0.34314 0.35959 0.66129 -0.42552 0.50232
1413393933255760384 -0.00391 0.17520 0.33463 0.35348 0.65535 -0.42870 0.51165
1413393933355760640 -0.04243 0.20146 0.33056 0.33836 0.64823 -0.43859 0.52245
1413393933555760384 -0.13234 0.27621 0.32937 0.29185 0.64580 -0.47046 0.52577
1413393933655760640 -0.19579 0.30929 0.32088 0.27915 0.64962 -0.48016 0.51915
1413393933755760384 -0.26521 0.34117 0.30918 0.28821 0.65914 -0.47565 0.50619
1413393933855760640 -0.33837 0.37153 0.28998 0.30214 0.66899 -0.46735 0.49269
1413393934005760512 -0.44948 0.41344 0.25738 0.32225 0.67073 -0.45356 0.49048
1413393934105760512 -0.52181 0.44340 0.24898 0.33988 0.66483 -0.44011 0.49879
1413393934205760512 -0.59181 0.47866 0.25213 0.34750 0.66377 -0.43321 0.50099
1413393934405760512 -0.72666 0.56415 0.25379 0.32144 0.66818 -0.44707 0.50034
1413393934505760512 -0.79396 0.60937 0.23644 0.30508 0.66984 -0.45708 0.49932
1413393934605760512 -0.86325 0.65439 0.20639 0.29154 0.66922 -0.46542 0.50054
1413393934805760256 -1.01354 0.73471 0.12210 0.25658 0.66341 -0.48158 0.51199
1413393934905760512 -1.09930 0.76612 0.06775 0.23199 0.67252 -0.48061 0.51274
1413393935105760512 -1.28676 0.79372 -0.05442 0.23045 0.73230 -0.41600 0.48742
1413393935205760512 -1.37329 0.78792 -0.10799 0.22600 0.75995 -0.37305 0.48190
1413393935305760256 -1.44970 0.77439 -0.14622 0.21019 0.78026 -0.33433 0.48502
1413393935405760512 -1.51819 0.75626 -0.17140 0.19062 0.79448 -0.29763 0.49384
1413393935505760512 -1.57408 0.73107 -0.18008 0.17696 0.80523 -0.25570 0.50488
1413393935655760640 -1.63055 0.68896 -0.16858 0.16396 0.82085 -0.19367 0.51167
1413393935755760384 -1.64973 0.66045 -0.15817 0.16816 0.82779 -0.15577 0.51208
1413393935855760640 -1.65020 0.64096 -0.14393 0.17707 0.83100 -0.11784 0.51400
1413393936055760384 -1.60772 0.65027 -0.11595 0.11888 0.83136 -0.08779 0.53572
1413393936155760640 -1.57005 0.67260 -0.09998 0.06978 0.82905 -0.07594 0.54958
1413393936305760256 -1.49659 0.71278 -0.07234 -0.00473 0.82819 -0.04768 0.55840
1413393936405760512 -1.44085 0.73542 -0.05430 -0.04514 0.82804 -0.01798 0.55856
1413393936605760512 -1.31742 0.75891 -0.00769 -0.08929 0.81283 0.06509 0.57192
1413393936705760512 -1.25230 0.76057 0.01976 -0.10709 0.79625 0.10245 0.58654
1413393936805760256 -1.19130 0.75821 0.04685 -0.12459 0.78245 0.13464 0.59508
1413393937005760512 -1.09185 0.74237 0.10836 -0.15586 0.75662 0.20266 0.60180
1413393937105760512 -1.06251 0.73093 0.14752 -0.17171 0.74287 0.23922 0.60119
1413393937255760384 -1.04417 0.70903 0.20627 -0.20139 0.72351 0.28700 0.59464
1413393937355760640 -1.05430 0.68952 0.24792 -0.22106 0.71341 0.31369 0.58633
1413393937605760512 -1.10492 0.62628 0.32315 -0.24502 0.72437 0.35012 0.54099
1413393937705760512 -1.13302 0.59771 0.32181 -0.25226 0.73503 0.35257 0.52134
1413393937805760256 -1.16191 0.56969 0.31497 -0.25242 0.74619 0.35529 0.50324
1413393937905760512 -1.18455 0.54546 0.31404 -0.25132 0.75155 0.35602 0.49524
1413393938105760512 -1.21790 0.51432 0.32822 -0.23563 0.73279 0.36616 0.52290
1413393938205760512 -1.23824 0.50969 0.34262 -0.22310 0.71219 0.38062 0.54602
1413393938305760256 -1.26988 0.51053 0.35875 -0.22180 0.69445 0.39410 0.55968
1413393938405760512 -1.31603 0.51651 0.37659 -0.24343 0.68673 0.39928 0.55652
1413393938555760384 -1.40822 0.52690 0.40606 -0.29409 0.68380 0.40484 0.53106
1413393938655760640 -1.47779 0.52977 0.41903 -0.31952 0.67891 0.41672 0.51316
1413393938755760384 -1.54990 0.52571 0.42079 -0.33986 0.67318 0.43046 0.49602
1413393938855760640 -1.62208 0.51561 0.41502 -0.35582 0.65817 0.44598 0.49123
1413393939055760384 -1.76753 0.47740 0.40784 -0.37495 0.62891 0.48279 0.48042
1413393939155760640 -1.84106 0.44856 0.41829 -0.39778 0.60252 0.48902 0.48948
1413393939255760384 -1.91571 0.40923 0.42427 -0.40353 0.59426 0.50475 0.47880
1413393939355760640 -1.99095 0.35891 0.42264 -0.38786 0.60744 0.52902 0.44803
1413393939605760512 -2.16657 0.24368 0.37943 -0.33525 0.67840 0.56486 0.32910
1413393939705760512 -2.22182 0.22880 0.35131 -0.31755 0.69248 0.57080 0.30631
1413393939805760256 -2.26053 0.24668 0.32520 -0.31379 0.68410 0.57336 0.32373
1413393939905760512 -2.28983 0.30202 0.30747 -0.34909 0.65487 0.55124 0.38134
1413393940005760512 -2.31530 0.36632 0.29846 -0.39956 0.61364 0.51348 0.44736
1413393940205760512 -2.36466 0.45093 0.28226 -0.47820 0.55682 0.44558 0.51258
1413393940305760256 -2.38570 0.44882 0.27132 -0.48189 0.55898 0.44324 0.50878
1413393940405760512 -2.41173 0.40767 0.25867 -0.44743 0.58824 0.47284 0.47980
1413393940505760512 -2.42821 0.34807 0.24390 -0.39898 0.63150 0.50854 0.42826
1413393940605760512 -2.43780 0.28046 0.23774 -0.36044 0.67313 0.52964 0.36940
1413393940855760640 -2.39115 0.21586 0.26481 -0.35336 0.71069 0.51475 0.32417
1413393940955760384 -2.33224 0.23919 0.30180 -0.36902 0.68319 0.50712 0.37404
1413393941105760512 -2.23483 0.28620 0.35648 -0.41393 0.62364 0.47744 0.46020
1413393941205760512 -2.16823 0.30725 0.39156 -0.43896 0.59099 0.45950 0.49689
1413393941305760256 -2.10012 0.30585 0.41749 -0.43965 0.58477 0.46265 0.50071
1413393941405760512 -2.03174 0.28209 0.43709 -0.41753 0.60570 0.48613 0.47167
1413393941505760512 -1.96381 0.24642 0.45169 -0.38448 0.63439 0.51497 0.42957
1413393941655760640 -1.85685 0.19392 0.47502 -0.33940 0.66676 0.54836 0.37356
1413393941755760384 -1.78125 0.17695 0.49153 -0.31909 0.67922 0.55779 0.35457
1413393941855760640 -1.70309 0.18585 0.50236 -0.30951 0.68333 0.55874 0.35367
1413393941955760384 -1.62000 0.22019 0.51043 -0.32871 0.66969 0.54353 0.38476
1413393942105760512 -1.48993 0.29853 0.53121 -0.38126 0.62562 0.50176 0.45986
1413393942205760512 -1.40591 0.34476 0.54545 -0.40849 0.59594 0.47601 0.50141
1413393942305760256 -1.32709 0.37234 0.56023 -0.41992 0.57876 0.46314 0.52365
1413393942405760512 -1.25504 0.37545 0.57543 -0.41785 0.57742 0.46400 0.52602
1413393942505760512 -1.19451 0.35871 0.58781 -0.39945 0.59404 0.47894 0.50811
1413393942605760512 -1.14065 0.32590 0.59698 -0.36916 0.62259 0.50263 0.47272
1413393942755760384 -1.07053 0.27090 0.60083 -0.32556 0.66132 0.53254 0.41602
1413393942855760640 -1.02939 0.24471 0.59157 -0.30639 0.67447 0.54527 0.39230
1413393942955760384 -0.98477 0.23718 0.57371 -0.29685 0.68117 0.55208 0.37828
1413393943155760640 -0.88958 0.29325 0.54699 -0.34297 0.64467 0.52859 0.43285
1413393943255760384 -0.84398 0.33570 0.53957 -0.37876 0.61168 0.50507 0.47676
1413393943355760640 -0.80359 0.36974 0.53328 -0.40818 0.58593 0.48301 0.50674
1413393943505760512 -0.75305 0.38825 0.52906 -0.42154 0.57394 0.47181 0.51990
1413393943605760512 -0.72724 0.37854 0.51933 -0.39598 0.59601 0.49077 0.49711
1413393943705760512 -0.71008 0.35618 0.50692 -0.36026 0.62704 0.51539 0.45979
1413393943805760256 -0.69904 0.32900 0.49830 -0.32837 0.65476 0.53381 0.42250
1413393943905760512 -0.68677 0.31171 0.49682 -0.30611 0.67378 0.53834 0.40313
1413393944055760384 -0.66144 0.32946 0.51260 -0.30674 0.68055 0.51465 0.42178
1413393944155760640 -0.64165 0.36291 0.52949 -0.33150 0.67858 0.47745 0.44908
1413393944255760384 -0.62040 0.39901 0.54917 -0.35852 0.67139 0.43465 0.48144
1413393944355760640 -0.59613 0.42604 0.57038 -0.37456 0.66082 0.39725 0.51499
1413393944505760512 -0.55731 0.43978 0.59493 -0.36577 0.65842 0.37136 0.54294
1413393944605760512 -0.53607 0.42755 0.60857 -0.32989 0.67732 0.38359 0.53410
1413393944755760384 -0.51412 0.38856 0.62331 -0.27604 0.72054 0.40801 0.48801
1413393944855760640 -0.49979 0.36523 0.63668 -0.25238 0.74239 0.41782 0.45891
1413393945005760512 -0.46959 0.35795 0.66850 -0.23847 0.75798 0.41792 0.44039
1413393945105760512 -0.43942 0.37716 0.70203 -0.24874 0.74353 0.40193 0.47301
1413393945205760512 -0.40537 0.40507 0.73243 -0.26583 0.71621 0.37398 0.52586
1413393945305760256 -0.37510 0.43039 0.74900 -0.27818 0.68990 0.34175 0.57433
1413393945455760384 -0.34659 0.44985 0.73848 -0.26886 0.68797 0.30569 0.60080
1413393945555760384 -0.34384 0.44436 0.71140 -0.25107 0.71508 0.28903 0.58489
1413393945655760640 -0.34970 0.42958 0.68281 -0.22335 0.74456 0.27807 0.56429
1413393945755760384 -0.36411 0.40721 0.65522 -0.19140 0.77344 0.26809 0.54155
1413393945905760512 -0.38048 0.37834 0.62216 -0.14644 0.80993 0.24884 0.51053
1413393946055760384 -0.37763 0.36958 0.61283 -0.12972 0.79991 0.21345 0.54567
1413393946155760640 -0.36997 0.37251 0.61367 -0.12458 0.77614 0.18538 0.58968
1413393946255760384 -0.37103 0.37531 0.61263 -0.11710 0.75513 0.15588 0.62591
1413393946355760640 -0.38457 0.37596 0.60518 -0.10576 0.75661 0.12672 0.63269
1413393946605760512 -0.46720 0.36200 0.57630 -0.06234 0.81703 0.05004 0.57103
1413393946705760512 -0.50256 0.34967 0.56724 -0.02711 0.84275 0.02439 0.53707
1413393946805760256 -0.52631 0.33395 0.56702 0.00905 0.85512 -0.00170 0.51834
1413393946905760512 -0.53509 0.32311 0.57362 0.03814 0.84886 -0.02981 0.52640
1413393947005760512 -0.53188 0.31487 0.58747 0.06124 0.81971 -0.05644 0.56670
1413393947105760512 -0.52825 0.30986 0.59211 0.08299 0.78535 -0.08210 0.60795
1413393947205760512 -0.52632 0.31026 0.57956 0.10307 0.76658 -0.11037 0.62414
1413393947305760256 -0.53533 0.31750 0.54919 0.12213 0.75990 -0.14006 0.62292
1413393947455760384 -0.56711 0.34207 0.48937 0.13727 0.75553 -0.19618 0.60979
1413393947555760384 -0.60222 0.36017 0.44050 0.13250 0.75569 -0.24374 0.59327
1413393947655760640 -0.64420 0.37758 0.39358 0.12921 0.75552 -0.29077 0.57266
1413393947755760384 -0.69388 0.38400 0.35092 0.14094 0.76346 -0.32601 0.53942
1413393947855760640 -0.74588 0.37794 0.31665 0.17612 0.77011 -0.34357 0.50781
1413393947955760384 -0.79250 0.35935 0.29328 0.21598 0.76516 -0.35381 0.49264
1413393948055760384 -0.83038 0.33602 0.27633 0.26766 0.75059 -0.34790 0.49391
1413393948155760640 -0.86017 0.31587 0.26163 0.30296 0.73361 -0.34831 0.49871
1413393948305760256 -0.88402 0.29654 0.24752 0.32413 0.69951 -0.36357 0.52292
1413393948405760512 -0.89704 0.29792 0.24169 0.33332 0.67378 -0.37391 0.54323
1413393948505760512 -0.91135 0.31442 0.23649 0.33954 0.65687 -0.38645 0.55126
1413393948605760512 -0.92924 0.34439 0.22813 0.33432 0.65941 -0.40847 0.53532
1413393948755760384 -0.95561 0.40567 0.21500 0.32150 0.68304 -0.44876 0.47823
1413393948855760640 -0.97242 0.44581 0.20924 0.31301 0.69012 -0.47639 0.44589
1413393948955760384 -0.98276 0.47742 0.21214 0.31306 0.68322 -0.50030 0.43000
1413393949055760384 -0.99204 0.50118 0.22179 0.33460 0.66182 -0.51187 0.43361
1413393949255760384 -1.00292 0.53107 0.25485 0.39632 0.60670 -0.51938 0.45288
1413393949355760640 -1.00532 0.55108 0.27256 0.42443 0.57893 -0.52117 0.46162
1413393949505760512 -1.00463 0.60175 0.29732 0.44647 0.53989 -0.53339 0.47400
1413393949605760512 -1.00454 0.65400 0.30494 -0.42605 -0.53205 0.56221 -0.46832
1413393949805760256 -1.02714 0.79019 0.31709 -0.37225 -0.51834 0.61731 -0.46009
1413393949905760512 -1.06048 0.86508 0.32805 -0.34990 -0.50119 0.64206 -0.46275
1413393950005760512 -1.11895 0.93725 0.34279 -0.33671 -0.49140 0.65794 -0.46073
1413393950105760512 -1.20490 1.00269 0.36401 -0.35405 -0.50941 0.65394 -0.43304
1413393950305760256 -1.42086 1.11072 0.41237 -0.38976 -0.56329 0.63483 -0.35746
1413393950405760512 -1.53268 1.14647 0.43107 -0.39008 -0.56989 0.63589 -0.34454
1413393950555760384 -1.69588 1.17591 0.44736 -0.39623 -0.56114 0.63570 -0.35214
1413393950655760640 -1.80090 1.17286 0.44688 -0.41095 -0.54928 0.62835 -0.36687
1413393950755760384 -1.90421 1.16346 0.43696 -0.42579 -0.53954 0.62018 -0.37812
1413393950955760384 -2.10218 1.13967 0.38230 -0.44618 -0.53838 0.60950 -0.37361
1413393951055760384 -2.19088 1.12080 0.34553 -0.45361 -0.54637 0.60532 -0.35959
1413393951155760640 -2.26991 1.10156 0.31299 -0.45006 -0.54437 0.60920 -0.36053
1413393951255760384 -2.33964 1.07750 0.28477 -0.44682 -0.53822 0.61336 -0.36668
1413393951455760384 -2.46773 1.03049 0.24608 -0.44076 -0.53422 0.62345 -0.36283
1413393951555760384 -2.52380 1.00184 0.22474 -0.43619 -0.53696 0.62915 -0.35436
1413393951655760640 -2.57455 0.96833 0.19574 -0.43727 -0.53702 0.63107 -0.34952
1413393951755760384 -2.61956 0.93198 0.16078 -0.44464 -0.53500 0.62859 -0.34778
1413393951955760384 -2.69655 0.84524 0.08972 -0.45347 -0.52266 0.62992 -0.35271
1413393952055760384 -2.72778 0.79345 0.06098 -0.45679 -0.51745 0.63156 -0.35315
1413393952155760640 -2.75333 0.74086 0.04166 -0.45925 -0.51234 0.63329 -0.35433
1413393952255760384 -2.77505 0.68821 0.03543 -0.45895 -0.50656 0.63661 -0.35705
1413393952505760512 -2.80669 0.56015 0.05699 -0.45342 -0.51731 0.62614 -0.36709
1413393952605760512 -2.81236 0.50888 0.06997 -0.44858 -0.53155 0.61454 -0.37226
1413393952705760512 -2.81509 0.45747 0.08176 -0.44077 -0.54700 0.60169 -0.38011
1413393952805760256 -2.81299 0.40849 0.09298 -0.43072 -0.56067 0.59027 -0.38951
1413393953055760384 -2.80129 0.28440 0.12035 -0.39811 -0.56943 0.58519 -0.41810
1413393953155760640 -2.79868 0.23301 0.12845 -0.38875 -0.56885 0.58678 -0.42540
1413393953305760256 -2.80318 0.15677 0.10929 -0.37860 -0.56530 0.58992 -0.43484
1413393953405760512 -2.81482 0.10399 0.09541 -0.37653 -0.55937 0.59088 -0.44292
1413393953555760384 -2.85044 0.02687 0.10369 -0.39256 -0.55614 0.58188 -0.44499
1413393953655760640 -2.88281 -0.01657 0.12175 -0.41409 -0.56111 0.56940 -0.43528
1413393953755760384 -2.91630 -0.05805 0.13896 0.43078 0.56252 -0.55983 0.42964
1413393953855760640 -2.94743 -0.09099 0.14716 0.43724 0.56411 -0.55364 0.42905
1413393954055760384 -2.99773 -0.13285 0.13543 0.41960 0.58524 -0.54799 0.42561
1413393954155760640 -3.01639 -0.14566 0.12749 0.39843 0.60344 -0.54958 0.41843
1413393954255760384 -3.03189 -0.15893 0.12449 0.37360 0.62431 -0.54962 0.41059
1413393954355760640 -3.04303 -0.17992 0.12812 0.35142 0.64405 -0.54329 0.40809
1413393954455760384 -3.04905 -0.21085 0.13525 0.33361 0.66290 -0.52951 0.41096
1413393954655760640 -3.04481 -0.30358 0.15658 0.30531 0.69663 -0.49157 0.42409
1413393954805760256 -3.02693 -0.40392 0.17425 0.29060 0.71343 -0.47116 0.42962
1413393954905760512 -3.00739 -0.48555 0.18492 0.28535 0.72033 -0.46233 0.43123
1413393955005760512 -2.98011 -0.57953 0.19829 0.28811 0.72013 -0.45310 0.43944
1413393955105760512 -2.94347 -0.68266 0.21302 0.29647 0.71497 -0.43912 0.45618
1413393955255760384 -2.87669 -0.84269 0.23247 0.29406 0.70982 -0.42347 0.47996
1413393955355760640 -2.82653 -0.95071 0.24377 0.28268 0.70960 -0.41589 0.49355
1413393955455760384 -2.77520 -1.05863 0.25669 0.27371 0.71454 -0.39868 0.50554
1413393955605760512 -2.69753 -1.21715 0.27902 0.26446 0.72143 -0.34951 0.53614
1413393955705760512 -2.64974 -1.31378 0.28211 0.26463 0.73278 -0.30762 0.54624
1413393955805760256 -2.60318 -1.40232 0.27523 0.27268 0.74892 -0.26828 0.54110
1413393955905760512 -2.55700 -1.47509 0.25786 0.26915 0.76620 -0.24676 0.52877
1413393956105760512 -2.43681 -1.59091 0.22965 0.20350 0.78147 -0.25768 0.53056
1413393956205760512 -2.36379 -1.64369 0.22229 0.17743 0.78447 -0.25373 0.53736
1413393956305760256 -2.29005 -1.69079 0.22217 0.16358 0.78247 -0.23430 0.55326
1413393956405760512 -2.21376 -1.73669 0.22520 0.15154 0.77886 -0.20702 0.57233
1413393956605760512 -2.06921 -1.81064 0.22856 0.11245 0.78704 -0.14872 0.58805
1413393956705760512 -1.99794 -1.84235 0.22578 0.08615 0.79990 -0.11964 0.58174
1413393956805760256 -1.93354 -1.86740 0.22219 0.05942 0.81236 -0.09112 0.57292
1413393956905760512 -1.86951 -1.89068 0.22124 0.02961 0.81868 -0.06583 0.56970
1413393957055760384 -1.77479 -1.92528 0.22303 -0.01034 0.82231 -0.02663 0.56833
1413393957155760640 -1.71186 -1.94935 0.22729 -0.02846 0.82335 0.00852 0.56676
1413393957255760384 -1.64610 -1.97512 0.23338 -0.04944 0.82174 0.04614 0.56584
1413393957355760640 -1.57767 -2.00096 0.24073 -0.07301 0.81847 0.08397 0.56367
1413393957555760384 -1.43230 -2.05439 0.24502 -0.11766 0.80237 0.15108 0.56528
1413393957655760640 -1.36582 -2.08003 0.23384 -0.14195 0.78940 0.18153 0.56899
1413393957755760384 -1.30039 -2.10707 0.21263 -0.16635 0.77167 0.21250 0.57594
1413393957855760640 -1.24499 -2.13400 0.18051 -0.18020 0.75628 0.24966 0.57727
1413393958055760384 -1.15668 -2.19084 0.12119 -0.18213 0.74113 0.32085 0.56091
1413393958155760640 -1.12817 -2.21332 0.11218 -0.18813 0.74049 0.33783 0.54969
1413393958255760384 -1.10049 -2.22627 0.11975 -0.20000 0.74012 0.34325 0.54259
1413393958355760640 -1.07278 -2.23278 0.13688 -0.21899 0.74456 0.33729 0.53283
1413393958605760512 -1.02130 -2.22859 0.15817 -0.23037 0.76392 0.33120 0.50365
1413393958705760512 -1.00339 -2.22596 0.14820 -0.22605 0.77063 0.33227 0.49460
1413393958855760640 -0.96297 -2.20970 0.12098 -0.22701 0.76362 0.32659 0.50861
1413393958955760384 -0.93119 -2.19318 0.09137 -0.22868 0.75663 0.32144 0.52144
1413393959205760512 -0.84367 -2.14508 -0.01352 -0.25602 0.74602 0.29229 0.54081
1413393959305760256 -0.80692 -2.13350 -0.04866 -0.24840 0.74315 0.29401 0.54734
1413393959455760384 -0.75736 -2.12447 -0.09915 -0.23376 0.74836 0.30119 0.54277
1413393959555760384 -0.72581 -2.12120 -0.12663 -0.22952 0.74641 0.30287 0.54632
1413393959805760256 -0.67716 -2.13042 -0.17025 -0.24022 0.71434 0.29249 0.58862
1413393959905760512 -0.67399 -2.14573 -0.18860 -0.23093 0.73113 0.29823 0.56849
1413393960005760512 -0.67962 -2.16454 -0.20338 -0.22024 0.74734 0.30499 0.54768
1413393960105760512 -0.68821 -2.18184 -0.21300 -0.21223 0.75921 0.30977 0.53161
1413393960255760384 -0.70355 -2.20480 -0.22141 -0.20087 0.77763 0.31653 0.50473
1413393960455760384 -0.70813 -2.20605 -0.22103 -0.20621 0.77194 0.31998 0.50911
1413393960555760384 -0.70457 -2.19416 -0.22593 -0.21924 0.75762 0.32821 0.51983
1413393960655760640 -0.70264 -2.17586 -0.25324 -0.23592 0.74338 0.34506 0.52217
1413393960755760384 -0.70300 -2.15477 -0.30304 -0.25275 0.73075 0.36804 0.51640
1413393961055760384 -0.70448 -2.07923 -0.48568 -0.28197 0.72530 0.42337 0.46389
1413393961155760640 -0.69370 -2.03827 -0.52215 -0.28986 0.71494 0.42709 0.47163
1413393961255760384 -0.68284 -1.99612 -0.54101 -0.31339 0.69729 0.41404 0.49411
1413393961355760640 -0.66754 -1.95118 -0.53958 -0.35062 0.67303 0.38686 0.52386
1413393961555760384 -0.64337 -1.91729 -0.50707 -0.35131 0.65873 0.38486 0.54272
1413393961655760640 -0.63721 -1.93267 -0.45905 -0.32404 0.67534 0.40463 0.52458
1413393961755760384 -0.63623 -1.95222 -0.39593 -0.31024 0.68152 0.41393 0.51764
1413393961855760640 -0.64233 -1.97867 -0.31926 -0.30313 0.68758 0.41825 0.51031
1413393962105760512 -0.67360 -2.04430 -0.08925 -0.28942 0.70372 0.42826 0.48745
1413393962205760512 -0.68937 -2.06826 0.03328 -0.28625 0.70962 0.43110 0.47818
1413393962305760256 -0.70494 -2.08752 0.16319 -0.28343 0.71355 0.43382 0.47150
1413393962405760512 -0.71809 -2.09386 0.28202 -0.27503 0.72120 0.43931 0.45961
1413393962705760512 -0.72863 -2.05286 0.51409 -0.22319 0.75385 0.42750 0.44625
1413393962805760256 -0.71605 -2.00338 0.56598 -0.20428 0.75241 0.40688 0.47603
1413393962905760512 -0.70421 -1.95059 0.60960 -0.18137 0.74882 0.38090 0.51116
1413393963005760512 -0.69553 -1.89496 0.65514 -0.15824 0.74910 0.34859 0.54064
1413393963255760384 -0.70968 -1.68938 0.71240 -0.11950 0.76148 0.24485 0.58814
1413393963355760640 -0.73389 -1.60010 0.73920 -0.10957 0.76875 0.20111 0.59713
1413393963505760512 -0.78368 -1.45338 0.73475 -0.08363 0.78073 0.14488 0.60205
1413393963605760512 -0.82393 -1.34560 0.72542 -0.06697 0.78556 0.11164 0.60494
1413393963855760640 -0.95012 -1.07478 0.64651 -0.01673 0.78952 0.04750 0.61166
1413393963955760384 -1.01627 -0.96579 0.60193 0.00649 0.79432 0.02529 0.60694
1413393964055760384 -1.08894 -0.85532 0.54755 0.02791 0.79888 0.00227 0.60083
1413393964155760640 -1.17158 -0.74421 0.48990 0.04338 0.80005 -0.02553 0.59781
1413393964355760640 -1.32463 -0.50644 0.36303 0.05763 0.79949 -0.09029 0.59105
1413393964455760384 -1.40738 -0.38549 0.30763 0.06537 0.79829 -0.12009 0.58655
1413393964605760512 -1.52951 -0.21187 0.23323 0.07570 0.79332 -0.16129 0.58214
1413393964705760512 -1.61430 -0.10426 0.19056 0.08260 0.78680 -0.18729 0.58228
1413393964905760512 -1.78939 0.08105 0.11633 0.09238 0.78419 -0.23989 0.56477
1413393965005760512 -1.87872 0.15782 0.08293 0.08815 0.78918 -0.27126 0.54391
1413393965105760512 -1.96837 0.21630 0.05366 0.07693 0.79087 -0.30739 0.52356
1413393965205760512 -2.05741 0.26103 0.02735 0.07231 0.79038 -0.33948 0.50481
1413393965305760256 -2.14999 0.27408 0.00927 0.08470 0.79722 -0.35563 0.48041
1413393965555760384 -2.33362 0.16937 0.01013 0.19677 0.82401 -0.29662 0.44081
1413393965655760640 -2.37519 0.10823 0.01902 0.23598 0.82454 -0.26591 0.44016
1413393965755760384 -2.37849 0.03860 0.03543 0.24355 0.81421 -0.26050 0.45812
1413393965855760640 -2.35624 -0.02998 0.05296 0.23894 0.79358 -0.26400 0.49340
1413393966105760512 -2.24307 -0.17396 0.07170 0.25533 0.77794 -0.25061 0.51653
1413393966205760512 -2.17691 -0.21723 0.08473 0.24769 0.77705 -0.25675 0.51857
1413393966305760256 -2.09858 -0.24970 0.11256 0.24933 0.77862 -0.25523 0.51619
1413393966405760512 -2.00941 -0.27006 0.15658 0.26586 0.77615 -0.24086 0.51855
1413393966605760512 -1.80511 -0.26603 0.25821 0.26654 0.74868 -0.23371 0.56020
1413393966705760512 -1.70017 -0.24137 0.29381 0.26172 0.73740 -0.23526 0.57654
1413393966805760256 -1.60001 -0.20239 0.31561 0.25869 0.73059 -0.23692 0.58582
1413393966905760512 -1.50465 -0.14849 0.32576 0.24832 0.73362 -0.24647 0.58258
1413393967205760512 -1.25014 0.06082 0.30675 0.20108 0.74316 -0.30967 0.55802
1413393967305760256 -1.17691 0.13107 0.29115 0.20705 0.73717 -0.32166 0.55700
1413393967405760512 -1.11438 0.20010 0.26926 0.22321 0.72722 -0.33416 0.55647
1413393967505760512 -1.06475 0.26716 0.23951 0.23719 0.71294 -0.35412 0.55683
1413393967755760384 -0.96098 0.43272 0.17317 0.27550 0.68422 -0.41332 0.53395
1413393967855760640 -0.93694 0.49960 0.15959 0.29084 0.67510 -0.43564 0.51948
1413393967955760384 -0.91642 0.56758 0.15612 0.29269 0.67701 -0.46065 0.49376
1413393968055760384 -0.89751 0.62788 0.17116 0.29326 0.68129 -0.47824 0.47025
1413393968205760512 -0.87273 0.69922 0.22463 0.29815 0.67622 -0.49059 0.46168
1413393968355760640 -0.84442 0.75269 0.27909 0.29788 0.67733 -0.49587 0.45454
1413393968505760512 -0.81251 0.79027 0.31811 0.31937 0.68881 -0.47911 0.44046
1413393968605760512 -0.78468 0.80430 0.33245 0.33089 0.69019 -0.46971 0.43992
1413393968705760512 -0.75241 0.81240 0.33475 0.33378 0.68979 -0.47135 0.43658
1413393968905760512 -0.66986 0.81111 0.31330 0.35048 0.66597 -0.48356 0.44700
1413393969055760384 -0.60059 0.80234 0.26923 0.36320 0.62748 -0.50810 0.46495
1413393969155760640 -0.55767 0.80006 0.23148 0.37950 0.60525 -0.52319 0.46467
1413393969255760384 -0.51801 0.80150 0.19763 0.39821 0.58801 -0.53874 0.45326
1413393969505760512 -0.42176 0.82323 0.12510 -0.40837 -0.53456 0.59868 -0.43482
1413393969605760512 -0.39186 0.83988 0.10098 -0.40528 -0.51099 0.62314 -0.43166
1413393969705760512 -0.37445 0.85761 0.08418 -0.40546 -0.49363 0.64417 -0.42069
1413393969805760256 -0.37021 0.87815 0.08221 -0.40409 -0.48143 0.66053 -0.41067
1413393970105760512 -0.43469 0.94070 0.17646 -0.44082 -0.49246 0.65796 -0.36090
1413393970205760512 -0.46826 0.96583 0.21628 -0.45026 -0.50582 0.65288 -0.33935
1413393970355760640 -0.51707 0.98887 0.25765 -0.45261 -0.51284 0.65073 -0.32967
1413393970455760384 -0.54580 0.99503 0.27828 -0.45371 -0.51535 0.64848 -0.32869
1413393970655760640 -0.59083 0.98498 0.32360 -0.47498 -0.51111 0.63018 -0.34062
1413393970755760384 -0.60556 0.97529 0.33568 -0.49182 -0.51561 0.61710 -0.33384
1413393970905760512 -0.60877 0.96141 0.32975 0.51170 0.53231 -0.60142 0.30513
1413393971005760512 -0.58711 0.94621 0.31997 0.51593 0.53355 -0.59797 0.30259
1413393971255760384 -0.44907 0.91530 0.32529 0.52327 0.49706 -0.58566 0.36895
1413393971355760640 -0.36867 0.91658 0.34760 0.53719 0.48368 -0.56953 0.39131
1413393971455760384 -0.27924 0.93233 0.35797 0.53841 0.47800 -0.56531 0.40256
1413393971705760512 -0.02943 1.04521 0.33055 -0.44934 -0.46633 0.63139 -0.42659
1413393971805760256 0.05897 1.10707 0.32757 -0.41573 -0.44467 0.65493 -0.44777
1413393971905760512 0.12587 1.18133 0.33220 -0.40130 -0.43499 0.66758 -0.45176
1413393972105760512 0.19165 1.35440 0.36310 -0.41739 -0.45351 0.66967 -0.41431
1413393972255760384 0.20615 1.48930 0.35950 -0.40375 -0.46566 0.68371 -0.39075
1413393972355760640 0.19972 1.57361 0.34455 -0.42531 -0.48115 0.67184 -0.36910
1413393972555760384 0.17303 1.72978 0.32049 -0.45185 -0.51075 0.65252 -0.33043
1413393972655760640 0.16349 1.79574 0.30837 -0.44928 -0.51862 0.65428 -0.31797
1413393972755760384 0.15823 1.85214 0.29618 -0.45080 -0.51971 0.65424 -0.31409
1413393972855760640 0.15704 1.89766 0.28361 -0.45646 -0.51697 0.65222 -0.31464
1413393973055760384 0.17685 1.96013 0.25952 -0.47288 -0.51386 0.64480 -0.31076
1413393973155760640 0.19748 1.97789 0.24751 -0.48437 -0.50831 0.63702 -0.31814
1413393973255760384 0.22816 1.99179 0.23598 -0.49893 -0.50065 0.62516 -0.33105
1413393973355760640 0.27078 2.00639 0.22567 0.51484 0.49079 -0.61085 0.34774
1413393973555760384 0.39001 2.05730 0.20442 0.53869 0.47613 -0.58534 0.37483
1413393973655760640 0.46502 2.09986 0.19041 0.53437 0.47050 -0.58553 0.38760
1413393973855760640 0.64028 2.23935 0.16057 -0.45340 -0.45561 0.63897 -0.42258
1413393973955760384 0.71825 2.32931 0.14954 -0.39853 -0.44654 0.67203 -0.43606
1413393974055760384 0.77403 2.42588 0.14300 -0.34696 -0.45989 0.70362 -0.41599
1413393974155760640 0.79415 2.51881 0.14290 -0.30343 -0.48387 0.72909 -0.37712
1413393974405760512 0.71056 2.62367 0.19811 -0.31246 -0.57009 0.71580 -0.25496
1413393974505760512 0.64474 2.58535 0.23838 -0.34002 -0.59452 0.69218 -0.22763
1413393974605760512 0.58236 2.49845 0.28722 -0.37853 -0.60827 0.66140 -0.22200
1413393974705760512 0.54051 2.37788 0.33753 -0.42253 -0.60678 0.62880 -0.24059
1413393974905760512 0.51573 2.08236 0.41963 -0.47654 -0.57315 0.59136 -0.30773
1413393975005760512 0.52477 1.92242 0.44055 -0.48361 -0.54920 0.58838 -0.34396
1413393975105760512 0.54667 1.76804 0.44284 -0.48228 -0.52923 0.59133 -0.37101
1413393975305760256 0.61567 1.48771 0.42758 -0.46548 -0.51225 0.60634 -0.39152
1413393975405760512 0.65414 1.35822 0.42679 -0.47234 -0.51217 0.60177 -0.39044
1413393975505760512 0.69798 1.23991 0.42808 -0.48456 -0.51382 0.59192 -0.38835
1413393975655760640 0.77725 1.08800 0.42884 -0.49400 -0.51299 0.58371 -0.38999
1413393975755760384 0.83766 1.00006 0.42686 -0.48353 -0.50575 0.59222 -0.39961
1413393975855760640 0.90259 0.92672 0.42776 -0.47286 -0.49515 0.60264 -0.40995
1413393975955760384 0.96550 0.86604 0.43053 -0.46495 -0.48605 0.61225 -0.41561
1413393976155760640 1.08655 0.77245 0.42432 -0.45940 -0.49111 0.62716 -0.39299
1413393976255760384 1.14405 0.73452 0.40445 -0.45475 -0.48811 0.63401 -0.39114
1413393976355760640 1.19893 0.70410 0.38269 -0.45238 -0.47917 0.63725 -0.39959
1413393976505760512 1.27029 0.67646 0.36632 -0.44578 -0.47598 0.63534 -0.41360
1413393976605760512 1.30816 0.66581 0.36239 -0.43559 -0.48706 0.63280 -0.41544
1413393976705760512 1.33666 0.66159 0.35540 -0.42516 -0.49532 0.63031 -0.42024
1413393976855760640 1.36390 0.66291 0.32789 -0.40754 -0.50665 0.63099 -0.42316
1413393977055760384 1.36591 0.67180 0.29392 -0.39684 -0.54022 0.63237 -0.38831
1413393977155760640 1.35837 0.66570 0.28609 -0.40757 -0.54988 0.62440 -0.37635
1413393977255760384 1.35226 0.65044 0.29517 -0.42096 -0.55152 0.61540 -0.37403
1413393977455760384 1.34700 0.60623 0.34985 -0.43787 -0.54781 0.60575 -0.37583
1413393977555760384 1.35042 0.58368 0.38098 -0.44244 -0.54794 0.60486 -0.37169
1413393977655760640 1.35829 0.56093 0.40736 -0.44413 -0.54703 0.60614 -0.36892
1413393977905760512 1.39523 0.48925 0.43926 -0.44804 -0.54118 0.61073 -0.36523
1413393978005760512 1.41908 0.46177 0.44979 -0.44791 -0.53769 0.61419 -0.36475
1413393978105760512 1.44797 0.42830 0.46471 -0.44547 -0.53212 0.62028 -0.36560
1413393978205760512 1.47849 0.39498 0.47901 -0.44293 -0.52494 0.62591 -0.36944
1413393978405760512 1.54131 0.32295 0.51242 -0.44867 -0.49790 0.64008 -0.37562
1413393978505760512 1.56739 0.29119 0.53129 -0.45667 -0.47723 0.64965 -0.37638
1413393978605760512 1.58832 0.26277 0.55101 -0.46694 -0.45600 0.66145 -0.36948
1413393978755760384 1.61266 0.23226 0.57959 -0.47706 -0.42507 0.68654 -0.34698
1413393978855760640 1.62358 0.21680 0.60109 -0.48214 -0.40298 0.70375 -0.33149
1413393979055760384 1.62793 0.19922 0.64584 -0.49715 -0.35100 0.73215 -0.30594
1413393979155760640 1.61856 0.20102 0.66753 0.50522 0.32270 -0.74523 0.29197
1413393979255760384 1.60296 0.21132 0.68204 0.51559 0.29582 -0.75634 0.27315
1413393979355760640 1.58309 0.22846 0.68306 0.52488 0.26574 -0.76663 0.25722
1413393979455760384 1.56055 0.25381 0.67235 0.53194 0.23384 -0.77646 0.24389
1413393979655760640 1.49907 0.32431 0.62840 0.54343 0.17176 -0.79349 0.21344
1413393979755760384 1.45878 0.37519 0.60696 0.55155 0.14679 -0.79903 0.18921
1413393979855760640 1.41414 0.43692 0.59190 0.55819 0.12725 -0.80444 0.15845
1413393980005760512 1.34073 0.54305 0.57661 0.55990 0.09584 -0.81471 0.11649
1413393980105760512 1.28880 0.62020 0.56781 0.55419 0.07824 -0.82433 0.08505
1413393980205760512 1.23223 0.69728 0.56041 0.54553 0.06664 -0.83392 0.05035
1413393980405760512 1.09767 0.83319 0.54943 0.53454 0.05306 -0.84342 0.00932
1413393980505760512 1.01492 0.88727 0.54405 0.54281 0.04944 -0.83839 0.00257
1413393980605760512 0.92441 0.92986 0.53918 0.56103 0.04789 -0.82641 0.00021
1413393980705760512 0.83196 0.96593 0.53567 0.57357 0.04821 -0.81773 -0.00079
1413393980905760512 0.64629 1.01157 0.52822 0.55648 0.04265 -0.82973 0.00769
1413393981005760512 0.55160 1.02618 0.52873 0.54567 0.03374 -0.83707 0.02048
1413393981105760512 0.44639 1.03743 0.53621 0.54409 0.02453 -0.83797 0.03417
1413393981255760384 0.27748 1.05749 0.57097 0.55425 0.01592 -0.83083 0.04772
1413393981355760640 0.15721 1.07665 0.61008 0.55262 0.01553 -0.83165 0.05220
1413393981455760384 0.03530 1.10018 0.64902 0.54909 0.02172 -0.83407 0.04859
1413393981555760384 -0.09181 1.12769 0.67954 0.54924 0.03358 -0.83415 0.03756
1413393981755760384 -0.35894 1.17801 0.70228 0.55011 0.05032 -0.83322 0.02416
1413393981855760640 -0.50069 1.19524 0.69565 0.55467 0.05957 -0.82971 0.01954
1413393981955760384 -0.64336 1.20418 0.68082 0.56114 0.07480 -0.82409 0.02006
1413393982155760640 -0.92107 1.19272 0.65742 0.57121 0.11660 -0.81126 0.04436
1413393982255760384 -1.05681 1.17137 0.64633 0.57211 0.14400 -0.80464 0.06718
1413393982355760640 -1.19143 1.14254 0.63715 0.56823 0.17695 -0.79817 0.09340
1413393982555760384 -1.45258 1.06511 0.62780 0.54750 0.25857 -0.78165 0.14969
1413393982655760640 -1.57320 1.01503 0.62412 0.53694 0.30555 -0.76556 0.17958
1413393982755760384 -1.68819 0.95641 0.62046 0.52629 0.35624 -0.74353 0.20801
1413393982855760640 -1.79264 0.89090 0.61937 0.51655 0.40722 -0.71546 0.23551
1413393983005760512 -1.93458 0.78330 0.61479 -0.49527 -0.47939 0.66982 -0.27611
1413393983105760512 -2.01223 0.70626 0.61195 -0.47886 -0.52369 0.63696 -0.30121
1413393983205760512 -2.07635 0.62346 0.60968 -0.46291 -0.56616 0.60122 -0.32204
1413393983405760512 -2.14949 0.44988 0.60382 0.43219 0.63822 -0.52280 0.36410
1413393983505760512 -2.15767 0.36235 0.60699 0.41678 0.66522 -0.48176 0.38948
1413393983605760512 -2.14570 0.27634 0.61125 0.40023 0.68825 -0.44023 0.41511
1413393983705760512 -2.11463 0.19461 0.61817 0.38076 0.70781 -0.40084 0.43973
1413393983805760256 -2.06422 0.12532 0.62704 0.35613 0.72509 -0.36644 0.46167
1413393983955760384 -1.95825 0.04227 0.64347 0.31996 0.74604 -0.31741 0.49020
1413393984055760384 -1.87168 0.00102 0.65727 0.29958 0.75832 -0.28275 0.50523
1413393984205760512 -1.71752 -0.03476 0.68298 0.26985 0.77404 -0.22704 0.52584
1413393984305760256 -1.60263 -0.03660 0.70269 0.24652 0.78206 -0.19314 0.53880
1413393984405760512 -1.48055 -0.01965 0.72488 0.22231 0.78692 -0.16486 0.55151
1413393984555760384 -1.28930 0.03921 0.76197 0.19494 0.78978 -0.12736 0.56747
1413393984655760640 -1.16001 0.09913 0.78270 0.17040 0.79350 -0.11503 0.57279
1413393984755760384 -1.03127 0.17042 0.79405 0.13667 0.79589 -0.11917 0.57765
1413393984855760640 -0.90301 0.24713 0.79489 0.10821 0.79810 -0.13039 0.57821
1413393985055760384 -0.65659 0.39088 0.76172 0.07981 0.80056 -0.18283 0.56508
1413393985155760640 -0.53630 0.45027 0.73532 0.09971 0.79373 -0.20454 0.56410
1413393985255760384 -0.42106 0.50373 0.70264 0.13162 0.78320 -0.22417 0.56482
1413393985455760384 -0.20055 0.60756 0.63815 0.19974 0.76204 -0.26915 0.55403
1413393985555760384 -0.09675 0.66588 0.61099 0.22461 0.75026 -0.29825 0.54563
1413393985655760640 0.00366 0.72708 0.58335 0.23591 0.74143 -0.33504 0.53139
1413393985805760256 0.15421 0.81380 0.54271 0.24300 0.72986 -0.39204 0.50454
1413393985905760512 0.25230 0.86576 0.52258 0.24760 0.71848 -0.42752 0.48960
1413393986005760512 0.34879 0.90617 0.50992 0.25586 0.70303 -0.45951 0.47869
1413393986105760512 0.44510 0.93294 0.50100 0.26642 0.68439 -0.48851 0.47115
1413393986355760640 0.65958 0.94889 0.49488 0.28800 0.62181 -0.56119 0.46420
1413393986455760384 0.73139 0.93691 0.49069 0.30109 0.59565 -0.58738 0.45774
1413393986555760384 0.78632 0.91780 0.49447 -0.33162 -0.57621 0.60102 -0.44361
1413393986755760384 0.86299 0.84938 0.51716 -0.41855 -0.54738 0.60339 -0.40138
1413393986855760640 0.89787 0.81422 0.52821 -0.45520 -0.52924 0.60425 -0.38416
1413393986955760384 0.93520 0.78283 0.53775 -0.47555 -0.51485 0.60966 -0.37027
1413393987155760640 1.01725 0.72750 0.54449 -0.47370 -0.50089 0.63440 -0.34964
1413393987255760384 1.06505 0.70301 0.53337 -0.47036 -0.49811 0.64225 -0.34374
1413393987355760640 1.11536 0.67841 0.52739 -0.46742 -0.49690 0.64697 -0.34063
1413393987455760384 1.17067 0.64804 0.52982 -0.46498 -0.49724 0.64876 -0.34008
1413393987655760640 1.28689 0.58245 0.54297 -0.47264 -0.49257 0.64833 -0.33712
1413393987755760384 1.35019 0.54600 0.55286 -0.47748 -0.48404 0.65276 -0.33409
1413393987855760640 1.41674 0.51168 0.55779 -0.47755 -0.47479 0.65981 -0.33343
1413393988055760384 1.55114 0.43930 0.53946 -0.47652 -0.46242 0.66983 -0.33230
1413393988155760640 1.62571 0.40169 0.51157 -0.48228 -0.45928 0.66908 -0.32985
1413393988305760256 1.73489 0.34912 0.45201 -0.49458 -0.45828 0.66361 -0.32402
1413393988405760512 1.80864 0.31545 0.40924 0.50277 0.46038 -0.65869 0.31843
1413393988505760512 1.88789 0.28363 0.36770 0.51125 0.46929 -0.65334 0.30256
1413393988705760512 2.08089 0.21266 0.30104 0.51429 0.47287 -0.65320 0.29193
1413393988805760256 2.19511 0.17939 0.27056 -0.49753 -0.45839 0.66988 -0.30593
1413393989055760384 2.47000 0.08348 0.24799 -0.43514 -0.40080 0.73697 -0.32694
1413393989155760640 2.55018 0.04304 0.26949 -0.41592 -0.38121 0.75867 -0.32574
1413393989255760384 2.59833 0.00164 0.31389 -0.41018 -0.37251 0.77101 -0.31390
1413393989355760640 2.61746 -0.04666 0.37527 -0.45418 -0.38163 0.75157 -0.28850
1413393989455760384 2.63056 -0.10385 0.43796 0.50683 0.38415 -0.72175 0.27319
1413393989605760512 2.64620 -0.18708 0.50945 0.54892 0.38117 -0.69438 0.26689
1413393989705760512 2.66439 -0.24293 0.53704 0.55199 0.37965 -0.69438 0.26269
1413393989805760256 2.69031 -0.29852 0.55141 0.54728 0.37230 -0.70317 0.25967
1413393990005760512 2.76624 -0.39413 0.55005 0.53995 0.32375 -0.72774 0.27210
1413393990105760512 2.80584 -0.42972 0.53664 0.54657 0.29377 -0.73804 0.26506
1413393990205760512 2.83926 -0.45504 0.50974 0.55540 0.26243 -0.74908 0.24809
1413393990355760640 2.88979 -0.47697 0.45867 0.55784 0.21146 -0.77280 0.21649
1413393990455760384 2.92192 -0.48018 0.42576 0.55604 0.17358 -0.78852 0.19728
1413393990605760512 2.96215 -0.45930 0.38447 0.53894 0.12000 -0.81601 0.17107
1413393990705760512 2.98111 -0.43382 0.36129 0.50830 0.10239 -0.84355 0.13992
1413393990805760256 2.98294 -0.40128 0.34712 -0.48161 -0.10645 0.86479 -0.09412
1413393991005760512 2.91478 -0.35822 0.34396 -0.49107 -0.12860 0.86111 -0.02843
1413393991105760512 2.84859 -0.35533 0.35481 0.54147 0.13490 -0.82956 0.02085
1413393991255760384 2.73382 -0.38849 0.38026 0.62787 0.12731 -0.76665 0.04278
1413393991455760384 2.64884 -0.45335 0.40316 0.66437 0.10740 -0.73410 0.09039
1413393991555760384 2.63841 -0.47697 0.40735 0.62711 0.09708 -0.76424 0.11513
1413393991755760384 2.65002 -0.50074 0.42004 0.54187 0.08109 -0.82380 0.14543
1413393991855760640 2.64798 -0.49776 0.43648 0.53379 0.08291 -0.83015 0.13800
1413393991955760384 2.63222 -0.48323 0.46754 0.56882 0.10047 -0.80895 0.10935
1413393992055760384 2.61064 -0.46101 0.49980 0.61102 0.11349 -0.77823 0.09018
1413393992155760640 2.59897 -0.43875 0.52497 0.62817 0.11958 -0.76459 0.08066
1413393992255760384 2.60229 -0.41889 0.54104 0.60125 0.12398 -0.78604 0.07258
1413393992405760512 2.62138 -0.39337 0.56378 0.54661 0.10923 -0.82544 0.08908
1413393992505760512 2.62945 -0.37698 0.57555 0.52980 0.09174 -0.83584 0.11074
1413393992605760512 2.62540 -0.35684 0.58400 0.54380 0.08544 -0.82641 0.11841
1413393992805760256 2.59957 -0.30533 0.59662 0.62557 0.10673 -0.76758 0.08994
1413393992905760512 2.59999 -0.27648 0.59961 0.63783 0.11674 -0.75736 0.07715
1413393993005760512 2.61745 -0.24652 0.59773 0.61618 0.12252 -0.77507 0.06767
1413393993205760512 2.67837 -0.19909 0.59607 0.54900 0.12034 -0.82444 0.06646
1413393993305760256 2.70430 -0.18480 0.59589 0.50381 0.11618 -0.85327 0.06787
1413393993405760512 2.71342 -0.17873 0.60321 -0.47786 -0.11813 0.86826 -0.06181
1413393993605760512 2.66101 -0.19604 0.64452 0.52646 0.12557 -0.83910 0.05470
1413393993705760512 2.61295 -0.21893 0.67532 0.58293 0.12418 -0.80073 0.06006
1413393993805760256 2.56509 -0.25049 0.69539 0.63096 0.12192 -0.76343 0.06481
1413393994005760512 2.52047 -0.30786 0.67315 0.68340 0.11482 -0.71717 0.07385
1413393994105760512 2.53427 -0.33540 0.65512 0.68925 0.10432 -0.71139 0.08937
1413393994205760512 2.59028 -0.35253 0.65301 0.68016 0.09271 -0.71906 0.10841
1413393994405760512 2.76997 -0.35399 0.69454 0.60406 0.08712 -0.78309 0.11958
1413393994505760512 2.87332 -0.34221 0.70329 0.54152 0.09220 -0.82835 0.10996
1413393994605760512 2.97337 -0.32731 0.69010 -0.48149 -0.09549 0.86569 -0.09810
1413393994755760384 3.08055 -0.30471 0.64374 -0.42214 -0.09598 0.89794 -0.07931
1413393994855760640 3.10659 -0.29437 0.62220 -0.43913 -0.10482 0.89022 -0.06075
1413393995005760512 3.10154 -0.30177 0.60487 0.51091 0.10601 -0.85134 0.05426
1413393995105760512 3.10909 -0.30627 0.58258 0.54722 0.09414 -0.82887 0.06831
1413393995255760384 3.07285 -0.32652 0.53882 0.56846 0.07926 -0.81171 0.10811
1413393995355760640 3.04384 -0.33611 0.50312 0.56747 0.08514 -0.80776 0.13513
1413393995455760384 3.00988 -0.33743 0.47392 0.56418 0.10447 -0.80368 0.15775
1413393995705760512 2.91258 -0.30547 0.41745 0.56594 0.19640 -0.77674 0.19446
1413393995805760256 2.87125 -0.28286 0.40157 0.56988 0.24144 -0.75688 0.20995
1413393995905760512 2.83584 -0.25376 0.38769 0.56864 0.28135 -0.73657 0.23443
1413393996055760384 2.79354 -0.19512 0.36698 0.56180 0.33073 -0.70864 0.26987
1413393996255760384 2.75149 -0.08983 0.33263 0.53651 0.36278 -0.69806 0.30537
1413393996355760640 2.73235 -0.02472 0.31080 0.51826 0.37764 -0.70398 0.30531
1413393996455760384 2.71522 0.04312 0.28382 0.50634 0.39044 -0.70866 0.29830
1413393996555760384 2.69401 0.11379 0.24450 -0.49571 -0.39854 0.71473 -0.29085
1413393996705760512 2.66382 0.21618 0.17706 -0.48378 -0.40827 0.72053 -0.28303
1413393996905760512 2.62372 0.33041 0.10873 -0.48218 -0.42738 0.70903 -0.28656
1413393997005760512 2.60255 0.37926 0.08366 -0.47987 -0.44063 0.70093 -0.29031
1413393997105760512 2.58289 0.41973 0.06326 -0.47616 -0.45131 0.69501 -0.29419
1413393997205760512 2.56390 0.45421 0.04823 -0.47616 -0.45679 0.68864 -0.30066
1413393997355760640 2.53836 0.49327 0.02779 -0.48156 -0.46095 0.67755 -0.31073
1413393997455760384 2.52270 0.51547 0.00006 -0.48306 -0.46249 0.67338 -0.31514
1413393997605760512 2.50366 0.55136 -0.06391 -0.48538 -0.46302 0.66897 -0.32016
1413393997705760512 2.49605 0.57139 -0.10221 -0.48699 -0.46240 0.66732 -0.32205
1413393997805760256 2.49222 0.58746 -0.13221 -0.48571 -0.46316 0.66865 -0.32011
1413393997955760384 2.49371 0.61007 -0.16574 -0.48398 -0.46369 0.67155 -0.31586
1413393998055760384 2.49755 0.62479 -0.18432 -0.48353 -0.46377 0.67321 -0.31289
1413393998155760640 2.50698 0.63379 -0.20033 -0.48436 -0.46212 0.67509 -0.30999
1413393998355760640 2.53561 0.64167 -0.22343 -0.48854 -0.45472 0.67802 -0.30798
1413393998455760384 2.55283 0.64271 -0.22989 -0.48202 -0.45217 0.68503 -0.30646
